
920 5002
94 485
506 326
416 248
992 421
649 322
237 795
457 43
815 845
446 955
422 252
791 9
359 901
667 122
598 94
7 738
544 574
334 715
766 882
994 367
893 984
633 299
131 433
428 682
700 72
617 874
874 138
720 856
419 145
794 995
196 529
997 199
116 277
908 97
539 719
707 242
569 107
537 122
931 70
726 98
487 600
772 645
513 267
81 972
943 895
58 213
303 748
764 487
536 923
724 29
789 674
479 540
142 554
339 467
641 46
196 710
494 553
66 191
824 724
208 730
711 988
800 90
314 340
289 549
401 196
466 865
689 678
833 570
225 936
244 722
849 651
113 123
379 431
361 508
65 585
486 853
686 642
286 992
889 725
24 286
491 812
891 859
90 663
181 88
214 179
17 187
472 619
418 261
419 846
356 192
682 261
306 514
201 886
385 530
952 849
500 294
194 799
737 391
324 330
992 298
224 790
260 275
97 826
210 72
649 866
919 951
63 748
958 685
804 956
518 564
428 183
537 400
346 721
153 207
971 323
662 611
197 116
91 109
529 795
126 343
747 862
469 685
770 10
934 881
723 984
895 403
568 360
172 449
958 541
383 272
308 877
970 359
583 707
48 308
930 770
569 30
3 208
20 311
609 100
887 939
825 422
930 785
904 370
241 989
379 969
376 143
962 972
889 28
443 61
216 638
338 348
160 347
406 66
159 391
31 638
204 295
420 826
153 196
425 449
331 855
565 143
838 487
9 140
918 564
533 615
232 135
957 564
591 360
576 793
746 163
377 859
858 760
86 711
434 662
558 159
279 660
840 268
735 948
574 315
126 676
912 341
739 689
821 894
625 706
917 490
201 478
993 671
149 932
52 899
759 237
267 187
256 472
783 772
117 98
516 906
180 911
25 635
380 225
712 823
266 164
216 343
448 732
541 502
664 740
954 576
726 612
772 902
531 454
943 411
750 973
327 703
917 850
5 77
113 220
913 802
791 403
998 181
859 10
345 525
431 919
675 668
833 527
438 462
523 291
916 605
420 457
115 405
660 417
261 279
772 685
388 596
764 307
843 224
206 322
407 840
639 975
852 401
542 91
60 327
757 330
82 182
637 603
93 793
614 615
136 733
187 864
102 16
972 863
163 987
501 306
477 34
492 840
121 700
80 706
138 787
660 105
229 834
827 798
448 310
230 609
832 690
489 561
586 579
291 60
665 388
660 309
702 407
153 200
606 313
123 970
253 33
709 273
832 277
108 997
888 40
481 227
283 860
858 940
284 608
711 990
850 590
239 806
943 52
195 801
95 764
410 710
664 386
900 593
112 50
963 494
754 156
458 936
19 965
225 86
569 723
97 184
194 868
754 340
602 412
61 487
695 209
347 346
719 860
100 307
97 95
843 821
745 941
286 821
492 587
116 201
531 665
424 527
253 812
426 424
413 459
980 343
291 836
833 506
486 179
9 916
575 430
922 596
145 808
897 269
404 512
742 811
728 685
269 567
103 776
745 855
35 718
779 853
71 97
80 146
842 746
128 15
941 965
227 512
30 480
342 958
605 665
531 191
364 964
359 515
867 606
820 822
313 536
207 693
911 19
308 335
430 101
685 922
641 294
113 910
141 410
690 250
700 546
559 729
481 609
503 720
766 976
7 759
882 798
859 74
182 648
425 299
542 785
683 846
853 390
938 897
89 416
624 837
181 247
878 293
933 144
580 938
252 467
207 480
658 955
20 665
954 26
347 564
759 449
446 26
14 521
657 301
710 321
980 613
188 388
636 879
203 990
432 188
129 963
630 820
509 300
237 822
373 255
838 277
395 153
692 400
103 227
218 518
384 447
931 315
396 813
389 324
640 502
287 299
297 780
977 376
512 516
219 212
555 329
398 810
289 486
798 485
598 416
49 952
572 894
697 358
770 21
725 647
542 44
214 683
887 361
45 814
94 231
282 8
82 165
319 496
626 699
146 852
541 459
874 535
725 314
777 944
554 306
208 459
787 637
976 447
912 408
444 107
3 962
301 565
164 407
437 857
652 317
764 98
41 818
737 600
176 288
136 902
128 567
394 190
235 749
42 908
824 276
684 748
979 592
568 393
367 363
52 163
642 983
335 179
126 16
130 478
583 259
129 868
752 295
167 596
856 71
640 622
770 864
431 644
195 5
448 365
701 429
952 64
880 854
168 770
79 88
961 157
472 368
217 421
709 719
147 271
296 975
909 816
764 962
251 535
878 438
753 696
570 881
253 318
666 45
931 52
433 496
810 313
678 138
123 334
212 988
66 508
206 770
750 751
64 780
466 441
337 207
510 516
796 674
175 408
437 920
938 573
848 634
561 878
718 990
948 826
649 696
569 800
663 411
582 422
843 707
202 334
702 986
579 494
725 150
803 562
340 380
156 832
832 979
602 376
234 511
688 414
184 160
978 982
413 238
633 490
585 899
606 251
963 526
350 897
242 39
539 657
739 452
267 538
165 831
177 460
720 185
802 934
644 440
82 490
798 168
197 71
173 977
81 458
235 204
112 803
103 139
268 399
879 420
643 991
106 578
122 972
444 177
262 398
691 348
997 496
446 276
171 825
549 614
281 121
211 730
112 341
408 284
730 698
363 17
89 546
605 672
938 974
168 866
705 377
47 559
400 340
215 527
114 779
51 761
881 483
549 92
679 390
328 583
250 661
203 391
481 336
752 661
707 125
82 89
63 275
660 359
21 178
287 780
219 42
500 5
820 380
95 772
44 816
748 9
678 484
276 545
478 589
663 157
594 901
757 777
947 74
448 247
570 55
313 479
981 785
795 958
552 680
389 393
280 944
864 596
636 619
512 611
892 852
184 283
947 299
614 766
625 312
149 826
377 726
474 733
18 805
662 679
416 403
1 964
530 337
752 541
22 478
981 369
777 946
957 821
275 833
584 837
582 490
121 37
951 594
668 129
118 258
319 246
896 362
521 755
948 504
248 71
474 177
351 176
54 803
155 237
660 677
871 33
486 115
294 597
425 769
245 536
382 956
371 341
708 184
544 234
794 569
387 216
738 537
520 84
281 810
502 657
91 33
503 159
924 520
16 668
33 287
344 229
349 374
606 474
896 672
595 915
441 511
102 123
52 569
654 199
710 396
434 715
245 59
36 610
661 917
413 927
13 270
370 117
400 516
195 215
984 216
476 237
164 615
405 499
674 477
196 760
608 285
907 56
532 966
51 622
716 221
327 194
880 91
710 347
267 252
400 473
376 516
609 385
320 357
196 958
538 665
935 792
404 64
100 420
126 671
855 968
94 877
731 177
253 523
8 139
393 152
543 732
348 246
318 565
489 740
22 902
998 17
49 973
381 298
10 611
429 32
221 11
150 337
717 136
530 889
332 522
942 805
565 28
216 931
61 757
170 609
872 544
644 905
208 595
680 246
697 113
639 175
679 156
961 244
361 883
802 265
359 883
839 462
718 485
280 272
252 204
280 984
102 409
615 398
296 909
481 370
956 882
230 214
259 766
922 35
706 421
272 271
156 370
552 848
485 50
536 976
70 270
902 796
452 963
35 379
947 991
378 551
57 897
352 307
669 421
702 74
141 388
458 559
463 980
756 615
887 681
332 231
528 207
656 818
254 331
787 979
495 445
370 348
10 724
200 401
327 646
17 668
374 242
755 302
980 861
376 830
8 77
32 441
460 589
804 990
23 189
869 868
943 996
715 363
628 237
73 420
199 565
38 214
209 333
327 726
912 175
799 58
372 625
976 66
120 169
667 475
188 204
28 90
704 496
649 1
746 474
697 449
712 252
289 332
625 287
953 189
462 889
302 63
79 378
41 206
823 897
908 230
665 382
36 575
732 60
809 529
66 477
291 290
591 89
583 961
252 461
479 702
530 532
224 680
788 53
309 642
366 1000
352 891
402 822
545 152
113 324
967 633
454 267
723 381
14 272
20 506
308 419
644 461
713 526
482 978
336 468
289 729
496 795
326 581
530 383
167 226
522 421
830 386
91 273
116 484
747 676
395 107
958 229
756 902
262 962
703 105
511 84
481 991
449 701
888 689
599 655
306 600
492 538
803 499
445 881
316 981
889 473
785 383
765 679
491 573
589 589
124 480
741 145
898 624
725 923
682 915
131 232
398 974
906 735
753 678
312 640
790 644
301 212
945 123
447 253
197 943
27 18
573 916
589 327
934 640
209 615
529 470
899 655
15 288
592 401
92 840
575 633
814 707
354 424
127 682
374 194
566 855
594 190
973 728
645 178
603 275
712 88
32 367
298 544
561 738
906 963
626 460
143 266
504 727
836 33
361 442
431 628
554 384
24 244
416 482
735 765
243 446
454 247
932 913
494 560
648 528
357 594
596 935
788 462
536 621
759 660
200 564
566 302
741 936
217 592
219 724
832 118
819 299
487 251
473 129
241 96
64 167
516 169
857 381
218 976
490 767
504 837
707 407
342 203
475 387
175 735
786 706
171 335
232 40
888 821
866 131
976 159
253 978
619 53
642 849
460 478
218 19
218 230
667 453
949 336
89 931
488 588
568 449
526 566
720 436
777 44
196 153
534 293
255 597
271 427
306 192
42 36
753 192
891 736
461 391
773 354
705 148
855 240
115 515
465 468
518 574
942 615
421 510
157 184
240 834
188 391
778 330
952 94
343 640
923 440
729 950
834 460
444 649
145 31
312 838
851 873
851 205
116 654
398 379
68 206
258 949
811 718
157 506
954 130
750 750
247 942
993 270
95 940
797 3
691 781
601 820
768 952
42 772
670 309
561 954
683 753
382 162
280 584
709 60
163 794
164 103
183 408
169 90
102 934
50 159
347 191
694 457
886 321
668 102
319 187
565 539
729 403
564 721
749 6
651 286
770 964
542 8
219 590
650 399
870 807
969 837
96 708
224 836
205 246
738 113
202 661
218 553
222 829
608 806
556 918
250 276
75 515
718 774
14 184
362 136
185 352
453 528
593 527
960 325
801 973
292 858
386 712
333 252
342 549
486 378
426 219
420 990
846 457
248 190
925 747
775 487
398 21
246 678
532 430
914 686
889 988
422 64
124 429
486 74
759 638
28 818
96 939
280 390
8 523
802 484
335 939
541 579
317 576
17 273
39 783
403 704
514 809
775 329
213 179
35 709
464 476
227 223
297 669
133 57
438 428
592 677
875 271
179 693
952 573
672 353
584 589
316 483
585 113
276 120
174 654
21 125
112 590
654 449
966 196
329 619
120 245
29 212
749 827
490 60
660 15
745 297
98 591
801 115
241 355
545 391
19 655
950 712
507 271
778 482
889 496
133 875
988 18
649 292
238 254
923 972
587 302
555 205
826 740
669 900
525 698
745 163
425 314
453 83
582 31
601 43
19 994
776 761
84 826
983 303
498 237
566 76
233 346
726 941
430 669
479 1
516 850
901 176
812 355
736 558
730 777
818 310
740 183
556 252
161 44
314 643
458 246
48 375
588 596
98 533
224 615
114 32
862 414
531 780
973 109
149 50
477 69
646 879
464 749
919 610
638 495
961 572
531 568
799 822
468 859
864 624
116 859
272 41
707 104
858 232
142 423
498 387
383 230
66 726
242 511
969 778
790 320
107 110
224 588
698 896
757 408
364 89
809 665
191 656
818 384
887 137
415 138
790 911
937 292
236 589
836 283
811 296
263 88
487 163
606 782
638 827
761 607
249 679
258 751
56 445
642 788
243 887
389 34
771 663
726 733
949 644
898 39
119 413
72 711
424 828
580 624
735 347
662 639
215 572
665 951
588 962
733 423
313 394
31 625
278 251
633 846
595 771
488 222
460 965
808 777
368 76
32 665
743 181
613 902
658 315
856 2
349 542
523 871
563 808
64 147
607 56
684 619
22 617
395 703
139 30
961 488
956 930
785 991
235 254
623 806
273 664
531 101
811 669
30 295
836 912
16 414
393 172
475 954
684 347
339 261
997 253
914 349
924 584
160 185
984 343
468 58
559 616
602 264
707 459
22 170
100 928
645 34
551 492
614 663
467 556
198 444
232 287
16 401
775 361
763 844
889 124
591 470
920 980
310 406
834 573
763 504
778 362
308 674
546 944
381 887
79 489
430 439
857 849
934 108
986 509
411 798
188 287
507 25
248 673
938 479
929 281
982 227
530 756
29 918
232 918
205 587
863 633
188 159
196 114
120 179
572 130
630 36
274 69
263 864
205 20
205 908
917 107
47 406
478 504
746 545
190 47
603 894
17 532
563 569
764 20
475 735
116 768
792 33
200 846
29 76
38 98
18 715
679 687
573 873
76 125
471 989
482 722
193 199
667 279
683 458
596 641
686 427
773 731
960 566
644 31
394 473
116 70
528 80
945 465
757 406
729 792
304 715
93 219
752 215
775 909
81 446
218 150
394 485
910 979
839 196
108 165
780 413
393 164
127 311
314 571
930 761
312 171
141 649
122 691
311 484
91 215
210 704
53 186
621 973
520 771
192 600
951 330
252 196
705 983
642 392
124 701
235 876
183 78
436 14
137 926
315 809
722 879
886 337
278 927
865 119
450 681
780 701
470 95
677 815
784 779
439 517
773 467
946 303
764 410
153 249
642 652
157 42
658 418
962 331
163 260
336 95
61 83
850 945
410 662
965 849
153 37
616 659
412 328
53 206
921 206
617 206
439 851
749 996
980 361
60 446
119 146
890 529
567 28
821 532
13 760
30 780
774 682
26 540
580 142
536 693
563 25
883 442
16 214
818 916
115 605
637 885
402 339
192 75
122 483
992 933
621 508
930 833
658 827
937 365
412 631
905 342
289 980
935 932
161 385
9 494
736 513
25 161
338 516
729 209
116 725
211 123
510 741
307 123
507 354
589 998
36 368
154 592
568 187
497 443
913 372
490 725
838 235
134 95
878 557
433 328
948 455
10 76
353 147
407 535
971 619
448 957
136 883
974 613
961 885
687 766
270 993
702 362
719 549
407 777
547 647
739 253
442 629
343 591
937 729
755 420
602 227
353 703
721 999
383 28
758 45
441 755
187 1
793 733
72 397
184 322
774 521
825 646
661 8
427 714
420 255
948 874
651 565
585 714
804 195
812 819
466 307
454 693
985 305
806 257
911 101
579 5
183 481
585 109
885 881
563 122
931 37
71 648
997 511
150 496
241 78
295 502
83 915
127 374
847 601
462 501
76 605
394 886
372 212
388 709
689 977
385 659
709 148
617 443
129 333
114 993
55 252
130 229
588 904
843 620
312 419
223 803
512 690
440 394
126 574
228 848
519 542
589 268
113 341
346 899
99 629
339 801
230 728
218 638
852 631
43 119
29 659
149 212
225 529
6 498
201 316
317 767
219 796
402 145
587 778
628 655
709 94
907 734
690 295
521 474
271 295
173 383
785 209
450 491
897 95
419 978
774 931
762 666
751 878
191 389
510 247
496 176
720 834
123 86
833 332
412 996
980 28
928 99
24 884
59 242
722 985
974 803
809 408
489 52
643 427
870 952
528 560
303 685
488 729
606 923
490 998
228 633
84 454
973 9
563 330
891 519
252 193
286 850
405 544
77 303
439 117
742 479
524 530
585 739
41 900
175 430
622 308
851 175
429 47
796 155
404 415
696 816
134 461
912 186
605 123
958 846
82 883
120 780
6 783
113 835
13 238
984 982
893 64
714 537
654 199
91 20
993 857
543 128
774 820
20 316
670 381
676 713
41 337
279 946
105 60
334 933
140 450
340 349
99 999
938 310
699 146
924 689
189 63
343 413
371 726
683 269
72 206
282 531
827 84
512 162
544 149
409 901
920 923
405 704
992 670
603 846
738 609
911 365
808 638
179 463
736 345
678 468
96 242
256 114
751 757
863 831
225 971
9 711
951 606
327 824
763 219
523 56
4 577
637 656
693 128
162 25
36 630
925 525
532 757
920 413
186 891
690 184
288 851
453 706
704 25
779 316
381 782
523 610
353 488
961 585
985 449
947 51
251 379
907 793
993 524
180 822
605 662
365 450
766 199
904 797
361 777
300 684
523 545
584 320
359 335
30 953
965 881
407 796
15 706
425 778
482 193
603 686
49 776
482 170
152 262
848 411
864 668
895 2
93 579
104 909
775 965
358 675
710 528
214 287
684 959
966 19
925 627
313 31
907 464
666 519
800 90
550 219
587 786
738 126
586 829
59 843
996 970
495 155
953 807
167 877
738 686
840 897
640 913
92 573
406 348
383 416
424 945
558 209
545 298
59 77
136 262
433 959
797 396
680 961
7 995
693 383
400 106
210 530
684 599
128 904
162 566
97 343
897 948
238 947
567 631
515 653
243 546
415 197
497 371
604 798
834 831
40 918
213 9
941 720
580 776
617 842
529 634
38 84
841 686
130 206
547 228
307 583
134 82
289 110
664 654
298 649
313 331
638 477
589 169
181 471
213 6
775 94
20 611
549 321
984 849
2 462
792 80
873 262
613 611
664 268
752 190
189 920
678 692
40 310
66 882
534 498
933 504
596 308
207 515
483 999
598 408
77 291
622 698
784 292
4 534
633 964
155 619
95 486
35 861
588 257
184 673
778 353
37 985
603 393
531 596
33 636
386 746
548 737
567 838
1 422
98 648
471 879
758 148
7 139
807 935
490 237
683 189
534 147
721 253
75 635
538 595
738 495
241 569
36 142
21 418
206 366
142 244
655 573
627 702
939 450
576 678
332 366
834 763
420 621
894 646
268 351
