1142 997
585 485
194 94
426 326
606 506
348 248
516 416
521 421
1092 992
422 322
749 649
895 795
337 237
143 43
557 457
945 845
915 815
1055 955
546 446
352 252
522 422
109 9
891 791
1001 901
459 359
222 122
767 667
194 94
698 598
838 738
107 7
674 574
644 544
815 715
434 334
982 882
866 766
467 367
1094 994
1084 984
993 893
399 299
733 633
533 433
231 131
782 682
528 428
172 72
800 700
974 874
717 617
238 138
974 874
956 856
820 720
245 145
519 419
1095 995
894 794
629 529
296 196
299 199
1097 997
377 277
216 116
197 97
1008 908
819 719
639 539
342 242
807 707
207 107
669 569
222 122
637 537
170 70
1031 931
198 98
826 726
700 600
587 487
745 645
872 772
367 267
613 513
1072 972
181 81
995 895
1043 943
313 213
158 58
848 748
403 303
587 487
864 764
1023 923
636 536
129 29
824 724
774 674
889 789
640 540
579 479
654 554
242 142
567 467
439 339
146 46
741 641
810 710
296 196
653 553
594 494
291 191
166 66
824 724
924 824
830 730
308 208
1088 988
811 711
190 90
900 800
440 340
414 314
649 549
389 289
296 196
501 401
965 865
566 466
778 678
789 689
670 570
933 833
1036 936
325 225
822 722
344 244
751 651
949 849
223 123
213 113
531 431
479 379
608 508
461 361
685 585
165 65
953 853
586 486
742 642
786 686
1092 992
386 286
825 725
989 889
386 286
124 24
912 812
591 491
959 859
991 891
763 663
190 90
188 88
281 181
279 179
314 214
287 187
117 17
719 619
572 472
361 261
518 418
946 846
519 419
292 192
456 356
361 261
782 682
614 514
406 306
986 886
301 201
630 530
485 385
949 849
1052 952
394 294
600 500
899 799
294 194
491 391
837 737
430 330
424 324
398 298
1092 992
890 790
324 224
1051 316
348 596
960 329
206 581
924 15
349 62
758 828
664 549
694 262
337 19
933 66
540 431
529 805
125 922
937 183
1020 409
734 130
876 673
195 732
682 882
702 373
409 683
1077 713
337 551
167 108
706 526
373 965
350 382
239 894
820 60
827 562
555 84
1003 819
480 919
595 474
314 727
915 31
441 396
1026 250
184 807
495 552
996 674
423 647
511 808
175 919
456 714
618 211
494 135
1013 860
536 717
964 666
678 633
435 333
607 43
182 345
871 91
1071 508
180 92
151 516
457 685
1072 922
251 896
897 879
1023 867
579 575
893 881
827 925
310 508
422 688
185 138
684 302
472 493
896 426
1013 671
268 963
343 303
946 383
337 358
350 114
814 941
225 962
497 640
384 299
541 73
867 815
967 277
267 517
331 899
582 647
968 372
1027 482
150 33
451 61
953 925
182 570
147 985
952 284
1063 12
908 663
413 308
785 21
650 10
673 184
449 877
1044 102
681 211
138 630
241 414
188 63
606 763
1066 252
1014 533
1019 472
698 977
946 831
504 699
232 333
716 867
791 37
412 18
827 320
599 371
538 717
152 119
275 741
505 359
394 435
709 175
935 702
707 222
483 860
793 957
244 930
194 917
356 905
991 661
264 44
581 772
500 444
590 436
851 473
320 927
121 416
251 318
225 359
553 934
247 876
549 123
823 22
993 974
350 412
139 575
845 828
247 113
439 929
324 533
666 942
921 847
866 136
527 275
708 706
513 390
547 796
1063 11
637 566
361 521
380 936
655 635
152 915
245 333
215 498
810 387
954 41
439 954
333 171
333 369
176 264
968 187
263 44
176 414
621 464
986 526
174 291
331 686
1090 153
900 909
877 683
671 341
801 158
284 733
941 452
536 372
760 468
877 41
953 405
949 19
336 192
470 75
297 447
811 311
611 381
471 496
934 667
414 441
769 848
153 43
1049 195
660 460
653 300
458 802
454 966
830 642
842 198
525 175
1044 631
173 188
856 891
582 390
628 46
611 839
936 855
335 369
490 189
977 800
352 797
246 392
610 791
798 62
254 940
1064 832
541 304
909 944
975 13
860 789
706 472
514 678
327 11
531 473
806 663
871 298
221 50
170 45
159 145
361 688
208 106
790 48
798 547
852 240
874 209
983 854
250 396
447 626
117 774
1022 391
663 722
579 14
1011 912
544 175
181 398
1063 89
715 111
700 849
846 30
751 605
495 19
556 205
680 355
363 100
852 60
551 55
676 794
1052 898
808 965
1044 980
122 623
747 394
865 904
984 269
915 415
845 473
320 965
246 926
673 618
996 255
373 248
496 314
958 828
220 809
778 42
686 646
1010 537
512 713
916 637
816 111
658 732
914 741
926 744
915 840
1092 338
447 195
671 518
764 75
497 581
1058 829
529 768
244 909
433 739
747 352
537 506
394 62
752 427
697 415
516 313
111 292
678 638
1054 147
228 305
662 579
344 191
504 161
782 834
362 914
533 146
888 469
742 425
360 185
745 583
859 474
562 646
1089 928
732 724
951 421
731 432
735 874
989 179
339 733
990 949
517 889
260 737
499 166
159 320
114 923
485 711
704 807
544 377
937 980
828 941
231 638
1088 226
430 666
535 702
675 432
300 558
931 621
1001 936
1060 692
134 73
1096 622
342 680
256 751
917 794
953 835
432 171
760 63
327 156
867 163
563 304
285 535
138 808
894 574
457 668
566 861
563 575
311 919
840 769
1059 75
640 102
557 573
1088 293
944 858
1019 844
150 670
787 899
949 957
796 184
389 497
177 91
767 311
273 130
389 715
637 835
538 98
726 400
298 580
853 795
122 580
841 713
1067 610
264 682
449 561
453 130
953 486
1015 784
841 438
721 625
591 776
796 425
380 601
694 180
281 518
196 388
358 705
802 379
567 667
273 835
901 78
405 41
135 969
801 912
662 625
745 459
207 338
855 966
734 316
1067 58
140 355
548 544
824 341
642 260
907 240
541 765
678 952
175 641
831 16
426 333
341 125
856 632
266 904
507 386
757 453
233 339
866 17
899 700
838 295
112 89
512 76
371 815
1094 986
142 916
831 785
172 89
181 833
1007 535
804 340
121 706
600 644
577 35
564 933
211 876
697 29
997 596
1040 69
1010 900
602 325
540 994
1021 380
725 473
348 291
950 815
547 640
686 896
340 303
574 448
206 388
365 711
1047 230
526 744
506 950
1094 321
464 256
852 131
498 491
421 330
467 983
541 147
618 564
968 854
623 768
739 359
488 113
175 114
1067 805
715 380
988 701
194 608
754 932
651 900
274 146
868 12
909 621
184 189
789 124
289 863
1068 377
522 742
787 825
401 618
830 101
551 200
828 610
829 783
759 157
757 261
827 355
641 705
894 25
914 860
343 271
348 876
708 907
779 669
159 740
541 304
1080 851
789 160
412 767
209 995
961 410
799 627
673 192
797 621
500 395
1093 760
696 223
169 519
805 431
762 224
694 831
353 157
271 735
422 350
133 142
965 662
505 694
391 939
564 70
626 967
945 316
737 775
1097 370
854 353
688 275
378 12
483 769
637 148
725 718
919 398
640 698
614 277
1091 527
401 918
923 350
578 769
854 101
513 387
360 308
788 21
258 619
195 629
943 206
498 206
122 250
617 443
339 967
224 325
657 233
567 816
867 619
952 146
959 790
188 965
287 766
715 963
1011 551
750 632
823 184
565 838
356 158
200 172
555 642
340 318
240 131
950 604
937 943
477 619
557 602
137 945
393 336
875 248
974 122
941 203
133 784
501 331
823 986
1019 719
543 116
367 680
553 336
666 206
989 496
783 342
718 882
824 285
191 92
915 760
1030 192
640 481
495 705
228 619
455 615
424 554
1029 356
1043 163
679 770
238 367
715 295
359 35
1078 737
410 264
966 725
286 518
156 770
833 778
237 279
191 188
1015 745
577 477
589 235
875 851
974 286
455 408
853 41
595 447
426 51
488 716
834 461
923 656
653 115
182 682
832 570
444 788
720 318
949 667
660 108
304 370
429 995
629 148
860 603
885 982
711 655
314 273
354 264
202 665
460 456
420 309
1050 785
1045 789
203 432
948 992
568 192
477 313
716 433
582 144
668 796
817 768
200 270
178 172
860 488
674 102
1025 53
151 684
180 248
901 514
536 435
946 283
675 678
952 228
640 333
635 452
529 840
160 405
666 585
1065 634
442 289
1071 918
166 91
692 550
558 753
663 822
199 500
230 260
1071 752
573 180
893 954
173 596
1075 459
525 808
232 233
630 25
132 159
1012 877
512 158
128 372
327 854
609 387
158 791
599 518
701 537
182 856
497 43
471 831
553 854
307 669
955 747
464 660
1094 474
698 942
558 748
939 193
785 521
1075 425
137 883
173 201
200 301
191 358
480 405
430 256
828 363
378 461
400 397
183 374
339 995
863 990
509 661
292 797
573 638
863 447
526 972
1020 413
1029 612
488 253
575 48
410 351
571 12
1000 141
630 405
791 461
570 359
318 108
160 417
466 224
1061 305
944 500
306 769
921 746
949 448
1066 719
218 763
245 763
131 219
696 863
597 889
501 465
573 432
293 376
419 966
579 423
734 327
319 361
921 49
1095 77
268 794
620 337
1085 949
282 232
623 737
300 922
263 64
662 265
324 524
417 263
533 10
549 635
289 507
206 371
968 810
933 664
781 420
645 664
511 41
226 150
760 499
1022 111
788 266
1046 8
368 657
358 239
561 163
431 774
1053 573
213 575
607 218
759 805
623 313
829 749
376 140
622 494
255 710
447 8
509 881
383 236
859 670
324 308
1061 876
755 335
600 264
874 619
649 491
725 763
220 9
527 508
498 306
749 180
1080 159
715 250
722 963
192 304
797 628
403 114
249 993
848 965
660 970
250 706
220 856
634 955
998 983
839 432
572 117
266 929
148 184
924 446
610 194
986 202
414 79
1035 985
637 301
378 771
747 513
869 180
359 294
288 185
167 152
689 182
774 124
602 459
801 460
159 472
215 489
848 932
170 238
935 120
1028 844
620 983
780 75
324 815
277 408
406 864
537 100
1029 540
527 298
322 934
404 911
567 298
948 595
901 296
475 614
821 49
846 294
503 220
1029 916
432 315
211 29
791 400
567 788
489 94
1090 532
808 886
1012 425
654 295
591 626
652 474
839 333
280 7
1052 61
781 621
752 92
226 530
251 581
586 599
333 585
780 733
537 725
1089 247
924 527
221 35
420 295
645 348
927 749
242 748
1071 986
318 540
228 973
968 570
544 241
1079 504
183 527
638 411
424 37
441 229
772 474
1016 936
201 251
343 832
693 184
851 666
180 366
180 511
1088 545
281 787
417 405
149 719
549 205
