768 2543
482 485
257 326
286 248
517 421
404 322
713 795
45 43
924 845
873 955
160 252
1 9
838 901
40 122
58 94
676 738
627 574
766 715
862 882
405 367
923 984
379 299
461 433
612 682
133 72
813 874
97 138
908 856
165 145
996 995
623 529
220 199
298 277
157 97
723 719
144 242
48 107
129 122
148 70
35 98
644 600
632 645
272 267
1040 972
977 895
312 213
778 748
567 487
965 923
1 29
616 674
569 540
628 554
493 467
76 46
733 710
575 553
288 191
775 724
723 730
912 988
64 90
354 340
565 549
210 196
922 865
775 678
566 570
934 936
626 722
742 651
194 123
485 431
483 508
617 585
876 853
653 642
896 992
652 725
220 286
727 812
900 859
563 663
56 88
157 179
280 187
537 619
284 261
920 846
124 192
239 261
459 514
931 886
504 530
910 849
382 294
795 799
485 391
351 330
289 298
865 790
250 275
738 826
75 72
788 866
947 951
651 748
595 685
993 956
663 564
265 183
338 400
637 721
206 207
328 323
618 611
64 116
139 109
806 795
412 343
912 862
715 685
1 10
929 881
1025 984
410 403
273 360
507 449
450 541
174 272
882 877
427 359
787 707
355 308
734 770
1 30
248 208
397 311
159 100
874 939
449 422
857 785
286 370
976 989
908 969
103 143
1071 972
1 28
117 61
697 638
424 348
439 347
74 66
442 391
568 638
195 295
854 826
281 196
433 449
845 855
224 143
487 487
181 140
496 564
690 615
124 135
575 564
374 360
766 793
149 163
776 859
793 760
674 711
696 662
90 159
732 660
214 268
935 948
228 315
619 676
349 341
734 689
964 894
644 706
484 490
491 478
628 671
1009 932
944 899
315 237
92 187
554 472
757 772
88 98
952 906
818 911
628 635
316 225
818 823
255 164
432 343
763 732
490 502
721 740
587 576
530 612
992 902
491 454
343 411
880 973
645 703
761 850
152 77
241 220
727 802
352 403
246 181
1 10
479 525
958 919
749 668
551 527
538 462
319 291
580 605
501 457
487 405
349 417
252 279
731 685
637 596
339 307
257 224
271 322
740 840
1002 975
404 401
190 91
254 327
277 330
100 182
648 603
810 793
535 615
702 733
855 864
76 16
773 863
917 987
279 306
123 34
922 840
613 700
658 706
705 787
101 105
807 834
883 798
358 310
634 609
786 690
618 561
644 579
141 60
466 388
340 309
495 407
283 200
352 313
886 970
95 33
291 273
217 277
1007 997
1 40
219 227
764 860
1025 940
600 608
895 990
690 590
738 806
1 52
772 801
727 764
774 710
340 386
503 593
1 50
432 494
228 156
993 936
1058 965
130 86
821 723
189 184
943 868
343 340
404 412
560 487
196 209
418 346
782 860
314 307
59 95
778 821
979 941
828 821
584 587
122 201
741 665
566 527
760 812
385 424
395 459
250 343
789 836
492 506
261 179
914 916
380 430
537 596
731 808
361 269
473 512
737 811
708 685
635 567
804 776
827 855
695 718
756 853
57 97
178 146
688 746
1 15
871 965
415 512
510 480
1057 958
764 665
193 191
905 964
583 515
696 606
887 822
444 536
741 693
12 19
313 335
81 101
828 922
354 294
981 910
499 410
283 250
545 546
635 729
540 609
689 720
946 976
730 759
703 798
14 74
644 648
241 299
793 785
912 846
461 390
801 897
424 416
744 837
272 247
338 293
193 144
987 938
432 467
505 480
944 955
653 665
38 26
468 564
461 449
1 26
576 521
329 301
274 321
701 613
432 388
851 879
915 990
137 188
927 963
903 820
373 300
770 822
160 255
285 277
231 153
366 400
317 227
423 518
420 447
216 315
772 813
271 324
566 502
243 299
725 780
390 376
491 516
225 212
392 329
781 810
434 486
535 485
368 416
938 952
946 894
353 358
1 21
707 647
143 44
630 683
364 361
822 814
147 231
54 8
91 165
431 496
606 699
917 852
553 459
473 535
222 314
954 944
369 306
413 459
717 637
491 447
447 408
44 107
994 962
518 565
448 407
931 857
369 317
181 98
815 818
655 600
267 288
960 902
611 567
271 190
771 749
993 908
359 276
810 748
563 592
360 393
264 363
199 163
1074 983
131 179
41 16
423 478
197 259
779 868
344 295
536 596
140 71
669 622
938 864
715 644
67 5
321 365
434 429
19 64
928 854
759 770
178 88
160 157
277 368
467 421
653 719
330 271
966 975
817 816
1045 962
508 535
492 438
743 696
884 881
259 318
56 45
1 52
421 496
270 313
99 138
429 334
1004 988
635 441
460 623
343 909
728 742
926 642
342 37
117 222
786 638
257 157
130 610
164 935
886 548
600 32
344 931
757 196
843 248
840 344
211 927
1044 590
677 475
726 381
882 338
971 232
42 288
460 364
1010 722
814 390
344 264
751 248
976 603
83 685
665 841
376 435
431 484
592 307
721 497
647 827
20 369
595 739
86 770
301 187
970 779
777 695
837 920
792 567
115 995
565 158
846 121
948 212
575 536
894 664
926 978
662 426
950 776
1026 494
98 971
323 319
1000 588
783 330
45 355
945 304
855 726
63 317
745 878
820 938
1002 973
1051 123
698 431
1044 880
221 241
645 47
177 635
324 218
646 127
530 876
837 15
1030 925
971 711
64 471
139 77
914 989
487 730
171 658
338 897
94 842
479 129
82 193
576 944
571 803
1016 795
336 384
769 434
681 612
646 669
779 489
133 939
845 949
495 546
928 530
854 703
983 741
956 748
26 479
858 816
539 344
9 429
169 824
1039 702
38 707
214 385
1032 414
931 217
411 592
378 200
307 717
174 835
615 850
96 269
897 449
89 568
346 565
108 199
429 253
629 7
681 517
424 171
237 671
60 493
819 436
800 554
63 799
328 757
280 641
37 207
62 685
117 280
889 379
874 713
441 72
632 5
463 522
629 439
956 284
176 806
304 184
632 722
166 955
454 964
349 921
48 297
832 925
961 837
909 836
906 223
1063 318
123 687
300 293
729 287
745 540
1064 64
297 491
896 639
216 587
929 320
662 958
816 808
289 591
144 971
712 133
701 210
89 200
400 404
304 877
875 357
873 299
145 463
21 778
523 198
517 415
792 781
1002 841
656 463
688 638
38 868
15 391
18 442
838 586
542 532
260 23
581 36
1018 96
854 825
572 720
931 334
684 46
362 659
207 543
267 864
201 371
46 334
70 214
533 857
789 956
289 464
260 39
403 784
1069 312
716 451
489 49
130 114
847 465
21 91
984 311
209 444
686 321
971 530
903 451
724 85
95 376
125 683
812 166
565 738
1013 172
506 269
1029 102
638 167
612 394
290 400
699 81
685 231
765 627
848 542
232 171
919 222
276 274
168 727
466 640
846 233
852 724
654 604
151 20
184 290
94 32
874 116
56 794
393 872
987 281
217 773
391 527
64 81
380 160
699 627
837 47
533 714
747 980
844 679
452 789
354 713
865 745
161 182
926 284
519 371
232 664
259 927
595 189
441 436
1031 390
72 504
