
1242 2517
585 485
194 94
426 326
606 506
348 248
516 416
521 421
1092 992
422 322
749 649
895 795
337 237
143 43
557 457
945 845
915 815
1055 955
546 446
352 252
522 422
109 9
891 791
1001 901
459 359
222 122
767 667
194 94
698 598
838 738
107 7
674 574
644 544
815 715
434 334
982 882
866 766
467 367
1094 994
1084 984
993 893
399 299
733 633
533 433
231 131
782 682
528 428
172 72
800 700
974 874
717 617
238 138
974 874
956 856
820 720
245 145
519 419
1095 995
894 794
629 529
296 196
299 199
1097 997
377 277
216 116
197 97
1008 908
819 719
639 539
342 242
807 707
207 107
669 569
222 122
637 537
170 70
1031 931
198 98
826 726
700 600
587 487
745 645
872 772
367 267
613 513
1072 972
181 81
995 895
1043 943
313 213
158 58
848 748
403 303
587 487
864 764
1023 923
636 536
129 29
824 724
774 674
889 789
640 540
579 479
654 554
242 142
567 467
439 339
146 46
741 641
810 710
296 196
653 553
594 494
291 191
166 66
824 724
924 824
830 730
308 208
1088 988
811 711
190 90
900 800
440 340
414 314
649 549
389 289
296 196
501 401
965 865
566 466
778 678
789 689
670 570
933 833
1036 936
325 225
822 722
344 244
751 651
949 849
223 123
213 113
531 431
479 379
608 508
461 361
685 585
165 65
953 853
586 486
742 642
786 686
1092 992
386 286
825 725
989 889
386 286
124 24
912 812
591 491
959 859
991 891
763 663
190 90
188 88
281 181
279 179
314 214
287 187
117 17
719 619
572 472
361 261
518 418
946 846
519 419
292 192
456 356
361 261
782 682
614 514
406 306
986 886
301 201
630 530
485 385
949 849
1052 952
394 294
600 500
899 799
294 194
491 391
837 737
430 330
424 324
398 298
1092 992
890 790
324 224
375 275
360 260
926 826
197 97
172 72
310 210
966 866
749 649
1051 951
1019 919
848 748
163 63
785 685
1058 958
1056 956
904 804
664 564
618 518
283 183
528 428
500 400
637 537
821 721
446 346
307 207
253 153
423 323
1071 971
711 611
762 662
216 116
297 197
209 109
191 91
895 795
629 529
443 343
226 126
962 862
847 747
785 685
569 469
110 10
870 770
981 881
1034 934
1084 984
823 723
503 403
995 895
460 360
668 568
549 449
272 172
641 541
1058 958
372 272
483 383
977 877
408 308
459 359
1070 970
807 707
683 583
408 308
148 48
870 770
1030 930
130 30
669 569
308 208
103 3
411 311
120 20
200 100
709 609
1039 939
987 887
522 422
925 825
885 785
1030 930
470 370
1004 904
1089 989
341 241
1069 969
479 379
243 143
476 376
1072 972
1062 962
128 28
989 889
161 61
543 443
738 638
316 216
448 348
438 338
447 347
260 160
166 66
506 406
491 391
259 159
738 638
131 31
395 295
304 204
926 826
520 420
296 196
253 153
549 449
525 425
955 855
431 331
243 143
665 565
587 487
938 838
240 140
109 9
664 564
1018 918
715 615
633 533
235 135
332 232
664 564
1057 957
460 360
691 591
893 793
676 576
263 163
846 746
959 859
477 377
860 760
958 858
811 711
186 86
762 662
534 434
259 159
658 558
760 660
379 279
368 268
940 840
1048 948
835 735
415 315
674 574
776 676
226 126
441 341
1012 912
789 689
839 739
994 894
921 821
806 706
725 625
590 490
1017 917
578 478
301 201
771 671
1093 993
1032 932
249 149
999 899
152 52
337 237
859 759
287 187
367 267
572 472
356 256
872 772
883 783
198 98
217 117
1006 906
616 516
1011 911
280 180
735 635
125 25
325 225
480 380
923 823
812 712
264 164
366 266
443 343
316 216
832 732
548 448
602 502
641 541
840 740
764 664
676 576
1054 954
712 612
826 726
1002 902
872 772
554 454
631 531
511 411
1043 943
1073 973
850 750
803 703
427 327
950 850
1017 917
177 77
105 5
320 220
213 113
902 802
1013 913
503 403
891 791
281 181
1098 998
110 10
959 859
625 525
445 345
1019 919
531 431
768 668
775 675
627 527
933 833
562 462
538 438
391 291
623 523
705 605
1016 916
557 457
520 420
505 405
215 115
517 417
760 660
379 279
361 261
785 685
872 772
696 596
488 388
407 307
864 764
324 224
943 843
422 322
306 206
940 840
507 407
1075 975
739 639
501 401
952 852
191 91
642 542
427 327
160 60
430 330
857 757
282 182
182 82
703 603
737 637
893 793
193 93
715 615
714 614
833 733
236 136
964 864
287 187
116 16
202 102
963 863
1072 972
1087 987
263 163
406 306
601 501
134 34
577 477
425 852
1056 799
162 132
239 777
447 311
548 537
456 553
994 831
1052 335
391 412
115 28
1048 344
884 286
830 981
1008 840
443 969
533 886
961 955
726 928
580 11
453 208
427 866
334 134
299 785
966 394
171 437
512 959
223 976
768 664
606 797
1089 255
463 581
601 248
703 438
411 375
830 167
527 838
674 599
1063 151
243 962
906 171
387 148
1070 146
752 831
334 263
499 356
389 55
889 237
1043 5
883 442
505 120
719 856
778 827
225 293
900 986
159 48
544 496
119 964
447 80
630 106
738 204
734 679
589 291
662 209
1030 172
228 930
230 765
1054 93
216 688
565 538
842 268
1012 464
667 856
433 350
1043 199
497 384
1034 24
130 552
925 184
1080 780
896 989
614 234
1026 138
530 284
555 707
958 654
883 742
1074 806
1026 124
216 745
405 395
325 826
623 230
615 547
1076 290
283 448
599 514
860 413
444 15
919 26
1046 717
970 625
384 110
177 198
145 710
142 617
698 346
910 195
615 192
684 950
145 795
910 919
193 848
375 688
346 226
874 110
596 426
860 41
888 604
205 651
542 539
268 652
992 252
225 661
911 89
892 913
400 895
712 47
317 434
119 699
1079 534
164 826
924 458
1003 688
1068 946
653 371
720 282
1019 889
792 297
328 271
1075 164
931 196
489 710
574 298
1044 41
301 756
466 957
546 541
1089 378
1075 605
114 735
275 801
991 437
996 995
617 950
1051 956
489 286
249 107
422 20
650 826
149 236
361 747
917 880
178 536
1039 522
113 16
977 410
406 351
375 320
824 299
166 354
587 678
694 466
745 598
657 154
215 758
1007 998
711 518
192 27
351 226
755 544
900 773
303 402
192 493
224 168
597 721
812 138
284 179
142 119
260 482
1031 383
832 977
619 523
455 105
512 155
445 912
409 892
483 612
556 673
1022 923
1087 461
541 249
498 405
702 84
955 257
702 811
141 536
113 604
659 210
522 745
902 846
832 561
1052 350
915 11
736 382
726 350
827 101
570 904
559 586
755 370
440 466
859 666
931 699
1043 444
441 641
377 276
865 947
971 981
335 180
948 647
283 279
840 563
255 526
329 391
995 994
524 903
544 779
345 946
447 901
589 899
804 543
501 527
991 202
488 540
358 686
311 20
213 679
534 340
251 110
164 764
829 44
822 711
847 31
642 375
887 109
272 698
693 16
413 705
608 437
662 692
850 294
680 661
843 860
508 473
371 665
177 50
883 801
991 913
736 699
138 720
366 732
563 658
483 652
1071 831
118 754
753 972
426 118
426 858
320 372
971 485
617 565
250 389
855 471
607 916
186 650
662 774
244 556
279 49
574 328
403 458
559 519
620 636
380 240
1014 717
607 970
197 208
1065 481
550 569
382 553
481 928
407 490
226 209
739 826
421 337
279 345
571 70
776 668
1044 316
179 495
773 381
431 316
144 647
313 169
1026 366
767 331
423 113
1064 597
902 523
962 310
669 547
279 446
812 428
462 555
471 157
641 80
641 234
163 482
775 436
387 57
395 766
923 819
714 9
375 288
931 649
947 345
977 621
693 610
439 210
1042 658
364 119
234 266
1077 328
525 920
398 721
1078 860
1003 177
882 333
520 916
1083 502
963 986
1037 211
483 874
437 310
553 754
993 559
338 558
484 860
588 231
673 776
623 772
839 630
1014 944
117 793
947 532
907 129
763 677
231 142
622 578
931 27
393 704
767 249
163 858
362 753
210 915
632 383
560 811
1004 865
776 754
522 744
880 215
1049 362
430 833
1091 378
161 809
385 896
356 145
239 349
878 901
784 101
630 401
145 982
540 466
183 519
608 941
215 767
841 571
180 457
590 269
260 676
270 87
927 923
788 318
384 382
356 67
1015 828
971 49
897 675
748 392
603 92
648 305
766 267
436 681
1039 613
560 910
613 904
731 696
578 916
681 642
1027 501
357 311
260 82
1057 903
802 958
752 547
314 860
257 49
826 756
924 648
536 372
1079 50
714 663
444 678
607 80
527 88
1063 656
958 837
451 54
692 959
879 931
118 848
481 588
408 665
331 651
438 834
836 648
631 294
421 171
899 330
266 758
651 41
599 988
538 744
963 414
671 38
744 824
427 988
493 791
551 709
221 609
893 222
804 518
111 946
103 22
1026 564
276 616
541 443
430 860
366 287
726 805
205 246
191 248
1098 434
207 968
782 52
812 773
106 726
196 970
972 16
138 305
518 387
1073 199
608 713
715 579
989 180
592 377
220 618
284 308
630 665
898 830
876 11
1078 450
645 846
545 742
216 553
194 483
221 604
361 831
810 199
672 597
843 32
427 449
242 484
843 74
1033 495
636 943
343 535
645 117
694 747
472 812
757 620
780 851
1074 280
565 381
212 432
856 173
1082 636
126 989
248 289
209 207
654 33
484 998
987 125
1042 103
437 953
230 663
140 759
707 815
1049 808
739 455
174 215
909 383
230 430
1066 633
805 876
937 251
375 233
311 931
570 140
520 838
851 434
1059 264
736 269
734 79
462 135
415 483
539 32
244 861
828 111
956 482
466 619
695 159
317 92
760 569
645 16
1059 963
896 70
293 533
860 385
483 120
766 536
269 441
143 622
240 572
224 274
533 499
1079 541
896 101
588 914
970 826
865 470
919 702
134 487
396 127
465 467
1053 925
415 292
335 154
164 429
558 838
205 677
815 461
1062 593
218 104
108 439
463 766
865 330
905 568
712 493
391 519
632 533
804 739
372 838
675 64
373 960
307 62
853 779
292 584
163 562
1036 180
349 285
174 41
192 845
231 341
369 46
251 245
1013 923
497 703
1058 287
583 611
665 64
1014 253
1036 766
139 372
968 904
340 201
752 577
762 443
1009 574
606 965
277 941
192 652
416 874
1065 856
974 670
765 322
724 838
862 650
908 135
487 423
336 32
333 633
568 307
703 946
990 649
184 394
967 537
315 74
537 736
1007 161
654 586
1031 493
347 874
812 80
890 717
412 895
911 680
464 327
602 849
647 742
267 478
372 39
955 507
158 494
774 339
474 972
1093 172
527 422
289 201
440 238
144 403
586 459
250 699
180 996
663 260
533 706
402 729
243 582
865 378
873 70
471 814
128 191
109 670
273 426
306 615
358 810
424 713
320 663
431 439
900 357
720 688
1069 974
841 178
1075 346
274 990
537 214
1045 219
133 826
720 364
200 119
234 881
808 351
589 219
879 856
399 618
488 472
222 344
956 322
174 940
191 328
347 615
217 953
971 536
1036 274
308 337
1034 536
1083 524
946 310
294 584
919 98
1088 457
251 638
1082 636
393 586
800 683
110 137
1089 746
498 352
506 455
544 362
848 880
807 960
218 787
334 277
591 373
662 562
576 717
659 185
1060 59
393 260
973 601
417 624
229 731
420 900
830 518
868 40
209 155
426 231
411 702
872 880
558 335
956 447
342 427
414 371
919 766
767 978
755 353
465 104
349 14
820 848
248 575
825 906
210 233
951 608
421 89
156 597
249 713
658 723
851 588
590 83
546 748
338 208
753 931
773 848
140 40
467 395
575 680
235 610
501 861
885 44
670 728
733 232
1005 899
997 413
518 795
498 98
964 646
325 388
869 558
359 964
965 565
627 613
146 767
383 750
945 160
787 431
681 927
649 542
175 442
561 621
689 582
865 579
870 725
398 977
830 869
919 327
254 972
933 169
989 643
992 849
246 751
379 606
757 842
495 137
214 255
788 83
304 799
134 157
1000 115
871 601
198 299
252 995
117 30
196 42
650 859
753 656
328 81
627 813
668 948
270 203
465 173
876 922
590 283
682 46
242 27
872 918
386 759
886 588
896 177
439 412
715 551
531 285
756 976
378 928
726 373
697 208
723 904
506 871
453 164
204 567
531 984
447 954
643 565
330 315
497 19
583 759
309 15
378 662
489 615
853 742
652 196
530 896
536 446
125 168
361 371
724 92
934 226
947 172
566 273
372 419
745 971
460 468
998 743
744 364
755 606
270 145
205 326
415 468
413 586
846 422
386 92
781 377
1086 137
653 142
560 453
114 471
773 40
1026 275
357 604
889 771
457 868
495 862
1069 920
114 547
341 672
1061 607
986 311
1010 720
1077 86
656 463
603 284
723 380
711 313
1072 123
968 966
233 52
1058 453
416 874
311 644
278 364
456 617
966 523
636 609
733 978
516 737
883 94
726 617
640 202
221 110
791 506
296 566
786 932
159 102
555 693
698 221
1079 713
145 33
123 680
526 954
497 713
853 830
907 250
1014 50
513 647
169 417
623 226
647 208
745 163
797 4
299 906
278 736
1009 641
516 582
978 940
658 470
1002 303
122 859
917 412
514 14
522 918
1003 778
974 944
1071 720
939 751
741 647
128 71
745 223
205 132
1011 713
1062 37
673 509
654 598
288 15
404 153
336 890
992 605
708 281
155 498
1093 373
264 42
563 394
1065 769
893 176
380 726
816 949
547 167
912 161
928 186
556 605
293 112
1088 834
535 508
935 436
989 866
1006 133
953 996
489 281
558 630
168 434
178 164
966 308
494 510
654 584
272 37
797 189
928 313
251 668
563 228
885 900
891 165
279 348
423 327
115 124
489 430
234 400
1026 487
210 911
616 336
830 947
858 203
320 964
342 390
459 175
605 26
1077 671
507 546
658 257
892 455
796 186
1036 890
1058 138
270 439
487 378
923 463
423 491
966 872
772 569
857 470
321 957
557 450
144 955
570 158
1011 561
910 362
133 456
801 163
1054 350
962 618
979 391
1077 836
1092 185
110 106
379 21
1028 627
756 643
939 13
922 515
969 284
244 777
551 495
426 868
152 471
690 759
872 7
713 669
888 450
702 99
374 527
667 487
198 103
554 102
820 421
385 36
511 615
828 58
783 452
302 655
145 292
554 354
687 127
1097 215
383 164
678 269
888 631
810 305
249 939
146 692
623 452
111 178
521 908
147 334
268 685
1085 849
154 300
422 170
120 926
827 983
453 812
1087 526
187 582
211 641
196 307
273 79
452 525
760 438
542 287
797 369
883 615
242 762
478 631
662 10
513 591
389 90
451 68
596 215
972 683
475 706
1017 848
468 706
431 739
479 185
199 505
820 939
221 328
812 273
319 800
387 491
162 977
773 386
374 985
903 600
320 109
572 429
125 339
466 802
126 91
932 535
642 542
218 25
638 204
832 156
785 878
314 126
273 392
857 175
747 284
328 117
326 489
217 853
727 41
196 867
407 287
428 39
113 16
152 669
400 258
713 902
826 715
553 325
828 613
499 696
936 330
1004 447
431 395
151 113
297 88
701 817
199 90
310 898
152 5
337 122
602 363
1015 198
591 10
672 653
299 376
189 274
740 589
572 750
681 916
826 939
720 450
1073 871
793 78
389 408
828 749
876 446
926 538
1040 176
151 366
1004 380
242 425
144 145
1060 124
138 135
842 865
136 51
132 350
116 676
763 469
785 226
513 161
965 797
336 761
169 883
259 429
759 155
154 895
807 88
192 654
116 556
1041 377
909 63
999 471
559 848
313 150
567 863
914 765
910 16
986 717
1074 455
305 707
342 21
1052 841
738 332
757 371
260 779
266 459
257 715
991 218
656 850
691 924
277 730
156 649
179 627
386 97
687 976
111 289
477 356
676 504
297 701
1030 514
332 726
414 7
1012 292
478 236
763 166
1047 848
400 306
777 761
1056 7
522 384
116 323
103 855
370 411
443 769
937 424
994 773
891 447
445 396
465 329
516 952
431 6
