807 1008
482 485
257 326
286 248
517 421
404 322
713 795
45 43
924 845
873 955
160 252
1 9
838 901
40 122
58 94
676 738
627 574
766 715
862 882
405 367
923 984
379 299
461 433
612 682
133 72
813 874
97 138
908 856
165 145
996 995
623 529
220 199
298 277
157 97
723 719
144 242
48 107
129 122
148 70
35 98
644 600
632 645
272 267
1040 972
977 895
312 213
778 748
567 487
965 923
1 29
616 674
569 540
628 554
493 467
76 46
733 710
575 553
288 191
775 724
723 730
912 988
64 90
354 340
565 549
210 196
922 865
775 678
566 570
934 936
626 722
742 651
194 123
485 431
483 508
617 585
876 853
653 642
896 992
652 725
220 286
727 812
900 859
563 663
56 88
157 179
280 187
537 619
284 261
920 846
124 192
239 261
459 514
931 886
504 530
910 849
382 294
795 799
485 391
351 330
289 298
865 790
250 275
738 826
75 72
788 866
947 951
651 748
595 685
993 956
663 564
265 183
338 400
637 721
206 207
328 323
618 611
64 116
139 109
806 795
412 343
912 862
715 685
1 10
929 881
1025 984
410 403
273 360
507 449
450 541
174 272
882 877
427 359
787 707
355 308
734 770
1 30
248 208
397 311
159 100
874 939
449 422
857 785
286 370
976 989
908 969
103 143
1071 972
1 28
117 61
697 638
424 348
439 347
74 66
442 391
568 638
195 295
854 826
281 196
433 449
845 855
224 143
487 487
181 140
496 564
690 615
124 135
575 564
374 360
766 793
149 163
776 859
793 760
674 711
696 662
90 159
732 660
214 268
935 948
228 315
619 676
349 341
734 689
964 894
644 706
484 490
491 478
628 671
1009 932
944 899
315 237
92 187
554 472
757 772
88 98
952 906
818 911
628 635
316 225
818 823
255 164
432 343
347 851
951 493
374 946
344 368
696 385
680 522
31 30
275 532
21 789
841 257
261 176
759 608
99 593
93 117
399 814
368 626
935 441
15 278
367 900
262 287
48 519
260 37
223 473
715 151
830 189
756 919
757 695
915 262
444 764
319 247
860 559
442 894
273 737
223 108
227 464
417 777
892 500
771 717
821 663
847 377
374 142
553 190
340 979
781 584
113 728
555 691
893 811
307 410
614 480
545 938
994 589
210 161
252 964
199 375
819 607
878 491
750 79
1024 873
573 46
298 874
2 691
138 167
585 187
622 97
1019 435
258 839
148 861
664 321
83 308
298 783
224 570
194 956
1066 142
223 42
139 519
744 195
221 444
576 61
738 901
330 373
314 490
1034 479
466 815
979 666
961 50
884 447
526 907
135 361
35 467
65 475
300 851
900 207
495 448
921 709
931 290
823 692
23 545
348 42
721 171
558 224
604 643
612 982
524 770
660 117
13 323
130 590
712 877
157 244
888 938
941 934
550 276
702 607
499 821
913 220
1049 178
43 720
267 641
728 734
861 55
724 714
595 981
511 854
967 850
114 526
1019 520
110 490
195 565
484 155
242 728
621 953
946 505
427 488
701 117
559 421
818 293
108 323
415 141
36 240
680 477
943 404
488 889
692 424
1006 717
310 305
1004 688
67 166
764 44
648 35
766 246
590 347
1031 794
501 50
512 492
410 616
827 191
333 892
297 652
161 628
969 392
997 408
108 392
725 702
737 231
777 793
616 784
151 799
587 41
767 599
973 157
601 335
754 928
627 547
1008 188
969 811
245 15
247 859
675 921
998 461
625 20
730 528
645 929
849 816
653 986
893 489
445 729
188 310
780 832
37 488
381 370
1058 400
468 736
304 850
899 629
1037 678
257 73
510 270
711 636
904 579
240 292
709 319
1069 727
621 694
405 399
810 870
298 371
855 177
304 368
736 618
283 81
50 256
437 675
951 778
454 873
119 152
392 608
223 403
1043 972
454 179
272 624
280 426
791 688
247 508
130 141
921 784
94 38
527 885
443 836
622 510
507 598
822 474
546 852
528 450
430 925
957 808
573 465
502 292
1059 32
833 460
254 907
33 572
313 445
46 341
759 656
206 577
68 84
762 744
271 370
943 415
326 483
748 87
648 123
437 539
899 379
333 799
657 749
366 190
415 658
546 310
171 515
381 907
136 493
161 600
35 87
438 415
1005 845
532 322
161 388
328 682
355 133
756 797
602 717
574 958
964 370
404 223
211 781
1004 725
249 309
457 700
1039 344
527 498
177 324
104 75
956 513
219 827
8 558
187 433
767 384
277 261
1041 358
118 744
296 747
64 330
876 476
354 989
49 585
617 106
380 22
776 826
289 733
85 408
577 655
359 329
765 682
739 620
595 514
787 417
630 829
881 532
928 637
627 227
331 27
849 226
202 459
653 296
51 187
884 417
303 199
904 884
133 268
339 451
296 736
35 510
405 655
403 406
454 162
280 105
623 845
659 590
953 986
577 543
446 784
306 117
796 780
794 899
624 50
892 356
86 704
572 248
388 952
679 222
732 118
950 496
1043 140
408 757
902 67
131 15
653 849
254 226
842 139
557 198
204 582
820 379
918 433
918 612
42 191
1016 543
397 345
395 340
111 104
112 552
174 191
807 153
955 975
660 454
940 548
861 778
279 291
433 297
181 633
285 745
724 129
1047 52
341 181
410 355
148 723
40 170
140 542
554 238
62 415
762 417
823 420
905 666
942 217
713 604
1035 491
1002 545
107 370
400 214
2 45
531 119
681 9
971 19
432 95
199 437
606 646
940 711
702 330
177 108
49 334
339 892
674 470
899 198
926 486
874 909
717 116
611 373
234 414
191 572
656 522
432 789
796 816
31 950
527 492
1017 651
594 879
764 535
559 153
978 762
364 665
352 352
573 138
755 914
680 800
859 946
656 799
461 915
343 541
845 331
411 207
164 257
690 86
373 360
455 388
467 267
610 61
699 916
344 322
599 743
567 318
192 814
173 808
837 499
812 965
553 433
962 973
582 302
60 139
85 274
888 672
561 265
793 664
775 230
871 495
885 348
911 411
653 132
516 768
576 706
257 30
150 260
312 314
615 574
1020 107
640 398
960 931
847 131
858 693
298 38
152 98
143 994
678 291
208 747
701 587
48 551
547 392
416 203
853 285
356 363
873 276
599 196
268 753
94 599
1028 928
297 581
706 919
864 941
278 162
399 21
86 527
572 525
55 661
665 647
475 527
496 991
434 218
902 981
436 379
310 105
3 685
677 564
816 714
358 108
207 81
122 658
1058 116
714 508
886 232
724 740
908 328
707 981
843 602
235 758
1048 845
170 564
1047 556
1043 652
688 847
524 297
892 118
239 468
243 482
535 64
569 228
699 887
976 485
776 111
809 612
272 875
195 32
913 895
640 915
847 295
459 434
140 697
1066 576
446 716
996 136
646 105
26 537
48 430
578 108
469 802
584 119
292 127
281 468
695 288
709 978
702 342
718 256
283 250
543 956
240 846
279 652
458 738
131 579
784 995
379 847
278 648
11 101
236 740
325 817
612 919
784 869
1 593
798 712
195 863
548 599
827 627
327 589
956 741
708 970
388 882
119 884
961 777
880 241
616 933
716 184
650 600
676 538
504 364
995 371
595 584
979 727
591 276
997 446
151 520
441 89
541 258
1023 145
570 969
1040 219
447 36
45 50
795 285
227 256
212 728
941 550
801 335
977 553
443 167
400 59
333 788
316 273
643 582
925 448
823 185
267 503
297 575
756 809
410 71
39 781
416 449
261 73
51 254
353 629
960 878
842 270
879 817
636 377
532 100
492 640
663 701
747 49
131 158
811 461
575 639
840 662
20 503
695 650
320 730
356 94
16 913
752 528
320 633
965 431
121 237
957 214
655 772
240 928
544 324
484 239
222 683
952 483
347 763
799 774
639 622
384 653
598 126
114 74
472 220
1037 753
349 779
534 552
1016 718
699 906
183 268
724 910
449 95
749 952
114 684
968 518
155 73
540 985
1017 130
509 810
432 732
947 719
235 630
1059 250
13 711
767 769
556 959
293 909
999 264
331 172
938 981
46 191
1057 986
248 868
596 863
620 72
118 134
430 513
237 736
939 412
170 60
774 976
437 216
911 171
1035 406
289 915
809 209
797 848
374 24
864 290
760 642
944 728
841 787
669 144
518 305
1048 821
187 797
733 451
1063 29
841 847
1001 231
771 309
492 174
996 762
487 865
257 578
392 701
361 466
858 239
479 656
448 448
754 698
99 490
1009 198
103 520
893 268
82 979
1003 782
149 813
936 498
45 792
403 455
618 243
1007 567
439 427
1003 788
237 763
519 800
438 384
54 373
309 586
601 839
465 252
522 176
542 155
373 828
405 980
378 499
663 948
311 836
16 282
578 133
190 645
1020 458
134 633
283 549
115 528
312 60
439 930
210 403
774 827
910 594
586 428
574 864
737 122
913 208
90 959
746 927
1030 733
964 190
677 574
901 194
337 824
829 760
467 65
497 379
1023 61
484 859
852 487
895 879
676 742
919 637
310 556
1001 432
157 365
27 498
889 505
401 871
278 371
573 442
240 369
283 937
994 107
469 655
446 18
623 579
525 638
229 950
448 794
122 52
399 622
516 864
834 528
771 379
126 803
231 89
786 669
305 688
813 899
725 670
1048 825
900 340
