
1008 4990
585 485
194 94
426 326
606 506
348 248
516 416
521 421
1092 992
422 322
749 649
895 795
337 237
143 43
557 457
945 845
915 815
1055 955
546 446
352 252
522 422
109 9
891 791
1001 901
459 359
222 122
767 667
194 94
698 598
838 738
107 7
674 574
644 544
815 715
434 334
982 882
866 766
467 367
1094 994
1084 984
993 893
399 299
733 633
533 433
231 131
782 682
528 428
172 72
800 700
974 874
717 617
238 138
974 874
956 856
820 720
245 145
519 419
1095 995
894 794
629 529
296 196
299 199
1097 997
377 277
216 116
197 97
1008 908
819 719
639 539
342 242
807 707
207 107
669 569
222 122
637 537
170 70
1031 931
198 98
826 726
700 600
587 487
745 645
872 772
367 267
613 513
1072 972
181 81
995 895
1043 943
313 213
158 58
848 748
403 303
587 487
864 764
1023 923
636 536
129 29
824 724
774 674
889 789
640 540
579 479
654 554
242 142
567 467
439 339
146 46
741 641
810 710
296 196
653 553
594 494
291 191
166 66
824 724
924 824
830 730
308 208
1088 988
811 711
190 90
900 800
440 340
414 314
649 549
389 289
296 196
501 401
965 865
566 466
778 678
789 689
670 570
933 833
1036 936
325 225
822 722
344 244
751 651
949 849
223 123
213 113
531 431
479 379
608 508
461 361
685 585
165 65
953 853
586 486
742 642
786 686
1092 992
386 286
825 725
989 889
386 286
124 24
912 812
591 491
959 859
991 891
763 663
190 90
188 88
281 181
279 179
314 214
287 187
117 17
719 619
572 472
361 261
518 418
946 846
519 419
292 192
456 356
361 261
782 682
614 514
406 306
986 886
301 201
630 530
485 385
949 849
1052 952
394 294
600 500
899 799
294 194
491 391
837 737
430 330
424 324
398 298
1092 992
890 790
324 224
375 275
360 260
926 826
197 97
172 72
310 210
966 866
749 649
1051 951
1019 919
848 748
163 63
785 685
1058 958
1056 956
904 804
664 564
618 518
283 183
528 428
500 400
637 537
821 721
446 346
307 207
253 153
423 323
1071 971
711 611
762 662
216 116
297 197
209 109
191 91
895 795
629 529
443 343
226 126
962 862
847 747
785 685
569 469
110 10
870 770
981 881
1034 934
1084 984
823 723
503 403
995 895
460 360
668 568
549 449
272 172
641 541
1058 958
372 272
483 383
977 877
408 308
459 359
1070 970
807 707
683 583
408 308
148 48
870 770
1030 930
130 30
669 569
308 208
103 3
411 311
120 20
200 100
709 609
1039 939
987 887
522 422
925 825
885 785
1030 930
470 370
1004 904
1089 989
341 241
1069 969
479 379
243 143
476 376
1072 972
1062 962
128 28
989 889
161 61
543 443
738 638
316 216
448 348
438 338
447 347
260 160
166 66
506 406
491 391
259 159
738 638
131 31
395 295
304 204
926 826
520 420
296 196
253 153
549 449
525 425
955 855
431 331
243 143
665 565
587 487
938 838
240 140
109 9
664 564
1018 918
715 615
633 533
235 135
332 232
664 564
1057 957
460 360
691 591
893 793
676 576
263 163
846 746
959 859
477 377
860 760
958 858
811 711
186 86
762 662
534 434
259 159
658 558
760 660
379 279
368 268
940 840
1048 948
835 735
415 315
674 574
776 676
226 126
441 341
1012 912
789 689
839 739
994 894
921 821
806 706
725 625
590 490
1017 917
578 478
301 201
771 671
1093 993
1032 932
249 149
999 899
152 52
337 237
859 759
287 187
367 267
572 472
356 256
872 772
883 783
198 98
217 117
1006 906
616 516
1011 911
280 180
735 635
125 25
325 225
480 380
923 823
812 712
264 164
366 266
443 343
316 216
832 732
548 448
602 502
641 541
840 740
764 664
676 576
1054 954
712 612
826 726
1002 902
872 772
554 454
631 531
511 411
1043 943
1073 973
850 750
803 703
427 327
950 850
1017 917
177 77
105 5
320 220
213 113
902 802
1013 913
503 403
891 791
281 181
1098 998
110 10
959 859
625 525
445 345
1019 919
531 431
768 668
775 675
627 527
933 833
562 462
538 438
391 291
623 523
705 605
1016 916
557 457
520 420
505 405
215 115
517 417
760 660
379 279
361 261
785 685
872 772
696 596
488 388
407 307
864 764
324 224
943 843
422 322
306 206
940 840
507 407
1075 975
739 639
501 401
952 852
191 91
642 542
427 327
160 60
430 330
857 757
282 182
182 82
703 603
737 637
893 793
193 93
715 615
714 614
833 733
236 136
964 864
287 187
116 16
202 102
963 863
1072 972
1087 987
263 163
406 306
601 501
134 34
577 477
940 840
592 492
800 700
221 121
806 706
180 80
887 787
238 138
205 105
760 660
934 834
329 229
898 798
927 827
410 310
548 448
709 609
330 230
790 690
932 832
661 561
589 489
679 579
686 586
160 60
391 291
488 388
765 665
409 309
760 660
507 407
802 702
300 200
253 153
413 313
706 606
1070 970
223 123
133 33
353 253
373 273
809 709
377 277
932 832
1097 997
208 108
140 40
988 888
327 227
581 481
960 860
383 283
1040 940
958 858
708 608
384 284
1090 990
811 711
690 590
950 850
906 806
339 239
152 52
1043 943
901 801
295 195
864 764
195 95
810 710
510 410
486 386
764 664
693 593
1000 900
150 50
212 112
594 494
1063 963
256 156
854 754
1036 936
558 458
1065 965
119 19
186 86
325 225
823 723
669 569
284 184
197 97
968 868
294 194
440 340
854 754
512 412
702 602
587 487
161 61
309 209
795 695
446 346
447 347
960 860
819 719
407 307
200 100
195 95
197 97
921 821
943 843
1041 941
845 745
921 821
386 286
687 587
592 492
301 201
216 116
765 665
631 531
627 527
524 424
912 812
353 253
524 424
526 426
559 459
513 413
443 343
1080 980
936 836
391 291
606 506
933 833
279 179
586 486
1016 916
109 9
530 430
675 575
696 596
1022 922
908 808
245 145
369 269
997 897
612 512
504 404
911 811
842 742
785 685
828 728
667 567
369 269
876 776
203 103
955 855
845 745
818 718
135 35
953 853
879 779
197 97
171 71
246 146
180 80
846 746
942 842
115 15
228 128
1065 965
1041 941
612 512
327 227
580 480
130 30
1058 958
442 342
765 665
705 605
291 191
631 531
1064 964
464 364
615 515
459 359
706 606
967 867
922 822
920 820
636 536
413 313
793 693
307 207
119 19
1011 911
435 335
408 308
201 101
530 430
1022 922
785 685
394 294
741 641
1010 910
213 113
510 410
241 141
350 250
790 690
646 546
800 700
829 729
659 559
709 609
581 481
820 720
603 503
1076 976
866 766
859 759
107 7
898 798
982 882
174 74
959 859
748 648
282 182
399 299
525 425
885 785
642 542
946 846
783 683
490 390
953 853
997 897
1038 938
516 416
189 89
937 837
724 624
347 247
281 181
393 293
978 878
244 144
1033 933
1038 938
680 580
567 467
352 252
580 480
307 207
1055 955
758 658
765 665
120 20
126 26
1054 954
664 564
447 347
549 449
859 759
126 26
546 446
621 521
114 14
401 301
757 657
421 321
810 710
713 613
1080 980
488 388
288 188
979 879
736 636
1090 990
303 203
288 188
532 432
1063 963
229 129
920 820
730 630
400 300
609 509
922 822
337 237
355 255
473 373
377 277
938 838
253 153
495 395
500 400
792 692
327 227
203 103
618 518
318 218
547 447
484 384
415 315
1031 931
913 813
496 396
424 324
489 389
602 502
740 640
399 299
387 287
880 780
397 297
476 376
1077 977
616 516
612 512
312 212
319 219
429 329
655 555
910 810
498 398
586 486
389 289
585 485
898 798
516 416
698 598
1052 952
149 49
994 894
672 572
458 358
797 697
121 21
870 770
747 647
825 725
144 44
642 542
783 683
314 214
461 361
987 887
914 814
145 45
331 231
194 94
108 8
382 282
265 165
182 82
596 496
419 319
799 699
726 626
952 852
246 146
559 459
641 541
635 535
974 874
414 314
825 725
1044 944
877 777
406 306
654 554
559 459
308 208
737 637
887 787
547 447
1076 976
508 408
1012 912
207 107
544 444
1062 962
103 3
665 565
401 301
507 407
264 164
957 857
537 437
417 317
752 652
198 98
864 764
918 818
141 41
700 600
837 737
388 288
276 176
1002 902
236 136
667 567
228 128
290 190
494 394
849 749
335 235
1008 908
142 42
376 276
924 824
848 748
784 684
692 592
1079 979
493 393
668 568
463 363
467 367
263 163
152 52
1083 983
742 642
279 179
435 335
116 16
226 126
578 478
230 130
359 259
683 583
968 868
229 129
395 295
852 752
696 596
267 167
171 71
956 856
722 622
740 640
964 864
870 770
744 644
531 431
105 5
295 195
465 365
548 448
529 429
801 701
164 64
1052 952
954 854
980 880
870 770
268 168
188 88
179 79
257 157
1061 961
468 368
572 472
521 421
317 217
819 719
809 709
371 271
247 147
1075 975
396 296
916 816
1009 909
1062 962
864 764
635 535
351 251
538 438
978 878
796 696
853 753
981 881
670 570
418 318
353 253
145 45
766 666
152 52
1031 931
596 496
533 433
413 313
910 810
238 138
778 678
434 334
223 123
1088 988
312 212
1028 830
161 702
812 373
207 278
969 503
812 135
441 83
229 617
777 77
1016 528
496 335
800 552
529 75
606 828
975 814
215 847
1054 491
685 608
446 361
294 991
1034 426
1049 313
1014 38
490 988
1081 272
561 195
422 379
726 581
293 442
1005 68
840 262
190 831
868 27
201 606
824 516
954 604
568 618
749 205
1011 508
1084 145
659 756
627 968
594 77
1017 311
324 471
289 50
360 439
535 452
127 892
948 91
1024 948
835 982
411 772
526 891
835 194
353 307
918 323
1021 522
830 106
777 838
754 88
606 89
248 905
549 277
142 644
981 588
224 939
438 468
991 34
917 459
487 689
985 606
625 300
836 637
224 32
789 911
973 973
700 866
805 694
604 931
992 138
457 418
668 193
993 609
517 660
671 562
956 527
231 203
947 955
318 985
1085 156
204 491
539 500
603 477
545 920
788 471
1084 452
124 679
558 483
868 819
495 976
298 422
813 973
109 630
983 442
412 928
993 368
563 932
370 326
743 191
122 481
1008 80
388 736
552 906
269 940
913 902
531 202
270 724
683 810
546 132
678 379
564 448
370 302
767 919
856 141
244 987
303 785
344 414
128 440
469 814
363 572
974 681
125 69
748 635
175 371
446 991
232 666
758 845
904 816
658 118
1070 273
731 383
569 100
991 737
371 87
954 76
643 926
494 636
380 495
810 367
624 67
405 981
522 569
396 728
575 641
991 626
423 138
159 422
227 182
455 712
156 715
329 379
243 447
795 778
139 47
518 969
345 732
254 936
335 459
847 552
966 65
534 788
1003 827
308 15
910 715
205 140
931 837
156 81
1024 410
676 681
1000 488
115 110
363 77
389 895
381 639
230 273
882 641
676 24
755 406
518 138
586 110
691 127
393 794
359 749
560 774
816 939
798 652
888 206
478 396
913 460
846 149
874 803
422 932
981 99
951 524
496 646
570 732
996 319
497 735
533 807
428 923
234 687
150 729
948 903
816 299
592 674
432 943
126 824
419 712
871 137
435 419
565 228
750 516
937 951
211 271
821 366
993 918
841 877
677 343
883 503
649 410
729 165
1082 532
315 797
172 636
192 870
370 97
166 623
860 659
499 844
249 941
1036 982
273 581
568 843
166 923
213 592
258 327
709 784
950 594
242 638
213 351
537 927
164 465
176 55
546 23
757 795
154 802
959 120
138 757
1008 603
642 144
779 898
221 51
689 129
790 787
123 775
587 862
1010 539
647 892
733 293
741 134
318 685
1053 769
294 601
1005 660
124 773
969 20
1026 22
520 960
1000 799
1080 165
787 211
467 463
682 612
452 804
936 866
152 642
391 148
571 638
1026 257
903 23
1045 44
220 71
246 527
218 985
952 38
863 584
691 711
800 827
216 721
488 552
667 890
114 499
1052 144
650 113
734 864
140 685
103 350
552 831
553 393
176 836
426 626
872 741
1052 379
928 228
1052 929
805 845
208 183
299 768
860 313
566 689
784 115
692 577
453 430
526 720
571 882
993 815
244 115
900 816
653 614
132 378
1047 574
220 848
143 131
789 304
757 228
521 139
379 382
660 649
983 544
326 732
779 659
698 395
514 880
1066 840
1022 533
663 910
794 365
400 265
217 538
630 616
692 894
471 39
345 558
265 611
510 17
393 181
138 802
861 225
479 410
836 386
512 476
1055 534
499 753
387 172
312 526
893 892
539 80
1036 805
967 855
757 409
358 970
947 675
718 827
429 843
397 332
829 322
391 208
313 764
593 51
847 706
603 90
688 812
717 908
224 78
663 415
208 454
472 340
277 905
1049 378
625 65
684 36
273 371
1008 159
996 835
737 503
234 510
268 26
623 662
1002 979
159 423
361 223
1049 868
344 728
614 671
141 60
1097 648
325 292
381 774
300 459
1095 231
130 631
853 233
871 692
945 699
685 517
294 925
558 547
603 276
472 635
641 603
940 628
150 511
401 39
217 321
757 870
164 452
897 14
804 545
690 939
628 474
893 898
1032 552
381 80
576 708
361 891
994 672
581 510
708 19
656 316
1035 307
523 361
132 114
130 234
336 326
708 908
651 402
458 413
570 549
792 951
1056 605
432 789
816 520
500 249
355 550
263 441
647 126
978 251
995 726
332 442
148 214
491 479
946 146
867 477
971 922
184 747
803 883
574 630
151 329
296 441
989 453
1013 32
522 598
969 413
245 790
177 428
270 773
1094 810
1032 235
963 767
1025 19
833 358
114 216
515 412
273 48
953 377
795 121
995 876
720 874
787 304
1084 603
189 916
123 327
499 386
297 325
569 445
836 763
444 308
133 50
811 16
634 494
577 379
633 100
699 544
380 807
564 708
291 459
272 848
1086 436
1033 69
179 353
359 94
252 451
1097 519
367 733
776 972
183 681
782 909
1057 638
955 660
568 817
508 528
119 678
450 600
132 535
1012 779
277 951
446 24
912 695
500 419
433 706
929 21
1040 801
375 600
406 664
796 28
1010 314
109 19
1059 472
925 961
697 502
508 179
555 680
116 611
315 722
493 397
663 722
584 236
492 756
664 709
905 30
513 512
805 73
153 546
839 206
1040 172
1011 298
740 66
1047 376
556 876
795 453
877 407
163 839
866 181
430 931
280 867
547 538
545 742
192 712
746 859
416 720
565 695
565 815
523 692
304 535
299 125
666 412
400 961
211 353
152 959
477 915
709 531
263 826
864 677
345 292
659 129
837 738
193 288
199 32
914 250
614 817
317 737
755 88
733 214
402 54
287 463
430 399
520 405
1036 343
769 893
742 479
105 639
646 709
456 240
964 626
402 87
284 992
315 786
260 92
693 325
693 797
512 640
855 466
226 925
550 796
160 292
1025 541
562 577
667 876
120 906
704 360
686 504
265 471
168 773
809 667
886 418
608 936
117 97
948 697
430 427
170 377
621 55
379 895
611 125
506 372
315 68
1044 253
717 120
866 601
236 56
392 441
973 372
148 232
544 352
243 956
355 467
514 52
1095 313
494 161
543 679
1095 68
976 757
867 500
472 943
330 48
866 491
718 260
230 195
499 805
1087 214
658 321
557 115
332 458
271 212
325 137
547 284
149 627
508 646
964 226
1061 411
172 248
843 524
806 352
570 621
354 66
473 580
519 200
609 950
896 844
523 386
744 550
261 126
532 209
663 866
760 692
170 763
783 157
1082 322
1083 647
338 548
809 862
1082 82
408 9
322 407
598 621
787 608
661 707
976 773
499 411
426 523
442 635
357 860
444 446
625 856
1048 665
448 731
811 256
528 884
830 308
306 522
643 437
988 596
736 161
959 270
242 427
777 685
1094 243
423 503
927 168
175 847
287 634
117 361
130 233
656 771
1048 731
761 424
1081 732
648 677
1036 479
649 760
213 701
562 812
981 956
911 206
1028 880
135 981
149 507
879 996
143 173
220 819
725 511
573 463
552 130
392 466
485 525
928 953
472 748
689 181
793 818
809 190
510 372
548 137
758 890
1092 173
180 939
563 480
710 675
788 535
1087 994
216 899
310 331
456 941
348 868
425 541
725 748
544 512
948 298
277 615
401 735
530 828
1031 35
846 425
969 591
195 780
816 77
379 294
425 560
431 215
792 541
234 515
381 75
867 768
947 39
250 721
234 943
936 977
604 71
461 215
639 389
255 83
818 943
233 839
375 577
917 986
851 296
399 302
1012 274
1033 120
805 527
134 288
599 240
592 587
1064 938
112 674
117 680
265 488
478 745
588 478
700 387
281 155
198 559
825 625
310 388
633 503
942 179
616 998
1024 729
162 177
712 136
702 554
811 93
235 24
362 47
123 731
405 422
1056 519
997 757
186 938
1036 227
692 588
469 680
139 636
497 710
655 148
575 42
315 398
1083 99
947 862
137 489
946 591
693 74
703 507
551 84
494 928
615 545
734 680
537 30
952 719
768 33
269 53
167 45
966 836
104 917
1046 417
872 593
268 183
888 900
211 625
750 72
282 366
752 277
964 233
568 878
646 440
773 431
848 822
555 443
892 617
601 758
321 254
274 801
331 282
1001 588
336 779
1003 121
538 277
842 448
168 392
962 657
720 183
987 556
144 776
264 521
621 366
405 104
823 7
181 370
524 225
787 286
665 609
395 509
475 877
671 743
904 816
1097 578
695 299
854 827
944 220
836 115
470 798
808 988
857 12
499 940
577 358
420 544
285 966
550 495
565 416
618 391
208 955
309 926
892 63
568 213
1082 596
734 621
272 754
656 331
476 254
645 272
597 761
461 659
794 619
138 7
278 987
1051 145
656 87
793 864
110 910
425 74
189 27
505 138
451 695
347 73
1097 853
201 570
172 153
562 338
540 642
872 194
498 382
703 218
706 297
671 255
992 894
345 644
1066 553
918 542
823 548
647 607
613 474
848 581
346 600
283 168
112 654
536 809
836 566
906 49
345 224
736 867
367 682
571 400
340 10
630 889
438 109
703 776
1082 42
473 361
283 849
988 473
781 895
348 751
583 623
243 894
441 758
212 709
459 296
270 554
958 577
145 338
344 734
112 638
405 854
791 234
836 509
839 808
671 905
590 956
363 635
1017 139
629 704
367 965
147 39
165 691
808 640
503 612
1053 162
541 250
234 694
170 68
795 307
1075 437
616 477
865 896
250 352
1090 859
853 234
1072 744
665 463
