
1070 1008
482 485
257 326
286 248
517 421
404 322
713 795
45 43
924 845
873 955
160 252
1 9
838 901
40 122
58 94
676 738
627 574
766 715
862 882
405 367
923 984
379 299
461 433
612 682
133 72
813 874
97 138
908 856
165 145
996 995
623 529
220 199
298 277
157 97
723 719
144 242
48 107
129 122
148 70
35 98
644 600
632 645
272 267
1040 972
977 895
312 213
778 748
567 487
965 923
1 29
616 674
569 540
628 554
493 467
76 46
733 710
575 553
288 191
775 724
723 730
912 988
64 90
354 340
565 549
210 196
922 865
775 678
566 570
934 936
626 722
742 651
194 123
485 431
483 508
617 585
876 853
653 642
896 992
652 725
220 286
727 812
900 859
563 663
56 88
157 179
280 187
537 619
284 261
920 846
124 192
239 261
459 514
931 886
504 530
910 849
382 294
795 799
485 391
351 330
289 298
865 790
250 275
738 826
75 72
788 866
947 951
651 748
595 685
993 956
663 564
265 183
338 400
637 721
206 207
328 323
618 611
64 116
139 109
806 795
412 343
912 862
715 685
1 10
929 881
1025 984
410 403
273 360
507 449
450 541
174 272
882 877
427 359
787 707
355 308
734 770
1 30
248 208
397 311
159 100
874 939
449 422
857 785
286 370
976 989
908 969
103 143
1071 972
1 28
117 61
697 638
424 348
439 347
74 66
442 391
568 638
195 295
854 826
281 196
433 449
845 855
224 143
487 487
181 140
496 564
690 615
124 135
575 564
374 360
766 793
149 163
776 859
793 760
674 711
696 662
90 159
732 660
214 268
935 948
228 315
619 676
349 341
734 689
964 894
644 706
484 490
491 478
628 671
1009 932
944 899
315 237
92 187
554 472
757 772
88 98
952 906
818 911
628 635
316 225
818 823
255 164
432 343
233 836
685 12
1053 703
926 577
401 456
22 60
491 207
163 443
51 426
36 26
833 87
359 689
740 182
715 799
361 824
1057 974
905 537
1007 582
745 88
723 226
829 596
62 968
977 815
25 706
877 357
57 420
37 393
446 36
358 946
264 759
933 944
1053 592
263 876
256 424
984 561
245 109
619 51
697 280
868 259
815 988
833 885
562 839
709 755
358 622
70 312
678 418
501 859
657 293
57 780
9 663
558 796
840 710
526 445
1008 308
763 157
996 470
526 38
189 718
617 99
728 707
1031 486
763 90
302 72
89 178
390 490
295 118
649 280
728 689
583 78
1012 762
992 331
131 200
566 50
575 752
652 173
178 795
741 970
657 266
674 62
28 34
161 55
814 217
192 193
812 304
911 572
959 122
856 505
142 747
588 285
149 868
155 142
452 179
139 949
596 232
159 543
410 556
549 484
28 716
388 619
869 940
868 939
197 799
161 371
554 163
315 174
556 414
606 732
595 973
235 854
983 960
752 135
579 368
155 83
940 450
472 839
130 174
953 493
220 510
411 589
576 624
522 434
50 894
691 174
49 835
461 968
944 388
1030 346
853 494
866 501
248 682
1023 937
1031 889
456 223
69 147
678 474
171 194
543 668
53 282
55 507
461 795
211 384
774 201
3 764
773 649
504 986
287 85
331 544
256 439
643 716
1049 15
255 752
514 701
113 995
74 75
564 967
591 99
452 226
150 569
752 925
318 939
1033 855
262 499
354 218
62 52
520 141
304 890
389 35
546 337
653 198
121 623
962 688
127 923
839 405
438 265
231 381
731 233
517 740
454 794
160 827
821 88
665 497
560 713
727 792
852 447
869 688
545 933
261 652
949 971
502 113
253 121
1041 18
19 882
462 691
425 261
990 161
609 388
322 317
990 986
1004 268
743 515
893 165
168 170
437 414
597 432
971 660
336 426
395 875
950 696
100 700
339 43
186 522
241 963
1064 945
182 750
576 485
212 234
875 82
318 984
896 887
492 149
214 245
333 225
315 778
41 86
157 967
829 465
940 120
353 218
722 435
696 291
243 386
933 910
78 499
188 75
388 131
174 248
109 737
55 208
505 61
210 887
174 147
294 528
713 953
716 426
753 952
530 718
926 167
481 302
186 666
593 899
816 22
136 56
201 604
304 234
156 611
447 424
353 65
450 544
301 716
685 708
653 490
1018 400
817 941
843 285
60 687
923 911
808 885
129 408
7 250
600 181
978 491
399 94
63 64
742 30
444 507
251 850
600 51
817 238
365 973
600 543
157 217
1062 578
747 242
417 325
158 759
272 237
253 295
293 157
677 25
518 842
657 908
137 677
86 813
763 509
873 657
840 722
637 991
219 671
602 282
667 166
784 313
1030 61
75 461
654 124
890 582
1034 616
1004 734
248 315
630 28
215 766
352 922
296 484
449 688
460 838
323 32
115 720
251 416
523 472
196 431
396 924
242 988
863 44
502 247
481 341
214 281
329 176
187 696
987 752
87 874
880 86
662 611
109 95
595 797
775 97
696 286
196 527
346 744
439 236
247 100
614 475
269 186
13 88
175 29
97 844
341 173
1008 859
444 598
833 375
885 844
625 704
464 756
273 425
182 351
870 404
523 357
1024 968
32 477
721 770
931 112
96 365
24 799
1017 79
239 384
403 242
756 944
952 560
222 925
386 508
1064 694
688 297
277 520
619 894
916 12
708 415
139 400
285 773
375 244
939 60
292 293
938 843
25 875
975 908
217 377
643 379
209 949
242 288
412 629
282 353
607 619
225 230
406 876
456 428
331 955
865 801
199 168
101 838
466 348
362 14
856 470
539 438
881 965
728 766
588 316
537 213
129 819
344 54
50 611
1067 555
944 789
637 791
331 965
275 11
812 483
1054 602
1039 382
303 962
1042 261
563 388
337 789
392 487
803 912
921 699
138 236
777 677
940 25
935 353
478 215
655 595
485 992
512 752
1052 740
85 825
413 257
683 597
258 183
805 796
294 732
330 989
11 993
408 124
860 479
84 429
100 978
581 44
905 907
892 189
509 130
774 851
412 777
1007 547
657 361
1053 615
60 666
627 257
911 100
69 711
598 374
1064 409
697 48
899 27
949 402
798 322
797 725
184 422
435 397
825 76
771 395
164 757
339 497
985 440
1 229
842 571
404 702
403 699
710 595
1021 486
285 848
934 942
784 742
825 525
740 620
510 515
391 933
711 195
155 857
582 862
175 987
624 392
477 590
638 497
901 498
992 952
985 635
397 462
172 222
966 204
594 626
686 284
450 669
370 726
408 73
767 428
283 226
976 743
808 181
889 304
96 181
571 430
832 152
209 885
173 295
697 734
440 749
728 681
356 656
809 742
669 384
991 948
362 659
804 171
207 89
66 329
601 847
1008 299
350 589
492 406
537 197
171 81
1061 664
972 75
236 817
665 818
314 857
784 602
485 447
1010 920
643 277
343 902
217 830
395 370
973 268
1032 479
453 658
64 269
128 730
406 814
55 556
253 19
913 992
178 680
546 127
1065 955
797 834
796 994
399 524
764 662
9 101
633 635
190 687
74 157
268 839
852 231
107 777
68 714
965 710
316 160
707 457
930 818
654 816
1051 156
1018 453
511 298
961 959
681 305
214 186
582 318
76 634
342 779
520 546
533 731
957 261
104 566
68 27
821 233
378 397
198 171
369 530
169 556
138 18
39 925
148 376
155 943
547 35
527 355
355 712
45 707
335 77
646 536
260 34
782 355
970 943
4 44
755 692
613 710
757 425
9 737
158 463
915 260
936 213
971 426
608 340
673 504
232 510
526 700
530 449
449 420
977 724
293 80
842 439
208 197
279 989
959 912
10 698
161 967
464 492
347 531
919 943
766 509
245 462
164 838
897 31
650 704
886 66
77 810
1002 728
93 301
50 730
1062 291
272 172
135 11
342 923
381 593
863 800
796 179
797 683
964 911
388 396
261 261
453 797
22 942
893 604
972 552
111 283
182 632
891 984
30 337
513 667
376 804
397 812
667 170
280 131
309 534
407 676
10 227
585 880
895 789
455 753
124 784
737 959
396 971
832 841
267 750
333 454
226 737
522 894
571 943
8 671
925 752
692 676
583 534
859 702
613 586
267 638
306 529
67 886
228 896
760 449
723 923
800 180
73 575
327 914
745 792
1047 281
10 707
554 406
469 351
988 477
194 219
402 608
889 51
1014 303
871 251
474 643
454 663
510 609
970 518
403 847
185 514
781 904
125 417
974 545
638 987
476 628
726 109
727 149
355 497
166 817
234 512
88 640
75 522
488 620
146 729
856 111
741 666
407 373
833 837
413 301
302 484
168 156
350 746
152 675
84 55
496 14
781 809
539 585
123 725
369 226
107 170
858 989
220 78
582 111
577 36
485 343
915 359
598 304
219 24
329 31
646 379
48 141
762 143
571 230
246 551
202 307
191 403
7 984
527 427
201 571
225 62
740 664
875 230
722 373
590 858
237 828
1051 372
940 101
19 175
436 914
310 181
440 514
414 770
200 984
102 409
235 962
422 246
544 940
553 776
558 409
519 367
647 635
699 697
571 50
628 637
76 444
884 993
646 392
507 313
301 589
664 700
478 418
483 769
49 890
1040 453
71 449
708 686
112 258
282 555
969 751
380 122
339 379
737 884
691 565
541 940
136 939
735 983
859 627
541 702
652 907
802 567
3 36
731 260
449 674
168 301
386 165
609 523
771 27
345 811
496 498
847 205
569 303
938 627
44 77
1030 976
822 535
565 34
507 593
914 334
819 994
141 828
687 386
467 140
175 542
1045 157
570 869
441 588
1014 292
580 780
839 538
594 334
702 810
137 810
90 787
128 11
882 787
953 53
466 788
705 785
509 922
999 643
203 542
874 445
336 854
904 538
711 663
336 569
117 992
424 954
210 459
777 526
482 543
460 611
241 445
720 967
1032 157
130 153
1060 123
847 168
671 717
221 475
382 91
672 303
684 379
880 566
944 653
300 932
391 861
896 90
921 74
936 391
629 268
599 35
836 649
408 398
948 525
378 824
1001 482
209 325
160 772
679 403
776 957
984 176
981 443
839 927
621 404
285 295
103 800
465 737
549 161
541 588
681 203
733 335
1014 453
587 861
30 19
884 941
202 380
253 317
301 237
970 507
408 822
47 677
280 655
345 863
883 902
681 764
800 800
617 242
386 456
299 937
418 506
498 158
998 520
154 839
788 425
898 911
649 164
419 25
732 66
588 443
266 555
836 639
186 857
379 734
816 330
664 382
910 354
353 587
972 983
648 163
759 956
644 57
654 357
932 880
567 624
293 787
739 824
223 768
365 170
391 694
441 122
1064 256
378 608
663 335
173 736
617 785
733 355
1060 980
1038 397
716 266
346 55
662 51
280 920
139 922
999 776
618 684
1033 510
890 613
475 969
518 336
453 472
824 494
66 234
417 534
715 420
1064 422
321 522
300 126
783 110
654 982
603 928
600 767
899 439
903 731
882 91
158 890
522 566
514 349
865 444
449 544
689 123
417 757
759 95
29 758
108 140
31 85
48 783
636 562
245 574
400 232
413 348
58 252
718 344
413 148
621 524
475 704
3 456
771 779
742 936
83 312
857 550
742 453
387 456
459 139
549 651
913 948
762 655
407 931
999 139
460 722
1059 763
221 270
750 214
809 941
1042 860
111 90
513 78
757 661
956 840
947 896
331 397
1021 418
518 582
660 853
616 362
222 9
574 811
182 894
507 67
432 983
819 308
1023 286
427 858
1063 850
1054 237
149 420
654 428
1013 849
289 19
612 923
58 186
490 994
428 871
544 950
732 185
187 695
82 687
178 391
650 478
707 503
704 382
430 835
1046 645
71 846
1029 72
533 356
741 359
401 186
291 369
257 819
764 281
390 507
