
1250 2543
94 485
506 326
416 248
992 421
649 322
237 795
457 43
815 845
446 955
422 252
791 9
359 901
667 122
598 94
7 738
544 574
334 715
766 882
994 367
893 984
633 299
131 433
428 682
700 72
617 874
874 138
720 856
419 145
794 995
196 529
997 199
116 277
908 97
539 719
707 242
569 107
537 122
931 70
726 98
487 600
772 645
513 267
81 972
943 895
58 213
303 748
764 487
536 923
724 29
789 674
479 540
142 554
339 467
641 46
196 710
494 553
66 191
824 724
208 730
711 988
800 90
314 340
289 549
401 196
466 865
689 678
833 570
225 936
244 722
849 651
113 123
379 431
361 508
65 585
486 853
686 642
286 992
889 725
24 286
491 812
891 859
90 663
181 88
214 179
17 187
472 619
418 261
419 846
356 192
682 261
306 514
201 886
385 530
952 849
500 294
194 799
737 391
324 330
992 298
224 790
260 275
97 826
210 72
649 866
919 951
63 748
958 685
804 956
518 564
428 183
537 400
346 721
153 207
971 323
662 611
197 116
91 109
529 795
126 343
747 862
469 685
770 10
934 881
723 984
895 403
568 360
172 449
958 541
383 272
308 877
970 359
583 707
48 308
930 770
569 30
3 208
20 311
609 100
887 939
825 422
930 785
904 370
241 989
379 969
376 143
962 972
889 28
443 61
216 638
338 348
160 347
406 66
159 391
31 638
204 295
420 826
153 196
425 449
331 855
565 143
838 487
9 140
918 564
533 615
232 135
957 564
591 360
576 793
746 163
377 859
858 760
86 711
434 662
558 159
279 660
840 268
735 948
574 315
126 676
912 341
739 689
821 894
625 706
917 490
201 478
993 671
149 932
52 899
759 237
267 187
256 472
783 772
117 98
516 906
180 911
25 635
380 225
712 823
266 164
216 343
448 732
541 502
664 740
954 576
726 612
772 902
531 454
943 411
750 973
327 703
917 850
5 77
113 220
913 802
791 403
998 181
859 10
345 525
431 919
675 668
833 527
438 462
523 291
916 605
420 457
115 405
660 417
261 279
772 685
388 596
764 307
843 224
206 322
407 840
639 975
852 401
542 91
60 327
757 330
82 182
637 603
93 793
614 615
136 733
187 864
102 16
972 863
163 987
501 306
477 34
492 840
121 700
80 706
138 787
660 105
229 834
827 798
448 310
230 609
832 690
489 561
586 579
291 60
665 388
660 309
702 407
153 200
606 313
123 970
253 33
709 273
832 277
108 997
888 40
481 227
283 860
858 940
284 608
711 990
850 590
239 806
943 52
195 801
95 764
410 710
664 386
900 593
112 50
963 494
754 156
458 936
19 965
225 86
569 723
97 184
194 868
754 340
602 412
61 487
695 209
347 346
719 860
100 307
97 95
843 821
745 941
286 821
492 587
116 201
531 665
424 527
253 812
426 424
413 459
980 343
291 836
833 506
486 179
9 916
575 430
922 596
145 808
897 269
404 512
742 811
728 685
269 567
103 776
745 855
35 718
779 853
71 97
80 146
842 746
128 15
941 965
227 512
30 480
342 958
605 665
531 191
364 964
359 515
867 606
820 822
313 536
207 693
911 19
308 335
430 101
685 922
641 294
113 910
141 410
690 250
700 546
559 729
481 609
503 720
766 976
7 759
882 798
859 74
182 648
425 299
542 785
683 846
853 390
938 897
89 416
624 837
181 247
878 293
933 144
580 938
252 467
207 480
658 955
20 665
954 26
347 564
759 449
446 26
14 521
657 301
710 321
980 613
188 388
636 879
203 990
432 188
129 963
630 820
509 300
237 822
373 255
838 277
395 153
692 400
103 227
218 518
384 447
931 315
396 813
389 324
640 502
287 299
297 780
977 376
512 516
219 212
555 329
398 810
289 486
798 485
598 416
49 952
572 894
697 358
770 21
725 647
542 44
214 683
887 361
45 814
94 231
282 8
82 165
319 496
626 699
146 852
541 459
874 535
725 314
777 944
554 306
208 459
787 637
976 447
912 408
444 107
3 962
301 565
164 407
437 857
652 317
764 98
41 818
737 600
176 288
136 902
128 567
394 190
235 749
42 908
824 276
684 748
979 592
568 393
367 363
52 163
642 983
335 179
126 16
130 478
583 259
129 868
752 295
167 596
856 71
640 622
770 864
431 644
195 5
448 365
701 429
952 64
880 854
168 770
79 88
961 157
472 368
217 421
709 719
147 271
296 975
909 816
764 962
251 535
878 438
753 696
570 881
253 318
666 45
931 52
433 496
810 313
678 138
123 334
212 988
561 53
170 815
646 57
341 637
116 739
453 216
913 827
71 817
356 9
832 540
573 851
998 316
462 171
562 378
28 120
372 508
350 496
153 611
542 689
65 554
412 695
28 950
557 573
965 942
780 114
118 947
775 969
714 519
463 377
477 355
987 328
52 850
643 68
522 89
97 408
977 624
596 905
479 937
651 534
512 396
352 261
912 746
699 294
288 104
824 290
268 484
304 829
702 540
657 528
654 973
347 422
895 259
498 188
543 871
566 290
265 566
873 447
889 406
280 659
197 948
903 499
15 326
492 113
805 447
732 358
619 217
71 566
821 121
255 991
32 481
964 681
538 798
523 529
48 340
310 846
504 165
291 421
852 750
543 751
878 584
715 219
309 501
29 758
652 704
792 371
277 974
192 321
849 586
380 213
969 61
889 484
286 896
634 231
854 879
92 459
344 720
428 943
519 554
700 127
901 738
647 685
207 754
674 853
248 759
102 790
931 322
259 319
299 664
498 760
455 343
360 710
733 802
466 256
262 852
816 509
484 14
896 958
285 505
921 929
840 299
474 102
280 896
194 548
944 484
267 700
843 162
739 730
988 862
660 574
173 94
459 482
791 940
768 286
164 447
890 91
838 989
800 365
326 538
96 68
958 554
705 106
621 240
162 47
43 601
85 362
862 757
702 736
584 396
485 858
393 731
983 101
310 662
674 160
757 603
266 614
574 185
188 28
718 560
752 538
390 462
379 942
265 352
24 487
892 989
267 375
665 327
521 51
572 963
272 830
908 517
536 583
972 778
817 972
474 846
351 44
266 219
564 951
236 65
250 923
362 800
20 720
861 863
797 75
646 97
325 232
739 190
327 631
503 871
680 394
503 659
90 308
329 813
458 347
545 518
652 253
149 682
466 985
918 555
247 545
672 339
794 742
591 225
801 856
877 803
897 67
863 100
789 207
881 240
76 510
215 932
298 177
368 680
138 627
180 978
737 271
240 46
278 433
583 529
319 625
231 734
183 880
163 124
375 36
609 844
83 677
61 860
532 515
520 656
282 37
292 248
387 7
14 306
482 458
271 108
722 111
481 237
669 428
170 557
668 752
633 19
934 146
652 618
351 950
679 32
786 658
543 68
734 124
566 323
213 822
239 267
145 732
512 725
753 543
103 16
310 48
954 353
50 983
328 919
202 985
726 910
470 499
801 126
277 876
539 24
876 58
592 672
106 26
81 964
780 110
832 207
758 744
565 864
667 297
11 375
493 381
787 454
630 373
920 704
644 900
199 920
480 748
736 241
303 414
459 357
982 714
133 167
750 226
994 124
577 736
393 40
111 590
710 19
351 465
329 672
233 207
720 524
287 737
652 724
513 318
251 279
795 387
728 717
204 298
445 435
789 515
742 146
394 209
493 601
417 271
124 899
321 987
461 274
606 908
703 992
674 811
873 5
239 298
497 86
391 88
244 82
419 39
958 714
777 794
305 152
695 53
86 253
107 646
395 431
410 742
601 699
258 448
666 213
175 266
802 334
418 499
817 415
169 110
776 647
79 468
539 721
362 665
813 890
247 88
336 663
509 63
526 838
321 19
325 69
798 625
8 139
486 507
350 708
360 792
44 838
11 169
700 586
506 812
458 707
663 37
699 388
676 731
528 461
369 706
446 881
395 248
591 791
471 142
598 822
268 54
94 942
600 819
189 402
650 938
141 679
870 533
385 391
429 119
706 311
888 867
705 791
714 693
908 787
687 141
997 680
855 24
657 805
67 172
954 676
129 229
482 27
635 53
711 42
824 879
198 257
910 536
623 863
423 583
93 621
460 315
235 576
276 125
621 176
235 357
573 416
39 712
236 135
535 526
247 302
849 107
669 752
995 317
7 647
521 301
407 776
392 785
615 254
230 395
188 295
255 585
523 827
834 735
852 20
917 947
943 944
688 51
70 481
312 354
148 35
655 430
219 210
442 754
595 572
554 972
107 295
160 410
770 724
578 616
328 603
997 185
714 598
371 728
111 790
890 941
677 592
244 743
290 890
643 950
978 299
343 142
518 311
534 953
740 240
10 170
797 738
900 880
646 886
287 56
279 300
47 643
678 98
392 907
426 692
720 915
761 596
751 684
176 799
952 480
362 499
410 734
44 867
307 995
119 533
140 985
121 737
985 450
460 356
145 132
397 182
93 730
145 504
393 961
200 162
163 491
448 33
840 429
251 579
177 500
251 460
813 607
947 693
934 604
492 906
881 347
473 567
304 508
813 984
889 25
525 672
797 151
289 590
13 260
477 448
214 754
771 481
316 526
536 623
331 65
180 901
582 199
480 442
133 405
207 802
608 307
90 659
607 815
458 185
951 621
130 933
916 146
979 476
677 376
657 870
979 256
623 692
566 906
211 920
466 210
843 974
997 734
869 319
834 616
403 620
715 520
336 156
469 483
730 954
8 132
251 233
30 447
663 837
254 242
593 670
480 272
521 294
568 542
530 524
271 784
938 911
896 269
488 14
373 798
679 433
726 844
721 162
798 757
161 669
699 633
148 719
459 575
250 624
550 294
652 824
502 746
113 35
945 882
318 473
829 711
93 227
66 439
384 325
420 110
440 912
213 448
555 573
16 357
641 390
779 346
670 8
892 672
855 113
439 914
17 76
285 283
484 674
933 160
944 572
866 104
678 182
903 840
904 964
862 34
207 36
109 455
582 279
348 542
932 712
736 611
15 255
80 139
901 104
708 693
886 101
517 882
777 205
458 742
39 662
787 47
721 439
110 152
718 164
856 364
423 279
808 80
483 329
200 396
17 443
473 896
190 713
474 550
142 789
347 454
749 195
679 439
581 502
274 232
832 670
40 676
829 763
37 346
993 411
791 94
28 12
58 129
294 506
242 145
582 344
44 890
64 459
43 495
35 834
911 813
636 134
140 381
287 422
539 444
399 514
969 356
258 601
387 385
169 357
569 465
414 99
214 559
169 35
174 165
884 831
626 352
339 166
729 867
829 71
34 206
925 325
491 757
718 974
195 675
601 362
617 812
468 427
38 671
524 604
633 54
406 634
565 249
346 96
512 534
206 496
665 783
157 166
505 590
480 144
112 206
565 178
801 774
998 685
220 203
78 931
815 903
61 367
629 756
422 537
662 843
882 604
342 856
464 232
910 278
532 143
347 219
137 238
228 750
957 686
869 359
37 328
73 665
982 24
116 730
584 944
542 629
847 20
692 343
294 209
173 379
165 541
642 416
97 422
539 565
188 614
461 376
708 27
178 205
36 386
817 915
218 824
117 12
59 349
211 380
96 650
231 154
67 770
78 937
705 88
161 306
890 187
268 878
573 215
236 847
751 602
670 882
335 238
188 292
868 312
845 30
32 561
819 389
361 78
543 7
394 734
675 237
839 651
852 877
463 578
782 101
173 79
85 527
972 924
764 191
497 154
405 583
203 216
850 570
324 717
816 689
674 748
295 633
257 727
928 826
453 412
972 19
831 287
751 395
904 14
565 175
279 290
156 350
772 868
451 529
310 882
664 133
211 349
681 632
401 201
37 587
179 464
549 81
581 701
765 233
405 163
627 12
742 768
542 312
108 697
104 348
377 308
435 820
592 815
232 849
980 304
151 937
165 976
534 484
105 815
449 134
109 123
650 756
644 298
567 467
355 356
793 862
356 485
988 186
704 905
537 410
744 679
625 143
277 907
536 908
587 389
585 557
10 943
722 192
335 539
420 587
437 432
439 375
935 591
374 469
777 976
667 346
128 414
192 830
571 190
831 575
206 730
377 857
467 879
553 670
67 329
616 971
185 106
240 180
832 165
296 40
979 10
792 8
801 509
799 996
713 721
211 912
405 127
188 537
459 701
568 942
614 775
966 522
181 976
234 332
882 688
726 924
33 63
253 684
348 35
582 131
177 907
206 982
488 141
162 563
488 321
820 276
39 506
522 838
535 552
361 227
709 286
84 437
977 735
908 739
357 593
784 81
537 168
687 536
237 707
492 255
908 71
580 566
387 791
246 65
870 397
48 107
845 533
252 383
86 667
776 782
780 349
137 963
279 913
393 466
449 681
186 719
325 362
331 891
893 592
17 198
185 162
770 105
131 701
249 353
830 717
345 90
691 441
86 556
719 927
79 696
48 555
192 422
406 875
702 252
546 314
866 268
499 112
819 817
419 227
719 781
326 971
702 900
180 85
299 203
660 333
836 510
161 744
640 194
369 56
465 459
251 885
74 208
115 82
182 781
520 825
34 579
428 443
923 341
382 503
892 417
373 699
665 588
854 372
836 146
450 389
986 928
784 573
329 951
259 341
259 247
707 285
896 894
366 720
958 359
241 846
83 688
640 666
296 614
793 302
682 796
362 115
208 411
819 128
216 426
149 432
798 993
261 621
218 442
673 226
601 949
273 846
101 847
581 80
929 330
522 125
741 584
47 659
844 735
746 284
358 839
786 214
765 118
608 655
156 246
820 832
588 952
236 558
132 876
12 890
518 424
706 354
833 291
790 16
797 21
666 577
202 902
524 381
128 519
916 821
913 514
301 491
957 501
757 49
825 994
889 729
894 280
93 72
395 133
928 577
877 116
513 477
661 449
467 648
325 195
74 446
494 756
215 854
189 73
900 591
782 57
381 377
94 869
366 688
717 595
453 700
943 283
483 766
109 645
420 426
81 368
519 554
607 965
70 555
714 185
169 753
607 656
208 490
345 667
475 741
312 799
677 187
252 707
824 162
580 300
69 762
347 281
738 383
391 214
722 108
278 683
887 886
957 124
357 452
483 292
712 454
875 613
284 478
155 453
396 339
599 839
936 490
151 678
722 151
636 713
78 888
542 486
422 837
521 350
821 200
156 531
394 221
224 763
864 495
405 468
354 141
626 537
492 666
711 66
860 481
223 169
882 869
283 733
686 263
619 325
879 110
863 990
430 294
354 632
200 769
386 350
469 738
871 369
22 391
14 528
11 202
411 581
729 152
770 343
334 341
265 363
525 504
742 184
558 756
779 502
334 779
942 123
213 677
769 67
926 20
602 47
395 547
874 797
629 925
398 845
533 217
275 996
327 674
720 585
603 6
592 932
345 155
820 696
242 836
826 613
864 60
77 275
79 354
515 613
575 890
563 772
798 890
23 938
444 156
336 445
155 564
217 12
814 494
55 620
774 117
362 746
225 602
200 83
731 797
152 646
549 775
14 464
727 633
490 53
94 805
305 879
866 520
957 403
944 62
603 254
283 940
102 384
348 87
954 157
204 170
353 344
834 427
46 522
447 884
60 469
150 562
708 715
543 778
435 541
874 31
680 636
642 599
330 199
264 948
601 764
406 781
538 304
820 980
959 722
993 977
194 854
381 857
523 118
225 912
494 275
23 929
535 884
457 274
676 215
253 909
415 735
339 989
247 187
965 859
546 272
555 743
53 655
16 440
547 983
405 437
529 795
255 866
329 575
389 970
707 941
766 174
825 54
421 617
423 670
884 422
942 132
901 501
900 509
729 616
293 475
665 216
73 967
266 491
385 64
919 116
304 649
465 364
306 444
867 449
840 67
453 373
358 633
913 978
794 697
536 723
530 15
332 901
834 696
693 144
197 363
712 27
669 200
433 883
715 669
381 874
997 833
558 422
717 536
203 652
376 611
407 450
609 125
109 10
195 176
228 282
