
890 997
585 485
194 94
426 326
606 506
348 248
516 416
521 421
1092 992
422 322
749 649
895 795
337 237
143 43
557 457
945 845
915 815
1055 955
546 446
352 252
522 422
109 9
891 791
1001 901
459 359
222 122
767 667
194 94
698 598
838 738
107 7
674 574
644 544
815 715
434 334
982 882
866 766
467 367
1094 994
1084 984
993 893
399 299
733 633
533 433
231 131
782 682
528 428
172 72
800 700
974 874
717 617
238 138
974 874
956 856
820 720
245 145
519 419
1095 995
894 794
629 529
296 196
299 199
1097 997
377 277
216 116
197 97
1008 908
819 719
639 539
342 242
807 707
207 107
669 569
222 122
637 537
170 70
1031 931
198 98
826 726
700 600
587 487
745 645
872 772
367 267
613 513
1072 972
181 81
995 895
1043 943
313 213
158 58
848 748
403 303
587 487
864 764
1023 923
636 536
129 29
824 724
774 674
889 789
640 540
579 479
654 554
242 142
567 467
439 339
146 46
741 641
810 710
296 196
653 553
594 494
291 191
166 66
824 724
924 824
830 730
308 208
1088 988
811 711
190 90
900 800
440 340
414 314
649 549
389 289
296 196
501 401
965 865
566 466
778 678
789 689
670 570
933 833
1036 936
325 225
822 722
344 244
751 651
949 849
223 123
213 113
531 431
479 379
608 508
461 361
685 585
165 65
953 853
586 486
742 642
786 686
1092 992
386 286
825 725
989 889
386 286
124 24
912 812
591 491
959 859
991 891
763 663
190 90
188 88
281 181
279 179
314 214
287 187
117 17
719 619
572 472
361 261
518 418
946 846
519 419
292 192
456 356
361 261
782 682
614 514
406 306
986 886
301 201
630 530
485 385
949 849
1052 952
394 294
600 500
899 799
294 194
491 391
837 737
430 330
424 324
398 298
1092 992
890 790
324 224
264 673
916 125
276 449
577 508
276 181
958 350
570 525
750 38
537 605
207 931
881 36
425 680
779 414
1078 697
962 774
456 926
456 278
464 568
622 538
948 633
612 353
944 240
1058 553
391 86
770 31
958 867
974 344
260 396
875 411
951 91
225 333
961 80
407 202
739 530
516 132
574 334
863 950
802 542
1039 391
327 128
881 747
430 975
440 845
964 758
487 208
132 652
343 516
724 317
154 213
662 978
911 571
791 829
282 371
916 935
318 624
137 843
156 962
430 274
373 511
992 898
227 531
911 655
204 853
553 689
524 256
743 283
1009 832
1064 122
992 44
933 42
293 958
1031 362
1070 732
860 143
319 905
305 556
597 238
805 181
226 168
112 465
324 241
313 510
964 584
752 506
971 877
891 196
395 702
286 58
232 56
285 371
430 504
1004 192
372 371
993 558
285 477
729 619
644 356
157 974
125 417
122 934
152 676
817 501
827 505
953 618
354 276
987 827
775 755
615 94
142 502
927 20
899 811
992 393
415 841
577 733
546 676
353 468
884 362
1023 331
842 460
589 151
363 833
381 785
358 21
239 642
379 194
904 540
457 122
947 942
849 131
912 541
778 302
1071 10
380 15
387 809
667 307
288 28
295 793
617 136
847 949
1067 249
729 11
632 546
181 214
233 389
796 235
621 106
536 235
732 648
1091 35
840 396
1096 168
851 506
777 14
213 642
111 782
587 346
225 18
1022 966
460 635
319 136
320 946
954 736
512 180
204 135
148 456
803 624
948 381
461 529
641 857
758 34
295 502
953 809
461 851
1087 357
799 694
618 213
117 576
430 922
423 147
948 997
1032 622
592 275
1066 110
1009 568
1051 58
113 207
574 664
638 786
910 968
525 472
268 778
791 224
864 221
218 265
873 739
795 987
572 618
848 295
356 162
537 420
363 843
312 297
413 854
335 357
597 280
258 983
265 343
817 188
221 939
478 826
941 888
845 119
960 698
951 635
1069 148
240 477
1019 653
924 386
570 458
217 537
1075 261
166 868
535 339
523 415
478 487
625 959
212 479
572 95
276 428
217 785
1013 777
818 846
349 826
941 271
971 768
1009 793
711 197
647 988
585 752
707 342
767 640
570 307
768 18
513 201
158 536
440 957
760 374
571 299
790 318
1021 775
197 325
979 595
729 169
464 435
520 817
959 507
401 21
163 451
938 519
690 162
137 611
1051 777
388 810
317 956
836 545
666 290
549 500
139 740
413 579
894 599
648 816
600 175
766 551
831 69
238 455
918 724
1037 236
365 806
181 714
782 614
348 35
754 458
817 474
110 286
118 182
116 558
765 699
378 963
828 595
484 81
847 920
624 687
1041 546
339 94
290 475
682 41
359 82
206 126
596 671
177 482
978 890
840 354
739 909
800 863
535 182
109 342
1073 796
517 277
424 947
733 149
1086 657
389 721
1023 859
978 744
880 960
601 907
684 162
528 730
114 335
496 473
797 846
183 145
547 578
269 868
586 217
155 710
408 339
402 132
510 19
888 459
1019 149
1049 650
521 447
214 742
1053 625
997 836
604 67
630 978
1076 488
825 296
682 646
863 607
753 558
316 49
992 975
688 502
407 16
685 606
707 77
738 588
497 486
660 942
528 734
633 945
1095 924
953 508
1030 733
492 431
506 612
264 469
1038 312
504 654
753 37
194 64
835 428
759 687
975 526
201 353
435 953
326 262
898 439
212 226
249 386
174 184
406 134
783 771
864 206
176 752
1091 762
977 34
850 806
174 719
713 85
568 912
611 797
853 652
533 117
586 893
175 195
771 187
298 575
961 15
463 615
999 865
562 559
742 940
753 493
190 354
739 206
880 286
436 739
1047 89
1011 413
872 134
847 696
499 229
626 409
485 234
421 966
321 101
509 862
951 959
274 387
225 412
428 861
460 736
708 952
370 873
1056 107
782 469
484 658
171 532
568 962
509 853
870 511
199 579
1016 859
1031 801
820 460
244 207
920 534
192 249
272 460
752 49
560 514
477 745
516 435
756 938
509 932
149 316
691 397
491 445
225 531
523 458
826 16
742 868
336 145
146 302
528 681
1003 301
332 181
551 594
415 223
1073 944
386 609
722 501
980 457
840 974
643 652
435 883
513 406
1025 925
180 328
132 397
622 584
866 306
694 741
123 725
1057 654
733 851
162 585
561 738
707 7
673 912
751 298
761 681
1050 437
625 408
461 603
670 296
582 465
155 236
571 244
309 434
662 952
440 24
346 760
441 811
408 993
241 862
364 980
783 486
952 96
769 475
522 434
447 517
708 280
170 139
803 859
226 637
267 951
217 770
455 973
1006 448
499 900
551 624
782 250
650 474
1013 618
801 20
852 30
717 723
142 807
116 513
994 540
226 556
685 640
179 264
206 85
1086 110
229 798
769 215
1073 361
136 904
594 536
854 367
861 753
477 362
620 414
251 251
986 241
380 219
872 519
787 107
761 616
862 984
326 641
378 248
437 950
145 367
483 630
328 323
236 906
185 407
558 914
743 624
706 154
810 677
851 902
1024 637
772 637
278 252
141 636
542 361
383 239
427 303
645 700
384 53
286 220
562 9
745 287
370 681
234 742
1072 993
416 34
867 600
920 845
825 313
676 244
1053 887
963 377
1064 934
726 924
712 68
313 910
560 945
675 280
519 49
262 538
254 678
460 80
942 657
710 143
795 341
509 225
822 91
949 681
558 933
871 272
362 622
561 519
828 310
985 346
629 214
403 615
157 100
531 351
1052 687
1032 553
857 888
140 167
353 839
673 978
263 469
1028 745
897 950
422 673
450 982
253 353
558 499
395 622
405 344
505 469
975 139
111 781
748 922
743 227
325 265
377 891
735 916
532 401
553 509
421 631
907 934
579 948
508 712
689 496
1083 570
347 563
369 408
152 876
812 547
380 19
849 742
263 758
284 836
201 514
846 293
808 984
184 255
712 889
760 152
347 484
639 985
434 170
699 126
855 520
322 322
1024 7
733 987
214 506
160 594
395 75
697 824
428 370
393 110
680 540
531 289
917 175
626 986
351 391
450 282
338 52
953 299
1040 31
779 323
167 934
855 896
723 156
375 936
410 728
422 765
368 703
1045 968
688 555
863 190
372 512
1040 830
141 330
989 979
817 668
118 347
610 893
364 12
721 633
434 106
277 108
512 983
494 439
265 983
122 788
213 903
1049 8
249 294
147 442
575 137
969 204
111 826
668 837
185 418
492 948
660 279
467 360
773 556
183 359
755 144
341 864
643 643
1017 521
224 833
635 949
284 252
904 496
555 225
883 182
676 415
514 533
1033 775
830 261
821 671
906 398
703 214
582 738
813 890
646 664
1011 910
678 15
368 373
194 799
711 464
209 493
333 705
993 835
137 865
958 720
802 688
528 875
692 788
184 130
903 959
862 27
158 843
640 489
634 506
141 613
222 548
456 147
958 475
153 313
631 400
167 204
405 949
249 230
961 591
823 687
1008 743
331 204
936 254
427 396
826 77
831 112
1021 856
367 279
128 579
201 935
791 899
607 753
922 457
703 431
1058 729
419 478
636 125
934 635
745 180
596 196
277 761
649 935
1006 910
140 372
515 816
715 406
381 460
160 840
728 475
470 362
912 430
983 584
608 730
427 911
234 133
447 326
663 227
616 219
635 827
228 360
1035 131
402 142
292 754
372 225
178 428
793 661
210 164
1071 807
429 545
629 876
885 226
968 876
1007 837
548 261
786 162
247 873
902 996
730 342
167 389
642 74
973 718
879 583
1017 470
390 731
111 870
386 353
223 806
925 760
495 471
332 643
635 943
370 977
350 298
669 158
257 827
246 39
648 637
516 563
339 539
558 347
354 533
137 183
523 523
177 790
576 38
128 435
1034 880
820 756
123 905
1090 583
510 733
205 144
495 767
939 560
990 676
589 43
711 400
928 563
393 273
883 416
681 680
582 685
318 137
589 432
426 269
649 889
758 548
857 456
938 738
136 906
785 701
753 468
331 316
271 154
744 151
140 250
223 264
1046 296
782 989
769 671
919 131
1004 358
1073 362
143 299
475 332
996 369
481 822
377 56
333 686
194 195
289 426
1048 417
998 986
954 682
671 873
