1806 2050
94 485
506 326
416 248
992 421
649 322
237 795
457 43
815 845
446 955
422 252
791 9
359 901
667 122
598 94
7 738
544 574
334 715
766 882
994 367
893 984
633 299
131 433
428 682
700 72
617 874
874 138
720 856
419 145
794 995
196 529
997 199
116 277
908 97
539 719
707 242
569 107
537 122
931 70
726 98
487 600
772 645
513 267
81 972
943 895
58 213
303 748
764 487
536 923
724 29
789 674
479 540
142 554
339 467
641 46
196 710
494 553
66 191
824 724
208 730
711 988
800 90
314 340
289 549
401 196
466 865
689 678
833 570
225 936
244 722
849 651
113 123
379 431
361 508
65 585
486 853
686 642
286 992
889 725
24 286
491 812
891 859
90 663
181 88
214 179
17 187
472 619
418 261
419 846
356 192
682 261
306 514
201 886
385 530
952 849
500 294
194 799
737 391
324 330
992 298
224 790
260 275
97 826
210 72
649 866
919 951
63 748
958 685
804 956
518 564
428 183
537 400
346 721
153 207
971 323
662 611
197 116
91 109
529 795
126 343
747 862
469 685
770 10
934 881
723 984
895 403
568 360
172 449
958 541
383 272
308 877
970 359
583 707
48 308
930 770
569 30
3 208
20 311
609 100
887 939
825 422
930 785
904 370
241 989
379 969
376 143
962 972
889 28
443 61
216 638
338 348
160 347
406 66
159 391
31 638
204 295
420 826
153 196
425 449
331 855
565 143
838 487
9 140
918 564
533 615
232 135
957 564
591 360
576 793
746 163
377 859
858 760
86 711
434 662
558 159
279 660
840 268
735 948
574 315
126 676
912 341
739 689
821 894
625 706
917 490
201 478
993 671
149 932
52 899
759 237
267 187
256 472
783 772
117 98
516 906
180 911
25 635
380 225
712 823
266 164
216 343
480 530
489 480
458 548
519 500
512 541
484 459
468 488
459 484
452 525
480 495
511 493
491 541
464 500
518 549
458 539
511 545
451 502
480 529
536 473
465 500
454 485
521 466
523 546
520 544
477 491
450 542
476 510
516 514
506 495
468 533
522 492
480 533
508 459
537 462
523 498
452 519
485 470
495 502
528 513
450 514
546 465
536 463
492 466
494 513
529 482
529 488
536 484
529 473
484 491
542 498
477 550
508 507
478 485
546 555
453 502
455 532
461 486
504 504
484 505
475 516
492 557
532 510
543 492
534 488
548 519
458 526
536 545
526 520
497 500
511 533
525 548
482 465
454 530
544 472
520 474
472 472
505 507
508 462
470 466
523 538
464 520
484 472
502 501
514 549
503 512
516 480
529 495
467 519
476 503
476 510
463 541
530 536
521 514
537 518
506 527
458 499
478 499
517 481
515 523
525 479
524 553
494 522
481 525
529 515
467 464
548 522
491 501
461 504
532 495
540 534
448 494
494 492
499 506
515 502
518 555
452 466
485 556
504 470
505 505
525 516
533 552
484 492
463 482
537 476
473 530
522 471
449 503
529 506
542 536
521 538
496 477
455 542
478 537
510 521
534 515
500 502
454 524
456 533
491 517
480 559
539 466
458 477
534 474
479 493
531 469
529 543
455 502
510 515
498 516
512 473
499 517
524 473
460 464
505 460
519 500
548 465
527 459
524 511
483 526
491 479
491 539
484 532
539 476
540 514
547 542
468 552
451 501
459 535
541 476
528 526
506 468
463 540
543 477
503 547
523 483
486 515
501 503
466 518
481 484
498 507
512 473
513 500
450 476
541 511
484 555
485 551
479 479
518 489
502 481
489 487
494 473
470 502
544 550
456 459
491 535
468 533
535 533
545 469
457 459
482 538
519 526
453 468
467 559
476 492
464 533
518 509
496 470
486 557
497 555
466 519
489 514
459 499
515 549
533 543
542 529
511 487
471 543
541 520
470 507
455 559
536 536
465 486
531 483
449 499
522 527
492 525
527 510
517 504
465 555
536 479
538 492
516 527
487 538
511 557
526 519
448 550
528 522
536 508
490 558
512 507
521 470
547 499
513 544
487 525
458 516
493 471
526 460
491 481
468 518
475 551
476 489
506 525
548 463
476 463
538 552
472 506
536 502
467 505
518 507
485 532
463 499
460 496
514 503
527 523
475 519
488 512
523 520
507 508
480 483
512 542
452 556
487 476
501 547
455 541
481 547
498 551
473 494
501 507
545 475
475 494
510 537
528 511
469 553
510 538
500 470
476 482
502 476
466 462
473 555
506 479
480 463
507 524
528 499
548 524
543 518
494 465
486 476
542 510
505 471
453 485
541 510
452 546
451 550
482 526
533 541
505 499
510 497
489 538
521 473
504 551
512 525
547 519
519 513
513 473
539 518
496 482
498 508
476 558
485 544
467 540
449 489
459 500
510 529
479 555
462 555
545 484
463 494
473 518
459 525
512 486
502 557
481 485
520 519
528 557
544 547
485 515
506 518
452 519
534 495
493 459
504 515
508 461
545 479
530 498
510 508
477 522
480 519
498 547
512 480
453 472
497 459
512 464
474 517
453 501
506 532
498 558
481 529
514 475
531 548
456 546
539 482
474 546
505 475
493 528
494 482
450 519
471 512
503 513
470 473
501 511
450 552
526 542
486 534
500 518
504 553
496 526
533 524
522 543
521 514
516 529
519 475
480 494
475 518
449 546
452 553
536 493
496 501
467 464
536 478
524 479
514 520
527 499
513 548
453 518
451 507
481 557
459 505
526 506
455 537
548 460
529 524
484 468
502 497
448 492
536 492
477 536
534 479
449 485
453 460
506 542
464 490
517 559
505 528
525 521
506 467
544 531
490 494
454 521
471 497
449 501
506 490
477 496
539 540
480 554
527 520
493 517
539 535
489 501
514 534
493 558
492 486
496 471
511 548
509 549
456 471
475 513
535 472
511 537
458 496
516 500
483 555
532 552
544 483
545 462
452 500
451 553
534 537
484 529
464 550
512 469
461 488
536 540
516 557
525 494
484 538
487 530
519 523
537 520
531 496
480 511
488 523
532 527
495 535
467 537
472 503
492 502
455 512
507 546
448 485
485 465
508 484
485 496
511 543
521 546
484 553
498 546
450 481
474 502
486 498
481 527
517 543
512 462
475 507
456 485
461 497
534 466
505 510
464 502
470 509
471 498
462 531
450 482
450 539
513 462
451 486
469 464
538 552
483 460
516 558
533 526
489 508
497 544
506 471
477 518
529 526
529 481
538 520
505 522
451 549
500 464
467 533
450 541
506 460
455 460
517 556
457 540
530 476
504 553
529 506
459 556
468 487
517 498
465 539
487 516
475 474
470 492
480 504
463 495
543 501
468 476
500 505
491 527
534 544
525 467
495 552
519 536
541 525
541 503
448 558
468 487
472 553
524 537
527 492
470 553
513 532
471 460
504 517
521 527
539 479
519 480
473 501
494 550
449 510
489 547
523 489
471 509
540 476
493 549
477 469
475 515
535 470
497 490
464 559
542 545
494 502
529 475
542 535
510 537
504 519
546 555
459 483
536 547
470 506
449 506
525 506
475 550
498 469
448 464
542 515
544 537
544 512
476 548
515 546
521 531
519 559
508 489
518 522
472 489
529 480
501 480
462 470
534 487
511 470
483 536
456 522
522 478
522 460
484 551
473 459
452 526
536 507
457 556
492 519
452 516
449 516
465 484
519 548
452 529
510 499
505 516
503 514
527 548
476 490
450 550
538 508
547 492
511 487
522 532
520 475
505 554
483 542
525 482
542 460
516 459
457 487
524 494
449 460
451 468
533 492
523 508
474 466
486 511
492 500
492 478
490 532
538 519
518 529
537 470
456 551
518 549
493 502
543 538
508 476
479 531
490 536
456 513
536 472
498 553
470 545
515 510
548 519
486 499
454 533
528 542
534 470
499 520
542 496
512 525
536 485
535 503
529 462
486 515
454 542
517 526
537 538
528 555
489 488
502 503
486 471
497 521
546 465
471 482
520 557
512 529
546 511
463 516
537 503
523 536
547 461
467 504
463 550
522 521
489 480
522 464
521 510
449 518
526 474
467 531
455 480
465 557
480 521
539 535
506 490
464 544
520 473
530 556
487 524
545 558
512 534
448 490
534 557
504 497
450 510
463 501
453 479
515 471
456 524
530 465
546 481
495 543
527 462
482 523
496 499
483 529
471 507
490 522
509 497
516 507
491 484
494 490
547 493
505 554
488 466
489 475
526 482
508 501
511 551
530 492
512 507
469 518
543 487
461 489
540 495
538 525
527 527
452 480
495 483
468 506
540 491
536 541
502 504
483 504
529 467
503 553
488 479
517 530
450 513
484 487
541 547
485 530
491 470
484 492
545 532
525 516
501 515
457 486
531 465
484 464
521 541
493 476
515 522
474 539
507 528
491 549
511 489
476 460
525 550
487 489
493 497
509 502
480 509
538 486
459 462
514 555
515 545
524 466
537 459
491 556
527 548
477 519
489 528
477 495
470 488
484 503
453 549
448 512
481 492
454 551
535 512
473 500
539 479
474 475
516 536
505 556
507 472
485 513
466 488
470 498
466 463
527 499
529 547
543 541
476 521
514 533
525 475
517 548
503 553
545 503
531 513
459 509
512 507
451 539
462 470
485 493
545 477
451 506
509 548
473 516
536 509
546 506
488 541
453 533
526 532
544 498
527 469
547 541
509 481
485 484
457 489
471 474
489 504
455 555
462 497
474 499
525 550
472 489
464 485
454 486
538 541
526 542
531 495
473 545
451 512
547 555
480 493
467 484
518 543
496 486
540 545
478 477
480 541
546 501
457 470
454 492
470 532
522 484
493 548
453 476
531 547
546 507
486 512
506 469
465 521
534 533
513 472
455 538
463 477
482 470
532 488
492 544
539 477
496 500
484 520
534 462
506 555
490 546
544 504
537 517
462 540
465 530
496 501
522 509
493 466
462 490
527 511
499 558
544 487
545 495
481 490
476 552
534 489
529 536
455 518
540 539
537 476
456 475
462 515
457 498
514 507
528 526
449 475
470 528
488 537
531 508
534 473
495 540
547 534
540 541
542 559
481 463
502 493
539 534
493 487
458 521
534 489
456 537
484 461
543 548
488 549
506 464
451 527
465 475
511 515
470 529
476 545
504 476
455 544
520 555
483 524
493 537
466 460
539 462
478 502
524 559
514 521
531 490
491 500
477 497
542 538
449 461
478 460
448 469
542 484
488 539
461 481
515 473
489 489
516 516
468 542
483 539
472 486
535 492
522 486
479 524
461 478
486 498
522 494
497 519
470 494
495 470
522 543
461 465
488 498
497 529
482 539
530 478
511 539
500 519
525 534
517 509
527 514
466 557
497 499
477 527
526 485
474 533
468 520
503 555
472 549
493 494
486 473
476 535
479 497
513 531
499 514
491 549
461 532
449 512
449 528
462 554
461 549
514 533
526 499
449 502
541 528
498 502
477 552
510 497
504 524
485 515
535 510
506 482
448 508
475 511
535 493
539 513
481 493
460 496
514 493
477 478
487 523
519 503
505 477
510 465
494 470
489 467
448 534
512 466
534 534
526 531
458 519
451 512
507 469
482 515
496 479
507 472
476 504
458 552
501 544
542 469
463 505
505 496
497 521
518 485
494 525
461 538
521 548
525 473
508 551
539 539
531 489
520 466
450 501
514 546
481 493
532 544
497 510
476 515
543 471
474 459
474 532
497 519
519 459
491 536
491 557
534 558
479 494
541 529
460 537
496 539
483 496
465 551
510 486
519 555
517 463
532 486
498 535
486 518
462 555
492 542
522 492
537 483
483 527
464 520
494 481
515 510
547 469
495 497
529 507
466 500
540 467
476 482
494 542
535 516
527 492
532 528
504 494
493 475
466 498
540 463
469 465
539 540
537 557
518 556
454 522
541 482
461 493
509 497
466 559
449 496
494 493
458 469
524 494
450 487
475 473
470 502
484 521
536 535
525 512
523 495
488 512
548 511
466 496
527 471
497 530
470 554
518 490
546 489
460 482
496 479
460 529
498 551
511 469
473 523
543 500
509 524
473 550
515 541
451 557
474 543
458 530
495 551
515 468
480 557
450 519
454 470
524 531
454 536
491 475
543 473
519 463
510 463
516 556
484 462
530 460
536 510
519 536
534 498
493 550
519 475
493 525
546 522
462 557
465 480
486 470
491 549
534 536
514 529
471 521
448 555
529 463
457 542
547 507
450 471
520 517
494 482
480 492
455 491
519 540
544 516
503 549
519 478
518 537
517 477
463 506
534 465
482 512
535 550
455 460
489 521
471 504
545 531
504 472
538 472
510 518
460 495
481 527
489 513
542 528
459 514
512 463
465 503
492 461
499 496
506 487
492 468
469 554
527 543
470 515
479 500
484 488
466 549
499 459
452 553
542 540
460 474
458 498
461 526
471 474
475 515
450 533
510 495
460 530
540 463
472 519
449 488
462 544
461 473
543 479
521 537
499 493
497 482
524 558
482 467
473 470
472 525
522 534
544 519
459 472
463 482
465 481
517 488
489 545
463 494
509 475
457 464
462 509
484 500
522 501
500 552
505 489
448 559
467 478
542 511
468 549
453 551
464 465
536 473
507 510
525 461
531 515
516 477
471 526
463 501
491 489
545 529
465 498
480 505
511 552
518 482
494 530
506 505
537 465
545 507
496 463
469 520
480 537
525 546
541 527
488 557
525 543
531 469
533 498
469 494
545 540
494 483
495 553
546 551
521 465
522 504
523 502
529 462
500 472
504 460
514 538
508 518
537 532
482 524
463 499
533 551
520 543
485 512
537 480
485 473
501 543
514 532
456 482
496 517
542 536
536 516
544 536
461 481
448 463
480 550
495 549
449 462
541 525
471 547
494 470
489 532
544 536
483 478
496 460
467 516
512 558
502 513
525 471
518 525
450 485
471 551
480 494
500 483
467 559
470 530
498 479
464 538
536 530
480 543
503 526
463 538
543 556
509 472
507 510
485 489
474 474
520 557
490 520
463 556
462 548
479 511
482 459
458 535
455 466
533 529
530 545
483 514
537 486
510 501
466 506
466 557
510 547
487 474
501 529
498 532
463 547
500 512
548 549
455 518
463 489
517 482
515 557
546 529
526 495
500 521
465 530
472 459
535 484
473 491
487 513
491 540
491 518
546 461
543 544
548 544
475 472
538 480
535 479
458 475
520 471
451 462
502 475
507 533
473 499
483 507
449 524
460 527
517 494
498 500
538 541
479 508
509 540
485 538
537 483
449 480
538 521
510 530
494 494
468 499
502 460
501 481
449 505
510 478
488 479
530 497
469 502
497 465
513 499
523 500
510 477
546 523
469 493
538 551
481 463
543 470
478 516
474 531
481 550
465 504
469 532
541 553
470 469
512 552
547 546
526 465
498 502
534 472
469 527
535 482
455 521
506 475
461 514
502 521
472 535
537 506
482 515
481 484
514 527
507 492
459 545
460 557
462 554
527 494
527 496
460 531
534 550
530 515
508 515
459 493
456 540
495 552
483 510
513 465
540 514
451 543
544 483
547 493
503 471
497 489
518 511
516 527
545 538
543 473
482 555
485 499
489 532
508 510
502 509
513 488
499 527
476 492
451 535
540 485
457 541
458 519
462 548
464 471
505 533
525 525
460 493
540 465
463 497
499 498
525 518
485 523
503 523
470 466
464 559
458 559
515 461
545 489
496 466
529 530
495 480
448 550
541 542
461 540
519 483
522 519
506 520
461 535
510 500
545 482
517 480
499 523
448 543
505 475
453 511
520 473
462 527
461 542
481 526
461 531
488 509
513 484
478 461
462 473
522 526
459 523
542 530
541 465
466 546
544 525
526 486
532 481
509 537
484 543
518 514
493 465
497 527
524 549
540 493
477 481
534 512
517 503
505 518
458 467
448 526
500 496
512 520
498 509
511 519
492 516
520 494
474 482
457 481
495 471
520 463
537 517
521 473
450 526
458 472
464 462
534 536
525 500
450 520
538 479
457 494
457 488
540 525
463 500
491 469
521 559
474 544
527 488
467 470
507 459
510 539
487 487
524 525
539 552
499 519
448 543
533 534
542 507
478 510
491 533
449 521
505 467
533 554
459 532
449 511
540 500
545 462
521 469
527 530
462 545
505 556
449 557
475 493
527 490
545 493
455 460
482 523
479 463
546 518
464 477
460 464
482 526
495 467
505 556
460 465
502 479
467 482
456 472
521 519
478 461
