1038 1008
94 485
506 326
416 248
992 421
649 322
237 795
457 43
815 845
446 955
422 252
791 9
359 901
667 122
598 94
7 738
544 574
334 715
766 882
994 367
893 984
633 299
131 433
428 682
700 72
617 874
874 138
720 856
419 145
794 995
196 529
997 199
116 277
908 97
539 719
707 242
569 107
537 122
931 70
726 98
487 600
772 645
513 267
81 972
943 895
58 213
303 748
764 487
536 923
724 29
789 674
479 540
142 554
339 467
641 46
196 710
494 553
66 191
824 724
208 730
711 988
800 90
314 340
289 549
401 196
466 865
689 678
833 570
225 936
244 722
849 651
113 123
379 431
361 508
65 585
486 853
686 642
286 992
889 725
24 286
491 812
891 859
90 663
181 88
214 179
17 187
472 619
418 261
419 846
356 192
682 261
306 514
201 886
385 530
952 849
500 294
194 799
737 391
324 330
992 298
224 790
260 275
97 826
210 72
649 866
919 951
63 748
958 685
804 956
518 564
428 183
537 400
346 721
153 207
971 323
662 611
197 116
91 109
529 795
126 343
747 862
469 685
770 10
934 881
723 984
895 403
568 360
172 449
958 541
383 272
308 877
970 359
583 707
48 308
930 770
569 30
3 208
20 311
609 100
887 939
825 422
930 785
904 370
241 989
379 969
376 143
962 972
889 28
443 61
216 638
338 348
160 347
406 66
159 391
31 638
204 295
420 826
153 196
425 449
331 855
565 143
838 487
9 140
918 564
533 615
232 135
957 564
591 360
576 793
746 163
377 859
858 760
86 711
434 662
558 159
279 660
840 268
735 948
574 315
126 676
912 341
739 689
821 894
625 706
917 490
201 478
993 671
149 932
52 899
759 237
267 187
256 472
783 772
117 98
516 906
180 911
25 635
380 225
712 823
266 164
216 343
331 873
17 222
185 724
345 243
750 149
323 241
317 85
937 63
246 407
134 488
352 744
721 240
180 859
189 992
428 265
762 522
641 324
468 628
196 125
164 33
183 838
351 402
613 948
110 970
960 946
948 744
457 584
241 908
703 134
672 847
402 729
774 755
91 644
228 367
536 519
785 235
104 213
272 168
788 950
52 694
696 700
582 364
977 471
820 407
936 981
983 546
607 227
320 150
609 690
676 161
244 796
970 159
313 346
491 975
560 415
565 437
850 829
68 513
946 731
270 117
683 136
141 878
570 840
397 494
686 980
559 207
478 602
859 80
322 168
229 139
722 495
95 117
145 910
416 420
122 703
164 457
328 336
724 928
94 643
66 962
483 104
958 923
605 148
544 193
959 917
655 283
285 476
224 727
208 556
624 701
643 30
530 496
188 421
51 695
930 641
369 278
385 982
480 841
846 246
62 608
816 55
181 171
89 147
139 454
289 146
459 18
830 736
3 788
816 297
159 869
564 55
228 936
949 706
295 811
187 119
306 254
879 302
907 953
687 973
429 909
603 676
928 725
683 455
123 923
58 933
722 38
418 203
9 570
710 915
971 463
563 831
773 504
902 535
881 457
149 713
209 950
949 565
699 389
106 18
341 733
24 788
748 881
313 685
792 690
323 123
20 989
934 16
347 636
708 807
14 181
522 697
898 24
847 731
654 481
981 59
45 778
120 125
417 429
507 358
536 135
474 45
377 467
572 427
509 450
455 116
613 762
839 682
633 895
362 143
260 747
314 476
144 45
914 153
988 864
896 857
43 700
412 849
124 984
147 339
591 701
686 163
123 647
61 483
709 632
525 700
407 312
848 650
587 795
113 546
503 367
735 83
145 460
328 277
671 83
607 740
687 262
942 674
548 369
874 478
273 290
204 262
805 224
840 254
269 599
311 24
330 51
374 51
778 381
309 702
151 426
428 630
770 899
500 86
804 724
183 372
199 921
810 580
136 820
845 831
474 125
812 87
451 754
638 427
414 803
389 486
861 39
221 346
192 808
547 904
23 467
475 673
657 542
101 84
866 438
465 828
479 110
315 658
663 898
882 939
284 23
16 376
568 496
781 878
715 784
828 506
828 910
193 355
731 906
472 368
588 263
97 930
492 718
670 16
632 620
836 719
953 419
376 535
130 75
588 793
990 399
978 126
265 675
409 680
153 461
133 591
642 818
409 550
77 924
411 82
10 838
224 975
744 352
570 344
409 693
483 244
294 214
573 597
63 270
280 679
389 668
976 949
19 338
355 450
34 140
267 366
66 533
954 608
260 213
540 675
104 756
340 339
581 820
231 695
23 928
486 836
308 752
175 346
700 421
711 253
816 359
235 496
204 176
885 120
582 154
186 853
884 207
556 119
898 438
746 731
791 586
134 44
451 952
574 452
402 317
916 106
258 156
589 120
817 77
806 66
728 548
453 452
369 253
717 339
25 699
919 143
851 862
667 338
283 593
882 683
590 683
556 735
88 478
68 823
923 707
18 462
382 616
385 365
956 146
823 924
402 945
927 553
213 960
821 686
946 476
470 734
945 615
304 250
43 71
125 814
251 792
618 574
833 879
223 908
436 995
942 383
184 887
799 775
122 236
840 395
591 904
756 212
529 633
209 940
321 20
170 288
148 930
452 424
222 407
997 660
769 71
510 294
230 925
877 879
330 538
628 545
684 146
392 404
297 125
282 324
965 391
411 787
605 991
504 757
664 467
3 844
861 578
879 742
380 220
498 753
899 257
315 913
445 747
946 904
154 506
176 169
465 704
789 132
389 593
655 173
788 598
718 249
444 551
332 943
44 402
473 126
382 549
380 30
801 283
577 585
190 481
190 87
824 729
993 423
103 915
757 614
143 899
5 239
865 757
300 620
459 172
230 662
114 289
190 313
242 939
447 334
77 61
540 894
337 529
505 793
598 716
629 645
189 197
65 97
631 44
410 205
151 536
640 455
428 159
531 687
71 498
522 812
29 101
500 948
820 565
652 888
795 54
506 245
355 680
213 426
71 25
574 530
491 251
12 39
105 52
866 339
334 639
129 437
352 490
206 392
856 716
678 443
713 124
843 131
11 212
472 780
876 594
49 149
580 656
277 773
396 593
978 84
185 911
839 30
536 40
295 202
566 802
14 95
262 95
236 584
71 86
252 36
541 229
367 617
213 514
712 862
524 940
744 919
884 267
504 881
581 35
208 183
642 799
966 890
868 742
137 327
46 836
666 303
292 204
485 991
33 943
952 534
386 657
62 979
905 98
742 390
857 314
466 392
528 532
687 678
777 916
740 950
717 597
822 324
808 512
472 617
951 28
388 988
382 836
332 111
928 824
204 569
794 574
624 181
886 584
911 87
103 473
632 811
200 853
752 875
796 427
772 606
570 817
97 57
502 237
251 693
246 229
202 755
879 920
68 160
717 838
404 221
99 433
761 46
462 743
607 809
320 895
994 548
721 364
561 316
445 215
758 588
538 263
346 260
352 582
22 117
68 313
270 628
330 54
983 721
443 15
460 841
868 100
885 403
226 769
508 61
233 809
127 31
38 420
601 291
820 963
497 647
198 113
539 197
501 831
648 174
989 281
306 114
601 467
272 783
49 274
390 948
420 787
675 189
441 588
42 651
971 706
715 533
853 57
48 97
350 174
118 130
600 556
921 873
876 598
358 614
163 960
632 396
235 292
419 925
907 587
769 477
886 880
673 796
379 994
686 764
838 888
336 275
257 23
614 973
600 367
641 221
726 819
765 590
737 409
670 649
13 319
119 171
152 699
392 398
325 389
469 33
900 433
500 931
88 910
688 645
366 592
520 430
433 863
180 688
596 784
983 755
478 197
438 50
109 784
857 213
551 359
385 598
35 544
746 509
969 466
253 247
283 123
94 113
122 290
470 667
556 244
312 421
934 41
386 588
374 610
674 972
822 162
514 570
234 908
416 711
964 694
705 592
11 502
64 132
584 513
522 862
917 43
40 408
361 122
491 283
203 426
637 213
110 960
451 624
57 859
87 42
238 379
966 89
405 850
577 905
713 788
737 603
947 303
883 941
803 208
276 763
186 464
113 113
785 287
559 862
578 949
511 728
493 230
24 909
703 410
201 216
424 904
295 276
479 690
343 967
355 280
454 744
837 948
447 987
277 150
84 91
757 767
157 392
834 368
531 489
256 215
348 983
749 167
745 632
186 281
378 778
848 445
37 495
631 13
343 99
949 131
87 310
446 560
667 773
246 527
789 820
369 708
539 269
621 972
654 950
78 213
944 456
814 645
456 695
956 599
218 89
222 948
79 655
459 984
263 38
669 803
96 134
989 240
910 501
766 812
603 352
28 197
426 62
559 962
776 313
979 571
371 341
219 264
645 947
400 319
310 648
299 585
594 381
195 480
929 423
203 965
469 750
481 183
11 886
149 602
818 750
292 891
241 538
570 714
789 811
614 198
275 951
284 222
48 428
199 443
476 952
119 635
429 708
81 490
772 739
227 805
347 557
841 884
993 362
184 769
33 681
618 494
372 583
953 884
679 172
958 73
565 673
224 669
686 419
988 249
258 472
212 457
556 198
429 992
464 604
767 275
811 392
358 351
788 262
565 289
935 34
775 632
708 954
194 760
550 616
468 447
267 488
561 308
454 846
34 616
613 619
271 453
559 506
381 19
869 303
412 599
907 731
97 574
63 690
280 646
758 603
587 623
838 580
889 564
959 690
877 588
670 740
500 186
454 470
173 261
908 901
912 47
396 433
83 267
82 962
437 893
447 162
245 954
792 800
582 20
304 38
20 693
218 516
831 557
748 714
426 663
667 95
915 882
486 475
123 156
319 721
389 484
960 562
592 585
458 513
849 732
72 13
689 328
269 844
885 385
688 703
274 33
697 169
676 947
16 723
380 43
307 432
577 252
223 892
530 135
915 810
98 215
259 744
523 742
836 12
921 957
523 977
781 451
23 502
202 271
67 481
58 54
510 704
406 267
434 253
300 311
859 186
336 491
109 256
929 907
872 70
749 391
392 484
746 776
657 301
712 656
783 732
13 665
523 222
123 635
526 55
717 48
87 143
459 324
763 943
724 989
813 995
937 536
22 513
861 476
95 626
293 466
921 639
241 652
65 83
148 255
582 440
775 109
151 355
819 969
538 293
353 237
718 435
323 43
869 842
665 781
56 243
214 847
611 351
441 446
230 499
626 839
85 392
670 676
628 12
240 470
82 444
181 857
735 38
822 670
151 397
181 929
915 50
794 41
465 969
125 972
786 912
881 192
946 634
519 723
893 769
625 421
136 990
797 41
699 308
506 359
593 477
873 949
779 42
86 639
360 207
296 770
331 558
559 721
919 806
948 554
513 923
302 733
632 202
282 392
265 66
599 653
319 483
34 212
203 842
39 762
275 48
263 354
492 86
883 305
104 544
212 76
855 133
422 567
321 853
996 623
946 37
808 943
405 462
104 35
327 165
280 536
504 357
647 467
216 393
105 219
938 836
900 700
634 283
398 286
100 84
707 85
742 318
105 923
120 11
989 290
369 162
821 348
673 661
237 99
465 307
88 395
810 613
48 455
842 448
561 104
109 199
895 375
92 230
76 281
941 252
300 937
956 342
761 650
919 350
355 995
495 860
63 790
752 168
988 266
869 608
451 330
719 614
14 779
978 664
267 404
171 767
71 177
