1196 997
585 485
194 94
426 326
606 506
348 248
516 416
521 421
1092 992
422 322
749 649
895 795
337 237
143 43
557 457
945 845
915 815
1055 955
546 446
352 252
522 422
109 9
891 791
1001 901
459 359
222 122
767 667
194 94
698 598
838 738
107 7
674 574
644 544
815 715
434 334
982 882
866 766
467 367
1094 994
1084 984
993 893
399 299
733 633
533 433
231 131
782 682
528 428
172 72
800 700
974 874
717 617
238 138
974 874
956 856
820 720
245 145
519 419
1095 995
894 794
629 529
296 196
299 199
1097 997
377 277
216 116
197 97
1008 908
819 719
639 539
342 242
807 707
207 107
669 569
222 122
637 537
170 70
1031 931
198 98
826 726
700 600
587 487
745 645
872 772
367 267
613 513
1072 972
181 81
995 895
1043 943
313 213
158 58
848 748
403 303
587 487
864 764
1023 923
636 536
129 29
824 724
774 674
889 789
879 568
952 28
807 474
274 789
370 436
974 322
242 978
889 990
658 32
1046 704
758 997
502 719
286 392
847 617
1039 721
597 606
1054 896
486 61
166 694
923 504
176 497
797 635
147 254
389 599
810 286
249 838
886 89
413 430
755 372
410 602
655 639
743 597
583 326
609 723
184 207
693 219
138 598
346 922
423 963
759 758
989 964
1049 756
688 930
882 38
626 687
910 942
624 249
928 814
381 704
740 926
713 596
145 509
227 798
763 532
349 866
637 953
769 661
477 532
783 185
290 220
802 233
561 122
495 898
136 532
893 595
764 249
1056 974
961 575
1059 551
474 931
735 820
1095 604
579 821
593 975
614 797
669 600
733 324
1051 632
261 963
485 929
639 218
848 634
1039 290
825 267
385 408
706 474
252 789
801 567
1022 34
999 202
272 167
491 422
507 222
423 940
467 941
211 145
349 442
916 898
144 613
670 508
486 276
205 385
751 984
497 588
905 643
904 790
935 197
228 278
826 831
481 151
1006 343
777 183
560 470
933 315
256 912
209 248
606 487
740 466
473 693
323 947
595 631
727 936
554 876
376 451
888 301
1019 188
468 517
462 573
721 311
431 506
318 527
1015 308
683 692
819 824
160 175
627 703
761 982
1011 231
790 671
1068 96
624 409
1049 337
794 602
614 377
473 190
931 906
647 328
168 73
965 211
764 322
1040 339
889 880
635 209
712 896
770 817
445 323
974 350
1094 34
856 805
386 873
446 172
311 251
907 381
448 439
693 588
274 698
615 462
172 369
363 658
946 161
181 458
674 818
1004 805
652 455
999 830
293 14
504 951
220 447
569 758
136 835
761 125
365 71
270 801
799 73
484 780
933 698
497 759
1085 51
259 866
413 273
139 382
332 698
377 848
950 863
761 904
391 189
834 122
272 719
891 864
912 991
547 39
1071 434
1019 252
458 688
112 992
872 791
449 357
130 335
328 339
1023 433
610 208
186 83
155 653
401 176
506 442
528 233
1034 602
261 142
949 749
591 195
380 572
942 251
416 694
885 717
274 96
551 877
440 150
418 285
250 586
813 789
123 421
136 426
895 448
804 577
593 289
378 256
579 283
985 113
874 500
157 20
162 504
238 123
295 986
407 532
906 895
592 150
382 700
457 524
1059 675
448 124
473 509
779 74
659 803
158 506
165 187
657 396
432 18
152 386
420 604
524 513
445 274
160 665
596 503
405 456
176 137
259 726
270 443
428 800
665 742
403 100
226 637
127 111
952 276
616 773
981 868
281 398
857 887
409 846
486 858
757 757
678 174
885 391
994 671
344 37
652 132
1085 94
751 468
256 701
510 8
337 160
955 122
993 579
487 923
599 810
118 72
596 359
1009 665
225 166
933 165
1055 435
934 388
1004 435
989 325
1095 120
748 13
863 97
570 970
918 583
226 247
139 215
1094 139
152 834
939 792
613 796
656 450
619 808
554 887
757 117
1062 380
593 701
875 875
373 688
484 306
870 191
995 531
317 324
265 823
142 465
170 962
501 264
850 786
507 196
951 810
448 991
578 409
939 142
830 823
938 489
249 336
223 711
381 534
461 152
125 711
617 240
161 82
133 608
218 471
513 508
179 975
836 424
269 233
857 363
339 179
1031 134
485 635
584 592
160 425
348 77
575 588
941 129
757 831
600 511
370 663
455 457
734 42
562 814
759 601
186 607
183 572
171 857
775 439
410 466
875 898
114 576
180 926
473 487
272 85
597 720
139 693
548 682
139 139
991 569
537 502
535 679
1054 922
477 101
360 291
537 181
497 729
557 930
738 619
536 160
272 226
987 368
343 415
205 464
580 694
372 32
675 782
185 205
703 857
1007 93
244 333
537 131
470 816
590 856
387 240
219 766
123 982
603 110
942 735
596 267
526 285
1040 112
1088 655
1008 711
650 767
330 434
290 839
1012 927
420 355
380 303
1009 621
166 538
339 473
486 33
1092 954
822 869
182 878
1013 231
152 262
638 171
544 758
349 279
356 274
699 671
366 886
996 892
621 219
648 952
582 780
295 425
733 689
1028 655
390 793
468 70
108 244
501 42
579 375
945 899
910 516
459 26
298 417
725 815
726 782
170 901
956 291
525 255
264 906
688 973
576 676
505 620
273 940
304 339
849 239
592 490
687 504
437 902
247 46
1021 451
545 658
961 470
1057 843
429 159
254 909
453 309
458 81
968 649
1028 303
1075 689
597 711
512 631
365 134
704 566
960 883
1087 295
609 704
735 794
337 238
127 152
900 960
638 993
345 329
294 544
688 979
402 38
947 78
770 367
329 217
192 143
760 204
829 822
380 936
962 263
115 457
781 541
345 524
498 34
644 997
722 60
878 82
677 644
1013 764
819 628
947 944
199 647
337 33
1063 685
596 914
1097 67
673 913
1024 241
1057 373
706 286
613 11
301 251
775 17
231 49
142 917
680 90
438 454
225 678
720 499
903 48
819 388
350 478
384 773
310 697
889 112
383 709
448 98
974 247
636 534
478 653
287 815
661 194
768 841
249 804
1096 124
1056 135
115 58
840 859
971 601
568 154
332 784
471 739
937 368
734 887
261 957
676 819
448 762
1038 909
313 801
946 860
377 703
134 853
145 457
260 389
980 209
702 704
147 39
524 434
490 978
432 110
921 127
771 804
1001 885
438 199
881 577
521 684
155 492
613 804
221 646
390 18
117 576
110 340
941 238
262 73
1043 899
627 365
999 632
974 311
640 152
1066 719
261 437
1027 389
288 339
543 190
961 373
459 752
781 70
248 528
361 480
322 147
201 961
271 586
298 768
141 628
324 589
432 502
148 885
936 726
464 392
145 633
912 70
807 175
489 204
617 273
1082 347
830 265
188 475
330 628
748 401
291 976
182 646
182 300
132 160
325 265
383 890
964 64
599 410
560 922
963 105
583 604
231 383
366 336
578 143
654 787
767 864
940 743
442 854
823 699
531 758
279 244
1020 386
1060 780
663 190
776 160
547 647
606 451
195 669
496 679
706 40
936 480
886 655
738 240
983 983
380 82
405 672
782 673
1075 154
159 524
294 823
757 159
924 402
659 166
1069 567
137 882
356 107
621 682
127 67
977 714
425 675
156 85
377 792
407 479
861 574
448 286
112 255
682 561
677 974
215 152
572 863
368 426
122 797
490 484
614 524
1070 318
140 629
321 744
325 602
336 858
1005 903
155 771
151 199
416 51
411 901
550 918
549 435
234 937
654 302
596 532
792 709
711 319
1001 91
931 729
528 966
142 982
1022 476
268 895
765 755
1008 163
334 120
680 223
796 248
118 199
190 772
480 452
1012 472
402 618
383 860
345 969
157 545
394 473
178 788
615 786
343 849
734 529
603 559
273 456
198 207
548 549
853 506
818 773
822 582
755 241
963 137
544 260
150 802
940 732
367 125
733 391
472 928
522 713
689 340
548 213
690 879
417 507
623 220
711 594
1010 561
378 262
661 635
417 299
799 789
447 405
1035 550
1080 180
494 877
141 600
1051 605
116 933
535 284
721 111
490 916
444 977
406 165
432 917
428 806
830 355
808 122
784 563
916 414
1024 711
378 203
121 583
373 633
521 939
843 673
1013 261
803 852
1047 702
399 760
855 748
951 500
711 806
589 656
124 577
209 666
503 955
659 812
503 288
472 452
143 473
332 365
197 417
556 757
884 238
920 121
1077 724
1007 722
500 376
486 799
260 732
927 462
1011 824
456 249
414 24
496 574
239 309
747 572
926 353
279 695
913 603
1089 847
699 118
382 933
734 395
901 312
209 953
863 153
318 547
609 268
804 153
628 798
179 681
156 153
949 8
225 240
958 651
700 881
414 121
790 264
176 400
783 164
218 973
259 575
947 715
959 431
957 81
941 257
550 458
1046 215
988 277
928 427
856 403
431 223
259 765
526 406
519 894
675 310
684 147
456 266
113 269
945 108
582 50
742 229
989 54
783 70
230 779
833 535
450 298
588 965
958 39
509 646
394 46
488 489
888 131
189 676
232 305
857 868
470 634
461 871
912 562
408 266
621 216
114 924
495 590
872 917
420 321
965 334
801 319
611 684
834 407
962 184
479 208
227 768
979 161
464 534
1051 452
561 667
194 630
927 471
324 582
285 319
1023 678
1038 980
600 551
522 145
682 588
223 42
831 795
559 78
215 898
241 405
198 701
853 963
535 757
697 79
996 820
174 227
1088 977
345 401
815 713
910 409
879 808
862 124
662 166
457 985
345 595
878 103
735 961
654 556
357 730
566 775
658 133
416 850
309 874
121 394
791 542
671 872
185 653
424 126
362 763
527 74
380 93
165 417
207 31
1095 461
827 385
929 819
491 195
293 12
801 608
347 42
314 24
316 236
1062 392
772 921
942 740
745 281
824 914
503 469
781 519
395 543
714 533
294 128
355 406
207 542
575 127
414 937
1012 518
581 99
159 820
627 202
207 632
816 561
695 519
777 189
623 537
632 36
1013 659
891 94
1060 712
1013 828
1028 206
267 729
154 144
356 815
1083 658
522 624
752 490
134 553
470 387
147 52
758 448
678 177
314 445
793 816
248 268
675 495
210 128
668 529
797 621
908 418
898 885
598 604
590 62
691 640
888 271
483 464
500 602
903 974
327 205
128 555
599 314
574 596
752 289
564 129
528 500
573 564
434 679
432 966
826 286
555 735
975 979
1051 167
1072 623
831 848
492 144
828 302
470 934
192 952
407 178
808 17
911 672
1076 902
168 556
1070 130
1007 661
624 594
207 916
993 327
910 158
472 356
681 70
872 530
602 799
749 949
428 791
113 583
176 389
455 876
425 968
808 502
820 419
295 189
985 628
233 145
291 281
821 754
452 710
196 17
261 485
500 813
627 911
171 316
1090 117
210 334
746 606
444 409
1032 666
347 185
561 838
390 265
1073 581
858 361
441 44
480 458
1018 316
542 987
628 690
121 471
418 801
511 697
537 636
492 883
966 117
248 377
161 456
1074 188
408 668
459 789
1070 226
626 867
347 767
644 847
510 42
1095 978
718 135
328 215
321 956
252 328
389 813
208 543
514 251
