1182 995
482 485
257 326
286 248
517 421
404 322
713 795
45 43
924 845
873 955
160 252
1 9
838 901
40 122
58 94
676 738
627 574
766 715
862 882
405 367
923 984
379 299
461 433
612 682
133 72
813 874
97 138
908 856
165 145
996 995
623 529
220 199
298 277
157 97
723 719
144 242
48 107
129 122
148 70
35 98
644 600
632 645
272 267
1040 972
977 895
312 213
778 748
567 487
965 923
1 29
616 674
569 540
628 554
493 467
76 46
733 710
575 553
288 191
775 724
723 730
912 988
64 90
354 340
565 549
210 196
922 865
775 678
566 570
934 936
626 722
742 651
194 123
485 431
483 508
617 585
876 853
653 642
896 992
652 725
220 286
727 812
900 859
563 663
56 88
157 179
280 187
537 619
284 261
920 846
124 192
239 261
459 514
931 886
504 530
910 849
382 294
795 799
485 391
351 330
289 298
865 790
12 26
196 980
855 612
760 228
20 662
304 327
713 623
207 796
730 629
79 101
961 233
462 504
348 730
1034 205
554 525
699 681
124 549
981 334
996 915
926 15
376 76
534 686
397 719
945 409
929 570
198 803
296 889
938 417
675 449
625 873
702 287
1000 343
681 616
136 957
931 735
595 823
115 384
720 637
439 654
426 533
349 281
556 138
804 815
199 376
281 469
155 688
154 975
696 672
465 842
118 900
218 487
565 611
315 125
982 501
819 143
572 826
887 222
763 597
643 478
892 872
906 102
805 554
822 933
82 276
890 833
625 590
759 275
1015 276
851 298
707 784
35 164
693 720
977 20
478 133
53 217
692 800
707 89
490 226
729 388
914 337
816 868
852 222
390 219
671 824
917 342
1019 826
222 143
751 784
711 9
331 653
165 494
849 758
771 703
571 955
743 569
579 456
120 540
400 180
612 18
624 402
77 561
853 965
632 147
105 831
112 350
21 953
242 165
685 991
1032 597
735 426
903 614
614 917
429 282
107 759
818 932
411 489
432 211
895 342
282 99
937 836
839 898
695 776
737 570
646 706
1037 661
721 139
470 547
647 307
813 854
767 663
710 786
180 910
813 237
359 987
143 654
1039 522
338 954
40 791
854 231
637 69
19 480
734 446
580 678
946 306
880 42
504 323
257 257
791 728
786 230
815 166
185 103
414 207
158 446
619 552
94 824
858 552
417 118
54 766
764 159
525 559
821 486
516 201
435 296
652 619
747 704
740 523
292 761
286 262
356 529
12 865
40 867
189 767
888 328
934 738
145 650
695 79
501 943
936 821
496 489
421 183
820 470
939 352
781 414
1028 155
780 960
923 440
886 119
619 264
62 907
590 293
325 472
48 100
94 114
1006 244
918 334
113 73
897 618
321 198
453 441
108 35
346 911
11 308
466 901
518 607
990 683
938 581
576 15
717 776
580 798
436 826
731 948
51 438
1010 658
64 448
902 693
647 117
10 628
933 416
318 413
732 725
572 462
116 435
501 733
647 279
876 657
152 933
815 360
407 140
1029 743
894 9
373 670
174 349
662 954
553 150
794 633
438 716
767 599
14 419
571 370
297 963
971 186
49 729
96 438
380 158
981 848
535 298
572 39
492 951
1032 473
276 941
762 146
149 489
1013 510
591 817
710 283
278 844
567 610
98 376
410 773
379 365
194 638
413 921
217 82
128 479
661 522
781 43
122 502
544 908
245 299
680 822
830 431
589 703
909 622
159 357
16 528
263 981
639 446
439 369
178 716
520 435
891 576
785 64
165 201
494 94
807 224
1009 164
798 874
452 579
769 765
663 405
9 38
387 705
783 243
804 47
27 732
539 663
690 58
851 984
43 185
63 795
768 930
220 166
45 605
169 884
612 246
404 114
752 995
236 860
796 249
720 592
256 37
416 387
941 89
120 617
946 479
623 475
228 994
704 537
834 673
84 801
288 753
874 500
685 198
698 873
441 579
416 449
704 811
524 724
691 361
21 32
118 218
242 489
665 966
1016 465
452 430
519 240
677 551
1019 927
302 498
657 142
193 331
778 422
762 421
238 22
17 902
564 865
304 576
72 646
556 620
426 958
234 768
337 46
484 22
603 453
391 587
465 459
110 164
128 927
502 684
4 835
746 624
140 352
917 313
863 595
311 373
158 761
223 587
564 435
459 876
888 580
254 136
332 466
580 197
34 856
565 402
591 89
698 498
435 183
914 212
480 689
430 160
680 742
915 566
846 111
304 677
867 900
752 752
300 34
584 853
1002 148
537 826
932 913
474 908
35 737
201 692
49 461
852 648
410 888
71 833
45 207
172 363
326 834
893 785
211 526
587 410
461 144
1 9
725 659
861 156
962 152
243 734
1025 37
211 353
768 990
155 994
532 787
382 239
17 207
358 777
244 880
282 747
831 646
245 630
977 992
96 817
890 760
1009 701
1037 597
880 803
209 771
9 232
157 315
338 553
52 950
150 221
249 172
618 372
800 700
627 811
353 649
963 569
542 541
149 710
365 104
844 240
469 950
374 819
893 396
571 377
766 780
851 962
1040 46
620 256
246 807
714 444
49 224
435 933
223 764
899 961
781 763
199 986
1010 842
308 418
698 679
573 726
221 185
565 791
129 589
793 27
179 288
404 341
280 310
875 566
477 749
488 841
205 219
827 504
148 491
323 375
439 238
24 720
567 390
397 82
155 848
959 251
354 128
976 121
764 989
904 518
87 361
893 800
753 551
178 444
986 785
397 848
552 102
704 265
461 32
430 477
206 497
123 151
522 286
916 19
668 629
373 442
65 113
1024 601
713 412
301 317
724 790
719 270
731 272
747 677
723 658
21 290
282 162
374 699
666 677
864 345
264 487
219 974
15 739
173 849
679 444
560 699
93 780
546 574
763 184
345 182
658 464
852 386
233 657
855 669
575 875
66 817
793 211
424 358
770 854
56 543
532 698
27 544
359 90
407 754
324 620
45 923
324 36
1005 382
752 951
823 526
620 667
872 69
80 47
317 372
695 342
91 47
61 874
814 215
920 787
48 661
932 459
366 941
86 373
559 534
253 792
110 344
588 172
510 19
73 536
573 837
485 220
408 516
255 649
230 571
118 443
727 857
506 937
554 955
468 347
251 237
956 863
73 983
969 328
562 789
545 895
573 673
906 770
561 55
854 955
856 425
900 908
958 870
48 818
932 855
531 809
953 829
378 426
278 210
1035 369
735 87
132 244
829 859
376 298
949 538
346 843
510 665
603 667
30 618
724 867
192 14
449 297
1020 461
848 171
342 76
920 98
577 447
554 117
479 894
187 609
46 891
885 611
561 766
529 604
549 871
277 834
845 226
222 749
78 947
994 927
486 131
695 535
198 918
352 633
520 267
140 464
255 687
166 818
915 349
302 11
130 263
464 553
113 970
28 303
609 98
372 762
800 558
750 83
420 432
731 121
835 109
977 464
519 351
205 911
237 12
650 985
411 292
636 334
862 471
250 855
37 173
775 709
859 928
212 121
110 921
692 484
593 376
164 604
247 630
193 115
509 504
1034 104
89 231
1040 813
117 491
588 272
578 739
692 172
824 638
508 581
354 868
101 345
284 543
570 339
283 690
19 374
692 510
378 560
624 907
495 403
46 318
398 90
13 425
441 248
272 132
80 311
198 235
244 738
636 304
814 880
647 631
835 682
955 826
685 707
330 826
945 570
294 30
931 480
803 147
83 77
733 923
808 198
168 461
935 863
773 441
871 702
877 29
710 317
109 164
328 911
192 931
890 912
385 326
1036 781
668 324
931 665
220 251
721 702
443 84
379 475
310 132
823 254
516 91
129 954
121 541
1035 239
731 383
679 904
868 937
397 547
619 556
738 547
12 348
1016 425
131 857
356 186
982 245
693 980
475 641
202 711
305 919
114 602
947 918
904 399
161 327
403 226
188 548
539 83
439 805
476 747
341 932
511 667
66 629
207 648
564 430
293 747
374 137
566 209
699 100
988 402
909 704
966 914
535 135
101 823
565 608
273 473
348 681
485 687
1037 875
978 105
78 229
361 945
495 136
800 891
846 183
851 287
521 575
675 899
131 492
99 691
343 667
319 130
84 661
693 838
854 139
391 844
223 438
728 903
263 388
882 141
332 845
361 924
183 537
547 691
257 516
630 821
1021 568
829 305
204 507
407 734
609 297
866 796
955 262
507 669
662 838
989 919
388 948
489 766
225 790
502 89
467 686
730 845
872 888
204 165
896 31
49 353
235 88
403 156
958 508
960 652
370 596
600 467
454 565
943 877
592 380
771 436
397 894
22 800
331 447
986 893
757 533
732 662
702 488
596 380
108 130
1028 686
505 241
836 596
60 568
707 694
430 374
1010 205
108 794
67 954
973 704
134 467
719 828
711 166
180 395
598 913
218 732
218 93
359 157
71 817
987 921
790 742
302 943
977 183
389 751
437 175
786 667
618 415
353 344
808 9
959 769
15 709
462 213
861 553
986 584
547 214
490 925
791 567
477 717
722 292
1019 554
493 805
576 215
672 775
576 513
102 227
734 127
929 642
133 991
835 506
179 930
982 95
82 97
561 522
964 178
14 190
235 224
844 38
456 52
198 237
223 224
748 88
950 975
755 17
654 874
271 819
541 268
576 595
430 297
560 771
139 289
407 654
532 475
702 94
250 664
152 337
354 618
938 314
481 692
179 415
194 457
255 117
144 406
632 57
673 728
1028 534
80 693
25 593
37 269
923 522
832 411
984 98
949 680
651 323
56 388
813 745
916 910
133 975
46 78
201 592
6 17
217 315
776 72
85 540
803 355
291 128
675 297
290 752
862 871
245 978
370 785
1030 501
570 340
63 286
84 675
890 150
621 394
454 756
216 118
724 766
677 183
426 257
897 705
400 406
868 660
983 14
636 788
611 419
652 269
378 350
203 770
40 852
490 616
369 241
175 988
497 616
254 188
465 247
838 219
246 473
633 654
54 224
117 585
18 777
353 898
538 283
352 965
589 406
400 97
769 763
413 263
589 480
203 555
378 459
719 878
42 579
826 933
114 27
4 113
998 981
469 774
19 714
971 661
590 548
356 626
1037 114
819 19
542 657
849 642
889 530
409 217
242 695
874 928
946 681
861 201
485 598
1002 695
44 621
748 564
423 480
65 618
548 972
339 751
220 33
599 441
22 186
999 287
846 775
1018 278
921 198
912 518
643 985
544 896
746 52
240 750
735 413
358 466
125 745
896 500
508 652
891 615
13 156
434 259
461 414
378 368
993 942
839 878
926 783
636 90
335 14
48 117
68 48
424 825
439 251
147 463
692 505
505 358
884 434
592 120
488 868
672 111
393 301
212 624
622 465
774 114
1006 334
332 681
569 398
118 956
1010 534
609 358
245 862
10 52
578 906
54 218
413 552
417 990
685 238
853 452
1005 724
