1114 10011
482 485
257 326
286 248
517 421
404 322
713 795
45 43
924 845
873 955
160 252
1 9
838 901
40 122
58 94
676 738
627 574
766 715
862 882
405 367
923 984
379 299
461 433
612 682
133 72
813 874
97 138
908 856
165 145
996 995
623 529
220 199
298 277
157 97
723 719
144 242
48 107
129 122
148 70
35 98
644 600
632 645
272 267
1040 972
977 895
312 213
778 748
567 487
965 923
1 29
616 674
569 540
628 554
493 467
76 46
733 710
575 553
288 191
775 724
723 730
912 988
64 90
354 340
565 549
210 196
922 865
775 678
566 570
934 936
626 722
742 651
194 123
485 431
483 508
617 585
876 853
653 642
896 992
652 725
220 286
727 812
900 859
563 663
56 88
157 179
280 187
537 619
284 261
920 846
124 192
239 261
459 514
931 886
504 530
910 849
382 294
795 799
485 391
351 330
289 298
865 790
250 275
738 826
75 72
788 866
947 951
651 748
595 685
993 956
663 564
265 183
338 400
637 721
206 207
328 323
618 611
64 116
139 109
806 795
412 343
912 862
715 685
1 10
929 881
1025 984
410 403
273 360
507 449
450 541
174 272
882 877
427 359
787 707
355 308
734 770
1 30
248 208
397 311
159 100
874 939
449 422
857 785
286 370
976 989
908 969
103 143
1071 972
1 28
117 61
697 638
424 348
439 347
74 66
442 391
568 638
195 295
854 826
281 196
433 449
845 855
224 143
487 487
181 140
496 564
690 615
124 135
575 564
374 360
766 793
149 163
776 859
793 760
674 711
696 662
90 159
732 660
214 268
935 948
228 315
619 676
349 341
734 689
964 894
644 706
484 490
491 478
628 671
1009 932
944 899
315 237
92 187
554 472
757 772
88 98
952 906
818 911
628 635
316 225
818 823
255 164
432 343
763 732
490 502
721 740
587 576
530 612
992 902
491 454
343 411
880 973
645 703
761 850
152 77
241 220
727 802
352 403
246 181
1 10
479 525
958 919
749 668
551 527
538 462
319 291
580 605
501 457
487 405
349 417
252 279
731 685
637 596
339 307
257 224
271 322
740 840
1002 975
404 401
190 91
254 327
277 330
100 182
648 603
810 793
535 615
702 733
855 864
76 16
773 863
917 987
279 306
123 34
922 840
613 700
658 706
705 787
101 105
807 834
883 798
358 310
634 609
786 690
618 561
644 579
141 60
466 388
340 309
495 407
283 200
352 313
886 970
95 33
291 273
217 277
1007 997
1 40
219 227
764 860
1025 940
600 608
895 990
690 590
738 806
1 52
772 801
727 764
774 710
340 386
503 593
1 50
432 494
228 156
993 936
1058 965
130 86
821 723
189 184
943 868
343 340
404 412
560 487
196 209
418 346
782 860
314 307
59 95
778 821
979 941
828 821
584 587
122 201
741 665
566 527
760 812
385 424
395 459
250 343
789 836
492 506
261 179
914 916
380 430
537 596
731 808
361 269
473 512
737 811
708 685
635 567
804 776
827 855
695 718
756 853
57 97
178 146
688 746
1 15
871 965
415 512
510 480
1057 958
764 665
193 191
905 964
583 515
696 606
887 822
444 536
741 693
12 19
313 335
81 101
828 922
354 294
981 910
499 410
283 250
545 546
635 729
540 609
689 720
946 976
730 759
703 798
14 74
644 648
241 299
793 785
912 846
461 390
801 897
424 416
744 837
272 247
338 293
193 144
987 938
432 467
505 480
944 955
653 665
38 26
468 564
461 449
1 26
576 521
329 301
274 321
701 613
432 388
851 879
915 990
137 188
927 963
903 820
373 300
770 822
160 255
285 277
231 153
366 400
317 227
423 518
420 447
216 315
772 813
271 324
566 502
243 299
725 780
390 376
491 516
225 212
392 329
781 810
434 486
535 485
368 416
938 952
946 894
353 358
1 21
707 647
143 44
630 683
364 361
822 814
147 231
54 8
91 165
431 496
606 699
917 852
553 459
473 535
222 314
954 944
369 306
413 459
717 637
491 447
447 408
44 107
994 962
518 565
448 407
931 857
369 317
181 98
815 818
655 600
267 288
960 902
611 567
271 190
771 749
993 908
359 276
810 748
563 592
360 393
264 363
199 163
1074 983
131 179
41 16
423 478
197 259
779 868
344 295
536 596
140 71
669 622
938 864
715 644
67 5
321 365
434 429
19 64
928 854
759 770
178 88
160 157
277 368
467 421
653 719
330 271
966 975
817 816
1045 962
508 535
492 438
743 696
884 881
259 318
56 45
1 52
421 496
270 313
99 138
429 334
1004 988
512 508
702 770
657 751
862 780
516 441
246 207
592 516
641 674
390 408
831 920
522 573
611 634
825 878
929 990
734 826
718 696
883 800
355 411
426 422
668 707
235 334
1080 986
397 494
137 150
648 562
342 380
799 832
1067 979
313 376
452 511
441 414
214 160
1059 982
260 238
579 490
897 899
316 251
526 526
909 897
139 39
634 657
384 452
577 538
840 831
509 460
262 185
934 934
513 440
556 490
97 168
107 71
937 977
370 458
193 204
802 803
134 139
390 399
439 420
1034 991
636 578
1008 972
191 177
429 398
445 348
483 496
347 276
769 825
540 614
212 121
789 730
317 341
381 284
714 698
24 17
570 546
771 672
1052 974
776 866
290 377
470 559
367 340
626 527
879 779
688 761
553 483
112 92
440 390
510 583
741 661
473 391
289 336
574 661
85 125
36 89
362 275
310 359
129 178
763 780
31 42
69 5
470 380
739 772
726 816
57 9
476 484
498 545
669 589
112 157
934 901
854 777
112 74
246 247
1 55
481 479
883 785
1051 958
763 680
417 393
900 944
573 596
601 619
588 611
900 852
327 283
199 299
847 766
240 312
862 826
635 726
680 733
806 805
767 679
495 403
870 964
259 337
476 541
512 478
467 369
1001 946
798 821
819 833
835 837
502 490
119 37
652 594
82 129
242 258
215 246
291 362
687 755
550 504
1 71
249 177
203 176
865 803
189 237
758 677
90 33
188 115
621 597
807 769
481 536
1031 956
349 341
222 184
260 234
551 569
245 216
631 537
183 84
873 810
656 657
5 33
137 159
579 520
656 668
373 287
232 229
352 374
428 474
598 672
943 915
582 511
120 123
573 569
218 199
347 396
628 715
1 59
642 610
959 917
983 927
186 270
60 117
513 516
143 215
234 216
290 237
597 615
452 499
521 477
837 760
267 285
20 56
1027 966
690 622
235 221
199 194
186 91
374 347
244 252
424 473
438 516
385 385
337 357
945 958
686 665
698 792
16 64
464 420
655 671
911 968
839 877
144 177
535 523
65 139
230 152
806 732
312 246
578 565
699 740
817 902
105 17
886 973
360 298
658 611
53 32
1 11
319 337
36 136
879 889
595 522
721 805
80 28
981 931
838 757
654 609
480 544
973 905
647 595
243 246
152 113
183 175
140 156
263 244
856 883
338 265
792 883
403 462
560 485
238 272
214 204
1011 984
453 409
330 398
819 909
469 370
882 882
279 214
811 766
82 35
341 421
271 271
397 370
876 848
128 50
1016 976
243 270
843 796
949 963
451 379
1091 991
594 551
867 897
353 307
471 421
100 74
401 388
591 559
884 980
607 615
651 681
209 231
133 207
741 818
372 331
950 979
403 445
419 348
780 724
345 401
618 646
766 668
335 242
288 302
795 861
777 830
117 77
541 441
499 589
1025 990
217 189
799 868
944 996
329 363
232 237
367 420
552 565
220 214
353 333
811 726
176 175
35 58
548 625
1 66
142 169
400 475
298 204
27 90
421 496
40 1
462 474
359 449
299 252
395 332
382 287
206 189
980 889
1 63
285 378
109 206
813 897
219 230
361 382
601 575
155 60
442 529
405 477
253 290
57 89
894 961
548 461
763 702
542 532
704 680
44 53
545 642
1018 1000
803 891
730 822
59 152
423 324
590 633
266 267
325 381
307 272
422 506
403 419
524 461
613 526
1033 978
403 468
820 729
777 795
631 581
298 383
302 226
505 421
461 386
351 273
556 484
638 676
152 107
236 229
831 902
882 962
38 105
100 84
1006 991
661 701
596 689
748 655
528 600
587 538
492 499
783 881
1017 981
546 473
368 383
618 679
662 573
563 589
553 480
161 145
612 624
926 923
972 915
249 232
948 974
662 735
735 678
682 640
722 644
146 212
75 123
276 253
890 943
1 18
1007 916
302 327
607 640
646 615
488 470
565 655
239 288
448 401
906 840
564 633
647 707
339 424
757 682
213 194
829 855
229 190
703 728
257 178
255 275
123 88
321 367
517 544
768 738
1040 963
439 460
282 266
739 727
128 33
471 442
714 628
467 384
298 244
411 482
760 765
435 446
245 247
865 913
658 560
457 528
694 594
882 935
415 462
555 621
705 660
525 564
276 302
871 936
582 592
639 724
181 118
200 299
201 251
35 129
5 96
85 167
239 169
359 381
948 976
771 767
804 837
457 407
284 203
485 387
803 735
629 706
358 335
13 40
808 821
68 131
96 159
956 978
101 53
767 849
577 478
1 19
278 230
388 453
318 336
847 931
592 588
494 449
615 566
265 272
806 883
754 731
94 80
113 213
203 177
896 872
712 626
1000 940
69 150
279 379
847 833
509 517
686 724
946 973
652 581
872 839
237 272
314 412
789 839
440 492
526 553
714 718
791 738
816 839
385 390
557 588
562 523
715 630
815 770
752 746
1 49
280 369
498 537
116 115
155 215
872 971
572 602
551 551
1 40
399 494
306 252
153 158
81 72
84 177
755 667
504 483
724 815
94 19
725 745
266 339
660 614
263 302
341 319
635 670
519 513
647 566
24 27
259 322
707 645
162 210
925 841
830 925
600 521
931 975
177 269
862 929
437 478
918 970
737 684
227 231
595 673
343 348
194 232
683 727
616 597
401 397
608 539
923 907
928 892
731 699
435 408
265 361
828 789
583 529
275 190
812 880
212 236
659 715
725 718
348 439
774 814
845 902
593 658
393 410
511 412
5 90
689 678
916 951
120 37
624 593
781 737
174 211
156 134
769 847
433 490
57 95
389 435
822 737
760 860
360 310
545 548
991 984
669 660
142 86
707 635
935 941
156 56
357 372
630 650
1041 964
734 735
730 682
166 151
223 283
834 773
648 643
918 898
781 817
362 269
760 731
454 507
853 841
294 207
779 752
407 318
86 126
182 153
49 101
623 560
786 743
765 816
981 980
29 1
69 82
914 886
448 377
476 465
752 753
847 842
609 547
660 580
700 754
1 37
616 548
963 896
735 656
615 537
143 78
582 540
525 597
253 314
877 845
321 361
988 930
562 654
866 841
754 810
193 98
846 814
977 898
220 237
310 236
375 397
512 468
112 160
176 168
262 189
123 123
826 783
1063 991
839 775
505 565
838 906
680 604
229 233
759 693
188 209
241 279
166 231
773 675
324 370
777 814
285 276
200 238
663 710
916 931
833 879
433 492
168 81
386 347
360 417
612 582
755 801
282 195
474 403
215 247
351 356
571 627
838 858
722 803
277 236
521 572
585 485
526 586
808 748
291 235
838 859
793 788
394 345
801 861
395 342
783 779
555 595
910 963
195 260
315 366
796 835
687 733
808 834
357 442
690 773
974 880
928 873
722 793
164 173
394 402
38 60
688 628
1 19
146 146
741 685
88 138
636 593
265 202
590 500
66 89
508 433
133 63
494 514
785 865
433 393
364 269
129 111
659 614
330 272
950 973
673 609
285 236
493 496
120 24
795 871
186 227
391 420
933 850
112 127
186 170
190 224
714 722
267 189
548 597
346 286
1 22
958 957
576 536
311 221
292 281
261 238
622 531
472 449
714 735
575 670
667 646
297 272
546 605
390 394
595 508
570 537
893 955
408 477
947 969
697 692
896 963
914 829
623 638
122 206
229 185
210 187
36 129
266 300
207 114
391 305
174 199
897 916
802 839
966 899
464 452
163 185
552 561
825 848
167 191
864 830
885 860
952 873
574 649
632 591
915 974
1037 974
471 452
364 397
331 350
671 597
34 13
405 392
273 343
844 756
438 387
888 924
174 188
1 68
581 552
112 166
406 435
3 14
782 797
186 254
228 300
483 431
346 367
220 197
237 233
249 149
51 62
1 38
106 69
430 425
855 810
834 878
484 503
240 308
781 798
394 437
805 798
23 36
527 583
418 412
182 195
783 878
347 388
478 438
435 532
18 3
332 268
373 417
282 277
273 229
486 445
358 380
884 974
329 248
491 433
1039 1000
781 874
889 939
813 760
538 473
721 811
810 766
236 306
558 556
527 521
377 364
467 460
230 136
537 458
839 784
623 648
693 783
922 960
42 137
524 591
845 875
503 440
310 263
91 40
916 835
863 943
726 749
214 263
621 597
59 5
1029 999
118 161
1 35
933 891
377 459
926 996
675 592
1 54
1080 985
444 401
259 298
383 459
144 77
617 611
169 159
392 467
821 737
887 895
135 49
482 382
347 285
326 388
1048 972
353 265
691 729
822 810
1056 973
867 818
349 295
566 532
126 58
758 736
113 187
923 896
1063 998
914 997
564 476
221 259
536 475
465 494
124 130
222 151
669 639
774 855
565 480
431 478
471 386
602 672
371 361
821 894
447 460
122 148
749 660
706 628
367 329
898 975
17 1
584 507
815 750
53 109
878 915
735 700
38 75
880 896
233 229
1 85
147 144
595 536
841 919
584 516
425 473
1 25
1 25
682 611
22 44
798 722
954 980
615 563
585 672
976 914
448 541
917 882
178 142
346 259
113 35
641 543
652 689
819 721
235 142
509 530
602 503
519 450
305 248
608 599
911 919
546 636
205 181
799 873
112 154
440 427
669 604
313 313
441 363
601 594
815 813
898 829
133 49
808 791
463 554
471 499
215 226
325 345
402 432
671 758
113 64
933 843
585 637
945 941
891 965
502 448
798 857
982 968
258 351
691 758
307 351
901 980
670 662
338 357
921 914
642 548
793 723
1 23
214 170
326 351
35 113
755 783
747 766
497 527
233 206
551 644
348 258
921 861
675 728
122 69
173 128
397 392
81 145
112 51
179 112
245 253
300 340
1027 932
832 817
970 965
493 480
633 724
812 839
549 500
726 746
767 811
450 373
641 605
351 252
162 172
388 394
229 177
84 98
325 377
518 486
792 855
382 290
146 130
426 355
885 842
255 233
81 101
671 686
676 736
844 930
748 700
92 69
696 607
949 879
904 916
1037 960
345 408
681 679
130 138
123 185
684 782
9 49
464 453
551 630
364 429
845 853
450 545
645 651
853 765
155 159
1007 1000
120 179
743 717
816 885
71 32
833 838
148 186
486 470
270 185
836 921
385 376
954 986
852 934
90 171
552 645
1 46
762 681
1 43
231 234
99 103
536 496
486 389
945 931
639 579
164 132
966 908
679 772
736 677
425 343
714 703
134 139
337 344
418 387
840 909
471 539
361 304
745 655
374 378
153 92
841 862
428 411
420 362
383 397
331 290
182 152
687 611
188 173
226 137
982 946
432 365
410 475
971 982
832 920
710 802
1 66
711 778
715 744
535 464
399 313
401 341
620 685
339 331
150 85
741 676
89 91
535 534
229 166
124 51
970 966
849 841
558 625
173 114
1 16
29 113
800 826
581 506
794 738
657 564
364 455
711 735
283 264
526 548
717 738
900 853
557 575
495 569
316 365
599 620
340 264
144 193
1 21
285 373
168 84
167 250
190 288
86 132
180 151
337 419
522 521
907 974
601 655
690 648
830 737
398 298
227 187
1017 981
870 965
979 954
149 166
330 248
655 636
565 560
624 563
11 24
813 896
821 803
1 16
291 274
809 714
406 449
192 229
188 280
494 423
769 868
115 124
945 970
312 231
859 935
809 808
61 23
110 210
149 88
192 151
742 770
600 555
580 613
771 866
230 223
258 303
383 305
312 306
951 900
962 964
467 397
966 898
63 59
571 628
182 225
473 537
624 612
619 633
275 314
551 478
1071 981
868 904
776 819
187 108
245 179
196 152
686 598
321 349
100 80
796 762
292 314
417 513
293 205
510 584
731 652
983 894
149 198
220 143
601 671
304 302
575 611
631 631
533 526
533 526
439 403
141 231
794 830
242 283
772 864
728 755
62 159
141 220
454 447
892 800
880 833
804 805
724 791
499 412
850 857
476 408
859 895
313 360
874 827
875 971
909 961
431 519
432 335
329 238
935 883
204 222
827 886
764 708
376 475
933 876
69 123
76 127
310 384
798 745
311 284
388 429
776 685
593 512
577 503
576 599
925 983
439 462
1064 992
236 270
393 491
267 282
766 831
146 167
28 115
579 661
539 564
902 934
527 608
586 513
1 53
725 659
706 646
120 164
752 763
828 825
887 949
321 355
775 811
188 164
766 851
253 289
483 392
130 224
419 460
886 903
440 347
579 638
45 101
666 587
736 797
792 881
219 210
194 243
938 969
225 298
161 253
576 593
439 453
663 657
172 72
225 222
402 319
1 61
750 694
448 384
739 801
218 136
522 536
1012 958
557 647
610 526
1 28
999 904
484 509
922 884
539 565
635 601
417 323
615 522
149 192
66 103
483 451
903 867
555 602
874 783
346 311
1027 994
187 172
1 51
332 389
193 237
796 721
561 597
417 492
248 331
358 380
190 259
653 726
54 55
496 501
395 459
729 790
1 4
715 634
170 117
666 601
711 808
457 544
504 542
598 590
829 827
864 817
657 617
1 32
815 879
593 692
709 685
90 88
820 911
553 546
528 580
948 997
1018 937
1069 988
433 351
563 661
617 630
367 360
897 908
263 203
545 479
270 251
212 162
967 905
227 167
779 862
346 369
86 181
684 765
291 251
992 909
712 645
664 568
896 847
547 538
466 540
193 99
438 423
323 246
88 165
549 544
120 52
218 131
273 372
500 471
651 625
696 684
432 378
542 534
46 73
458 540
639 671
207 127
507 412
1067 972
825 823
716 663
755 784
608 588
514 496
209 170
133 153
209 199
216 152
355 258
208 283
305 289
616 608
428 463
157 180
404 329
271 221
266 294
119 125
534 625
376 427
712 796
131 151
883 867
214 122
416 370
752 840
41 115
806 875
947 912
163 85
958 969
734 714
711 925
773 229
187 356
826 794
215 584
955 640
222 868
666 327
116 312
728 61
453 357
125 314
15 146
91 300
981 446
1073 504
288 815
337 164
693 140
973 855
267 175
848 615
850 980
933 727
382 418
582 322
138 480
685 769
814 886
393 838
560 911
845 608
213 678
1017 972
1033 362
666 913
676 837
586 903
624 323
501 330
118 588
65 333
915 168
561 11
41 244
714 399
355 974
78 99
377 819
317 67
923 622
517 954
105 334
312 743
719 989
122 127
929 665
50 989
826 838
897 542
399 299
320 846
923 288
106 348
601 989
1003 535
656 922
150 76
470 626
978 7
399 13
680 173
224 431
159 886
754 69
24 465
499 529
539 680
71 399
736 852
993 929
1010 634
975 229
592 188
1017 44
77 556
79 277
620 67
718 917
858 722
420 182
837 859
590 145
583 380
10 113
929 295
1089 607
469 17
160 871
459 966
756 471
1082 129
939 370
40 939
408 747
626 196
740 834
773 13
869 494
163 781
1006 163
52 858
28 316
841 185
402 936
1045 205
858 303
348 648
850 12
253 486
72 946
148 158
939 193
350 230
313 478
156 891
239 318
611 835
241 457
131 583
821 640
578 18
123 495
510 804
461 450
352 60
577 10
119 132
504 334
776 598
300 598
717 962
135 99
389 454
738 685
224 273
291 268
454 492
1087 980
194 425
709 475
1028 192
33 207
392 58
1039 287
75 275
24 694
1019 704
676 403
745 720
396 503
929 359
175 184
945 496
598 689
589 663
507 648
249 259
976 311
811 461
512 327
137 462
973 551
864 874
31 757
613 726
350 662
844 109
1060 859
716 148
1027 376
923 667
352 565
171 707
269 515
831 541
607 882
32 822
564 295
775 911
745 867
583 682
210 989
547 509
76 119
321 881
851 168
742 108
241 832
719 348
741 47
916 484
362 475
1003 738
146 713
303 799
602 817
800 614
668 256
397 64
283 512
737 283
481 667
755 266
436 215
361 56
565 986
708 886
617 131
1036 981
431 947
533 488
786 648
549 236
729 375
227 878
912 896
212 69
219 593
80 756
1089 353
477 72
86 158
605 616
739 28
1046 697
826 636
357 754
982 505
808 831
130 822
568 249
60 443
598 78
836 292
849 740
203 364
692 354
533 334
972 226
1004 744
97 387
763 604
674 224
1068 344
885 168
678 334
297 846
1090 368
251 655
623 40
1072 538
584 763
66 483
619 85
310 101
782 722
887 442
164 573
409 154
690 790
397 799
188 773
1025 375
935 674
527 286
649 925
76 478
1033 8
1078 866
723 781
321 970
1009 43
864 494
1051 474
214 509
965 447
763 512
551 164
1083 503
364 26
305 840
428 639
1018 805
439 471
979 206
83 209
643 411
334 768
1087 262
841 652
901 5
563 912
875 994
280 199
638 122
50 439
895 814
415 256
982 604
721 305
159 758
153 239
86 37
82 255
187 804
907 259
896 755
159 79
345 218
559 308
77 480
453 316
311 571
220 242
463 219
967 66
1089 291
502 955
1001 538
761 265
555 678
868 720
851 385
262 476
235 591
261 620
888 83
755 484
828 969
371 662
7 149
987 951
235 952
202 442
897 628
437 986
927 541
246 496
51 995
791 938
676 94
628 860
943 368
534 182
167 505
546 704
92 164
487 193
212 100
995 856
3 732
716 724
65 871
613 404
762 959
317 261
221 16
662 457
589 871
1004 287
557 383
193 708
80 677
398 457
89 796
434 43
437 463
322 908
636 398
522 784
859 750
1073 272
411 99
956 790
304 184
773 740
810 359
25 713
961 141
465 485
356 247
598 645
1074 573
682 922
1027 754
639 677
421 279
635 376
312 935
982 268
83 239
3 371
946 420
745 265
131 536
269 385
333 12
418 900
1080 70
396 689
1088 604
875 451
388 744
425 757
9 95
858 578
409 843
254 275
72 37
888 112
438 637
1086 247
381 291
113 80
711 163
632 318
376 848
279 434
165 175
101 990
222 192
379 909
300 641
694 392
173 904
350 689
1036 522
420 208
193 614
109 635
981 281
421 480
115 217
872 516
462 134
763 843
953 818
669 506
906 429
511 271
481 63
1088 660
799 766
947 947
885 19
737 301
400 681
499 176
1006 298
352 339
784 661
608 839
263 52
820 308
62 659
886 190
104 53
237 933
711 587
884 577
987 789
1047 150
210 267
369 674
820 555
722 464
406 532
670 364
863 190
971 878
509 884
409 745
168 35
677 882
266 112
375 268
865 204
996 410
198 978
253 887
483 719
60 176
393 230
57 554
630 383
878 664
74 311
1000 620
700 424
220 259
63 835
816 591
827 519
21 42
903 85
916 913
437 25
644 775
15 233
197 427
377 347
759 119
482 190
911 425
978 678
280 674
913 467
650 546
513 808
358 692
722 344
787 86
256 626
984 840
24 257
16 513
575 154
387 563
432 854
657 962
1006 576
877 882
891 206
53 637
372 345
222 46
898 324
478 380
92 182
237 771
459 734
978 751
878 305
119 293
486 94
905 515
551 669
458 5
579 191
716 635
770 551
124 639
102 691
521 373
1006 265
1051 648
909 116
613 755
782 435
987 712
1032 154
877 268
918 874
355 735
802 247
523 321
260 941
1082 877
1023 496
1003 429
284 787
27 683
312 919
371 97
222 783
596 274
747 881
861 131
607 663
389 718
626 546
63 585
232 245
466 865
609 391
367 884
15 458
319 657
193 36
942 531
300 547
803 511
272 74
105 101
204 531
107 914
262 493
868 895
782 480
781 585
24 203
683 29
559 447
753 414
798 655
862 630
972 326
112 324
604 442
766 209
672 875
338 32
106 987
11 603
753 624
345 762
950 617
300 964
842 253
414 849
879 917
902 893
913 195
854 163
212 501
918 680
99 536
812 908
771 653
203 612
781 568
111 261
180 784
641 622
860 626
381 69
286 592
1073 678
205 35
42 215
256 281
570 760
562 224
683 106
1020 327
778 263
649 260
536 548
969 196
1068 135
531 160
870 460
5 861
632 673
928 452
246 328
769 90
147 363
80 231
740 456
482 879
361 863
13 236
275 222
316 380
912 238
1083 643
1047 486
89 517
930 428
154 452
530 470
1040 622
789 202
540 259
147 538
418 945
88 77
934 521
309 270
918 372
474 503
641 574
846 913
88 628
850 126
196 153
569 476
71 82
615 891
507 29
341 812
739 182
864 908
227 875
664 33
893 683
828 21
339 975
459 930
648 276
231 197
958 473
410 801
455 383
243 658
1060 637
1034 293
72 370
938 724
189 178
583 441
942 615
733 552
984 658
498 399
917 332
114 953
636 394
696 817
300 344
333 554
803 941
822 159
271 744
301 568
51 753
607 681
938 444
48 909
780 302
490 193
1042 130
129 605
117 260
487 782
166 317
599 651
716 94
591 298
555 268
492 708
772 135
891 940
943 593
1073 621
1052 162
769 737
575 113
1039 849
404 288
383 544
43 357
36 146
607 295
433 648
533 998
211 175
217 893
23 228
1031 437
525 988
378 309
695 53
463 879
424 752
94 752
153 397
599 297
1005 52
573 984
544 519
628 985
987 600
885 527
1009 820
324 780
33 1
511 91
596 194
741 202
337 618
830 611
46 39
986 254
661 644
629 335
728 627
827 999
477 301
251 586
986 475
490 57
211 777
603 240
768 79
472 421
798 998
464 134
888 985
1055 298
1056 444
33 231
436 661
383 951
69 574
335 272
376 567
684 105
972 133
740 793
520 856
237 902
356 503
916 757
756 196
923 517
48 383
893 633
258 504
109 530
149 890
13 32
245 516
280 376
556 446
968 470
1049 48
435 922
94 575
394 399
65 172
93 141
806 101
497 244
529 183
227 103
1039 722
76 879
373 422
269 343
689 213
578 338
505 777
1037 557
94 513
231 788
944 398
246 686
974 90
383 44
1061 207
866 143
390 63
834 64
286 874
1041 631
201 297
980 932
576 419
1057 155
187 115
22 609
800 495
372 582
106 371
949 97
832 437
46 373
212 358
429 115
2 247
804 275
444 721
1081 266
66 289
457 945
842 372
57 41
1091 475
1017 968
803 387
438 451
1036 403
576 95
828 916
1077 66
302 697
962 558
202 110
86 231
809 184
568 143
591 838
984 186
589 331
913 505
359 62
411 158
585 20
245 854
601 234
765 364
228 576
1026 873
810 775
439 574
290 618
451 710
226 842
24 740
641 68
797 707
521 664
383 736
208 358
173 686
643 884
1041 542
712 291
497 920
828 147
16 498
840 745
809 369
339 349
926 290
998 488
571 294
434 793
257 573
45 313
326 750
862 930
559 23
687 68
351 195
459 779
988 644
575 889
430 119
547 853
464 408
393 215
1087 368
1057 535
722 621
112 492
654 80
49 791
827 652
455 993
587 472
266 929
842 411
795 330
217 835
896 610
914 772
590 402
147 701
736 921
346 535
246 316
777 511
436 169
59 531
523 609
56 514
767 352
627 127
287 281
158 360
462 324
731 470
640 214
605 489
78 393
445 780
174 575
562 255
365 648
257 789
289 585
615 693
879 822
525 309
893 762
595 698
959 641
187 619
581 553
573 303
528 112
461 32
108 399
382 780
117 357
646 112
473 264
581 486
504 406
440 808
607 584
908 671
629 852
1062 520
125 519
379 256
16 824
168 157
97 672
1077 494
109 254
132 874
184 263
860 870
434 944
78 231
242 549
477 596
98 749
668 9
565 221
929 33
599 626
692 57
286 391
17 967
1088 457
324 664
301 824
387 919
122 132
307 634
382 881
1087 569
935 636
304 648
774 166
47 325
553 406
698 141
731 50
15 365
518 462
1059 895
885 905
739 778
578 809
308 26
958 86
600 531
607 118
704 529
1010 827
386 267
91 317
423 998
934 276
451 441
418 264
510 643
315 860
1036 951
365 938
389 91
516 126
938 510
1058 228
888 336
150 877
377 452
523 534
753 216
1020 332
760 958
202 172
732 20
1059 504
709 845
557 242
1004 125
163 868
248 322
196 751
181 121
193 292
1014 138
217 885
964 184
915 235
467 10
618 561
477 936
908 256
180 567
17 808
465 552
84 635
746 746
758 823
341 338
51 901
1025 815
399 405
54 533
278 854
828 6
61 424
887 518
934 36
100 66
