986 995
94 485
506 326
416 248
992 421
649 322
237 795
457 43
815 845
446 955
422 252
791 9
359 901
667 122
598 94
7 738
544 574
334 715
766 882
994 367
893 984
633 299
131 433
428 682
700 72
617 874
874 138
720 856
419 145
794 995
196 529
997 199
116 277
908 97
539 719
707 242
569 107
537 122
931 70
726 98
487 600
772 645
513 267
81 972
943 895
58 213
303 748
764 487
536 923
724 29
789 674
479 540
142 554
339 467
641 46
196 710
494 553
66 191
824 724
208 730
711 988
800 90
314 340
289 549
401 196
466 865
689 678
833 570
225 936
244 722
849 651
113 123
379 431
361 508
65 585
486 853
686 642
286 992
889 725
24 286
491 812
891 859
90 663
181 88
214 179
17 187
472 619
418 261
419 846
356 192
682 261
306 514
201 886
385 530
952 849
500 294
194 799
737 391
324 330
992 298
224 790
251 960
821 47
760 991
67 237
975 193
838 534
18 437
554 512
505 406
27 271
980 881
419 690
274 933
20 213
522 366
121 52
801 421
221 958
686 123
390 135
650 622
596 772
600 488
719 529
618 364
949 872
799 768
115 383
823 475
378 271
333 20
433 941
248 356
221 649
314 297
272 65
881 153
467 444
446 481
86 767
211 369
426 959
385 134
498 803
340 707
894 645
407 100
82 96
973 156
94 713
811 182
969 634
387 717
442 592
14 112
513 468
147 565
69 298
251 911
794 915
92 854
229 795
438 235
64 721
350 100
690 979
267 396
712 267
97 611
45 112
920 587
518 152
412 768
260 865
165 532
791 875
433 615
923 422
56 44
243 295
340 172
680 692
208 752
904 481
845 843
282 428
651 962
519 65
75 193
686 922
190 317
958 541
222 826
353 681
332 471
987 584
835 337
939 105
245 387
846 594
240 791
544 552
891 459
498 568
585 954
233 565
821 684
197 958
278 217
81 912
578 172
244 460
40 949
158 773
877 758
212 348
541 314
660 991
792 204
206 576
490 620
61 526
541 76
884 710
882 831
124 322
430 26
235 624
78 284
384 732
126 430
741 619
286 40
305 153
668 386
9 111
762 230
161 891
722 49
365 370
504 609
739 917
405 69
363 244
805 23
569 132
264 136
145 156
403 403
171 359
256 784
247 774
380 867
909 120
145 872
990 221
937 595
227 42
436 235
621 375
726 887
371 25
276 499
646 421
657 324
653 33
627 726
509 783
217 483
103 705
676 884
695 473
495 825
320 672
843 848
58 847
299 183
26 681
48 928
140 437
696 20
65 736
806 357
914 877
422 835
887 228
862 413
35 491
126 226
386 584
247 831
271 735
796 661
908 254
826 606
30 234
145 829
66 681
443 223
131 92
982 147
579 957
446 322
406 264
249 975
542 262
689 116
341 298
171 945
367 244
336 912
410 712
885 166
129 808
508 648
173 55
216 402
680 574
565 225
922 427
468 98
336 245
701 393
357 255
245 44
272 475
815 112
582 860
959 789
717 55
510 746
383 735
536 343
721 367
417 720
20 490
655 903
529 131
451 458
87 590
508 515
682 448
742 140
835 450
105 714
860 746
53 539
543 926
609 186
842 192
240 411
253 291
749 917
736 207
308 562
837 880
643 772
308 381
722 725
349 327
983 259
736 186
418 872
605 405
385 751
413 691
89 303
337 507
160 769
474 446
291 138
611 913
549 752
410 957
346 18
763 734
558 835
17 957
726 747
300 146
30 115
447 79
962 871
743 223
994 121
405 129
711 916
19 258
236 489
482 640
534 208
664 138
493 31
475 404
500 557
81 625
558 618
355 826
616 304
169 160
360 191
411 225
481 369
561 538
436 262
324 129
785 239
571 335
459 306
354 226
751 851
646 355
961 231
42 576
678 961
147 131
623 941
791 400
918 862
713 143
556 114
447 58
985 611
215 461
278 290
861 220
376 254
306 730
324 153
436 155
838 838
409 979
498 721
712 315
508 684
37 521
234 993
228 850
946 680
675 95
643 603
71 788
814 110
370 64
37 246
700 233
896 82
682 88
770 822
950 478
640 843
37 367
877 136
580 671
851 14
10 672
171 994
59 714
570 863
259 865
520 299
568 824
716 424
141 713
546 525
485 418
980 669
68 791
790 20
414 703
330 912
309 105
853 171
804 979
242 112
51 258
583 173
675 922
862 243
229 729
385 895
716 814
805 570
455 578
467 824
388 560
968 835
200 447
677 520
653 82
324 361
915 181
218 791
206 218
268 831
516 923
65 213
480 574
512 890
962 854
197 782
328 995
400 363
928 555
61 857
285 983
823 25
309 889
698 561
819 427
170 214
356 19
617 524
822 941
376 829
141 758
885 497
433 299
27 230
146 321
646 960
496 618
319 929
903 982
558 881
54 927
380 768
38 79
394 491
58 837
937 610
518 595
551 62
595 585
429 286
906 812
819 159
906 181
603 312
919 425
598 557
312 641
944 341
436 617
220 440
444 680
131 704
722 938
516 982
860 710
855 527
222 607
395 121
143 59
507 146
104 828
990 441
836 422
870 268
423 831
725 379
153 639
208 944
736 675
711 541
316 46
283 863
809 376
131 792
720 754
22 267
172 89
901 440
861 549
499 697
902 369
961 222
794 608
874 906
813 159
217 393
355 362
267 958
21 140
21 242
465 965
268 85
290 120
840 440
257 417
703 746
348 826
298 519
159 919
645 518
365 708
393 127
46 507
971 39
749 319
25 953
495 876
239 58
699 629
689 548
633 979
437 17
430 638
807 563
387 127
684 151
613 89
459 374
682 493
719 348
748 810
345 140
608 253
361 858
9 119
608 780
650 582
833 373
536 716
248 511
714 153
221 756
627 853
553 944
241 230
117 29
10 590
22 694
211 871
869 361
637 681
147 55
543 532
756 519
539 320
448 898
741 366
225 758
935 516
710 849
699 676
159 687
517 443
172 781
892 846
587 561
962 744
805 209
182 698
641 339
384 709
902 793
541 656
363 262
793 227
666 29
600 520
975 141
520 87
524 340
102 939
199 338
687 597
440 334
996 667
914 113
198 979
993 231
309 134
577 165
738 987
242 637
68 549
747 474
637 206
783 134
632 526
64 184
730 275
977 125
342 554
812 293
254 393
60 106
445 412
46 876
915 970
597 173
57 279
770 967
229 759
443 554
489 91
605 825
89 119
900 538
151 731
593 79
324 574
46 879
482 919
877 777
94 952
794 794
831 610
834 198
472 244
234 868
132 149
597 650
352 84
527 633
837 34
755 764
374 552
126 504
746 520
730 838
154 162
495 840
321 485
395 510
11 117
587 140
536 707
686 267
526 799
446 920
722 40
194 941
242 305
644 537
914 142
334 19
163 776
50 656
675 896
601 893
89 819
397 716
334 822
996 380
571 696
236 96
226 664
924 907
136 283
273 585
764 818
607 153
568 703
625 919
251 631
351 340
624 393
345 768
450 155
274 454
755 447
764 772
34 59
568 709
727 328
219 27
520 658
279 484
925 559
619 413
447 312
616 785
89 628
270 560
549 407
600 322
558 988
180 467
728 691
258 950
861 142
624 765
423 495
26 49
916 662
779 866
648 350
335 206
7 152
152 569
296 732
493 519
695 823
817 99
8 715
182 61
174 957
311 253
133 584
293 107
785 153
739 509
976 427
983 224
924 403
655 269
394 756
620 36
448 278
574 218
105 574
494 369
704 80
15 298
148 731
718 240
222 914
461 992
187 277
404 333
372 567
782 883
462 604
666 330
103 542
910 130
976 630
716 413
512 721
996 274
941 480
989 809
177 619
195 959
376 386
640 357
579 807
962 505
710 232
257 74
288 672
777 866
408 335
740 724
204 527
222 410
691 847
839 750
147 262
577 915
335 233
875 16
318 953
388 123
227 376
461 582
978 759
455 196
455 295
833 822
166 488
311 208
965 527
876 192
828 355
950 45
971 247
448 643
880 614
52 457
809 631
187 946
398 888
926 856
568 182
382 308
310 196
427 265
941 265
266 57
237 434
646 337
273 851
536 429
759 470
349 28
175 703
857 70
79 238
57 507
683 724
840 884
271 878
397 341
752 342
395 940
739 637
699 203
900 404
622 566
849 618
32 958
865 454
359 18
828 582
704 975
325 601
555 887
356 785
945 692
33 716
669 638
984 941
652 384
850 675
93 623
555 791
663 427
388 922
602 169
991 411
97 734
480 690
288 743
35 542
965 215
900 463
216 184
957 799
719 534
844 29
272 355
745 287
851 209
720 823
274 787
20 746
15 96
812 218
793 281
176 788
980 907
419 68
911 737
838 204
221 54
628 574
967 24
222 124
316 465
356 701
478 694
301 379
814 933
176 789
145 226
941 16
468 388
873 759
288 696
859 289
610 782
381 850
862 436
648 20
569 948
900 603
412 401
274 533
298 307
604 509
23 106
693 143
946 48
546 971
448 35
223 337
36 47
893 748
133 690
197 849
704 767
919 776
