
1239 1008
94 485
506 326
416 248
992 421
649 322
237 795
457 43
815 845
446 955
422 252
791 9
359 901
667 122
598 94
7 738
544 574
334 715
766 882
994 367
893 984
633 299
131 433
428 682
700 72
617 874
874 138
720 856
419 145
794 995
196 529
997 199
116 277
908 97
539 719
707 242
569 107
537 122
931 70
726 98
487 600
772 645
513 267
81 972
943 895
58 213
303 748
764 487
536 923
724 29
789 674
479 540
142 554
339 467
641 46
196 710
494 553
66 191
824 724
208 730
711 988
800 90
314 340
289 549
401 196
466 865
689 678
833 570
225 936
244 722
849 651
113 123
379 431
361 508
65 585
486 853
686 642
286 992
889 725
24 286
491 812
891 859
90 663
181 88
214 179
17 187
472 619
418 261
419 846
356 192
682 261
306 514
201 886
385 530
952 849
500 294
194 799
737 391
324 330
992 298
224 790
260 275
97 826
210 72
649 866
919 951
63 748
958 685
804 956
518 564
428 183
537 400
346 721
153 207
971 323
662 611
197 116
91 109
529 795
126 343
747 862
469 685
770 10
934 881
723 984
895 403
568 360
172 449
958 541
383 272
308 877
970 359
583 707
48 308
930 770
569 30
3 208
20 311
609 100
887 939
825 422
930 785
904 370
241 989
379 969
376 143
962 972
889 28
443 61
216 638
338 348
160 347
406 66
159 391
31 638
204 295
420 826
153 196
425 449
331 855
565 143
838 487
9 140
918 564
533 615
232 135
957 564
591 360
576 793
746 163
377 859
858 760
86 711
434 662
558 159
279 660
840 268
735 948
574 315
126 676
912 341
739 689
821 894
625 706
917 490
201 478
993 671
149 932
52 899
759 237
267 187
256 472
783 772
117 98
516 906
180 911
25 635
380 225
712 823
266 164
216 343
200 240
570 504
559 155
599 256
949 304
415 694
910 388
282 306
222 884
513 125
665 959
545 816
185 882
889 779
949 69
487 324
988 162
755 104
279 360
837 949
356 339
770 504
666 793
283 524
459 710
262 980
522 654
833 758
224 698
732 741
327 896
125 477
224 143
834 221
980 959
928 920
50 703
551 187
666 978
664 423
895 992
952 237
804 476
404 447
809 636
260 946
680 708
109 440
520 684
590 79
920 185
979 149
582 939
830 57
476 620
495 145
945 188
34 701
937 725
973 583
853 645
104 202
672 202
418 371
728 815
845 846
477 967
305 581
987 656
653 520
929 554
324 741
725 283
294 805
494 261
785 145
631 18
449 867
288 504
993 298
207 868
752 571
990 424
529 901
775 561
28 688
296 270
452 107
28 70
81 977
480 523
293 219
179 251
148 608
636 125
212 942
458 773
25 752
152 820
276 768
689 932
68 346
518 870
188 545
42 641
422 42
750 275
693 365
480 829
676 785
932 160
737 342
652 483
453 610
249 263
846 214
765 359
874 379
884 916
150 402
889 822
99 387
323 322
558 460
628 160
259 510
85 638
958 981
561 450
148 634
774 101
574 294
13 263
593 243
521 383
133 686
202 948
57 81
908 840
572 897
891 423
983 830
293 927
982 826
59 58
620 764
590 61
863 771
17 558
878 75
283 739
531 298
761 415
336 926
161 56
733 451
379 607
443 177
481 598
668 505
470 147
453 752
785 876
402 731
549 660
831 133
503 549
182 427
405 643
187 497
54 809
296 184
828 618
625 283
487 685
471 522
819 660
635 528
849 870
349 335
250 702
453 778
780 725
351 161
674 109
614 597
181 533
473 520
310 260
697 723
377 600
602 948
101 466
271 355
992 592
756 299
63 513
143 672
702 383
431 959
22 411
907 222
528 540
922 99
181 874
845 756
554 518
933 582
99 443
879 343
954 420
824 971
966 821
24 987
332 843
921 868
584 523
116 982
354 592
146 990
519 713
953 426
627 77
419 262
49 516
592 625
74 277
241 284
443 825
516 889
195 861
621 597
34 660
496 141
371 352
738 803
356 648
212 831
452 47
893 302
730 757
622 569
716 819
866 335
742 620
193 330
551 618
995 846
655 329
846 750
585 200
514 601
213 302
594 346
930 19
230 719
508 537
584 42
562 425
257 431
616 891
635 866
234 638
499 907
501 390
698 318
972 92
284 902
88 369
451 729
730 195
440 922
672 320
526 481
744 191
384 592
847 919
763 775
769 742
124 618
633 703
660 713
380 759
898 115
535 910
200 620
226 478
232 369
107 602
355 84
510 408
691 532
791 415
553 236
761 520
504 307
111 454
748 918
837 620
823 149
449 487
330 16
800 223
775 417
493 349
580 110
972 671
73 206
266 42
927 591
545 216
687 250
795 283
727 807
986 686
316 52
284 146
204 967
527 582
106 239
705 345
786 699
142 331
660 884
563 616
666 173
834 491
696 111
56 142
513 755
329 133
46 955
427 297
462 779
191 330
60 480
52 766
341 135
880 220
393 973
467 840
873 448
100 594
794 64
463 817
824 817
330 619
675 798
246 287
348 285
272 162
71 652
184 511
931 62
870 871
4 247
630 325
397 747
34 680
655 470
946 943
638 15
129 254
975 135
520 161
437 583
134 744
210 332
280 666
555 620
23 271
359 535
32 174
802 693
661 350
977 433
613 722
663 62
902 847
142 52
435 135
252 493
958 230
309 640
713 827
412 955
196 93
374 828
406 448
324 491
916 958
451 907
946 272
796 513
899 233
3 780
466 481
752 909
42 439
354 814
247 665
756 651
800 704
153 167
819 476
480 705
584 300
315 711
16 411
695 466
639 295
765 716
296 878
722 579
266 709
730 862
224 347
936 444
985 942
957 35
200 87
55 818
601 634
311 602
944 501
217 492
40 886
304 883
454 895
773 705
890 610
921 114
528 747
375 324
177 10
827 968
629 268
526 118
662 45
252 803
829 554
262 45
988 604
337 759
991 200
247 198
508 396
560 382
862 597
985 584
930 309
376 188
214 238
596 85
887 364
563 141
798 977
466 343
22 603
983 392
28 928
383 122
721 919
258 621
175 333
63 973
167 635
987 888
950 171
259 54
642 659
392 702
224 25
591 983
566 690
250 496
660 925
838 314
130 889
43 162
506 903
702 615
983 850
109 27
169 948
450 401
383 550
710 995
518 906
110 420
839 89
395 720
750 326
173 411
978 615
585 716
606 503
878 254
448 151
35 613
817 295
56 604
217 824
960 537
908 995
952 117
800 22
969 820
845 344
772 219
371 304
169 990
825 479
344 558
788 567
384 139
801 399
696 827
794 655
146 220
922 171
661 992
783 865
823 120
201 678
446 120
606 289
881 478
648 983
918 222
690 257
604 180
821 861
817 501
556 342
429 524
252 389
856 99
542 409
716 970
142 901
773 198
15 529
267 208
92 16
869 225
96 779
996 925
59 722
305 325
255 351
410 60
804 482
519 714
695 572
988 680
216 121
237 304
407 68
728 345
814 111
611 113
534 800
735 199
534 891
280 96
455 238
520 218
753 136
168 188
164 966
155 269
480 759
895 601
415 310
849 500
315 819
443 932
437 67
211 915
412 22
123 257
497 282
940 205
50 523
524 32
369 87
173 745
53 453
539 14
369 19
803 142
305 95
977 855
294 80
505 663
204 445
771 866
847 500
839 590
738 156
54 718
848 794
494 620
4 132
448 9
247 121
112 312
995 97
37 290
700 280
799 228
587 373
21 624
67 79
827 178
702 309
166 864
65 468
487 10
944 431
171 543
211 135
329 574
361 262
211 995
581 830
101 200
342 911
966 892
553 701
608 501
703 233
743 908
689 525
795 445
248 237
779 136
445 104
876 346
735 311
411 723
180 490
681 729
149 705
13 456
504 374
39 639
11 492
511 648
564 871
333 584
676 35
169 36
53 757
608 393
121 775
523 327
780 136
58 566
701 675
281 888
75 684
844 590
795 976
416 638
673 58
209 898
599 660
223 485
765 981
743 105
647 80
58 817
980 430
693 948
521 434
351 543
465 373
218 814
492 759
665 948
265 902
843 94
841 216
272 814
78 324
772 895
942 150
663 659
78 623
421 817
771 295
295 734
687 32
185 764
698 583
92 467
125 619
672 869
269 547
391 673
544 158
793 720
470 978
289 816
169 643
130 464
841 197
112 642
861 78
858 246
944 112
249 215
244 302
279 692
805 930
991 77
66 117
637 881
691 617
614 945
616 79
756 354
197 211
767 89
269 55
248 68
401 716
665 168
966 840
276 245
812 597
326 593
910 912
39 513
133 90
567 238
593 736
143 675
965 911
775 162
728 431
901 715
906 157
648 749
263 41
807 943
206 482
778 103
291 547
298 250
781 359
220 662
908 268
258 338
684 383
638 857
702 354
633 609
442 715
787 65
603 527
6 968
706 761
350 951
156 521
834 965
721 494
932 215
18 34
569 65
41 775
796 295
997 437
397 53
685 989
155 33
479 156
813 927
98 742
468 419
928 199
220 616
878 714
169 361
442 743
481 942
64 643
866 611
542 454
151 122
710 544
978 210
36 655
886 311
184 338
723 833
540 632
416 327
518 894
416 171
133 352
63 351
769 66
635 882
454 672
610 194
635 492
679 885
81 488
207 980
536 468
403 406
671 889
563 477
3 623
519 50
845 28
87 266
649 946
568 275
797 866
383 875
634 852
307 577
810 713
528 234
410 566
102 110
212 357
203 902
111 595
41 617
368 45
557 138
309 240
887 216
675 434
531 204
923 439
301 703
516 408
338 58
909 464
974 624
614 737
85 192
310 29
546 384
715 539
83 987
58 375
809 836
822 819
806 276
739 736
479 157
502 833
395 141
214 464
573 719
981 445
294 728
820 608
603 697
121 841
439 995
102 979
420 172
655 720
311 386
355 842
258 9
88 664
218 610
959 284
321 320
136 612
343 841
673 435
813 431
844 178
181 456
436 549
692 830
451 695
979 495
242 352
898 378
210 309
218 301
450 873
237 81
518 506
555 776
232 316
272 514
263 413
243 212
867 643
61 698
895 351
367 270
208 178
811 879
258 56
583 386
597 591
353 789
124 405
814 13
992 428
338 909
181 764
45 487
473 690
616 662
454 182
895 550
803 412
788 697
938 406
137 871
549 992
167 596
597 825
53 156
592 326
550 221
159 951
941 242
619 20
987 352
587 255
860 319
310 61
820 25
250 417
664 945
406 370
101 292
140 91
621 930
495 830
929 610
224 305
135 689
772 57
414 405
371 875
220 189
136 183
106 10
108 797
333 448
5 469
651 137
215 575
133 328
959 965
689 606
430 140
197 361
557 127
194 374
352 979
533 219
283 792
431 287
879 328
650 265
941 778
296 41
503 795
850 273
626 430
165 242
913 112
990 154
541 628
432 83
146 73
319 39
340 238
164 10
881 663
910 526
943 783
38 721
5 476
631 631
568 918
674 605
980 131
871 310
542 331
634 991
937 440
524 148
157 873
802 239
679 982
692 902
792 986
681 437
830 550
618 254
392 74
97 303
111 384
169 485
499 707
34 162
173 274
468 970
513 342
744 833
583 38
169 446
498 258
925 39
954 469
508 149
760 194
330 659
287 806
697 253
842 381
548 431
41 179
611 589
746 981
159 317
776 82
535 162
27 928
294 159
886 255
703 106
816 644
14 598
124 147
349 330
429 991
799 896
513 394
531 93
933 52
888 533
905 722
630 925
586 754
22 23
217 189
73 517
853 139
966 630
50 596
381 471
228 325
939 136
393 367
934 32
178 879
847 653
174 85
191 626
892 194
474 120
102 695
711 463
105 664
780 338
183 196
306 147
406 715
532 13
73 471
330 612
7 128
952 722
735 554
729 432
782 930
749 462
711 95
940 349
183 104
56 848
70 789
868 338
94 425
281 900
312 985
424 984
128 483
204 60
647 707
312 782
434 108
101 590
131 836
902 57
400 716
139 657
46 381
301 633
659 459
194 241
207 340
929 991
872 728
134 122
303 699
792 502
140 584
425 894
898 84
360 276
383 220
272 688
667 690
546 306
684 502
825 598
683 854
551 596
689 762
362 461
943 329
388 977
431 598
6 106
105 859
464 18
380 496
542 957
30 225
212 769
962 152
593 865
917 256
199 817
326 334
738 871
665 168
899 592
383 96
903 451
586 118
560 576
785 728
630 656
278 927
635 685
902 111
264 69
332 153
693 942
25 744
121 786
638 350
421 253
130 315
778 63
137 656
523 84
612 465
592 690
234 581
49 557
630 129
57 683
358 954
5 283
897 168
145 266
413 441
335 173
542 873
631 279
528 536
360 450
332 509
415 417
592 217
352 530
31 307
246 921
199 473
401 800
413 283
722 110
785 596
621 139
130 170
589 924
793 31
258 699
391 508
214 124
256 523
64 745
693 375
979 787
198 374
907 510
684 207
820 713
721 154
118 241
980 452
60 513
517 557
822 364
759 24
562 255
615 694
334 480
44 297
699 348
910 397
37 792
761 911
273 782
981 243
892 574
848 14
896 739
437 242
152 347
663 883
890 160
907 288
258 394
155 993
247 528
888 220
