
955 2517
585 485
194 94
426 326
606 506
348 248
516 416
521 421
1092 992
422 322
749 649
895 795
337 237
143 43
557 457
945 845
915 815
1055 955
546 446
352 252
522 422
109 9
891 791
1001 901
459 359
222 122
767 667
194 94
698 598
838 738
107 7
674 574
644 544
815 715
434 334
982 882
866 766
467 367
1094 994
1084 984
993 893
399 299
733 633
533 433
231 131
782 682
528 428
172 72
800 700
974 874
717 617
238 138
974 874
956 856
820 720
245 145
519 419
1095 995
894 794
629 529
296 196
299 199
1097 997
377 277
216 116
197 97
1008 908
819 719
639 539
342 242
807 707
207 107
669 569
222 122
637 537
170 70
1031 931
198 98
826 726
700 600
587 487
745 645
872 772
367 267
613 513
1072 972
181 81
995 895
1043 943
313 213
158 58
848 748
403 303
587 487
864 764
1023 923
636 536
129 29
824 724
774 674
889 789
640 540
579 479
654 554
242 142
567 467
439 339
146 46
741 641
810 710
296 196
653 553
594 494
291 191
166 66
824 724
924 824
830 730
308 208
1088 988
811 711
190 90
900 800
440 340
414 314
649 549
389 289
296 196
501 401
965 865
566 466
778 678
789 689
670 570
933 833
1036 936
325 225
822 722
344 244
751 651
949 849
223 123
213 113
531 431
479 379
608 508
461 361
685 585
165 65
953 853
586 486
742 642
786 686
1092 992
386 286
825 725
989 889
386 286
124 24
912 812
591 491
959 859
991 891
763 663
190 90
188 88
281 181
279 179
314 214
287 187
117 17
719 619
572 472
361 261
518 418
946 846
519 419
292 192
456 356
361 261
782 682
614 514
406 306
986 886
301 201
630 530
485 385
949 849
1052 952
394 294
600 500
899 799
294 194
491 391
837 737
430 330
424 324
398 298
1092 992
890 790
324 224
375 275
360 260
926 826
197 97
172 72
310 210
966 866
749 649
1051 951
1019 919
848 748
163 63
785 685
1058 958
1056 956
904 804
664 564
618 518
283 183
528 428
500 400
637 537
821 721
446 346
307 207
253 153
423 323
1071 971
711 611
762 662
216 116
297 197
209 109
191 91
895 795
629 529
443 343
226 126
962 862
847 747
785 685
569 469
110 10
870 770
981 881
1034 934
1084 984
823 723
503 403
995 895
460 360
668 568
549 449
272 172
641 541
1058 958
372 272
483 383
977 877
408 308
459 359
1070 970
807 707
683 583
408 308
148 48
870 770
1030 930
130 30
669 569
308 208
103 3
411 311
120 20
200 100
709 609
1039 939
987 887
522 422
925 825
885 785
1030 930
470 370
1004 904
1089 989
341 241
1069 969
479 379
243 143
476 376
1072 972
1062 962
128 28
989 889
161 61
543 443
738 638
316 216
448 348
438 338
447 347
260 160
166 66
506 406
491 391
259 159
738 638
131 31
395 295
304 204
926 826
520 420
296 196
253 153
549 449
525 425
955 855
431 331
243 143
665 565
587 487
938 838
240 140
109 9
664 564
1018 918
715 615
633 533
235 135
332 232
664 564
1057 957
460 360
691 591
893 793
676 576
263 163
846 746
959 859
477 377
860 760
958 858
811 711
186 86
762 662
534 434
259 159
658 558
760 660
379 279
368 268
940 840
1048 948
835 735
415 315
674 574
776 676
226 126
441 341
1012 912
789 689
839 739
994 894
921 821
806 706
725 625
590 490
1017 917
578 478
301 201
771 671
1093 993
1032 932
249 149
999 899
152 52
337 237
859 759
287 187
367 267
572 472
356 256
872 772
883 783
198 98
217 117
1006 906
616 516
1011 911
280 180
735 635
125 25
325 225
480 380
923 823
812 712
264 164
366 266
443 343
316 216
832 732
548 448
602 502
641 541
840 740
764 664
676 576
1054 954
712 612
826 726
1002 902
872 772
554 454
631 531
511 411
1043 943
1073 973
850 750
803 703
427 327
950 850
1017 917
177 77
105 5
320 220
213 113
902 802
1013 913
503 403
891 791
281 181
1098 998
110 10
959 859
625 525
445 345
1019 919
531 431
768 668
775 675
627 527
933 833
562 462
538 438
391 291
623 523
705 605
1016 916
557 457
520 420
505 405
215 115
517 417
760 660
379 279
361 261
785 685
872 772
696 596
488 388
407 307
864 764
324 224
943 843
422 322
306 206
940 840
507 407
1075 975
739 639
501 401
952 852
191 91
642 542
427 327
160 60
430 330
857 757
282 182
182 82
703 603
737 637
893 793
193 93
715 615
714 614
833 733
236 136
964 864
287 187
116 16
202 102
963 863
1072 972
1087 987
263 163
406 306
601 501
134 34
577 477
405 41
938 403
570 597
752 585
735 989
239 885
870 256
988 801
888 304
240 236
271 421
363 408
266 682
665 983
166 596
780 936
474 599
219 758
352 136
192 268
409 445
494 651
800 697
1041 923
1057 368
919 615
390 877
135 745
565 223
699 239
574 805
193 926
312 627
849 116
892 176
896 214
478 430
769 14
192 708
1088 638
587 34
191 181
134 808
153 360
192 117
213 220
1086 298
1054 39
490 529
349 382
899 377
399 143
443 929
525 507
826 595
561 634
452 178
545 563
596 320
522 940
1073 346
421 736
576 900
1089 636
693 591
790 710
220 466
742 794
422 713
970 785
462 72
1060 127
277 977
354 620
530 243
800 810
136 800
760 730
691 222
1012 313
626 794
626 851
189 467
427 672
653 897
728 180
103 111
268 623
443 655
1092 131
457 97
504 351
238 776
695 385
876 840
813 708
508 987
876 213
251 501
351 643
823 489
568 602
965 194
455 888
122 790
159 697
889 143
239 914
1023 107
800 359
281 811
1015 669
803 198
591 334
762 272
805 117
380 946
842 715
1066 698
816 338
103 559
558 741
835 551
426 224
707 618
1087 825
132 842
838 848
1077 973
191 252
256 980
1071 384
1060 98
713 624
879 762
276 37
523 675
284 390
357 123
749 272
900 965
182 874
257 659
424 717
901 701
340 451
1017 527
163 647
502 369
519 623
294 906
527 626
1060 623
799 473
325 123
696 231
953 428
118 981
166 310
356 73
300 100
745 125
705 130
778 636
276 28
400 287
646 34
124 37
115 333
725 358
222 526
660 516
849 935
520 530
874 812
1051 154
1020 499
800 924
119 337
743 447
262 61
668 930
710 92
1017 694
147 74
362 626
1066 704
994 586
598 861
424 197
932 866
1018 81
885 611
599 939
133 351
967 344
975 245
561 629
602 210
677 882
761 266
740 81
711 5
250 265
287 360
1097 797
823 906
996 4
233 682
720 155
463 922
1054 99
292 818
1069 668
104 310
360 79
717 751
139 779
789 754
618 944
969 630
890 780
1030 320
581 718
968 710
166 868
131 943
638 729
294 389
374 65
266 322
937 874
156 307
192 703
792 755
546 520
942 141
208 122
657 242
687 219
368 24
492 654
636 578
882 422
1074 721
1018 41
1089 503
730 533
470 654
983 974
629 71
184 61
1006 172
472 241
419 980
1017 12
274 707
1077 785
235 409
704 375
999 881
1091 381
447 955
463 275
171 641
602 72
146 344
907 903
1070 703
686 729
1059 939
943 245
663 953
553 679
353 45
959 916
438 104
374 843
986 613
563 278
267 67
616 173
645 915
862 743
1062 520
710 102
643 500
617 959
652 619
611 949
620 957
855 679
454 342
484 467
710 620
243 740
1003 593
589 674
668 513
893 697
992 86
337 141
553 654
133 533
833 480
714 818
683 153
920 492
438 376
323 116
259 131
472 358
176 182
139 35
869 582
904 426
435 973
598 888
815 406
1025 333
297 188
993 255
842 528
513 136
829 381
927 291
373 30
1097 172
262 289
604 562
860 917
814 382
739 715
306 328
692 326
224 580
356 283
1020 718
329 463
820 236
781 935
979 475
485 62
1032 371
873 846
796 750
353 327
527 597
419 495
360 812
945 844
122 867
145 938
650 154
392 906
720 927
512 808
272 765
1040 988
830 845
298 392
740 410
315 641
745 849
913 72
799 634
972 588
731 393
665 48
308 60
342 595
1095 397
242 471
865 762
613 900
184 327
293 464
998 577
299 584
195 164
370 338
484 158
594 304
517 122
521 886
929 770
765 180
1012 338
694 47
1095 540
301 480
1045 484
566 904
856 47
436 853
880 464
505 440
1023 249
568 332
985 624
559 904
196 341
239 549
369 550
337 203
923 670
211 784
156 68
439 614
368 369
705 55
209 476
493 425
579 754
302 396
182 690
1008 62
359 500
225 471
793 279
309 843
430 79
1088 119
1076 439
566 595
941 966
318 44
205 70
593 318
1086 695
980 879
436 471
594 529
757 719
596 823
131 7
428 581
360 505
530 467
605 701
323 593
803 18
229 117
260 27
143 176
548 465
1086 638
805 352
821 923
332 193
1043 863
828 69
853 378
140 640
797 654
793 714
623 782
659 373
1027 309
646 620
553 474
344 308
913 598
792 183
297 231
987 113
442 603
354 40
1056 804
641 612
410 43
426 541
782 341
251 909
1004 809
125 264
392 16
506 220
352 865
1040 549
996 402
820 58
1088 398
154 448
443 338
726 560
742 882
431 201
802 644
213 879
442 856
790 947
304 572
588 496
147 711
678 157
1005 135
471 197
280 36
280 775
611 349
606 767
791 298
700 628
776 927
108 73
460 886
625 44
960 465
899 442
136 721
185 116
880 183
473 272
966 791
755 784
714 976
809 347
694 74
639 137
433 348
567 948
670 470
839 330
554 891
539 267
990 875
517 550
743 376
740 479
1007 167
577 458
628 387
808 268
934 126
746 235
168 80
238 318
935 159
998 417
139 122
241 286
444 949
246 57
1093 170
853 129
194 689
330 788
976 259
514 42
203 878
1011 157
695 577
440 247
629 103
881 48
821 473
336 341
382 298
893 533
1057 822
852 109
549 26
1024 662
1085 890
878 455
128 727
1083 372
437 386
155 460
744 128
870 943
821 821
812 157
1018 193
554 167
359 944
1049 942
307 231
450 691
409 609
990 791
355 45
420 854
111 167
364 730
330 618
275 172
786 643
972 279
147 813
786 566
169 842
626 313
1053 282
229 938
133 472
409 669
763 327
464 467
972 593
773 625
435 705
531 376
503 857
914 604
294 106
658 407
136 30
1050 396
218 576
314 777
456 218
278 484
1053 375
964 31
476 351
724 524
896 962
802 444
129 941
706 559
314 872
207 582
383 577
336 714
414 88
424 637
561 162
447 93
380 108
449 439
413 810
923 968
729 676
275 791
1064 717
1059 859
659 974
1095 713
807 984
1085 431
434 201
476 980
139 487
391 846
965 17
1091 170
437 806
251 101
903 815
530 970
356 715
600 420
805 657
642 21
434 17
1054 184
699 473
592 74
449 110
739 775
204 530
507 469
120 610
182 912
924 86
1079 530
221 777
1037 537
272 386
522 779
141 15
167 203
463 13
793 724
355 985
404 416
700 162
643 672
388 802
356 195
234 705
887 352
621 632
278 117
316 938
197 11
497 19
831 846
726 247
862 772
399 875
129 592
298 721
756 340
277 768
261 980
222 334
929 98
638 764
1065 932
156 55
244 90
878 609
401 780
1068 756
391 210
784 219
1052 689
409 50
462 943
495 969
678 170
124 712
935 581
241 396
563 885
1076 329
503 778
443 290
700 9
150 180
744 13
742 133
439 6
943 613
394 165
168 682
1078 246
228 697
920 368
198 491
454 746
121 66
797 143
973 982
657 133
758 722
826 464
794 605
358 776
582 544
405 274
809 950
781 430
337 707
347 977
445 536
736 265
147 453
344 377
915 173
1060 505
552 498
385 391
465 901
929 515
704 277
584 267
829 268
993 87
722 934
556 908
453 288
814 706
619 457
684 800
285 990
496 818
532 964
718 411
750 738
427 828
597 697
589 487
606 66
841 546
564 53
137 653
687 46
950 344
804 95
428 714
682 593
375 152
237 257
700 213
142 233
181 796
544 946
355 893
917 69
403 834
701 444
971 258
568 392
1083 123
972 240
872 665
333 948
191 810
1085 813
649 607
667 795
810 352
360 984
591 163
882 530
659 78
1029 248
1056 600
848 979
660 199
936 903
181 580
976 493
323 788
118 117
958 408
1056 989
758 398
435 546
301 658
935 749
546 797
1031 736
667 650
1075 531
951 101
623 501
852 461
115 204
794 878
1068 222
644 17
762 330
474 632
830 398
691 223
532 552
991 122
766 823
958 143
114 650
998 221
129 155
992 67
380 686
927 582
760 847
315 707
309 14
718 385
403 609
323 439
450 133
732 10
541 170
685 30
207 827
244 341
254 978
975 909
649 107
319 992
499 199
1054 818
980 604
857 579
295 304
732 753
311 192
126 449
283 378
408 661
529 222
122 514
442 599
733 290
1026 589
168 584
254 320
938 375
895 269
705 351
996 937
650 404
990 703
326 256
482 249
178 686
589 149
653 562
671 709
268 201
143 929
647 429
383 293
386 330
240 8
726 913
711 985
346 779
963 386
968 141
947 644
741 665
972 502
887 294
922 227
926 707
848 455
562 224
118 617
442 128
679 938
437 437
150 174
843 416
274 441
207 984
950 52
195 346
816 802
517 298
388 793
191 872
617 602
228 32
744 920
554 743
532 378
553 938
519 548
826 671
1049 472
423 800
927 745
864 660
241 803
840 742
772 251
988 422
1066 587
774 958
194 142
1077 310
433 642
531 326
669 477
800 875
592 441
553 668
781 128
