
805 995
94 485
506 326
416 248
992 421
649 322
237 795
457 43
815 845
446 955
422 252
791 9
359 901
667 122
598 94
7 738
544 574
334 715
766 882
994 367
893 984
633 299
131 433
428 682
700 72
617 874
874 138
720 856
419 145
794 995
196 529
997 199
116 277
908 97
539 719
707 242
569 107
537 122
931 70
726 98
487 600
772 645
513 267
81 972
943 895
58 213
303 748
764 487
536 923
724 29
789 674
479 540
142 554
339 467
641 46
196 710
494 553
66 191
824 724
208 730
711 988
800 90
314 340
289 549
401 196
466 865
689 678
833 570
225 936
244 722
849 651
113 123
379 431
361 508
65 585
486 853
686 642
286 992
889 725
24 286
491 812
891 859
90 663
181 88
214 179
17 187
472 619
418 261
419 846
356 192
682 261
306 514
201 886
385 530
952 849
500 294
194 799
737 391
324 330
992 298
224 790
991 633
530 899
947 449
825 866
99 955
977 668
948 382
91 14
913 300
889 681
943 369
17 170
62 253
518 159
346 584
903 781
343 125
76 656
944 758
413 781
417 884
215 205
35 860
389 902
798 28
205 511
190 265
200 410
624 355
368 293
9 247
821 762
686 748
191 431
253 793
807 400
770 315
181 421
82 489
558 994
289 894
318 744
619 203
567 438
658 79
213 458
215 270
371 323
273 973
231 387
803 148
945 840
27 757
727 620
316 868
795 143
547 25
879 641
139 236
945 829
83 299
150 486
643 752
562 593
959 815
373 10
73 922
48 952
917 495
712 874
223 165
779 483
299 262
26 285
149 170
129 991
992 438
327 214
905 964
568 159
44 218
14 176
835 688
735 905
488 871
985 302
935 801
498 462
545 479
132 703
11 393
212 259
488 540
805 783
318 262
291 691
530 463
962 276
325 365
432 481
103 490
290 822
420 952
837 447
756 345
359 886
358 563
395 81
889 674
893 334
763 163
769 652
811 848
398 876
698 803
136 756
143 63
29 937
345 375
774 170
578 286
554 921
919 239
44 314
110 340
231 215
519 163
719 374
191 900
506 110
282 703
67 357
875 280
156 867
401 914
205 225
568 730
622 75
411 950
338 109
862 846
183 162
212 440
958 185
966 161
365 753
204 383
984 931
861 480
159 238
413 942
677 621
966 516
635 242
139 902
890 891
910 78
51 309
258 495
641 779
833 922
110 873
978 920
901 61
425 707
496 230
175 527
680 108
841 498
836 283
698 121
611 865
670 43
654 689
986 913
88 944
365 847
862 333
463 628
605 625
195 541
693 954
335 961
735 419
764 755
573 648
586 657
461 133
686 867
221 844
191 903
42 934
626 29
807 275
853 653
749 769
447 482
903 818
673 357
480 666
489 51
606 15
142 252
729 879
254 260
753 532
572 722
606 289
991 821
445 803
522 916
180 568
719 826
570 369
916 363
69 27
806 537
603 193
356 354
122 250
774 203
209 395
480 554
594 983
510 383
610 905
607 426
944 664
868 952
291 776
237 581
756 126
946 726
631 532
638 261
810 791
776 762
123 447
795 595
840 244
612 399
292 236
973 149
314 554
424 885
890 338
485 336
269 486
16 674
54 566
843 36
828 919
430 886
202 981
444 133
498 193
934 769
421 541
686 144
850 866
92 431
330 45
377 502
578 710
396 625
956 576
641 683
912 729
251 956
585 229
583 421
237 92
613 175
109 248
499 273
502 57
637 705
300 809
842 162
660 223
976 414
546 985
794 552
77 400
390 972
692 789
827 366
229 665
973 13
828 812
482 370
677 640
57 607
802 444
363 657
824 529
564 907
864 550
58 973
322 70
889 437
686 753
759 17
722 504
276 599
655 755
423 126
233 543
51 245
763 733
585 136
334 142
558 695
994 531
963 361
460 792
244 200
530 639
242 931
308 297
382 786
947 422
885 410
439 515
386 482
47 463
578 254
232 527
110 741
601 522
781 666
86 966
965 819
610 167
347 481
854 102
959 745
918 137
419 333
496 223
199 532
80 982
335 392
174 219
976 251
270 258
474 443
647 340
74 719
268 638
547 450
16 926
276 672
61 904
433 149
884 437
172 385
278 261
302 157
342 648
895 289
376 575
686 400
410 736
191 657
908 206
89 982
651 916
859 798
504 500
890 87
428 709
577 77
473 134
534 123
116 48
965 136
601 473
308 247
440 201
257 149
122 598
811 404
963 62
330 855
881 513
584 903
81 598
962 159
444 450
792 64
265 802
776 183
364 837
393 36
529 22
977 727
737 952
548 827
623 404
400 806
101 345
531 625
431 256
172 749
7 715
423 275
906 415
717 357
458 63
28 23
491 396
936 780
601 383
860 77
557 931
874 851
817 757
538 76
305 415
38 715
300 322
648 705
673 881
323 204
954 544
342 682
200 933
475 897
263 586
884 30
745 310
511 488
633 893
423 196
794 404
83 266
166 176
522 252
824 355
57 131
622 577
478 924
988 854
888 173
69 586
11 875
95 603
737 391
355 113
750 861
306 488
248 752
62 616
833 712
314 323
290 955
790 993
28 779
94 148
160 252
413 491
602 298
40 401
987 846
535 273
239 978
352 691
883 865
9 141
731 610
813 64
762 223
974 71
379 269
780 32
882 486
684 500
203 801
141 768
321 458
576 387
985 698
791 38
285 147
309 985
778 493
480 931
625 249
224 469
639 21
674 907
544 40
526 944
428 361
857 294
850 342
445 46
843 145
475 591
159 868
511 688
927 81
91 661
689 282
488 276
22 255
791 464
309 217
315 811
145 379
910 496
745 781
946 281
791 96
684 132
428 697
167 51
34 988
792 330
613 732
363 880
987 495
333 249
403 73
517 655
762 451
141 14
137 254
752 659
348 171
78 820
177 130
94 586
202 251
644 401
652 347
625 471
679 532
474 984
764 898
686 121
18 438
479 528
739 201
620 52
88 653
483 70
844 262
583 150
704 881
745 138
280 693
42 765
835 129
638 29
814 433
512 64
401 395
530 745
46 113
59 742
329 770
593 158
367 492
208 947
750 80
762 400
54 758
228 271
179 484
732 91
76 499
696 789
841 721
118 487
870 522
569 697
829 208
637 705
56 915
798 98
266 136
632 137
957 279
484 188
10 588
746 389
148 254
976 325
473 605
866 787
861 30
68 569
821 919
430 682
701 886
124 434
47 683
33 425
304 365
736 685
745 617
984 331
564 565
941 569
608 532
289 505
13 312
420 119
543 681
242 36
493 519
854 145
507 344
423 485
192 767
984 794
951 314
610 10
857 812
535 622
426 738
413 541
847 537
375 437
875 948
316 125
378 450
80 771
560 563
588 487
196 707
730 127
228 600
715 796
342 280
535 365
397 498
803 451
514 716
597 252
518 907
453 9
58 851
174 229
123 224
112 659
329 406
273 883
992 181
411 252
433 578
757 821
589 351
603 97
58 985
221 548
327 758
833 507
558 138
464 513
814 609
126 546
533 802
911 888
918 920
664 273
484 274
183 565
89 14
818 447
991 455
487 13
439 503
823 995
527 15
708 716
164 666
212 238
631 333
229 359
959 519
248 472
740 832
170 609
761 827
933 703
125 17
545 616
18 482
126 667
207 739
551 627
593 865
39 868
176 634
274 979
710 248
881 208
814 125
68 248
179 643
866 205
875 343
567 585
791 38
894 994
35 294
418 46
824 681
25 484
753 64
699 409
824 853
262 86
931 366
422 847
406 563
831 947
495 473
866 359
161 274
536 215
642 737
703 387
16 71
687 454
132 336
823 685
460 798
465 839
953 241
39 446
591 194
739 220
429 62
756 463
853 427
500 771
194 937
632 679
264 380
154 683
29 763
154 818
197 221
871 287
517 491
303 164
190 419
349 104
560 979
907 887
803 356
852 25
501 924
751 817
966 368
493 341
731 853
925 581
690 700
653 137
593 307
492 951
562 475
497 111
239 157
26 667
70 744
463 859
738 810
205 549
778 28
15 160
156 404
402 966
494 87
242 672
834 726
346 521
832 159
478 659
296 601
908 84
609 200
256 919
444 864
812 174
953 745
689 415
54 880
478 519
341 454
116 942
60 635
915 547
383 390
755 97
932 605
167 379
807 208
190 810
760 339
