1214 5002
94 485
506 326
416 248
992 421
649 322
237 795
457 43
815 845
446 955
422 252
791 9
359 901
667 122
598 94
7 738
544 574
334 715
766 882
994 367
893 984
633 299
131 433
428 682
700 72
617 874
874 138
720 856
419 145
794 995
196 529
997 199
116 277
908 97
539 719
707 242
569 107
537 122
931 70
726 98
487 600
772 645
513 267
81 972
943 895
58 213
303 748
764 487
536 923
724 29
789 674
479 540
142 554
339 467
641 46
196 710
494 553
66 191
824 724
208 730
711 988
800 90
314 340
289 549
401 196
466 865
689 678
833 570
225 936
244 722
849 651
113 123
379 431
361 508
65 585
486 853
686 642
286 992
889 725
24 286
491 812
891 859
90 663
181 88
214 179
17 187
472 619
418 261
419 846
356 192
682 261
306 514
201 886
385 530
952 849
500 294
194 799
737 391
324 330
992 298
224 790
260 275
97 826
210 72
649 866
919 951
63 748
958 685
804 956
518 564
428 183
537 400
346 721
153 207
971 323
662 611
197 116
91 109
529 795
126 343
747 862
469 685
770 10
934 881
723 984
895 403
568 360
172 449
958 541
383 272
308 877
970 359
583 707
48 308
930 770
569 30
3 208
20 311
609 100
887 939
825 422
930 785
904 370
241 989
379 969
376 143
962 972
889 28
443 61
216 638
338 348
160 347
406 66
159 391
31 638
204 295
420 826
153 196
425 449
331 855
565 143
838 487
9 140
918 564
533 615
232 135
957 564
591 360
576 793
746 163
377 859
858 760
86 711
434 662
558 159
279 660
840 268
735 948
574 315
126 676
912 341
739 689
821 894
625 706
917 490
201 478
993 671
149 932
52 899
759 237
267 187
256 472
783 772
117 98
516 906
180 911
25 635
380 225
712 823
266 164
216 343
448 732
541 502
664 740
954 576
726 612
772 902
531 454
943 411
750 973
327 703
917 850
5 77
113 220
913 802
791 403
998 181
859 10
345 525
431 919
675 668
833 527
438 462
523 291
916 605
420 457
115 405
660 417
261 279
772 685
388 596
764 307
843 224
206 322
407 840
639 975
852 401
542 91
60 327
757 330
82 182
637 603
93 793
614 615
136 733
187 864
102 16
972 863
163 987
501 306
477 34
492 840
121 700
80 706
138 787
660 105
229 834
827 798
448 310
230 609
832 690
489 561
586 579
291 60
665 388
660 309
702 407
153 200
606 313
123 970
253 33
709 273
832 277
108 997
888 40
481 227
283 860
858 940
284 608
711 990
850 590
239 806
943 52
195 801
95 764
410 710
664 386
900 593
112 50
963 494
754 156
458 936
19 965
225 86
569 723
97 184
194 868
754 340
602 412
61 487
695 209
347 346
719 860
100 307
97 95
843 821
745 941
286 821
492 587
116 201
531 665
424 527
253 812
426 424
413 459
980 343
291 836
833 506
486 179
9 916
575 430
922 596
145 808
897 269
404 512
742 811
728 685
269 567
103 776
745 855
35 718
779 853
71 97
80 146
842 746
128 15
941 965
227 512
30 480
342 958
605 665
531 191
364 964
359 515
867 606
820 822
313 536
207 693
911 19
308 335
430 101
685 922
641 294
113 910
141 410
690 250
700 546
559 729
481 609
503 720
766 976
7 759
882 798
859 74
182 648
425 299
542 785
683 846
853 390
938 897
89 416
624 837
181 247
878 293
933 144
580 938
252 467
207 480
658 955
20 665
954 26
347 564
759 449
446 26
14 521
657 301
710 321
980 613
188 388
636 879
203 990
432 188
129 963
630 820
509 300
237 822
373 255
838 277
395 153
692 400
103 227
218 518
384 447
931 315
396 813
389 324
640 502
287 299
297 780
977 376
512 516
219 212
555 329
398 810
289 486
798 485
598 416
49 952
572 894
697 358
770 21
725 647
542 44
214 683
887 361
45 814
94 231
282 8
82 165
319 496
626 699
146 852
541 459
874 535
725 314
777 944
554 306
208 459
787 637
976 447
912 408
444 107
3 962
301 565
164 407
437 857
652 317
764 98
41 818
737 600
176 288
136 902
128 567
394 190
235 749
42 908
824 276
684 748
979 592
568 393
367 363
52 163
642 983
335 179
126 16
130 478
583 259
129 868
752 295
167 596
856 71
640 622
770 864
431 644
195 5
448 365
701 429
952 64
880 854
168 770
79 88
961 157
472 368
217 421
709 719
147 271
296 975
909 816
764 962
251 535
878 438
753 696
570 881
253 318
666 45
931 52
433 496
810 313
678 138
123 334
212 988
66 508
206 770
750 751
64 780
466 441
337 207
510 516
796 674
175 408
437 920
938 573
848 634
561 878
718 990
948 826
649 696
569 800
663 411
582 422
843 707
202 334
702 986
579 494
725 150
803 562
340 380
156 832
832 979
602 376
234 511
688 414
184 160
978 982
413 238
633 490
585 899
606 251
963 526
350 897
242 39
539 657
739 452
267 538
165 831
177 460
720 185
802 934
644 440
82 490
798 168
197 71
173 977
81 458
235 204
112 803
103 139
268 399
879 420
643 991
106 578
122 972
444 177
262 398
691 348
997 496
446 276
171 825
549 614
281 121
211 730
112 341
408 284
730 698
363 17
89 546
605 672
938 974
168 866
705 377
47 559
400 340
215 527
114 779
51 761
881 483
549 92
679 390
328 583
250 661
203 391
481 336
752 661
707 125
82 89
63 275
660 359
21 178
287 780
219 42
500 5
820 380
95 772
44 816
748 9
678 484
276 545
478 589
663 157
594 901
757 777
947 74
448 247
570 55
313 479
981 785
795 958
552 680
389 393
280 944
864 596
636 619
512 611
892 852
184 283
947 299
614 766
625 312
149 826
377 726
474 733
18 805
662 679
416 403
1 964
530 337
752 541
22 478
981 369
777 946
957 821
275 833
584 837
582 490
121 37
951 594
668 129
118 258
319 246
896 362
521 755
948 504
248 71
474 177
351 176
54 803
155 237
660 677
871 33
486 115
294 597
425 769
245 536
382 956
371 341
708 184
544 234
794 569
387 216
738 537
520 84
281 810
502 657
91 33
503 159
924 520
16 668
33 287
344 229
349 374
606 474
896 672
595 915
441 511
102 123
52 569
654 199
710 396
434 715
245 59
36 610
661 917
413 927
13 270
370 117
400 516
195 215
984 216
476 237
164 615
405 499
674 477
196 760
608 285
907 56
532 966
51 622
716 221
327 194
880 91
710 347
267 252
400 473
376 516
609 385
320 357
196 958
538 665
935 792
404 64
100 420
126 671
855 968
94 877
731 177
253 523
8 139
393 152
543 732
348 246
318 565
489 740
22 902
998 17
49 973
381 298
10 611
429 32
221 11
150 337
717 136
530 889
332 522
942 805
565 28
216 931
61 757
170 609
872 544
644 905
208 595
680 246
697 113
639 175
679 156
961 244
361 883
802 265
359 883
839 462
718 485
280 272
252 204
280 984
102 409
615 398
296 909
481 370
956 882
230 214
259 766
922 35
706 421
272 271
156 370
552 848
485 50
536 976
70 270
902 796
452 963
35 379
947 991
378 551
57 897
352 307
669 421
702 74
141 388
458 559
463 980
756 615
887 681
332 231
528 207
656 818
254 331
787 979
495 445
370 348
10 724
200 401
327 646
17 668
374 242
755 302
980 861
376 830
8 77
32 441
460 589
804 990
23 189
869 868
943 996
715 363
628 237
73 420
199 565
38 214
209 333
327 726
912 175
799 58
372 625
976 66
120 169
667 475
188 204
28 90
704 496
649 1
746 474
697 449
712 252
289 332
625 287
953 189
462 889
302 63
79 378
41 206
823 897
908 230
665 382
36 575
732 60
809 529
66 477
291 290
591 89
583 961
252 461
479 702
530 532
224 680
788 53
309 642
366 1000
352 891
402 822
545 152
113 324
967 633
454 267
723 381
14 272
20 506
308 419
644 461
713 526
482 978
336 468
289 729
496 795
326 581
530 383
167 226
522 421
830 386
91 273
116 484
747 676
395 107
958 229
756 902
262 962
703 105
511 84
481 991
449 701
888 689
599 655
306 600
492 538
803 499
445 881
316 981
889 473
785 383
765 679
491 573
589 589
124 480
741 145
898 624
725 923
682 915
131 232
398 974
906 735
753 678
312 640
790 644
301 212
945 123
447 253
197 943
27 18
573 916
589 327
934 640
209 615
529 470
899 655
15 288
592 401
92 840
575 633
814 707
354 424
127 682
374 194
566 855
594 190
973 728
645 178
603 275
712 88
32 367
298 544
561 738
906 963
626 460
143 266
504 727
836 33
361 442
431 628
554 384
24 244
416 482
735 765
243 446
454 247
932 913
494 560
648 528
357 594
596 935
788 462
536 621
759 660
200 564
566 302
741 936
217 592
219 724
832 118
819 299
487 251
473 129
241 96
64 167
516 169
857 381
218 976
490 767
504 837
707 407
342 203
475 387
175 735
786 706
171 335
232 40
888 821
866 131
976 159
253 978
619 53
642 849
460 478
218 19
218 230
667 453
949 336
89 931
488 588
568 449
526 566
698 600
48 360
303 987
783 926
256 597
89 598
107 884
301 624
50 786
59 144
65 81
331 849
2 666
788 147
66 887
541 719
709 337
99 466
657 971
866 429
604 128
239 33
348 861
815 581
19 584
91 903
741 479
569 486
390 808
6 784
953 727
816 884
17 276
162 310
113 950
291 726
362 437
755 388
392 544
825 573
549 645
720 332
136 789
201 139
420 841
358 915
582 798
948 710
478 132
311 87
604 245
639 4
57 21
83 23
939 199
820 188
911 420
939 686
228 870
901 276
492 786
912 454
514 578
300 734
172 962
458 875
12 830
440 798
32 812
600 512
375 245
593 182
772 194
144 944
615 491
850 756
104 737
94 678
487 481
689 199
568 472
127 523
387 691
461 195
356 156
631 48
620 996
777 292
669 131
649 844
919 993
17 676
255 404
915 420
480 749
236 491
193 360
626 827
100 858
694 766
224 420
653 69
644 341
16 474
681 459
484 85
900 662
646 49
319 403
666 455
412 124
567 968
350 634
363 543
332 186
503 447
592 805
872 803
854 220
409 295
219 651
302 27
405 605
460 710
727 940
136 485
658 149
510 110
737 56
674 417
76 883
358 189
101 516
572 126
671 10
185 924
887 922
770 464
124 266
623 229
847 906
123 471
743 858
811 110
473 613
446 128
96 224
953 994
353 126
310 373
723 413
231 343
703 358
490 947
154 159
769 333
924 164
131 340
1 936
855 264
467 872
594 295
620 628
326 732
789 725
331 472
208 89
271 284
459 487
339 7
912 625
624 582
748 972
380 352
289 679
140 618
608 979
217 226
445 145
873 558
923 830
805 826
794 180
346 910
563 165
306 571
520 718
174 515
273 810
694 559
902 261
321 641
126 296
578 314
827 837
105 896
446 628
92 432
75 127
676 297
96 113
369 82
863 342
201 545
823 75
561 863
710 667
90 886
115 258
959 479
524 458
831 366
552 638
47 807
158 968
902 679
904 6
338 330
513 48
302 49
986 69
576 430
200 820
181 563
124 735
939 969
595 530
90 180
157 754
587 282
727 53
694 25
684 844
768 67
2 590
455 794
165 585
783 20
925 496
317 641
499 852
750 573
984 973
655 196
680 66
578 416
626 866
503 330
105 994
322 346
510 40
145 174
446 928
817 927
779 171
764 775
996 397
463 399
323 209
461 68
607 856
311 152
341 599
487 898
371 894
87 922
504 508
980 406
541 775
813 800
321 711
298 595
585 585
567 600
385 580
521 763
249 60
9 74
412 336
906 749
874 761
835 279
335 80
685 14
114 355
957 653
650 138
686 667
898 784
627 77
985 552
177 581
310 529
691 707
832 696
102 142
849 235
686 807
479 39
272 224
364 474
459 589
10 830
184 325
706 526
205 829
345 535
561 44
946 367
890 229
528 159
302 120
275 174
624 136
418 415
176 131
859 262
93 456
259 81
855 507
365 529
562 782
455 219
277 988
597 239
227 422
782 980
782 301
418 926
856 299
86 441
985 172
885 664
553 452
168 425
674 94
510 472
453 700
107 106
658 478
654 554
449 939
872 513
82 712
994 280
737 498
781 285
522 457
852 657
244 769
66 769
627 831
436 47
436 124
117 320
993 279
557 219
760 855
363 860
552 285
669 708
950 121
562 409
450 513
299 543
990 56
709 876
987 394
766 985
631 736
236 490
404 710
208 985
279 127
35 124
519 778
154 779
979 645
472 721
833 386
61 439
18 139
39 203
425 592
765 749
994 807
997 760
497 724
643 646
267 969
819 106
671 270
489 358
937 196
946 530
244 81
968 392
8 714
248 535
129 635
49 146
526 24
832 357
727 102
808 532
874 599
722 685
152 886
900 31
394 113
19 783
779 848
685 907
998 949
314 54
80 339
343 811
925 58
779 345
757 244
519 511
373 504
853 107
744 869
547 917
873 532
689 776
220 548
321 787
396 532
994 367
687 107
96 877
43 842
26 578
326 200
704 680
243 277
531 338
473 949
870 665
774 167
102 707
199 914
746 598
870 511
326 804
708 980
735 724
771 562
114 196
852 639
667 421
991 296
671 325
146 557
67 275
247 631
975 870
277 246
315 34
347 149
284 16
778 454
561 47
238 455
846 162
124 925
288 155
821 564
671 329
972 197
659 834
373 305
446 568
634 732
2 229
394 1
62 10
423 803
167 125
535 270
291 190
942 823
452 156
161 595
557 531
632 481
210 503
887 529
748 85
780 440
389 650
819 861
942 586
89 192
362 796
720 883
915 86
366 2
704 265
635 608
871 994
486 484
482 799
558 512
596 249
951 286
923 930
714 994
347 285
333 96
143 726
251 52
461 715
425 600
31 257
199 449
440 502
308 547
484 443
478 672
480 188
294 554
586 217
461 634
284 221
603 187
481 220
650 314
272 541
916 425
469 12
919 93
211 786
344 357
321 616
759 171
331 328
148 31
597 997
824 58
754 871
89 347
965 524
473 316
37 581
354 559
455 143
802 619
60 785
2 607
547 655
890 464
425 547
501 445
283 228
661 120
181 809
39 965
455 606
411 931
151 866
633 885
779 581
191 387
590 60
558 343
837 232
635 371
311 506
111 517
508 246
414 914
989 687
3 999
293 390
59 453
244 45
89 743
106 808
855 504
304 823
540 672
385 783
802 393
406 17
223 785
551 709
847 418
585 312
159 669
286 169
292 967
240 106
688 315
199 787
917 789
577 42
439 837
728 512
899 826
601 264
625 148
438 46
607 516
332 288
624 207
407 629
689 771
374 213
807 514
834 653
458 583
272 54
915 45
18 658
1 566
520 940
631 951
414 622
236 70
630 490
713 381
155 123
790 149
265 205
463 358
917 775
417 393
86 617
219 866
197 122
403 69
568 25
267 539
982 434
658 659
229 250
945 860
356 395
383 982
262 126
4 338
83 964
475 784
593 536
281 498
3 866
34 676
998 758
82 645
601 668
861 463
873 623
606 715
493 966
548 2
792 238
175 886
177 643
471 618
415 499
672 122
904 828
898 687
257 936
653 541
837 799
622 869
687 79
853 900
324 757
298 986
227 862
958 427
801 607
263 31
722 422
154 114
644 694
749 541
187 733
682 105
136 896
176 572
512 189
795 816
587 717
961 302
726 533
778 78
868 83
245 359
354 486
259 632
21 124
753 763
578 683
124 322
189 135
303 301
89 529
4 313
918 218
583 487
274 130
954 199
244 65
298 335
201 369
908 589
988 188
348 90
705 839
647 908
341 281
523 528
270 244
50 695
293 644
723 524
426 327
833 191
829 722
710 835
980 567
353 834
926 654
610 354
637 182
820 67
248 106
424 393
905 795
996 341
725 138
789 509
735 438
853 789
29 78
670 188
834 909
471 342
181 293
94 777
685 283
810 750
332 544
632 94
517 479
620 807
79 3
522 400
638 531
279 83
754 655
421 920
191 84
739 341
367 215
625 35
792 939
822 244
586 112
345 537
585 235
449 20
123 246
836 551
116 371
578 785
848 443
324 554
352 321
636 61
182 752
328 544
118 594
330 212
855 373
421 336
133 639
265 484
8 168
581 13
820 343
380 405
279 23
942 677
908 28
572 735
820 442
577 515
635 969
58 975
620 3
630 768
602 137
567 430
847 364
185 83
440 59
731 377
163 751
466 146
796 735
214 797
842 615
194 190
836 741
542 275
344 80
725 155
516 14
812 245
959 525
249 181
258 883
425 580
516 265
620 111
10 955
894 784
968 255
58 824
601 422
827 235
356 935
766 713
837 431
475 660
153 660
65 944
23 522
844 225
684 661
196 269
614 266
9 173
876 510
416 730
731 627
461 501
804 386
22 553
499 164
474 682
285 540
11 718
301 691
890 877
338 606
244 821
909 17
355 307
357 654
813 612
908 900
547 509
650 523
508 274
506 305
227 517
574 644
464 661
340 843
593 272
524 802
900 750
295 354
875 69
210 870
673 880
689 323
520 771
71 702
198 937
900 328
618 633
693 676
54 200
273 329
231 189
618 211
275 798
458 904
951 765
495 476
980 250
856 345
360 877
958 412
212 898
727 644
343 522
977 369
291 399
323 515
595 92
773 772
597 839
387 166
314 600
553 259
965 449
264 584
739 103
503 210
748 889
493 997
983 606
362 662
649 151
363 218
998 619
778 257
105 733
141 718
427 753
86 74
544 471
984 285
544 666
841 489
701 709
659 493
507 485
298 879
420 669
356 912
322 537
724 278
826 888
279 286
562 894
404 22
661 215
491 143
454 141
694 302
831 6
945 377
599 615
795 505
536 577
956 481
568 197
684 115
931 133
879 557
409 599
531 691
265 792
940 336
476 513
275 864
304 609
758 313
476 184
329 473
388 950
424 448
145 944
171 293
891 262
567 12
24 965
925 575
697 285
446 189
688 16
821 766
146 182
12 324
823 187
615 840
81 252
650 982
794 865
404 82
354 620
111 599
780 25
495 145
500 749
929 660
670 639
231 888
221 878
453 224
788 590
960 767
921 100
240 43
461 228
295 775
231 805
297 281
448 441
537 483
763 664
476 557
752 328
710 940
412 222
568 373
323 307
360 656
874 720
984 408
342 63
721 562
82 153
890 192
927 872
895 636
919 604
283 855
642 791
566 373
817 501
246 566
822 566
537 266
846 454
450 609
106 657
340 592
737 561
72 825
717 527
280 474
643 332
970 553
621 509
182 728
322 955
145 930
511 938
540 466
825 15
320 218
163 987
12 401
115 671
745 603
133 383
822 84
906 567
564 502
96 338
610 726
405 346
559 612
582 890
888 585
800 206
711 762
356 181
981 484
712 708
848 346
204 141
653 637
246 310
495 903
647 421
267 347
130 428
75 301
173 228
582 199
714 196
749 97
657 149
989 508
474 138
571 484
982 619
369 794
242 548
269 617
465 448
838 817
669 739
110 46
967 641
768 374
162 791
903 654
82 892
831 67
780 447
706 548
701 948
347 626
43 676
681 739
682 894
494 109
640 632
75 770
315 625
129 838
41 547
582 350
647 639
269 2
987 900
385 998
393 578
531 196
37 177
170 165
711 625
590 187
821 673
579 455
391 543
509 478
303 179
650 333
434 166
261 377
816 410
912 836
468 401
282 688
294 781
442 295
741 506
468 746
853 577
628 500
263 588
360 25
704 970
796 712
558 480
927 689
502 757
731 246
92 995
378 35
809 581
114 272
350 599
852 545
874 423
873 158
605 916
92 885
859 617
873 314
885 388
841 166
162 400
285 555
949 155
923 974
548 587
281 494
300 716
325 955
2 500
128 453
430 382
167 559
283 677
578 336
492 133
946 455
140 324
865 732
965 837
70 17
881 434
688 53
103 523
135 956
436 643
582 226
104 515
67 223
550 232
881 147
426 429
275 589
325 62
628 717
956 790
353 138
439 408
714 383
192 651
308 958
734 223
414 434
82 720
833 889
771 720
719 828
122 146
738 264
962 441
161 361
925 214
350 722
222 549
262 233
776 82
662 268
991 675
