
1249 1008
94 485
506 326
416 248
992 421
649 322
237 795
457 43
815 845
446 955
422 252
791 9
359 901
667 122
598 94
7 738
544 574
334 715
766 882
994 367
893 984
633 299
131 433
428 682
700 72
617 874
874 138
720 856
419 145
794 995
196 529
997 199
116 277
908 97
539 719
707 242
569 107
537 122
931 70
726 98
487 600
772 645
513 267
81 972
943 895
58 213
303 748
764 487
536 923
724 29
789 674
479 540
142 554
339 467
641 46
196 710
494 553
66 191
824 724
208 730
711 988
800 90
314 340
289 549
401 196
466 865
689 678
833 570
225 936
244 722
849 651
113 123
379 431
361 508
65 585
486 853
686 642
286 992
889 725
24 286
491 812
891 859
90 663
181 88
214 179
17 187
472 619
418 261
419 846
356 192
682 261
306 514
201 886
385 530
952 849
500 294
194 799
737 391
324 330
992 298
224 790
260 275
97 826
210 72
649 866
919 951
63 748
958 685
804 956
518 564
428 183
537 400
346 721
153 207
971 323
662 611
197 116
91 109
529 795
126 343
747 862
469 685
770 10
934 881
723 984
895 403
568 360
172 449
958 541
383 272
308 877
970 359
583 707
48 308
930 770
569 30
3 208
20 311
609 100
887 939
825 422
930 785
904 370
241 989
379 969
376 143
962 972
889 28
443 61
216 638
338 348
160 347
406 66
159 391
31 638
204 295
420 826
153 196
425 449
331 855
565 143
838 487
9 140
918 564
533 615
232 135
957 564
591 360
576 793
746 163
377 859
858 760
86 711
434 662
558 159
279 660
840 268
735 948
574 315
126 676
912 341
739 689
821 894
625 706
917 490
201 478
993 671
149 932
52 899
759 237
267 187
256 472
783 772
117 98
516 906
180 911
25 635
380 225
712 823
266 164
216 343
740 499
958 160
861 832
974 429
137 147
202 568
788 368
546 327
231 848
169 488
810 390
405 410
150 154
844 291
28 768
973 490
50 429
933 194
733 401
899 700
116 696
444 601
964 831
859 818
615 464
631 929
791 355
913 633
219 316
188 846
932 619
320 926
882 129
404 271
58 934
173 285
664 376
655 565
45 46
828 276
442 970
696 376
616 112
734 895
896 961
522 756
277 907
342 215
619 882
359 31
857 627
426 203
921 847
657 84
445 928
505 378
611 458
885 920
394 213
438 870
382 715
142 944
855 980
519 161
261 365
800 614
394 598
231 926
689 290
360 44
340 352
503 290
203 841
109 915
841 132
40 319
829 251
648 880
485 464
111 936
536 756
589 238
555 489
609 920
744 173
927 854
282 437
255 281
857 25
448 355
399 925
737 328
402 670
8 826
141 14
491 184
783 487
543 238
201 800
613 757
139 85
758 787
861 603
364 316
422 569
88 713
338 983
245 492
752 963
461 496
762 720
773 948
837 573
499 304
234 128
40 642
767 144
61 834
254 814
766 353
73 630
309 713
578 980
102 691
15 129
71 62
550 283
716 985
184 955
471 797
119 53
36 955
192 692
337 571
897 141
730 190
71 564
851 952
784 865
510 603
715 777
893 301
818 115
247 497
265 424
870 518
303 612
328 294
963 854
283 537
24 894
258 130
676 777
616 248
166 199
491 186
656 942
738 622
727 90
454 989
492 119
376 612
472 462
581 117
124 596
576 857
105 642
635 457
60 525
759 466
929 272
416 676
287 722
143 726
443 986
771 156
257 653
209 241
518 108
129 446
941 622
537 922
157 268
246 886
395 775
406 688
766 926
985 98
45 111
899 269
716 629
464 356
369 970
325 151
722 319
689 261
902 276
17 454
742 360
949 85
178 384
719 786
567 615
938 830
237 725
226 877
656 644
570 72
220 29
947 630
345 991
910 848
53 994
276 162
449 315
480 553
292 961
390 126
774 132
968 751
432 744
237 794
431 427
700 598
746 869
325 917
899 558
924 13
237 130
31 775
265 466
293 42
937 926
983 977
317 955
713 948
832 661
26 562
740 786
944 202
613 257
783 127
828 270
848 526
915 627
624 372
489 196
312 717
14 925
326 779
196 578
629 633
963 404
755 351
619 422
292 263
714 458
326 930
807 989
493 440
851 535
964 412
114 754
240 672
172 925
666 596
688 611
670 728
20 372
974 518
937 233
693 322
938 760
520 143
890 498
169 520
122 931
520 98
847 312
652 487
942 891
785 67
817 808
563 722
403 407
914 474
509 484
253 181
635 315
674 329
68 246
481 845
300 447
620 461
82 983
819 230
923 454
30 462
640 549
20 677
451 263
892 615
38 128
914 928
573 636
649 845
214 218
320 328
844 990
965 341
849 705
775 787
80 272
995 651
825 192
89 603
4 658
760 692
47 40
830 449
591 382
50 981
48 518
503 729
601 926
514 478
132 437
305 213
671 348
708 168
119 502
654 678
104 664
476 894
470 36
140 672
980 96
927 523
148 797
568 771
281 206
194 195
919 51
836 28
642 984
98 834
350 397
482 398
972 827
741 650
351 287
794 115
439 288
588 535
108 50
310 422
427 443
534 253
198 876
271 463
793 349
296 146
712 42
566 205
145 149
174 910
428 222
648 906
368 703
73 791
231 359
729 761
772 695
584 345
969 934
807 882
492 900
444 760
311 641
791 873
842 993
602 240
486 824
495 572
289 992
565 778
165 15
109 108
145 413
450 245
752 440
717 152
556 948
145 458
154 773
130 792
943 19
314 713
870 825
443 599
770 455
7 290
918 423
249 566
52 269
89 888
944 237
856 948
849 55
918 519
431 399
522 187
759 649
821 629
55 512
8 812
457 188
215 301
774 762
849 707
239 284
62 204
650 593
946 984
987 666
804 641
191 942
674 900
779 866
513 432
230 546
526 203
245 474
354 295
856 344
27 605
218 124
935 495
338 133
120 985
44 221
384 239
225 230
503 744
282 144
53 411
864 49
567 644
184 395
583 565
221 987
63 715
793 433
985 889
72 126
742 456
50 92
874 769
872 841
516 278
412 251
340 555
728 137
525 670
480 678
91 316
188 443
399 234
643 84
687 129
994 818
821 925
645 509
375 855
738 975
189 960
11 936
224 780
69 947
26 111
469 74
324 797
828 355
522 832
44 70
40 985
590 773
238 777
730 362
436 647
795 55
86 861
138 96
220 348
248 394
547 338
121 893
709 694
527 772
878 504
6 873
180 568
681 377
638 855
299 257
830 974
762 667
886 847
90 914
945 612
578 129
846 589
757 729
725 20
294 434
382 281
836 208
195 189
459 525
398 26
426 403
750 912
905 463
676 594
903 890
492 974
360 31
136 807
973 831
131 350
147 387
923 798
559 368
222 629
275 588
243 805
4 368
31 431
744 62
886 41
16 457
586 959
375 698
912 376
799 982
767 921
518 708
58 728
886 683
252 444
945 482
207 558
908 157
335 966
196 391
253 668
264 694
883 664
415 189
17 372
920 415
444 33
526 907
399 815
18 925
216 736
469 228
136 831
326 702
171 904
588 758
214 35
584 873
404 120
117 95
877 773
145 886
600 842
281 578
946 21
38 569
954 421
770 509
76 926
279 792
785 487
65 83
959 261
540 445
562 860
762 684
210 944
646 427
595 379
404 295
619 484
177 714
950 130
269 988
763 417
527 22
548 30
207 57
485 968
465 436
164 971
584 790
402 694
673 116
81 89
460 419
146 920
194 95
449 48
671 127
300 853
349 113
789 872
348 629
239 916
147 146
479 764
386 37
644 910
992 876
381 153
577 792
53 968
189 750
958 486
328 376
6 79
421 498
572 686
469 408
634 870
365 209
425 435
912 562
661 590
202 457
167 59
650 268
654 387
289 851
813 136
535 300
366 273
585 758
749 735
20 733
79 981
849 898
780 772
526 856
513 925
734 667
681 319
263 236
642 587
64 715
706 725
916 491
600 585
763 461
70 69
994 362
230 641
881 585
536 514
399 358
78 696
120 594
901 882
39 329
38 239
787 185
330 836
119 259
228 590
756 264
474 652
266 373
427 316
527 705
162 77
46 628
24 557
377 801
585 164
297 471
861 70
81 496
442 469
460 301
901 159
161 993
242 879
29 485
369 568
169 985
644 320
656 182
210 275
139 832
943 419
898 388
724 34
369 49
733 330
268 191
444 191
105 224
173 702
386 736
837 439
537 973
172 354
662 316
164 288
245 350
786 595
812 567
224 463
451 874
445 94
581 919
755 353
215 387
362 682
303 110
552 891
114 678
281 46
84 638
366 510
181 635
15 620
716 129
245 468
327 163
767 959
49 509
172 387
111 342
731 701
185 626
582 598
680 735
625 844
554 643
507 794
740 471
754 306
319 147
149 856
868 342
975 848
503 280
65 261
369 918
686 743
851 653
688 790
913 418
859 961
546 873
608 49
5 939
578 527
603 947
660 222
283 620
409 286
184 975
497 536
725 832
201 480
849 363
634 288
352 63
255 978
461 233
631 907
597 185
643 940
565 654
772 259
504 204
836 272
443 279
547 942
435 114
587 563
688 849
712 928
945 405
313 784
116 149
309 326
107 719
578 112
34 626
186 715
45 937
4 109
331 467
684 80
898 819
615 665
937 161
711 747
544 340
37 271
88 757
396 77
408 922
585 560
714 732
620 765
802 385
167 392
227 834
541 76
320 104
458 271
814 103
298 872
472 351
216 681
785 697
755 959
912 115
482 292
546 206
395 260
839 202
76 376
801 566
265 58
323 57
59 108
970 916
821 910
89 203
115 375
57 479
443 786
14 526
706 541
285 30
70 540
723 370
698 825
910 778
706 106
611 356
770 300
951 862
573 660
223 890
200 631
385 99
649 186
749 24
144 888
150 521
44 440
589 73
736 663
603 400
4 315
10 351
748 290
688 669
282 582
76 875
660 267
522 616
246 121
331 336
171 756
97 229
598 602
366 544
705 324
94 885
158 355
196 581
974 885
390 58
953 665
116 712
429 51
965 277
690 545
725 968
406 501
280 718
117 647
385 422
359 457
934 72
802 31
722 63
336 236
476 850
4 621
592 300
478 875
9 478
880 929
243 321
860 642
502 353
602 986
89 50
669 65
81 965
33 75
917 102
71 248
715 199
331 92
499 365
400 579
95 157
70 482
311 634
917 36
556 591
664 682
530 844
574 134
877 16
625 356
649 716
179 391
651 851
92 138
84 780
967 839
622 917
809 71
444 430
688 550
816 684
518 598
683 524
950 173
489 810
648 480
174 837
702 760
571 402
246 623
139 70
253 851
887 831
827 456
615 359
973 153
963 139
127 105
547 199
905 627
863 995
649 12
433 600
984 798
403 579
530 456
141 35
639 554
642 720
259 316
339 977
699 852
160 88
510 582
229 956
794 648
760 746
922 889
564 481
486 244
620 963
341 204
769 125
87 658
445 276
202 865
293 25
618 854
286 61
868 177
78 327
908 135
865 592
387 149
576 818
881 248
878 574
56 270
247 558
599 987
479 390
89 394
504 897
597 591
783 821
846 910
50 566
95 379
247 11
276 200
719 857
156 939
731 921
40 22
63 866
43 587
709 275
281 121
150 902
472 376
194 910
494 930
964 240
807 14
168 725
611 533
218 550
235 658
675 745
668 617
772 967
473 511
215 637
502 740
847 500
796 902
530 746
379 61
706 595
797 243
603 936
778 97
323 976
978 822
588 916
34 430
985 967
870 280
737 206
638 25
483 956
548 632
827 840
167 510
762 115
893 226
938 128
519 109
375 639
591 981
234 844
297 513
917 539
308 546
635 803
975 800
541 962
105 302
965 354
418 549
671 157
528 803
720 420
378 947
919 468
62 865
810 558
221 72
182 857
537 496
945 479
263 221
883 956
818 556
684 466
605 768
299 509
400 369
793 461
255 740
345 631
592 562
669 426
65 437
990 100
145 105
270 519
396 550
721 740
509 67
697 518
631 550
17 386
656 365
842 586
139 168
469 857
233 573
738 708
95 211
959 757
788 968
864 416
391 240
572 27
909 978
711 356
57 215
587 897
591 797
147 116
585 655
335 905
234 900
739 536
244 653
439 621
920 500
753 765
288 607
489 601
879 914
617 270
832 706
703 839
276 641
616 38
24 823
344 98
316 786
538 976
583 225
974 983
45 615
771 492
297 640
748 211
853 171
105 859
937 838
352 164
345 588
869 453
972 115
924 919
915 383
886 715
457 186
363 594
472 644
451 68
784 948
201 840
816 804
989 610
34 25
103 143
50 837
346 671
194 123
564 382
173 925
285 868
52 886
748 26
255 540
449 265
301 320
668 100
256 869
346 328
93 399
682 27
762 796
270 574
893 865
427 860
142 864
44 301
617 672
496 919
888 190
362 723
155 258
164 756
647 889
206 409
557 742
170 892
868 367
569 524
136 616
683 228
518 389
310 45
495 178
945 701
177 76
268 53
758 627
575 493
347 391
490 823
79 87
716 840
680 305
911 911
745 866
187 844
923 981
554 229
870 972
779 418
257 343
350 742
676 647
897 486
561 512
952 36
36 878
856 147
656 207
107 388
706 346
370 673
87 736
979 523
628 870
759 884
848 309
901 759
409 628
616 863
