
884 997
585 485
194 94
426 326
606 506
348 248
516 416
521 421
1092 992
422 322
749 649
895 795
337 237
143 43
557 457
945 845
915 815
1055 955
546 446
352 252
522 422
109 9
891 791
1001 901
459 359
222 122
767 667
194 94
698 598
838 738
107 7
674 574
644 544
815 715
434 334
982 882
866 766
467 367
1094 994
1084 984
993 893
399 299
733 633
533 433
231 131
782 682
528 428
172 72
800 700
974 874
717 617
238 138
974 874
956 856
820 720
245 145
519 419
1095 995
894 794
629 529
296 196
299 199
1097 997
377 277
216 116
197 97
1008 908
819 719
639 539
342 242
807 707
207 107
669 569
222 122
637 537
170 70
1031 931
198 98
826 726
700 600
587 487
745 645
872 772
367 267
613 513
1072 972
181 81
995 895
1043 943
313 213
158 58
848 748
403 303
587 487
864 764
1023 923
636 536
129 29
824 724
774 674
889 789
640 540
579 479
654 554
242 142
567 467
439 339
146 46
741 641
810 710
296 196
653 553
594 494
291 191
166 66
824 724
924 824
830 730
308 208
1088 988
811 711
190 90
900 800
440 340
414 314
649 549
389 289
296 196
501 401
965 865
566 466
778 678
789 689
670 570
933 833
1036 936
325 225
822 722
344 244
751 651
949 849
223 123
213 113
531 431
479 379
608 508
461 361
685 585
165 65
953 853
586 486
742 642
786 686
1092 992
386 286
825 725
989 889
386 286
124 24
912 812
591 491
959 859
991 891
763 663
190 90
188 88
281 181
279 179
314 214
287 187
117 17
719 619
572 472
361 261
518 418
946 846
519 419
292 192
456 356
361 261
782 682
614 514
406 306
986 886
301 201
630 530
485 385
949 849
1052 952
394 294
600 500
899 799
294 194
491 391
837 737
430 330
424 324
398 298
1092 992
890 790
324 224
255 54
821 809
687 870
846 795
551 882
1065 843
377 481
604 814
774 198
802 171
527 944
193 77
736 551
554 961
445 936
456 751
136 54
961 392
933 722
943 568
994 239
670 710
136 910
890 42
644 847
903 917
495 223
216 215
1006 520
110 344
471 940
357 185
495 750
847 77
385 638
761 384
934 940
404 768
654 847
454 742
365 946
193 902
620 653
689 649
646 250
669 628
533 995
1065 421
627 576
670 281
126 7
853 613
235 792
666 729
849 813
767 418
826 242
368 600
726 210
295 672
380 440
689 391
167 259
1078 846
327 347
248 990
537 683
890 502
1029 791
598 308
810 806
599 152
857 595
954 615
790 843
433 410
158 573
284 889
157 890
444 42
704 875
321 390
348 445
226 299
815 363
284 972
468 930
150 107
882 581
417 318
321 455
161 651
776 363
597 588
732 55
919 549
248 402
440 63
359 225
948 83
390 245
710 275
840 307
462 242
297 652
757 575
785 400
745 803
209 625
477 657
278 903
788 486
990 255
729 289
810 33
265 916
817 879
534 921
245 892
822 555
690 356
382 293
977 256
267 739
820 592
731 409
615 52
572 279
171 19
872 108
843 502
926 728
158 783
753 978
571 358
1038 778
196 931
354 634
693 440
330 543
713 546
465 633
706 546
564 292
622 53
1086 245
198 91
498 580
1072 91
321 757
430 768
585 308
803 381
854 479
762 61
113 658
399 85
703 886
861 712
218 695
878 558
481 636
890 622
961 93
1095 486
583 626
482 696
474 845
371 175
201 484
537 145
368 791
956 233
675 597
712 258
557 228
748 248
230 912
773 709
305 981
468 485
946 740
820 396
503 144
441 707
599 311
344 776
461 330
924 68
808 935
503 223
271 729
262 719
726 725
880 12
119 280
244 604
555 881
329 22
322 564
687 819
356 238
924 408
909 663
136 28
537 859
656 234
328 34
317 25
1010 513
781 36
655 293
965 919
315 155
948 608
562 469
1043 469
1066 299
618 77
614 172
975 933
386 697
233 28
1009 708
338 845
835 66
221 650
933 596
405 115
801 579
202 15
867 798
108 163
930 862
908 731
411 433
309 963
936 954
791 18
398 309
149 923
214 665
163 259
823 478
571 217
529 25
693 567
462 902
433 16
194 56
1087 114
658 809
694 811
795 803
599 585
317 662
854 70
840 816
678 18
728 802
907 979
622 629
333 602
186 144
830 712
1002 957
551 598
902 34
681 406
791 682
204 215
765 980
1093 239
530 798
804 251
1089 884
469 8
997 508
730 436
171 785
627 818
931 420
563 270
958 343
767 96
569 394
784 390
535 231
358 559
852 527
600 87
534 215
780 473
299 469
767 183
286 157
396 390
990 498
528 811
856 729
527 115
523 147
841 374
614 665
595 688
478 977
1042 537
768 914
921 283
932 88
165 168
460 723
286 15
613 410
571 853
554 506
116 535
309 311
717 323
619 479
1015 685
978 882
562 899
381 611
927 472
701 25
203 514
372 35
1030 307
963 131
253 599
190 783
558 724
918 960
731 656
287 126
498 984
424 443
356 313
986 418
111 932
154 897
502 656
647 556
1075 546
703 226
349 204
750 809
369 184
472 873
695 531
123 104
1073 750
865 702
974 733
216 596
640 424
877 323
588 158
930 335
552 949
520 102
816 197
939 478
196 412
500 383
848 644
420 462
902 859
168 89
678 466
417 198
764 607
713 74
729 476
109 932
347 652
493 403
360 958
301 379
760 31
427 295
349 625
435 466
822 121
631 879
317 609
298 618
227 469
539 368
901 736
885 487
1072 432
290 796
890 628
652 870
508 758
283 477
561 504
1078 958
211 165
553 51
955 441
621 717
1024 30
396 145
657 706
779 15
525 926
791 582
869 969
176 105
480 367
647 850
393 26
757 654
577 652
537 680
890 587
676 188
955 547
581 449
899 383
802 131
730 768
1081 30
395 151
531 20
1065 370
143 337
793 231
495 540
384 56
883 102
257 634
593 668
248 938
798 911
707 369
256 91
837 161
173 449
774 494
753 7
583 603
306 595
507 807
1030 730
1087 141
403 237
280 455
629 608
282 840
468 400
706 859
387 645
1009 219
845 393
578 171
998 471
137 971
278 226
640 934
164 896
942 840
907 101
268 46
221 730
206 949
431 474
986 885
332 13
1049 490
234 409
587 147
849 613
154 547
320 452
574 334
893 388
407 447
694 871
518 960
853 353
241 569
378 146
970 962
990 702
831 744
365 788
388 558
675 397
250 109
896 689
383 475
300 405
356 824
233 428
380 255
1085 360
452 298
813 49
468 138
362 247
755 750
664 445
1079 638
195 440
748 691
726 754
777 214
606 619
278 823
1036 778
1082 49
886 733
922 481
373 722
513 339
656 410
835 581
185 980
1048 683
648 92
1050 457
746 154
573 727
275 38
332 127
505 594
813 453
871 428
788 211
904 639
529 579
1009 112
438 353
158 920
1043 86
642 64
166 989
954 952
107 958
414 742
214 726
1068 113
611 893
705 84
376 622
868 200
778 695
720 68
143 113
834 123
756 656
346 211
899 462
864 268
923 615
322 761
534 556
764 250
214 773
628 56
512 950
205 513
351 471
241 380
853 632
588 469
159 259
173 521
811 548
1001 167
172 304
508 277
225 856
728 146
749 51
544 36
918 425
124 123
233 174
357 128
679 816
228 478
481 87
258 912
981 206
670 236
431 917
509 275
476 592
680 146
684 973
483 949
905 651
425 690
312 36
346 496
560 887
339 883
998 121
680 252
147 420
554 443
247 596
311 907
838 370
632 420
314 604
484 798
456 155
1022 644
219 510
878 118
227 768
1027 630
739 869
669 447
397 335
1038 541
326 61
196 764
752 548
365 203
1067 382
367 505
566 428
703 387
324 446
326 931
350 555
372 313
814 276
374 685
419 750
535 450
1048 803
345 760
827 736
308 474
594 825
1029 854
339 797
189 14
995 366
1093 598
488 997
666 555
256 84
741 456
167 397
1005 496
521 816
698 311
463 587
1075 607
604 114
867 980
584 179
136 15
979 648
626 435
710 383
728 392
988 462
1075 929
399 637
303 738
864 803
315 346
774 517
515 52
605 504
747 215
778 83
514 27
720 843
293 578
1070 291
251 763
401 279
539 719
817 32
834 43
396 114
683 313
344 546
217 10
573 972
681 980
212 818
948 788
1015 518
358 364
382 117
712 386
1009 374
1048 53
524 827
746 988
173 242
574 449
871 971
541 839
774 60
132 277
444 321
185 618
714 757
650 315
635 854
799 751
902 991
447 340
876 936
803 523
147 689
932 90
897 640
970 432
741 260
1020 690
503 699
687 859
593 800
404 302
1059 806
656 355
803 526
322 23
1002 384
171 169
181 445
431 107
575 815
984 330
769 491
231 749
528 293
607 863
160 208
1069 822
815 122
553 205
738 236
855 542
179 375
136 439
1030 556
1089 294
273 833
591 616
720 315
682 513
205 863
426 129
145 391
204 954
207 571
1076 616
528 907
348 704
766 894
286 606
673 447
666 330
181 730
672 292
1013 317
681 64
1040 598
742 268
365 373
380 982
121 993
310 214
705 42
786 191
1008 256
389 90
837 99
652 383
913 756
164 21
660 41
701 789
1043 827
1035 920
850 674
878 908
730 967
153 69
619 597
757 828
439 979
865 366
460 241
169 811
646 712
243 196
132 649
357 355
397 404
515 664
252 796
230 706
669 476
126 878
246 474
341 189
1023 546
428 935
351 942
330 190
572 436
251 620
731 111
170 549
716 648
271 467
635 752
309 713
227 623
354 55
170 89
713 677
877 200
298 82
262 112
1076 225
108 866
633 377
695 530
420 877
521 159
244 861
483 921
217 737
364 609
867 276
743 466
1096 877
277 902
374 86
411 884
847 528
239 694
1045 568
551 346
961 978
437 451
727 333
281 856
972 297
517 537
767 863
199 808
547 112
230 696
570 952
396 982
271 903
409 777
278 626
871 102
144 63
127 931
990 560
383 870
822 300
332 405
665 290
456 581
906 864
452 137
451 829
712 356
844 257
248 293
113 750
1066 178
161 47
