
768 5002
482 485
257 326
286 248
517 421
404 322
713 795
45 43
924 845
873 955
160 252
1 9
838 901
40 122
58 94
676 738
627 574
766 715
862 882
405 367
923 984
379 299
461 433
612 682
133 72
813 874
97 138
908 856
165 145
996 995
623 529
220 199
298 277
157 97
723 719
144 242
48 107
129 122
148 70
35 98
644 600
632 645
272 267
1040 972
977 895
312 213
778 748
567 487
965 923
1 29
616 674
569 540
628 554
493 467
76 46
733 710
575 553
288 191
775 724
723 730
912 988
64 90
354 340
565 549
210 196
922 865
775 678
566 570
934 936
626 722
742 651
194 123
485 431
483 508
617 585
876 853
653 642
896 992
652 725
220 286
727 812
900 859
563 663
56 88
157 179
280 187
537 619
284 261
920 846
124 192
239 261
459 514
931 886
504 530
910 849
382 294
795 799
485 391
351 330
289 298
865 790
250 275
738 826
75 72
788 866
947 951
651 748
595 685
993 956
663 564
265 183
338 400
637 721
206 207
328 323
618 611
64 116
139 109
806 795
412 343
912 862
715 685
1 10
929 881
1025 984
410 403
273 360
507 449
450 541
174 272
882 877
427 359
787 707
355 308
734 770
1 30
248 208
397 311
159 100
874 939
449 422
857 785
286 370
976 989
908 969
103 143
1071 972
1 28
117 61
697 638
424 348
439 347
74 66
442 391
568 638
195 295
854 826
281 196
433 449
845 855
224 143
487 487
181 140
496 564
690 615
124 135
575 564
374 360
766 793
149 163
776 859
793 760
674 711
696 662
90 159
732 660
214 268
935 948
228 315
619 676
349 341
734 689
964 894
644 706
484 490
491 478
628 671
1009 932
944 899
315 237
92 187
554 472
757 772
88 98
952 906
818 911
628 635
316 225
818 823
255 164
432 343
763 732
490 502
721 740
587 576
530 612
992 902
491 454
343 411
880 973
645 703
761 850
152 77
241 220
727 802
352 403
246 181
1 10
479 525
958 919
749 668
551 527
538 462
319 291
580 605
501 457
487 405
349 417
252 279
731 685
637 596
339 307
257 224
271 322
740 840
1002 975
404 401
190 91
254 327
277 330
100 182
648 603
810 793
535 615
702 733
855 864
76 16
773 863
917 987
279 306
123 34
922 840
613 700
658 706
705 787
101 105
807 834
883 798
358 310
634 609
786 690
618 561
644 579
141 60
466 388
340 309
495 407
283 200
352 313
886 970
95 33
291 273
217 277
1007 997
1 40
219 227
764 860
1025 940
600 608
895 990
690 590
738 806
1 52
772 801
727 764
774 710
340 386
503 593
1 50
432 494
228 156
993 936
1058 965
130 86
821 723
189 184
943 868
343 340
404 412
560 487
196 209
418 346
782 860
314 307
59 95
778 821
979 941
828 821
584 587
122 201
741 665
566 527
760 812
385 424
395 459
250 343
789 836
492 506
261 179
914 916
380 430
537 596
731 808
361 269
473 512
737 811
708 685
635 567
804 776
827 855
695 718
756 853
57 97
178 146
688 746
1 15
871 965
415 512
510 480
1057 958
764 665
193 191
905 964
583 515
696 606
887 822
444 536
741 693
12 19
313 335
81 101
828 922
354 294
981 910
499 410
283 250
545 546
635 729
540 609
689 720
946 976
730 759
703 798
14 74
644 648
241 299
793 785
912 846
461 390
801 897
424 416
744 837
272 247
338 293
193 144
987 938
432 467
505 480
944 955
653 665
38 26
468 564
461 449
1 26
576 521
329 301
274 321
701 613
432 388
851 879
915 990
137 188
927 963
903 820
373 300
770 822
160 255
285 277
231 153
366 400
317 227
423 518
420 447
216 315
772 813
271 324
566 502
243 299
725 780
390 376
491 516
225 212
392 329
781 810
434 486
535 485
368 416
938 952
946 894
353 358
1 21
707 647
143 44
630 683
364 361
822 814
147 231
54 8
91 165
431 496
606 699
917 852
553 459
473 535
222 314
954 944
369 306
413 459
717 637
491 447
447 408
44 107
994 962
518 565
448 407
931 857
369 317
181 98
815 818
655 600
267 288
960 902
611 567
271 190
771 749
993 908
359 276
810 748
563 592
360 393
264 363
199 163
1074 983
131 179
41 16
423 478
197 259
779 868
344 295
536 596
140 71
669 622
938 864
715 644
67 5
321 365
434 429
19 64
928 854
759 770
178 88
160 157
277 368
467 421
653 719
330 271
966 975
817 816
1045 962
508 535
492 438
743 696
884 881
259 318
56 45
1 52
421 496
270 313
99 138
429 334
1004 988
512 508
702 770
657 751
862 780
516 441
246 207
592 516
641 674
390 408
831 920
522 573
611 634
825 878
929 990
734 826
718 696
883 800
355 411
426 422
668 707
235 334
1080 986
397 494
137 150
648 562
342 380
799 832
1067 979
313 376
452 511
441 414
214 160
1059 982
260 238
579 490
897 899
316 251
526 526
909 897
139 39
634 657
384 452
577 538
840 831
509 460
262 185
934 934
513 440
556 490
97 168
107 71
937 977
370 458
193 204
802 803
134 139
390 399
439 420
1034 991
636 578
1008 972
191 177
429 398
445 348
483 496
347 276
769 825
540 614
212 121
789 730
317 341
381 284
714 698
24 17
570 546
771 672
1052 974
776 866
290 377
470 559
367 340
626 527
879 779
688 761
553 483
112 92
440 390
510 583
741 661
473 391
289 336
574 661
85 125
36 89
362 275
310 359
129 178
763 780
31 42
69 5
470 380
739 772
726 816
57 9
476 484
498 545
669 589
112 157
934 901
854 777
112 74
246 247
1 55
481 479
883 785
1051 958
763 680
417 393
900 944
573 596
601 619
588 611
900 852
327 283
199 299
847 766
240 312
862 826
635 726
680 733
806 805
767 679
495 403
870 964
259 337
476 541
512 478
467 369
1001 946
798 821
819 833
835 837
502 490
119 37
652 594
82 129
242 258
215 246
291 362
687 755
550 504
1 71
249 177
203 176
865 803
189 237
758 677
90 33
188 115
621 597
807 769
481 536
1031 956
349 341
222 184
260 234
551 569
245 216
631 537
183 84
873 810
656 657
5 33
137 159
579 520
656 668
373 287
232 229
352 374
428 474
598 672
943 915
582 511
120 123
573 569
218 199
347 396
628 715
1 59
642 610
959 917
983 927
186 270
60 117
513 516
143 215
234 216
290 237
597 615
452 499
521 477
837 760
267 285
20 56
1027 966
690 622
235 221
199 194
186 91
374 347
244 252
424 473
438 516
385 385
337 357
945 958
686 665
698 792
16 64
464 420
655 671
911 968
839 877
144 177
535 523
65 139
230 152
806 732
312 246
578 565
699 740
817 902
105 17
886 973
360 298
658 611
53 32
1 11
319 337
36 136
879 889
595 522
721 805
80 28
981 931
838 757
654 609
480 544
973 905
647 595
243 246
152 113
183 175
140 156
263 244
856 883
338 265
792 883
403 462
560 485
238 272
214 204
1011 984
453 409
330 398
819 909
469 370
882 882
279 214
811 766
82 35
341 421
271 271
397 370
876 848
128 50
1016 976
243 270
843 796
949 963
451 379
1091 991
594 551
867 897
353 307
471 421
100 74
401 388
591 559
884 980
607 615
651 681
209 231
133 207
741 818
372 331
950 979
403 445
419 348
780 724
345 401
618 646
766 668
335 242
288 302
795 861
777 830
117 77
541 441
499 589
1025 990
217 189
799 868
944 996
329 363
232 237
367 420
552 565
220 214
353 333
811 726
176 175
35 58
548 625
1 66
142 169
400 475
298 204
27 90
421 496
40 1
462 474
359 449
299 252
395 332
382 287
206 189
980 889
1 63
285 378
109 206
813 897
219 230
361 382
601 575
155 60
442 529
405 477
253 290
57 89
894 961
548 461
763 702
542 532
704 680
44 53
545 642
1018 1000
803 891
730 822
59 152
423 324
590 633
266 267
325 381
307 272
422 506
403 419
524 461
613 526
1033 978
403 468
820 729
777 795
631 581
298 383
302 226
505 421
461 386
351 273
556 484
638 676
152 107
236 229
831 902
882 962
38 105
100 84
1006 991
661 701
596 689
748 655
528 600
587 538
492 499
783 881
1017 981
546 473
368 383
618 679
662 573
563 589
553 480
161 145
612 624
926 923
972 915
249 232
948 974
662 735
735 678
682 640
722 644
146 212
75 123
276 253
890 943
1 18
1007 916
302 327
607 640
646 615
488 470
565 655
239 288
448 401
906 840
564 633
647 707
339 424
757 682
213 194
829 855
229 190
703 728
257 178
255 275
123 88
321 367
517 544
768 738
1040 963
439 460
282 266
739 727
128 33
471 442
714 628
467 384
298 244
411 482
760 765
435 446
245 247
865 913
658 560
457 528
694 594
882 935
415 462
555 621
705 660
525 564
276 302
871 936
582 592
639 724
181 118
200 299
201 251
35 129
5 96
85 167
239 169
359 381
948 976
771 767
804 837
457 407
284 203
485 387
803 735
629 706
358 335
13 40
808 821
68 131
96 159
956 978
101 53
767 849
577 478
1 19
278 230
388 453
318 336
847 931
592 588
494 449
615 566
959 225
936 924
27 681
1015 301
120 359
594 737
528 136
827 24
1039 132
75 679
430 53
18 205
887 28
940 684
986 871
999 344
1043 743
886 715
781 489
1006 545
930 235
833 963
968 200
253 230
602 168
618 162
954 899
463 520
544 219
796 648
256 230
920 294
929 756
11 65
70 324
170 43
498 184
46 494
977 924
225 470
98 469
473 383
678 225
25 656
633 856
257 911
840 501
64 14
579 451
268 234
294 957
594 73
387 359
1070 55
743 485
55 1
210 422
495 667
583 93
462 392
504 1
174 810
323 591
354 566
677 125
1021 191
650 509
939 701
940 373
613 166
488 759
122 233
85 760
456 352
503 946
83 554
1059 926
32 308
965 280
406 309
263 636
532 441
977 812
356 24
289 346
101 268
367 13
87 799
1010 320
868 178
653 636
774 530
107 186
426 985
640 191
809 478
611 96
342 208
976 180
810 49
913 342
302 348
1068 579
347 151
518 412
992 766
745 799
493 883
579 937
422 935
579 601
151 305
633 474
331 825
342 361
376 226
1012 185
854 478
502 125
995 459
881 67
604 688
715 369
651 532
995 770
268 100
1025 298
798 116
24 521
987 206
39 217
472 465
781 133
373 221
771 138
578 158
370 911
818 974
275 4
979 18
594 494
375 666
933 854
786 53
744 974
133 338
616 662
801 161
1054 669
158 247
729 43
759 108
738 159
920 571
632 394
848 145
83 662
196 836
788 248
570 761
833 508
519 768
832 924
672 158
110 692
920 955
112 706
468 738
103 867
468 418
185 370
52 351
944 307
804 57
1083 890
999 561
82 301
503 747
556 783
321 758
30 903
969 605
391 655
1002 975
643 23
12 562
523 507
937 1000
159 370
968 844
796 729
963 626
486 987
1059 882
1050 611
593 958
29 729
892 818
585 588
588 502
915 810
757 332
909 96
274 847
742 414
84 782
370 518
170 590
655 748
37 276
714 386
927 40
872 780
550 172
265 424
596 986
307 472
967 287
1024 433
317 94
30 441
80 24
975 763
612 784
747 626
401 913
294 583
37 218
633 692
938 48
877 532
508 124
1009 925
424 32
622 763
537 179
78 288
131 882
360 379
346 252
264 621
1022 684
680 152
690 813
613 941
1064 320
6 557
17 403
526 86
752 624
739 324
639 870
501 572
370 350
682 624
729 517
176 803
964 210
528 370
1033 52
234 551
595 367
747 949
722 614
271 652
910 775
1007 160
996 314
64 218
549 82
337 585
614 420
835 571
495 396
177 33
516 567
651 937
689 999
633 321
829 328
930 197
780 905
628 834
850 698
129 264
373 796
469 120
43 797
621 224
983 703
1086 745
526 415
185 185
660 886
368 544
443 558
794 542
610 306
270 41
173 291
174 868
993 135
605 708
620 222
742 601
685 525
662 438
19 503
786 243
91 18
490 994
650 971
829 274
212 884
881 149
852 568
845 483
589 532
1090 845
509 597
142 201
370 879
377 991
846 271
568 584
234 950
707 608
240 923
1033 793
886 979
824 651
538 305
455 108
729 509
69 523
12 573
470 926
803 976
974 876
155 755
386 959
1004 528
176 270
111 805
43 992
822 673
937 109
640 916
589 437
32 373
50 791
1013 135
444 377
535 415
931 28
948 937
599 303
1088 918
782 452
637 184
130 590
367 490
901 449
312 643
515 581
993 176
878 19
851 792
155 952
887 579
13 58
603 892
260 486
17 832
200 544
968 564
284 16
722 246
746 510
116 533
821 960
210 64
100 311
827 929
670 331
1091 275
1027 717
598 681
972 254
83 413
841 751
591 574
1007 120
565 390
1062 974
335 369
721 935
116 82
369 977
222 219
1009 852
989 655
770 889
189 135
486 301
791 136
111 36
687 507
921 509
991 946
1003 236
929 916
884 977
384 378
371 149
489 622
464 39
867 106
395 286
489 20
91 447
429 971
123 179
628 920
990 993
196 879
712 149
559 232
487 194
476 624
310 836
147 727
1079 922
61 250
494 176
621 286
1014 555
738 998
52 183
647 373
873 878
735 720
342 142
406 54
167 381
1066 409
702 88
411 970
383 951
375 905
559 669
315 610
248 31
271 346
903 602
750 276
940 41
895 696
693 183
774 252
783 77
290 990
302 171
819 591
540 470
107 185
592 880
8 818
713 518
559 80
45 946
66 397
950 814
200 82
299 882
528 72
50 324
815 549
202 120
687 293
68 646
459 906
764 342
549 808
882 28
7 756
667 191
769 579
302 423
949 281
691 593
741 809
95 845
451 341
517 60
245 821
620 956
617 760
985 86
952 47
765 298
453 853
497 552
288 462
581 362
368 595
239 298
239 505
312 371
951 842
514 369
901 826
84 464
232 927
949 569
162 270
103 694
799 939
273 149
121 600
175 229
980 622
1048 691
454 129
325 458
493 169
670 21
420 652
573 59
103 184
746 988
185 234
146 877
821 999
152 610
66 372
825 151
208 801
91 258
107 228
368 875
198 342
763 222
935 13
59 73
965 357
175 840
939 168
994 905
885 108
745 834
730 209
197 11
352 145
166 428
34 195
193 660
189 291
205 576
588 325
550 842
455 184
184 173
198 346
965 705
363 394
326 726
831 267
313 544
588 7
933 740
204 644
586 730
388 829
156 142
266 809
558 587
699 947
233 191
732 887
606 996
952 175
14 295
551 319
411 28
225 70
95 637
881 129
381 382
1074 977
963 393
331 557
457 832
983 827
480 944
994 220
923 192
897 917
109 341
297 413
468 301
842 36
456 371
204 695
766 230
92 805
608 392
647 673
537 972
875 937
703 962
1073 442
632 990
722 562
988 642
851 117
574 760
1032 301
782 55
741 848
205 378
350 550
750 624
36 993
278 389
561 135
87 996
258 475
831 188
225 786
483 163
607 961
544 715
979 883
74 896
725 928
334 989
703 312
843 738
244 783
905 373
728 386
994 343
950 909
400 515
883 887
163 746
179 525
251 653
404 934
276 919
649 443
930 655
50 54
880 783
322 256
1051 438
867 459
1037 311
717 612
317 774
72 571
333 905
29 796
1031 328
12 430
1040 582
319 893
724 197
50 586
636 244
999 733
731 843
194 417
267 455
271 682
926 313
358 251
76 729
844 421
10 673
644 543
373 263
203 269
183 686
268 793
665 878
209 947
912 478
572 428
905 194
66 461
30 378
1047 931
502 713
538 578
866 42
528 669
425 973
609 895
74 568
1079 48
765 913
437 572
738 957
80 164
192 367
201 406
942 34
906 596
41 801
25 135
479 163
562 430
601 530
670 442
769 719
865 933
749 299
708 845
200 123
908 453
772 888
368 688
1035 894
340 284
684 661
470 175
124 575
12 52
674 804
900 779
494 130
933 946
265 974
199 609
1089 433
1024 1000
346 853
29 194
430 192
985 259
839 919
998 347
974 344
568 217
1028 357
7 746
965 536
858 524
201 353
1018 823
786 191
1001 220
92 980
10 847
93 582
716 457
562 132
28 827
115 503
360 330
1058 759
1060 152
570 519
519 656
434 652
911 518
