
1210 1008
482 485
257 326
286 248
517 421
404 322
713 795
45 43
924 845
873 955
160 252
1 9
838 901
40 122
58 94
676 738
627 574
766 715
862 882
405 367
923 984
379 299
461 433
612 682
133 72
813 874
97 138
908 856
165 145
996 995
623 529
220 199
298 277
157 97
723 719
144 242
48 107
129 122
148 70
35 98
644 600
632 645
272 267
1040 972
977 895
312 213
778 748
567 487
965 923
1 29
616 674
569 540
628 554
493 467
76 46
733 710
575 553
288 191
775 724
723 730
912 988
64 90
354 340
565 549
210 196
922 865
775 678
566 570
934 936
626 722
742 651
194 123
485 431
483 508
617 585
876 853
653 642
896 992
652 725
220 286
727 812
900 859
563 663
56 88
157 179
280 187
537 619
284 261
920 846
124 192
239 261
459 514
931 886
504 530
910 849
382 294
795 799
485 391
351 330
289 298
865 790
250 275
738 826
75 72
788 866
947 951
651 748
595 685
993 956
663 564
265 183
338 400
637 721
206 207
328 323
618 611
64 116
139 109
806 795
412 343
912 862
715 685
1 10
929 881
1025 984
410 403
273 360
507 449
450 541
174 272
882 877
427 359
787 707
355 308
734 770
1 30
248 208
397 311
159 100
874 939
449 422
857 785
286 370
976 989
908 969
103 143
1071 972
1 28
117 61
697 638
424 348
439 347
74 66
442 391
568 638
195 295
854 826
281 196
433 449
845 855
224 143
487 487
181 140
496 564
690 615
124 135
575 564
374 360
766 793
149 163
776 859
793 760
674 711
696 662
90 159
732 660
214 268
935 948
228 315
619 676
349 341
734 689
964 894
644 706
484 490
491 478
628 671
1009 932
944 899
315 237
92 187
554 472
757 772
88 98
952 906
818 911
628 635
316 225
818 823
255 164
432 343
609 30
470 677
69 545
691 57
392 385
790 984
341 66
451 876
303 600
321 837
528 960
483 734
999 603
231 115
1025 649
1057 128
370 605
308 33
202 391
539 485
974 525
453 431
225 240
651 475
174 607
1056 126
938 85
707 21
789 192
220 139
456 143
508 226
631 811
1047 239
7 572
1070 750
166 712
44 92
303 241
398 265
71 420
328 256
293 347
734 672
180 434
947 355
478 243
832 564
984 748
339 154
935 874
180 26
93 705
1035 965
596 579
25 242
789 204
953 842
564 486
893 960
917 679
941 816
684 730
121 127
954 839
3 558
51 878
712 596
563 460
864 374
536 959
624 558
251 895
916 470
361 938
172 581
853 37
376 853
927 861
789 452
943 964
479 278
563 838
138 174
820 923
612 753
952 115
824 263
531 239
494 456
974 965
1012 38
119 115
639 566
1003 863
503 591
688 441
808 742
370 857
863 752
354 970
702 610
536 56
140 300
866 927
72 576
611 539
1031 507
775 744
183 252
950 251
925 890
402 815
442 331
48 316
755 590
963 873
142 995
882 354
740 625
76 141
314 362
768 210
36 85
608 258
479 64
75 706
1024 725
610 920
4 57
334 913
651 672
991 844
511 25
595 397
29 532
308 373
84 952
911 786
103 794
347 351
147 979
862 38
25 650
145 228
95 184
6 38
196 728
180 439
832 563
572 444
263 451
1022 757
30 670
416 479
65 686
504 658
288 864
433 597
591 68
63 677
354 287
974 422
954 83
759 479
14 82
850 742
491 225
238 373
791 134
774 273
707 906
919 868
508 560
555 171
840 444
82 241
443 426
236 493
1036 490
576 678
531 86
683 88
954 142
1066 662
134 377
795 468
749 18
918 128
172 239
8 199
474 347
1022 97
259 323
446 855
749 556
693 876
262 519
1010 372
598 772
23 115
185 690
629 252
301 175
1051 727
881 874
748 892
473 665
124 873
1018 931
920 746
356 92
940 282
158 754
678 801
515 507
884 990
503 100
717 91
484 78
1034 851
507 161
990 472
755 178
457 463
448 945
858 671
172 827
362 262
610 826
33 138
752 332
886 564
635 392
164 396
1052 763
394 361
362 968
931 476
971 469
46 736
229 227
543 992
968 492
459 205
534 306
508 708
145 103
360 250
560 991
475 33
872 103
397 76
446 19
12 895
447 576
634 614
660 403
994 923
536 619
164 99
95 222
883 279
1050 539
930 760
4 76
372 919
547 712
305 618
146 22
133 57
790 432
424 154
781 904
391 92
522 734
11 647
294 465
417 420
833 272
203 489
390 124
925 395
512 835
328 578
685 903
126 493
226 155
677 384
96 658
823 209
918 299
761 843
402 669
595 178
402 567
546 724
1007 575
530 547
70 306
200 452
993 132
1044 196
371 860
810 251
593 819
58 208
486 65
358 442
365 220
405 121
404 933
785 964
275 91
982 754
1034 947
348 133
57 73
546 419
375 514
103 976
239 27
1049 93
1000 729
909 266
600 298
641 392
976 860
136 736
881 441
364 178
411 26
826 905
615 77
927 669
139 174
901 720
150 410
168 811
856 279
63 100
299 119
667 960
639 266
322 380
379 894
662 566
1047 302
421 298
946 177
647 780
258 601
670 964
179 175
601 235
512 725
551 456
910 59
853 113
925 57
394 852
213 198
632 376
921 973
1008 534
118 874
389 814
655 785
343 875
509 535
672 572
842 483
262 276
594 83
142 655
790 506
856 861
169 940
973 228
923 598
64 403
490 444
726 744
847 858
133 766
971 943
78 104
40 79
121 640
816 941
748 350
308 39
906 969
558 873
673 443
994 17
86 919
622 119
637 314
693 504
3 664
63 308
112 413
16 524
35 80
1034 217
269 559
320 893
396 841
766 720
769 125
617 451
35 71
398 500
128 68
410 612
95 551
572 919
174 327
1008 898
509 170
375 652
309 579
462 788
842 506
1048 459
1010 349
496 432
1047 513
823 811
798 896
967 790
126 296
53 762
60 469
661 581
337 861
477 54
747 265
369 353
46 301
559 120
713 523
264 878
591 791
690 878
777 568
1002 795
257 778
1033 261
128 367
999 773
990 846
1070 693
749 441
472 92
751 853
817 893
225 365
1058 645
659 807
935 81
99 276
1014 541
1049 731
819 555
747 629
275 170
1052 854
666 757
106 920
973 829
571 992
876 365
685 233
863 71
1034 711
183 621
715 231
659 253
246 68
216 103
766 630
109 515
95 991
1005 604
32 550
838 116
589 442
84 836
1065 481
920 273
615 779
688 154
514 29
794 829
247 918
244 507
996 920
1007 779
29 9
244 238
206 679
810 564
962 183
250 697
622 900
409 129
135 300
592 265
144 744
502 609
42 654
950 219
701 85
532 127
627 839
479 120
272 707
358 871
15 944
751 566
633 108
639 73
264 837
446 789
696 192
27 761
611 175
145 75
386 985
982 702
453 210
1012 729
57 470
844 956
614 187
489 467
669 279
662 606
738 64
432 728
897 92
571 631
676 804
1059 324
153 734
307 141
563 754
1062 277
975 400
435 916
631 990
783 336
106 240
1067 802
917 459
326 625
1044 419
70 401
84 129
875 276
187 867
1064 307
22 287
987 654
759 492
533 769
531 591
53 427
472 614
989 286
426 430
61 548
493 413
564 145
593 658
245 32
466 176
389 581
1014 413
776 497
310 302
1021 694
301 341
587 438
715 951
812 705
871 371
137 763
371 794
634 609
75 443
104 860
137 383
207 635
519 477
568 293
288 724
427 413
189 271
1025 879
1061 886
570 617
822 602
766 898
876 369
638 525
645 304
549 858
935 404
550 743
451 287
615 55
216 847
469 200
386 692
2 428
484 812
749 767
978 482
444 575
586 609
414 557
856 480
403 993
975 722
200 199
267 752
292 245
1050 102
1002 827
13 442
976 40
261 986
930 478
581 18
294 513
569 703
89 133
545 560
529 53
981 842
925 819
67 944
865 927
157 389
704 965
565 423
119 52
338 911
1022 468
572 571
646 551
294 341
695 252
1051 620
26 569
46 876
602 339
469 398
881 405
790 926
563 912
775 312
623 718
40 893
706 47
1064 580
491 857
228 37
22 627
164 845
599 86
485 228
131 844
333 423
81 829
1001 766
870 786
786 118
50 956
82 822
303 561
92 822
974 415
33 470
801 63
343 935
311 269
546 950
112 518
488 521
782 613
473 482
116 476
178 917
384 897
826 377
295 837
939 421
46 322
272 881
1043 311
552 189
59 257
981 937
945 186
430 830
19 557
886 970
870 68
850 516
1049 501
324 287
914 565
237 94
251 985
157 369
399 138
347 79
696 499
46 162
258 240
774 652
674 439
10 305
441 467
589 889
154 536
490 959
188 419
537 776
487 228
750 825
1067 585
391 203
600 250
935 866
1006 133
274 982
894 355
473 77
1058 206
893 677
813 90
851 866
906 894
134 633
892 415
224 968
154 457
253 904
255 414
557 702
670 107
740 680
727 581
695 12
532 201
519 832
38 579
221 373
428 162
744 524
937 376
310 691
107 330
737 546
423 435
370 283
1009 222
409 331
664 878
782 297
949 896
398 135
954 134
812 692
144 191
732 477
580 975
389 724
345 304
902 778
556 535
311 736
263 688
627 989
30 77
565 592
593 650
959 174
692 354
1070 862
29 82
799 230
801 908
188 876
40 228
826 367
150 37
690 768
554 767
856 318
195 9
433 228
662 935
822 299
560 651
268 542
581 14
189 280
883 602
435 10
166 419
514 133
912 608
432 955
395 304
903 115
860 743
91 312
307 980
120 674
1046 495
443 122
874 607
1064 648
583 768
379 379
47 512
876 298
789 539
800 320
92 211
683 357
257 126
1065 757
809 491
744 404
642 198
984 593
132 34
608 619
556 277
430 700
942 314
1047 148
773 967
505 761
1017 861
254 672
331 883
823 727
57 262
487 362
809 67
83 669
381 162
715 824
499 176
65 607
429 61
502 221
925 31
414 921
613 559
11 561
1012 673
364 650
489 881
750 742
551 594
606 186
719 913
95 858
411 917
700 781
181 212
385 970
918 460
186 952
734 650
871 394
319 268
1035 392
436 118
459 929
878 617
283 770
817 385
693 712
9 118
796 914
974 666
731 492
992 249
167 238
172 369
1069 760
60 88
1002 155
833 994
865 471
338 370
268 245
1068 324
410 232
688 709
366 800
698 280
14 514
653 710
314 456
290 698
156 203
750 528
810 662
770 352
37 599
1002 108
674 370
442 576
692 682
171 105
51 233
288 698
870 710
829 703
492 115
828 290
1006 410
440 819
644 708
953 111
682 762
174 555
994 963
301 129
901 979
873 893
356 948
729 595
506 600
892 266
106 980
990 660
813 255
967 283
607 423
361 512
326 671
185 720
66 273
102 935
561 765
881 586
32 974
981 640
741 712
208 744
851 542
72 938
367 155
587 391
39 812
772 280
501 611
483 365
315 538
597 481
30 331
269 937
1027 903
92 674
797 205
197 952
96 276
792 399
981 688
822 798
676 750
16 136
846 493
705 701
751 207
986 682
284 831
862 160
369 440
998 76
674 649
786 645
840 893
677 44
639 83
543 440
164 201
741 447
802 387
263 51
166 221
486 190
638 986
396 452
148 443
923 963
878 729
960 162
480 712
112 277
398 436
529 969
186 451
374 683
434 793
133 553
692 846
498 427
882 67
571 857
358 877
457 326
929 469
1025 356
813 303
825 843
683 968
398 248
21 364
596 419
1029 684
446 466
955 396
1009 906
939 814
105 20
505 472
736 295
135 206
972 455
1036 561
496 321
647 529
307 33
191 903
532 278
1021 981
87 571
279 350
145 949
497 203
387 429
761 745
35 483
940 501
110 529
483 301
288 300
268 24
457 325
877 516
692 460
834 932
23 478
671 940
169 261
649 555
175 79
441 207
960 30
43 558
179 548
260 310
637 431
442 730
709 21
5 570
167 458
844 962
466 818
307 380
557 56
398 316
481 564
356 684
695 369
961 115
489 145
177 879
394 184
600 410
22 326
269 115
166 380
799 848
651 537
684 430
159 958
505 436
607 204
499 954
279 821
655 235
204 548
162 541
203 728
1 375
947 90
727 820
748 211
277 777
858 239
303 724
1013 114
872 284
95 370
851 78
859 950
256 722
759 899
64 794
573 712
1020 864
953 257
514 906
161 695
439 402
623 343
1048 191
1019 337
825 658
791 128
999 178
180 299
594 604
321 409
731 650
405 425
518 840
335 169
962 729
434 434
82 427
793 297
680 242
185 763
538 677
323 39
353 638
361 355
1004 35
892 180
815 863
646 459
866 947
649 911
269 640
94 22
437 952
738 367
113 126
772 754
712 681
273 311
1013 975
853 415
625 460
912 720
860 773
865 378
682 76
290 691
1056 911
987 901
17 452
249 856
216 881
743 117
614 332
931 770
30 41
712 788
327 646
990 118
756 10
328 763
54 404
78 193
401 29
192 704
394 763
835 859
218 594
329 52
329 548
754 692
496 606
502 832
190 673
204 487
791 203
798 217
199 105
1052 624
1004 621
216 281
312 974
553 39
