
848 1008
94 485
506 326
416 248
992 421
649 322
237 795
457 43
815 845
446 955
422 252
791 9
359 901
667 122
598 94
7 738
544 574
334 715
766 882
994 367
893 984
633 299
131 433
428 682
700 72
617 874
874 138
720 856
419 145
794 995
196 529
997 199
116 277
908 97
539 719
707 242
569 107
537 122
931 70
726 98
487 600
772 645
513 267
81 972
943 895
58 213
303 748
764 487
536 923
724 29
789 674
479 540
142 554
339 467
641 46
196 710
494 553
66 191
824 724
208 730
711 988
800 90
314 340
289 549
401 196
466 865
689 678
833 570
225 936
244 722
849 651
113 123
379 431
361 508
65 585
486 853
686 642
286 992
889 725
24 286
491 812
891 859
90 663
181 88
214 179
17 187
472 619
418 261
419 846
356 192
682 261
306 514
201 886
385 530
952 849
500 294
194 799
737 391
324 330
992 298
224 790
260 275
97 826
210 72
649 866
919 951
63 748
958 685
804 956
518 564
428 183
537 400
346 721
153 207
971 323
662 611
197 116
91 109
529 795
126 343
747 862
469 685
770 10
934 881
723 984
895 403
568 360
172 449
958 541
383 272
308 877
970 359
583 707
48 308
930 770
569 30
3 208
20 311
609 100
887 939
825 422
930 785
904 370
241 989
379 969
376 143
962 972
889 28
443 61
216 638
338 348
160 347
406 66
159 391
31 638
204 295
420 826
153 196
425 449
331 855
565 143
838 487
9 140
918 564
533 615
232 135
957 564
591 360
576 793
746 163
377 859
858 760
86 711
434 662
558 159
279 660
840 268
735 948
574 315
126 676
912 341
739 689
821 894
625 706
917 490
201 478
993 671
149 932
52 899
759 237
267 187
256 472
783 772
117 98
516 906
180 911
25 635
380 225
712 823
266 164
216 343
963 735
328 314
231 815
690 828
670 980
591 639
91 576
404 100
456 31
576 110
18 93
786 675
911 406
71 753
53 342
588 542
983 535
873 156
131 322
483 536
594 816
729 741
838 989
682 724
98 36
555 744
874 863
159 302
483 705
239 523
379 695
29 903
282 179
260 346
825 300
23 922
431 672
289 128
815 226
945 535
952 619
394 132
684 300
168 810
938 552
976 882
680 858
672 88
123 834
119 447
661 101
960 464
879 33
830 139
746 53
607 500
466 86
195 252
398 268
888 208
416 195
212 209
642 287
58 430
302 693
16 667
41 357
782 563
188 793
450 66
898 338
326 248
997 670
633 454
613 679
379 842
667 440
289 651
46 516
263 717
227 650
318 824
495 521
810 869
140 549
892 41
94 437
479 51
870 828
89 580
691 549
908 225
608 396
200 457
287 615
730 683
285 993
217 739
309 597
201 705
40 277
290 769
937 878
310 720
755 211
96 495
16 154
368 119
650 935
466 57
963 101
823 972
770 648
599 87
882 898
53 299
985 640
876 857
684 346
285 101
230 726
718 772
509 807
386 384
666 648
684 260
273 521
621 755
320 792
3 984
760 478
475 234
764 254
709 294
691 862
545 66
648 293
187 794
572 716
988 534
734 73
18 833
632 871
862 99
281 329
288 173
396 662
729 669
367 388
739 391
408 340
113 61
848 532
899 492
545 75
41 855
521 567
165 41
209 828
484 16
92 530
82 958
555 987
864 714
82 292
946 435
67 395
513 909
766 590
306 615
949 598
393 950
210 941
564 670
849 206
524 680
216 704
419 993
734 45
592 679
149 211
171 157
816 494
87 353
270 244
867 577
927 65
639 629
960 170
841 343
661 648
152 975
61 138
154 670
768 670
862 620
545 364
896 301
14 847
657 137
324 616
220 926
886 483
814 238
763 679
755 707
485 288
912 992
977 622
885 215
103 866
963 240
478 707
237 987
920 772
911 395
958 622
317 580
239 529
408 393
432 935
6 562
502 893
364 634
826 57
589 984
416 775
856 713
50 72
205 995
745 119
365 345
395 318
595 427
644 294
342 74
745 429
496 512
321 434
931 865
272 14
826 712
846 946
417 857
459 233
36 422
923 592
349 577
46 543
972 93
203 335
642 318
344 582
566 84
777 434
549 496
934 689
180 709
146 599
672 646
377 566
484 783
620 46
409 667
994 321
365 462
92 590
517 664
839 714
596 287
689 453
432 16
751 364
672 504
41 538
869 9
35 988
80 65
568 593
86 180
263 124
872 429
576 603
450 918
651 903
28 531
830 413
519 302
10 811
375 208
465 570
121 516
383 917
101 553
681 610
651 459
288 920
158 141
17 726
509 117
634 806
562 768
487 232
377 770
508 770
128 148
246 473
885 608
7 609
850 362
852 327
190 985
426 461
584 526
989 935
433 98
584 310
656 869
149 809
34 366
257 933
197 37
220 806
623 778
387 481
258 868
781 229
298 920
295 65
974 97
494 648
869 702
551 795
718 470
503 743
892 386
971 772
441 807
273 546
780 49
563 783
402 496
474 878
333 795
329 245
123 710
713 260
279 651
724 127
82 684
116 150
116 704
102 862
544 347
713 725
922 387
779 376
132 234
79 330
725 273
609 676
503 328
525 799
746 76
743 170
382 329
143 919
572 963
110 774
319 993
343 783
116 54
4 337
899 767
596 9
367 647
167 560
597 752
836 300
54 636
591 490
652 418
75 460
167 131
326 278
495 824
443 310
105 949
63 726
744 273
3 230
669 956
933 440
141 630
629 980
62 694
808 574
663 81
656 969
728 549
576 89
51 66
626 891
825 346
355 10
301 706
368 829
854 456
870 119
226 556
553 633
568 453
7 722
593 833
306 537
611 425
34 776
195 309
594 310
295 760
441 552
207 718
186 691
406 16
437 416
14 542
354 699
6 876
381 875
740 809
908 608
900 310
608 759
714 960
309 737
975 760
755 852
297 504
997 798
169 266
584 676
808 827
695 29
356 700
616 758
461 382
583 927
625 568
486 965
129 614
489 91
941 510
275 672
399 769
369 33
497 906
570 281
408 578
759 59
602 172
738 655
908 489
496 688
769 356
434 461
354 641
731 602
972 851
962 878
242 849
58 52
505 77
164 495
365 560
317 810
570 560
707 856
536 640
933 32
588 396
177 626
762 835
817 257
804 362
221 825
492 97
325 45
658 608
9 258
322 897
341 27
426 533
351 487
546 485
359 799
121 663
353 312
133 827
19 856
988 567
436 880
885 736
204 366
849 250
666 783
188 282
700 448
152 823
335 763
655 898
198 715
400 444
411 751
980 685
494 452
104 543
519 97
475 427
333 631
920 674
335 217
972 970
950 80
740 522
22 910
866 893
311 487
361 754
806 291
987 587
292 9
986 830
291 975
7 549
96 857
773 141
726 280
324 408
778 261
616 674
963 684
515 645
622 234
56 181
78 949
180 119
303 696
648 906
313 680
784 233
886 986
130 959
773 706
281 232
743 532
61 273
94 384
510 255
140 536
909 663
510 816
532 437
790 245
299 26
486 642
433 375
883 218
206 18
844 216
168 830
225 298
658 676
988 128
646 21
77 884
789 72
3 280
770 254
899 846
990 608
569 762
705 413
24 414
435 251
422 548
258 736
992 722
566 981
37 545
846 622
29 716
200 355
988 125
951 605
196 311
469 405
759 734
188 788
329 796
213 947
138 786
213 941
623 823
660 311
618 722
570 906
151 385
92 603
297 465
585 485
272 182
852 636
808 312
100 526
370 394
475 52
146 221
747 48
912 479
614 847
819 778
183 970
349 373
765 233
840 721
862 968
434 808
670 214
607 261
819 216
179 433
52 263
720 236
585 625
308 672
489 912
928 400
956 907
543 835
33 235
464 15
69 656
277 436
815 695
310 584
93 790
505 112
983 588
453 411
605 51
380 24
809 670
969 376
646 435
224 595
186 92
59 655
908 573
865 84
139 787
726 348
279 855
68 870
779 940
859 760
845 452
621 797
61 463
404 599
825 156
491 893
348 850
405 872
992 572
769 10
634 56
246 707
292 828
648 672
317 704
244 794
213 761
848 182
877 262
223 610
958 377
855 92
523 855
361 805
195 772
800 253
132 875
702 434
496 523
330 896
316 606
472 176
409 699
361 220
605 371
388 11
513 108
884 534
880 587
677 334
11 138
76 13
244 174
542 584
955 92
750 542
582 812
917 853
144 955
990 120
686 240
254 668
380 16
82 358
905 329
229 855
431 363
224 828
853 463
889 77
907 472
526 588
546 690
923 486
421 711
170 594
213 754
268 940
156 548
327 723
58 531
812 903
960 493
37 545
225 384
606 207
904 819
795 449
47 108
187 865
399 410
197 51
961 868
553 268
357 471
288 493
420 505
367 355
447 387
58 58
498 242
235 703
362 103
928 500
378 348
462 204
739 432
698 767
394 81
415 695
277 159
892 572
521 855
762 690
650 988
909 461
44 281
765 697
383 568
657 938
475 918
492 390
181 131
691 611
507 674
116 577
494 349
223 988
30 903
514 573
724 124
882 623
815 123
33 123
209 278
306 572
996 731
444 884
433 346
871 588
938 431
991 901
621 494
363 63
441 890
865 231
202 269
712 529
288 192
24 603
261 442
467 280
398 110
536 167
255 94
911 631
34 251
789 221
740 51
193 389
672 655
908 910
254 139
980 865
43 481
158 432
845 108
203 591
806 867
334 412
221 437
67 872
378 854
985 315
889 251
388 905
639 358
327 203
907 411
747 411
353 357
90 993
919 25
711 233
670 45
325 74
519 777
580 236
231 466
749 329
463 698
738 91
454 958
