
923 4746
482 485
257 326
286 248
517 421
404 322
713 795
45 43
924 845
873 955
160 252
1 9
838 901
40 122
58 94
676 738
627 574
766 715
862 882
405 367
923 984
379 299
461 433
612 682
133 72
813 874
97 138
908 856
165 145
996 995
623 529
220 199
298 277
157 97
723 719
144 242
48 107
129 122
148 70
35 98
644 600
632 645
272 267
1040 972
977 895
312 213
778 748
567 487
965 923
1 29
616 674
569 540
628 554
493 467
76 46
733 710
575 553
288 191
775 724
723 730
912 988
64 90
354 340
565 549
210 196
922 865
775 678
566 570
934 936
626 722
742 651
194 123
485 431
483 508
617 585
876 853
653 642
896 992
652 725
220 286
727 812
900 859
563 663
56 88
157 179
280 187
537 619
284 261
920 846
124 192
239 261
459 514
931 886
504 530
910 849
382 294
795 799
485 391
351 330
289 298
865 790
250 275
738 826
75 72
788 866
947 951
651 748
595 685
993 956
663 564
265 183
338 400
637 721
206 207
328 323
618 611
64 116
139 109
806 795
412 343
912 862
715 685
1 10
929 881
1025 984
410 403
273 360
507 449
450 541
174 272
882 877
427 359
787 707
355 308
734 770
1 30
248 208
397 311
159 100
874 939
449 422
857 785
286 370
976 989
908 969
103 143
1071 972
1 28
117 61
697 638
424 348
439 347
74 66
442 391
568 638
195 295
854 826
281 196
433 449
845 855
224 143
487 487
181 140
496 564
690 615
124 135
575 564
374 360
766 793
149 163
776 859
793 760
674 711
696 662
90 159
732 660
214 268
935 948
228 315
619 676
349 341
734 689
964 894
644 706
484 490
491 478
628 671
1009 932
944 899
315 237
92 187
554 472
757 772
88 98
952 906
818 911
628 635
316 225
818 823
255 164
432 343
763 732
490 502
721 740
587 576
530 612
992 902
491 454
343 411
880 973
645 703
761 850
152 77
241 220
727 802
352 403
246 181
1 10
479 525
958 919
749 668
551 527
538 462
319 291
580 605
501 457
487 405
349 417
252 279
731 685
637 596
339 307
257 224
271 322
740 840
1002 975
404 401
190 91
254 327
277 330
100 182
648 603
810 793
535 615
702 733
855 864
76 16
773 863
917 987
279 306
123 34
922 840
613 700
658 706
705 787
101 105
807 834
883 798
358 310
634 609
786 690
618 561
644 579
141 60
466 388
340 309
495 407
283 200
352 313
886 970
95 33
291 273
217 277
1007 997
1 40
219 227
764 860
1025 940
600 608
895 990
690 590
738 806
1 52
772 801
727 764
774 710
340 386
503 593
1 50
432 494
228 156
993 936
1058 965
130 86
821 723
189 184
943 868
343 340
404 412
560 487
196 209
418 346
782 860
314 307
59 95
778 821
979 941
828 821
584 587
122 201
741 665
566 527
760 812
385 424
395 459
250 343
789 836
492 506
261 179
914 916
380 430
537 596
731 808
361 269
473 512
737 811
708 685
635 567
804 776
827 855
695 718
756 853
57 97
178 146
688 746
1 15
871 965
415 512
510 480
1057 958
764 665
193 191
905 964
583 515
696 606
887 822
444 536
741 693
12 19
313 335
81 101
828 922
354 294
981 910
499 410
283 250
545 546
635 729
540 609
689 720
946 976
730 759
703 798
14 74
644 648
241 299
793 785
912 846
461 390
801 897
424 416
744 837
272 247
338 293
193 144
987 938
432 467
505 480
944 955
653 665
38 26
468 564
461 449
1 26
576 521
329 301
274 321
701 613
432 388
851 879
915 990
137 188
927 963
903 820
373 300
770 822
160 255
285 277
231 153
366 400
317 227
423 518
420 447
216 315
772 813
271 324
566 502
243 299
725 780
390 376
491 516
225 212
392 329
781 810
434 486
535 485
368 416
938 952
946 894
353 358
1 21
707 647
143 44
630 683
364 361
822 814
147 231
54 8
91 165
431 496
606 699
917 852
553 459
473 535
222 314
954 944
369 306
413 459
717 637
491 447
447 408
44 107
994 962
518 565
448 407
931 857
369 317
181 98
815 818
655 600
267 288
960 902
611 567
271 190
771 749
993 908
359 276
810 748
563 592
360 393
264 363
199 163
1074 983
131 179
41 16
423 478
197 259
779 868
344 295
536 596
140 71
669 622
938 864
715 644
67 5
321 365
434 429
19 64
928 854
759 770
178 88
160 157
277 368
467 421
653 719
330 271
966 975
817 816
1045 962
508 535
492 438
743 696
884 881
259 318
56 45
1 52
421 496
270 313
99 138
429 334
1004 988
512 508
702 770
657 751
862 780
516 441
246 207
592 516
641 674
390 408
831 920
522 573
611 634
825 878
929 990
734 826
718 696
883 800
355 411
426 422
668 707
235 334
1080 986
397 494
137 150
648 562
342 380
799 832
1067 979
313 376
452 511
441 414
214 160
1059 982
260 238
579 490
897 899
316 251
526 526
909 897
139 39
634 657
384 452
577 538
840 831
509 460
262 185
934 934
513 440
556 490
97 168
107 71
937 977
370 458
193 204
802 803
134 139
390 399
439 420
1034 991
636 578
1008 972
191 177
429 398
445 348
483 496
347 276
769 825
540 614
212 121
789 730
317 341
381 284
714 698
24 17
570 546
771 672
1052 974
776 866
290 377
470 559
367 340
626 527
879 779
688 761
553 483
112 92
440 390
510 583
741 661
473 391
289 336
574 661
85 125
36 89
362 275
310 359
129 178
763 780
31 42
69 5
470 380
739 772
726 816
57 9
476 484
498 545
669 589
112 157
934 901
854 777
112 74
246 247
1 55
481 479
883 785
1051 958
763 680
417 393
900 944
573 596
601 619
588 611
900 852
327 283
199 299
847 766
240 312
862 826
635 726
680 733
806 805
767 679
495 403
870 964
259 337
476 541
512 478
467 369
1001 946
798 821
819 833
835 837
502 490
119 37
652 594
82 129
242 258
215 246
291 362
687 755
550 504
1 71
249 177
203 176
865 803
189 237
758 677
90 33
188 115
621 597
807 769
481 536
1031 956
349 341
222 184
260 234
551 569
245 216
631 537
183 84
873 810
656 657
5 33
137 159
579 520
656 668
373 287
232 229
352 374
428 474
598 672
943 915
582 511
120 123
573 569
218 199
347 396
628 715
1 59
642 610
959 917
983 927
186 270
60 117
513 516
143 215
234 216
290 237
597 615
452 499
521 477
837 760
267 285
20 56
1027 966
690 622
235 221
199 194
186 91
374 347
244 252
424 473
438 516
385 385
337 357
945 958
686 665
698 792
16 64
464 420
655 671
911 968
839 877
144 177
535 523
65 139
230 152
806 732
312 246
578 565
699 740
817 902
105 17
886 973
360 298
658 611
53 32
1 11
319 337
36 136
879 889
595 522
721 805
80 28
981 931
838 757
654 609
480 544
973 905
647 595
243 246
152 113
183 175
140 156
263 244
856 883
338 265
792 883
403 462
560 485
238 272
214 204
1011 984
453 409
330 398
819 909
469 370
882 882
279 214
811 766
82 35
341 421
271 271
397 370
876 848
128 50
1016 976
243 270
843 796
949 963
451 379
1091 991
594 551
867 897
353 307
471 421
100 74
401 388
591 559
884 980
607 615
651 681
209 231
133 207
741 818
372 331
950 979
403 445
419 348
780 724
345 401
618 646
766 668
335 242
288 302
795 861
777 830
117 77
541 441
499 589
1025 990
217 189
799 868
944 996
329 363
232 237
367 420
552 565
220 214
353 333
811 726
176 175
35 58
548 625
1 66
142 169
400 475
298 204
27 90
421 496
40 1
462 474
359 449
299 252
395 332
382 287
206 189
980 889
1 63
285 378
109 206
813 897
219 230
361 382
601 575
155 60
442 529
405 477
253 290
57 89
894 961
548 461
763 702
542 532
704 680
44 53
545 642
1018 1000
803 891
730 822
59 152
423 324
590 633
266 267
325 381
307 272
422 506
403 419
524 461
613 526
1033 978
403 468
820 729
777 795
631 581
298 383
302 226
505 421
461 386
351 273
556 484
638 676
152 107
236 229
831 902
882 962
38 105
100 84
1006 991
661 701
596 689
748 655
528 600
587 538
492 499
783 881
1017 981
546 473
368 383
618 679
662 573
563 589
553 480
161 145
612 624
926 923
972 915
249 232
948 974
662 735
735 678
682 640
722 644
146 212
75 123
276 253
890 943
1 18
1007 916
302 327
607 640
646 615
488 470
565 655
239 288
448 401
906 840
564 633
647 707
339 424
757 682
213 194
829 855
229 190
703 728
257 178
255 275
123 88
321 367
517 544
768 738
1040 963
439 460
282 266
739 727
128 33
471 442
714 628
467 384
298 244
411 482
760 765
435 446
245 247
865 913
658 560
457 528
694 594
882 935
415 462
555 621
705 660
525 564
276 302
871 936
582 592
639 724
181 118
200 299
201 251
35 129
5 96
85 167
239 169
359 381
948 976
771 767
804 837
457 407
284 203
485 387
803 735
629 706
358 335
13 40
808 821
68 131
96 159
956 978
101 53
767 849
577 478
1 19
278 230
388 453
318 336
847 931
592 588
494 449
615 566
672 419
199 800
373 7
485 504
1005 721
723 670
303 769
372 774
446 323
893 561
720 728
976 316
689 96
953 574
898 725
642 29
764 489
732 27
661 473
403 119
832 260
653 127
1091 497
398 136
20 802
401 738
716 102
1057 340
805 610
856 437
831 511
1026 274
1078 66
445 185
689 31
33 66
560 592
97 898
214 151
627 650
526 21
674 590
791 832
835 497
1075 974
873 573
803 234
1069 483
343 353
819 972
233 939
552 322
529 442
401 215
619 786
557 527
356 953
260 482
717 145
1086 793
759 735
936 457
12 620
1051 323
898 479
65 357
100 101
78 613
596 505
743 856
338 263
748 248
1004 544
464 307
567 995
406 171
239 221
252 494
987 47
299 274
833 784
720 508
195 554
336 782
387 714
648 55
748 871
404 14
767 952
870 743
325 371
600 608
835 971
247 580
313 680
724 278
464 798
386 847
966 349
628 598
479 199
252 426
196 83
299 920
873 256
595 734
279 221
106 339
220 184
872 920
99 327
287 941
276 509
369 968
784 476
88 970
85 175
300 188
697 617
979 165
325 935
1091 492
1089 288
588 522
7 297
955 651
541 610
926 395
764 614
553 192
314 475
123 846
1074 334
602 923
58 612
598 857
465 827
383 381
863 761
903 909
348 111
1074 37
165 797
623 459
40 31
713 363
373 887
65 722
41 302
470 61
816 170
567 559
580 443
66 372
151 767
748 289
683 926
70 142
546 320
188 126
942 116
505 685
159 855
360 848
982 864
726 784
835 280
348 422
403 598
590 827
227 849
447 416
719 204
814 606
701 125
137 579
277 701
832 45
201 165
949 353
384 486
1001 879
154 915
745 847
417 852
406 917
986 447
111 836
861 209
699 250
991 470
952 431
212 389
901 16
303 357
427 931
59 205
940 585
141 155
744 708
633 149
162 459
657 502
656 782
591 731
223 277
378 655
844 212
784 890
666 980
1045 707
1011 744
380 746
745 492
164 486
542 9
896 79
269 834
263 411
145 650
301 185
357 253
803 861
625 686
429 174
735 332
217 218
369 486
944 661
989 872
10 649
557 249
632 7
333 580
825 475
746 712
782 668
985 495
687 15
79 655
978 832
182 75
1024 902
495 101
472 960
493 596
166 277
249 309
39 121
584 951
451 423
327 463
426 311
309 280
307 75
1084 746
144 52
490 402
475 228
658 893
34 874
135 101
700 375
907 868
166 719
969 794
454 989
148 926
530 920
134 144
307 768
198 93
241 548
14 127
886 936
1018 396
231 242
494 186
399 244
211 9
48 794
271 267
610 988
604 258
198 225
329 38
1040 639
709 634
329 402
160 557
407 679
71 745
873 255
916 606
651 6
296 776
628 486
821 21
148 267
335 768
59 407
676 78
572 835
893 440
477 452
79 868
121 622
809 80
451 323
494 200
480 422
770 581
925 780
55 307
49 332
486 503
915 497
433 996
167 768
541 850
872 90
580 237
718 595
733 624
394 225
551 939
540 869
864 131
362 997
929 679
158 916
1051 605
268 264
291 106
271 981
240 998
1025 918
241 461
185 310
215 469
253 878
799 633
371 644
304 508
516 464
537 880
557 750
242 145
747 831
331 1
1059 577
848 186
1046 900
896 26
887 11
262 170
14 122
98 923
828 371
12 85
778 325
690 120
31 741
43 545
709 220
889 731
893 484
877 288
468 101
966 104
1013 683
721 665
340 717
251 273
1002 134
467 985
1071 634
56 383
1083 141
127 961
752 260
796 294
725 825
1023 735
541 522
736 135
673 678
431 341
215 252
622 971
705 138
618 692
377 690
719 45
981 89
543 217
959 707
527 237
243 636
919 450
777 389
13 787
632 706
933 565
197 988
811 99
70 185
901 382
1032 41
973 539
1050 528
760 630
144 646
982 82
992 618
186 126
770 977
1077 791
1029 954
242 417
612 435
402 509
380 342
937 350
1042 566
992 122
119 685
409 268
32 287
862 885
199 943
35 349
974 311
185 819
561 420
386 225
649 757
781 932
320 283
547 461
713 516
815 139
610 988
113 783
1001 753
703 160
418 905
603 643
243 638
1044 48
381 441
532 825
600 401
233 352
493 573
289 35
1074 825
758 152
88 409
120 175
623 576
357 379
160 111
82 990
129 145
752 444
979 967
1054 434
443 460
373 895
904 961
28 892
7 764
1034 259
144 506
50 423
158 51
644 401
337 677
809 733
287 228
211 805
539 217
583 221
444 802
169 185
829 584
320 614
28 973
28 207
608 20
143 240
877 453
52 249
391 87
967 468
23 40
755 800
597 604
517 803
189 666
439 864
382 355
696 50
724 425
600 254
838 871
1068 740
830 640
634 136
696 582
1022 320
825 794
466 636
323 117
128 351
179 130
728 88
856 738
249 511
87 627
268 787
143 681
649 872
747 552
780 61
756 450
907 626
722 736
490 143
946 593
508 358
737 71
384 342
847 538
895 227
921 610
53 608
925 927
172 541
3 871
676 928
523 896
103 567
688 974
61 231
843 123
601 558
369 457
838 661
647 164
352 751
880 906
726 625
593 212
903 807
70 362
1069 795
276 609
98 284
636 409
609 969
314 901
714 797
851 723
983 919
133 301
691 969
828 527
1018 194
905 178
890 202
933 512
67 418
1058 718
361 473
803 748
83 487
579 878
735 85
426 271
82 910
329 687
15 424
936 951
599 878
325 546
175 137
523 633
636 450
924 454
179 56
332 264
410 731
371 921
800 70
456 341
679 110
81 658
193 545
866 222
366 632
697 826
116 389
1006 653
814 99
644 873
862 838
220 137
701 258
979 942
511 502
932 318
1087 994
142 315
623 723
314 286
753 844
532 53
201 389
224 19
254 324
980 420
203 14
98 440
239 800
917 233
16 395
307 926
480 513
939 238
572 71
82 913
218 353
111 620
649 358
53 531
1050 943
953 12
935 371
854 412
1008 239
436 686
122 856
842 434
456 121
447 870
630 206
156 807
766 553
165 971
624 757
666 263
896 386
746 447
844 971
281 68
897 886
872 205
24 676
529 556
188 283
5 348
552 536
253 671
214 233
792 912
226 523
767 108
991 394
161 461
217 370
471 569
1065 372
403 378
691 6
211 414
177 8
730 870
754 97
45 875
754 172
207 28
311 894
465 805
961 415
859 154
347 912
291 637
609 854
1038 28
954 16
43 67
116 532
31 895
575 931
406 107
1090 74
685 504
769 536
455 487
1089 38
472 2
600 692
232 768
935 939
328 917
68 624
12 425
644 274
507 157
894 858
503 765
374 500
240 345
751 74
191 780
820 885
764 798
403 157
183 20
52 190
1009 874
947 756
1021 237
977 958
488 354
1091 332
458 37
517 771
999 791
28 7
370 466
929 471
791 751
697 259
864 818
5 436
620 143
46 254
205 160
225 966
247 947
462 234
261 397
160 523
981 299
331 566
685 428
730 105
633 865
436 631
233 494
44 916
628 626
477 446
304 552
900 437
438 910
871 635
473 895
760 947
747 863
1041 464
312 501
139 147
65 365
242 737
167 463
874 889
102 576
934 937
531 281
679 735
323 193
113 428
797 612
647 258
681 533
529 412
57 402
672 600
210 60
67 135
942 893
805 812
141 847
1017 362
418 620
57 306
707 9
794 762
432 511
477 843
492 951
459 419
54 226
1083 408
24 26
1057 797
104 448
1064 586
196 529
81 679
780 519
500 437
946 844
436 80
715 25
299 306
957 465
796 591
22 995
675 236
481 385
685 651
847 601
582 647
1047 517
742 196
348 692
888 781
250 321
614 580
359 280
117 727
955 281
802 279
1027 289
105 939
27 700
614 957
1065 359
796 23
182 152
380 409
1025 273
887 473
1005 702
876 611
345 212
945 789
138 940
1026 328
1019 602
135 279
1046 107
92 580
876 644
645 103
397 867
563 278
421 786
932 134
872 363
104 131
91 283
348 917
792 454
92 940
888 172
782 839
397 512
507 942
655 572
507 122
517 170
365 588
955 266
19 9
239 305
305 663
1067 416
163 86
368 873
340 108
234 748
624 582
98 781
677 184
298 951
317 805
391 341
764 213
429 557
59 969
648 107
739 8
377 639
285 839
1012 805
1052 107
670 490
46 916
1033 865
971 416
393 914
558 943
452 895
551 427
441 394
166 866
805 863
807 346
449 78
102 200
825 575
16 248
629 373
695 445
727 359
163 190
691 947
90 698
159 913
211 193
465 945
1079 221
822 50
1047 956
475 211
973 891
747 725
