
863 4129
585 485
194 94
426 326
606 506
348 248
516 416
521 421
1092 992
422 322
749 649
895 795
337 237
143 43
557 457
945 845
915 815
1055 955
546 446
352 252
522 422
109 9
891 791
1001 901
459 359
222 122
767 667
194 94
698 598
838 738
107 7
674 574
644 544
815 715
434 334
982 882
866 766
467 367
1094 994
1084 984
993 893
399 299
733 633
533 433
231 131
782 682
528 428
172 72
800 700
974 874
717 617
238 138
974 874
956 856
820 720
245 145
519 419
1095 995
894 794
629 529
296 196
299 199
1097 997
377 277
216 116
197 97
1008 908
819 719
639 539
342 242
807 707
207 107
669 569
222 122
637 537
170 70
1031 931
198 98
826 726
700 600
587 487
745 645
872 772
367 267
613 513
1072 972
181 81
995 895
1043 943
313 213
158 58
848 748
403 303
587 487
864 764
1023 923
636 536
129 29
824 724
774 674
889 789
640 540
579 479
654 554
242 142
567 467
439 339
146 46
741 641
810 710
296 196
653 553
594 494
291 191
166 66
824 724
924 824
830 730
308 208
1088 988
811 711
190 90
900 800
440 340
414 314
649 549
389 289
296 196
501 401
965 865
566 466
778 678
789 689
670 570
933 833
1036 936
325 225
822 722
344 244
751 651
949 849
223 123
213 113
531 431
479 379
608 508
461 361
685 585
165 65
953 853
586 486
742 642
786 686
1092 992
386 286
825 725
989 889
386 286
124 24
912 812
591 491
959 859
991 891
763 663
190 90
188 88
281 181
279 179
314 214
287 187
117 17
719 619
572 472
361 261
518 418
946 846
519 419
292 192
456 356
361 261
782 682
614 514
406 306
986 886
301 201
630 530
485 385
949 849
1052 952
394 294
600 500
899 799
294 194
491 391
837 737
430 330
424 324
398 298
1092 992
890 790
324 224
375 275
360 260
926 826
197 97
172 72
310 210
966 866
749 649
1051 951
1019 919
848 748
163 63
785 685
1058 958
1056 956
904 804
664 564
618 518
283 183
528 428
500 400
637 537
821 721
446 346
307 207
253 153
423 323
1071 971
711 611
762 662
216 116
297 197
209 109
191 91
895 795
629 529
443 343
226 126
962 862
847 747
785 685
569 469
110 10
870 770
981 881
1034 934
1084 984
823 723
503 403
995 895
460 360
668 568
549 449
272 172
641 541
1058 958
372 272
483 383
977 877
408 308
459 359
1070 970
807 707
683 583
408 308
148 48
870 770
1030 930
130 30
669 569
308 208
103 3
411 311
120 20
200 100
709 609
1039 939
987 887
522 422
925 825
885 785
1030 930
470 370
1004 904
1089 989
341 241
1069 969
479 379
243 143
476 376
1072 972
1062 962
128 28
989 889
161 61
543 443
738 638
316 216
448 348
438 338
447 347
260 160
166 66
506 406
491 391
259 159
738 638
131 31
395 295
304 204
926 826
520 420
296 196
253 153
549 449
525 425
955 855
431 331
243 143
665 565
587 487
938 838
240 140
109 9
664 564
1018 918
715 615
633 533
235 135
332 232
664 564
1057 957
460 360
691 591
893 793
676 576
263 163
846 746
959 859
477 377
860 760
958 858
811 711
186 86
762 662
534 434
259 159
658 558
760 660
379 279
368 268
940 840
1048 948
835 735
415 315
674 574
776 676
226 126
441 341
1012 912
789 689
839 739
994 894
921 821
806 706
725 625
590 490
1017 917
578 478
301 201
771 671
1093 993
1032 932
249 149
999 899
152 52
337 237
859 759
287 187
367 267
572 472
356 256
872 772
883 783
198 98
217 117
1006 906
616 516
1011 911
280 180
735 635
125 25
325 225
480 380
923 823
812 712
264 164
366 266
443 343
316 216
832 732
548 448
602 502
641 541
840 740
764 664
676 576
1054 954
712 612
826 726
1002 902
872 772
554 454
631 531
511 411
1043 943
1073 973
850 750
803 703
427 327
950 850
1017 917
177 77
105 5
320 220
213 113
902 802
1013 913
503 403
891 791
281 181
1098 998
110 10
959 859
625 525
445 345
1019 919
531 431
768 668
775 675
627 527
933 833
562 462
538 438
391 291
623 523
705 605
1016 916
557 457
520 420
505 405
215 115
517 417
760 660
379 279
361 261
785 685
872 772
696 596
488 388
407 307
864 764
324 224
943 843
422 322
306 206
940 840
507 407
1075 975
739 639
501 401
952 852
191 91
642 542
427 327
160 60
430 330
857 757
282 182
182 82
703 603
737 637
893 793
193 93
715 615
714 614
833 733
236 136
964 864
287 187
116 16
202 102
963 863
1072 972
1087 987
263 163
406 306
601 501
134 34
577 477
313 308
716 376
861 185
281 595
889 289
417 389
518 670
265 287
422 128
889 499
290 821
1014 524
424 367
211 478
893 230
405 69
992 71
650 497
747 391
801 598
423 810
169 368
315 897
726 908
1096 111
325 151
513 433
828 917
551 264
677 982
933 331
663 536
154 222
394 960
812 493
376 150
920 584
580 915
260 649
274 490
1075 140
864 616
830 26
957 135
775 879
381 183
103 615
950 11
937 361
368 172
213 372
1054 483
569 389
318 79
121 725
884 458
409 731
910 651
515 62
762 129
1086 699
562 917
712 6
445 841
253 554
208 735
1096 867
181 34
303 244
162 590
469 793
1031 771
254 156
164 564
1071 4
574 764
1079 423
893 333
803 43
719 475
521 555
201 762
445 189
373 856
1050 991
176 722
840 280
506 961
623 45
549 892
788 624
261 676
108 474
141 614
998 645
574 110
171 222
478 636
390 939
893 541
1065 438
197 923
197 252
543 229
747 822
232 912
258 217
333 576
901 310
298 539
404 414
817 173
613 936
955 496
436 449
285 987
156 271
515 185
741 759
1031 978
388 916
978 713
332 715
945 87
755 749
450 542
358 696
1020 480
895 736
198 871
909 425
705 487
855 610
624 959
491 585
161 784
823 921
456 762
298 543
925 987
692 300
418 92
328 911
383 845
966 407
609 612
582 817
645 988
1053 331
383 720
1023 630
427 762
1088 758
180 596
622 605
444 790
157 557
113 205
879 663
848 874
531 995
925 596
637 914
633 545
483 431
886 823
369 719
138 576
393 630
856 481
433 131
653 984
500 740
980 443
1022 974
345 888
541 199
1018 717
657 132
300 980
890 942
497 161
280 690
404 783
672 337
491 89
962 868
521 921
833 974
931 730
499 357
818 859
363 789
640 621
211 765
581 248
140 909
713 187
397 535
831 508
776 457
1042 771
914 108
141 170
918 189
498 375
619 139
663 766
1007 543
744 902
1006 989
132 20
769 317
868 852
777 122
688 746
501 150
142 32
446 964
801 730
472 879
1013 766
1014 488
261 901
519 413
887 807
758 627
465 756
680 984
266 726
629 142
1078 280
241 784
943 148
254 392
423 268
939 689
846 634
167 663
204 837
861 722
767 960
961 47
367 527
551 24
330 475
856 576
532 715
784 553
687 724
840 961
402 25
107 386
784 37
377 275
485 276
227 726
642 617
592 510
1004 853
1087 765
1011 494
483 499
236 129
715 979
971 507
340 271
949 686
574 376
283 728
429 327
978 218
453 110
570 313
939 606
356 546
634 611
641 959
811 303
753 969
901 653
651 973
144 699
781 929
445 177
157 458
320 631
1082 835
863 474
951 821
582 953
1086 396
1031 342
634 877
342 969
159 283
668 443
669 585
174 334
631 884
162 274
466 775
531 73
722 584
516 139
678 575
650 823
435 364
505 547
959 763
480 862
705 896
165 888
414 302
807 424
451 321
856 68
643 984
870 809
269 562
106 898
528 986
116 716
229 428
250 722
815 629
300 676
984 102
210 732
131 122
866 293
118 510
943 493
492 909
1046 355
725 621
1035 334
804 979
400 651
480 250
116 515
579 451
777 749
256 826
358 852
469 649
309 865
834 193
269 47
749 890
512 774
637 223
338 919
483 784
520 180
651 510
772 672
298 443
489 955
227 39
417 695
506 99
976 764
316 176
596 910
154 576
310 593
214 306
1023 958
981 277
355 276
438 94
154 938
754 75
479 371
355 31
270 644
1083 839
591 149
950 997
538 394
488 17
1002 581
963 582
994 60
843 847
115 568
110 537
984 42
981 806
783 650
1016 847
921 177
542 583
752 967
669 350
874 34
947 126
1011 79
163 830
464 226
754 242
855 138
971 267
144 141
1019 902
806 143
361 533
681 202
441 627
119 830
245 672
1081 753
232 679
579 534
727 642
381 407
500 769
741 802
288 653
1045 628
285 6
640 767
523 473
870 162
130 858
1009 610
1046 224
785 129
533 173
937 146
193 508
1087 339
275 169
106 406
924 945
1040 557
535 807
315 514
560 404
1023 508
694 725
253 654
434 332
320 775
756 766
354 590
1089 475
299 300
926 482
399 267
228 108
622 471
694 268
433 561
514 371
221 202
746 71
469 224
556 429
468 236
600 429
374 777
317 492
422 284
882 334
1031 242
1092 377
854 916
412 293
107 612
1042 57
861 830
334 927
797 787
682 918
975 5
982 509
404 239
492 794
114 290
243 490
227 816
1002 597
238 576
968 974
1051 12
999 373
952 695
558 829
995 102
1062 359
612 730
297 698
520 582
634 609
412 234
590 382
570 845
370 405
808 58
698 815
264 4
357 910
570 24
1019 310
951 679
189 963
622 239
988 612
481 939
514 199
858 120
592 922
423 130
657 62
786 872
274 886
184 281
647 40
1025 610
131 24
375 636
619 712
1015 167
768 74
862 70
284 460
444 379
778 857
248 38
143 498
398 833
129 446
790 405
248 948
988 378
907 572
1085 951
407 529
541 937
968 266
401 877
819 246
561 614
496 89
120 285
220 164
669 472
822 53
526 565
869 472
291 634
1011 799
106 465
183 751
881 26
708 203
268 760
151 101
663 240
225 924
1078 901
720 801
821 647
572 190
1074 341
287 439
318 384
728 145
796 737
476 78
199 710
103 763
346 933
1017 308
901 459
950 302
208 142
1033 400
573 923
839 514
577 952
256 221
400 193
187 308
702 129
334 313
947 41
188 118
1004 377
980 872
475 377
787 796
487 221
451 339
686 846
301 800
328 767
245 698
163 133
1081 603
364 547
814 283
218 397
326 293
105 746
354 858
303 465
758 13
440 956
119 880
222 576
897 260
538 487
553 512
784 761
329 228
1038 594
196 806
751 753
1096 400
448 488
656 876
856 558
719 422
541 907
206 556
253 593
382 719
668 150
1074 621
116 635
1035 185
155 62
639 813
1069 378
807 188
693 450
890 291
669 760
743 323
1013 675
601 345
462 623
830 465
1039 465
1004 141
395 147
282 618
575 795
545 480
577 521
297 444
725 986
730 650
876 171
720 781
435 60
378 857
311 220
1025 619
776 493
771 386
788 383
382 904
943 308
595 700
719 220
854 114
434 237
1062 458
390 984
939 301
669 60
517 524
832 971
1006 485
510 889
642 619
193 837
694 96
543 735
517 712
889 25
511 26
258 583
518 13
335 490
271 545
508 152
595 195
985 997
153 306
364 981
439 537
320 294
933 468
749 121
300 902
1029 321
504 367
988 815
999 522
370 423
109 929
806 287
824 974
680 598
996 671
942 685
145 899
694 133
474 879
646 13
677 791
210 831
141 827
234 674
441 924
1051 784
221 220
613 363
636 868
336 469
919 351
533 333
687 929
431 372
139 694
510 263
476 334
852 281
543 381
1020 83
809 454
910 725
272 157
137 524
1037 859
587 161
716 311
636 60
118 607
871 943
191 194
1017 351
267 478
526 875
401 485
1053 339
887 980
841 178
447 420
937 568
370 127
599 113
128 703
931 79
653 376
554 463
436 673
632 378
389 122
286 675
863 916
168 83
399 808
624 5
566 31
590 373
444 750
962 798
559 762
998 951
670 546
1026 786
757 218
365 35
992 30
157 909
200 405
778 739
512 968
1091 430
116 15
112 215
618 458
969 270
498 260
1094 234
315 786
479 387
864 718
1005 856
377 151
462 783
443 96
462 397
716 366
364 220
400 449
1061 433
473 371
377 140
680 355
131 957
422 703
367 198
600 344
884 66
329 545
826 591
456 83
245 706
898 26
824 881
272 558
342 671
657 107
749 617
789 752
488 6
1055 98
550 973
327 397
403 695
965 108
171 612
782 460
821 603
1034 796
732 660
622 969
552 372
901 782
694 126
842 295
1033 979
716 895
649 738
464 774
1001 893
194 307
915 967
550 56
634 816
500 881
361 365
1087 363
327 115
1019 629
836 47
103 824
200 115
524 170
634 274
596 91
397 394
253 189
968 812
341 94
651 512
