981 4891
585 485
194 94
426 326
606 506
348 248
516 416
521 421
1092 992
422 322
749 649
895 795
337 237
143 43
557 457
945 845
915 815
1055 955
546 446
352 252
522 422
109 9
891 791
1001 901
459 359
222 122
767 667
194 94
698 598
838 738
107 7
674 574
644 544
815 715
434 334
982 882
866 766
467 367
1094 994
1084 984
993 893
399 299
733 633
533 433
231 131
782 682
528 428
172 72
800 700
974 874
717 617
238 138
974 874
956 856
820 720
245 145
519 419
1095 995
894 794
629 529
296 196
299 199
1097 997
377 277
216 116
197 97
1008 908
819 719
639 539
342 242
807 707
207 107
669 569
222 122
637 537
170 70
1031 931
198 98
826 726
700 600
587 487
745 645
872 772
367 267
613 513
1072 972
181 81
995 895
1043 943
313 213
158 58
848 748
403 303
587 487
864 764
1023 923
636 536
129 29
824 724
774 674
889 789
640 540
579 479
654 554
242 142
567 467
439 339
146 46
741 641
810 710
296 196
653 553
594 494
291 191
166 66
824 724
924 824
830 730
308 208
1088 988
811 711
190 90
900 800
440 340
414 314
649 549
389 289
296 196
501 401
965 865
566 466
778 678
789 689
670 570
933 833
1036 936
325 225
822 722
344 244
751 651
949 849
223 123
213 113
531 431
479 379
608 508
461 361
685 585
165 65
953 853
586 486
742 642
786 686
1092 992
386 286
825 725
989 889
386 286
124 24
912 812
591 491
959 859
991 891
763 663
190 90
188 88
281 181
279 179
314 214
287 187
117 17
719 619
572 472
361 261
518 418
946 846
519 419
292 192
456 356
361 261
782 682
614 514
406 306
986 886
301 201
630 530
485 385
949 849
1052 952
394 294
600 500
899 799
294 194
491 391
837 737
430 330
424 324
398 298
1092 992
890 790
324 224
757 880
1051 637
402 428
1010 78
310 372
537 982
436 630
397 951
756 755
1082 699
311 272
872 394
628 793
562 271
961 484
524 206
129 451
137 207
505 347
979 913
713 402
902 768
378 490
740 511
407 312
606 681
587 254
504 832
888 737
915 349
658 755
814 843
393 316
1071 240
254 177
381 649
621 314
326 739
1031 609
331 933
571 139
956 287
816 997
556 523
276 600
958 761
234 97
715 599
868 489
765 134
842 177
782 281
992 321
279 953
891 23
214 705
504 746
245 626
1078 246
935 733
134 346
342 803
422 860
685 757
631 631
122 919
223 221
674 941
717 767
674 142
963 309
961 586
202 820
407 250
677 80
423 737
635 112
1087 945
522 885
562 788
623 676
1044 253
591 922
1095 84
959 175
888 125
888 431
990 980
141 989
833 366
523 972
670 196
859 873
952 652
693 969
801 53
402 831
199 160
947 657
899 160
862 299
1085 467
1002 88
199 313
836 379
314 670
565 356
128 181
595 141
874 241
669 667
341 107
802 514
262 314
437 901
202 994
579 444
850 403
298 490
856 951
1038 835
1027 22
250 71
459 372
244 668
1050 499
668 190
927 868
717 574
703 518
612 261
1096 637
973 358
284 937
317 884
938 563
247 287
602 798
675 599
1047 509
241 857
621 304
319 538
417 197
227 480
581 180
170 308
697 509
947 606
505 749
617 678
810 438
384 844
630 362
397 188
530 30
772 954
753 498
1039 842
617 170
923 934
746 919
858 479
125 349
355 535
696 364
365 52
630 455
873 802
335 795
268 955
877 562
862 495
135 770
487 955
463 46
359 28
641 241
767 455
959 672
469 676
339 490
311 208
705 817
650 24
502 581
1065 185
493 706
770 604
253 462
666 460
663 547
470 720
270 546
489 677
312 853
622 764
714 844
271 515
500 742
284 293
670 977
434 870
268 828
178 444
888 519
461 117
926 654
355 601
270 291
249 783
811 973
720 568
777 756
952 772
947 859
675 669
1046 422
968 992
887 318
112 314
972 43
639 620
216 454
1006 670
1047 16
690 905
111 760
505 415
215 337
466 101
568 661
305 780
800 924
334 320
430 438
356 460
152 110
144 828
905 145
286 436
211 496
421 309
1010 494
594 14
1048 400
715 565
991 656
683 723
311 195
1019 915
416 378
1070 754
189 778
817 633
405 287
470 345
999 739
177 890
245 301
626 564
171 450
299 348
342 919
715 934
876 953
211 825
423 729
947 981
1058 157
915 121
129 776
352 323
1088 585
134 772
631 409
184 366
1000 720
972 589
203 887
761 149
329 621
307 983
615 158
847 765
929 79
691 905
751 626
725 782
933 582
629 75
793 177
276 18
216 746
1086 28
948 383
1055 149
433 714
443 585
194 581
1018 59
805 984
234 444
883 436
823 648
127 20
758 702
390 197
800 239
852 537
462 56
881 645
552 179
658 287
863 63
1059 666
528 261
1066 51
781 821
717 87
513 627
395 528
381 74
871 814
489 120
287 142
509 161
1007 584
919 911
387 236
623 388
281 677
979 804
224 469
899 535
528 271
255 946
512 437
941 100
419 828
981 666
824 768
357 665
504 84
998 694
314 723
879 150
433 669
1031 409
1054 287
693 286
772 705
978 878
550 819
1025 944
691 715
979 540
713 22
882 449
358 409
296 303
448 215
168 625
1055 522
424 879
333 464
159 833
1069 476
199 563
600 95
794 775
384 949
197 851
981 134
907 456
1029 924
925 486
688 890
702 135
1090 779
316 997
1020 186
756 812
121 118
810 473
885 904
810 919
903 41
871 77
524 246
171 434
743 956
919 177
544 144
958 474
654 563
228 96
1033 151
563 839
692 855
552 896
681 537
225 273
544 791
362 995
1059 950
588 995
962 551
993 26
679 953
313 31
680 813
812 435
121 588
336 561
385 133
429 301
729 428
749 166
219 92
747 756
501 186
549 11
403 579
1054 56
610 761
219 287
242 79
388 884
439 209
923 76
809 754
383 934
1086 97
618 630
122 446
940 49
254 934
370 629
373 733
1035 768
1078 85
127 388
972 639
557 875
715 989
715 39
1055 577
999 65
258 823
762 979
476 205
307 25
1014 325
940 154
937 956
1097 75
137 637
153 349
632 722
858 414
464 762
172 942
705 292
237 418
906 191
703 191
678 36
913 206
826 674
524 771
328 950
849 441
264 294
1010 935
497 808
240 615
162 584
176 845
658 716
531 582
558 872
580 475
269 331
659 256
300 633
679 224
544 387
283 298
274 847
485 959
1000 464
686 515
110 199
905 424
129 799
455 919
654 354
976 388
353 316
119 78
560 823
1039 361
169 873
769 510
302 988
604 582
626 664
388 378
886 140
512 112
854 790
378 749
360 45
1075 156
934 629
254 447
238 842
578 145
1010 840
487 985
348 158
152 836
142 362
674 622
132 371
798 113
491 240
340 25
1038 502
411 383
676 981
1044 125
833 553
905 462
569 569
835 295
834 481
957 947
866 28
297 793
678 881
126 261
933 318
275 14
325 424
1044 371
728 712
340 271
451 237
892 188
661 899
889 709
797 89
147 934
119 970
902 398
214 824
1057 526
1044 705
986 601
1094 59
729 111
167 713
938 92
184 805
547 715
667 739
993 241
666 172
1021 372
611 622
724 43
203 373
205 134
1007 964
1041 709
722 65
1072 950
267 425
252 243
444 464
1083 728
443 26
903 832
790 642
258 433
189 356
370 556
211 472
479 823
352 165
273 482
882 307
746 969
909 847
250 845
269 814
270 818
879 685
988 825
378 86
829 453
252 73
385 260
406 945
224 896
474 135
286 315
679 134
896 851
925 292
1025 895
324 477
697 315
556 835
289 36
1096 92
601 518
410 800
506 89
956 133
572 721
932 398
216 374
992 618
1020 244
917 879
548 11
125 719
446 642
294 268
896 302
363 449
945 323
938 518
697 455
382 346
412 702
188 298
773 675
582 661
1023 882
554 682
779 736
592 293
353 631
655 740
1090 621
134 251
154 509
396 377
648 486
253 135
493 113
810 30
980 126
843 189
294 384
482 757
637 312
927 740
954 964
799 115
677 163
470 595
144 16
469 769
1036 469
684 951
1010 142
522 615
366 859
990 361
261 517
1015 902
195 897
557 575
171 819
658 731
961 830
948 728
1032 491
868 313
322 496
999 411
745 46
916 237
363 320
534 582
698 216
886 690
863 511
139 548
483 878
326 30
292 727
785 467
585 562
408 329
441 606
908 886
703 743
647 387
339 191
524 636
506 533
1052 578
1023 22
839 510
878 795
906 642
546 329
608 147
1001 502
606 450
302 717
305 893
833 515
131 851
496 405
606 148
306 574
359 418
325 286
363 204
612 540
447 149
601 660
336 677
917 314
516 682
852 13
995 835
272 493
354 946
710 552
356 738
517 706
208 497
281 870
579 814
751 952
863 451
823 43
879 382
849 427
245 983
566 949
1018 264
915 830
837 111
902 68
651 953
690 780
374 786
811 717
980 8
596 237
881 88
953 424
472 856
548 215
1063 845
254 934
120 811
311 422
383 665
714 677
1039 175
714 496
352 639
247 504
817 683
592 361
389 336
1041 308
415 266
900 83
194 84
1028 510
943 309
1059 122
261 385
275 297
789 661
850 829
952 486
825 371
239 486
658 728
686 65
1067 104
1096 327
848 838
914 258
168 288
509 747
519 66
832 176
856 975
936 707
738 409
254 114
1080 693
894 367
435 333
453 38
742 123
1066 690
273 153
937 910
379 49
300 120
394 676
283 437
739 262
186 687
385 493
973 794
592 732
1038 372
997 98
351 633
361 731
314 839
687 620
937 184
537 314
429 840
583 741
675 313
286 266
966 195
199 473
878 187
523 22
492 946
195 917
234 109
582 688
366 750
887 157
488 96
795 229
817 123
499 565
411 314
925 636
779 596
631 385
151 799
926 785
402 172
175 747
634 11
605 983
542 775
943 698
922 798
360 828
1042 173
460 414
573 219
788 128
182 159
639 825
225 46
259 32
246 477
329 675
254 971
358 113
634 988
242 71
305 429
188 792
906 470
300 93
714 233
602 600
275 476
702 488
283 104
607 249
608 719
827 78
1082 112
834 139
735 784
846 694
507 640
130 80
945 144
617 431
664 151
355 512
792 76
280 519
839 145
937 847
549 786
989 331
408 862
294 868
290 995
449 457
226 396
614 873
853 680
668 454
787 598
626 39
444 803
1015 315
337 658
141 296
498 177
193 824
387 360
398 782
197 244
231 419
642 582
405 593
604 117
130 532
387 522
303 92
905 689
525 55
184 17
803 408
944 263
380 727
755 587
138 623
210 299
390 320
660 768
442 937
1060 44
459 202
866 98
537 835
743 288
405 69
454 163
256 421
980 674
174 535
566 29
657 187
1075 585
879 990
822 98
1069 57
148 118
931 766
818 935
699 16
645 571
494 480
877 991
118 566
368 931
931 109
641 677
148 934
854 901
628 619
489 341
547 381
295 149
150 171
726 676
1084 862
372 159
784 572
895 459
959 121
