
1071 4224
94 485
506 326
416 248
992 421
649 322
237 795
457 43
815 845
446 955
422 252
791 9
359 901
667 122
598 94
7 738
544 574
334 715
766 882
994 367
893 984
633 299
131 433
428 682
700 72
617 874
874 138
720 856
419 145
794 995
196 529
997 199
116 277
908 97
539 719
707 242
569 107
537 122
931 70
726 98
487 600
772 645
513 267
81 972
943 895
58 213
303 748
764 487
536 923
724 29
789 674
479 540
142 554
339 467
641 46
196 710
494 553
66 191
824 724
208 730
711 988
800 90
314 340
289 549
401 196
466 865
689 678
833 570
225 936
244 722
849 651
113 123
379 431
361 508
65 585
486 853
686 642
286 992
889 725
24 286
491 812
891 859
90 663
181 88
214 179
17 187
472 619
418 261
419 846
356 192
682 261
306 514
201 886
385 530
952 849
500 294
194 799
737 391
324 330
992 298
224 790
260 275
97 826
210 72
649 866
919 951
63 748
958 685
804 956
518 564
428 183
537 400
346 721
153 207
971 323
662 611
197 116
91 109
529 795
126 343
747 862
469 685
770 10
934 881
723 984
895 403
568 360
172 449
958 541
383 272
308 877
970 359
583 707
48 308
930 770
569 30
3 208
20 311
609 100
887 939
825 422
930 785
904 370
241 989
379 969
376 143
962 972
889 28
443 61
216 638
338 348
160 347
406 66
159 391
31 638
204 295
420 826
153 196
425 449
331 855
565 143
838 487
9 140
918 564
533 615
232 135
957 564
591 360
576 793
746 163
377 859
858 760
86 711
434 662
558 159
279 660
840 268
735 948
574 315
126 676
912 341
739 689
821 894
625 706
917 490
201 478
993 671
149 932
52 899
759 237
267 187
256 472
783 772
117 98
516 906
180 911
25 635
380 225
712 823
266 164
216 343
448 732
541 502
664 740
954 576
726 612
772 902
531 454
943 411
750 973
327 703
917 850
5 77
113 220
913 802
791 403
998 181
859 10
345 525
431 919
675 668
833 527
438 462
523 291
916 605
420 457
115 405
660 417
261 279
772 685
388 596
764 307
843 224
206 322
407 840
639 975
852 401
542 91
60 327
757 330
82 182
637 603
93 793
614 615
136 733
187 864
102 16
972 863
163 987
501 306
477 34
492 840
121 700
80 706
138 787
660 105
229 834
827 798
448 310
230 609
832 690
489 561
586 579
291 60
665 388
660 309
702 407
153 200
606 313
123 970
253 33
709 273
832 277
108 997
888 40
481 227
283 860
858 940
284 608
711 990
850 590
239 806
943 52
195 801
95 764
410 710
664 386
900 593
112 50
963 494
754 156
458 936
19 965
225 86
569 723
97 184
194 868
754 340
602 412
61 487
695 209
347 346
719 860
100 307
97 95
843 821
745 941
286 821
492 587
116 201
531 665
424 527
253 812
426 424
413 459
980 343
291 836
833 506
486 179
9 916
575 430
922 596
145 808
897 269
404 512
742 811
728 685
269 567
103 776
745 855
35 718
779 853
71 97
80 146
842 746
128 15
941 965
227 512
30 480
342 958
605 665
531 191
364 964
359 515
867 606
820 822
313 536
207 693
911 19
308 335
430 101
685 922
641 294
113 910
141 410
690 250
700 546
559 729
481 609
503 720
766 976
7 759
882 798
859 74
182 648
425 299
542 785
683 846
853 390
938 897
89 416
624 837
181 247
878 293
933 144
580 938
252 467
207 480
658 955
20 665
954 26
347 564
759 449
446 26
14 521
657 301
710 321
980 613
188 388
636 879
203 990
432 188
129 963
630 820
509 300
237 822
373 255
838 277
395 153
692 400
103 227
218 518
384 447
931 315
396 813
389 324
640 502
287 299
297 780
977 376
512 516
219 212
555 329
398 810
289 486
798 485
598 416
49 952
572 894
697 358
770 21
725 647
542 44
214 683
887 361
45 814
94 231
282 8
82 165
319 496
626 699
146 852
541 459
874 535
725 314
777 944
554 306
208 459
787 637
976 447
912 408
444 107
3 962
301 565
164 407
437 857
652 317
764 98
41 818
737 600
176 288
136 902
128 567
394 190
235 749
42 908
824 276
684 748
979 592
568 393
367 363
52 163
642 983
335 179
126 16
130 478
583 259
129 868
752 295
167 596
856 71
640 622
770 864
431 644
195 5
448 365
701 429
952 64
880 854
168 770
79 88
961 157
472 368
217 421
709 719
147 271
296 975
909 816
764 962
251 535
878 438
753 696
570 881
253 318
666 45
931 52
433 496
810 313
678 138
123 334
212 988
66 508
206 770
750 751
64 780
466 441
337 207
510 516
796 674
175 408
437 920
938 573
848 634
561 878
718 990
948 826
649 696
569 800
663 411
582 422
843 707
202 334
702 986
579 494
725 150
803 562
340 380
156 832
832 979
602 376
234 511
688 414
184 160
978 982
413 238
633 490
585 899
606 251
963 526
350 897
242 39
539 657
739 452
267 538
165 831
177 460
720 185
802 934
644 440
82 490
798 168
197 71
173 977
81 458
235 204
112 803
103 139
268 399
879 420
643 991
106 578
122 972
444 177
262 398
691 348
997 496
446 276
171 825
549 614
281 121
211 730
112 341
408 284
730 698
363 17
89 546
605 672
938 974
168 866
705 377
47 559
400 340
215 527
114 779
51 761
881 483
549 92
679 390
328 583
250 661
203 391
481 336
752 661
707 125
82 89
63 275
660 359
21 178
287 780
219 42
500 5
820 380
95 772
44 816
748 9
678 484
276 545
478 589
663 157
594 901
757 777
947 74
448 247
570 55
313 479
981 785
795 958
552 680
389 393
280 944
864 596
636 619
512 611
892 852
184 283
947 299
614 766
625 312
149 826
377 726
474 733
18 805
662 679
416 403
1 964
530 337
752 541
22 478
981 369
777 946
957 821
275 833
584 837
582 490
121 37
951 594
668 129
118 258
319 246
896 362
521 755
948 504
248 71
474 177
351 176
54 803
155 237
660 677
871 33
486 115
294 597
425 769
245 536
382 956
371 341
708 184
544 234
794 569
387 216
738 537
520 84
281 810
502 657
91 33
503 159
924 520
16 668
33 287
344 229
349 374
606 474
896 672
595 915
441 511
102 123
52 569
654 199
710 396
434 715
245 59
36 610
661 917
413 927
13 270
370 117
400 516
195 215
984 216
476 237
164 615
405 499
674 477
196 760
608 285
907 56
532 966
51 622
716 221
327 194
880 91
710 347
267 252
400 473
376 516
609 385
320 357
196 958
538 665
935 792
404 64
100 420
126 671
855 968
94 877
731 177
253 523
8 139
393 152
543 732
348 246
318 565
489 740
22 902
998 17
49 973
381 298
10 611
429 32
221 11
150 337
717 136
530 889
332 522
942 805
565 28
216 931
61 757
170 609
872 544
644 905
208 595
680 246
697 113
639 175
679 156
961 244
361 883
802 265
359 883
839 462
718 485
280 272
252 204
280 984
102 409
615 398
296 909
481 370
956 882
230 214
259 766
922 35
706 421
272 271
156 370
552 848
485 50
536 976
70 270
902 796
452 963
35 379
947 991
378 551
57 897
352 307
669 421
702 74
141 388
458 559
463 980
756 615
887 681
332 231
528 207
656 818
254 331
787 979
495 445
370 348
10 724
200 401
327 646
17 668
374 242
755 302
980 861
376 830
8 77
32 441
460 589
804 990
23 189
869 868
943 996
715 363
628 237
73 420
199 565
38 214
209 333
327 726
912 175
799 58
372 625
976 66
120 169
667 475
188 204
28 90
704 496
649 1
746 474
697 449
712 252
289 332
625 287
953 189
462 889
302 63
79 378
41 206
823 897
908 230
665 382
36 575
732 60
809 529
66 477
291 290
591 89
583 961
252 461
479 702
530 532
224 680
788 53
309 642
366 1000
352 891
402 822
545 152
113 324
967 633
454 267
723 381
14 272
20 506
308 419
644 461
713 526
482 978
336 468
289 729
496 795
326 581
530 383
167 226
522 421
830 386
91 273
116 484
747 676
395 107
958 229
756 902
262 962
703 105
511 84
481 991
449 701
888 689
599 655
306 600
492 538
803 499
445 881
316 981
889 473
785 383
765 679
491 573
589 589
124 480
741 145
898 624
725 923
682 915
131 232
398 974
906 735
753 678
312 640
790 644
301 212
945 123
447 253
197 943
27 18
573 916
589 327
934 640
209 615
529 470
899 655
15 288
592 401
92 840
575 633
814 707
354 424
127 682
374 194
566 855
594 190
973 728
645 178
603 275
712 88
32 367
298 544
561 738
906 963
626 460
143 266
504 727
836 33
361 442
431 628
554 384
24 244
416 482
735 765
243 446
454 247
932 913
494 560
648 528
357 594
596 935
788 462
536 621
759 660
200 564
566 302
741 936
217 592
219 724
832 118
819 299
487 251
473 129
241 96
64 167
516 169
857 381
218 976
490 767
504 837
707 407
342 203
475 387
175 735
786 706
171 335
232 40
888 821
866 131
976 159
253 978
619 53
642 849
460 478
218 19
218 230
667 453
949 336
89 931
488 588
568 449
526 566
836 131
830 387
111 472
232 633
457 851
895 706
983 897
259 179
218 379
9 593
522 164
185 344
613 458
10 474
594 856
321 879
163 885
15 19
789 733
935 208
319 793
655 583
8 944
558 824
717 955
431 532
78 445
563 711
307 540
922 96
409 191
650 240
195 19
149 763
11 442
810 596
764 409
245 420
42 378
501 720
18 157
129 993
197 757
471 96
687 561
681 310
554 546
418 249
794 96
879 354
14 541
98 104
25 595
796 409
111 705
684 373
299 744
137 334
856 78
857 722
944 222
157 601
410 185
22 257
514 47
907 512
90 430
296 338
980 757
383 961
531 805
756 727
692 182
119 488
159 86
391 860
226 562
583 201
88 699
918 12
332 987
523 93
590 235
666 853
211 893
119 900
334 808
286 806
561 492
411 667
419 142
856 894
811 307
395 876
570 366
328 64
321 443
645 288
472 503
821 835
146 686
881 74
50 11
63 697
162 86
759 114
179 540
799 349
82 77
534 310
733 778
621 399
54 838
332 381
620 247
404 885
834 668
878 636
553 882
770 983
60 987
97 754
715 337
985 144
232 172
368 723
730 456
958 73
896 486
256 860
132 503
76 976
333 185
985 872
225 78
572 432
781 687
7 520
955 142
958 995
770 130
591 549
415 539
292 263
303 149
304 534
747 141
27 4
539 523
589 978
156 656
460 775
10 572
664 95
996 894
720 491
530 204
800 579
763 493
647 127
816 814
816 761
886 512
944 270
206 839
951 949
432 774
380 920
382 939
376 506
669 924
657 719
919 804
82 819
937 386
112 21
357 181
72 790
250 703
687 690
796 233
24 571
419 238
567 798
839 309
691 434
584 791
476 738
674 419
910 825
105 418
287 655
587 691
804 758
217 744
981 6
101 28
629 506
726 671
803 839
708 527
17 838
650 541
572 387
32 896
467 7
350 60
588 52
274 144
95 725
234 604
434 856
438 379
70 111
671 489
608 355
61 122
366 570
89 684
908 953
994 1000
618 375
783 886
195 139
180 588
773 206
382 152
332 787
735 656
118 198
755 432
300 862
598 158
51 360
87 252
142 445
497 734
389 557
468 211
704 256
286 1000
617 453
969 595
376 980
678 289
395 418
514 190
898 535
752 290
956 133
442 548
40 643
846 350
171 290
840 598
234 720
535 871
468 30
970 33
594 773
916 108
697 988
526 558
286 998
227 772
156 440
413 69
308 641
498 479
6 76
604 512
574 608
429 770
356 521
957 969
751 476
985 846
467 139
687 130
721 23
746 879
266 226
486 406
874 867
311 643
517 330
971 434
75 768
581 144
587 985
856 410
46 982
252 879
267 377
604 32
81 741
401 343
585 278
243 540
758 856
845 73
597 448
247 180
326 401
600 8
334 381
253 502
78 610
652 814
677 851
359 902
964 553
516 479
55 402
674 345
560 135
537 76
122 845
935 148
543 921
622 126
199 695
759 992
907 691
85 819
646 79
761 540
558 783
974 288
932 330
938 91
187 357
346 437
162 781
460 227
226 245
169 539
411 224
953 24
558 69
945 142
125 871
976 362
306 955
866 644
215 166
401 581
283 451
117 611
768 147
480 52
32 599
583 128
718 325
333 573
201 594
687 659
175 625
55 281
880 271
46 57
343 468
80 653
570 632
200 354
25 814
685 475
990 727
788 104
741 650
593 212
802 573
45 112
429 252
653 606
70 799
310 231
930 961
441 322
939 540
186 188
924 591
160 646
971 636
632 912
302 526
684 811
896 616
687 947
16 950
94 638
564 137
145 344
333 673
501 186
554 164
387 298
420 585
303 917
906 326
441 242
554 667
487 781
360 801
782 335
87 963
270 706
754 270
141 405
710 334
101 521
108 912
421 872
247 432
444 590
795 42
823 14
797 348
485 804
824 689
768 223
984 688
823 172
822 120
220 16
419 106
332 748
917 669
963 876
762 867
77 255
264 668
410 963
962 713
216 43
346 868
862 740
172 763
846 708
529 771
828 931
799 33
627 900
420 79
106 514
997 600
947 907
313 187
914 924
490 32
554 73
542 639
775 76
503 419
519 802
946 499
978 314
282 281
634 874
150 372
282 702
1 970
94 373
677 611
709 211
366 76
467 813
516 989
20 833
988 228
942 483
232 781
598 984
834 33
387 367
95 203
909 435
16 721
421 956
489 653
678 880
568 872
32 162
707 29
767 959
119 553
78 74
697 723
349 877
336 431
120 195
899 847
751 949
640 809
928 615
609 574
350 525
5 674
483 82
684 509
287 211
248 144
479 256
78 605
751 904
976 304
471 96
94 805
492 443
664 566
513 657
123 490
132 678
974 815
243 95
100 130
478 931
355 561
355 228
24 660
471 312
851 730
440 187
491 152
975 10
135 848
382 967
960 439
371 622
744 2
726 160
399 222
763 408
792 613
286 704
206 488
181 348
401 864
162 839
851 994
54 945
551 482
733 641
981 570
407 122
2 33
247 798
517 810
830 845
505 932
623 473
777 685
268 890
510 107
72 59
228 59
550 472
679 450
713 391
850 246
416 605
569 326
695 928
905 814
620 915
483 398
974 491
145 897
777 908
159 308
435 887
475 486
812 343
594 192
213 151
113 171
461 799
149 615
794 990
413 648
461 932
50 481
445 305
355 161
920 528
50 482
204 930
385 705
931 179
898 21
241 27
222 528
149 322
107 204
143 544
244 995
103 359
871 885
264 481
187 376
489 936
503 273
396 414
441 708
805 284
152 22
706 433
730 265
259 777
676 630
515 694
853 475
528 726
172 221
714 291
413 46
13 61
688 115
804 393
413 285
187 575
637 223
158 885
533 307
762 106
632 824
60 380
124 120
787 557
44 947
80 725
628 154
901 291
142 652
59 95
347 704
326 453
746 482
899 604
233 467
957 719
664 175
549 442
266 392
113 230
782 15
841 509
308 714
755 976
491 389
268 170
632 433
942 497
486 776
773 621
413 175
850 575
395 126
512 903
597 523
320 364
417 545
564 123
432 190
969 505
856 339
970 974
549 593
601 237
759 773
132 565
633 727
256 803
171 125
938 63
788 824
242 736
692 325
280 661
656 113
205 306
923 559
634 28
514 453
499 217
40 962
987 153
864 707
752 455
725 831
171 659
699 831
115 197
627 10
183 76
989 88
159 144
447 134
982 502
599 220
295 822
884 792
611 828
177 464
468 889
115 10
589 481
641 303
682 365
629 160
75 941
549 95
936 878
785 435
684 759
816 47
444 799
936 86
714 712
545 109
92 198
559 99
436 52
726 417
866 24
487 752
337 641
605 607
908 127
421 57
681 174
370 567
609 282
823 427
956 250
322 567
769 567
388 717
729 523
739 793
466 902
975 898
510 409
206 711
124 647
428 436
72 273
148 215
537 272
883 473
393 612
670 132
68 468
867 499
226 931
272 771
829 677
512 663
915 183
347 124
173 744
678 727
184 395
726 907
845 766
429 513
465 367
822 137
585 629
697 959
866 539
446 887
297 267
97 201
408 597
206 748
120 67
882 350
812 794
4 560
981 231
418 752
863 173
255 457
375 425
207 660
828 727
595 792
590 818
465 165
287 206
843 949
297 719
676 266
141 114
466 532
163 566
720 207
604 898
875 434
850 827
219 853
73 877
181 280
601 772
654 446
211 653
714 19
216 718
570 372
770 806
990 795
126 410
313 626
162 463
438 672
356 306
783 988
934 989
957 980
772 478
610 172
598 508
748 457
344 911
419 835
580 159
352 374
819 567
850 626
277 490
918 597
62 452
571 911
695 433
285 877
225 689
239 337
445 174
909 73
941 432
855 356
823 166
988 580
883 705
593 932
600 577
370 323
189 796
158 145
437 342
852 942
225 696
923 734
437 989
602 257
34 751
449 731
426 301
629 132
490 148
23 545
604 203
949 536
276 26
918 368
929 602
992 657
335 336
993 388
957 226
763 884
779 301
869 231
575 1000
535 192
393 268
623 689
891 588
121 73
737 671
722 598
269 99
764 83
473 637
383 592
779 658
298 561
577 727
625 9
735 290
275 755
686 16
576 63
652 192
982 92
889 805
912 194
926 463
676 301
671 555
55 636
954 142
606 408
663 208
990 728
275 395
358 473
6 462
674 646
652 400
133 215
664 295
630 765
786 660
944 751
750 828
502 131
538 302
683 922
559 351
588 621
132 299
463 615
831 130
697 142
175 533
846 903
131 816
251 488
93 750
704 594
426 445
537 68
360 767
442 80
684 745
816 442
185 520
394 356
757 866
251 662
176 456
562 333
676 218
738 773
932 560
897 488
658 399
353 66
713 405
55 943
392 861
567 710
382 763
47 281
342 692
219 466
300 920
306 933
75 188
2 260
357 865
562 952
212 197
898 347
770 295
291 804
691 387
149 792
290 577
132 450
395 560
298 647
921 876
453 453
892 608
108 503
373 365
739 160
136 652
534 301
385 188
993 106
489 376
107 731
743 387
845 73
721 696
100 535
293 390
247 12
409 650
235 559
502 578
828 945
982 137
764 313
112 982
698 185
177 584
868 621
748 841
258 677
951 703
315 747
98 475
483 489
265 55
678 582
783 691
455 331
143 934
880 342
730 497
197 61
218 323
215 344
300 88
328 683
980 646
416 291
26 724
581 64
442 866
879 540
206 140
19 346
823 166
132 154
827 880
920 502
39 814
401 360
240 231
905 327
401 527
242 113
804 682
209 272
314 178
677 361
462 158
208 272
577 716
494 541
749 582
56 615
304 70
45 456
209 934
978 474
339 224
235 665
544 555
689 631
778 254
465 714
154 587
955 152
261 402
857 420
619 871
306 594
432 949
944 549
416 402
117 524
427 492
575 745
148 432
