
1176 4652
482 485
257 326
286 248
517 421
404 322
713 795
45 43
924 845
873 955
160 252
1 9
838 901
40 122
58 94
676 738
627 574
766 715
862 882
405 367
923 984
379 299
461 433
612 682
133 72
813 874
97 138
908 856
165 145
996 995
623 529
220 199
298 277
157 97
723 719
144 242
48 107
129 122
148 70
35 98
644 600
632 645
272 267
1040 972
977 895
312 213
778 748
567 487
965 923
1 29
616 674
569 540
628 554
493 467
76 46
733 710
575 553
288 191
775 724
723 730
912 988
64 90
354 340
565 549
210 196
922 865
775 678
566 570
934 936
626 722
742 651
194 123
485 431
483 508
617 585
876 853
653 642
896 992
652 725
220 286
727 812
900 859
563 663
56 88
157 179
280 187
537 619
284 261
920 846
124 192
239 261
459 514
931 886
504 530
910 849
382 294
795 799
485 391
351 330
289 298
865 790
250 275
738 826
75 72
788 866
947 951
651 748
595 685
993 956
663 564
265 183
338 400
637 721
206 207
328 323
618 611
64 116
139 109
806 795
412 343
912 862
715 685
1 10
929 881
1025 984
410 403
273 360
507 449
450 541
174 272
882 877
427 359
787 707
355 308
734 770
1 30
248 208
397 311
159 100
874 939
449 422
857 785
286 370
976 989
908 969
103 143
1071 972
1 28
117 61
697 638
424 348
439 347
74 66
442 391
568 638
195 295
854 826
281 196
433 449
845 855
224 143
487 487
181 140
496 564
690 615
124 135
575 564
374 360
766 793
149 163
776 859
793 760
674 711
696 662
90 159
732 660
214 268
935 948
228 315
619 676
349 341
734 689
964 894
644 706
484 490
491 478
628 671
1009 932
944 899
315 237
92 187
554 472
757 772
88 98
952 906
818 911
628 635
316 225
818 823
255 164
432 343
763 732
490 502
721 740
587 576
530 612
992 902
491 454
343 411
880 973
645 703
761 850
152 77
241 220
727 802
352 403
246 181
1 10
479 525
958 919
749 668
551 527
538 462
319 291
580 605
501 457
487 405
349 417
252 279
731 685
637 596
339 307
257 224
271 322
740 840
1002 975
404 401
190 91
254 327
277 330
100 182
648 603
810 793
535 615
702 733
855 864
76 16
773 863
917 987
279 306
123 34
922 840
613 700
658 706
705 787
101 105
807 834
883 798
358 310
634 609
786 690
618 561
644 579
141 60
466 388
340 309
495 407
283 200
352 313
886 970
95 33
291 273
217 277
1007 997
1 40
219 227
764 860
1025 940
600 608
895 990
690 590
738 806
1 52
772 801
727 764
774 710
340 386
503 593
1 50
432 494
228 156
993 936
1058 965
130 86
821 723
189 184
943 868
343 340
404 412
560 487
196 209
418 346
782 860
314 307
59 95
778 821
979 941
828 821
584 587
122 201
741 665
566 527
760 812
385 424
395 459
250 343
789 836
492 506
261 179
914 916
380 430
537 596
731 808
361 269
473 512
737 811
708 685
635 567
804 776
827 855
695 718
756 853
57 97
178 146
688 746
1 15
871 965
415 512
510 480
1057 958
764 665
193 191
905 964
583 515
696 606
887 822
444 536
741 693
12 19
313 335
81 101
828 922
354 294
981 910
499 410
283 250
545 546
635 729
540 609
689 720
946 976
730 759
703 798
14 74
644 648
241 299
793 785
912 846
461 390
801 897
424 416
744 837
272 247
338 293
193 144
987 938
432 467
505 480
944 955
653 665
38 26
468 564
461 449
1 26
576 521
329 301
274 321
701 613
432 388
851 879
915 990
137 188
927 963
903 820
373 300
770 822
160 255
285 277
231 153
366 400
317 227
423 518
420 447
216 315
772 813
271 324
566 502
243 299
725 780
390 376
491 516
225 212
392 329
781 810
434 486
535 485
368 416
938 952
946 894
353 358
1 21
707 647
143 44
630 683
364 361
822 814
147 231
54 8
91 165
431 496
606 699
917 852
553 459
473 535
222 314
954 944
369 306
413 459
717 637
491 447
447 408
44 107
994 962
518 565
448 407
931 857
369 317
181 98
815 818
655 600
267 288
960 902
611 567
271 190
771 749
993 908
359 276
810 748
563 592
360 393
264 363
199 163
1074 983
131 179
41 16
423 478
197 259
779 868
344 295
536 596
140 71
669 622
938 864
715 644
67 5
321 365
434 429
19 64
928 854
759 770
178 88
160 157
277 368
467 421
653 719
330 271
966 975
817 816
1045 962
508 535
492 438
743 696
884 881
259 318
56 45
1 52
421 496
270 313
99 138
429 334
1004 988
512 508
702 770
657 751
862 780
516 441
246 207
592 516
641 674
390 408
831 920
522 573
611 634
825 878
929 990
734 826
718 696
883 800
355 411
426 422
668 707
235 334
1080 986
397 494
137 150
648 562
342 380
799 832
1067 979
313 376
452 511
441 414
214 160
1059 982
260 238
579 490
897 899
316 251
526 526
909 897
139 39
634 657
384 452
577 538
840 831
509 460
262 185
934 934
513 440
556 490
97 168
107 71
937 977
370 458
193 204
802 803
134 139
390 399
439 420
1034 991
636 578
1008 972
191 177
429 398
445 348
483 496
347 276
769 825
540 614
212 121
789 730
317 341
381 284
714 698
24 17
570 546
771 672
1052 974
776 866
290 377
470 559
367 340
626 527
879 779
688 761
553 483
112 92
440 390
510 583
741 661
473 391
289 336
574 661
85 125
36 89
362 275
310 359
129 178
763 780
31 42
69 5
470 380
739 772
726 816
57 9
476 484
498 545
669 589
112 157
934 901
854 777
112 74
246 247
1 55
481 479
883 785
1051 958
763 680
417 393
900 944
573 596
601 619
588 611
900 852
327 283
199 299
847 766
240 312
862 826
635 726
680 733
806 805
767 679
495 403
870 964
259 337
476 541
512 478
467 369
1001 946
798 821
819 833
835 837
502 490
119 37
652 594
82 129
242 258
215 246
291 362
687 755
550 504
1 71
249 177
203 176
865 803
189 237
758 677
90 33
188 115
621 597
807 769
481 536
1031 956
349 341
222 184
260 234
551 569
245 216
631 537
183 84
873 810
656 657
5 33
137 159
579 520
656 668
373 287
232 229
352 374
428 474
598 672
943 915
582 511
120 123
573 569
218 199
347 396
628 715
1 59
642 610
959 917
983 927
186 270
60 117
513 516
143 215
234 216
290 237
597 615
452 499
521 477
837 760
267 285
20 56
1027 966
690 622
235 221
199 194
186 91
374 347
244 252
424 473
438 516
385 385
337 357
945 958
686 665
698 792
16 64
464 420
655 671
911 968
839 877
144 177
535 523
65 139
230 152
806 732
312 246
578 565
699 740
817 902
105 17
886 973
360 298
658 611
53 32
1 11
319 337
36 136
879 889
595 522
721 805
80 28
981 931
838 757
654 609
480 544
973 905
647 595
243 246
152 113
183 175
140 156
263 244
856 883
338 265
792 883
403 462
560 485
238 272
214 204
1011 984
453 409
330 398
819 909
469 370
882 882
279 214
811 766
82 35
341 421
271 271
397 370
876 848
128 50
1016 976
243 270
843 796
949 963
451 379
1091 991
594 551
867 897
353 307
471 421
100 74
401 388
591 559
884 980
607 615
651 681
209 231
133 207
741 818
372 331
950 979
403 445
419 348
780 724
345 401
618 646
766 668
335 242
288 302
795 861
777 830
117 77
541 441
499 589
1025 990
217 189
799 868
944 996
329 363
232 237
367 420
552 565
220 214
353 333
811 726
176 175
35 58
548 625
1 66
142 169
400 475
298 204
27 90
421 496
40 1
462 474
359 449
299 252
395 332
382 287
206 189
980 889
1 63
285 378
109 206
813 897
219 230
361 382
601 575
155 60
442 529
405 477
253 290
57 89
894 961
548 461
763 702
542 532
704 680
44 53
545 642
1018 1000
803 891
730 822
59 152
423 324
590 633
266 267
325 381
307 272
422 506
403 419
524 461
613 526
1033 978
403 468
820 729
777 795
631 581
298 383
302 226
505 421
461 386
351 273
556 484
638 676
152 107
236 229
831 902
882 962
38 105
100 84
1006 991
661 701
596 689
748 655
528 600
587 538
492 499
783 881
1017 981
546 473
368 383
618 679
662 573
563 589
553 480
161 145
612 624
926 923
972 915
249 232
948 974
662 735
735 678
682 640
722 644
146 212
75 123
276 253
890 943
1 18
1007 916
302 327
607 640
646 615
488 470
565 655
239 288
448 401
906 840
564 633
647 707
339 424
757 682
213 194
829 855
229 190
703 728
257 178
255 275
123 88
321 367
517 544
768 738
1040 963
439 460
282 266
739 727
128 33
471 442
714 628
467 384
298 244
411 482
760 765
435 446
245 247
865 913
658 560
457 528
694 594
882 935
415 462
555 621
705 660
525 564
276 302
871 936
582 592
639 724
181 118
200 299
201 251
35 129
5 96
85 167
239 169
359 381
948 976
771 767
804 837
457 407
284 203
485 387
803 735
629 706
358 335
13 40
808 821
68 131
96 159
956 978
101 53
767 849
577 478
1 19
278 230
388 453
318 336
847 931
592 588
494 449
615 566
265 272
806 883
754 731
94 80
113 213
203 177
896 872
712 626
1000 940
69 150
279 379
847 833
509 517
686 724
946 973
652 581
872 839
237 272
314 412
789 839
440 492
526 553
714 718
791 738
816 839
385 390
557 588
562 523
715 630
815 770
752 746
1 49
280 369
498 537
116 115
155 215
872 971
572 602
551 551
1 40
399 494
306 252
153 158
81 72
84 177
755 667
504 483
724 815
94 19
725 745
266 339
660 614
263 302
341 319
635 670
519 513
647 566
24 27
259 322
707 645
162 210
925 841
830 925
600 521
931 975
177 269
862 929
437 478
918 970
737 684
227 231
595 673
343 348
194 232
683 727
616 597
401 397
608 539
923 907
928 892
731 699
435 408
265 361
828 789
583 529
275 190
812 880
212 236
659 715
725 718
348 439
774 814
845 902
593 658
393 410
511 412
5 90
689 678
916 951
120 37
624 593
781 737
174 211
156 134
769 847
433 490
57 95
389 435
822 737
760 860
360 310
545 548
991 984
669 660
142 86
707 635
935 941
156 56
357 372
630 650
1041 964
734 735
730 682
166 151
223 283
834 773
648 643
918 898
781 817
362 269
760 731
454 507
853 841
294 207
779 752
407 318
86 126
182 153
49 101
623 560
786 743
765 816
981 980
29 1
69 82
914 886
448 377
476 465
752 753
847 842
609 547
660 580
700 754
1 37
616 548
963 896
735 656
615 537
143 78
582 540
525 597
253 314
877 845
321 361
988 930
562 654
866 841
754 810
193 98
846 814
977 898
220 237
310 236
375 397
512 468
112 160
176 168
262 189
123 123
826 783
1063 991
839 775
505 565
838 906
680 604
229 233
759 693
188 209
241 279
166 231
773 675
324 370
777 814
285 276
200 238
663 710
916 931
833 879
433 492
168 81
386 347
360 417
612 582
755 801
282 195
474 403
215 247
351 356
571 627
838 858
722 803
277 236
521 572
585 485
526 586
808 748
291 235
838 859
793 788
394 345
801 861
395 342
783 779
555 595
910 963
195 260
315 366
796 835
687 733
808 834
357 442
690 773
974 880
928 873
722 793
164 173
394 402
38 60
688 628
1 19
146 146
741 685
88 138
636 593
265 202
590 500
66 89
508 433
133 63
494 514
785 865
433 393
364 269
129 111
659 614
330 272
950 973
673 609
285 236
493 496
120 24
795 871
186 227
391 420
933 850
112 127
186 170
190 224
714 722
267 189
548 597
346 286
1 22
958 957
576 536
311 221
292 281
261 238
622 531
472 449
714 735
575 670
667 646
297 272
546 605
390 394
595 508
570 537
893 955
408 477
947 969
697 692
896 963
914 829
623 638
122 206
229 185
210 187
36 129
266 300
207 114
391 305
174 199
897 916
802 839
966 899
464 452
163 185
552 561
825 848
167 191
864 830
885 860
952 873
574 649
632 591
915 974
1037 974
471 452
364 397
331 350
671 597
34 13
405 392
273 343
844 756
438 387
888 924
174 188
1 68
581 552
112 166
406 435
3 14
782 797
186 254
228 300
483 431
346 367
220 197
237 233
249 149
51 62
1 38
106 69
430 425
855 810
834 878
484 503
240 308
781 798
394 437
805 798
23 36
527 583
418 412
182 195
783 878
347 388
478 438
435 532
18 3
332 268
373 417
282 277
273 229
486 445
358 380
884 974
329 248
491 433
1039 1000
781 874
889 939
813 760
538 473
721 811
810 766
236 306
558 556
527 521
377 364
467 460
230 136
537 458
839 784
623 648
693 783
922 960
42 137
524 591
845 875
503 440
310 263
91 40
916 835
863 943
726 749
214 263
621 597
59 5
1029 999
118 161
1 35
933 891
377 459
926 996
675 592
1 54
1080 985
444 401
259 298
383 459
144 77
617 611
169 159
392 467
821 737
887 895
135 49
482 382
347 285
326 388
1048 972
353 265
691 729
822 810
1056 973
867 818
349 295
566 532
126 58
758 736
113 187
923 896
1063 998
914 997
564 476
221 259
536 475
465 494
124 130
222 151
669 639
774 855
565 480
431 478
471 386
602 672
371 361
821 894
447 460
122 148
749 660
706 628
367 329
898 975
17 1
584 507
815 750
53 109
878 915
735 700
38 75
880 896
233 229
1 85
147 144
595 536
841 919
584 516
425 473
1 25
1 25
682 611
22 44
798 722
954 980
615 563
585 672
976 914
448 541
917 882
178 142
346 259
113 35
641 543
652 689
819 721
235 142
509 530
602 503
519 450
305 248
608 599
911 919
546 636
205 181
799 873
112 154
440 427
669 604
313 313
441 363
601 594
815 813
898 829
133 49
808 791
463 554
471 499
215 226
325 345
402 432
671 758
113 64
933 843
585 637
945 941
891 965
502 448
798 857
982 968
258 351
691 758
307 351
901 980
670 662
338 357
921 914
642 548
793 723
1 23
214 170
326 351
35 113
755 783
747 766
497 527
233 206
551 644
348 258
921 861
675 728
122 69
173 128
397 392
81 145
112 51
179 112
245 253
300 340
1027 932
832 817
970 965
493 480
633 724
812 839
549 500
726 746
767 811
450 373
641 605
351 252
162 172
388 394
229 177
84 98
325 377
518 486
792 855
382 290
146 130
426 355
885 842
255 233
81 101
671 686
676 736
844 930
748 700
92 69
696 607
949 879
904 916
1037 960
345 408
681 679
130 138
123 185
684 782
9 49
464 453
551 630
364 429
845 853
450 545
645 651
853 765
155 159
1007 1000
120 179
743 717
816 885
71 32
833 838
148 186
486 470
270 185
836 921
385 376
954 986
852 934
90 171
552 645
1 46
762 681
1 43
231 234
99 103
536 496
486 389
945 931
639 579
164 132
966 908
679 772
736 677
425 343
714 703
134 139
337 344
418 387
840 909
471 539
361 304
745 655
374 378
153 92
841 862
428 411
420 362
383 397
331 290
182 152
687 611
188 173
226 137
982 946
432 365
410 475
971 982
832 920
710 802
1 66
711 778
715 744
535 464
399 313
401 341
620 685
339 331
150 85
741 676
89 91
535 534
229 166
124 51
970 966
849 841
558 625
173 114
1 16
29 113
800 826
581 506
794 738
657 564
364 455
711 735
283 264
526 548
717 738
900 853
557 575
495 569
316 365
599 620
340 264
144 193
1 21
285 373
168 84
167 250
190 288
86 132
180 151
337 419
522 521
907 974
601 655
690 648
830 737
398 298
227 187
1017 981
870 965
979 954
149 166
330 248
655 636
565 560
624 563
11 24
813 896
821 803
1 16
291 274
809 714
406 449
192 229
188 280
494 423
769 868
115 124
945 970
312 231
859 935
809 808
61 23
110 210
149 88
192 151
742 770
600 555
580 613
771 866
230 223
258 303
383 305
312 306
951 900
962 964
467 397
966 898
63 59
571 628
182 225
473 537
624 612
619 633
275 314
551 478
1071 981
868 904
776 819
187 108
245 179
196 152
686 598
321 349
100 80
796 762
292 314
417 513
293 205
510 584
731 652
983 894
149 198
220 143
601 671
304 302
575 611
631 631
533 526
533 526
439 403
141 231
794 830
242 283
772 864
728 755
62 159
141 220
454 447
892 800
880 833
804 805
724 791
499 412
850 857
476 408
859 895
313 360
874 827
875 971
909 961
431 519
432 335
329 238
935 883
204 222
827 886
764 708
376 475
933 876
69 123
76 127
310 384
798 745
311 284
388 429
776 685
593 512
577 503
576 599
925 983
439 462
1064 992
236 270
393 491
267 282
766 831
146 167
28 115
579 661
539 564
902 934
527 608
586 513
1 53
725 659
706 646
120 164
752 763
828 825
887 949
321 355
775 811
188 164
766 851
253 289
483 392
130 224
419 460
886 903
440 347
579 638
45 101
666 587
736 797
792 881
219 210
194 243
938 969
225 298
161 253
576 593
439 453
663 657
172 72
225 222
402 319
1 61
750 694
448 384
739 801
218 136
522 536
1012 958
557 647
610 526
1 28
999 904
484 509
922 884
539 565
635 601
417 323
615 522
149 192
66 103
483 451
903 867
555 602
874 783
346 311
1027 994
187 172
1 51
332 389
193 237
796 721
561 597
417 492
248 331
358 380
190 259
653 726
54 55
496 501
395 459
729 790
1 4
715 634
170 117
666 601
711 808
457 544
504 542
598 590
829 827
864 817
657 617
1 32
815 879
593 692
709 685
90 88
820 911
553 546
528 580
948 997
1018 937
1069 988
433 351
563 661
617 630
367 360
897 908
263 203
545 479
270 251
212 162
967 905
227 167
779 862
346 369
86 181
684 765
291 251
992 909
712 645
664 568
896 847
547 538
466 540
193 99
438 423
323 246
88 165
549 544
120 52
218 131
273 372
500 471
651 625
696 684
432 378
542 534
46 73
458 540
639 671
207 127
507 412
1067 972
825 823
716 663
755 784
608 588
514 496
209 170
133 153
209 199
216 152
355 258
208 283
305 289
616 608
428 463
157 180
404 329
271 221
266 294
119 125
534 625
376 427
712 796
131 151
883 867
214 122
416 370
752 840
41 115
806 875
947 912
163 85
958 969
734 714
660 355
493 240
591 299
1086 731
517 845
506 908
536 496
424 806
326 673
544 157
532 865
59 72
996 210
704 165
3 934
635 633
432 995
267 134
497 626
95 8
801 882
334 990
1074 541
297 221
660 823
1036 22
357 218
128 386
624 803
627 476
236 64
10 627
181 426
373 617
428 711
214 125
982 791
472 869
763 635
374 51
732 938
242 258
912 922
566 178
752 986
880 115
294 59
945 905
270 319
513 508
827 177
987 370
672 173
460 825
40 190
235 587
1014 15
353 570
557 423
238 276
792 158
228 959
415 476
127 401
1004 184
976 373
581 837
89 984
278 471
1034 601
521 609
652 840
265 225
658 629
221 662
138 7
1035 535
278 197
579 277
633 218
182 327
281 63
1016 839
539 406
643 464
372 795
628 833
171 224
54 203
501 655
1036 450
1019 448
1067 366
576 662
701 756
263 521
767 731
398 100
810 652
298 508
676 255
403 865
973 7
181 37
964 739
504 99
176 135
901 396
944 876
939 483
532 747
1058 998
578 900
465 107
726 161
319 115
147 259
610 401
690 475
475 14
565 67
265 856
493 333
765 925
849 534
1058 277
181 971
941 123
1048 418
1068 632
1047 186
785 191
613 120
1020 756
610 162
652 219
705 694
518 150
961 192
347 773
143 540
409 297
1012 7
742 614
152 781
795 679
693 358
328 862
273 611
505 302
250 994
693 717
291 344
553 545
232 124
740 799
235 379
341 517
1040 833
278 895
406 346
1009 392
985 269
725 531
893 261
159 850
763 604
1038 395
872 748
738 23
816 994
764 929
920 373
6 613
566 245
965 857
749 284
676 327
1084 67
414 467
43 441
615 480
428 521
260 4
785 978
405 153
234 641
85 877
968 815
669 792
942 463
559 178
353 601
1004 788
353 295
180 374
168 161
40 305
142 912
220 604
710 85
186 959
981 85
954 517
940 531
174 806
342 619
1024 795
937 229
694 710
1032 380
697 50
77 510
686 912
28 14
896 355
579 771
466 792
1025 160
255 507
936 567
609 113
881 592
417 619
949 716
128 776
92 398
1038 723
195 52
806 453
893 78
664 646
490 456
841 447
186 999
407 241
689 890
1088 732
741 140
773 108
519 116
138 501
808 17
143 327
271 456
97 115
73 633
675 399
80 442
562 137
684 176
355 963
902 688
1058 109
376 240
776 287
980 391
403 181
229 892
1004 566
1082 377
176 32
850 535
664 906
575 105
823 261
441 204
49 662
20 314
681 551
419 118
379 207
765 351
1061 905
65 439
822 788
767 697
240 53
914 958
545 464
452 285
627 187
181 978
411 300
595 4
680 768
357 803
753 633
977 748
984 898
619 23
862 215
418 627
735 893
825 44
831 811
627 619
1034 628
112 941
416 142
944 871
374 278
698 224
270 335
918 376
815 877
796 350
666 443
888 655
434 986
924 55
405 686
514 971
662 980
910 295
838 502
481 330
703 716
228 739
1086 751
215 622
1075 793
725 676
574 950
760 530
1019 595
1089 205
226 703
1007 899
218 157
413 897
220 321
104 538
1064 583
1021 668
429 148
449 437
131 52
740 279
1046 985
141 955
697 688
981 799
69 118
3 89
719 24
374 245
99 644
314 272
548 852
190 729
766 756
1 189
1016 209
423 694
504 604
763 95
1025 128
905 844
390 36
784 503
378 840
76 696
928 3
908 240
568 496
647 369
416 883
792 790
508 248
562 892
856 829
248 378
47 674
506 795
795 39
1037 749
5 655
262 861
962 881
354 1
707 587
357 908
130 740
342 305
155 588
427 223
896 31
719 382
510 308
42 200
100 849
720 881
169 172
704 486
667 755
335 153
895 412
195 577
609 466
227 154
141 697
61 403
912 814
969 229
82 320
1018 352
1019 628
767 330
665 344
553 965
882 891
1015 903
749 686
688 434
38 507
1039 649
964 863
503 894
982 678
970 712
1057 335
1055 261
623 159
371 212
724 41
190 518
377 675
866 285
902 494
892 855
803 699
555 11
911 375
519 822
8 439
229 75
1057 303
1034 493
207 870
1014 7
59 449
304 210
1040 595
930 288
822 143
1014 83
780 957
962 752
399 70
995 306
711 415
235 92
323 987
31 783
871 866
506 973
195 787
173 237
705 20
476 748
585 997
1062 872
1059 190
758 468
734 394
831 76
101 530
1016 496
165 864
920 968
106 766
565 396
431 813
308 415
828 417
485 559
792 845
132 513
1090 986
563 436
900 169
1081 100
836 176
805 16
462 549
448 202
550 987
214 64
1066 325
756 906
318 321
527 402
159 503
1069 228
935 992
803 960
648 386
415 331
91 739
410 688
57 236
822 471
967 120
773 821
590 679
125 936
1087 288
1083 100
65 765
171 802
484 710
264 829
583 172
380 648
860 980
1056 758
512 266
714 808
727 686
851 247
371 554
429 763
966 95
587 916
688 984
166 803
308 526
694 32
28 187
1084 617
181 842
767 336
903 619
1067 279
79 883
58 870
617 936
650 235
680 703
97 560
541 900
430 473
609 674
149 50
249 442
848 376
916 268
278 877
220 510
628 738
995 717
603 605
638 944
677 438
694 210
991 676
881 414
399 835
410 598
398 929
726 888
755 804
363 532
111 294
675 688
869 131
694 545
4 468
379 70
439 491
486 921
894 530
440 327
145 65
779 324
833 735
62 217
839 124
834 894
337 76
104 37
134 364
245 816
604 149
301 67
757 279
476 987
828 610
988 355
1034 505
631 639
353 760
622 57
832 263
503 375
487 888
720 751
414 5
795 444
755 248
749 799
53 873
654 651
968 99
437 761
1017 418
465 875
569 664
1049 519
457 105
39 42
1063 985
477 878
775 94
763 796
101 565
741 104
285 245
648 198
451 330
793 619
812 723
406 382
806 822
836 718
798 480
435 713
941 149
845 105
431 846
1038 934
113 302
579 816
110 513
647 273
137 946
197 921
851 279
167 461
384 799
133 889
486 959
107 300
319 766
957 134
747 339
764 152
794 458
828 671
1062 887
946 955
218 987
331 68
9 806
803 817
745 823
579 602
240 622
151 459
886 9
870 608
90 29
80 423
203 812
789 490
322 92
684 435
949 263
401 427
340 834
69 483
1032 711
789 86
275 852
36 942
432 685
943 718
894 808
951 452
483 8
21 941
1052 252
352 161
185 884
846 526
836 914
549 952
356 20
1041 294
897 296
228 633
1002 604
229 845
900 887
1083 998
489 122
67 317
702 370
215 995
15 708
652 443
957 107
138 309
1079 767
796 45
1010 840
687 575
869 170
1077 998
475 663
598 23
869 327
526 256
1037 110
446 622
835 131
211 768
755 426
202 778
699 955
374 974
570 923
116 833
884 330
625 956
896 462
329 332
971 437
389 230
598 386
237 505
1067 544
855 458
151 829
1021 902
727 937
376 304
858 400
510 491
562 673
957 856
84 638
933 236
538 841
791 68
142 765
886 245
470 682
662 159
28 339
891 632
637 668
878 459
620 134
765 615
539 464
378 568
125 382
506 821
907 505
948 702
940 378
743 173
1008 884
851 979
581 50
988 756
188 300
957 93
702 249
478 714
624 618
991 286
916 313
818 886
889 649
171 80
672 715
202 889
841 194
567 92
596 633
688 989
107 810
1009 112
598 824
891 972
269 822
446 136
775 580
253 37
243 980
744 187
950 131
754 221
540 911
748 88
386 851
710 750
598 530
663 357
186 854
114 483
776 374
60 857
652 770
478 662
378 794
796 16
146 431
366 789
67 887
837 331
745 669
744 622
717 815
954 478
853 420
355 180
697 776
410 554
1039 78
231 499
973 465
761 715
39 176
867 273
432 979
901 421
305 379
682 757
882 155
768 962
705 324
419 114
894 818
397 44
319 378
1078 355
971 988
296 355
395 451
589 372
898 923
843 410
811 956
873 622
992 756
1055 168
744 73
249 607
247 908
1011 189
145 761
208 507
207 94
1030 964
58 392
97 587
946 461
11 850
764 882
605 691
490 161
1004 13
569 610
732 681
993 117
917 848
198 833
594 636
160 133
217 291
1061 497
233 207
269 541
1063 370
582 973
578 509
182 407
607 52
807 174
218 495
316 429
592 109
169 726
1034 830
871 640
478 915
533 761
581 208
680 77
1038 400
622 901
215 660
937 955
392 483
343 874
658 411
1076 249
883 148
1071 387
405 917
111 703
242 428
160 718
458 559
1027 428
170 659
857 722
704 146
73 646
491 901
598 321
920 351
765 326
793 327
628 428
653 965
527 483
139 335
53 589
278 783
486 591
794 561
669 919
60 95
236 326
613 222
727 396
464 312
272 82
37 109
12 487
984 925
952 818
853 71
163 176
254 545
372 875
554 576
751 533
451 567
683 120
988 158
207 85
576 664
1050 781
746 525
395 257
196 718
198 863
152 539
1056 60
424 747
541 226
103 415
228 440
1075 793
401 850
80 144
498 718
742 4
849 860
410 566
887 266
16 242
272 118
750 806
433 281
417 406
1019 505
681 41
662 763
762 774
563 449
495 4
720 331
557 238
488 913
1007 90
989 832
833 813
679 213
194 424
168 225
64 444
948 548
460 273
178 844
494 295
418 428
578 15
829 773
893 648
876 985
3 197
772 334
202 297
408 907
911 274
640 229
303 825
1036 836
10 967
267 802
257 654
186 591
552 655
239 555
309 969
147 102
351 875
354 648
970 538
803 826
926 865
872 669
1040 767
247 836
977 509
215 951
755 899
284 496
132 669
509 787
570 255
665 552
240 192
790 338
356 216
139 651
730 865
1047 874
334 954
156 484
1068 298
767 546
324 982
1082 93
24 304
484 889
294 231
133 179
578 645
928 652
147 426
320 634
868 554
1083 289
580 4
632 951
15 18
399 470
916 926
659 26
342 655
575 147
703 395
324 637
581 881
990 565
562 602
1024 375
926 227
183 9
430 930
284 958
1010 395
968 214
681 841
990 835
371 934
635 119
483 786
815 720
20 970
1066 232
1039 864
617 968
31 905
557 192
861 37
557 219
560 904
525 26
209 57
482 212
338 542
739 752
485 782
68 126
142 51
909 671
1 400
331 904
1054 424
492 361
172 908
76 181
449 750
461 566
674 365
652 397
287 378
128 302
439 501
561 208
815 777
847 305
5 817
1025 803
728 976
685 159
769 979
149 455
576 38
29 1000
584 323
865 385
381 166
595 859
328 912
543 883
892 319
181 657
351 254
765 398
181 107
438 248
947 163
786 714
703 489
82 602
705 124
125 49
916 763
821 62
345 114
995 30
717 519
52 63
795 559
843 718
190 152
763 663
443 244
1058 189
763 291
996 298
486 374
484 911
119 223
635 159
763 919
264 497
245 273
936 413
624 814
164 832
665 110
132 347
73 153
1062 467
931 824
724 516
616 884
716 477
880 715
198 905
929 761
338 594
79 953
619 649
899 978
