839 3433
585 485
194 94
426 326
606 506
348 248
516 416
521 421
1092 992
422 322
749 649
895 795
337 237
143 43
557 457
945 845
915 815
1055 955
546 446
352 252
522 422
109 9
891 791
1001 901
459 359
222 122
767 667
194 94
698 598
838 738
107 7
674 574
644 544
815 715
434 334
982 882
866 766
467 367
1094 994
1084 984
993 893
399 299
733 633
533 433
231 131
782 682
528 428
172 72
800 700
974 874
717 617
238 138
974 874
956 856
820 720
245 145
519 419
1095 995
894 794
629 529
296 196
299 199
1097 997
377 277
216 116
197 97
1008 908
819 719
639 539
342 242
807 707
207 107
669 569
222 122
637 537
170 70
1031 931
198 98
826 726
700 600
587 487
745 645
872 772
367 267
613 513
1072 972
181 81
995 895
1043 943
313 213
158 58
848 748
403 303
587 487
864 764
1023 923
636 536
129 29
824 724
774 674
889 789
640 540
579 479
654 554
242 142
567 467
439 339
146 46
741 641
810 710
296 196
653 553
594 494
291 191
166 66
824 724
924 824
830 730
308 208
1088 988
811 711
190 90
900 800
440 340
414 314
649 549
389 289
296 196
501 401
965 865
566 466
778 678
789 689
670 570
933 833
1036 936
325 225
822 722
344 244
751 651
949 849
223 123
213 113
531 431
479 379
608 508
461 361
685 585
165 65
953 853
586 486
742 642
786 686
1092 992
386 286
825 725
989 889
386 286
124 24
912 812
591 491
959 859
991 891
763 663
190 90
188 88
281 181
279 179
314 214
287 187
117 17
719 619
572 472
361 261
518 418
946 846
519 419
292 192
456 356
361 261
782 682
614 514
406 306
986 886
301 201
630 530
485 385
949 849
1052 952
394 294
600 500
899 799
294 194
491 391
837 737
430 330
424 324
398 298
1092 992
890 790
324 224
160 627
716 472
512 616
300 654
830 721
1026 785
316 499
545 516
781 548
868 73
798 622
367 383
974 599
288 993
392 685
722 411
823 241
561 56
184 694
814 888
899 155
679 308
382 787
278 274
573 964
654 959
929 646
290 507
763 62
576 245
916 50
891 155
901 914
911 357
822 89
126 986
632 397
894 20
442 278
504 294
1066 803
510 786
681 640
228 595
764 147
603 259
946 188
151 472
949 131
792 18
871 365
550 359
125 466
850 443
971 595
1050 246
745 527
810 956
260 181
860 161
705 230
259 730
334 954
657 257
310 188
759 256
712 926
979 381
516 597
135 989
443 789
438 653
669 757
1022 755
747 435
1047 487
700 660
1025 7
619 388
771 595
348 733
889 594
197 977
1006 759
436 491
868 239
223 416
874 18
930 938
290 64
1072 905
316 650
1093 571
221 803
731 814
146 766
159 707
317 888
171 683
933 852
449 126
606 113
678 965
945 29
183 38
391 459
447 768
827 916
381 114
217 467
616 348
690 614
918 918
181 973
280 645
411 694
540 632
680 660
818 112
401 305
449 684
638 21
963 34
836 450
173 120
928 69
239 585
405 203
1040 797
223 462
230 935
833 335
381 724
330 50
263 420
278 851
631 657
912 682
793 368
636 288
1017 301
614 219
813 856
272 402
402 115
319 820
408 164
778 342
656 637
681 994
195 442
421 483
501 577
818 146
409 252
830 377
863 209
479 309
320 244
655 397
457 851
348 397
453 291
352 335
866 103
588 619
856 103
1001 406
363 471
517 553
898 554
949 73
1020 157
771 182
727 565
395 417
550 236
262 625
336 757
241 337
791 947
269 374
993 444
1007 254
782 752
167 560
939 47
425 316
158 730
567 624
432 860
342 792
1080 690
935 516
847 437
200 992
706 878
669 481
308 320
942 648
808 429
394 171
175 126
569 181
538 914
107 153
736 551
422 990
722 114
980 236
411 666
169 820
981 390
971 156
656 447
772 879
398 761
1090 780
903 601
372 155
125 173
599 309
338 481
340 447
577 569
801 800
1004 780
1034 546
119 715
122 35
290 784
371 381
705 841
975 267
689 650
1009 991
1021 383
891 393
878 220
157 636
814 376
707 214
145 856
200 304
763 204
696 538
589 990
1020 44
482 996
902 573
250 41
672 581
214 387
686 23
726 467
694 507
266 761
209 791
376 434
602 315
804 262
635 833
266 270
715 923
887 697
610 407
748 49
395 463
722 45
616 804
276 152
374 877
139 845
340 289
830 756
566 585
993 354
794 879
221 169
826 955
998 951
441 605
566 685
228 394
712 112
901 822
408 193
808 768
747 967
701 455
855 978
160 450
1051 991
536 775
579 613
1015 787
630 718
324 523
1013 276
973 707
234 711
1092 944
159 345
944 244
261 251
334 536
351 592
182 188
362 449
110 135
345 197
963 194
1002 424
430 560
301 690
352 12
776 531
666 203
876 900
1078 633
624 972
1062 232
570 578
184 765
172 720
1085 317
865 410
982 833
353 359
712 426
962 333
557 65
633 37
769 629
872 816
992 156
572 663
299 319
382 100
480 62
610 741
553 964
524 178
778 25
637 394
693 900
624 630
928 941
718 244
575 439
520 873
300 499
393 156
654 675
619 733
466 258
665 806
709 841
1052 405
772 368
394 722
938 586
1081 200
877 39
1066 725
980 57
1012 7
1046 754
981 744
126 104
601 427
400 548
686 900
720 183
723 659
642 710
267 580
188 66
423 434
225 927
1057 827
425 465
903 730
858 39
624 654
642 798
144 944
1049 675
426 890
961 292
964 566
583 150
197 992
394 889
528 981
697 770
635 762
742 562
473 503
592 946
558 125
160 403
1029 897
714 92
369 853
552 918
638 563
939 686
344 781
1073 374
558 817
557 180
157 39
685 58
682 820
616 67
605 30
447 948
877 628
197 987
197 69
285 788
1009 462
497 368
887 317
609 180
156 983
636 636
524 740
387 521
953 567
543 566
800 426
1027 349
112 891
1042 857
150 615
735 31
746 840
730 153
470 523
911 412
473 74
173 109
1014 334
788 856
634 478
511 38
1057 747
687 625
422 374
932 187
972 426
480 27
683 169
691 923
916 877
1025 923
729 843
1050 52
471 310
541 836
111 99
716 324
764 321
497 725
566 686
591 272
986 329
941 532
882 704
713 743
501 902
935 512
421 888
568 596
841 396
990 90
769 30
1009 136
816 80
434 103
576 243
794 604
1059 147
974 40
428 50
621 977
815 94
573 297
878 56
895 366
595 996
424 107
950 829
302 307
847 954
193 107
1060 247
852 639
589 312
477 577
980 390
977 832
462 387
508 49
836 46
479 694
881 382
122 611
461 939
365 245
303 372
117 105
217 883
854 23
661 621
680 687
154 573
634 537
981 759
407 912
326 600
496 145
261 894
1075 625
177 321
707 346
274 781
789 371
463 182
761 165
1052 290
1017 849
267 319
932 404
432 809
549 698
199 625
562 318
837 833
998 56
825 889
981 426
191 466
573 204
490 242
505 535
145 807
896 98
438 679
1043 630
233 986
317 527
194 65
827 374
828 446
845 508
948 468
112 567
885 379
901 412
264 304
1083 243
418 252
342 950
777 769
224 205
650 126
255 61
311 291
447 257
714 113
287 541
817 81
369 243
1014 180
592 286
1067 862
367 859
200 32
1082 625
798 153
1057 124
1026 280
1028 622
743 568
692 692
736 482
1052 421
398 734
554 828
1017 20
365 300
617 248
828 609
1093 508
1015 188
619 400
852 869
430 299
930 434
1050 723
771 539
282 932
785 972
393 923
236 274
801 335
240 215
817 330
444 336
362 905
290 661
175 718
547 255
130 762
550 877
611 984
821 497
499 141
311 864
582 929
127 185
647 376
127 366
946 285
129 546
924 742
971 447
107 502
480 597
907 597
1006 720
441 113
424 478
128 776
526 420
164 157
