
1113 3518
94 485
506 326
416 248
992 421
649 322
237 795
457 43
815 845
446 955
422 252
791 9
359 901
667 122
598 94
7 738
544 574
334 715
766 882
994 367
893 984
633 299
131 433
428 682
700 72
617 874
874 138
720 856
419 145
794 995
196 529
997 199
116 277
908 97
539 719
707 242
569 107
537 122
931 70
726 98
487 600
772 645
513 267
81 972
943 895
58 213
303 748
764 487
536 923
724 29
789 674
479 540
142 554
339 467
641 46
196 710
494 553
66 191
824 724
208 730
711 988
800 90
314 340
289 549
401 196
466 865
689 678
833 570
225 936
244 722
849 651
113 123
379 431
361 508
65 585
486 853
686 642
286 992
889 725
24 286
491 812
891 859
90 663
181 88
214 179
17 187
472 619
418 261
419 846
356 192
682 261
306 514
201 886
385 530
952 849
500 294
194 799
737 391
324 330
992 298
224 790
971 862
507 605
248 779
221 722
813 9
376 256
848 936
807 793
969 154
671 297
453 865
356 731
545 409
480 319
798 972
740 16
436 956
752 190
727 833
122 334
435 97
731 177
615 251
874 240
445 321
412 259
36 828
589 316
171 224
158 864
319 696
648 69
148 316
756 874
821 322
557 271
513 757
390 761
869 980
862 74
560 959
913 123
167 116
45 381
934 679
929 453
41 972
350 542
736 525
501 29
774 214
660 778
63 636
844 568
725 131
972 294
906 749
52 500
815 276
989 123
448 540
498 993
134 224
259 416
864 826
760 119
400 44
589 965
489 439
321 182
966 438
240 914
562 295
977 535
961 931
138 160
204 324
271 995
234 387
872 916
863 934
135 489
692 669
271 876
27 878
133 952
441 311
347 855
335 700
971 150
242 291
956 939
914 931
988 639
953 423
505 40
140 113
277 415
454 746
936 318
915 556
835 512
976 54
259 338
863 532
298 319
82 192
532 303
466 214
398 188
859 477
761 153
874 334
487 521
915 10
14 371
54 794
534 226
165 835
360 847
842 141
67 629
976 704
162 861
231 607
265 884
764 428
17 503
687 601
28 441
900 42
779 166
243 202
20 970
908 155
723 403
489 649
386 818
494 89
557 735
900 409
510 940
749 883
920 372
402 696
74 804
441 11
38 638
588 936
586 577
403 864
221 392
158 83
152 995
472 655
239 444
438 550
46 886
395 723
342 92
463 195
470 735
155 508
695 329
189 233
108 564
934 745
801 934
517 648
433 740
250 376
286 16
264 770
908 803
911 900
255 520
78 274
639 482
934 832
955 355
818 721
576 254
421 201
875 300
386 132
113 189
132 883
206 90
414 234
245 900
112 426
177 992
31 266
485 666
99 115
342 232
196 499
874 384
672 941
427 274
502 56
388 775
952 681
269 957
490 407
603 625
365 25
961 479
349 756
722 321
675 572
673 279
760 501
626 514
860 192
186 315
283 512
526 873
78 692
815 887
918 197
200 599
392 625
912 28
327 295
683 381
510 331
399 205
483 377
322 968
512 39
154 758
421 361
471 298
307 492
531 533
35 520
950 866
828 431
140 957
773 113
504 82
407 917
368 935
118 285
275 123
375 558
765 741
318 108
709 745
255 585
493 443
134 45
596 473
220 729
386 316
114 897
789 300
686 70
832 304
863 920
830 788
609 73
248 605
190 87
922 757
367 993
115 325
427 808
917 234
907 566
720 229
670 662
836 463
35 439
192 469
364 717
451 248
111 561
990 673
497 881
286 135
80 816
634 280
493 167
226 918
939 640
155 947
922 300
675 814
191 862
179 225
319 986
464 983
226 630
170 905
496 435
535 255
890 940
885 829
623 852
538 710
268 925
121 637
20 651
113 134
614 939
196 880
670 164
774 853
286 211
793 597
654 127
843 669
404 739
23 775
981 749
420 226
330 551
210 837
799 138
667 947
970 937
96 727
549 29
913 486
694 69
92 940
703 37
843 556
237 253
59 202
545 960
488 746
954 743
711 231
335 95
168 723
99 71
52 819
211 197
829 985
882 959
236 661
414 187
951 333
498 826
571 69
629 262
527 29
34 870
178 28
641 35
560 979
104 187
599 376
633 325
784 257
272 27
787 644
73 336
503 191
752 107
864 43
649 214
643 522
795 818
949 132
555 971
283 989
738 809
618 728
358 350
941 437
957 159
412 208
880 936
976 188
366 329
417 219
564 962
648 114
148 589
492 226
936 951
21 212
963 777
231 609
397 663
785 844
317 261
706 294
875 143
276 78
270 636
523 198
600 964
663 264
215 881
89 644
369 268
525 78
449 243
185 108
336 434
353 399
539 960
803 819
212 693
797 247
828 167
825 207
895 650
424 359
227 55
924 733
576 270
922 729
168 68
948 881
331 871
494 355
822 476
153 227
608 122
587 818
485 942
458 853
889 55
326 400
348 506
958 384
551 963
684 544
157 153
82 540
514 26
700 234
830 107
884 728
56 322
987 736
561 412
799 286
255 786
477 502
409 671
325 144
687 912
417 986
301 236
633 204
97 180
76 856
919 163
955 854
28 398
149 64
963 130
333 380
78 43
631 839
339 204
854 448
494 793
226 126
664 574
727 585
739 573
102 571
211 328
982 436
401 370
68 346
253 785
534 746
770 25
416 663
470 957
458 966
827 496
532 130
10 549
547 659
861 40
349 653
752 755
267 771
717 828
464 453
410 650
222 775
508 249
340 287
264 343
511 756
965 148
171 435
283 627
198 572
604 694
947 78
960 52
105 344
140 738
353 415
135 990
96 493
660 933
395 512
982 836
213 96
956 176
616 911
656 188
993 488
497 520
631 810
756 456
253 796
46 275
331 39
31 361
978 339
737 609
121 694
437 952
920 739
575 163
189 526
289 405
966 764
807 508
186 267
881 579
256 903
704 896
847 509
540 614
141 197
33 556
956 395
268 579
125 905
461 319
741 596
268 438
503 258
763 215
333 695
324 586
895 575
185 435
562 983
817 517
111 377
344 109
367 308
739 64
852 472
203 366
692 426
362 875
677 276
201 807
900 317
785 51
929 173
835 438
526 310
843 452
253 726
404 157
711 604
27 309
79 138
874 707
177 239
235 781
23 866
533 182
159 100
596 137
863 494
479 800
625 690
858 148
709 712
350 714
706 452
637 539
660 969
763 428
376 957
473 696
343 700
524 925
903 34
556 792
53 71
856 390
441 521
581 533
483 237
723 135
319 18
727 858
629 338
320 475
589 897
561 803
167 980
828 244
737 827
420 302
184 879
945 966
657 494
902 842
790 613
168 547
190 169
149 415
558 169
76 766
642 850
923 655
376 400
276 968
834 846
207 257
382 23
201 540
935 391
565 569
868 662
659 137
334 231
656 66
899 757
928 782
637 621
72 613
769 523
744 316
465 136
660 281
287 993
227 967
623 492
680 781
798 717
959 366
559 630
127 153
813 266
583 831
34 449
538 941
459 513
199 340
929 481
302 574
715 543
99 196
349 379
544 251
191 339
36 54
328 745
12 681
337 408
954 723
302 694
694 137
482 362
43 981
490 283
169 414
773 621
817 291
181 167
218 912
748 107
832 653
541 507
188 819
627 406
386 852
667 605
122 717
298 704
263 501
438 392
977 902
259 976
650 375
819 827
322 149
679 154
350 880
495 189
148 569
102 584
201 832
759 714
680 462
407 554
891 899
869 653
365 450
950 654
483 95
283 410
175 421
224 157
537 95
800 844
970 509
942 61
435 986
843 888
657 565
27 952
326 39
648 862
822 933
187 335
62 597
526 618
122 536
631 931
519 824
780 658
978 26
803 761
362 993
208 857
585 964
19 355
449 628
255 510
891 959
223 795
327 336
835 972
24 643
274 724
336 278
355 833
777 141
57 187
604 246
32 223
831 776
153 298
603 989
894 471
838 798
319 586
821 698
992 58
270 696
161 674
27 416
967 584
909 775
10 16
376 183
756 463
147 373
282 685
37 916
37 53
494 107
146 807
816 26
359 373
457 22
747 729
933 471
352 395
163 606
981 576
583 913
847 957
789 930
901 232
618 595
396 619
707 162
258 725
928 728
845 60
182 670
739 203
459 551
690 324
914 979
310 612
469 462
280 756
627 331
355 343
502 432
280 316
878 683
509 80
553 10
441 600
464 331
543 456
367 57
812 955
25 498
976 742
490 299
903 28
535 875
419 624
158 446
849 282
634 351
210 854
624 685
47 512
330 247
617 466
482 283
538 339
864 38
138 287
759 414
382 317
819 256
962 188
856 697
773 389
142 703
916 130
603 702
625 567
560 954
439 304
639 252
236 726
137 349
70 167
996 510
580 340
324 111
929 858
678 712
503 44
234 16
658 344
66 603
778 440
46 16
715 592
462 171
391 728
906 778
16 376
33 210
862 388
190 326
187 284
773 924
16 826
306 202
85 745
714 678
817 314
797 564
302 609
726 231
865 151
152 232
892 472
360 592
885 487
39 233
51 434
819 213
740 805
91 936
448 612
364 692
781 620
838 236
479 235
918 736
742 622
503 990
23 74
811 278
514 182
917 43
230 108
339 854
333 140
578 278
85 416
219 877
526 446
658 368
639 190
741 337
929 220
31 370
681 681
375 294
858 904
80 770
9 761
162 786
580 864
7 637
896 69
669 896
138 22
143 628
641 696
863 893
717 158
207 614
210 801
423 158
558 135
702 181
888 540
502 205
984 220
867 63
891 554
803 800
432 443
494 204
158 229
704 505
103 452
146 563
127 378
303 378
989 743
53 455
772 62
919 939
475 507
397 600
47 51
567 447
917 913
154 412
44 967
218 893
600 399
711 811
448 370
224 130
555 246
183 448
676 356
806 139
690 355
182 906
879 268
151 101
446 771
236 580
837 613
800 899
653 488
811 236
969 264
110 569
349 600
495 81
996 563
941 777
900 878
861 160
779 122
623 62
330 504
324 940
815 546
465 216
978 11
724 554
740 674
904 77
17 117
547 886
597 175
93 378
80 753
299 101
557 838
915 692
230 900
602 645
577 303
978 545
262 357
969 948
976 194
486 334
457 661
397 560
641 319
619 40
855 433
105 282
334 993
900 697
824 294
469 862
657 450
227 745
862 347
616 699
150 661
657 669
723 752
540 960
704 696
150 449
614 989
451 928
591 664
464 394
963 39
157 805
829 92
686 280
734 816
173 895
246 675
305 632
924 897
625 798
729 408
945 147
692 793
323 848
176 855
643 726
618 971
356 509
516 526
884 827
213 209
621 873
680 143
322 339
705 459
209 809
879 920
785 409
428 867
969 128
865 105
167 799
121 823
236 815
733 356
567 549
456 959
989 291
128 26
581 526
886 530
26 613
734 432
262 423
972 72
363 806
455 906
458 241
452 739
504 918
77 627
30 828
668 740
912 931
205 580
506 961
605 383
344 854
531 721
161 432
940 474
744 593
933 11
447 216
402 560
252 245
494 979
729 645
90 653
436 878
294 684
726 482
285 961
447 979
23 873
206 965
748 213
300 763
310 460
631 307
