776 3395
94 485
506 326
416 248
992 421
649 322
237 795
457 43
815 845
446 955
422 252
791 9
359 901
667 122
598 94
7 738
544 574
334 715
766 882
994 367
893 984
633 299
131 433
428 682
700 72
617 874
874 138
720 856
419 145
794 995
196 529
997 199
116 277
908 97
539 719
707 242
569 107
537 122
931 70
726 98
487 600
772 645
513 267
81 972
943 895
58 213
303 748
764 487
536 923
724 29
789 674
479 540
142 554
339 467
641 46
196 710
494 553
66 191
824 724
208 730
711 988
800 90
314 340
289 549
401 196
466 865
689 678
833 570
225 936
244 722
849 651
113 123
379 431
361 508
65 585
486 853
686 642
286 992
889 725
24 286
491 812
891 859
90 663
181 88
214 179
17 187
472 619
418 261
419 846
356 192
682 261
306 514
201 886
385 530
952 849
500 294
194 799
737 391
324 330
992 298
224 790
260 275
97 826
210 72
649 866
919 951
63 748
958 685
804 956
518 564
428 183
537 400
346 721
153 207
971 323
662 611
197 116
91 109
529 795
126 343
747 862
469 685
770 10
934 881
723 984
895 403
568 360
172 449
958 541
383 272
308 877
970 359
583 707
48 308
930 770
569 30
3 208
20 311
609 100
887 939
825 422
930 785
904 370
241 989
379 969
376 143
962 972
889 28
443 61
216 638
338 348
160 347
406 66
159 391
31 638
204 295
420 826
153 196
425 449
331 855
565 143
838 487
9 140
918 564
533 615
232 135
957 564
591 360
576 793
746 163
377 859
858 760
86 711
434 662
558 159
279 660
840 268
735 948
574 315
126 676
912 341
739 689
821 894
625 706
917 490
201 478
993 671
149 932
52 899
759 237
267 187
256 472
783 772
117 98
516 906
180 911
25 635
380 225
712 823
266 164
216 343
448 732
541 502
664 740
954 576
726 612
772 902
531 454
943 411
750 973
327 703
917 850
5 77
113 220
913 802
791 403
998 181
859 10
345 525
431 919
675 668
833 527
438 462
523 291
916 605
420 457
115 405
660 417
261 279
772 685
388 596
764 307
843 224
206 322
407 840
639 975
852 401
542 91
60 327
757 330
82 182
637 603
93 793
614 615
136 733
187 864
102 16
972 863
163 987
501 306
477 34
492 840
121 700
80 706
138 787
660 105
229 834
827 798
448 310
230 609
832 690
489 561
586 579
291 60
665 388
660 309
702 407
153 200
606 313
123 970
253 33
709 273
832 277
108 997
888 40
481 227
283 860
858 940
284 608
711 990
850 590
239 806
943 52
195 801
95 764
410 710
664 386
900 593
112 50
963 494
754 156
458 936
19 965
225 86
569 723
97 184
194 868
754 340
602 412
61 487
695 209
347 346
719 860
100 307
97 95
843 821
745 941
286 821
492 587
116 201
531 665
424 527
253 812
426 424
413 459
980 343
291 836
833 506
486 179
9 916
575 430
922 596
145 808
897 269
404 512
742 811
728 685
269 567
103 776
745 855
35 718
779 853
71 97
80 146
842 746
128 15
941 965
227 512
30 480
342 958
605 665
531 191
364 964
359 515
867 606
820 822
313 536
207 693
911 19
308 335
430 101
685 922
641 294
113 910
141 410
690 250
700 546
559 729
481 609
503 720
766 976
7 759
882 798
859 74
182 648
425 299
542 785
683 846
853 390
938 897
89 416
624 837
181 247
878 293
933 144
580 938
252 467
207 480
658 955
20 665
954 26
347 564
759 449
446 26
14 521
657 301
710 321
980 613
188 388
636 879
203 990
432 188
129 963
630 820
509 300
237 822
373 255
838 277
395 153
692 400
103 227
218 518
384 447
931 315
396 813
389 324
640 502
287 299
297 780
977 376
512 516
219 212
555 329
398 810
289 486
798 485
598 416
49 952
572 894
697 358
770 21
725 647
542 44
214 683
887 361
45 814
94 231
282 8
82 165
319 496
626 699
146 852
541 459
874 535
725 314
777 944
554 306
208 459
787 637
976 447
912 408
444 107
3 962
301 565
164 407
437 857
652 317
764 98
41 818
737 600
176 288
136 902
128 567
394 190
235 749
42 908
824 276
684 748
979 592
568 393
367 363
52 163
642 983
335 179
126 16
130 478
583 259
129 868
752 295
167 596
856 71
640 622
770 864
431 644
195 5
448 365
701 429
952 64
880 854
168 770
79 88
961 157
472 368
217 421
709 719
147 271
296 975
909 816
764 962
251 535
878 438
753 696
570 881
253 318
666 45
931 52
433 496
810 313
678 138
123 334
212 988
66 508
206 770
750 751
64 780
466 441
337 207
510 516
796 674
175 408
437 920
938 573
848 634
561 878
718 990
948 826
649 696
569 800
663 411
582 422
843 707
202 334
702 986
579 494
725 150
803 562
340 380
156 832
832 979
602 376
234 511
688 414
184 160
978 982
413 238
633 490
585 899
606 251
963 526
350 897
242 39
539 657
739 452
267 538
165 831
177 460
720 185
802 934
644 440
82 490
798 168
197 71
173 977
81 458
235 204
112 803
103 139
268 399
879 420
643 991
106 578
122 972
444 177
262 398
691 348
997 496
446 276
171 825
549 614
281 121
211 730
112 341
408 284
730 698
363 17
89 546
605 672
938 974
168 866
705 377
47 559
400 340
215 527
114 779
51 761
881 483
549 92
679 390
328 583
250 661
203 391
481 336
752 661
707 125
82 89
63 275
660 359
21 178
287 780
219 42
500 5
820 380
95 772
44 816
748 9
678 484
276 545
478 589
663 157
594 901
757 777
947 74
448 247
570 55
313 479
981 785
795 958
552 680
389 393
280 944
864 596
636 619
512 611
892 852
184 283
947 299
614 766
625 312
149 826
377 726
474 733
18 805
662 679
416 403
1 964
530 337
752 541
22 478
981 369
777 946
957 821
275 833
584 837
582 490
121 37
951 594
668 129
118 258
319 246
896 362
521 755
948 504
248 71
474 177
351 176
54 803
155 237
660 677
871 33
486 115
294 597
425 769
245 536
382 956
371 341
708 184
544 234
794 569
387 216
738 537
520 84
281 810
502 657
91 33
503 159
924 520
16 668
33 287
344 229
349 374
606 474
896 672
595 915
441 511
102 123
52 569
654 199
710 396
434 715
245 59
36 610
661 917
413 927
13 270
370 117
400 516
195 215
984 216
476 237
164 615
405 499
674 477
196 760
608 285
907 56
532 966
51 622
716 221
327 194
880 91
710 347
267 252
400 473
376 516
609 385
320 357
196 958
538 665
935 792
404 64
100 420
126 671
855 968
94 877
731 177
253 523
8 139
393 152
543 732
348 246
318 565
489 740
22 902
998 17
49 973
381 298
10 611
429 32
221 11
150 337
717 136
530 889
332 522
942 805
565 28
216 931
61 757
170 609
872 544
644 905
208 595
680 246
697 113
639 175
679 156
961 244
361 883
802 265
359 883
839 462
718 485
280 272
252 204
280 984
102 409
615 398
296 909
481 370
956 882
230 214
259 766
922 35
706 421
272 271
156 370
552 848
485 50
536 976
70 270
902 796
452 963
35 379
947 991
378 551
57 897
352 307
669 421
702 74
141 388
458 559
463 980
756 615
887 681
332 231
528 207
656 818
254 331
787 979
495 445
370 348
10 724
200 401
327 646
17 668
374 242
755 302
980 861
376 830
8 77
32 441
460 589
804 990
23 189
869 868
943 996
715 363
628 237
73 420
199 565
38 214
209 333
327 726
912 175
799 58
372 625
976 66
120 169
667 475
188 204
28 90
704 496
649 1
746 474
697 449
712 252
289 332
625 287
953 189
462 889
302 63
79 378
41 206
823 897
908 230
665 382
36 575
732 60
809 529
66 477
291 290
591 89
583 961
252 461
479 702
530 532
224 680
788 53
309 642
366 1000
352 891
402 822
545 152
113 324
967 633
454 267
723 381
14 272
20 506
308 419
644 461
713 526
482 978
336 468
289 729
496 795
326 581
530 383
167 226
522 421
830 386
91 273
116 484
747 676
395 107
958 229
756 902
262 962
703 105
511 84
481 991
449 701
888 689
599 655
306 600
492 538
803 499
445 881
316 981
889 473
785 383
765 679
491 573
589 589
124 480
741 145
898 624
725 923
682 915
131 232
398 974
906 735
753 678
312 640
790 644
301 212
945 123
447 253
197 943
27 18
573 916
589 327
934 640
209 615
529 470
899 655
15 288
592 401
92 840
575 633
814 707
354 424
127 682
374 194
566 855
594 190
973 728
645 178
603 275
712 88
32 367
298 544
561 738
906 963
626 460
143 266
504 727
836 33
361 442
431 628
554 384
24 244
416 482
735 765
243 446
454 247
932 913
494 560
648 528
357 594
596 935
788 462
536 621
759 660
200 564
566 302
741 936
217 592
219 724
832 118
819 299
487 251
473 129
241 96
64 167
516 169
857 381
218 976
490 767
504 837
707 407
342 203
475 387
175 735
786 706
171 335
232 40
888 821
866 131
976 159
253 978
619 53
642 849
460 478
218 19
218 230
667 453
949 336
89 931
488 588
568 449
526 566
946 948
915 130
229 494
935 796
607 467
173 864
930 94
507 140
849 161
149 796
19 274
539 667
806 76
126 355
778 265
223 455
2 369
240 810
112 998
230 401
257 713
78 975
140 769
623 540
316 714
441 226
675 568
397 54
34 252
50 638
371 524
371 260
328 247
32 971
440 243
779 915
721 113
882 603
996 759
530 882
163 690
739 368
298 150
25 617
623 913
907 778
434 355
306 429
768 266
215 646
552 586
876 267
207 697
940 511
908 814
380 547
39 711
125 845
547 802
562 27
737 594
514 829
990 74
48 718
678 838
214 288
399 968
813 249
676 697
766 732
958 74
201 563
721 842
531 605
353 982
556 76
774 645
191 1000
815 116
634 203
934 474
628 18
158 220
994 173
888 548
89 170
578 545
425 398
823 435
791 860
505 645
324 392
143 504
585 300
489 800
789 734
19 665
273 147
706 971
292 42
275 746
67 625
504 622
522 856
7 379
113 68
519 273
537 340
148 837
761 997
928 885
866 359
444 243
546 797
762 315
121 460
195 110
659 344
983 699
300 612
168 226
752 223
509 538
831 184
620 47
311 948
612 342
930 158
26 792
692 564
105 219
587 940
301 220
789 929
637 543
167 915
103 239
86 666
209 638
251 389
876 489
349 832
788 469
344 741
779 541
800 717
521 342
272 615
469 761
102 280
647 497
80 338
534 298
93 142
587 565
258 539
284 693
39 91
360 490
822 953
332 212
236 4
763 358
63 276
460 893
102 884
847 791
889 808
326 665
93 220
543 942
143 227
385 184
10 730
865 449
686 249
129 215
433 436
887 24
220 924
389 606
135 267
89 657
394 997
293 919
147 640
76 945
81 112
718 415
618 143
158 869
994 782
297 989
833 425
543 325
748 569
823 178
984 816
993 254
535 284
231 216
776 635
175 639
855 160
550 955
800 751
959 350
621 419
682 546
832 990
367 21
312 994
902 327
366 962
511 437
752 176
752 402
370 949
371 382
903 778
70 311
265 720
444 207
504 63
605 908
747 245
183 252
741 949
145 488
740 209
437 939
784 291
312 277
867 684
48 532
79 568
752 185
51 817
651 940
622 308
314 258
962 146
596 227
779 444
312 876
664 893
14 703
990 711
651 266
284 493
129 701
812 841
641 939
256 522
598 262
687 943
168 732
762 425
531 472
150 138
609 828
841 937
159 803
644 557
50 714
107 959
824 387
238 461
736 930
24 989
901 794
607 22
460 99
742 442
608 910
767 479
608 430
290 506
777 733
326 63
363 776
177 554
572 584
149 368
703 894
299 858
138 141
583 798
115 283
816 782
457 176
770 471
303 161
768 785
708 464
839 81
651 122
849 189
521 242
931 812
454 794
931 189
863 19
58 423
169 550
474 174
701 272
510 226
433 608
587 209
707 201
101 324
582 959
26 139
497 454
921 762
28 650
717 778
919 341
207 893
661 21
397 319
858 229
656 693
642 183
875 512
646 944
711 446
391 784
769 197
417 158
776 980
430 393
119 595
77 393
64 846
266 358
521 375
392 768
389 444
982 367
998 351
798 374
693 885
410 554
42 684
139 526
155 828
719 264
251 90
984 15
728 105
590 833
255 977
907 515
695 500
970 427
182 734
424 1000
9 723
206 442
200 888
739 108
678 418
164 767
111 993
661 831
161 280
513 690
505 276
939 236
560 658
866 62
277 14
869 519
23 409
7 79
820 482
194 830
713 974
207 602
530 729
952 211
315 276
472 250
396 717
744 382
54 621
566 551
319 991
350 322
511 186
21 85
789 533
921 404
597 517
455 57
823 28
10 439
589 680
21 679
665 944
480 820
764 348
146 951
235 80
921 546
842 445
964 167
846 170
915 596
5 694
893 625
829 154
861 958
94 980
625 420
169 383
871 498
518 804
839 79
600 551
226 886
503 474
990 450
841 70
370 686
311 62
583 408
995 337
929 727
652 253
554 89
133 816
232 153
35 858
222 549
766 338
268 213
875 662
809 380
894 934
20 201
742 55
198 760
232 44
505 807
392 311
534 158
254 506
596 772
161 182
107 651
848 253
745 321
780 338
23 531
612 190
629 170
250 665
607 54
722 113
291 112
199 324
906 535
354 119
294 642
760 482
275 708
513 154
9 663
410 535
144 834
282 565
380 296
810 9
885 382
932 898
994 980
211 397
547 471
462 393
753 943
835 335
547 54
725 702
840 414
159 43
164 142
270 273
552 464
525 375
840 63
71 315
280 813
595 204
244 867
657 403
976 756
271 472
39 284
554 870
693 94
239 538
401 780
997 349
385 406
171 707
609 324
270 703
258 294
200 184
421 567
931 783
104 737
428 481
582 638
668 79
684 107
294 856
428 122
306 840
907 889
767 541
476 910
536 222
861 892
65 667
993 965
207 61
537 47
236 338
834 456
653 113
711 720
979 263
625 975
561 486
144 568
237 518
102 351
729 531
358 357
524 104
807 101
533 429
848 203
734 673
754 458
957 911
138 383
215 120
965 876
660 996
770 465
590 388
528 835
790 438
574 190
814 43
953 629
798 645
181 594
930 49
70 900
39 469
535 667
489 36
771 20
370 45
649 657
887 146
686 983
147 241
400 331
458 343
704 79
111 218
735 647
676 958
17 608
44 869
578 170
726 605
712 309
573 770
637 606
353 31
75 290
755 530
640 136
124 466
500 956
821 120
444 478
931 849
778 147
170 514
395 94
902 764
457 12
78 547
98 905
425 339
441 203
30 243
102 757
817 318
608 56
94 213
697 899
38 335
427 945
938 839
625 109
498 447
970 40
325 17
615 527
903 105
225 596
495 148
751 947
194 845
511 532
237 949
386 814
614 85
995 365
239 910
975 978
269 706
707 501
892 309
496 68
704 683
284 200
420 903
381 60
242 962
829 199
928 106
384 786
181 725
608 370
886 675
277 500
324 383
91 258
90 795
931 503
848 10
811 33
685 549
281 682
132 118
161 718
269 499
765 344
567 123
948 824
667 62
311 988
307 538
780 264
642 315
933 787
360 509
706 637
511 790
648 527
735 124
484 591
157 988
905 333
580 987
490 118
709 708
610 875
843 87
953 810
972 676
715 415
770 377
342 897
697 242
73 370
813 728
70 992
390 125
519 231
877 858
204 184
586 526
574 714
298 266
911 327
615 405
863 771
629 530
632 293
851 353
184 360
530 54
806 482
811 927
782 369
267 926
3 48
348 561
59 324
83 273
423 665
376 797
325 169
471 13
369 625
121 766
128 817
464 617
384 362
282 814
565 933
992 771
271 703
260 508
618 966
565 62
17 114
255 796
226 888
229 617
186 2
699 631
175 464
131 267
541 244
557 633
961 114
636 970
552 958
790 861
185 150
902 526
599 309
907 37
793 540
781 80
352 373
645 955
546 715
449 737
830 857
603 662
583 692
687 111
518 320
574 228
727 446
967 520
365 75
459 938
477 668
339 898
518 401
181 961
977 76
430 785
9 609
265 468
610 316
394 902
79 931
730 514
25 713
252 742
