
1011 3534
585 485
194 94
426 326
606 506
348 248
516 416
521 421
1092 992
422 322
749 649
895 795
337 237
143 43
557 457
945 845
915 815
1055 955
546 446
352 252
522 422
109 9
891 791
1001 901
459 359
222 122
767 667
194 94
698 598
838 738
107 7
674 574
644 544
815 715
434 334
982 882
866 766
467 367
1094 994
1084 984
993 893
399 299
733 633
533 433
231 131
782 682
528 428
172 72
800 700
974 874
717 617
238 138
974 874
956 856
820 720
245 145
519 419
1095 995
894 794
629 529
296 196
299 199
1097 997
377 277
216 116
197 97
1008 908
819 719
639 539
342 242
807 707
207 107
669 569
222 122
637 537
170 70
1031 931
198 98
826 726
700 600
587 487
745 645
872 772
367 267
613 513
1072 972
181 81
995 895
1043 943
313 213
158 58
848 748
403 303
587 487
864 764
1023 923
636 536
129 29
824 724
774 674
889 789
434 182
349 167
652 747
157 306
406 345
394 586
419 631
343 46
584 33
212 900
974 593
837 540
597 179
329 288
1038 483
697 30
624 724
1042 184
924 156
260 779
768 309
521 173
288 843
465 973
188 968
764 189
773 106
832 929
606 84
869 657
434 698
220 125
870 216
821 460
719 518
853 598
268 154
800 845
263 974
1064 895
949 328
533 929
148 120
839 916
949 76
393 19
1009 824
744 533
678 750
572 240
156 285
917 270
566 553
704 195
213 404
628 985
825 121
661 107
122 320
308 508
646 212
137 958
962 18
304 352
824 53
877 173
881 572
737 459
803 271
787 801
179 344
207 246
717 873
469 33
757 635
174 841
264 715
942 343
903 19
149 168
928 539
859 916
186 116
587 684
660 631
523 700
150 488
588 126
159 931
832 990
742 543
651 130
317 87
241 766
984 64
337 409
173 356
939 310
1077 131
1086 756
1030 327
557 491
682 254
207 176
295 265
530 588
674 641
835 176
439 888
1094 214
1023 115
171 730
498 718
931 492
244 476
941 471
796 16
973 68
1022 163
372 17
983 641
584 883
738 415
464 866
995 14
221 82
394 677
890 448
341 77
203 511
966 883
139 551
919 449
472 699
351 732
794 146
266 218
133 345
490 104
792 981
313 263
324 452
701 542
579 195
834 666
316 458
868 771
304 213
224 554
181 30
285 952
474 430
521 183
232 281
288 529
1028 654
208 533
1071 599
642 808
534 604
996 970
315 914
1061 104
382 103
423 554
786 922
698 659
743 419
499 225
431 844
886 534
828 949
381 532
108 112
603 941
858 402
453 799
193 852
1097 506
946 103
666 432
674 452
373 336
474 97
303 39
207 847
747 991
588 95
233 393
440 951
421 70
1084 589
314 958
917 104
745 890
712 176
143 195
907 758
696 478
392 578
346 370
226 415
810 149
301 37
277 824
758 666
347 799
301 510
301 610
1045 48
233 789
591 959
218 636
418 56
403 641
716 48
283 743
688 814
446 633
849 729
408 242
689 778
935 437
914 325
527 131
1030 361
446 503
157 870
1094 356
123 671
456 275
929 442
1088 705
219 871
345 46
598 398
417 605
1076 906
656 421
283 765
365 342
356 528
599 253
432 970
996 601
611 990
502 111
1015 613
415 257
535 428
285 391
293 646
725 838
395 974
710 720
111 78
1018 918
703 17
474 483
167 321
447 478
707 196
136 291
290 766
481 795
784 404
851 743
776 541
603 990
513 689
1009 219
252 748
448 217
641 675
563 965
229 708
694 356
567 489
740 674
224 166
836 153
969 714
353 590
477 283
728 304
902 936
1032 311
664 318
519 420
1054 862
345 893
378 319
973 270
156 526
287 193
918 333
357 28
219 230
930 777
867 328
650 99
160 568
800 762
417 966
1085 863
162 958
960 69
263 126
1018 747
744 908
689 252
236 530
809 148
1066 465
807 136
216 56
189 647
645 60
400 143
635 781
731 409
880 346
494 174
587 258
427 290
614 315
806 379
888 500
146 539
558 71
845 986
201 585
944 80
893 510
376 850
381 404
321 927
900 146
930 745
739 311
385 67
682 965
618 829
159 598
897 748
192 864
1037 763
885 685
1004 311
868 522
724 892
1094 486
1057 426
941 86
422 67
708 913
1062 609
493 716
129 977
418 303
697 449
473 887
307 427
815 960
779 980
704 183
107 583
672 67
880 77
152 59
332 37
898 170
364 607
737 602
747 32
827 473
1010 642
710 189
833 919
778 290
248 367
911 654
932 468
975 772
791 530
648 808
869 156
205 812
219 467
1077 40
145 945
283 99
565 246
447 538
435 85
902 967
372 433
845 244
122 322
937 625
178 192
548 289
261 16
242 306
333 130
738 615
365 368
206 477
320 827
547 904
108 972
166 858
890 770
543 365
598 67
818 474
411 186
196 716
560 866
752 564
965 765
591 983
634 461
664 545
527 800
161 920
587 969
1083 199
439 275
865 254
232 338
1039 295
791 699
129 143
689 95
680 963
309 979
193 589
899 950
825 864
434 174
712 774
120 681
854 66
125 743
377 439
529 165
279 875
931 24
258 743
631 384
906 833
1020 744
838 22
350 7
381 241
845 478
553 734
606 252
892 103
1059 310
261 659
455 404
992 931
657 609
343 285
131 288
554 727
914 43
962 875
160 658
1092 973
284 605
858 41
936 25
569 599
916 854
293 811
160 274
689 201
731 818
1073 695
986 183
318 432
984 516
647 151
571 995
230 931
524 815
601 766
904 34
870 689
177 278
380 43
523 711
438 997
273 740
339 63
996 853
810 755
130 128
465 531
178 446
176 825
218 429
304 641
599 559
817 666
291 44
919 325
636 217
116 755
912 236
515 652
576 220
158 926
313 352
500 615
815 507
774 870
319 758
502 558
369 661
212 42
557 624
158 138
1089 483
165 52
834 911
1085 115
143 8
1002 966
1069 814
989 620
678 925
421 936
382 982
197 838
238 389
228 613
310 925
958 259
881 248
644 830
511 229
908 759
617 221
483 838
609 75
1056 277
123 666
569 884
524 862
1009 775
613 964
920 453
145 92
391 598
534 601
402 347
487 215
313 428
607 368
891 821
719 855
495 48
417 993
130 11
878 419
789 13
343 559
525 146
394 400
960 827
229 524
1040 905
917 546
236 143
807 132
639 195
507 227
787 140
430 574
977 919
1018 202
861 565
493 869
174 654
237 331
326 65
187 426
1046 379
731 686
204 733
145 430
256 231
116 562
297 541
894 759
582 254
168 621
1039 747
807 610
151 722
642 957
872 840
919 752
568 337
377 630
1036 68
769 26
518 82
765 891
937 788
522 203
825 877
908 520
832 313
118 690
783 757
397 683
828 18
721 636
914 241
1039 982
594 128
437 100
667 20
682 307
1015 895
669 918
300 834
542 82
556 280
919 333
616 834
781 666
466 793
161 901
154 257
889 765
796 901
890 212
744 504
421 415
264 84
749 344
1002 699
192 613
483 458
563 813
710 832
136 984
182 926
965 374
705 144
283 276
611 954
269 531
709 318
471 883
931 359
926 30
194 244
356 938
815 221
382 879
676 334
419 495
919 455
469 214
1028 299
739 903
571 531
129 484
1011 316
976 323
584 871
825 746
331 263
936 172
830 419
756 679
848 711
185 757
317 629
328 819
576 284
768 778
791 241
903 467
267 703
535 664
1023 981
698 524
314 600
698 528
455 816
377 756
662 245
398 873
1029 899
712 959
618 990
617 570
164 30
351 8
552 484
1024 313
1052 544
520 709
967 524
754 535
647 686
745 75
841 204
1017 307
1090 489
1040 259
544 343
920 451
178 8
503 206
252 54
1033 233
764 615
176 819
1023 30
815 612
132 465
864 608
653 870
846 52
392 633
760 713
505 372
615 583
821 543
678 340
801 990
1056 20
111 936
1042 20
179 104
398 49
854 676
298 784
541 990
516 634
371 918
406 916
435 203
991 312
976 552
518 341
339 171
879 782
489 673
964 781
236 741
378 104
953 464
232 633
308 780
976 270
144 255
659 567
176 889
174 24
277 450
138 967
363 587
856 125
1005 793
744 289
842 762
393 517
742 855
213 312
916 502
720 875
377 265
329 867
613 149
234 571
458 826
228 995
308 774
551 69
854 588
733 475
645 398
729 923
814 91
703 151
647 700
840 284
607 692
1043 712
687 927
699 746
164 266
595 532
604 968
952 44
926 761
1070 17
455 220
430 835
124 747
253 468
748 437
228 246
117 919
141 233
360 703
425 219
1049 623
529 992
558 515
538 967
288 67
114 834
128 186
678 305
827 183
792 107
737 452
109 280
411 255
123 996
503 699
920 166
578 243
164 970
404 175
379 815
900 67
420 523
771 569
548 703
760 889
809 276
993 763
558 510
319 743
927 535
202 610
206 87
453 838
256 51
921 607
531 196
924 330
1075 844
309 388
781 349
671 931
570 531
988 97
609 677
632 431
137 435
840 542
880 518
856 13
892 732
575 619
759 978
461 134
1046 885
954 695
522 70
247 922
789 561
547 326
599 346
1004 596
369 707
1087 449
996 57
401 936
135 683
874 55
250 964
729 851
430 698
820 684
409 763
741 105
158 951
490 678
932 82
586 28
815 302
874 602
970 456
124 975
230 80
570 221
842 145
224 147
914 527
908 629
820 806
356 935
777 191
313 318
131 912
751 967
1086 755
604 279
294 319
414 940
339 473
207 677
383 897
867 309
1024 965
425 463
548 350
386 816
597 9
1063 174
1051 169
193 280
355 430
247 386
914 544
623 848
864 722
961 683
122 363
373 970
1059 147
410 63
195 101
438 877
676 312
757 86
777 891
665 722
612 152
813 769
205 497
453 534
550 203
252 823
509 751
528 790
159 791
393 72
556 347
836 370
272 142
837 60
1035 827
1087 379
796 328
1010 989
922 161
677 586
166 80
883 22
207 598
257 867
1072 632
696 860
149 397
1066 899
970 979
1088 18
740 106
775 596
283 251
121 776
637 167
538 220
403 564
412 694
694 582
901 145
745 749
578 60
552 369
640 647
347 112
158 420
803 755
513 578
869 946
380 234
719 943
767 355
197 70
947 815
919 899
885 983
293 222
179 863
170 515
441 160
732 592
918 270
124 433
898 501
850 818
1000 888
1017 256
586 194
239 393
