
896 3831
585 485
194 94
426 326
606 506
348 248
516 416
521 421
1092 992
422 322
749 649
895 795
337 237
143 43
557 457
945 845
915 815
1055 955
546 446
352 252
522 422
109 9
891 791
1001 901
459 359
222 122
767 667
194 94
698 598
838 738
107 7
674 574
644 544
815 715
434 334
982 882
866 766
467 367
1094 994
1084 984
993 893
399 299
733 633
533 433
231 131
782 682
528 428
172 72
800 700
974 874
717 617
238 138
974 874
956 856
820 720
245 145
519 419
1095 995
894 794
629 529
296 196
299 199
1097 997
377 277
216 116
197 97
1008 908
819 719
639 539
342 242
807 707
207 107
669 569
222 122
637 537
170 70
1031 931
198 98
826 726
700 600
587 487
745 645
872 772
367 267
613 513
1072 972
181 81
995 895
1043 943
313 213
158 58
848 748
403 303
587 487
864 764
1023 923
636 536
129 29
824 724
774 674
889 789
266 870
278 623
938 793
528 937
818 188
517 487
966 707
265 314
146 917
456 921
642 725
1037 710
458 457
872 352
1070 467
301 700
343 275
1091 969
614 542
479 62
665 369
819 331
420 357
655 708
721 99
551 269
711 679
206 741
445 739
968 454
966 387
793 831
704 819
682 137
682 94
593 378
697 883
704 477
708 789
301 590
537 146
250 295
394 50
835 733
739 677
361 526
753 264
255 903
373 414
199 816
1012 770
708 410
668 861
1036 702
120 433
911 282
1074 660
858 924
524 325
621 576
468 681
819 910
1065 685
451 49
357 606
331 650
428 874
1065 656
741 454
268 302
821 715
304 244
756 873
289 745
1063 295
663 516
120 264
560 950
224 937
774 601
907 220
681 463
665 685
855 969
675 219
676 438
353 145
874 560
983 841
646 850
577 284
691 754
786 158
1043 886
299 389
532 516
724 163
769 614
215 143
200 82
333 544
407 897
750 618
376 369
764 337
889 961
761 974
673 822
626 95
511 662
431 745
1036 570
756 266
390 235
849 335
840 645
381 840
413 948
156 929
522 706
690 484
229 564
339 610
869 612
675 972
371 275
906 111
258 628
935 225
334 523
176 615
999 905
968 486
918 364
903 884
301 178
137 814
753 494
712 595
126 803
560 413
939 519
488 955
212 551
471 226
817 682
828 787
380 284
120 450
165 947
125 434
509 530
148 101
467 150
1089 95
907 297
506 408
691 241
262 916
729 40
972 796
1045 793
217 714
172 152
366 590
556 841
707 913
500 930
865 773
558 724
448 938
841 177
510 671
889 150
385 613
368 78
1048 368
973 596
251 491
505 265
952 478
319 967
706 917
504 139
1044 149
743 547
317 331
840 592
953 861
203 487
272 271
385 410
558 765
829 768
474 625
719 554
379 79
435 891
120 374
1004 990
382 747
599 926
889 935
827 249
524 953
425 65
1067 924
337 369
646 363
610 547
808 449
722 588
1093 932
841 794
263 955
817 388
982 207
1083 126
880 404
902 895
456 389
926 930
420 494
396 805
163 754
425 993
141 690
986 545
564 69
953 563
282 228
1061 84
294 526
935 688
936 837
126 880
1074 739
530 367
504 333
953 489
965 986
438 941
834 537
665 856
360 664
528 279
794 818
1010 597
864 700
1093 748
763 449
859 242
293 886
882 843
593 374
1095 738
880 446
147 982
613 392
487 840
647 867
874 608
968 295
974 291
512 147
228 496
662 795
687 710
174 185
1057 282
990 825
447 552
387 279
890 357
879 386
1061 46
875 363
720 662
578 798
276 649
636 561
929 132
504 188
466 362
108 278
1007 101
1072 13
762 355
946 785
161 880
421 513
189 935
569 936
207 944
737 434
247 794
111 223
628 30
1022 438
974 204
982 654
689 490
952 327
690 416
227 297
792 692
209 420
1010 85
186 682
571 194
756 114
923 646
884 205
836 953
228 942
669 759
442 329
128 806
978 53
810 487
959 427
861 123
1088 704
709 76
429 801
177 923
345 750
124 337
495 480
240 114
603 537
169 444
899 16
373 24
936 803
1085 773
763 198
743 81
589 256
183 424
110 790
876 798
935 902
107 565
438 843
468 180
480 789
353 32
318 435
713 621
195 375
115 652
1063 422
996 118
178 58
154 990
110 7
281 394
353 569
489 398
437 642
280 361
301 290
735 351
446 827
109 307
578 81
850 513
473 754
465 616
340 984
838 349
107 830
431 380
402 86
1002 226
272 418
757 174
1002 960
341 25
662 11
595 50
1041 357
229 378
428 377
545 579
896 510
677 188
441 70
818 725
598 970
710 347
375 835
1010 223
938 433
827 450
161 616
446 293
579 457
161 989
828 195
182 657
214 879
342 101
1067 888
204 83
317 717
1080 177
256 708
893 633
167 425
396 227
462 696
735 848
818 484
706 92
1007 544
992 679
700 875
743 358
292 213
398 459
952 712
653 634
1052 163
961 609
294 381
357 800
154 976
469 925
704 367
604 536
930 197
879 413
428 598
158 159
751 964
141 673
152 474
510 372
247 119
893 277
920 454
157 633
417 396
838 202
577 18
238 495
773 870
427 682
1097 203
147 551
813 470
299 489
188 241
186 783
568 482
570 436
421 542
865 671
613 516
1007 465
949 708
696 297
121 694
672 949
650 745
759 423
395 498
183 225
678 606
556 577
509 224
228 768
228 174
514 449
892 345
895 443
967 126
190 880
663 619
333 715
1042 99
662 558
669 146
730 572
178 372
839 229
743 652
923 335
136 38
249 36
329 430
437 357
770 596
666 131
591 690
403 266
288 969
186 843
215 348
730 19
882 10
901 319
438 653
139 238
282 476
444 321
1039 450
374 214
290 755
617 122
119 670
754 389
571 319
128 171
276 747
1057 620
1075 929
475 571
556 599
800 794
232 464
876 74
457 883
350 288
299 797
521 683
111 216
240 198
853 449
935 80
607 682
651 614
394 306
1053 828
189 696
381 510
376 463
364 948
250 558
673 255
520 895
970 375
814 963
292 770
109 432
591 820
269 237
129 300
532 16
897 632
255 574
1070 601
581 727
679 580
240 162
693 950
219 10
208 619
604 393
703 353
877 759
143 196
176 286
1041 392
154 296
989 537
342 752
317 883
618 350
512 262
495 777
965 413
159 534
480 890
454 672
177 445
1004 14
888 849
869 125
624 82
500 833
755 95
195 819
992 187
803 380
177 499
878 290
306 234
370 69
610 591
1092 341
199 865
713 874
538 65
674 352
1006 785
372 743
251 876
908 938
254 937
744 482
1044 781
866 14
771 608
1089 769
850 986
892 934
1070 933
1021 591
913 262
524 448
582 773
622 95
456 173
298 760
1079 647
571 711
462 472
543 961
407 153
544 366
306 358
766 842
822 944
546 52
1037 102
457 380
290 935
860 979
181 535
510 489
421 503
949 656
684 102
953 232
857 803
187 853
318 473
887 536
422 244
595 118
252 840
310 110
285 218
241 203
430 373
709 823
675 343
757 278
777 195
637 72
308 137
468 139
370 995
126 616
756 707
946 171
896 556
1097 721
369 671
1079 270
677 788
1093 188
737 564
588 323
761 994
773 319
347 139
319 981
687 113
739 890
814 401
724 197
113 637
520 818
459 859
912 612
677 915
752 581
765 835
754 165
676 18
943 858
673 145
838 744
932 408
192 649
590 717
831 382
443 460
384 541
561 267
117 354
359 293
589 333
979 68
150 832
945 381
394 873
790 454
1054 462
786 278
758 364
910 465
1082 869
731 260
828 23
738 552
855 443
978 318
237 718
240 201
1066 138
441 843
737 745
395 137
640 502
370 189
942 727
713 505
975 222
383 175
618 925
425 788
713 821
116 273
197 959
801 567
289 243
218 293
845 339
566 320
241 676
518 621
767 927
975 238
820 452
580 832
210 283
1066 845
712 136
669 445
872 79
1007 775
529 948
262 441
279 343
328 620
478 78
224 207
436 381
204 307
237 946
1073 216
985 915
701 599
437 154
780 267
720 533
531 40
343 864
139 354
1051 273
185 688
1056 676
687 457
174 258
948 188
886 773
674 839
1051 132
325 524
341 620
717 258
158 839
411 802
863 274
375 403
313 179
554 864
449 833
654 181
796 668
657 127
670 578
695 868
863 856
826 402
945 693
523 498
1066 398
650 824
717 89
566 416
928 17
167 572
641 10
942 424
687 672
870 846
989 343
832 243
952 134
630 962
686 529
446 525
629 661
613 58
204 41
480 300
1087 858
111 792
294 265
529 104
994 835
223 273
173 794
805 194
782 481
731 390
725 396
450 285
849 850
893 696
148 423
665 481
1050 911
1052 29
427 393
664 367
1013 666
428 56
454 108
953 29
118 523
524 486
460 309
561 43
828 99
744 298
194 68
931 723
1034 64
861 306
824 143
291 843
1039 785
556 974
1095 181
607 15
497 585
1044 661
825 154
744 816
202 382
295 63
1009 81
498 677
1021 285
404 783
922 454
634 492
155 191
485 379
1034 14
931 198
246 779
443 907
1061 951
247 660
698 375
717 765
379 386
222 255
268 144
1013 98
191 578
196 556
553 57
679 972
1026 338
243 992
843 103
360 157
1008 103
252 569
800 935
644 237
645 856
635 910
194 663
828 40
199 381
877 672
