
1118 4455
585 485
194 94
426 326
606 506
348 248
516 416
521 421
1092 992
422 322
749 649
895 795
337 237
143 43
557 457
945 845
915 815
1055 955
546 446
352 252
522 422
109 9
891 791
1001 901
459 359
222 122
767 667
194 94
698 598
838 738
107 7
674 574
644 544
815 715
434 334
982 882
866 766
467 367
1094 994
1084 984
993 893
399 299
733 633
533 433
231 131
782 682
528 428
172 72
800 700
974 874
717 617
238 138
974 874
956 856
820 720
245 145
519 419
1095 995
894 794
629 529
296 196
299 199
1097 997
377 277
216 116
197 97
1008 908
819 719
639 539
342 242
807 707
207 107
669 569
222 122
637 537
170 70
1031 931
198 98
826 726
700 600
587 487
745 645
872 772
367 267
613 513
1072 972
181 81
995 895
1043 943
313 213
158 58
848 748
403 303
587 487
864 764
1023 923
636 536
129 29
824 724
774 674
889 789
640 540
579 479
654 554
242 142
567 467
439 339
146 46
741 641
810 710
296 196
653 553
594 494
291 191
166 66
824 724
924 824
830 730
308 208
1088 988
811 711
190 90
900 800
440 340
414 314
649 549
389 289
296 196
501 401
965 865
566 466
778 678
789 689
670 570
933 833
1036 936
325 225
822 722
344 244
751 651
949 849
223 123
213 113
531 431
479 379
608 508
461 361
685 585
165 65
953 853
586 486
742 642
786 686
1092 992
386 286
825 725
989 889
386 286
124 24
912 812
591 491
959 859
991 891
763 663
190 90
188 88
281 181
279 179
314 214
287 187
117 17
719 619
572 472
361 261
518 418
946 846
519 419
292 192
456 356
361 261
782 682
614 514
406 306
986 886
301 201
630 530
485 385
949 849
1052 952
394 294
600 500
899 799
294 194
491 391
837 737
430 330
424 324
398 298
1092 992
890 790
324 224
375 275
360 260
926 826
197 97
172 72
310 210
966 866
749 649
1051 951
1019 919
848 748
163 63
785 685
1058 958
1056 956
904 804
664 564
618 518
283 183
528 428
500 400
637 537
821 721
446 346
307 207
253 153
423 323
1071 971
711 611
762 662
216 116
297 197
209 109
191 91
895 795
629 529
443 343
226 126
962 862
847 747
785 685
569 469
110 10
870 770
981 881
1034 934
1084 984
823 723
503 403
995 895
460 360
668 568
549 449
272 172
641 541
1058 958
372 272
483 383
977 877
408 308
459 359
1070 970
807 707
683 583
408 308
148 48
870 770
1030 930
130 30
669 569
308 208
103 3
411 311
120 20
200 100
709 609
1039 939
987 887
522 422
925 825
885 785
1030 930
470 370
1004 904
1089 989
341 241
1069 969
479 379
243 143
476 376
1072 972
1062 962
128 28
989 889
161 61
543 443
738 638
316 216
448 348
438 338
447 347
260 160
166 66
506 406
491 391
259 159
738 638
131 31
395 295
304 204
926 826
520 420
296 196
253 153
549 449
525 425
955 855
431 331
243 143
665 565
587 487
938 838
240 140
109 9
664 564
1018 918
715 615
633 533
235 135
332 232
664 564
1057 957
460 360
691 591
893 793
676 576
263 163
846 746
959 859
477 377
860 760
958 858
811 711
186 86
762 662
534 434
259 159
658 558
760 660
379 279
368 268
940 840
1048 948
835 735
415 315
674 574
776 676
226 126
441 341
1012 912
789 689
839 739
994 894
921 821
806 706
725 625
590 490
1017 917
578 478
301 201
771 671
1093 993
1032 932
249 149
999 899
152 52
337 237
859 759
287 187
367 267
572 472
356 256
872 772
883 783
198 98
217 117
1006 906
616 516
1011 911
280 180
735 635
125 25
325 225
480 380
923 823
812 712
264 164
366 266
443 343
316 216
832 732
548 448
602 502
641 541
840 740
764 664
676 576
1054 954
712 612
826 726
1002 902
872 772
554 454
631 531
511 411
1043 943
1073 973
850 750
803 703
427 327
950 850
1017 917
177 77
105 5
320 220
213 113
902 802
1013 913
503 403
891 791
281 181
1098 998
110 10
959 859
625 525
445 345
1019 919
531 431
768 668
775 675
627 527
933 833
562 462
538 438
391 291
623 523
705 605
1016 916
557 457
520 420
505 405
215 115
517 417
760 660
379 279
361 261
785 685
872 772
696 596
488 388
407 307
864 764
324 224
943 843
422 322
306 206
940 840
507 407
1075 975
739 639
501 401
952 852
191 91
642 542
427 327
160 60
430 330
857 757
282 182
182 82
703 603
737 637
893 793
193 93
715 615
714 614
833 733
236 136
964 864
287 187
116 16
202 102
963 863
1072 972
1087 987
263 163
406 306
601 501
134 34
577 477
867 455
874 137
224 192
484 878
1095 308
578 600
220 192
803 191
1097 920
949 816
390 299
195 933
204 808
1086 257
392 773
1075 296
304 259
1059 93
368 734
113 521
333 127
218 926
838 809
948 614
659 134
1097 799
1012 233
357 910
382 451
500 34
300 117
866 628
368 671
479 254
652 134
575 162
583 272
853 323
131 101
587 446
398 590
464 431
833 47
549 92
513 666
103 8
919 457
555 482
1031 860
183 10
1027 911
884 849
128 880
875 518
1017 761
406 289
449 26
454 632
794 579
243 149
744 678
473 397
113 603
772 274
215 295
269 562
276 215
444 443
304 700
783 898
172 152
993 618
141 752
746 909
157 798
985 579
971 581
774 941
956 673
881 525
856 15
591 41
577 453
1053 385
631 622
402 978
459 164
1025 266
170 810
249 929
594 338
681 407
288 168
218 17
492 719
490 927
707 464
200 552
368 653
540 253
553 675
594 502
345 147
490 926
1001 796
370 553
454 301
1076 57
707 758
991 341
534 222
1052 282
856 21
843 772
274 419
900 194
908 714
333 927
755 943
362 750
934 940
976 505
275 569
391 326
843 832
917 143
673 475
739 147
1059 604
615 876
651 795
796 11
696 40
504 50
775 781
480 423
823 428
662 494
836 238
711 116
500 3
218 947
1077 951
587 345
479 953
308 284
842 34
886 491
822 62
714 765
1012 185
208 612
235 827
364 41
410 304
1048 254
651 75
324 722
211 669
979 141
947 284
894 347
165 230
632 212
933 825
620 581
1075 767
775 722
140 190
164 883
111 741
374 678
491 821
134 214
782 574
342 524
297 730
669 113
928 917
521 362
543 504
775 286
1037 666
537 126
474 90
293 779
299 707
790 382
596 279
725 65
368 41
964 435
421 128
956 645
565 893
502 544
426 628
1006 899
790 502
280 671
774 445
1070 237
607 84
427 470
721 987
660 276
681 725
864 246
826 581
718 223
888 649
1074 211
227 989
396 973
1070 229
110 196
267 358
184 171
791 699
671 745
217 14
894 448
855 60
833 688
591 691
749 210
651 680
698 844
945 113
428 665
321 786
955 585
557 690
626 711
742 223
565 334
739 970
304 981
475 922
179 508
177 577
1017 710
620 537
575 772
637 537
207 220
521 694
262 264
568 895
890 223
286 664
885 437
1018 786
1052 586
339 339
417 848
203 139
799 412
989 519
410 641
629 279
1027 912
125 995
589 982
582 354
205 275
977 949
1030 434
842 795
106 530
150 264
914 321
864 732
661 825
154 131
798 797
702 142
797 27
104 699
377 477
590 849
775 424
511 138
200 919
1064 182
975 557
200 274
723 350
777 267
797 80
695 780
210 595
613 270
759 358
389 392
209 5
572 679
496 217
997 414
673 339
827 409
455 897
773 275
403 16
469 853
770 622
387 836
910 441
562 702
939 165
1068 652
166 398
223 230
664 387
556 411
346 973
950 819
715 160
758 964
838 767
236 360
982 786
1029 247
891 878
886 115
649 589
759 542
601 153
723 419
832 244
426 250
524 634
579 659
936 47
873 688
843 46
464 543
807 136
820 240
131 198
1094 861
1031 342
1098 439
709 457
225 195
797 245
483 164
743 995
1057 295
795 13
298 992
1083 601
475 325
1084 921
699 898
200 710
690 265
651 504
186 408
115 660
269 60
812 140
786 854
1096 803
747 731
852 652
1044 994
1094 719
193 94
449 683
145 18
1072 143
375 230
282 10
1040 45
1033 927
164 80
138 159
865 87
629 798
140 527
210 940
859 196
299 170
1058 507
308 59
330 402
747 918
685 10
999 773
1058 487
727 346
1098 838
732 305
952 4
933 941
479 712
844 378
668 665
356 82
743 643
145 159
156 211
988 682
583 881
651 169
249 877
260 189
1091 402
408 323
861 154
598 799
581 499
881 351
846 325
1054 204
587 224
966 967
313 868
655 895
632 72
644 500
955 723
332 230
226 974
905 86
1011 335
777 326
349 877
461 992
970 778
1058 198
791 409
849 975
708 364
550 101
377 913
583 577
1079 914
228 353
720 503
705 582
326 930
1072 162
233 693
708 546
466 82
187 657
332 745
236 513
287 116
238 878
126 472
843 105
706 219
1013 917
629 524
960 715
701 606
749 813
434 4
575 92
598 477
949 5
597 482
747 982
963 736
364 374
299 227
1056 108
1009 521
609 305
846 628
656 746
721 409
951 437
451 502
295 891
529 230
228 893
743 57
1028 559
234 941
842 889
643 987
446 252
105 480
463 537
656 265
306 228
166 226
380 262
532 269
767 676
548 711
575 59
202 402
485 46
843 238
714 635
1057 997
1016 994
818 698
856 250
1042 33
309 404
997 572
849 445
254 830
1038 137
1003 195
328 39
362 298
606 845
329 965
798 559
167 456
335 420
786 279
1062 437
301 286
1088 280
111 610
554 629
866 727
903 409
541 286
461 967
543 445
1039 668
494 693
258 954
594 416
1048 201
999 456
981 348
688 82
370 33
1050 72
730 442
164 480
641 146
967 572
151 549
686 148
808 336
413 303
847 915
439 861
747 204
504 718
566 841
560 399
407 373
237 214
913 689
256 532
824 380
304 599
962 696
429 180
617 112
706 501
482 874
737 289
201 631
666 90
207 147
423 40
1068 904
846 403
157 288
228 451
750 967
947 518
729 470
713 529
648 888
773 61
1089 902
548 538
352 451
1011 842
132 770
572 284
615 234
458 693
193 197
1084 370
777 308
840 18
385 322
245 127
633 295
608 171
276 477
1095 150
350 371
411 882
594 700
346 366
220 134
852 723
387 129
686 549
683 231
1033 817
586 137
185 129
338 528
866 535
857 249
905 87
460 710
524 964
786 337
572 310
204 424
1008 614
891 76
545 527
1065 377
1014 243
585 195
460 897
741 520
559 257
218 393
527 255
108 528
975 946
942 621
1007 106
989 891
511 282
742 466
494 704
1031 829
615 731
715 749
315 605
533 775
414 562
107 836
151 780
1092 214
636 585
323 131
391 946
316 392
1036 305
306 516
333 663
983 16
106 964
845 179
751 522
597 386
141 861
357 22
279 655
927 425
402 834
382 123
430 417
833 611
290 173
1062 202
274 491
878 889
582 629
741 126
1030 155
866 296
421 496
1075 860
296 443
577 85
830 450
982 867
269 784
812 165
492 10
747 76
782 266
158 54
669 526
421 57
169 656
408 31
953 519
624 255
714 139
571 594
429 253
690 109
471 364
197 122
546 909
197 869
375 814
753 369
278 888
248 726
980 184
876 666
127 55
737 31
377 649
322 837
214 463
912 120
221 155
850 285
353 838
630 282
280 880
688 115
723 657
741 766
584 251
1089 279
1072 868
498 671
1062 419
747 279
552 302
342 655
1021 270
1050 836
598 33
1066 578
219 677
944 208
472 13
923 447
888 569
824 88
213 41
350 202
619 510
407 299
570 982
1090 713
308 455
182 219
704 739
437 609
198 137
822 131
1078 943
189 864
115 893
1001 221
594 461
253 768
853 129
388 178
261 135
1087 726
569 906
581 430
859 89
323 570
863 615
422 85
927 672
586 922
957 615
1026 108
553 320
890 451
826 491
689 782
273 517
885 444
224 252
669 570
427 363
662 40
337 21
263 545
168 183
106 487
188 941
892 135
662 342
264 843
885 87
148 649
127 11
477 652
368 274
645 333
401 590
128 314
970 228
103 154
683 136
627 676
752 803
211 431
181 110
890 644
859 30
186 212
137 509
750 293
545 410
696 779
982 332
634 202
436 625
1006 49
962 265
294 185
945 114
703 283
159 780
857 880
579 870
258 998
819 334
617 341
812 552
872 488
497 700
113 861
853 527
759 400
462 480
735 361
171 345
623 494
1072 223
306 173
301 675
120 855
669 997
365 951
213 357
253 787
176 974
296 846
429 772
773 119
144 70
306 618
177 23
234 113
431 968
954 796
188 205
571 334
127 743
177 826
271 807
505 390
955 751
1094 958
333 796
1033 116
744 432
447 556
745 990
1061 810
932 540
951 241
1002 919
386 66
414 284
1002 396
629 8
1018 660
1074 490
559 137
506 753
324 887
290 974
299 615
609 182
320 548
988 737
297 74
724 997
614 243
381 389
900 119
348 530
330 577
268 608
959 170
1017 426
171 120
618 332
925 196
585 292
503 641
200 377
300 645
954 123
797 832
436 572
296 344
507 600
657 769
265 532
363 77
238 84
815 634
719 759
1095 569
719 628
776 955
481 539
112 726
1029 689
526 699
749 327
967 690
814 662
414 452
847 391
106 651
613 961
942 17
881 906
276 635
170 705
160 972
675 209
217 171
797 25
141 60
268 909
698 168
130 83
772 129
415 881
141 383
115 294
328 237
1077 544
1023 383
139 880
749 957
1064 792
720 137
265 864
1082 617
732 970
227 242
360 495
587 618
654 491
643 553
165 918
634 596
482 722
836 671
152 242
808 975
436 510
492 58
143 854
380 574
206 377
735 916
1057 686
603 536
809 277
734 34
132 455
373 542
331 35
112 782
952 424
605 970
209 448
933 336
146 572
784 858
795 571
549 168
859 627
627 938
181 980
1018 19
787 24
229 682
1093 529
924 370
193 249
253 648
198 698
201 31
1074 896
817 617
511 189
342 931
557 506
822 666
313 983
110 106
441 749
922 903
269 431
700 154
442 592
893 756
445 141
573 915
778 213
414 657
968 869
741 185
136 481
648 82
209 483
149 694
133 860
521 905
697 502
826 161
1018 502
576 455
767 170
365 413
637 973
300 700
518 44
932 340
164 526
815 640
687 216
781 264
535 481
921 260
1048 635
431 348
535 140
777 550
126 237
572 802
115 18
471 922
1066 582
447 482
146 129
1046 775
977 845
750 168
430 766
903 505
1062 582
128 968
159 395
1028 135
821 377
748 250
162 123
220 532
1054 309
171 137
326 105
723 485
511 81
822 95
981 205
520 174
899 425
274 814
173 123
514 440
391 895
632 762
892 441
448 945
579 303
116 444
231 198
805 428
483 596
822 849
356 841
720 796
1030 200
440 294
809 993
543 629
940 524
646 361
378 863
533 43
1038 820
614 256
698 363
758 613
975 506
863 637
900 633
529 119
729 16
407 721
264 685
217 683
638 792
751 143
233 162
164 389
266 99
139 763
385 299
624 880
1019 516
1041 14
250 413
740 426
