929 4396
585 485
194 94
426 326
606 506
348 248
516 416
521 421
1092 992
422 322
749 649
895 795
337 237
143 43
557 457
945 845
915 815
1055 955
546 446
352 252
522 422
109 9
891 791
1001 901
459 359
222 122
767 667
194 94
698 598
838 738
107 7
674 574
644 544
815 715
434 334
982 882
866 766
467 367
1094 994
1084 984
993 893
399 299
733 633
533 433
231 131
782 682
528 428
172 72
800 700
974 874
717 617
238 138
974 874
956 856
820 720
245 145
519 419
1095 995
894 794
629 529
296 196
299 199
1097 997
377 277
216 116
197 97
1008 908
819 719
639 539
342 242
807 707
207 107
669 569
222 122
637 537
170 70
1031 931
198 98
826 726
700 600
587 487
745 645
872 772
367 267
613 513
1072 972
181 81
995 895
1043 943
313 213
158 58
848 748
403 303
587 487
864 764
1023 923
636 536
129 29
824 724
774 674
889 789
640 540
579 479
654 554
242 142
567 467
439 339
146 46
741 641
810 710
296 196
653 553
594 494
291 191
166 66
824 724
924 824
830 730
308 208
1088 988
811 711
190 90
900 800
440 340
414 314
649 549
389 289
296 196
501 401
965 865
566 466
778 678
789 689
670 570
933 833
1036 936
325 225
822 722
344 244
751 651
949 849
223 123
213 113
531 431
479 379
608 508
461 361
685 585
165 65
953 853
586 486
742 642
786 686
1092 992
386 286
825 725
989 889
386 286
124 24
912 812
591 491
959 859
991 891
763 663
190 90
188 88
281 181
279 179
314 214
287 187
117 17
719 619
572 472
361 261
518 418
946 846
519 419
292 192
456 356
361 261
782 682
614 514
406 306
986 886
301 201
630 530
485 385
949 849
1052 952
394 294
600 500
899 799
294 194
491 391
837 737
430 330
424 324
398 298
1092 992
890 790
324 224
375 275
360 260
926 826
197 97
172 72
310 210
966 866
749 649
1051 951
1019 919
848 748
163 63
785 685
1058 958
1056 956
904 804
664 564
618 518
283 183
528 428
500 400
637 537
821 721
446 346
307 207
253 153
423 323
1071 971
711 611
762 662
216 116
297 197
209 109
191 91
895 795
629 529
443 343
226 126
962 862
847 747
785 685
569 469
110 10
870 770
981 881
1034 934
1084 984
823 723
503 403
995 895
460 360
668 568
549 449
272 172
641 541
1058 958
372 272
483 383
977 877
408 308
459 359
1070 970
807 707
683 583
408 308
148 48
870 770
1030 930
130 30
669 569
308 208
103 3
411 311
120 20
200 100
709 609
1039 939
987 887
522 422
925 825
885 785
1030 930
470 370
1004 904
1089 989
341 241
1069 969
479 379
243 143
476 376
1072 972
1062 962
128 28
989 889
161 61
543 443
738 638
316 216
448 348
438 338
447 347
260 160
166 66
506 406
491 391
259 159
738 638
131 31
395 295
304 204
926 826
520 420
296 196
253 153
549 449
525 425
955 855
431 331
243 143
665 565
587 487
938 838
240 140
109 9
664 564
1018 918
715 615
633 533
235 135
332 232
664 564
1057 957
460 360
691 591
893 793
676 576
263 163
846 746
959 859
477 377
860 760
958 858
811 711
186 86
762 662
534 434
259 159
658 558
760 660
379 279
368 268
940 840
1048 948
835 735
415 315
674 574
776 676
226 126
441 341
1012 912
789 689
839 739
994 894
921 821
806 706
725 625
590 490
1017 917
578 478
301 201
771 671
1093 993
1032 932
249 149
999 899
152 52
337 237
859 759
287 187
367 267
572 472
356 256
872 772
883 783
198 98
217 117
1006 906
616 516
1011 911
280 180
735 635
125 25
325 225
480 380
923 823
812 712
264 164
366 266
443 343
316 216
832 732
548 448
602 502
641 541
840 740
764 664
676 576
1054 954
712 612
826 726
1002 902
872 772
554 454
631 531
511 411
1043 943
1073 973
850 750
803 703
427 327
950 850
1017 917
177 77
105 5
320 220
213 113
902 802
1013 913
503 403
891 791
281 181
1098 998
110 10
959 859
625 525
445 345
1019 919
531 431
768 668
775 675
627 527
933 833
562 462
538 438
391 291
623 523
705 605
1016 916
557 457
520 420
505 405
215 115
517 417
760 660
379 279
361 261
785 685
872 772
696 596
488 388
407 307
864 764
324 224
943 843
422 322
306 206
940 840
507 407
1075 975
739 639
501 401
952 852
191 91
642 542
427 327
160 60
430 330
857 757
282 182
182 82
703 603
737 637
893 793
193 93
715 615
714 614
833 733
236 136
964 864
287 187
116 16
202 102
963 863
1072 972
1087 987
263 163
406 306
601 501
134 34
577 477
940 840
592 492
800 700
221 121
806 706
180 80
887 787
238 138
205 105
760 660
934 834
329 229
898 798
927 827
410 310
548 448
709 609
330 230
790 690
932 832
661 561
589 489
679 579
686 586
160 60
391 291
488 388
765 665
409 309
760 660
507 407
802 702
300 200
253 153
413 313
706 606
1070 970
223 123
133 33
353 253
373 273
809 709
377 277
932 832
1097 997
208 108
140 40
988 888
327 227
581 481
960 860
383 283
1040 940
958 858
708 608
384 284
1090 990
811 711
690 590
950 850
906 806
339 239
152 52
1043 943
901 801
295 195
864 764
195 95
810 710
510 410
486 386
764 664
693 593
1000 900
150 50
212 112
594 494
1063 963
256 156
854 754
1036 936
558 458
1065 965
119 19
186 86
325 225
823 723
669 569
284 184
197 97
968 868
294 194
440 340
854 754
512 412
702 602
587 487
161 61
309 209
795 695
446 346
447 347
960 860
819 719
407 307
200 100
195 95
197 97
921 821
943 843
1041 941
845 745
921 821
386 286
687 587
592 492
301 201
216 116
765 665
631 531
627 527
524 424
912 812
353 253
524 424
526 426
559 459
513 413
443 343
1080 980
936 836
391 291
606 506
933 833
279 179
586 486
1016 916
109 9
530 430
675 575
696 596
1022 922
908 808
245 145
369 269
997 897
612 512
504 404
911 811
842 742
785 685
828 728
667 567
369 269
876 776
203 103
955 855
845 745
818 718
135 35
953 853
879 779
197 97
171 71
246 146
180 80
846 746
942 842
115 15
228 128
1065 965
1041 941
612 512
327 227
580 480
130 30
1058 958
442 342
765 665
705 605
291 191
631 531
1064 964
464 364
615 515
459 359
706 606
967 867
922 822
920 820
636 536
413 313
793 693
307 207
119 19
1011 911
435 335
408 308
201 101
530 430
1022 922
785 685
394 294
741 641
1010 910
213 113
510 410
241 141
350 250
790 690
646 546
800 700
829 729
659 559
709 609
581 481
820 720
603 503
1076 976
866 766
859 759
107 7
898 798
982 882
174 74
959 859
748 648
282 182
399 299
525 425
885 785
642 542
946 846
783 683
490 390
953 853
997 897
1038 938
516 416
189 89
937 837
724 624
347 247
281 181
393 293
978 878
244 144
1033 933
1038 938
680 580
567 467
352 252
580 480
307 207
1055 955
758 658
765 665
120 20
126 26
1054 954
664 564
447 347
549 449
859 759
126 26
546 446
621 521
114 14
401 301
757 657
421 321
810 710
713 613
1080 980
488 388
288 188
979 879
736 636
1090 990
303 203
288 188
532 432
1063 963
229 129
920 820
730 630
400 300
609 509
922 822
337 237
355 255
473 373
377 277
938 838
253 153
495 395
500 400
792 692
327 227
203 103
618 518
318 218
547 447
484 384
415 315
1031 931
913 813
496 396
424 324
489 389
602 502
740 640
399 299
387 287
880 780
397 297
476 376
1077 977
616 516
612 512
312 212
319 219
429 329
655 555
910 810
498 398
586 486
389 289
585 485
898 798
516 416
698 598
1052 952
149 49
994 894
672 572
458 358
797 697
121 21
870 770
747 647
825 725
144 44
642 542
783 683
314 214
461 361
987 887
914 814
145 45
331 231
194 94
108 8
382 282
265 165
182 82
596 496
419 319
799 699
726 626
952 852
246 146
559 459
641 541
635 535
974 874
414 314
825 725
1044 944
877 777
406 306
654 554
559 459
308 208
737 637
887 787
547 447
1076 976
508 408
1012 912
207 107
544 444
1062 962
103 3
665 565
401 301
507 407
264 164
957 857
537 437
417 317
752 652
198 98
864 764
918 818
141 41
700 600
837 737
388 288
276 176
1002 902
236 136
667 567
228 128
290 190
494 394
849 749
335 235
1008 908
142 42
376 276
924 824
848 748
784 684
692 592
1079 979
493 393
668 568
463 363
467 367
263 163
152 52
1083 983
742 642
279 179
435 335
116 16
226 126
578 478
230 130
359 259
683 583
968 868
229 129
395 295
852 752
696 596
267 167
171 71
956 856
722 622
740 640
964 864
870 770
744 644
531 431
105 5
295 195
465 365
548 448
529 429
801 701
164 64
1052 952
954 854
980 880
870 770
268 168
188 88
179 79
257 157
1061 961
468 368
572 472
521 421
317 217
819 719
809 709
371 271
247 147
1075 975
396 296
916 816
1009 909
1062 962
864 764
635 535
351 251
538 438
978 878
796 696
853 753
981 881
670 570
418 318
353 253
145 45
766 666
152 52
1031 931
596 496
533 433
413 313
910 810
238 138
778 678
434 334
223 123
1088 988
312 212
510 191
393 279
928 149
863 827
475 644
1061 102
736 162
161 353
551 69
259 885
856 735
642 995
290 881
930 849
890 536
900 7
540 951
410 61
1059 294
419 285
579 249
117 913
791 162
404 538
104 941
176 231
1093 389
829 595
326 648
787 450
302 983
920 532
1028 441
1033 995
686 405
401 779
279 49
332 174
243 989
610 50
232 240
916 538
732 94
361 496
313 711
660 739
1004 814
455 761
330 887
930 223
587 590
869 580
318 925
530 610
413 778
210 981
1091 476
291 151
804 535
707 588
831 217
940 352
174 796
798 84
302 286
339 606
1071 50
460 917
306 564
439 580
489 297
1071 350
337 254
541 57
1020 435
1031 675
285 461
536 174
159 320
757 60
714 314
457 382
975 3
756 149
561 844
516 936
572 683
292 313
1062 92
178 810
191 236
106 26
110 100
126 850
998 129
252 876
129 947
701 759
639 300
145 494
863 124
528 442
185 850
503 896
354 399
720 709
660 841
868 467
667 728
274 573
870 560
371 96
1054 552
436 34
104 377
687 18
629 946
450 847
1023 563
768 729
841 995
742 355
162 131
1050 838
722 366
964 233
1005 353
567 456
702 941
558 398
730 128
556 664
1002 841
447 522
797 870
494 97
939 321
163 354
574 51
577 490
332 280
316 574
174 474
849 739
499 83
361 711
966 575
372 833
870 442
1057 734
871 727
622 492
684 389
370 377
405 542
622 553
945 917
1038 716
105 316
395 753
1044 187
433 226
564 872
407 825
563 994
1030 751
478 511
725 529
160 964
415 818
817 500
910 923
973 58
1021 54
129 660
564 481
279 532
528 846
215 592
805 256
630 833
726 753
126 682
809 544
433 248
445 909
909 198
495 543
449 375
691 893
281 398
389 218
228 923
243 100
1019 499
676 741
343 423
475 896
508 994
1060 313
235 888
560 518
388 610
986 731
999 396
447 923
454 743
912 898
466 669
721 284
896 566
167 828
872 102
476 242
844 904
568 647
621 694
489 486
589 957
849 182
158 173
166 514
126 477
265 503
1012 281
222 953
635 597
949 424
512 213
406 537
105 718
995 510
944 303
368 169
964 752
1056 505
454 364
945 209
448 209
375 487
151 571
294 723
910 503
894 674
644 375
601 477
1086 461
144 400
279 350
492 293
350 444
954 771
256 948
1050 317
959 410
1041 444
194 5
999 415
727 123
1047 386
582 258
745 169
232 230
674 241
876 299
462 641
886 100
927 124
340 814
1016 574
885 625
472 584
367 631
670 416
669 265
960 701
819 637
881 399
1017 980
482 423
839 159
1000 14
1021 212
553 129
238 682
526 926
856 249
734 527
969 514
109 512
843 804
429 562
583 679
618 846
937 717
882 945
1050 721
312 677
652 332
209 396
445 928
830 836
845 441
944 62
1059 258
1018 19
645 297
953 823
727 186
228 303
302 185
168 45
898 875
505 412
310 907
275 444
1063 926
635 169
687 74
465 104
624 188
421 679
464 116
665 734
654 753
928 185
1059 867
713 854
232 197
167 641
118 116
271 200
1075 200
1057 496
522 698
855 97
865 16
1027 624
803 866
790 618
110 583
515 339
1037 627
192 89
877 718
705 372
899 688
1065 413
661 218
995 596
1071 3
546 755
1046 733
448 415
733 751
569 976
1028 157
969 334
667 151
140 906
585 103
377 279
717 977
844 993
851 934
1048 549
218 847
933 926
1074 616
734 828
720 699
596 648
272 601
506 553
352 878
223 541
376 6
282 486
763 214
178 985
405 249
408 238
695 540
182 420
350 673
237 769
429 963
485 346
919 475
364 424
886 409
219 433
1002 402
188 806
229 741
829 59
459 724
564 158
661 32
449 59
593 354
675 716
857 995
1008 592
323 686
1090 764
1034 790
609 454
175 573
432 869
1075 85
212 445
693 423
122 536
1015 731
614 236
964 812
1077 379
159 454
658 883
806 870
895 926
239 789
573 313
961 870
280 861
454 574
673 460
942 311
329 215
570 891
1098 835
682 778
634 436
826 647
363 414
553 386
1047 281
144 770
485 501
1053 709
336 850
129 365
286 626
513 906
387 432
481 779
294 463
841 812
934 217
658 299
1094 834
226 657
121 785
677 783
554 590
366 583
923 387
129 29
848 728
1023 174
874 533
557 816
908 348
1071 152
303 268
778 946
749 363
839 849
682 708
115 489
802 932
419 184
407 445
1075 899
533 209
667 901
565 312
444 456
615 539
1096 202
1049 79
262 300
811 915
204 247
520 705
191 549
909 990
587 244
428 761
634 338
204 987
497 918
641 679
178 654
794 656
781 725
549 524
911 300
215 601
701 377
365 365
414 570
592 189
341 412
455 438
131 718
960 960
835 38
876 847
688 104
301 369
867 355
534 958
1020 196
354 323
152 292
185 81
400 451
1031 349
1013 725
704 899
767 865
626 208
440 750
961 952
308 569
833 294
1083 602
271 952
569 926
620 509
398 757
666 958
939 616
968 157
1039 390
456 218
255 499
1007 793
401 274
754 864
683 878
273 670
793 530
541 574
727 343
437 424
190 358
1065 378
144 441
1023 620
282 290
512 720
133 588
1009 336
813 784
282 640
582 546
333 779
359 461
863 376
557 653
577 964
753 706
1065 829
1053 690
510 619
584 637
362 865
1071 409
1070 764
786 374
963 190
192 543
444 895
613 166
813 58
715 987
871 303
989 276
909 848
973 913
183 679
229 632
111 80
588 39
617 330
1095 72
788 952
630 973
674 721
550 396
625 550
826 684
973 218
804 767
788 595
740 371
1063 936
362 890
744 877
1087 722
852 768
173 457
461 464
662 774
465 951
467 909
1043 692
893 964
702 187
875 323
966 92
579 977
1044 700
295 507
471 95
808 488
379 592
613 876
491 504
1070 918
775 415
377 841
109 33
753 301
948 929
376 952
119 342
224 959
235 391
800 656
920 340
547 594
634 442
445 148
641 484
243 700
777 788
831 583
212 986
183 372
1076 276
884 284
451 410
398 434
609 541
891 83
574 525
663 778
1038 6
848 927
478 229
340 778
1052 558
496 35
567 960
1091 173
1041 584
955 597
615 387
144 744
241 114
663 737
955 299
892 711
358 48
805 222
614 321
365 884
944 39
594 281
1042 892
997 15
414 931
732 437
1039 134
311 809
434 225
889 998
718 25
723 685
985 522
842 70
588 728
1060 327
467 720
785 301
812 472
589 352
232 978
917 523
416 316
333 795
692 7
859 286
838 775
378 609
896 293
314 115
219 699
980 171
765 553
892 130
980 544
417 12
193 449
490 808
1075 717
801 971
291 588
193 699
699 726
944 393
150 569
224 547
417 610
335 436
1061 152
1088 100
1088 849
711 99
530 921
462 931
518 662
483 509
786 251
933 814
813 918
807 966
296 229
867 939
487 650
656 75
843 712
852 957
877 735
1079 640
278 420
861 22
689 148
773 683
474 554
501 554
724 390
478 779
671 420
349 59
1071 221
799 957
784 767
455 857
246 733
707 297
357 94
872 731
405 745
220 650
433 213
583 143
355 368
886 457
595 134
488 238
519 198
569 82
461 155
1090 703
1042 910
754 900
287 868
715 56
345 101
828 799
444 72
414 993
494 581
551 845
769 471
319 277
627 285
539 402
615 143
296 52
507 682
734 506
391 942
306 633
798 140
408 540
1032 258
828 960
370 411
524 191
749 616
379 287
824 109
663 649
299 850
618 622
387 873
1021 265
247 432
627 885
145 370
416 426
822 717
396 342
1010 169
150 888
930 207
517 463
339 586
133 149
875 407
104 501
890 436
511 42
759 917
375 20
315 65
348 30
840 859
805 608
613 42
273 268
424 527
610 270
678 920
610 355
795 296
445 718
1023 110
490 834
1067 967
706 69
358 260
644 615
669 806
701 369
994 856
391 543
466 776
449 94
374 647
1094 421
173 447
784 907
157 615
811 767
114 721
1038 485
469 672
1085 224
851 113
279 777
187 625
970 933
396 543
870 826
246 301
608 925
720 132
134 788
467 636
380 270
772 873
915 279
897 713
1057 760
161 792
430 303
779 450
917 872
1054 21
563 529
609 664
1033 12
803 424
1067 663
672 375
929 473
218 922
793 165
575 852
932 720
500 834
467 285
536 302
481 850
510 704
907 466
846 918
1080 319
689 54
730 893
257 347
505 124
367 773
756 109
488 186
627 793
674 537
739 311
1094 361
563 568
799 793
1070 852
716 843
660 831
540 512
492 517
138 508
518 542
824 756
201 864
299 177
729 497
899 191
249 434
889 22
992 987
830 419
423 580
369 777
531 419
163 166
759 365
