
980 3658
94 485
506 326
416 248
992 421
649 322
237 795
457 43
815 845
446 955
422 252
791 9
359 901
667 122
598 94
7 738
544 574
334 715
766 882
994 367
893 984
633 299
131 433
428 682
700 72
617 874
874 138
720 856
419 145
794 995
196 529
997 199
116 277
908 97
539 719
707 242
569 107
537 122
931 70
726 98
487 600
772 645
513 267
81 972
943 895
58 213
303 748
764 487
536 923
724 29
789 674
479 540
142 554
339 467
641 46
196 710
494 553
66 191
824 724
208 730
711 988
800 90
314 340
289 549
401 196
466 865
689 678
833 570
225 936
244 722
849 651
113 123
379 431
361 508
65 585
486 853
686 642
286 992
889 725
24 286
491 812
891 859
90 663
181 88
214 179
17 187
472 619
418 261
419 846
356 192
682 261
306 514
201 886
385 530
952 849
500 294
194 799
737 391
324 330
992 298
224 790
260 275
97 826
210 72
649 866
919 951
63 748
958 685
804 956
518 564
428 183
537 400
346 721
153 207
971 323
662 611
197 116
91 109
529 795
126 343
747 862
469 685
770 10
934 881
723 984
895 403
568 360
172 449
958 541
383 272
308 877
970 359
583 707
48 308
930 770
569 30
3 208
20 311
609 100
887 939
825 422
930 785
904 370
241 989
379 969
376 143
962 972
889 28
443 61
216 638
338 348
160 347
406 66
159 391
31 638
204 295
420 826
153 196
425 449
331 855
565 143
838 487
9 140
918 564
533 615
232 135
957 564
591 360
576 793
746 163
377 859
858 760
86 711
434 662
558 159
279 660
840 268
735 948
574 315
126 676
912 341
739 689
821 894
625 706
917 490
201 478
993 671
149 932
52 899
759 237
267 187
256 472
783 772
117 98
516 906
180 911
25 635
380 225
712 823
266 164
216 343
624 836
264 495
821 913
829 721
310 287
975 817
731 527
850 325
925 501
888 280
361 202
276 665
458 256
388 723
819 741
856 842
229 527
984 502
48 393
910 583
92 807
960 641
534 55
278 339
996 61
672 553
727 489
879 793
606 729
707 433
142 259
796 717
263 840
98 622
841 652
990 595
933 603
379 401
670 222
730 971
687 454
959 71
287 651
489 241
963 139
953 816
555 638
427 713
494 495
413 993
299 514
916 32
103 335
71 218
561 569
323 50
293 885
498 974
285 375
969 39
474 533
872 298
415 710
56 744
325 664
823 134
104 992
492 671
909 845
916 963
956 383
136 981
888 733
204 578
65 279
995 24
465 557
106 441
194 375
427 245
889 187
79 547
773 54
337 787
395 897
168 433
437 54
284 293
779 182
686 371
997 406
458 989
802 157
104 217
677 871
587 368
426 52
416 474
791 782
41 671
293 441
909 680
160 677
866 221
93 37
192 663
412 550
610 98
232 374
435 911
400 536
111 678
691 280
53 968
907 672
277 466
326 232
73 189
931 475
416 967
748 911
928 69
588 931
588 654
479 45
963 532
751 572
291 34
5 152
89 349
793 695
503 151
718 225
592 476
246 445
573 45
504 742
39 778
141 410
632 872
613 896
371 339
306 521
694 893
88 431
72 372
296 89
960 472
776 895
931 944
875 255
523 648
866 932
834 185
411 719
813 292
170 371
120 629
77 467
818 212
200 748
630 563
517 52
734 590
145 918
486 590
449 791
487 198
515 415
314 389
859 599
775 467
459 864
497 237
867 578
955 423
50 147
150 175
634 947
371 478
881 707
787 657
115 740
7 499
243 473
322 188
900 88
511 339
718 398
101 732
139 767
908 597
441 861
733 394
351 638
54 855
160 691
196 511
518 565
490 500
703 400
121 122
362 257
635 734
447 95
829 203
695 480
822 33
780 793
401 738
89 429
521 318
496 692
727 572
990 259
746 154
997 395
147 378
170 716
531 700
617 470
323 913
757 192
112 445
444 841
842 202
910 268
384 722
932 887
668 453
587 188
705 885
734 504
884 532
692 891
818 912
479 572
420 537
651 189
485 965
126 931
470 96
97 161
782 618
982 810
961 835
722 589
35 32
278 226
459 260
918 193
599 672
412 105
543 82
12 214
620 968
295 161
701 659
480 110
585 258
278 363
283 892
249 467
276 531
950 666
827 715
843 137
907 27
822 812
725 322
974 605
225 175
943 809
80 212
464 961
535 786
194 266
70 930
109 827
787 609
112 547
833 782
293 499
799 866
315 495
775 142
617 516
570 117
759 459
478 81
580 442
775 794
912 750
298 771
911 316
714 55
55 396
897 884
562 761
539 771
371 505
549 824
492 861
285 218
678 619
44 415
749 549
692 781
626 733
880 730
438 741
697 940
198 770
875 192
452 852
749 773
632 909
982 558
581 915
11 523
980 794
220 596
764 481
403 118
906 663
427 186
969 219
988 417
75 454
65 384
174 592
737 11
148 231
753 16
431 898
456 397
183 39
973 967
690 874
27 781
161 271
497 967
737 498
422 313
880 739
248 772
319 414
306 97
359 231
530 539
918 598
66 171
639 771
176 500
581 302
607 671
116 403
977 776
578 526
850 349
115 354
891 505
342 137
660 897
698 152
826 496
248 864
260 634
906 786
536 667
44 917
655 253
395 872
188 700
156 639
483 959
535 616
877 126
29 140
593 536
410 384
445 45
116 399
225 401
668 415
511 958
230 740
864 978
518 395
625 464
643 950
156 242
724 117
309 918
800 973
352 786
350 743
377 430
740 58
234 435
957 704
614 531
206 555
260 936
649 734
660 165
231 26
709 190
706 820
218 254
587 905
234 651
716 277
325 95
64 845
259 48
637 174
877 793
734 808
991 686
468 308
614 430
834 775
728 954
557 208
919 83
323 49
313 302
442 921
970 871
80 290
374 680
228 618
303 601
493 572
898 552
388 134
101 425
538 672
498 819
149 29
866 195
741 757
706 827
49 732
349 992
308 307
442 837
536 843
287 196
890 388
440 341
569 535
433 688
630 26
540 534
935 801
287 393
765 170
593 62
686 114
98 738
70 164
66 545
453 841
992 475
314 604
483 706
877 758
957 777
985 822
337 420
697 39
704 192
971 752
457 551
99 891
472 90
260 935
866 661
30 418
314 15
694 909
860 929
935 410
666 627
874 126
505 825
708 827
912 59
409 706
935 804
864 869
973 797
473 836
689 481
390 991
3 380
56 760
164 620
57 66
202 984
209 457
852 680
597 575
571 375
496 125
918 381
8 394
429 661
344 259
620 267
202 361
838 105
797 177
324 276
452 560
476 289
948 74
121 645
477 37
796 66
952 886
610 953
570 926
360 694
424 54
845 623
542 637
834 538
746 914
639 351
651 260
224 728
57 428
918 198
48 163
498 148
975 686
487 312
796 355
412 210
200 155
361 696
478 750
983 923
679 974
124 262
536 328
65 311
651 686
269 402
386 485
464 329
964 850
181 549
333 137
961 824
899 395
944 844
841 180
642 938
617 489
847 339
661 891
348 145
381 382
455 781
557 227
930 935
808 678
196 770
960 370
8 953
725 80
41 629
6 922
309 811
635 958
351 663
346 110
565 597
569 319
122 825
138 330
26 990
924 757
319 521
659 724
529 623
287 881
282 659
533 517
576 807
268 256
352 650
598 547
335 84
53 526
471 361
257 729
474 70
717 155
103 410
781 26
774 530
875 340
774 922
196 564
576 667
172 698
298 937
275 332
575 668
977 963
650 167
907 810
36 497
730 778
742 556
578 443
271 464
577 93
230 960
382 597
340 765
410 623
890 576
612 742
931 915
917 281
243 54
647 832
319 274
596 170
569 951
760 347
466 149
720 159
56 292
874 77
976 19
137 820
629 865
829 927
191 870
676 750
155 922
49 372
952 716
191 658
957 779
372 522
65 562
125 432
513 777
991 757
881 949
502 30
588 786
275 801
30 199
23 188
913 207
734 342
251 553
350 125
108 519
628 89
290 373
20 301
499 803
125 835
78 125
745 160
456 141
859 926
460 45
560 351
591 739
784 173
469 839
446 825
922 879
123 154
521 387
609 781
672 163
538 25
518 473
804 414
336 599
556 976
552 185
928 548
311 491
143 577
539 865
368 102
160 257
915 266
517 16
137 281
986 168
389 904
308 286
601 492
511 337
512 537
725 140
915 537
659 693
145 816
171 913
285 33
221 896
152 240
272 660
414 462
850 830
742 415
167 704
68 487
573 427
324 382
937 589
342 361
239 113
216 814
747 496
82 847
650 968
68 201
105 805
874 732
415 267
86 287
362 51
207 37
945 728
421 68
454 828
518 579
468 386
431 242
137 958
581 254
94 603
422 381
313 238
916 589
199 666
587 786
615 742
178 424
610 132
945 84
539 556
741 735
332 938
976 419
725 926
817 746
663 593
527 453
827 677
927 79
711 250
616 220
631 615
95 941
992 470
286 788
555 365
572 214
89 376
294 26
548 48
299 426
28 827
758 582
192 867
296 408
966 35
782 313
329 599
639 450
121 124
514 194
979 39
597 251
146 602
793 576
636 30
934 559
853 314
334 64
437 131
796 659
82 977
423 731
877 253
792 13
801 36
332 810
244 86
108 79
379 482
654 169
927 951
720 360
28 410
711 966
73 227
718 508
968 113
87 472
734 169
145 40
620 882
121 531
119 432
714 117
824 572
678 58
279 666
886 506
974 164
80 916
517 445
258 549
312 497
228 48
110 159
174 587
791 432
532 379
943 744
126 189
192 264
251 485
329 694
426 187
900 969
475 560
605 839
789 510
831 161
45 667
556 563
744 983
214 877
233 590
290 326
130 406
793 109
960 865
644 819
851 732
212 427
867 709
678 584
421 93
211 802
37 992
36 709
825 257
435 408
319 683
554 74
829 934
746 530
820 266
209 125
443 603
688 212
413 669
394 240
883 55
400 429
72 877
755 348
702 23
224 383
389 986
585 602
875 364
145 697
548 469
302 131
782 96
102 814
349 414
833 313
130 236
928 485
958 832
679 487
34 930
429 620
967 356
988 104
331 404
879 638
797 817
447 550
854 823
905 787
240 514
469 600
70 441
76 652
525 418
252 880
831 902
710 818
326 271
98 904
582 42
639 787
961 837
447 357
471 593
912 103
545 839
505 429
331 799
53 699
50 351
374 109
179 698
761 456
457 399
128 691
109 449
710 105
747 263
49 440
785 163
870 962
461 683
403 762
219 731
855 157
768 337
344 869
699 850
879 595
110 459
584 71
187 442
841 586
167 736
828 730
469 133
442 950
589 574
822 432
603 930
113 278
429 245
204 30
401 299
214 428
616 710
330 602
206 881
525 287
393 162
281 286
561 719
14 710
57 579
988 620
396 954
435 532
148 647
438 121
995 566
14 117
