
956 3239
94 485
506 326
416 248
992 421
649 322
237 795
457 43
815 845
446 955
422 252
791 9
359 901
667 122
598 94
7 738
544 574
334 715
766 882
994 367
893 984
633 299
131 433
428 682
700 72
617 874
874 138
720 856
419 145
794 995
196 529
997 199
116 277
908 97
539 719
707 242
569 107
537 122
931 70
726 98
487 600
772 645
513 267
81 972
943 895
58 213
303 748
764 487
536 923
724 29
789 674
479 540
142 554
339 467
641 46
196 710
494 553
66 191
824 724
208 730
711 988
800 90
314 340
289 549
401 196
466 865
689 678
833 570
225 936
244 722
849 651
113 123
379 431
361 508
65 585
486 853
686 642
286 992
889 725
24 286
491 812
891 859
90 663
181 88
214 179
17 187
472 619
418 261
419 846
356 192
682 261
306 514
201 886
385 530
952 849
500 294
194 799
737 391
324 330
992 298
224 790
260 275
97 826
210 72
649 866
919 951
63 748
958 685
804 956
518 564
428 183
537 400
346 721
153 207
971 323
662 611
197 116
91 109
529 795
126 343
747 862
469 685
770 10
934 881
723 984
895 403
568 360
172 449
958 541
383 272
308 877
970 359
583 707
48 308
930 770
569 30
3 208
20 311
609 100
887 939
825 422
930 785
904 370
241 989
379 969
376 143
962 972
889 28
443 61
216 638
338 348
160 347
406 66
159 391
31 638
204 295
420 826
153 196
425 449
331 855
565 143
838 487
9 140
918 564
533 615
232 135
957 564
591 360
576 793
746 163
377 859
858 760
86 711
434 662
558 159
279 660
840 268
735 948
574 315
126 676
912 341
739 689
821 894
625 706
917 490
201 478
993 671
149 932
52 899
759 237
267 187
256 472
783 772
117 98
516 906
180 911
25 635
380 225
712 823
266 164
216 343
448 732
541 502
664 740
954 576
726 612
772 902
531 454
943 411
750 973
327 703
917 850
5 77
113 220
913 802
791 403
998 181
859 10
345 525
431 919
675 668
833 527
438 462
523 291
916 605
420 457
115 405
660 417
261 279
772 685
388 596
764 307
843 224
206 322
407 840
639 975
852 401
542 91
60 327
757 330
82 182
637 603
93 793
614 615
136 733
187 864
102 16
972 863
163 987
501 306
477 34
492 840
121 700
80 706
138 787
660 105
229 834
827 798
448 310
230 609
832 690
489 561
586 579
291 60
665 388
660 309
702 407
153 200
606 313
123 970
253 33
709 273
832 277
108 997
888 40
481 227
283 860
858 940
284 608
711 990
850 590
239 806
943 52
195 801
95 764
410 710
664 386
900 593
112 50
963 494
754 156
458 936
19 965
225 86
569 723
97 184
194 868
754 340
602 412
61 487
695 209
347 346
719 860
100 307
97 95
843 821
745 941
286 821
492 587
116 201
531 665
424 527
253 812
426 424
413 459
980 343
291 836
833 506
486 179
9 916
575 430
922 596
145 808
897 269
404 512
742 811
728 685
269 567
103 776
745 855
35 718
779 853
71 97
80 146
842 746
128 15
941 965
227 512
30 480
342 958
605 665
531 191
364 964
359 515
867 606
820 822
313 536
207 693
911 19
308 335
430 101
685 922
641 294
113 910
141 410
690 250
700 546
559 729
481 609
503 720
766 976
7 759
882 798
859 74
182 648
425 299
542 785
683 846
853 390
938 897
89 416
624 837
181 247
878 293
933 144
580 938
252 467
207 480
658 955
20 665
954 26
347 564
759 449
446 26
14 521
657 301
710 321
980 613
188 388
636 879
203 990
432 188
129 963
630 820
509 300
237 822
373 255
838 277
395 153
692 400
103 227
218 518
384 447
931 315
396 813
389 324
640 502
287 299
297 780
977 376
512 516
219 212
555 329
398 810
289 486
798 485
598 416
49 952
572 894
697 358
770 21
725 647
542 44
214 683
887 361
45 814
94 231
282 8
82 165
319 496
626 699
146 852
541 459
874 535
725 314
777 944
554 306
208 459
787 637
976 447
912 408
444 107
3 962
301 565
164 407
437 857
652 317
764 98
41 818
737 600
176 288
136 902
128 567
394 190
235 749
42 908
824 276
684 748
979 592
568 393
367 363
52 163
642 983
335 179
126 16
130 478
583 259
129 868
752 295
167 596
856 71
640 622
770 864
431 644
195 5
448 365
701 429
952 64
880 854
168 770
79 88
961 157
472 368
217 421
709 719
147 271
296 975
909 816
764 962
251 535
878 438
753 696
570 881
253 318
666 45
931 52
433 496
810 313
678 138
123 334
212 988
74 398
347 280
228 977
365 546
659 945
175 311
375 804
388 535
703 112
967 609
993 82
880 421
537 647
153 504
590 890
494 536
232 518
219 415
553 340
71 12
623 872
854 687
552 373
866 572
341 734
190 70
778 896
489 186
450 624
290 779
625 173
613 893
492 825
920 451
612 544
217 645
185 234
416 644
853 465
227 645
268 694
554 726
531 400
278 654
623 989
660 595
881 661
186 961
262 650
832 751
585 79
96 103
338 677
471 537
517 604
749 277
300 59
698 465
951 310
199 773
274 935
358 889
255 675
68 400
16 84
587 27
592 908
588 200
38 282
236 496
867 941
335 524
597 113
762 453
353 617
327 310
943 624
407 242
480 913
734 860
529 848
175 767
57 17
876 389
126 425
844 660
785 554
130 887
992 22
171 514
246 8
872 917
965 713
35 168
40 67
291 739
453 737
128 842
84 323
542 721
528 760
580 522
550 827
705 819
238 551
254 454
283 925
829 69
288 615
770 498
73 223
326 93
632 683
520 136
9 949
853 588
670 193
941 313
998 84
180 469
204 666
556 172
825 404
339 91
706 777
84 196
905 152
118 386
516 917
945 49
690 96
443 264
109 55
348 703
525 322
19 507
87 983
164 572
111 368
451 952
959 469
378 48
703 846
117 256
424 675
443 893
231 843
374 911
753 323
453 742
878 507
90 7
569 791
322 831
318 291
790 578
835 449
26 156
975 967
815 381
421 872
92 867
267 240
762 27
217 717
668 100
775 783
444 752
328 84
887 825
645 210
100 571
978 27
409 888
283 722
939 806
442 829
586 108
468 162
303 974
505 312
766 242
690 441
753 404
741 138
220 633
324 989
908 26
668 716
276 124
352 590
384 445
139 942
241 530
44 365
307 227
869 850
216 67
377 978
546 736
423 880
437 367
902 26
35 576
695 578
25 40
93 446
436 687
7 521
16 483
715 765
151 15
987 707
741 678
186 675
159 373
843 54
450 463
517 895
305 815
401 591
656 468
705 117
963 384
51 554
265 410
310 534
987 519
897 991
420 7
103 987
24 706
204 409
198 726
807 281
639 735
26 390
904 462
921 230
765 85
895 166
365 120
636 28
780 808
10 152
806 996
406 409
604 861
445 168
910 286
471 436
12 664
939 523
278 268
180 349
61 413
561 212
43 659
897 765
63 886
838 402
687 426
626 983
162 54
495 531
423 901
316 977
178 56
46 650
895 424
593 292
788 767
368 319
788 966
784 418
841 715
58 777
316 626
777 765
154 274
826 345
751 975
873 761
380 432
908 655
76 423
630 692
802 101
179 86
997 527
224 635
452 781
54 885
486 508
979 166
104 923
530 289
912 798
792 987
301 359
892 822
652 531
562 41
248 269
146 27
534 869
198 942
428 520
943 440
637 579
226 612
561 489
796 952
222 181
715 654
336 767
794 545
751 503
476 578
962 506
150 881
650 10
482 47
760 596
932 720
987 962
454 720
649 490
967 113
193 633
940 873
774 728
870 198
919 463
347 906
97 799
524 338
189 515
633 750
222 150
611 425
797 753
954 241
590 318
931 367
392 564
671 900
381 909
913 950
680 612
724 251
532 585
335 497
392 825
508 866
501 968
401 594
950 386
935 893
919 966
924 420
611 135
178 346
293 681
456 947
142 210
571 181
570 231
121 662
725 105
857 198
21 911
975 982
330 417
541 842
985 317
856 109
973 900
153 611
583 591
318 729
820 902
555 129
282 779
29 212
141 372
723 693
426 290
969 48
526 523
867 71
402 479
940 477
114 971
465 665
222 817
611 136
598 102
400 749
404 741
177 656
248 466
875 93
734 322
798 281
967 451
355 968
542 866
974 728
84 135
933 697
754 946
351 952
600 894
109 516
903 399
705 467
90 303
286 362
728 222
947 485
99 87
936 332
411 556
521 536
363 390
747 458
575 46
782 801
56 575
827 16
73 777
70 653
966 759
367 900
952 805
804 886
946 796
199 468
468 691
731 23
931 342
832 142
104 564
725 742
369 953
312 412
742 592
520 286
523 490
594 864
746 414
255 827
893 196
446 258
873 936
60 413
502 188
982 349
336 468
199 560
385 506
655 244
84 560
316 140
153 121
461 729
364 535
622 172
980 261
147 291
929 187
874 364
305 812
213 142
292 226
839 115
26 542
258 719
378 70
498 810
772 338
351 189
946 379
709 736
760 76
37 550
465 343
345 394
784 108
765 803
670 663
858 11
542 495
446 671
408 145
925 454
950 692
363 928
430 366
953 784
822 693
394 561
869 587
20 131
294 242
712 239
29 636
337 787
916 916
247 886
272 321
613 113
831 681
388 464
166 514
586 176
357 927
161 723
922 585
171 655
857 142
995 219
186 483
343 910
87 10
434 215
620 375
262 181
52 625
517 24
92 463
433 631
850 366
611 626
379 840
615 491
67 669
739 67
261 19
492 499
208 220
968 110
669 243
192 435
228 546
190 517
647 843
942 33
483 463
356 397
529 771
502 139
501 996
565 702
231 745
433 880
389 227
100 739
389 839
929 789
238 862
577 888
594 667
450 131
197 326
449 132
30 778
728 924
134 817
532 113
188 241
868 530
121 614
715 978
869 390
497 514
162 179
232 724
324 560
710 446
126 819
807 678
659 924
74 938
93 346
619 518
153 766
272 437
94 11
840 376
680 940
368 906
790 286
33 531
423 661
319 913
551 832
959 864
915 629
963 718
498 644
590 37
927 186
258 994
879 80
24 124
617 946
42 433
637 122
845 966
933 516
348 758
808 691
670 798
444 120
429 203
313 597
810 846
585 874
767 562
447 813
706 569
895 244
426 954
535 697
592 374
502 670
241 99
752 177
226 408
464 591
349 126
774 107
710 482
555 965
578 591
851 338
259 242
894 505
873 993
756 27
260 62
626 541
841 301
959 495
735 618
116 247
455 435
256 242
811 462
958 804
134 428
362 782
429 391
94 710
898 163
812 699
838 114
611 176
167 413
671 565
123 274
866 53
371 80
81 257
663 374
568 947
426 627
546 614
711 373
182 785
847 305
319 810
590 75
705 418
490 408
965 577
968 934
284 90
116 734
438 968
370 792
595 771
34 358
799 711
262 312
120 360
428 128
748 657
207 342
45 788
675 511
486 770
614 168
657 49
236 834
238 352
800 875
742 641
716 644
463 840
435 754
597 933
994 520
239 80
207 418
610 376
880 189
717 379
907 830
650 169
686 916
587 839
320 803
539 466
638 800
5 97
248 39
672 231
188 300
3 245
314 616
23 808
608 491
493 144
768 766
84 611
231 416
239 539
405 956
825 569
249 525
118 950
798 629
530 388
970 58
774 185
680 563
440 12
864 163
368 721
453 483
574 447
460 11
848 176
92 856
684 703
968 819
973 560
392 95
19 239
316 433
938 561
273 919
699 811
766 94
693 435
801 232
195 637
680 64
83 246
334 759
649 244
855 224
557 966
763 842
496 285
485 238
847 898
49 234
259 992
391 90
951 877
173 507
845 703
367 221
362 627
844 773
784 501
329 188
714 323
180 956
530 646
117 282
578 398
254 515
898 486
60 763
593 555
852 115
908 320
501 996
425 770
575 864
168 297
645 260
673 361
930 241
768 553
752 172
660 743
235 451
632 235
486 730
800 931
36 383
143 74
982 755
433 290
266 894
110 416
26 393
581 673
626 506
527 168
251 309
548 74
535 404
930 636
322 35
656 319
868 355
452 370
454 696
386 804
158 38
829 219
165 423
134 565
942 969
95 51
833 410
241 245
747 819
648 39
799 470
778 862
301 867
910 630
170 351
296 483
295 533
705 322
453 348
247 222
647 402
702 713
929 500
411 174
593 69
352 516
789 707
616 461
797 457
813 566
404 423
569 451
333 129
100 630
887 118
813 777
498 545
922 186
878 638
613 683
173 653
152 60
679 303
9 764
905 527
630 619
519 231
76 121
875 629
855 190
331 106
136 490
615 10
212 874
367 44
69 898
36 372
174 317
57 430
66 871
754 829
967 403
779 431
827 50
832 450
274 520
767 709
410 59
600 448
115 438
470 143
631 882
971 797
681 594
33 629
682 909
747 990
419 675
896 933
347 613
393 884
205 152
751 922
311 475
254 207
692 207
942 643
583 508
882 322
265 928
563 763
619 695
672 978
961 694
13 765
960 99
740 821
883 675
510 534
867 873
549 718
297 980
498 814
207 797
211 797
91 804
726 535
864 694
385 385
547 815
272 562
212 433
14 444
665 761
618 939
445 702
247 110
424 123
75 908
557 541
837 502
80 688
203 346
557 321
814 414
788 308
574 849
786 98
315 144
128 120
