773 3533
94 485
506 326
416 248
992 421
649 322
237 795
457 43
815 845
446 955
422 252
791 9
359 901
667 122
598 94
7 738
544 574
334 715
766 882
994 367
893 984
633 299
131 433
428 682
700 72
617 874
874 138
720 856
419 145
794 995
196 529
997 199
116 277
908 97
539 719
707 242
569 107
537 122
931 70
726 98
487 600
772 645
513 267
81 972
943 895
58 213
303 748
764 487
536 923
724 29
789 674
479 540
142 554
339 467
641 46
196 710
494 553
66 191
824 724
208 730
711 988
800 90
314 340
289 549
401 196
466 865
689 678
833 570
225 936
244 722
849 651
113 123
379 431
361 508
65 585
486 853
686 642
286 992
889 725
24 286
491 812
891 859
90 663
181 88
214 179
17 187
472 619
418 261
419 846
356 192
682 261
306 514
201 886
385 530
952 849
500 294
194 799
737 391
324 330
992 298
224 790
334 784
778 814
332 888
800 426
395 609
854 891
780 469
700 463
546 608
168 251
383 878
342 743
598 428
289 482
485 727
13 572
669 629
907 483
475 856
569 235
636 187
24 451
964 798
984 878
137 313
826 762
884 714
893 918
182 853
831 154
950 196
842 590
676 677
397 943
137 713
715 102
771 959
447 30
380 914
469 799
307 499
568 507
331 563
935 324
707 613
658 307
801 12
880 972
369 470
96 482
792 731
152 143
708 287
761 737
689 366
195 182
31 416
44 131
382 442
433 723
870 163
635 955
801 704
572 917
290 993
53 602
419 199
221 258
504 670
877 723
932 190
450 215
399 990
21 92
985 53
61 623
116 884
736 452
877 420
92 17
926 234
597 418
288 729
591 709
44 50
137 607
329 961
803 771
123 89
413 102
724 159
333 97
996 993
748 456
261 883
805 240
185 334
548 615
190 131
99 675
791 481
595 964
352 633
797 741
495 67
135 11
473 83
324 762
293 625
396 606
56 645
841 397
279 189
945 471
437 147
215 297
544 964
698 80
518 194
335 78
161 589
692 905
217 272
228 511
851 529
866 145
535 441
533 924
477 592
932 459
372 690
163 470
285 715
533 147
681 192
651 175
122 216
197 170
840 276
325 791
606 817
455 148
65 141
423 401
561 716
250 330
845 614
183 722
855 41
656 308
746 915
804 35
712 885
910 696
874 88
243 659
337 168
908 989
634 320
951 747
860 425
611 375
809 713
402 762
117 269
548 337
102 601
628 129
487 169
951 81
45 37
57 762
46 863
154 746
108 687
730 493
605 384
391 416
590 207
202 940
426 595
891 243
26 354
770 192
304 355
937 23
591 132
503 911
400 24
331 602
720 67
332 13
592 928
972 17
183 348
389 725
254 33
25 511
727 346
873 535
758 618
925 518
359 458
579 761
767 544
819 481
577 558
959 828
352 993
736 537
955 296
297 107
446 14
226 798
720 60
358 739
74 720
888 580
247 24
921 931
232 780
452 988
97 214
521 101
843 480
554 606
413 471
601 654
273 634
867 208
985 148
982 866
427 242
35 22
958 232
303 377
995 524
755 17
270 953
581 209
446 994
71 319
566 621
203 230
231 734
430 629
830 516
920 275
46 986
878 383
268 106
537 911
532 966
980 304
920 909
519 554
773 297
46 946
914 301
741 209
741 616
335 57
919 417
497 342
887 541
400 448
679 398
928 136
724 238
231 830
271 759
870 621
419 713
113 450
882 680
390 654
893 172
142 862
724 354
610 909
357 380
467 676
453 545
764 948
577 148
671 613
110 716
721 795
543 34
361 798
415 806
268 481
312 322
603 133
581 888
801 576
934 74
739 880
970 132
352 348
694 820
61 53
186 50
107 781
456 583
210 885
398 444
341 930
658 449
597 193
601 893
230 546
666 292
669 901
883 638
257 911
878 842
442 837
408 784
488 856
262 626
94 677
291 599
130 565
989 890
283 513
685 41
239 347
738 55
24 826
288 858
687 336
971 202
255 170
320 593
460 486
851 401
360 607
387 408
655 655
654 796
99 918
513 970
885 811
84 280
40 466
881 144
565 312
590 387
519 764
592 477
639 213
694 464
805 950
118 659
937 359
843 252
631 452
29 792
548 431
748 50
91 861
825 12
623 326
83 772
680 300
485 635
537 994
658 335
424 157
655 296
611 298
80 603
972 169
746 129
915 793
460 776
979 244
586 447
475 512
457 627
977 380
198 785
782 397
417 693
351 64
991 838
971 381
422 107
736 752
736 829
847 427
595 380
817 67
592 967
708 228
57 527
151 841
975 650
869 58
851 967
909 278
584 797
155 470
250 464
423 60
94 901
55 692
198 817
849 775
39 305
278 166
594 465
821 155
816 957
538 153
91 87
517 121
811 632
48 269
123 918
506 387
602 358
475 675
545 507
839 393
796 769
748 463
406 513
942 657
676 636
285 818
974 716
786 197
31 84
24 765
532 337
239 989
981 662
91 133
410 254
356 274
969 222
819 250
747 738
221 621
460 505
122 641
833 722
878 622
429 259
503 630
120 139
967 534
152 37
598 714
866 147
775 182
342 15
219 942
737 13
971 347
287 785
108 493
25 415
762 810
26 273
66 488
763 279
742 935
645 976
679 146
830 758
526 649
487 286
248 395
920 19
128 296
271 335
148 804
50 559
432 304
993 901
644 543
392 285
376 147
51 158
782 962
514 104
682 240
831 411
927 396
184 592
534 598
985 14
325 904
163 907
568 88
340 419
353 493
795 34
729 729
365 231
329 102
221 311
175 352
352 777
984 736
429 37
302 671
721 809
66 717
927 926
411 508
402 981
420 251
942 354
759 87
714 448
790 657
416 791
65 785
874 580
617 203
207 290
672 307
731 711
15 803
261 777
184 730
975 376
270 580
54 761
245 278
203 878
19 912
56 673
75 587
250 86
784 27
662 568
904 947
791 331
811 76
124 800
672 11
896 575
640 86
972 401
661 481
409 653
979 989
992 813
681 405
145 118
656 303
914 917
256 801
386 158
452 368
35 799
439 620
530 201
853 306
274 651
501 761
810 299
265 943
659 389
245 954
94 535
82 313
972 702
560 391
397 822
416 309
277 124
575 383
97 499
283 864
489 635
916 43
84 118
398 770
437 548
30 848
684 486
324 946
776 437
286 191
987 442
741 395
225 178
908 226
137 812
305 195
53 196
286 826
650 896
818 178
740 479
566 304
798 532
296 672
745 79
895 502
203 375
840 83
446 455
295 165
661 985
70 456
894 592
368 836
519 655
650 25
154 431
153 879
461 71
153 378
740 29
671 491
557 939
53 243
335 573
11 119
74 439
931 726
786 475
788 365
486 36
952 138
744 273
421 929
86 960
759 236
680 205
335 160
475 453
904 25
638 792
663 211
73 839
165 29
161 102
597 67
791 854
869 913
46 493
669 290
187 832
144 881
303 241
847 610
542 742
909 87
749 64
587 99
190 347
212 520
91 131
394 272
969 325
78 477
526 145
66 486
486 600
801 793
295 457
604 113
101 580
375 233
440 983
