
935 3879
94 485
506 326
416 248
992 421
649 322
237 795
457 43
815 845
446 955
422 252
791 9
359 901
667 122
598 94
7 738
544 574
334 715
766 882
994 367
893 984
633 299
131 433
428 682
700 72
617 874
874 138
720 856
419 145
794 995
196 529
997 199
116 277
908 97
539 719
707 242
569 107
537 122
931 70
726 98
487 600
772 645
513 267
81 972
943 895
58 213
303 748
764 487
536 923
724 29
789 674
479 540
142 554
339 467
641 46
196 710
494 553
66 191
824 724
208 730
711 988
800 90
314 340
289 549
401 196
466 865
689 678
833 570
225 936
244 722
849 651
113 123
379 431
361 508
65 585
486 853
686 642
286 992
889 725
24 286
491 812
891 859
90 663
181 88
214 179
17 187
472 619
418 261
419 846
356 192
682 261
306 514
201 886
385 530
952 849
500 294
194 799
737 391
324 330
992 298
224 790
260 275
97 826
210 72
649 866
919 951
63 748
958 685
804 956
518 564
428 183
537 400
346 721
153 207
971 323
662 611
197 116
91 109
529 795
126 343
747 862
469 685
770 10
934 881
723 984
895 403
568 360
172 449
958 541
383 272
308 877
970 359
583 707
48 308
930 770
569 30
3 208
20 311
609 100
887 939
825 422
930 785
904 370
241 989
379 969
376 143
962 972
889 28
443 61
216 638
338 348
160 347
406 66
159 391
31 638
204 295
420 826
153 196
425 449
331 855
565 143
838 487
9 140
918 564
533 615
232 135
957 564
591 360
576 793
746 163
377 859
858 760
86 711
434 662
558 159
279 660
840 268
735 948
574 315
126 676
912 341
739 689
821 894
625 706
917 490
201 478
993 671
149 932
52 899
759 237
267 187
256 472
783 772
117 98
516 906
180 911
25 635
380 225
712 823
266 164
216 343
448 732
541 502
664 740
954 576
726 612
772 902
531 454
943 411
750 973
327 703
917 850
5 77
113 220
913 802
791 403
998 181
859 10
345 525
431 919
675 668
833 527
438 462
523 291
916 605
420 457
115 405
660 417
261 279
772 685
388 596
764 307
843 224
206 322
407 840
639 975
852 401
542 91
60 327
757 330
82 182
637 603
93 793
614 615
136 733
187 864
102 16
972 863
163 987
501 306
477 34
492 840
121 700
80 706
138 787
660 105
229 834
827 798
448 310
230 609
832 690
489 561
586 579
291 60
665 388
660 309
702 407
153 200
606 313
123 970
253 33
709 273
832 277
108 997
888 40
481 227
283 860
858 940
284 608
711 990
850 590
239 806
943 52
195 801
95 764
410 710
664 386
900 593
112 50
963 494
754 156
458 936
19 965
225 86
569 723
97 184
194 868
754 340
602 412
61 487
695 209
347 346
719 860
100 307
97 95
843 821
745 941
286 821
492 587
116 201
531 665
424 527
253 812
426 424
413 459
980 343
291 836
833 506
486 179
9 916
575 430
922 596
145 808
897 269
404 512
742 811
728 685
269 567
103 776
745 855
35 718
779 853
71 97
80 146
842 746
128 15
941 965
227 512
30 480
342 958
605 665
531 191
364 964
359 515
867 606
820 822
313 536
207 693
911 19
308 335
430 101
685 922
641 294
113 910
141 410
690 250
700 546
559 729
481 609
503 720
766 976
7 759
882 798
859 74
182 648
425 299
542 785
683 846
853 390
938 897
89 416
624 837
181 247
878 293
933 144
580 938
252 467
207 480
658 955
20 665
954 26
347 564
759 449
446 26
14 521
657 301
710 321
980 613
188 388
636 879
203 990
432 188
129 963
630 820
509 300
237 822
373 255
838 277
395 153
692 400
103 227
218 518
384 447
931 315
396 813
389 324
640 502
287 299
297 780
977 376
512 516
219 212
555 329
398 810
289 486
798 485
598 416
49 952
572 894
697 358
770 21
725 647
542 44
214 683
887 361
45 814
94 231
282 8
82 165
319 496
626 699
146 852
541 459
874 535
725 314
777 944
554 306
208 459
787 637
976 447
912 408
444 107
3 962
301 565
164 407
437 857
652 317
764 98
41 818
737 600
176 288
136 902
128 567
394 190
235 749
42 908
824 276
684 748
979 592
568 393
367 363
52 163
642 983
335 179
126 16
130 478
583 259
129 868
752 295
167 596
856 71
640 622
770 864
431 644
195 5
448 365
701 429
952 64
880 854
168 770
79 88
961 157
472 368
217 421
709 719
147 271
296 975
909 816
764 962
251 535
878 438
753 696
570 881
253 318
666 45
931 52
433 496
810 313
678 138
123 334
212 988
66 508
206 770
750 751
64 780
466 441
337 207
510 516
796 674
175 408
437 920
938 573
848 634
561 878
718 990
948 826
649 696
569 800
663 411
582 422
843 707
202 334
702 986
579 494
725 150
803 562
340 380
156 832
832 979
602 376
234 511
688 414
184 160
978 982
413 238
633 490
585 899
606 251
963 526
350 897
242 39
539 657
739 452
267 538
165 831
177 460
720 185
802 934
644 440
82 490
798 168
197 71
173 977
81 458
235 204
112 803
103 139
268 399
879 420
643 991
106 578
122 972
444 177
262 398
691 348
997 496
446 276
171 825
549 614
281 121
211 730
112 341
408 284
730 698
363 17
89 546
605 672
938 974
168 866
705 377
47 559
400 340
215 527
114 779
51 761
881 483
549 92
679 390
328 583
250 661
203 391
481 336
752 661
707 125
82 89
63 275
660 359
21 178
287 780
219 42
500 5
820 380
95 772
44 816
748 9
678 484
276 545
478 589
663 157
594 901
757 777
947 74
448 247
570 55
313 479
981 785
795 958
552 680
389 393
280 944
864 596
636 619
512 611
892 852
184 283
947 299
614 766
625 312
149 826
377 726
474 733
18 805
662 679
416 403
1 964
530 337
752 541
22 478
981 369
777 946
957 821
275 833
584 837
582 490
121 37
951 594
668 129
118 258
319 246
896 362
521 755
948 504
248 71
474 177
351 176
54 803
155 237
660 677
871 33
486 115
294 597
425 769
245 536
382 956
371 341
708 184
544 234
794 569
387 216
738 537
520 84
281 810
502 657
91 33
503 159
924 520
16 668
33 287
344 229
349 374
606 474
896 672
595 915
441 511
102 123
52 569
654 199
710 396
434 715
245 59
36 610
661 917
413 927
13 270
370 117
400 516
195 215
984 216
476 237
164 615
405 499
674 477
196 760
608 285
907 56
532 966
51 622
716 221
327 194
880 91
710 347
267 252
400 473
376 516
609 385
320 357
196 958
538 665
935 792
404 64
100 420
126 671
855 968
94 877
731 177
253 523
8 139
393 152
543 732
348 246
318 565
489 740
22 902
998 17
49 973
381 298
10 611
429 32
221 11
150 337
717 136
530 889
332 522
942 805
565 28
216 931
61 757
170 609
872 544
644 905
208 595
680 246
697 113
639 175
679 156
961 244
361 883
802 265
359 883
839 462
718 485
280 272
252 204
280 984
102 409
615 398
296 909
481 370
956 882
230 214
259 766
922 35
706 421
272 271
156 370
552 848
485 50
536 976
70 270
902 796
452 963
35 379
947 991
378 551
57 897
352 307
669 421
702 74
141 388
458 559
463 980
756 615
887 681
332 231
528 207
656 818
254 331
787 979
495 445
370 348
10 724
200 401
327 646
17 668
374 242
755 302
980 861
376 830
8 77
32 441
460 589
804 990
23 189
869 868
943 996
715 363
628 237
73 420
199 565
38 214
209 333
327 726
912 175
799 58
372 625
976 66
120 169
667 475
188 204
28 90
704 496
649 1
746 474
697 449
712 252
289 332
625 287
953 189
462 889
302 63
79 378
41 206
823 897
908 230
665 382
36 575
732 60
809 529
66 477
291 290
591 89
583 961
252 461
479 702
530 532
224 680
788 53
309 642
366 1000
352 891
402 822
545 152
113 324
967 633
454 267
723 381
14 272
20 506
308 419
644 461
713 526
482 978
336 468
289 729
496 795
326 581
530 383
167 226
522 421
830 386
91 273
116 484
747 676
395 107
958 229
756 902
262 962
703 105
511 84
481 991
449 701
888 689
599 655
306 600
492 538
803 499
445 881
316 981
889 473
785 383
765 679
491 573
589 589
124 480
741 145
898 624
725 923
682 915
131 232
398 974
906 735
753 678
312 640
790 644
301 212
945 123
447 253
197 943
27 18
573 916
589 327
934 640
209 615
529 470
899 655
15 288
592 401
92 840
575 633
814 707
354 424
127 682
374 194
566 855
594 190
973 728
645 178
603 275
712 88
32 367
298 544
561 738
906 963
626 460
143 266
504 727
836 33
361 442
431 628
554 384
24 244
416 482
735 765
243 446
454 247
932 913
494 560
648 528
357 594
596 935
788 462
536 621
759 660
200 564
566 302
741 936
217 592
219 724
832 118
819 299
487 251
473 129
241 96
64 167
516 169
857 381
218 976
490 767
504 837
707 407
342 203
475 387
175 735
786 706
171 335
232 40
888 821
866 131
976 159
253 978
619 53
642 849
460 478
218 19
218 230
667 453
949 336
89 931
488 588
568 449
526 566
747 135
301 839
71 966
930 577
924 355
326 85
645 757
873 994
694 790
326 697
446 429
616 426
107 391
106 986
974 913
951 872
85 875
299 334
200 106
288 978
90 392
439 856
672 147
765 345
880 766
906 75
853 70
60 591
419 786
956 258
880 436
706 815
760 698
817 47
872 432
880 339
205 321
986 76
229 684
950 748
604 586
699 579
504 828
397 364
540 165
283 984
383 73
94 888
644 528
646 775
551 811
915 345
334 290
181 225
550 801
496 63
727 183
759 998
596 657
162 622
209 392
419 343
720 8
39 630
188 990
162 390
87 766
180 684
959 517
53 471
474 169
112 457
414 841
933 796
931 688
512 836
622 80
898 143
506 738
810 303
552 907
263 708
967 984
506 494
701 757
265 930
631 310
20 679
519 411
820 316
729 691
258 544
220 643
339 322
820 143
510 687
559 295
556 280
750 977
372 701
161 55
417 324
138 680
360 325
150 395
805 809
632 901
369 724
413 16
475 898
691 113
446 969
189 477
846 683
610 397
392 940
890 182
378 258
158 465
53 39
722 367
759 652
211 633
956 368
427 928
469 476
34 391
272 107
555 220
785 764
877 46
387 738
794 426
645 779
317 501
160 154
107 257
507 894
543 594
593 533
526 152
35 926
499 950
123 55
478 243
68 586
553 555
519 443
767 646
557 184
559 447
280 837
953 694
747 100
904 18
260 47
378 954
26 543
945 330
338 876
718 229
443 979
815 436
673 623
205 457
949 910
20 332
376 329
193 869
868 864
66 97
581 595
704 200
188 383
404 360
20 589
78 990
423 517
954 191
238 938
486 853
34 269
311 529
780 955
187 97
75 658
940 172
578 92
201 330
310 859
90 248
870 295
954 264
605 817
805 341
744 822
508 215
699 861
549 391
156 904
125 238
30 322
82 203
629 559
248 574
764 297
408 769
723 133
546 463
116 532
93 413
915 122
439 469
715 899
717 955
547 350
477 924
944 54
210 46
157 595
437 716
297 779
843 939
934 809
370 860
388 643
420 658
768 447
556 555
630 6
574 830
306 768
214 387
298 73
124 884
863 367
440 369
617 940
608 842
526 626
929 553
219 378
169 630
216 583
578 501
793 345
837 317
190 554
766 136
535 226
38 496
462 499
209 505
274 985
315 34
421 200
989 107
539 70
277 801
521 749
370 224
51 171
609 591
660 637
367 409
854 237
832 496
855 871
413 655
30 797
497 971
822 926
719 45
271 14
555 238
154 348
663 658
366 907
406 582
736 534
265 422
923 457
369 950
836 527
5 552
967 131
585 762
703 828
906 451
337 759
218 590
540 245
22 39
530 881
570 607
558 763
803 243
892 119
561 864
401 58
842 730
855 261
163 747
346 883
435 337
272 4
708 285
635 440
889 825
975 95
527 564
545 107
573 933
575 118
610 858
296 609
971 575
234 445
666 239
357 903
71 396
992 859
307 36
65 214
279 107
568 556
255 323
51 702
894 383
606 106
829 710
600 30
373 976
422 911
637 350
76 937
849 580
391 986
309 905
189 564
140 225
979 473
471 124
210 900
300 309
5 314
51 254
737 280
491 111
859 289
685 766
236 424
368 654
682 880
23 582
773 547
854 744
338 307
409 524
344 571
169 382
695 776
63 249
631 310
629 559
20 562
980 175
238 271
22 793
294 692
291 473
303 279
307 143
16 906
373 469
684 461
123 87
246 191
314 612
919 406
23 679
815 695
558 435
719 936
619 800
334 890
541 312
87 104
851 408
582 285
910 159
745 933
18 273
490 200
816 504
350 530
461 424
922 453
626 400
587 484
212 756
480 572
260 887
228 699
548 652
640 283
463 957
350 636
720 37
846 383
305 698
277 455
456 883
909 319
556 487
706 559
899 959
355 859
877 521
701 926
20 856
177 10
884 659
428 246
923 457
916 606
489 357
195 436
41 986
233 348
611 805
514 202
124 58
102 853
932 953
580 976
159 789
790 685
909 11
344 676
355 597
199 601
160 288
732 372
625 421
843 721
381 917
808 657
937 506
756 137
185 664
743 492
467 735
10 452
199 479
23 497
36 627
57 991
662 237
456 525
745 835
165 382
50 392
672 756
944 908
399 702
389 948
382 763
787 708
634 140
568 368
671 808
63 138
133 592
899 518
853 859
427 222
858 184
800 215
127 406
895 723
591 450
721 961
796 927
850 335
176 690
746 891
624 289
233 71
463 304
800 738
102 531
344 125
946 781
531 402
97 793
217 850
248 473
909 411
458 272
491 216
318 521
383 259
540 309
837 362
674 145
589 165
56 131
130 406
317 655
905 327
747 132
724 732
941 105
147 499
458 286
644 952
808 79
12 464
316 828
418 16
875 95
490 455
100 974
624 706
178 290
602 816
945 392
414 251
42 189
518 960
985 356
154 567
204 825
531 609
261 619
296 657
306 799
736 524
490 658
287 515
604 616
723 246
392 542
605 278
998 86
37 868
995 7
735 335
375 338
675 45
548 844
212 197
263 961
621 314
505 98
423 423
810 401
377 118
337 702
88 554
625 48
752 36
521 804
138 454
416 820
508 780
445 862
70 178
876 746
852 459
227 712
982 608
558 236
469 585
475 282
367 867
962 377
719 892
889 582
537 664
293 642
729 513
133 582
155 729
406 370
411 944
731 122
284 587
567 474
472 277
401 489
793 881
888 537
502 901
139 270
394 842
913 660
421 72
596 24
385 163
837 890
219 730
474 622
380 491
793 477
735 967
338 859
160 921
361 638
233 680
738 264
667 820
824 69
956 50
766 8
418 996
35 389
435 740
717 1
556 482
307 701
43 564
863 67
656 453
270 494
916 534
231 515
807 354
936 321
415 791
121 548
842 70
573 519
242 472
599 808
548 325
834 866
633 276
422 874
541 876
613 264
622 290
598 395
540 893
656 77
945 670
840 666
705 808
590 622
194 74
992 779
597 591
663 880
41 281
652 533
549 119
607 917
623 568
196 523
570 793
12 625
650 51
872 510
945 227
535 557
158 788
161 160
459 595
266 145
91 926
692 990
201 769
588 812
404 32
421 426
842 999
603 681
972 681
786 66
827 117
846 798
306 963
994 273
164 490
983 500
251 941
542 645
494 619
200 698
952 716
783 261
358 544
532 979
400 283
950 882
794 743
352 976
573 920
796 111
33 924
404 397
723 869
521 837
376 807
66 569
886 77
193 182
473 651
930 24
232 764
382 533
702 322
925 741
271 169
711 411
485 58
241 249
557 972
896 992
186 222
484 923
84 746
836 967
514 362
50 414
650 175
308 357
375 138
798 38
866 654
164 193
876 508
356 457
909 189
553 256
656 792
838 675
641 395
238 36
614 62
865 474
11 800
554 546
34 864
901 942
941 934
502 775
778 650
284 726
614 537
409 773
678 876
959 72
303 639
586 948
331 561
653 482
646 754
6 240
78 919
583 188
284 852
607 721
591 147
733 817
531 277
858 754
141 305
247 545
558 392
298 679
395 57
90 272
552 420
489 532
343 384
595 996
375 887
783 870
74 272
885 104
548 247
612 915
260 205
109 55
369 847
619 363
791 691
103 297
61 581
563 70
289 620
416 535
149 493
665 989
35 641
7 842
606 790
202 532
645 691
332 798
732 414
165 448
213 805
741 779
3 129
337 162
956 638
511 202
47 205
673 514
394 819
792 559
616 926
501 459
340 16
58 771
488 587
717 263
284 196
840 466
715 687
474 344
38 106
851 708
773 699
480 95
476 164
935 121
943 907
1 42
40 40
655 177
561 527
454 493
5 39
11 988
580 790
31 559
862 196
185 161
297 378
7 605
962 856
93 496
692 536
293 996
415 974
748 169
562 82
842 294
139 922
60 470
675 494
524 256
222 757
580 346
786 560
315 183
851 420
33 959
154 752
234 549
233 168
187 305
560 429
271 582
759 540
888 783
367 946
725 403
662 876
866 726
698 214
476 727
703 603
357 179
846 557
314 404
218 17
853 534
409 697
87 771
224 945
633 110
743 522
242 414
271 391
702 571
964 867
28 491
705 263
143 557
451 357
787 329
689 210
462 529
513 439
531 254
3 51
820 787
623 7
942 159
395 883
206 870
373 178
344 143
516 826
148 469
790 990
38 287
512 105
192 853
787 290
648 769
433 30
705 717
981 693
566 856
972 350
170 7
453 517
477 252
589 948
939 851
382 307
990 210
11 962
967 494
783 684
28 721
125 764
250 569
83 971
