
990 3199
482 485
257 326
286 248
517 421
404 322
713 795
45 43
924 845
873 955
160 252
1 9
838 901
40 122
58 94
676 738
627 574
766 715
862 882
405 367
923 984
379 299
461 433
612 682
133 72
813 874
97 138
908 856
165 145
996 995
623 529
220 199
298 277
157 97
723 719
144 242
48 107
129 122
148 70
35 98
644 600
632 645
272 267
1040 972
977 895
312 213
778 748
567 487
965 923
1 29
616 674
569 540
628 554
493 467
76 46
733 710
575 553
288 191
775 724
723 730
912 988
64 90
354 340
565 549
210 196
922 865
775 678
566 570
934 936
626 722
742 651
194 123
485 431
483 508
617 585
876 853
653 642
896 992
652 725
220 286
727 812
900 859
563 663
56 88
157 179
280 187
537 619
284 261
920 846
124 192
239 261
459 514
931 886
504 530
910 849
382 294
795 799
485 391
351 330
289 298
865 790
70 559
86 278
829 333
130 270
79 650
296 886
763 357
511 551
452 651
522 937
820 18
638 192
813 207
13 80
65 86
920 303
51 230
942 597
416 692
1015 348
968 968
66 258
301 495
745 984
844 978
292 784
685 880
622 813
618 680
830 568
236 328
770 30
897 342
283 561
314 522
503 845
587 943
573 376
1006 658
792 451
54 877
155 613
30 183
642 855
14 917
928 745
907 726
274 157
305 208
314 858
375 79
797 380
88 358
460 431
1000 211
912 588
510 980
294 882
32 387
292 364
896 241
915 926
456 613
239 25
236 492
31 46
166 740
880 189
645 561
614 417
203 541
181 453
924 458
511 116
339 409
962 980
150 963
646 279
558 657
883 968
453 990
321 386
98 562
1037 497
573 832
845 574
667 809
898 360
983 586
797 780
921 523
479 94
315 691
296 181
582 56
314 430
720 27
476 208
999 596
660 325
433 182
483 525
486 812
403 306
810 215
458 20
903 592
466 400
483 151
487 190
164 909
1022 643
100 912
328 686
365 67
841 284
25 115
877 262
707 370
254 378
833 630
765 212
358 718
708 625
402 34
874 388
38 353
21 978
256 668
715 938
731 885
329 689
256 701
25 189
934 703
401 734
740 258
234 476
605 940
778 343
673 820
9 303
371 239
242 258
792 279
668 435
151 931
414 89
979 63
346 819
395 631
749 526
138 89
531 415
38 212
35 845
468 539
1013 211
854 669
201 633
753 320
380 224
1007 983
753 571
620 118
444 116
961 411
492 81
143 409
936 439
468 600
394 253
15 813
520 16
592 844
100 677
896 651
490 298
337 541
340 536
686 445
717 887
1003 425
59 160
813 601
901 872
931 351
767 555
590 229
92 546
543 92
292 867
964 583
529 230
639 231
203 660
476 811
90 803
290 862
616 101
86 114
944 115
517 397
502 649
680 651
675 65
290 866
922 882
85 384
769 213
407 987
685 457
621 507
152 764
23 595
53 106
333 699
759 570
473 618
618 772
644 988
834 180
110 495
360 485
92 18
449 840
299 226
65 283
477 915
178 677
542 637
573 596
32 947
276 231
517 751
76 829
545 724
564 182
337 833
491 204
887 172
390 928
349 623
199 642
997 626
450 326
28 27
87 841
312 691
341 409
126 597
678 586
574 59
643 728
147 595
254 804
789 538
314 216
362 703
452 883
624 618
710 57
748 562
386 720
799 459
183 510
259 207
368 925
790 239
964 364
635 873
973 201
990 326
60 16
320 607
514 299
329 794
325 700
300 435
763 79
674 260
426 577
296 542
907 820
284 153
311 915
785 497
663 524
359 545
148 841
206 529
174 455
550 532
697 542
407 139
252 480
594 873
161 746
752 217
136 823
904 579
781 50
316 754
284 342
610 833
896 948
365 475
964 877
602 197
996 513
546 489
337 330
733 365
350 236
706 383
834 757
312 234
758 511
573 94
400 434
518 606
207 989
837 536
710 179
895 158
112 578
782 595
862 807
170 837
781 533
522 442
381 547
848 508
69 767
525 563
166 403
751 914
284 961
707 753
862 699
37 799
491 961
644 560
177 741
666 276
122 771
551 168
689 69
166 664
758 636
671 355
338 875
18 322
196 517
566 687
835 376
901 696
952 183
249 665
254 72
303 156
378 116
94 368
407 39
135 816
245 247
704 81
234 604
209 862
240 372
156 959
415 382
699 728
81 394
614 833
592 195
667 812
436 86
431 673
90 857
559 979
805 449
1026 726
1014 618
300 598
272 974
214 481
437 709
875 764
723 16
608 317
780 192
178 326
980 275
140 334
847 645
394 297
742 911
13 604
235 755
892 135
950 656
536 653
315 523
453 132
499 405
1024 218
978 570
361 133
402 381
715 946
331 550
259 68
711 588
805 108
958 572
185 735
725 553
901 685
269 899
491 817
911 686
1038 676
642 792
232 704
296 878
719 795
741 591
917 170
755 478
989 389
409 845
179 650
873 267
876 510
72 101
479 845
964 674
509 901
1003 18
883 620
350 537
91 35
467 832
325 939
780 807
214 659
138 486
703 456
928 272
302 812
873 919
880 982
800 321
961 728
321 626
515 924
768 487
128 29
563 674
993 765
776 212
416 419
934 212
305 588
752 827
983 56
56 251
154 448
728 594
196 652
946 542
93 463
220 15
540 49
189 92
539 262
247 678
211 875
848 215
519 78
806 216
961 263
149 26
757 869
763 242
240 637
749 947
408 656
584 93
235 55
381 611
613 66
624 339
227 713
805 324
924 626
536 615
58 781
864 753
552 633
661 478
837 543
464 898
59 209
295 343
659 19
153 482
729 895
385 540
131 995
869 60
872 909
688 436
701 81
916 131
854 415
792 658
809 18
807 838
495 201
254 699
358 173
478 652
629 216
444 467
554 217
255 573
224 627
278 957
992 96
489 221
993 908
707 995
596 778
727 224
66 742
758 975
127 637
799 568
227 945
436 869
632 532
94 544
970 414
916 294
147 380
374 641
440 287
778 358
787 162
332 601
982 36
621 721
369 674
435 795
78 276
113 381
705 348
425 395
248 426
359 413
37 224
673 546
230 75
943 741
655 593
919 905
546 145
531 975
629 316
987 805
94 415
760 770
13 739
918 464
782 258
939 16
462 743
534 789
774 952
190 247
812 412
588 635
327 691
357 894
915 839
326 544
714 79
753 363
976 963
950 646
765 916
78 153
885 681
18 70
309 393
49 548
397 114
950 164
445 454
889 876
489 870
130 155
77 653
858 312
998 176
703 837
704 858
172 986
677 160
35 987
130 740
184 529
590 543
343 678
263 699
483 950
454 319
81 275
576 355
173 462
124 103
937 880
462 52
695 642
702 994
852 257
66 373
1032 109
568 861
89 385
436 65
943 122
510 178
901 968
192 671
358 873
11 189
413 88
267 639
181 429
959 305
610 114
737 172
1 861
273 320
652 519
669 493
479 775
904 333
928 889
267 428
444 411
610 147
958 297
954 178
308 562
169 647
404 859
128 804
547 931
751 224
66 984
475 462
453 840
994 951
930 644
560 588
917 688
672 319
949 561
34 408
317 372
356 989
613 513
828 310
311 137
781 451
365 918
187 525
243 807
362 859
857 195
324 259
974 575
1006 285
375 28
759 756
765 366
462 281
800 981
66 27
736 355
772 880
428 555
757 41
659 947
1015 42
993 303
168 58
840 383
386 232
399 95
417 973
98 687
749 178
448 453
68 770
497 247
837 934
401 601
282 258
992 910
886 485
378 260
696 797
982 74
231 234
604 863
811 707
38 495
563 384
824 533
209 598
538 514
639 16
793 651
446 491
61 126
423 109
970 190
633 974
1016 150
506 592
619 714
594 786
982 673
247 649
454 129
268 721
30 530
893 63
979 450
1001 543
429 601
280 838
579 770
438 807
440 708
611 919
705 925
133 148
48 994
386 265
589 623
844 387
408 805
794 651
9 435
204 742
555 820
509 565
914 634
1027 884
96 744
847 235
617 373
998 357
621 439
305 602
457 629
325 344
975 762
843 158
629 765
597 62
944 116
578 228
843 207
511 153
865 896
923 801
374 896
52 102
946 758
1006 231
678 697
786 472
642 964
106 146
516 848
196 145
912 100
802 557
343 445
110 757
154 211
30 59
1014 493
800 324
806 715
439 931
530 545
23 531
718 599
929 557
483 935
295 711
64 437
970 683
235 935
1029 668
835 326
798 931
202 113
348 562
523 155
122 631
848 815
588 351
595 437
282 617
530 568
108 327
154 285
285 125
617 152
701 229
1014 846
294 602
795 585
349 86
172 611
978 471
551 393
881 926
405 472
1020 235
565 861
827 843
397 128
813 432
656 302
131 693
409 15
835 724
576 72
773 527
595 12
383 67
994 648
766 259
283 552
346 913
32 477
752 364
21 30
190 445
761 28
736 894
202 991
924 119
775 717
75 193
710 302
277 464
836 453
820 115
914 632
804 737
63 972
613 358
435 701
1019 949
456 268
552 337
191 799
395 251
450 497
17 258
51 542
782 702
863 656
86 215
231 479
197 138
962 829
323 991
1032 759
888 276
287 223
246 695
186 588
617 509
352 181
343 44
989 808
390 191
189 761
507 845
680 82
740 797
140 590
508 867
640 864
58 303
878 432
873 250
985 994
689 752
839 194
661 795
503 200
124 654
643 705
537 721
207 607
795 728
807 255
155 957
677 715
898 991
242 726
149 936
548 665
885 847
328 264
541 982
276 955
171 587
122 730
607 254
1021 806
593 152
812 395
75 585
482 231
413 592
694 203
291 386
459 367
838 904
391 917
581 314
355 351
741 952
651 48
688 479
618 709
187 526
27 302
554 218
738 286
766 816
898 805
655 828
372 246
858 856
985 990
734 64
750 231
213 822
837 294
959 879
37 347
170 384
679 785
265 896
184 142
230 427
20 224
571 79
610 334
369 159
544 794
140 421
1028 416
457 789
854 138
729 525
406 112
164 779
851 617
261 114
353 537
208 397
719 67
475 920
742 432
