100 997
585 485
194 94
426 326
606 506
348 248
516 416
521 421
1092 992
422 322
749 649
895 795
337 237
143 43
557 457
945 845
915 815
1055 955
546 446
352 252
522 422
109 9
891 791
1001 901
459 359
222 122
767 667
194 94
698 598
838 738
107 7
674 574
644 544
815 715
434 334
982 882
866 766
467 367
1094 994
1084 984
993 893
399 299
733 633
533 433
231 131
782 682
528 428
172 72
800 700
974 874
717 617
238 138
974 874
956 856
820 720
245 145
519 419
1095 995
894 794
629 529
296 196
299 199
1097 997
377 277
216 116
197 97
1008 908
819 719
639 539
342 242
807 707
207 107
669 569
222 122
637 537
170 70
1031 931
198 98
826 726
700 600
587 487
745 645
872 772
367 267
613 513
1072 972
181 81
995 895
1043 943
313 213
158 58
848 748
403 303
587 487
864 764
1023 923
636 536
129 29
824 724
774 674
889 789
9790 375
6885 265
6939 508
7813 271
6749 389
9086 491
7929 293
6527 81
5710 943
7229 644
8138 674
7144 825
6799 303
9364 660
7978 861
7226 220
9620 673
9103 28
6855 279
7615 749
5071 197
5737 64
7230 430
8075 510
9032 72
6168 72
8871 365
6231 316
9419 242
8198 353
5448 16
7495 597
6104 472
6244 394
6140 282
8552 91
9588 135
6222 570
6537 791
9029 216
8036 336
6158 165
6745 893
8344 751
5513 512
8126 179
6582 725
7034 145
9563 156
9837 473
5775 411
8232 173
8441 405
7363 722
6751 704
8318 32
9767 783
8368 688
5548 427
6643 704
9350 136
9273 78
8435 127
9686 148
7977 801
6710 820
7268 237
6346 219
9903 448
5974 539
6829 513
5911 810
7763 807
9534 499
6407 315
7165 524
9167 709
6710 655
9736 767
5163 323
7467 20
6064 699
5838 406
6296 137
8404 515
7423 65
8073 470
8850 559
9663 93
6102 813
5421 264
6184 224
8574 757
6793 414
7931 780
8211 595
9117 197
8082 922
9763 385
9148 175
