5000 25016
482 485
257 326
286 248
517 421
404 322
713 795
45 43
924 845
873 955
160 252
1 9
838 901
40 122
58 94
676 738
627 574
766 715
862 882
405 367
923 984
379 299
461 433
612 682
133 72
813 874
97 138
908 856
165 145
996 995
623 529
220 199
298 277
157 97
723 719
144 242
48 107
129 122
148 70
35 98
644 600
632 645
272 267
1040 972
977 895
312 213
778 748
567 487
965 923
1 29
616 674
569 540
628 554
493 467
76 46
733 710
575 553
288 191
775 724
723 730
912 988
64 90
354 340
565 549
210 196
922 865
775 678
566 570
934 936
626 722
742 651
194 123
485 431
483 508
617 585
876 853
653 642
896 992
652 725
220 286
727 812
900 859
563 663
56 88
157 179
280 187
537 619
284 261
920 846
124 192
239 261
459 514
931 886
504 530
910 849
382 294
795 799
485 391
351 330
289 298
865 790
250 275
738 826
75 72
788 866
947 951
651 748
595 685
993 956
663 564
265 183
338 400
637 721
206 207
328 323
618 611
64 116
139 109
806 795
412 343
912 862
715 685
1 10
929 881
1025 984
410 403
273 360
507 449
450 541
174 272
882 877
427 359
787 707
355 308
734 770
1 30
248 208
397 311
159 100
874 939
449 422
857 785
286 370
976 989
908 969
103 143
1071 972
1 28
117 61
697 638
424 348
439 347
74 66
442 391
568 638
195 295
854 826
281 196
433 449
845 855
224 143
487 487
181 140
496 564
690 615
124 135
575 564
374 360
766 793
149 163
776 859
793 760
674 711
696 662
90 159
732 660
214 268
935 948
228 315
619 676
349 341
734 689
964 894
644 706
484 490
491 478
628 671
1009 932
944 899
315 237
92 187
554 472
757 772
88 98
952 906
818 911
628 635
316 225
818 823
255 164
432 343
763 732
490 502
721 740
587 576
530 612
992 902
491 454
343 411
880 973
645 703
761 850
152 77
241 220
727 802
352 403
246 181
1 10
479 525
958 919
749 668
551 527
538 462
319 291
580 605
501 457
487 405
349 417
252 279
731 685
637 596
339 307
257 224
271 322
740 840
1002 975
404 401
190 91
254 327
277 330
100 182
648 603
810 793
535 615
702 733
855 864
76 16
773 863
917 987
279 306
123 34
922 840
613 700
658 706
705 787
101 105
807 834
883 798
358 310
634 609
786 690
618 561
644 579
141 60
466 388
340 309
495 407
283 200
352 313
886 970
95 33
291 273
217 277
1007 997
1 40
219 227
764 860
1025 940
600 608
895 990
690 590
738 806
1 52
772 801
727 764
774 710
340 386
503 593
1 50
432 494
228 156
993 936
1058 965
130 86
821 723
189 184
943 868
343 340
404 412
560 487
196 209
418 346
782 860
314 307
59 95
778 821
979 941
828 821
584 587
122 201
741 665
566 527
760 812
385 424
395 459
250 343
789 836
492 506
261 179
914 916
380 430
537 596
731 808
361 269
473 512
737 811
708 685
635 567
804 776
827 855
695 718
756 853
57 97
178 146
688 746
1 15
871 965
415 512
510 480
1057 958
764 665
193 191
905 964
583 515
696 606
887 822
444 536
741 693
12 19
313 335
81 101
828 922
354 294
981 910
499 410
283 250
545 546
635 729
540 609
689 720
946 976
730 759
703 798
14 74
644 648
241 299
793 785
912 846
461 390
801 897
424 416
744 837
272 247
338 293
193 144
987 938
432 467
505 480
944 955
653 665
38 26
468 564
461 449
1 26
576 521
329 301
274 321
701 613
432 388
851 879
915 990
137 188
927 963
903 820
373 300
770 822
160 255
285 277
231 153
366 400
317 227
423 518
420 447
216 315
772 813
271 324
566 502
243 299
725 780
390 376
491 516
225 212
392 329
781 810
434 486
535 485
368 416
938 952
946 894
353 358
1 21
707 647
143 44
630 683
364 361
822 814
147 231
54 8
91 165
431 496
606 699
917 852
553 459
473 535
222 314
954 944
369 306
413 459
717 637
491 447
447 408
44 107
994 962
518 565
448 407
931 857
369 317
181 98
815 818
655 600
267 288
960 902
611 567
271 190
771 749
993 908
359 276
810 748
563 592
360 393
264 363
199 163
1074 983
131 179
41 16
423 478
197 259
779 868
344 295
536 596
140 71
669 622
938 864
715 644
67 5
321 365
434 429
19 64
928 854
759 770
178 88
160 157
277 368
467 421
653 719
330 271
966 975
817 816
1045 962
508 535
492 438
743 696
884 881
259 318
56 45
1 52
421 496
270 313
99 138
429 334
1004 988
512 508
702 770
657 751
862 780
516 441
246 207
592 516
641 674
390 408
831 920
522 573
611 634
825 878
929 990
734 826
718 696
883 800
355 411
426 422
668 707
235 334
1080 986
397 494
137 150
648 562
342 380
799 832
1067 979
313 376
452 511
441 414
214 160
1059 982
260 238
579 490
897 899
316 251
526 526
909 897
139 39
634 657
384 452
577 538
840 831
509 460
262 185
934 934
513 440
556 490
97 168
107 71
937 977
370 458
193 204
802 803
134 139
390 399
439 420
1034 991
636 578
1008 972
191 177
429 398
445 348
483 496
347 276
769 825
540 614
212 121
789 730
317 341
381 284
714 698
24 17
570 546
771 672
1052 974
776 866
290 377
470 559
367 340
626 527
879 779
688 761
553 483
112 92
440 390
510 583
741 661
473 391
289 336
574 661
85 125
36 89
362 275
310 359
129 178
763 780
31 42
69 5
470 380
739 772
726 816
57 9
476 484
498 545
669 589
112 157
934 901
854 777
112 74
246 247
1 55
481 479
883 785
1051 958
763 680
417 393
900 944
573 596
601 619
588 611
900 852
327 283
199 299
847 766
240 312
862 826
635 726
680 733
806 805
767 679
495 403
870 964
259 337
476 541
512 478
467 369
1001 946
798 821
819 833
835 837
502 490
119 37
652 594
82 129
242 258
215 246
291 362
687 755
550 504
1 71
249 177
203 176
865 803
189 237
758 677
90 33
188 115
621 597
807 769
481 536
1031 956
349 341
222 184
260 234
551 569
245 216
631 537
183 84
873 810
656 657
5 33
137 159
579 520
656 668
373 287
232 229
352 374
428 474
598 672
943 915
582 511
120 123
573 569
218 199
347 396
628 715
1 59
642 610
959 917
983 927
186 270
60 117
513 516
143 215
234 216
290 237
597 615
452 499
521 477
837 760
267 285
20 56
1027 966
690 622
235 221
199 194
186 91
374 347
244 252
424 473
438 516
385 385
337 357
945 958
686 665
698 792
16 64
464 420
655 671
911 968
839 877
144 177
535 523
65 139
230 152
806 732
312 246
578 565
699 740
817 902
105 17
886 973
360 298
658 611
53 32
1 11
319 337
36 136
879 889
595 522
721 805
80 28
981 931
838 757
654 609
480 544
973 905
647 595
243 246
152 113
183 175
140 156
263 244
856 883
338 265
792 883
403 462
560 485
238 272
214 204
1011 984
453 409
330 398
819 909
469 370
882 882
279 214
811 766
82 35
341 421
271 271
397 370
876 848
128 50
1016 976
243 270
843 796
949 963
451 379
1091 991
594 551
867 897
353 307
471 421
100 74
401 388
591 559
884 980
607 615
651 681
209 231
133 207
741 818
372 331
950 979
403 445
419 348
780 724
345 401
618 646
766 668
335 242
288 302
795 861
777 830
117 77
541 441
499 589
1025 990
217 189
799 868
944 996
329 363
232 237
367 420
552 565
220 214
353 333
811 726
176 175
35 58
548 625
1 66
142 169
400 475
298 204
27 90
421 496
40 1
462 474
359 449
299 252
395 332
382 287
206 189
980 889
1 63
285 378
109 206
813 897
219 230
361 382
601 575
155 60
442 529
405 477
253 290
57 89
894 961
548 461
763 702
542 532
704 680
44 53
545 642
1018 1000
803 891
730 822
59 152
423 324
590 633
266 267
325 381
307 272
422 506
403 419
524 461
613 526
1033 978
403 468
820 729
777 795
631 581
298 383
302 226
505 421
461 386
351 273
556 484
638 676
152 107
236 229
831 902
882 962
38 105
100 84
1006 991
661 701
596 689
748 655
528 600
587 538
492 499
783 881
1017 981
546 473
368 383
618 679
662 573
563 589
553 480
161 145
612 624
926 923
972 915
249 232
948 974
662 735
735 678
682 640
722 644
146 212
75 123
276 253
890 943
1 18
1007 916
302 327
607 640
646 615
488 470
565 655
239 288
448 401
906 840
564 633
647 707
339 424
757 682
213 194
829 855
229 190
703 728
257 178
255 275
123 88
321 367
517 544
768 738
1040 963
439 460
282 266
739 727
128 33
471 442
714 628
467 384
298 244
411 482
760 765
435 446
245 247
865 913
658 560
457 528
694 594
882 935
415 462
555 621
705 660
525 564
276 302
871 936
582 592
639 724
181 118
200 299
201 251
35 129
5 96
85 167
239 169
359 381
948 976
771 767
804 837
457 407
284 203
485 387
803 735
629 706
358 335
13 40
808 821
68 131
96 159
956 978
101 53
767 849
577 478
1 19
278 230
388 453
318 336
847 931
592 588
494 449
615 566
265 272
806 883
754 731
94 80
113 213
203 177
896 872
712 626
1000 940
69 150
279 379
847 833
509 517
686 724
946 973
652 581
872 839
237 272
314 412
789 839
440 492
526 553
714 718
791 738
816 839
385 390
557 588
562 523
715 630
815 770
752 746
1 49
280 369
498 537
116 115
155 215
872 971
572 602
551 551
1 40
399 494
306 252
153 158
81 72
84 177
755 667
504 483
724 815
94 19
725 745
266 339
660 614
263 302
341 319
635 670
519 513
647 566
24 27
259 322
707 645
162 210
925 841
830 925
600 521
931 975
177 269
862 929
437 478
918 970
737 684
227 231
595 673
343 348
194 232
683 727
616 597
401 397
608 539
923 907
928 892
731 699
435 408
265 361
828 789
583 529
275 190
812 880
212 236
659 715
725 718
348 439
774 814
845 902
593 658
393 410
511 412
5 90
689 678
916 951
120 37
624 593
781 737
174 211
156 134
769 847
433 490
57 95
389 435
822 737
760 860
360 310
545 548
991 984
669 660
142 86
707 635
935 941
156 56
357 372
630 650
1041 964
734 735
730 682
166 151
223 283
834 773
648 643
918 898
781 817
362 269
760 731
454 507
853 841
294 207
779 752
407 318
86 126
182 153
49 101
623 560
786 743
765 816
981 980
29 1
69 82
914 886
448 377
476 465
752 753
847 842
609 547
660 580
700 754
1 37
616 548
963 896
735 656
615 537
143 78
582 540
525 597
253 314
877 845
321 361
988 930
562 654
866 841
754 810
193 98
846 814
977 898
220 237
310 236
375 397
512 468
112 160
176 168
262 189
123 123
826 783
1063 991
839 775
505 565
838 906
680 604
229 233
759 693
188 209
241 279
166 231
773 675
324 370
777 814
285 276
200 238
663 710
916 931
833 879
433 492
168 81
386 347
360 417
612 582
755 801
282 195
474 403
215 247
351 356
571 627
838 858
722 803
277 236
521 572
585 485
526 586
808 748
291 235
838 859
793 788
394 345
801 861
395 342
783 779
555 595
910 963
195 260
315 366
796 835
687 733
808 834
357 442
690 773
974 880
928 873
722 793
164 173
394 402
38 60
688 628
1 19
146 146
741 685
88 138
636 593
265 202
590 500
66 89
508 433
133 63
494 514
785 865
433 393
364 269
129 111
659 614
330 272
950 973
673 609
285 236
493 496
120 24
795 871
186 227
391 420
933 850
112 127
186 170
190 224
714 722
267 189
548 597
346 286
1 22
958 957
576 536
311 221
292 281
261 238
622 531
472 449
714 735
575 670
667 646
297 272
546 605
390 394
595 508
570 537
893 955
408 477
947 969
697 692
896 963
914 829
623 638
122 206
229 185
210 187
36 129
266 300
207 114
391 305
174 199
897 916
802 839
966 899
464 452
163 185
552 561
825 848
167 191
864 830
885 860
952 873
574 649
632 591
915 974
1037 974
471 452
364 397
331 350
671 597
34 13
405 392
273 343
844 756
438 387
888 924
174 188
1 68
581 552
112 166
406 435
3 14
782 797
186 254
228 300
483 431
346 367
220 197
237 233
249 149
51 62
1 38
106 69
430 425
855 810
834 878
484 503
240 308
781 798
394 437
805 798
23 36
527 583
418 412
182 195
783 878
347 388
478 438
435 532
18 3
332 268
373 417
282 277
273 229
486 445
358 380
884 974
329 248
491 433
1039 1000
781 874
889 939
813 760
538 473
721 811
810 766
236 306
558 556
527 521
377 364
467 460
230 136
537 458
839 784
623 648
693 783
922 960
42 137
524 591
845 875
503 440
310 263
91 40
916 835
863 943
726 749
214 263
621 597
59 5
1029 999
118 161
1 35
933 891
377 459
926 996
675 592
1 54
1080 985
444 401
259 298
383 459
144 77
617 611
169 159
392 467
821 737
887 895
135 49
482 382
347 285
326 388
1048 972
353 265
691 729
822 810
1056 973
867 818
349 295
566 532
126 58
758 736
113 187
923 896
1063 998
914 997
564 476
221 259
536 475
465 494
124 130
222 151
669 639
774 855
565 480
431 478
471 386
602 672
371 361
821 894
447 460
122 148
749 660
706 628
367 329
898 975
17 1
584 507
815 750
53 109
878 915
735 700
38 75
880 896
233 229
1 85
147 144
595 536
841 919
584 516
425 473
1 25
1 25
682 611
22 44
798 722
954 980
615 563
585 672
976 914
448 541
917 882
178 142
346 259
113 35
641 543
652 689
819 721
235 142
509 530
602 503
519 450
305 248
608 599
911 919
546 636
205 181
799 873
112 154
440 427
669 604
313 313
441 363
601 594
815 813
898 829
133 49
808 791
463 554
471 499
215 226
325 345
402 432
671 758
113 64
933 843
585 637
945 941
891 965
502 448
798 857
982 968
258 351
691 758
307 351
901 980
670 662
338 357
921 914
642 548
793 723
1 23
214 170
326 351
35 113
755 783
747 766
497 527
233 206
551 644
348 258
921 861
675 728
122 69
173 128
397 392
81 145
112 51
179 112
245 253
300 340
1027 932
832 817
970 965
493 480
633 724
812 839
549 500
726 746
767 811
450 373
641 605
351 252
162 172
388 394
229 177
84 98
325 377
518 486
792 855
382 290
146 130
426 355
885 842
255 233
81 101
671 686
676 736
844 930
748 700
92 69
696 607
949 879
904 916
1037 960
345 408
681 679
130 138
123 185
684 782
9 49
464 453
551 630
364 429
845 853
450 545
645 651
853 765
155 159
1007 1000
120 179
743 717
816 885
71 32
833 838
148 186
486 470
270 185
836 921
385 376
954 986
852 934
90 171
552 645
1 46
762 681
1 43
231 234
99 103
536 496
486 389
945 931
639 579
164 132
966 908
679 772
736 677
425 343
714 703
134 139
337 344
418 387
840 909
471 539
361 304
745 655
374 378
153 92
841 862
428 411
420 362
383 397
331 290
182 152
687 611
188 173
226 137
982 946
432 365
410 475
971 982
832 920
710 802
1 66
711 778
715 744
535 464
399 313
401 341
620 685
339 331
150 85
741 676
89 91
535 534
229 166
124 51
970 966
849 841
558 625
173 114
1 16
29 113
800 826
581 506
794 738
657 564
364 455
711 735
283 264
526 548
717 738
900 853
557 575
495 569
316 365
599 620
340 264
144 193
1 21
285 373
168 84
167 250
190 288
86 132
180 151
337 419
522 521
907 974
601 655
690 648
830 737
398 298
227 187
1017 981
870 965
979 954
149 166
330 248
655 636
565 560
624 563
11 24
813 896
821 803
1 16
291 274
809 714
406 449
192 229
188 280
494 423
769 868
115 124
945 970
312 231
859 935
809 808
61 23
110 210
149 88
192 151
742 770
600 555
580 613
771 866
230 223
258 303
383 305
312 306
951 900
962 964
467 397
966 898
63 59
571 628
182 225
473 537
624 612
619 633
275 314
551 478
1071 981
868 904
776 819
187 108
245 179
196 152
686 598
321 349
100 80
796 762
292 314
417 513
293 205
510 584
731 652
983 894
149 198
220 143
601 671
304 302
575 611
631 631
533 526
533 526
439 403
141 231
794 830
242 283
772 864
728 755
62 159
141 220
454 447
892 800
880 833
804 805
724 791
499 412
850 857
476 408
859 895
313 360
874 827
875 971
909 961
431 519
432 335
329 238
935 883
204 222
827 886
764 708
376 475
933 876
69 123
76 127
310 384
798 745
311 284
388 429
776 685
593 512
577 503
576 599
925 983
439 462
1064 992
236 270
393 491
267 282
766 831
146 167
28 115
579 661
539 564
902 934
527 608
586 513
1 53
725 659
706 646
120 164
752 763
828 825
887 949
321 355
775 811
188 164
766 851
253 289
483 392
130 224
419 460
886 903
440 347
579 638
45 101
666 587
736 797
792 881
219 210
194 243
938 969
225 298
161 253
576 593
439 453
663 657
172 72
225 222
402 319
1 61
750 694
448 384
739 801
218 136
522 536
1012 958
557 647
610 526
1 28
999 904
484 509
922 884
539 565
635 601
417 323
615 522
149 192
66 103
483 451
903 867
555 602
874 783
346 311
1027 994
187 172
1 51
332 389
193 237
796 721
561 597
417 492
248 331
358 380
190 259
653 726
54 55
496 501
395 459
729 790
1 4
715 634
170 117
666 601
711 808
457 544
504 542
598 590
829 827
864 817
657 617
1 32
815 879
593 692
709 685
90 88
820 911
553 546
528 580
948 997
1018 937
1069 988
433 351
563 661
617 630
367 360
897 908
263 203
545 479
270 251
212 162
967 905
227 167
779 862
346 369
86 181
684 765
291 251
992 909
712 645
664 568
896 847
547 538
466 540
193 99
438 423
323 246
88 165
549 544
120 52
218 131
273 372
500 471
651 625
696 684
432 378
542 534
46 73
458 540
639 671
207 127
507 412
1067 972
825 823
716 663
755 784
608 588
514 496
209 170
133 153
209 199
216 152
355 258
208 283
305 289
616 608
428 463
157 180
404 329
271 221
266 294
119 125
534 625
376 427
712 796
131 151
883 867
214 122
416 370
752 840
41 115
806 875
947 912
163 85
958 969
734 714
984 971
745 743
284 198
556 635
76 41
711 640
782 731
149 222
601 536
150 165
343 311
142 124
869 773
868 923
190 280
316 257
946 961
246 267
176 238
745 810
233 171
261 288
442 389
554 566
19 74
765 813
1 49
232 175
688 754
409 457
935 897
458 512
152 68
138 236
665 574
959 893
661 615
920 857
578 538
37 72
250 292
933 916
732 804
583 656
422 379
72 67
287 280
359 361
964 984
259 271
566 489
240 256
916 882
133 225
454 529
568 510
996 1000
282 191
741 813
976 898
444 420
510 470
629 619
307 377
472 465
926 887
746 764
43 55
705 727
835 844
700 644
188 181
126 171
475 545
473 439
558 547
430 417
151 205
463 500
365 332
775 820
330 416
328 243
811 854
138 66
170 236
520 568
1045 969
665 706
298 295
170 167
837 773
209 279
742 661
809 727
888 838
378 404
749 743
149 234
546 529
274 191
786 832
622 537
341 366
864 880
1011 940
830 745
1 37
725 672
805 809
680 682
1050 979
328 300
445 511
646 732
889 868
625 618
753 769
172 186
574 584
891 832
772 716
455 472
260 272
563 498
287 365
626 583
562 479
848 898
178 133
601 646
1014 915
135 55
222 213
630 623
878 875
437 513
286 356
588 586
1 16
1002 984
433 422
417 354
297 214
856 890
145 212
93 27
693 769
735 835
209 232
212 254
599 642
405 476
950 919
862 912
663 754
673 734
1042 967
1 41
251 259
927 926
808 840
567 544
895 908
235 225
145 69
164 121
601 523
742 678
633 593
590 665
250 314
930 992
590 596
320 358
470 524
80 163
882 942
628 537
230 182
200 204
235 208
582 653
830 848
571 532
166 103
934 871
906 932
508 507
908 986
674 613
298 323
675 590
386 377
980 905
869 932
561 474
661 606
297 389
761 671
325 360
850 845
706 646
143 99
566 609
509 501
807 764
553 598
258 242
367 390
1 61
309 259
551 519
845 826
1042 942
209 282
955 896
978 982
236 276
219 301
1018 952
761 856
452 428
223 255
681 723
298 280
861 937
1 37
818 901
418 456
981 996
682 590
461 455
580 510
648 667
921 829
80 51
448 383
380 340
838 915
734 797
616 547
930 1000
429 335
753 785
791 797
341 299
278 343
288 281
273 282
293 264
121 78
61 134
182 126
896 862
216 190
440 340
809 724
264 271
795 701
501 464
323 405
287 230
185 153
945 923
848 813
601 686
941 925
48 21
128 58
339 295
824 900
983 956
1 86
270 346
446 427
245 221
206 202
354 417
478 424
843 943
790 883
217 290
1 47
289 269
780 775
327 379
171 121
394 362
600 534
840 828
431 388
956 908
350 394
284 282
415 432
508 443
824 737
603 584
278 206
298 328
930 848
717 805
314 337
473 488
591 519
277 362
170 230
372 393
272 353
250 275
930 845
347 377
189 202
951 971
385 431
460 508
870 825
205 226
809 719
561 540
999 973
574 480
321 347
469 536
831 842
591 640
263 211
712 687
629 579
191 168
658 678
196 244
464 479
717 749
1 49
195 177
821 805
313 345
519 569
911 926
227 273
763 743
972 885
853 816
110 151
157 75
829 863
632 636
653 645
789 859
818 817
331 355
925 930
913 850
215 282
473 549
107 115
453 394
398 465
118 153
736 650
713 615
796 846
181 184
85 15
395 304
421 437
891 943
1015 929
473 535
475 388
619 523
569 515
132 45
657 657
752 748
1 49
377 369
461 374
128 140
189 282
776 816
482 463
552 527
512 533
794 747
993 921
678 699
364 318
839 854
1031 938
629 663
431 360
260 188
683 685
771 709
810 825
180 150
336 332
614 577
703 739
835 755
578 614
597 497
466 519
419 439
1035 960
649 644
730 761
258 310
581 654
972 973
580 641
541 551
558 465
714 624
162 214
423 435
471 383
530 449
293 354
721 628
854 855
58 25
1 34
628 561
162 68
826 914
324 333
372 294
746 768
374 448
712 698
742 742
1 32
595 671
771 716
181 83
126 163
928 953
650 671
601 657
699 748
814 799
338 289
341 248
1 30
727 749
709 740
260 353
718 644
750 808
16 72
325 422
355 376
1024 952
931 883
803 707
626 619
626 664
851 866
66 161
856 894
790 707
67 143
549 607
363 321
90 87
865 899
106 65
242 162
623 651
476 458
674 579
132 203
304 281
113 108
455 429
850 782
130 86
831 863
788 750
228 250
343 311
259 320
357 337
1 21
513 596
1043 993
1068 997
886 961
871 807
915 881
89 127
902 985
585 523
690 617
1 47
1090 994
554 614
333 259
981 986
534 564
1 1
885 787
120 204
1052 993
176 156
184 87
623 579
250 226
610 709
118 177
953 985
1031 951
1 32
758 801
855 800
48 61
634 701
8 61
403 429
625 695
203 230
1 42
472 487
517 527
44 112
243 249
287 334
169 75
610 599
502 525
424 510
867 826
112 100
660 721
874 843
427 374
22 48
213 285
656 645
840 938
795 888
464 527
678 579
702 779
635 680
658 716
909 977
394 417
919 850
983 974
919 972
511 524
820 902
109 156
199 225
343 344
649 737
538 615
208 292
519 451
704 648
523 529
853 773
629 724
670 699
479 422
170 73
679 700
866 956
543 500
464 481
991 910
89 135
50 52
815 804
1 31
775 850
97 32
571 581
522 520
536 556
353 309
523 441
154 57
447 455
526 488
671 695
614 518
749 679
277 290
135 111
153 83
1 42
956 926
417 462
239 201
200 167
203 143
44 78
822 849
404 305
610 517
118 168
72 101
1 43
88 174
201 203
148 51
610 644
312 358
576 523
402 387
894 978
105 89
353 421
871 814
138 48
887 926
255 319
8 87
636 705
449 483
660 618
563 475
714 756
847 773
824 753
467 370
442 360
782 815
511 609
462 405
511 607
428 495
220 233
16 72
298 388
150 110
505 545
490 391
503 574
783 742
40 76
299 362
691 781
119 163
385 447
433 386
405 426
343 357
51 97
389 443
518 456
243 170
770 739
896 818
1053 991
818 829
464 456
644 590
142 237
783 748
858 803
393 321
745 685
313 387
828 901
81 118
193 202
308 283
240 333
217 122
285 241
466 551
849 816
560 660
430 436
438 435
823 865
397 438
676 660
75 13
741 727
150 99
197 204
474 494
670 763
531 529
691 666
395 312
778 824
277 239
924 967
386 446
569 668
653 677
748 755
112 208
527 491
180 152
687 756
261 358
616 585
869 876
371 293
264 322
489 550
627 530
215 201
753 713
255 240
186 282
1058 975
380 432
53 39
804 719
87 4
1 80
944 874
510 568
858 887
642 667
609 644
199 258
752 717
239 199
272 371
757 704
547 531
572 576
792 733
519 477
31 50
295 295
1 50
171 223
584 578
398 351
145 87
422 435
1 1
822 764
346 287
83 53
864 779
955 860
310 241
681 599
997 929
1 15
1025 935
466 558
263 203
904 913
637 698
508 514
603 529
432 356
866 904
1 75
216 235
482 560
658 688
885 959
775 678
734 685
367 283
220 233
731 687
713 661
834 746
322 337
723 775
174 100
681 748
258 168
205 143
891 801
749 830
1024 986
394 451
909 876
963 906
447 523
280 257
69 64
850 787
196 108
485 392
699 640
858 845
916 862
754 659
333 291
751 655
63 100
400 429
814 745
922 978
538 498
464 525
225 237
291 192
1032 993
291 233
361 451
229 312
296 210
537 476
968 897
717 710
735 680
948 849
579 591
439 397
908 889
871 807
70 112
730 726
751 675
449 485
65 113
949 896
599 536
524 524
1007 983
493 504
77 92
119 42
234 179
585 511
648 651
167 83
15 54
819 881
454 422
510 488
661 663
874 858
304 380
893 825
225 234
886 928
507 419
576 660
680 696
581 606
912 982
286 310
1066 987
715 780
324 349
120 182
175 200
526 529
176 162
1 6
547 477
679 756
765 776
251 331
920 882
205 220
1027 964
205 130
71 138
209 252
75 78
204 179
437 464
167 195
374 446
878 967
226 164
852 917
383 465
246 315
579 557
785 701
996 970
188 125
910 887
147 245
288 347
50 115
751 836
635 538
543 572
511 513
740 684
351 450
571 512
1 1
848 799
348 295
791 805
874 866
491 526
802 818
80 137
286 275
544 487
337 298
779 719
657 590
825 736
806 813
439 410
136 176
339 273
628 643
466 487
735 805
604 532
1012 944
868 821
353 254
424 366
976 961
655 621
881 796
634 597
1 43
666 667
460 363
1079 985
255 296
934 893
290 378
472 397
453 475
440 449
366 431
475 444
315 352
151 184
196 262
727 686
75 167
183 239
860 824
636 658
232 272
1046 979
172 237
210 267
711 750
717 794
147 244
134 166
733 814
392 358
398 496
381 319
384 454
987 906
962 970
650 697
900 928
374 396
544 531
105 205
36 6
470 395
560 617
475 439
562 629
322 241
754 734
1004 989
695 684
402 416
796 742
888 969
495 476
539 622
703 703
258 188
596 551
875 954
716 672
364 363
419 434
788 694
229 188
544 548
819 789
808 853
354 454
964 983
338 319
598 660
343 244
427 390
779 740
276 322
184 238
939 911
984 945
151 121
763 678
656 734
204 220
649 660
456 368
677 774
681 638
582 497
336 248
350 367
574 538
340 359
76 112
293 286
795 789
90 46
602 641
1 17
163 149
91 19
665 742
561 538
906 972
333 363
53 150
267 289
652 709
609 516
24 1
123 124
458 419
372 401
538 632
237 201
1010 934
788 860
912 950
764 736
1017 983
893 916
662 571
469 507
360 408
715 807
983 917
775 710
571 590
893 830
406 446
252 273
569 649
193 125
1006 963
823 827
195 280
315 241
411 457
677 606
252 240
560 570
134 208
952 992
758 755
260 184
245 146
152 205
790 819
399 488
430 490
884 831
985 958
525 478
140 158
396 344
732 824
936 962
981 910
499 484
232 134
355 389
301 397
331 290
699 695
318 258
857 893
798 817
631 539
1055 959
1 21
350 317
297 237
112 75
41 36
557 625
779 827
887 904
809 908
536 595
760 730
256 223
626 705
794 789
1011 996
877 928
127 50
452 424
424 443
930 961
181 180
614 600
1028 941
625 556
662 644
838 901
289 360
335 427
309 387
593 517
691 636
749 709
597 497
645 557
312 302
295 216
356 420
653 743
904 833
930 918
641 719
160 235
914 980
281 194
862 806
167 184
758 720
581 626
471 510
823 728
883 793
673 652
322 359
884 937
757 714
305 402
482 547
503 409
737 715
371 432
240 190
548 535
257 356
352 259
551 477
847 943
620 537
628 641
524 449
726 699
972 893
889 845
841 787
999 916
649 601
534 537
1046 983
957 872
314 236
81 43
985 907
907 931
665 585
58 27
895 886
172 216
204 158
587 681
1 11
831 895
251 209
132 57
316 413
644 607
578 483
33 24
195 114
353 450
470 382
576 525
784 779
353 413
573 608
689 683
868 879
894 870
910 816
612 699
730 653
619 630
588 509
909 948
833 856
874 791
641 716
605 693
49 58
242 269
74 168
107 46
557 564
787 782
290 233
91 5
16 1
466 516
898 872
958 996
302 248
476 447
745 711
350 325
820 849
144 220
348 362
486 560
808 796
872 859
807 722
485 529
164 127
1044 986
502 486
708 725
72 39
375 341
1 50
78 74
232 283
688 759
326 362
91 84
85 109
573 488
413 325
263 212
727 738
756 742
845 844
488 585
384 335
483 509
181 185
850 905
178 124
853 874
273 299
494 445
389 346
749 745
609 582
553 514
797 790
723 628
1083 997
479 549
426 461
206 108
886 946
343 412
135 192
190 279
156 145
597 537
522 479
401 458
218 202
850 775
924 999
38 23
356 374
358 421
539 566
899 870
271 367
576 576
853 835
683 732
524 618
722 714
885 936
258 280
417 389
622 527
420 426
370 355
894 939
278 308
271 341
755 717
920 869
232 137
27 18
748 653
948 888
864 917
457 474
681 647
903 907
252 326
466 417
812 764
652 607
228 320
499 566
687 704
391 359
370 346
417 343
891 829
316 319
954 983
702 783
55 42
764 743
713 648
261 274
60 71
195 119
132 124
682 709
1018 992
386 442
1 49
712 640
780 856
282 237
971 970
818 829
975 965
227 142
527 489
820 920
838 784
873 927
1 27
963 926
767 867
1 90
174 81
799 704
589 530
259 324
141 203
968 975
784 685
717 716
501 492
555 647
30 98
1018 962
681 739
91 6
3 84
835 826
674 757
9 83
1 33
699 632
1 46
475 433
600 693
46 108
687 727
517 571
623 545
1004 997
322 238
216 247
639 600
64 23
213 275
221 317
106 190
386 335
226 318
174 207
891 817
641 667
57 44
470 400
124 154
472 420
840 809
547 511
145 50
1 5
491 493
6 35
403 351
816 803
667 689
534 469
894 814
678 612
963 977
668 675
47 16
859 954
891 817
806 737
745 791
313 375
73 97
823 855
488 575
527 544
296 242
1066 968
343 375
461 396
197 272
322 318
53 143
865 852
246 176
887 929
152 154
1042 986
337 377
996 927
835 899
217 283
528 596
449 458
377 377
712 671
10 22
266 199
770 844
250 269
741 811
798 723
103 151
315 298
976 986
848 790
758 750
91 24
589 629
724 745
590 671
304 208
719 727
516 521
528 499
172 171
561 621
673 771
925 915
558 562
518 592
874 872
904 900
547 611
1011 967
924 928
312 229
547 557
664 599
666 704
298 334
176 120
356 380
925 838
1 9
118 215
448 463
469 553
557 570
518 439
557 623
228 203
327 240
424 407
5 42
1052 968
223 307
452 544
790 731
823 879
506 590
622 684
685 586
927 917
891 900
183 201
345 346
959 926
47 92
439 461
993 947
229 238
36 94
397 480
239 286
169 241
539 605
598 591
203 255
169 73
221 148
425 429
183 274
13 46
653 715
893 833
908 1000
368 396
714 722
710 660
460 360
597 682
153 154
648 698
697 777
582 511
793 745
478 422
474 500
160 221
470 467
842 776
713 740
1 88
551 483
272 264
698 750
833 797
824 818
628 681
210 283
180 277
214 172
10 89
72 43
41 73
959 960
924 829
848 802
549 645
233 262
372 311
1 21
131 143
373 440
618 649
281 219
193 286
1021 947
1 1
753 677
135 229
664 597
714 637
539 512
883 911
840 902
971 886
745 719
306 362
612 529
140 182
378 315
407 398
153 193
487 475
1 53
567 629
858 950
213 308
167 184
10 10
12 104
441 480
648 641
520 540
155 56
297 236
445 432
695 642
596 547
848 867
591 662
100 149
98 136
246 269
86 7
277 251
635 599
721 634
476 543
135 80
968 873
895 806
720 774
905 892
1 68
806 725
777 766
650 722
829 790
461 485
998 929
467 564
592 503
626 696
936 957
306 290
253 345
1070 993
991 898
1 2
475 537
774 788
707 615
137 70
297 341
75 56
142 194
160 195
816 837
77 62
229 175
112 14
748 779
777 752
544 517
369 382
900 829
971 917
719 703
371 351
162 176
619 529
285 222
217 219
250 260
342 351
512 505
454 504
174 132
808 824
580 518
256 334
566 660
1025 979
916 896
781 815
523 515
454 413
304 377
692 720
572 584
151 120
248 158
410 396
476 399
889 813
157 168
711 645
592 595
769 723
1 7
249 156
85 123
54 120
413 503
1002 926
330 318
999 932
935 892
693 631
255 209
52 147
392 479
135 119
6 13
1 33
784 728
1046 986
95 75
626 685
301 387
520 521
414 394
544 488
508 518
506 603
103 172
231 317
61 70
34 81
310 215
444 504
299 279
103 163
320 368
549 513
210 123
495 565
812 759
695 760
462 503
345 246
247 199
835 816
942 883
429 453
906 908
489 533
277 256
603 628
429 524
743 840
193 281
85 183
431 377
477 479
823 868
900 819
1038 971
497 407
111 96
126 225
347 408
11 76
29 79
367 306
601 510
368 333
773 675
618 618
427 517
603 690
175 113
462 518
955 926
358 335
136 195
530 488
694 704
665 568
297 271
101 48
650 584
233 245
529 595
445 538
556 558
913 837
1 19
873 780
813 804
454 460
760 830
32 46
486 583
639 630
158 118
411 410
587 646
505 515
642 694
317 283
147 200
873 787
351 252
515 471
1 48
614 553
746 646
724 711
108 146
966 874
841 854
512 412
775 748
774 781
149 216
871 953
582 672
995 929
26 16
734 781
754 726
892 947
511 495
984 927
477 452
20 32
612 645
395 426
333 336
102 164
419 349
588 624
698 689
760 851
41 45
209 217
715 651
424 510
157 205
215 211
39 73
415 411
194 277
278 272
293 243
755 791
205 225
923 869
210 288
616 556
943 982
468 431
356 370
358 270
862 908
382 437
8 22
639 559
841 867
353 347
336 299
394 376
169 208
553 459
88 128
727 801
116 167
890 859
358 360
902 902
95 103
836 779
677 583
410 498
325 411
728 757
391 403
913 836
492 477
1053 965
918 837
807 726
554 515
624 537
647 736
484 442
617 692
536 600
249 334
398 326
74 105
485 564
129 80
879 975
370 326
125 81
169 236
432 494
766 688
562 493
73 110
283 344
31 38
623 704
839 857
64 47
134 161
670 619
473 453
878 948
285 381
122 115
276 320
309 342
117 56
423 444
565 487
244 162
275 352
376 375
74 36
696 602
328 391
288 198
308 398
360 400
702 728
654 685
1090 998
921 930
706 664
638 585
449 430
454 476
891 815
1031 994
533 506
588 635
750 695
896 842
448 360
673 670
322 305
112 188
902 993
460 397
882 932
245 280
321 327
229 316
943 960
560 515
190 239
442 358
123 148
113 153
88 46
69 27
236 261
22 93
980 982
163 132
89 113
449 493
1024 983
732 700
131 85
348 400
231 272
234 262
727 756
882 865
795 845
801 787
75 121
1 19
219 304
411 483
399 376
580 524
329 362
845 872
368 403
170 108
923 920
190 112
834 913
193 157
775 768
214 234
346 367
94 170
810 907
554 645
336 360
1 25
818 786
672 637
736 806
673 763
175 195
769 840
299 369
803 777
8 60
795 835
142 140
802 790
283 220
226 271
135 100
719 785
1 54
142 159
959 954
624 665
341 302
292 241
861 894
584 585
972 979
687 778
273 347
624 675
243 198
499 532
1021 960
108 86
113 167
220 218
394 451
177 210
759 740
223 184
912 917
210 249
750 716
718 765
770 834
466 470
716 765
837 738
1045 951
762 838
766 763
1008 985
315 284
194 251
689 730
92 8
774 810
760 845
404 416
524 454
306 372
245 145
315 262
662 699
243 159
550 460
839 862
267 257
401 355
371 327
635 595
858 919
736 785
19 18
495 590
839 762
749 652
662 730
1051 988
744 819
883 850
949 876
444 418
164 150
499 562
486 577
971 932
88 158
338 334
903 859
314 383
611 644
841 864
276 276
904 924
93 63
303 286
983 931
754 798
1040 955
727 743
279 231
240 216
473 404
600 557
174 235
604 585
301 249
129 154
199 259
763 673
828 867
671 621
419 427
417 339
231 221
367 348
671 716
318 307
13 11
517 457
783 728
1 39
844 797
751 679
214 275
571 640
792 707
42 100
521 538
378 311
315 415
279 198
99 165
448 394
420 408
903 832
538 478
347 302
852 883
1 4
276 336
454 428
847 778
108 159
851 779
47 86
746 687
185 106
1 20
834 776
138 174
872 940
314 343
875 897
33 104
714 675
48 127
256 289
625 573
1 2
251 225
480 515
957 910
513 570
883 799
358 442
660 563
346 251
307 272
926 925
794 864
776 689
499 490
243 220
942 919
1 89
61 19
967 994
183 259
308 275
1 9
614 539
275 224
398 375
230 166
759 805
708 798
416 354
135 63
476 568
1 29
300 208
346 274
1056 984
530 576
596 616
793 701
846 879
627 564
790 781
948 876
68 77
723 623
215 282
136 193
1050 994
746 787
14 50
192 283
552 608
596 682
7 15
503 409
328 395
924 945
347 345
487 478
258 210
432 415
1 20
426 356
737 773
282 212
16 77
865 771
163 246
841 908
425 387
373 305
638 682
381 340
949 975
778 792
135 127
882 905
262 278
390 341
380 381
535 461
192 179
1 28
497 447
108 27
452 456
185 279
456 385
61 72
729 723
491 526
702 617
601 562
817 786
343 262
862 847
1 2
575 578
818 868
707 646
600 523
677 689
621 713
329 315
233 242
641 729
231 205
458 459
552 630
1030 998
1 69
867 790
327 327
928 980
832 750
468 448
651 680
767 851
844 865
206 228
453 414
982 949
949 943
808 729
713 656
359 364
1043 989
254 343
211 135
704 678
379 430
71 64
857 885
635 643
509 493
346 337
238 279
674 659
46 82
114 120
792 741
428 433
186 113
301 293
495 462
827 924
320 377
699 667
898 991
728 659
491 496
209 197
435 474
809 798
449 481
154 83
155 160
864 842
908 871
195 108
494 522
194 282
481 409
995 899
921 889
743 680
939 846
868 965
419 483
8 92
34 80
604 511
591 655
213 233
224 155
918 889
216 189
775 796
538 516
485 543
616 552
715 630
729 676
238 324
434 341
925 951
314 251
687 663
488 556
795 891
708 759
1033 959
637 667
666 614
340 429
967 912
794 768
620 569
723 628
300 262
419 373
190 268
925 879
420 447
911 931
454 428
334 297
290 219
629 578
142 116
104 80
832 781
680 620
1 5
463 444
786 744
536 487
128 176
176 230
980 948
727 753
652 591
433 363
594 544
191 276
255 162
955 929
53 143
885 793
276 238
799 806
375 413
667 742
817 805
865 854
491 489
579 490
877 834
633 587
552 651
879 821
18 67
586 652
344 380
544 619
811 727
647 648
109 194
264 183
1 16
230 322
566 523
119 130
733 648
156 172
876 950
156 195
879 941
170 221
132 223
52 61
123 30
98 197
836 794
983 998
706 716
330 238
441 477
433 516
933 956
287 322
854 872
241 328
13 42
622 529
377 397
100 36
305 221
559 482
44 122
454 478
131 207
814 798
231 243
584 525
350 332
273 274
592 578
395 384
931 967
80 163
319 361
463 372
887 946
407 337
194 124
48 124
473 412
716 670
177 274
572 496
193 210
526 446
774 746
500 505
782 688
341 375
640 560
785 696
447 375
879 872
894 951
718 732
981 895
452 427
298 261
138 154
412 339
412 500
1 36
813 797
643 641
447 441
218 293
429 429
415 369
551 617
56 12
799 793
656 595
804 831
757 833
891 951
717 763
1051 975
481 435
425 384
437 390
737 733
663 684
157 239
86 140
271 250
107 130
675 768
229 166
100 144
422 425
390 323
578 502
428 371
87 131
454 519
236 155
699 663
278 330
731 657
8 4
443 462
630 578
358 261
579 674
908 873
431 522
183 241
548 472
198 220
393 425
911 934
11 28
539 452
183 226
548 512
690 749
774 769
857 866
223 291
385 444
730 654
520 478
200 213
446 525
46 6
390 296
490 425
215 237
695 766
507 545
948 872
153 203
670 696
800 821
523 599
728 784
166 115
401 308
935 933
533 601
504 445
441 476
895 803
131 41
878 779
656 578
588 636
222 137
914 837
1020 944
108 156
398 442
266 221
277 285
88 131
345 407
22 6
312 346
467 545
732 790
135 94
272 289
219 217
117 189
597 598
191 126
749 655
126 190
114 62
560 504
311 324
313 285
917 860
488 534
492 510
424 366
919 907
668 683
56 106
207 226
149 214
111 44
549 612
259 248
191 260
867 854
448 467
832 765
786 834
806 786
141 192
844 871
866 871
618 555
695 717
535 563
246 337
143 157
688 631
808 780
573 626
910 885
420 389
591 669
401 447
767 733
267 256
238 211
220 244
777 862
305 387
621 629
793 723
408 381
816 803
708 638
464 436
704 680
637 710
488 487
493 524
829 800
475 453
295 335
685 752
619 671
1 35
890 941
309 312
364 425
468 453
377 473
508 558
353 260
379 369
739 656
459 486
168 193
482 457
18 39
165 134
313 306
166 247
859 765
905 876
834 796
841 776
597 635
282 188
676 708
257 291
156 116
677 586
902 916
924 897
848 807
167 233
1 76
410 500
815 746
67 4
414 418
888 825
597 654
776 851
697 709
644 656
399 463
186 210
583 611
200 264
650 651
573 600
665 728
226 174
959 976
556 651
286 272
311 220
807 760
702 654
140 90
41 123
241 333
379 428
252 284
489 539
761 743
250 268
310 307
807 744
463 563
502 437
1009 994
141 133
452 515
335 400
356 383
168 201
535 490
490 499
426 411
286 222
97 46
285 298
987 976
63 126
822 814
728 694
570 555
210 183
289 356
1 15
649 673
874 862
1002 922
834 907
175 115
742 669
265 278
462 551
320 244
765 846
710 807
581 666
453 383
411 311
473 495
492 527
502 459
129 117
808 865
594 656
690 624
472 427
800 737
1015 973
232 209
604 538
863 809
920 925
18 82
28 96
701 720
926 954
561 642
1 27
795 722
338 271
409 423
682 693
46 61
669 666
781 862
603 503
935 959
460 364
230 297
698 631
408 507
405 461
921 929
399 428
659 675
1007 986
458 459
596 598
709 732
45 49
610 692
538 536
196 103
157 217
993 896
757 672
835 843
753 765
511 420
292 387
316 366
663 719
461 401
865 787
564 627
438 438
338 362
643 698
312 355
307 370
313 226
317 342
945 902
690 749
555 616
55 29
85 40
75 41
263 356
21 64
84 22
425 502
524 441
375 417
644 696
851 874
634 635
871 934
705 775
108 41
908 840
642 550
902 813
951 932
933 937
860 920
499 465
50 67
466 447
383 289
888 890
220 213
579 656
319 332
234 169
419 501
716 793
16 25
583 577
109 76
758 786
27 8
670 688
560 627
619 543
475 453
400 429
788 728
969 916
909 811
692 593
597 613
621 574
287 283
160 208
816 806
891 806
924 972
759 807
201 193
215 166
532 609
340 397
548 485
231 195
589 592
510 428
479 381
181 131
244 159
269 238
381 420
115 78
277 335
313 322
468 441
1078 983
34 75
450 526
908 906
422 322
184 231
806 780
279 354
126 125
550 522
285 295
592 508
339 368
562 638
922 868
814 855
447 535
174 125
840 764
605 538
665 620
1 3
316 302
666 630
691 679
580 624
916 951
101 105
196 96
408 389
971 899
566 567
718 729
684 619
901 866
588 641
807 790
113 185
395 422
921 999
133 86
505 517
776 689
237 335
896 937
247 319
459 521
852 845
713 793
305 267
408 486
888 923
931 875
652 677
922 832
443 520
14 101
748 668
229 283
655 706
49 127
896 937
331 324
228 222
535 492
567 631
616 706
221 268
150 183
494 410
914 872
467 421
335 248
13 66
954 879
522 534
374 351
184 199
566 654
619 677
888 797
903 963
649 724
299 376
1015 943
1017 917
847 929
944 963
30 68
190 282
989 963
1005 912
953 908
106 124
981 884
767 814
495 528
839 781
1017 958
145 212
126 151
665 570
315 257
953 980
94 148
497 433
940 969
498 507
685 762
734 773
436 370
881 925
197 154
209 135
533 565
118 83
933 913
11 36
793 819
18 86
352 381
1027 987
69 14
7 74
931 870
895 925
264 268
896 862
695 687
939 997
584 605
826 752
477 523
341 408
29 74
876 972
235 242
842 820
859 798
1022 987
633 683
518 530
848 878
1006 909
215 202
538 565
538 610
9504 154
9257 338
9655 846
6298 650
7331 891
8953 629
5478 995
9438 889
9033 889
5852 178
5906 98
8232 626
8492 221
8419 41
6162 113
8965 827
7442 333
7756 843
6167 51
7903 134
8307 460
9627 628
6884 483
5983 340
6988 241
6068 37
8153 964
6848 539
9405 724
6638 374
9661 752
6132 672
5080 713
5421 330
7761 355
8371 431
8814 999
8667 791
9212 749
6807 463
8801 356
9960 615
7936 562
6255 154
9326 414
5409 692
6822 813
6414 441
7165 240
5864 276
8283 123
9178 619
9964 555
7205 931
6965 424
7991 82
5301 121
9333 690
9038 625
9438 397
5669 724
7088 918
8815 366
8269 672
8489 788
8296 721
9593 10
5341 772
6258 354
9688 328
6455 74
7902 632
7365 572
7804 868
5983 611
9995 387
7628 18
6084 513
6196 520
7778 353
6572 256
5969 71
9087 63
8027 745
6926 12
8261 108
9224 614
8456 478
9127 576
8777 798
5386 593
9762 345
7468 380
7610 509
6932 487
7566 892
7631 896
8733 583
7542 851
9391 415
7515 69
9687 279
6124 371
5692 443
8874 618
5959 496
9011 331
8943 208
9806 882
5873 703
8016 810
6885 818
8075 351
8319 10
8589 444
5012 240
8336 279
5131 532
6148 29
9197 993
5588 40
9071 951
9689 752
7507 922
6575 215
9753 496
7983 217
9058 903
9935 951
9033 387
7752 487
7712 63
7932 488
9861 973
9338 924
6704 511
5306 704
9517 219
6922 985
8887 916
7751 685
7015 365
7281 424
8788 403
7508 61
6544 209
7641 641
9295 552
5649 156
6194 163
9202 323
6933 742
6013 669
7796 835
6967 873
7095 520
5465 179
8538 758
6993 183
6220 821
8816 536
8161 946
5468 837
8394 491
9626 695
8888 712
8958 677
6218 911
6090 815
9479 217
9385 504
6671 494
7227 804
9605 403
6293 245
6882 40
6175 502
5277 675
8442 380
7149 86
5287 351
9305 708
5625 410
5512 104
8964 951
6768 826
7419 932
8611 155
9451 990
5547 66
5205 120
7742 27
5357 652
6688 861
8717 557
5531 633
9669 540
8602 746
7228 706
7889 937
8303 579
6170 709
8201 544
7933 342
5289 830
5164 874
7348 418
5837 700
7535 339
8176 279
7428 203
7570 36
5767 522
9883 940
8160 598
6929 633
9692 771
5003 737
8516 733
5355 58
5662 359
7527 578
8252 925
8737 396
6830 134
6964 572
9210 949
6295 969
9896 911
6803 451
5610 352
5993 665
8104 901
7364 646
9237 26
9202 616
6425 267
7415 735
8146 515
6390 683
8157 179
5650 495
8440 497
9600 321
6667 589
7109 265
7290 868
9427 797
7608 96
5308 620
7635 812
6611 469
9614 743
9862 199
7128 473
7405 217
8651 251
9246 329
6254 200
8931 799
9392 409
7084 644
5693 681
9397 370
6809 34
6825 524
8014 171
9525 663
5678 382
7505 146
8319 399
6714 541
8211 595
6210 172
6380 52
5339 888
6908 77
6773 25
7877 934
6524 860
9382 753
6674 339
7051 942
7756 64
7316 834
6861 508
7628 560
7450 519
9892 806
5111 254
5997 218
6804 345
5028 497
6056 138
7238 637
8612 764
8783 618
9014 611
7665 33
9155 349
6352 315
5794 450
5784 149
5553 585
5158 594
6138 532
7706 350
6396 540
5994 496
5885 334
6365 202
6679 604
9868 735
9694 341
9429 249
5290 730
8783 469
8745 186
7021 508
5324 777
7179 1
8981 763
9597 46
8135 87
7466 943
5458 753
5247 986
6298 439
6177 673
6645 96
9479 252
5533 375
7753 215
7040 539
5581 796
5085 765
8197 965
6611 580
8534 66
6054 141
8152 206
5024 540
6819 831
7953 236
7231 34
5933 449
8475 418
7722 253
6370 783
7793 546
9837 766
6234 624
6497 61
5960 631
8172 885
7834 424
5373 870
6659 686
6751 667
8208 369
9404 807
6316 220
8808 574
9798 662
5939 29
6447 184
8988 915
8113 21
9793 286
7862 345
9483 10
5212 160
6996 728
6166 927
8011 896
7375 251
9340 41
7270 571
8453 647
6259 119
8215 775
7288 403
6378 676
5278 27
8456 323
8943 669
8038 317
9845 447
8014 394
6817 433
8911 698
5302 522
9808 766
5263 196
5273 503
8331 113
5342 525
9151 84
8104 731
8674 709
5528 654
5073 723
6313 844
8094 820
6193 686
5599 179
8084 6
7802 36
8945 259
5750 27
5524 898
6662 651
9279 310
5329 821
7432 546
9678 452
9337 117
5260 469
8332 173
9845 136
6709 526
7496 840
8899 964
5687 338
9677 921
7631 275
7143 184
9593 265
5988 522
6003 446
9812 704
9484 101
6401 682
7096 312
5077 632
8773 254
7320 105
6038 892
7472 78
8581 253
5310 191
7144 456
5291 268
8598 594
8679 6
5930 284
6712 375
6651 189
7758 188
5381 536
5454 386
6886 577
6165 345
5139 730
6410 383
8632 744
8031 302
6192 712
7832 234
5355 181
9500 523
8841 762
7733 401
5044 688
5773 625
6858 929
8951 699
8086 671
8500 432
7159 42
5580 663
8803 948
7859 7
8262 425
5375 76
5399 257
7420 195
5109 587
6261 703
9194 170
9818 574
6334 445
9781 499
7968 83
8118 779
7774 571
8863 860
6954 7
7252 874
8057 521
8072 398
9257 226
6351 634
6794 314
8535 609
8049 928
6722 950
8781 834
6378 86
9168 990
5483 451
9170 402
8456 618
9691 756
8368 121
5465 56
6938 861
7977 533
9771 932
9339 798
9151 957
8097 264
8270 85
9468 635
8775 709
6790 158
7523 370
9215 212
7455 427
9083 638
6669 941
9268 848
5522 26
6797 955
9600 41
8096 858
5634 166
5375 597
5528 544
5932 391
5674 364
5315 905
6063 293
5995 285
5342 852
8636 894
9304 291
9852 702
9699 191
8181 205
5871 758
9497 264
8401 480
8490 292
5733 422
7984 142
5366 817
8505 775
5560 205
6610 881
6772 499
9471 452
6119 148
9786 558
8961 120
7779 272
6790 530
6759 553
9095 753
9054 548
8507 2
7961 114
6281 166
6224 141
8765 137
6667 966
8656 121
9519 266
9087 597
9468 357
8120 473
7378 458
8115 24
6691 863
7715 189
5302 595
7879 528
6870 855
6531 468
5709 896
9223 730
7344 255
9020 161
7589 119
7888 930
9280 358
7278 877
7390 259
6763 735
9903 222
6718 993
7152 48
8426 113
5672 866
7480 308
8968 141
5625 686
5872 13
7919 749
9036 77
8383 569
6120 815
6898 225
5431 27
8199 359
7048 420
6452 326
7487 388
6717 582
8286 708
8299 529
9438 823
9392 757
8175 868
9804 601
5465 727
6186 288
5021 591
9470 60
8252 399
5478 486
7427 589
7854 145
6717 641
5389 644
5899 313
5343 157
6587 673
5178 161
5432 273
9669 856
8410 871
9657 630
7581 93
5187 215
9704 881
6952 111
5441 884
9232 698
5182 391
5888 915
8466 276
7484 164
8853 42
9680 298
6912 634
9975 258
8266 993
9337 691
5908 660
8272 445
6187 535
7301 497
6127 93
9957 598
5919 370
5246 358
5620 781
8476 790
6835 119
7168 823
9598 595
8112 843
9199 493
6934 199
6597 273
6518 448
7748 60
7503 810
5827 594
5034 999
6841 261
7531 438
8920 744
5537 867
8324 826
9799 325
5012 627
9692 572
8530 393
6510 493
9171 838
7035 156
6059 676
8334 753
6771 699
9915 539
7168 131
7859 991
7382 959
5375 602
9152 754
7437 990
5672 444
9434 323
5069 272
9057 982
5589 562
9600 313
9011 528
9972 191
9449 903
5139 394
6273 893
5024 236
5520 425
7407 268
7834 442
7329 127
8449 834
5999 657
5783 428
6404 646
7305 273
9995 776
8853 439
9001 846
9223 536
6510 786
8024 805
6640 246
9755 532
8464 741
7731 170
6181 292
7912 933
6245 931
8275 273
9745 983
5877 864
8507 474
5731 78
5107 980
7306 544
9573 1
7743 633
5870 672
8403 820
9706 25
5048 160
6750 720
9747 567
6417 991
9581 555
8294 972
8370 660
7153 297
7161 149
7270 849
9684 25
7211 712
8094 174
7575 92
6056 869
9954 703
8393 628
7185 329
6289 933
7867 328
7326 168
8057 720
5261 144
6626 601
6976 585
6673 232
8420 785
8491 652
7686 456
5522 533
9058 738
8931 849
9414 799
7495 739
8188 972
5883 214
6450 834
5088 295
5075 802
7959 325
6622 524
7720 782
6143 905
6755 65
7359 160
6648 479
6032 213
5624 175
7350 801
5452 501
6827 147
9644 949
8538 868
9198 648
9066 23
7209 1000
9550 694
7997 916
9901 759
6840 813
6349 185
6116 466
6420 449
7459 839
6366 567
9554 930
8837 426
9271 527
7119 705
8307 212
8359 56
8681 152
8023 96
8847 10
6602 445
8202 314
9567 996
6987 321
9966 340
9802 991
9833 61
5385 97
7857 737
8431 215
7316 211
6207 772
6190 993
9221 526
7683 245
6583 269
6977 747
9247 957
6383 262
8703 746
8613 816
6755 986
5259 520
8695 381
6996 624
5087 409
7703 750
9304 469
7751 908
6431 497
5906 542
5515 743
7134 1000
7224 710
9187 951
7693 714
8804 473
7770 253
7578 89
8753 337
8450 234
5431 80
7673 131
6845 387
9790 62
8072 734
7049 874
6702 644
9259 821
7478 117
7567 419
7010 473
6817 538
6515 917
7001 228
6676 591
6059 131
9913 715
9342 186
5401 147
9626 768
8454 305
5249 292
5857 100
5511 118
7085 359
6719 419
6701 562
6364 154
8121 754
8299 369
5629 395
6126 7
7842 158
5375 124
7234 798
9362 714
9217 717
7329 797
6190 752
5950 221
6704 206
7594 229
7113 269
6714 23
7927 296
6053 681
8383 187
8058 741
6353 833
7932 944
9730 661
8955 309
6425 759
6542 131
5827 539
5913 373
7653 321
6498 777
5409 603
7325 249
8354 2
5841 373
6053 730
7276 595
8792 85
8757 815
5783 295
6005 106
9890 13
8758 847
8002 85
7432 85
6018 778
5693 569
5850 931
7733 141
7386 177
6436 912
8660 983
8762 463
9198 778
5231 510
6159 754
5635 560
8221 634
9236 610
6224 17
8095 37
6412 280
5466 784
9956 905
7529 158
7996 139
7360 160
8119 792
8052 80
8185 829
8184 144
8390 997
7595 469
9765 427
9349 58
6345 966
9320 443
9032 703
8482 172
6719 66
5953 809
6813 429
6968 568
8477 905
6410 966
5060 185
6727 583
8671 464
7483 487
7140 586
8383 407
8355 791
8184 833
8648 203
7144 641
9360 59
7021 637
8741 979
9599 534
7029 820
7845 97
7023 485
7815 481
5926 245
6176 826
8337 381
7760 659
6858 479
5516 755
8537 263
6494 657
8616 257
6187 764
8963 668
5910 563
6133 791
8330 36
9590 507
6381 175
7494 785
8263 368
5642 509
6299 768
5002 865
5030 927
5067 829
6036 94
9150 199
9021 225
9411 741
9771 965
8638 986
8623 379
5515 737
5944 632
9673 79
7112 666
5171 788
9079 180
6524 836
9645 95
5962 459
7323 474
9907 393
9948 929
9854 59
5434 367
5299 496
7849 33
9745 543
8113 167
6560 367
8272 390
7861 110
5714 229
7813 476
5724 899
7052 250
5039 715
7494 717
6578 564
8204 752
9494 763
9520 240
8195 173
8166 887
8542 599
6684 184
5205 576
6933 302
6523 512
5291 420
9808 226
5235 483
7730 228
8785 524
5922 326
6938 995
7284 394
5198 287
9678 590
8961 856
7702 939
6061 609
8304 297
5655 581
9731 451
5179 295
9637 681
9883 278
9656 757
7154 667
8535 152
7214 270
7321 765
5362 187
5690 258
8064 661
8444 656
5991 580
8168 843
5508 76
9841 376
8070 29
6204 369
9182 771
8327 444
5620 262
9492 840
9761 149
9252 800
6212 862
7760 840
6802 599
6652 311
5318 866
6562 873
7086 525
9771 641
6915 440
5409 837
7871 120
5611 558
8966 176
8309 230
7593 616
9991 710
5934 993
7205 592
6992 266
8821 208
5069 141
6707 241
6941 320
9082 424
5647 893
7708 705
9272 346
9500 281
6337 355
9107 934
9159 968
5688 621
8067 132
5855 845
9422 683
5102 177
5878 702
9748 473
7836 937
5467 797
9204 28
9619 510
6993 528
7229 866
6024 720
5406 394
9355 737
8971 23
9014 341
5108 958
6059 867
6373 830
5472 891
5166 616
7033 925
8891 508
8270 293
9929 14
8756 775
6072 964
8834 846
8900 620
5225 168
7678 709
8715 104
9059 703
6861 236
8335 464
6843 124
9486 967
5500 654
9510 98
7173 645
5232 996
6169 224
5278 204
5041 428
5004 178
5292 241
9759 993
8385 895
8679 221
9756 547
9843 698
8580 372
5628 124
7579 530
5327 70
6096 578
7682 168
5996 239
7987 124
5860 13
7541 854
6305 261
5822 153
9101 481
9633 203
5316 934
7512 76
5464 672
6962 915
8488 69
7095 530
8520 644
6852 63
8516 18
9078 138
6426 171
8441 756
6938 69
6867 202
6076 280
7223 54
9967 205
7766 764
6703 647
7600 217
8134 361
6274 35
8395 827
5127 255
9701 612
8969 950
5298 966
6037 268
5625 575
7170 101
8913 912
7567 786
9091 675
5045 275
8422 160
7439 203
5900 182
5690 468
7838 209
9046 950
9178 766
8927 793
5363 365
9094 439
7130 62
7556 13
8642 116
6594 673
6406 282
9039 999
5293 261
9186 527
9080 463
6478 7
6977 757
6886 386
5501 331
7433 568
6933 422
6594 374
7255 376
9312 31
9545 339
6623 714
6685 739
8068 212
7989 502
5528 911
9815 792
9433 634
6519 118
6317 615
8927 351
6510 872
7374 765
7018 956
7151 2
5978 877
5690 288
5345 639
7236 55
6609 144
6893 180
6933 835
8528 101
8332 450
7275 680
7655 19
6436 135
6969 467
8052 190
9433 916
8742 615
9223 593
7911 960
5956 29
7365 398
5486 570
9792 68
7912 485
9589 566
9308 506
8562 701
7048 38
5156 707
8698 885
5740 378
8065 340
8860 728
5442 227
6603 754
7755 835
5331 563
9042 461
5734 871
7949 329
5010 528
5501 577
8557 404
7721 917
5877 227
5497 489
6064 687
9219 732
8677 840
6415 774
7304 894
8811 501
7109 591
7349 241
5507 709
9492 651
5082 254
8532 757
6995 266
7906 363
6786 362
9262 218
8170 999
5754 849
8793 558
5249 591
9517 84
9829 307
8564 607
9448 299
9861 47
8289 118
8620 868
5218 551
6115 251
7629 29
9505 479
5625 815
9056 782
7332 626
7209 934
8083 405
8345 939
7260 967
8830 614
9237 768
6649 67
5465 577
6054 705
9855 986
8467 295
5215 252
9661 822
6305 704
6256 977
5569 337
8569 113
9147 590
6499 953
6615 731
9265 24
6051 35
8019 378
9269 712
8421 857
7063 394
9511 517
8469 341
7477 599
9937 649
8793 983
8292 823
6714 410
7172 725
9089 784
7312 540
6998 341
8327 463
5416 108
9914 247
9375 892
6188 552
6655 528
8760 586
9443 383
9112 171
8425 961
5131 926
7452 63
5871 71
9447 442
9020 472
5302 40
8963 294
7690 439
6495 664
6100 711
7055 319
5043 875
7588 17
5283 357
5025 197
5771 528
8778 476
8690 726
7938 707
8365 340
8583 837
6761 705
6153 309
5722 148
7994 485
8265 955
9386 88
7203 478
9957 351
5514 831
8107 954
6304 340
5966 827
7903 655
6967 207
5915 616
6222 88
6981 345
9032 87
9736 686
9841 27
8590 253
8402 358
7401 205
5109 153
5232 549
7474 115
7784 232
7304 894
8540 575
8512 645
9002 880
5299 723
8569 231
9046 476
7940 333
6342 400
5641 310
5397 293
8237 499
5307 218
7136 698
6997 36
9206 860
7788 394
6111 843
5187 644
9775 286
5693 233
5540 388
8643 47
9567 815
9796 636
9847 276
5376 840
8290 498
8575 43
9620 874
8872 185
8301 344
8732 452
5319 736
8158 999
6984 166
5057 606
6008 41
6968 999
9508 24
8643 891
9151 919
5810 644
8751 316
9018 656
9556 360
6687 539
6662 922
6335 487
8560 650
9323 40
6570 983
8239 374
8607 984
9439 140
8076 854
5586 312
7081 688
9647 314
7626 481
6018 875
8745 664
9955 180
8480 762
5855 874
9310 893
8566 982
9728 465
5213 367
9824 492
7426 309
7564 99
8624 519
9709 299
9123 773
9294 486
6396 130
5567 720
6868 574
7960 650
6998 688
6486 906
6275 138
8932 363
9616 243
6690 252
7154 35
7695 956
6680 175
7678 48
9904 380
9486 765
7320 308
6934 587
7763 796
8376 251
7071 333
6045 309
6942 299
6349 990
7882 976
9424 567
7552 332
6367 913
7058 637
8189 262
9654 303
5824 447
9594 189
9402 625
7607 864
5334 317
8843 624
9810 501
5481 232
6869 976
6073 555
5655 783
7843 380
5803 104
9219 733
7159 833
5258 968
8295 53
5917 482
9219 988
9273 821
7476 179
8460 991
7992 686
8462 411
6667 733
6990 931
8310 952
8346 899
9207 168
8450 161
5265 372
7913 466
7953 949
8140 972
9538 988
7405 569
7952 372
6064 680
9920 133
6261 109
6971 266
9812 903
6103 81
7472 681
5980 920
9953 851
9178 446
8555 539
6623 218
9001 946
7240 695
6735 679
8557 969
7933 993
9006 477
9190 36
9832 251
7291 946
6776 145
6517 96
5222 509
7553 717
6792 493
8608 255
9428 399
7459 601
7580 167
6510 284
8549 70
6117 439
7699 962
7293 43
7777 245
8898 926
7535 778
6735 41
9535 185
5948 978
7580 802
7766 353
5141 703
5301 945
8394 377
7725 903
6361 450
6650 635
7678 557
6080 169
8409 443
5126 529
7385 683
7656 116
9701 40
5813 584
8060 384
6268 558
6901 797
9790 931
6600 28
8845 490
7314 577
7882 242
7995 994
5199 63
9589 369
6473 466
9331 381
8468 469
5955 971
5687 982
7969 523
8212 838
5410 215
6192 237
9663 242
5027 251
6600 156
5681 258
9858 778
8662 396
6252 317
6654 432
9795 4
6764 811
9113 866
6570 626
6911 184
8481 35
6665 816
7586 664
6779 171
8136 776
6390 489
7279 586
9844 346
5853 758
9572 127
5512 176
6553 660
8377 178
9906 602
5815 118
9905 59
5786 847
9900 804
5557 802
9228 514
5752 656
9781 570
6062 981
8595 574
5934 103
8828 7
5143 617
9543 598
6193 552
5379 383
7385 450
6598 423
8594 299
6719 194
6175 917
5243 966
6880 679
8076 611
5067 95
9111 101
5596 577
7826 135
6722 513
8330 176
7145 323
8455 906
6425 924
8505 892
8316 198
5418 873
7367 268
9799 817
6512 463
7297 494
8898 604
6659 348
7000 103
6038 92
8240 980
8214 973
5282 481
9947 33
9433 917
5504 393
6597 350
7203 923
8108 347
7533 895
9654 374
8545 273
7813 423
8942 246
7115 242
8316 198
6129 162
9074 313
5566 774
9998 690
5911 45
8082 397
6814 594
9239 281
9579 431
8401 974
5782 437
9201 33
7112 130
5916 150
5461 761
6681 953
8130 654
9688 909
9829 815
9591 586
6516 592
7701 63
5581 156
6549 537
7886 148
9653 947
6628 938
7651 340
9059 484
7452 658
7117 922
5614 735
9520 597
5160 75
7952 356
9648 215
5622 512
8679 819
8046 264
6230 30
6316 874
8382 95
6743 306
6214 395
7402 278
7082 698
7131 759
5228 168
7428 952
7093 877
6092 61
6911 698
6120 791
9028 159
5759 266
9538 65
9028 232
6899 386
9135 732
7505 611
5970 752
7996 724
5451 114
7156 452
7597 604
6912 255
9043 460
6851 139
7805 576
9574 635
8295 609
6468 659
5204 376
9020 171
7587 494
8115 228
9427 943
7798 611
8941 196
8924 990
8577 988
5965 74
9153 605
6302 161
8189 558
5666 873
9463 298
7619 426
7791 507
9716 52
8705 770
5148 185
7981 494
7547 554
5298 913
8667 735
7479 268
8118 263
8153 275
8376 174
5550 345
8916 68
8727 313
7276 245
6679 57
5942 304
6932 915
8370 914
5590 269
7674 680
6953 262
6858 360
6025 138
6942 455
7807 61
5670 933
7068 683
5183 100
6096 354
5501 121
6219 474
9792 879
8397 9
6119 158
7111 267
5443 980
6583 527
6172 889
7343 582
9559 477
9458 758
5460 949
9948 230
6313 285
8862 772
6057 826
6398 566
8907 897
8040 270
6504 832
6823 566
6176 262
8424 491
5546 907
6820 380
7866 441
6695 228
8726 36
6599 516
7026 133
9780 676
5075 870
7520 981
8857 486
6715 175
9285 856
5572 471
6369 838
7009 419
5846 316
6949 908
7365 865
7191 382
7821 470
6552 470
6615 386
7245 910
8293 688
8850 976
7473 978
9807 851
7148 697
5529 129
7943 257
8400 681
9359 239
8146 592
7749 764
9731 124
7982 864
9547 911
6548 224
6352 346
7189 364
5566 534
6437 903
8634 386
6914 182
6366 485
9624 109
6062 428
7720 880
6167 679
7611 110
8446 754
8404 379
6416 301
5051 645
6991 12
5325 768
7706 58
6378 146
5212 873
8148 302
7752 674
7532 723
9100 676
9875 454
6059 851
7168 444
7117 439
9571 89
6797 760
8359 61
9404 813
9796 699
7865 414
8589 944
7687 238
8357 98
8705 297
8075 667
5623 939
5849 597
5275 605
9698 490
5674 9
7136 843
5567 800
9221 490
6996 225
7689 72
8715 219
7733 678
5039 339
6586 534
8780 545
5999 905
5676 83
9230 919
8961 150
5750 403
6345 406
9689 223
5328 937
6937 523
7461 535
8227 463
8777 754
9084 407
7282 456
6404 650
6747 310
5991 300
8985 506
7695 420
6923 732
7381 767
5220 621
8889 738
6872 50
7286 969
7716 843
5086 150
5102 540
7402 540
6558 838
9234 605
9312 302
6943 806
9441 175
5589 749
9863 296
6336 764
8659 104
9471 845
6980 219
9817 84
8268 676
6093 311
8119 736
6762 929
6668 294
9764 34
9459 621
8689 399
6228 675
5124 872
6825 31
7168 659
7936 694
9492 937
8492 789
7105 899
7898 899
7419 879
7295 250
5274 479
7038 620
8299 847
8186 151
7182 622
8073 684
7265 78
5587 994
6287 420
9239 647
8410 92
6195 984
6580 663
8064 853
8204 263
6598 348
7872 278
8800 800
7110 590
5312 871
5660 882
7249 472
6042 531
7095 903
9183 173
8100 601
5700 260
9998 625
7351 401
6636 758
5779 394
6670 18
5840 402
7420 271
7720 220
5354 749
7324 382
5574 972
6953 932
8181 388
5534 779
9358 114
7592 286
9272 342
7515 367
8856 54
7481 2
8932 38
9282 825
9421 858
6485 974
8953 28
8790 842
6786 160
9059 392
7453 57
9153 420
8559 590
7945 437
7230 248
9508 104
7226 237
9092 433
8097 280
5733 797
5144 555
8698 19
7829 547
6389 322
9982 516
6396 426
8786 428
8791 436
6918 17
6566 998
8239 976
5844 352
8421 545
6888 896
6250 788
5549 179
9154 989
5271 260
9305 137
5286 993
8447 39
5773 345
7761 340
6709 429
7257 641
8020 332
5896 961
7061 378
9145 533
9415 709
5197 333
8021 155
9181 46
9877 265
8262 431
9108 809
9772 570
7620 726
5619 911
7316 161
8099 813
8012 893
5320 516
6414 153
7604 430
6961 437
8808 181
7879 467
9518 23
8866 683
8377 113
9921 142
5419 702
5490 580
8974 583
6012 107
8976 537
9648 108
8281 721
8793 205
5975 747
6806 540
5858 905
9702 69
7405 128
7162 500
7654 724
7861 238
8031 608
9495 865
7223 659
5847 960
9128 755
6482 718
8454 864
6927 528
9781 470
5278 653
5698 961
7292 407
6066 794
9224 736
6753 307
7344 325
8000 421
6915 701
5696 618
9801 629
5805 694
7569 60
6286 170
9709 738
5913 28
7673 1000
6442 632
6134 606
9524 430
8755 187
9508 356
5546 664
8805 108
5193 277
9027 586
8206 13
8385 701
5892 456
8512 94
5946 985
5896 384
9014 103
6659 33
9053 566
8296 439
9529 44
5023 531
7883 625
5973 828
8814 295
7806 723
9024 836
6178 103
7933 381
8333 178
6666 546
6683 470
5793 918
7186 467
7286 103
5879 125
9138 448
7265 436
8072 227
7056 657
7372 197
5342 336
5415 956
9248 781
6143 182
6855 353
5603 685
5852 774
9057 215
8043 596
5679 317
8281 645
6658 788
5266 707
5114 137
8736 171
8817 692
5384 356
6861 712
7508 332
5569 190
7048 417
9980 943
9934 224
7910 542
6595 646
7680 387
7673 636
6203 703
8516 207
9635 571
5159 867
7376 546
5370 990
5232 459
9443 183
7676 625
7837 466
7234 133
8109 38
7447 66
8989 843
7486 79
6368 504
6368 66
9635 879
8550 481
9104 732
9152 25
8098 664
9769 591
7182 983
5325 399
5989 268
9720 344
7526 298
8064 118
8771 141
8248 665
5475 271
8481 278
5849 563
6239 71
6537 183
7813 59
7701 546
5105 67
6832 370
7647 890
6469 940
9866 825
6198 434
6981 928
8101 995
7568 185
5420 253
7767 645
9524 20
7204 798
7960 152
5104 85
6970 143
9775 948
8327 768
5167 657
9118 522
6159 518
8418 855
8643 995
8956 740
9838 819
9946 888
9213 10
7066 378
6411 464
7417 427
7233 869
8047 565
6880 884
9478 181
5840 831
8834 521
5375 441
6882 980
5850 363
8918 226
5842 122
9608 816
9618 140
9842 166
9901 626
8020 472
6823 843
6113 407
9891 708
7794 267
5717 754
8061 626
9779 846
9781 977
8384 206
8875 253
9689 393
5248 713
8407 179
7725 717
5347 713
7965 999
8980 614
5401 488
6716 2
9996 338
9208 405
5996 188
6421 793
8800 951
8562 53
6093 73
8244 340
7250 253
9366 18
6790 738
7188 441
9239 618
5318 549
5069 659
7791 898
8527 264
9499 401
6839 948
9353 480
5473 867
8747 940
6932 814
9363 959
6688 144
9489 616
5296 699
6859 115
8148 517
6763 576
6936 725
9640 971
9475 452
5786 741
5519 758
5366 617
9314 655
6214 926
9651 297
7634 136
5718 969
6548 818
6692 352
6298 675
5386 898
6483 218
6986 340
5213 259
5663 331
6454 264
7828 638
8099 527
8753 183
9318 894
6927 540
7298 991
5283 654
8767 332
8462 128
7256 861
9058 556
9175 871
6037 530
9820 738
8340 764
8349 752
6669 930
6281 207
6840 417
6152 69
6153 44
8857 795
8269 47
9360 250
5940 58
6251 643
8788 634
9461 207
5177 700
5317 122
8524 154
6510 610
6926 333
8722 579
7671 373
6827 277
7392 268
8822 167
8286 824
8072 85
5684 820
7389 119
9127 323
9547 226
9958 644
9906 880
9938 64
6661 290
6696 285
9911 753
7558 443
5880 860
7787 480
9361 757
7146 212
7894 637
6235 781
9131 484
9343 97
7977 277
5053 538
8339 61
7695 723
9730 203
5327 82
6162 147
8181 524
8676 257
6851 478
7270 802
6047 849
9819 521
9174 788
5357 704
5415 726
8946 961
7228 750
9997 381
8454 467
6445 557
7252 440
6528 295
9888 246
7386 15
5049 775
8848 482
5614 256
6446 756
7311 672
7598 481
5446 597
7096 832
6217 536
9330 172
8363 370
8107 667
6868 469
5645 897
5809 83
5113 872
7280 109
7987 712
8552 530
9532 783
6739 210
9780 95
5573 237
7213 243
7468 752
5752 967
6483 4
6349 389
7993 18
5875 363
9452 417
8728 324
9848 719
7014 443
5302 271
9170 669
5585 809
5028 986
5640 221
5427 18
5807 606
7842 758
6809 447
9919 347
7144 676
6246 4
7281 241
9989 658
9614 265
6173 306
8575 892
7910 829
5423 40
7663 356
7075 166
9369 526
9739 527
8703 735
6804 853
5803 675
6390 575
8565 377
9682 360
8841 927
5739 113
9893 996
9634 448
6750 506
6643 824
8010 782
7100 733
7988 111
7033 241
8091 364
9685 227
8907 371
9503 823
5004 721
8099 964
5604 720
9895 205
8252 730
9839 418
6670 520
6153 783
6086 898
5376 998
9609 688
7427 351
8694 213
8433 69
9816 364
7053 821
6664 94
7369 207
6512 458
8951 991
6306 748
8695 307
8818 481
5027 393
8613 481
8682 656
5004 545
6045 598
9299 436
9235 914
8645 742
7199 513
6639 675
9403 136
7965 980
6679 688
5321 822
6828 206
8394 960
6686 946
9216 278
8405 894
9823 987
7085 647
7489 134
7889 879
8644 430
6180 74
5158 220
6309 851
5977 467
6956 687
9806 447
5114 314
5010 494
9250 779
5493 899
7625 570
7921 29
5504 689
7116 641
8936 557
7481 658
8873 953
9671 635
8185 137
8569 860
6632 938
7013 160
5264 86
8137 358
5198 728
7663 631
8214 618
9313 164
5174 605
5010 627
9464 237
9844 217
5350 923
9171 769
8176 358
5906 722
6882 902
5982 759
8794 310
7107 173
8408 374
5257 908
6352 137
9726 25
5549 928
6499 31
8319 91
5069 126
7027 321
8823 794
5551 643
8127 856
5293 196
7183 671
6086 948
7595 733
7345 468
9990 876
8913 655
5931 488
5413 702
6416 883
7200 159
5092 719
8226 870
7814 791
8394 502
5232 722
8484 495
5784 555
5442 616
8336 672
9340 88
5429 603
6933 497
9369 497
9198 498
5026 155
8074 907
5891 911
7853 600
5361 612
8698 401
8512 967
8984 332
9131 967
9804 714
8857 387
9477 508
7613 469
9626 524
9299 675
6352 493
9499 786
8482 886
5460 827
8448 197
6284 435
9150 89
5490 11
9319 219
5446 45
9449 379
7248 202
7708 866
6051 813
6687 931
5520 539
5856 91
5113 158
5089 618
5858 378
7699 586
6382 313
6338 549
5499 171
6689 966
5888 845
9897 452
7556 526
5104 514
6734 122
7602 924
5454 118
6586 543
6668 459
5735 815
6430 46
6799 980
5465 66
5399 318
5409 333
7619 340
5485 184
7571 615
6980 990
9084 260
8494 140
9027 377
8872 307
8155 496
5398 906
5386 668
7925 664
8206 765
7482 44
8190 782
6325 741
6505 325
8492 383
6292 682
8552 279
5717 769
6513 441
6405 997
7702 713
9494 726
5060 950
9500 897
8535 464
9308 940
7599 811
7267 141
5890 360
5969 605
8766 691
7791 358
5447 590
6176 699
6578 552
7687 826
6111 984
9466 797
9644 564
7649 49
9577 703
9942 862
7072 972
7902 672
7608 93
5011 263
7705 340
8087 250
5558 927
9731 828
6019 623
6390 590
8830 606
7354 134
8177 538
5949 848
9446 406
7938 368
9013 901
9691 737
7897 131
5114 847
5424 675
6693 130
5036 851
6429 559
6862 257
9057 721
5401 767
5349 297
7770 708
6226 428
6232 650
6838 758
6271 28
8083 346
9573 216
7242 275
5490 158
9321 324
5192 109
5138 3
5536 682
9199 564
5021 925
8387 524
8213 881
7095 837
6727 910
7257 340
6979 172
6329 630
9167 846
6640 469
7660 967
5831 941
5454 962
9651 964
5059 731
6967 99
8780 941
9671 365
6200 957
7485 944
9244 106
5328 975
7848 762
6265 341
7009 452
8421 779
5657 574
8135 706
6299 89
7667 117
7552 262
7602 676
7154 303
7682 400
6289 139
7623 724
9494 117
5913 843
7789 862
8937 190
8743 368
8147 296
5262 364
5626 395
8405 676
8438 533
5850 345
7233 625
6001 120
8167 15
9110 704
5597 639
5174 732
6288 303
7226 90
5614 217
8301 526
7890 948
5128 38
9434 678
7959 879
7407 126
9037 893
9818 756
8419 478
7467 497
7947 264
8292 446
5397 75
7723 116
6579 546
8391 972
8699 637
6556 191
9659 457
6625 323
6987 744
7850 442
9934 430
9442 677
6376 630
5370 998
8509 721
6519 430
6167 184
7433 105
5529 640
9080 697
7638 607
8283 98
7699 966
7236 471
8719 357
6548 23
9715 827
7101 619
6960 345
9272 454
5314 332
7003 484
9789 241
8290 439
8366 113
6725 355
5651 998
7573 887
7061 488
5598 992
5226 466
5450 950
6104 95
7990 441
8688 568
9217 642
5929 462
9164 191
7253 249
5733 696
8430 971
7077 143
9521 538
8694 285
8294 900
6967 126
6752 98
8165 361
6771 816
7634 812
5101 672
7013 30
9446 183
8229 607
5418 807
7617 880
7090 124
6970 256
6927 557
5493 244
7130 332
9414 481
9541 490
7619 20
6947 606
8625 269
8047 240
5733 268
9442 179
6479 677
9853 934
5939 164
7438 847
8612 392
7213 361
7069 818
6353 952
6192 916
6295 559
5442 82
6879 372
9292 301
5293 508
9704 486
6434 342
9742 101
6979 838
7902 163
6978 68
9219 610
5477 720
8713 70
7983 544
7691 556
9926 447
8498 721
6124 819
8896 801
9005 510
6772 70
6888 110
8413 666
8072 611
6639 911
5493 667
6858 771
8174 899
7446 358
7245 961
9618 567
8594 758
8437 971
5592 752
7894 499
7399 818
8858 47
8995 524
6314 361
7922 574
6955 223
9887 58
8643 605
7482 750
5580 293
8316 947
5981 660
5881 877
6326 238
7405 824
7975 267
7689 567
9757 329
9810 921
6900 172
8750 865
5531 411
9041 909
8748 433
5475 761
8164 459
7698 333
8265 748
7929 465
6790 665
6068 451
6318 536
8285 852
7901 65
9234 223
9528 558
7153 491
7255 618
5247 688
8254 919
5866 312
5634 720
9902 579
6852 648
9365 415
6477 863
5884 343
5717 104
5201 63
8233 473
8322 492
6508 955
9965 842
5595 257
6490 873
9019 181
5543 958
9849 159
6876 768
7309 277
8100 717
7657 296
5534 411
8246 695
8056 764
7949 130
7873 509
5976 637
7723 964
5075 234
7109 343
9375 233
8343 426
5503 100
6651 752
9094 113
6454 429
7810 417
8743 592
5897 266
5819 47
5694 650
8434 785
6738 823
6357 843
5264 917
9981 381
7985 327
9656 173
8690 909
8266 846
7565 668
8407 897
5899 747
7549 437
9245 130
5353 244
5816 645
8093 688
5242 508
6859 148
6572 884
7304 831
6686 203
8411 525
8962 707
7115 204
6003 699
8452 782
9756 381
7440 488
5457 575
5809 398
8727 376
9615 921
7542 849
7571 880
6632 242
5560 939
7554 679
7109 950
6587 875
7872 667
7915 340
8669 693
9642 14
5482 971
7513 850
8742 164
9106 511
5364 620
8574 994
8309 103
5976 415
6386 897
8307 279
9050 92
9221 144
7952 678
5319 229
9958 385
8018 513
9927 20
9564 630
9634 960
5702 340
5799 75
5422 726
7292 49
6465 329
5038 957
6110 46
5857 85
8882 114
9974 847
5366 32
5350 183
9357 807
8965 646
7226 866
5681 78
6356 467
6254 135
9369 141
6848 14
8316 683
5636 243
8175 156
9824 795
5538 693
8450 888
8013 574
5260 297
8199 306
5609 890
5915 732
6162 329
9786 707
7685 240
8617 948
9016 564
6080 952
9275 353
5140 874
6584 86
8010 683
8653 840
9900 377
8765 840
8612 736
6322 815
9345 902
5024 121
9749 509
7396 722
9633 41
8464 584
5431 954
7063 787
7935 419
6476 917
9825 752
7835 962
6833 14
6630 119
5555 849
7522 983
5807 720
7630 60
5458 76
5364 250
8950 197
5375 53
8628 399
6379 357
7887 823
7414 437
5975 675
7121 153
7377 68
9379 129
9917 405
5797 515
9179 164
9365 956
9929 639
8253 571
9875 897
5449 324
6335 985
5026 67
5319 315
9312 380
7208 809
9672 216
5874 883
9657 244
9591 672
8961 772
9224 975
8167 376
7203 108
9420 916
6539 731
5909 966
6888 939
5304 518
9067 533
9914 512
8929 583
5461 6
9209 672
8071 198
8924 986
7697 467
5740 471
6034 509
9189 402
9465 416
9847 29
7584 102
6776 212
9625 173
7205 357
7506 797
5041 931
7980 693
5356 331
9233 346
5774 622
7974 125
7818 595
8973 2
7059 163
5398 805
8923 736
8933 321
7812 249
8623 506
6443 782
6860 344
9264 745
5892 442
9640 424
6740 123
7073 181
5081 597
8153 356
7741 172
7430 543
6903 704
9984 315
5494 178
7701 406
5875 988
7722 778
7949 814
5142 875
5820 864
5264 164
6185 319
5581 313
9530 544
9104 435
7932 858
5479 837
8161 72
7392 842
7479 985
8259 391
8956 822
8156 859
7748 392
6476 607
5665 910
5003 159
9830 571
6628 342
8872 957
8272 256
7258 10
7189 516
6125 187
8272 358
7547 5
9375 992
5246 448
8213 964
7099 325
6591 106
8921 558
6106 734
6607 998
6075 290
8630 308
7802 846
7951 433
7270 797
9618 941
9401 466
7754 131
8203 433
5656 971
5084 403
5967 868
7001 224
8544 109
7469 341
9036 640
7152 338
6656 67
6376 598
5802 206
6038 186
9350 690
5845 525
5734 633
5374 311
6757 228
5493 65
6603 688
8672 284
5088 640
7518 915
6242 183
6593 276
5781 631
5968 903
9847 271
8076 690
5864 738
5715 831
7425 419
5173 606
6236 121
6801 101
6947 785
7613 459
7972 273
7669 516
8721 242
6587 488
7499 97
9785 721
7996 86
9468 204
8928 194
7521 690
9294 425
9811 800
6055 776
8981 981
5698 86
7346 576
5743 899
5592 471
9169 378
5175 739
6170 340
6446 866
5318 559
7326 263
8427 56
8782 191
7846 682
5435 61
6431 788
9485 866
8153 745
6368 348
6017 525
7250 625
7904 305
5197 333
9788 552
9097 699
7713 575
7842 513
8993 478
6996 381
7083 237
8746 618
9073 337
8538 264
8228 61
9127 771
9403 451
7004 187
6540 127
9033 702
8134 969
8662 343
8096 407
9151 493
9415 954
9938 61
6524 982
7601 360
5517 538
9283 751
8621 521
9309 119
5991 772
9919 89
5660 284
7676 162
7113 890
9590 540
8675 160
8365 567
5990 716
7522 178
7237 319
8195 679
7044 882
7276 464
8078 431
8361 334
7152 303
7750 384
9496 473
9198 245
9840 441
9507 697
6152 666
8021 643
6254 223
6997 245
7486 535
6021 276
5318 253
5319 740
7934 268
7757 549
9240 721
6794 19
9525 635
8032 318
5892 988
7552 788
9692 715
6274 304
8090 796
8609 437
8169 865
6108 229
9632 554
6581 573
7417 338
7580 677
8004 988
6925 131
6890 24
7918 256
8083 336
5872 938
6930 440
9020 425
6130 167
7404 908
6816 341
9150 145
6309 89
7234 837
6206 287
9266 481
9488 218
8999 67
5956 521
7070 659
9501 687
5972 796
7603 140
9747 716
9946 631
5911 5
5843 40
5183 339
9631 409
6099 800
8409 671
6963 534
6609 972
9409 896
9047 111
8020 669
8896 542
7216 65
9857 377
8519 938
6004 581
7816 865
6741 44
7406 584
6696 156
5991 505
6857 577
9490 994
5956 324
6366 789
9326 907
9780 790
6510 505
7181 43
8094 609
9866 205
8406 944
5402 992
7144 202
9735 186
8591 481
8661 833
7011 602
7927 486
9153 377
8507 890
5116 500
6453 291
7334 358
6971 641
9925 978
6213 384
8317 503
7702 146
9842 347
5982 133
9864 165
5629 814
6432 684
8941 120
8017 349
5805 673
8578 887
9390 968
6561 623
9193 26
7888 457
6132 703
5808 436
6237 926
8504 720
5327 623
8783 746
8175 859
8564 420
5072 795
5007 444
7187 832
5466 323
9723 290
9959 226
8301 195
5355 267
7900 615
6009 842
6380 683
7175 424
7059 882
5995 732
9283 76
8736 208
7754 116
8341 960
9321 154
8328 165
8254 608
8870 59
7922 859
5602 174
8848 74
7327 361
5736 551
6144 400
9672 807
5040 239
9606 826
9558 293
8594 1
7197 320
6013 965
6361 914
9621 183
7111 714
6381 875
7608 714
5174 884
6548 128
6532 700
5702 347
6214 269
6393 243
6793 149
7267 651
5891 88
6905 504
7393 609
8196 865
9179 883
8776 641
7093 983
5166 873
8979 310
5644 404
7717 115
6165 47
9465 681
9459 546
8960 412
5599 560
5589 436
7630 556
5634 67
9701 547
5423 98
7702 336
8727 999
7761 633
5080 891
7871 895
9065 733
8813 157
5018 804
7230 725
8781 188
9844 162
7500 925
5904 152
9833 137
9396 267
8328 755
9955 35
8651 90
5384 528
7685 32
8406 246
6911 794
6830 95
5657 29
7165 208
5473 577
5712 206
5252 661
7109 962
6905 164
5477 489
5953 364
7645 962
8839 388
5683 318
8734 545
8809 724
6824 702
5032 204
6539 340
5885 696
8513 109
6334 835
9393 995
9803 661
8406 917
6893 701
6274 110
6639 35
8192 463
6703 94
8651 296
5649 445
9511 864
6718 206
5754 532
8477 413
8042 799
6771 14
7814 978
9829 261
6579 222
7813 217
7881 318
8366 907
7233 294
8592 10
9832 244
6464 218
9858 246
7010 685
6402 649
5171 555
9750 397
8844 942
6233 122
5667 204
9421 256
6684 590
5669 161
6850 703
9944 594
6090 124
6156 409
7256 380
7491 105
6382 49
7762 975
5034 1000
8115 202
8524 489
9865 664
5087 600
5199 567
9590 763
5186 508
9277 807
7790 414
6119 406
9610 225
9304 528
5832 460
5735 269
9653 19
6285 765
7277 177
7698 709
9575 85
7222 336
9418 20
6565 901
6112 811
5828 653
9529 592
7536 613
7663 921
7628 730
8341 353
7735 421
9650 630
7518 679
6815 922
5862 614
8110 31
5275 150
6178 328
7274 883
8341 975
7898 936
8129 190
9925 67
6505 62
5896 161
5361 294
6212 689
9151 292
7569 553
6811 900
5640 722
5364 928
7975 819
7648 762
6194 52
5561 232
6036 775
6001 456
6738 954
8117 645
5316 23
6408 602
9463 454
6275 804
8615 761
7259 899
9634 219
5159 552
6801 118
5363 244
6466 976
8335 811
7104 71
8376 287
8096 819
9095 83
5583 470
5272 762
9438 358
7687 198
5776 664
6599 138
9391 202
7231 67
7244 833
9578 537
9661 85
8681 298
7301 931
8440 279
8207 970
9975 557
9319 135
5270 210
6583 160
5971 191
9897 546
6947 87
5024 920
8886 105
9883 292
8925 322
7486 113
5806 678
9928 2
7710 45
5792 350
7725 213
7317 729
9577 48
6263 952
9740 252
5670 293
8575 52
5759 246
9015 112
5154 967
7580 566
8373 971
8388 68
5292 673
8430 89
9112 216
6298 204
6465 617
9064 551
9899 467
8637 845
9547 247
7725 64
6700 896
9990 121
9442 607
5143 273
9297 772
7949 460
6725 566
5141 957
5685 145
9378 236
7078 469
9850 871
9661 7
6290 678
9965 384
6132 732
7253 327
8319 647
7288 632
6724 640
8956 59
8149 318
5991 406
6177 847
6158 653
8120 493
5279 596
7052 968
6372 854
7931 434
8672 674
8015 456
8315 174
6021 169
6477 394
7954 69
5624 940
6106 471
7377 723
6121 951
6206 921
5750 421
8910 945
7683 545
8888 82
6251 914
5904 491
5642 738
6041 215
8945 71
7668 9
7884 160
7886 34
5009 406
5743 523
7231 34
9937 282
7996 871
9650 388
5188 171
7119 580
7091 121
7713 93
6066 200
6087 194
6458 15
7560 164
5435 116
9794 414
7957 739
6590 512
8296 702
6414 238
5326 842
8640 223
5081 854
6149 22
9802 40
8704 891
6898 819
9688 948
5706 601
6314 887
5170 175
6921 409
7031 855
7768 867
8273 378
8089 802
7206 220
7796 443
8751 75
8296 280
9986 473
5082 741
9046 842
7835 864
8915 457
5807 198
7445 698
9351 622
7633 614
9812 181
9404 92
8032 942
6566 124
9755 988
8044 760
9425 37
6895 934
5584 202
6925 745
8426 827
9075 129
7819 285
5889 171
9356 586
5983 36
8574 583
9466 636
7648 483
5334 907
5864 111
7430 836
9573 666
9687 293
5728 976
7854 2
5013 563
9906 771
7519 665
9909 38
9150 425
8116 344
5821 281
6362 710
6909 990
5196 542
7633 194
7907 559
7541 30
6388 741
6010 449
6397 783
5220 791
9527 854
8571 218
9629 714
6437 562
7871 241
8816 210
6957 738
5701 957
8771 85
5880 888
9986 808
9557 978
8765 625
8897 29
5073 491
5704 495
5381 477
9891 475
6133 893
6252 155
5957 223
9492 543
5038 946
9150 971
9023 148
6345 52
7734 247
8874 597
7393 764
6815 956
9049 356
5391 224
9483 736
7848 715
5089 737
7413 955
8135 586
9059 791
8662 134
5124 413
8507 98
5949 104
8456 35
8248 434
5968 631
8936 426
6777 956
9581 935
8018 872
8830 199
9109 815
7698 764
8476 896
5612 715
7156 450
6499 692
9683 237
8074 487
8220 159
9061 367
8250 718
6800 541
5102 505
5964 719
7842 712
7128 397
5573 25
9412 15
5119 370
6484 544
8499 325
9047 350
5893 971
9605 252
7121 784
9360 3
9029 123
5277 708
9021 716
9191 744
5761 80
9043 353
6589 63
7158 447
7330 254
6543 189
8706 60
7888 468
6766 822
6026 133
5513 662
6440 990
6923 617
7233 276
9742 780
8918 352
5539 300
6605 284
6994 222
5502 19
5893 35
5995 216
6126 457
7256 170
8556 185
5267 673
8914 458
8258 190
5004 915
9094 215
7902 871
5389 383
8624 798
9837 822
8649 433
8662 694
5879 448
5328 668
7583 350
8085 90
7194 591
8615 910
5773 944
8949 922
5795 988
5393 647
8560 452
5295 60
6573 6
8228 726
7327 679
9225 702
6522 920
6979 110
8997 951
9891 360
9212 928
6233 318
8602 753
8952 824
5186 787
8492 686
7305 951
6487 952
8085 821
8545 19
9009 685
5933 561
9652 659
7595 491
9986 131
6229 268
6121 568
9605 902
7997 965
7396 839
6326 958
8007 265
7439 529
5677 791
7804 136
5113 796
5632 93
8725 473
6733 730
9446 274
9898 216
8832 651
6767 17
5339 425
9694 189
8563 121
6686 222
6139 147
8176 833
6557 706
6084 562
9165 112
7047 792
9281 821
6042 271
9043 742
9883 48
8222 856
5160 734
8281 509
7167 774
8196 985
5125 683
8453 766
9715 836
9684 240
8417 371
9397 944
6656 400
6998 451
8990 235
8072 789
6893 302
6219 846
5875 294
9898 257
7966 327
5218 669
6854 917
5333 293
6888 983
8034 781
8063 644
5192 798
6967 748
5950 922
7839 912
8174 814
7255 626
5722 889
5777 564
8073 6
7997 581
5188 612
8994 77
7662 265
9203 259
7151 60
9398 438
9253 497
5030 39
8750 117
6041 828
7193 82
8065 743
6117 127
5628 700
9340 54
5763 358
9119 775
7124 300
6470 881
5777 855
7507 413
9530 129
6976 582
8172 512
8349 364
8922 957
7369 661
6514 32
7793 147
8306 84
7335 28
5686 521
9625 664
5831 774
6316 463
5345 405
7084 605
8477 873
9279 236
7218 279
8395 817
5697 88
6575 913
7989 639
9713 950
5371 840
6891 774
6591 511
7906 857
9569 815
8407 425
9615 723
7160 358
5087 495
6498 388
5116 778
7507 635
5011 946
7453 460
9426 503
7686 679
8478 247
6045 891
9006 228
8574 737
9735 716
7473 738
5395 347
9864 191
6807 281
7300 117
7067 526
8360 670
5353 797
7448 958
9317 695
8144 445
5199 254
9817 474
6931 831
8294 633
9965 334
7342 448
8530 561
6833 161
8392 254
7311 30
7795 339
6515 548
8349 257
5907 592
7127 576
5035 735
5694 935
7839 897
8739 385
7034 570
9343 739
6732 366
7188 208
8403 990
6513 583
9154 350
9584 890
5861 558
7433 225
8669 913
5308 475
7240 933
8517 9
7439 597
7529 437
7466 34
8252 829
5617 43
9860 773
9855 521
9662 522
9649 243
6481 878
6845 663
6434 347
5213 468
8912 22
9047 478
6063 667
7496 733
8524 211
9648 297
8920 922
7118 875
8343 12
7107 356
9849 399
7408 310
9368 444
5102 330
5096 20
5926 847
9703 595
5125 49
7186 179
9488 736
9552 816
7812 188
6264 452
8897 985
8716 476
6263 99
5557 538
5117 40
6811 950
9332 902
5414 885
6394 506
8361 158
6802 269
5305 589
7441 12
8302 832
6778 477
5973 902
8853 826
9683 441
6621 318
6129 512
6743 262
9043 913
5088 406
7018 926
7458 55
7988 253
9201 919
5141 470
9985 765
8955 219
8040 34
6974 411
6762 405
6434 85
6632 392
5353 256
6921 633
9634 551
5644 772
7150 841
8734 998
6341 394
5993 346
8856 859
9070 12
5602 419
8991 869
6322 570
8312 64
8995 251
9614 41
5639 565
8675 7
9139 715
6971 993
8470 835
6841 314
9965 552
5580 697
5947 301
7173 858
9328 373
7864 179
5934 762
5809 523
7721 736
8144 142
7321 710
7979 518
9400 143
8827 128
9591 946
5240 776
5317 824
9022 525
9692 151
7090 87
9439 657
7917 424
5427 214
5364 957
9881 677
5716 469
7798 918
8075 355
8839 291
6482 181
5682 924
7325 213
9100 476
7579 899
9904 44
9791 109
9426 587
5251 10
7926 82
9534 190
8243 901
9610 761
5121 397
5454 942
6825 525
9635 400
7974 615
9240 723
9228 907
6709 686
5411 294
7594 712
8446 734
9650 468
5100 36
7930 585
7804 593
5020 337
9939 297
7652 281
9825 502
9739 519
8767 747
5309 994
7605 253
8241 497
6932 319
7431 601
7229 656
7863 840
8627 629
9911 490
6557 697
8565 886
6462 952
6469 387
8681 362
6936 719
7411 577
5207 755
5504 657
8310 454
9866 721
8850 29
8613 623
8148 579
6544 55
6905 124
5344 617
8076 225
5629 200
8249 824
8020 693
6915 421
6567 39
7578 978
6237 169
9110 900
5948 961
7592 371
8050 666
7030 868
7697 276
9447 366
5855 432
8382 651
7525 68
5763 27
7454 157
6260 823
8543 3
6213 342
8768 562
7957 667
8404 633
9140 917
5665 568
6322 776
9922 58
7681 73
9007 493
6279 66
8775 792
6574 880
5620 643
7199 451
7117 88
9632 114
8982 954
7145 444
9760 798
8291 995
7904 532
5855 609
7495 702
7218 681
8694 116
6175 901
8371 905
5391 18
6536 915
5974 410
9613 691
7580 44
5851 395
6647 877
6171 275
6568 931
6748 989
9647 766
8801 472
6001 44
8768 191
8000 210
5097 909
9569 859
9792 793
8507 114
5763 242
6950 278
8672 931
8698 988
9665 4
6351 731
5108 926
5715 921
5986 263
8842 786
7960 182
6119 389
8933 642
8235 416
9413 657
9382 716
8741 688
6389 223
8873 53
6354 719
7122 682
9161 555
7831 339
9972 664
5449 185
9030 50
9653 93
8614 665
6627 549
5211 300
7910 209
7839 757
9580 645
8285 796
8133 698
9673 532
7713 353
5874 682
5746 549
5110 39
8452 648
7556 808
5692 40
8817 278
9391 556
9374 660
5935 962
7496 486
6399 588
6467 922
5922 128
5703 461
8311 846
5700 444
9418 754
8239 554
5207 793
9628 6
6333 472
9275 164
7191 528
7443 795
5684 726
5328 1000
8656 690
9881 848
6909 791
7641 962
8719 930
9704 221
9547 737
8698 655
5962 968
8216 451
7067 735
8404 126
7776 342
5219 882
5197 867
8763 623
8889 239
9690 589
5432 47
9474 736
6327 723
7800 338
7498 159
9468 563
7753 713
9335 100
6976 365
9359 593
8127 344
9126 762
9334 380
7633 20
7094 237
6340 525
6759 902
5040 906
5716 233
9951 950
6787 667
8586 342
6101 956
7239 652
7111 546
6300 592
6777 112
5049 346
6688 72
5007 564
8003 683
8386 720
6971 36
9007 520
7560 218
6898 222
8075 200
7489 434
7324 720
9647 169
8797 485
5841 641
7376 923
8281 840
6409 115
7381 934
8227 850
9720 129
9613 703
5055 883
5278 579
8333 463
5343 106
6441 229
5660 51
7333 367
8895 429
8071 315
6525 31
7916 51
9842 607
9111 234
8835 705
5294 474
6480 414
5944 182
5765 76
6460 851
8140 14
7790 481
8999 625
5669 791
5096 41
7321 135
9667 681
7371 739
9085 493
9189 755
7756 933
8057 783
8480 881
9402 556
6522 365
9146 516
5360 649
6739 91
6597 958
8897 879
7401 644
8026 36
6932 566
5935 595
7617 477
5189 917
7451 4
8539 770
8194 47
9917 951
9528 545
6972 103
9510 394
7673 478
9089 304
9091 926
8414 442
8596 153
7686 994
7967 495
9672 919
6339 664
5654 616
8468 600
7785 951
5339 537
5864 43
6858 328
6687 937
5132 297
5626 591
5379 820
8314 802
8113 224
5689 906
6245 704
9699 849
7590 515
6527 197
7551 206
8253 593
6857 406
6983 122
7536 545
8606 876
8901 167
6640 168
8731 698
6286 402
9674 497
5274 143
9707 129
6967 517
7152 819
6162 127
8130 968
9271 892
5784 160
6860 156
5907 134
9185 526
7393 748
8514 290
9961 372
5066 672
5005 215
7656 413
8175 468
7047 16
5592 210
6368 940
7856 901
6910 854
5920 202
6288 725
5936 455
9315 121
8628 555
6088 604
6702 464
9581 206
7061 347
9309 477
7535 344
8680 403
7477 597
6950 390
7813 934
8780 242
8921 376
7153 870
5112 534
6385 303
6118 396
8088 908
5354 40
7522 87
9119 958
8994 958
6984 501
8067 740
9591 155
9872 444
7877 483
7769 782
5432 591
6937 499
5092 268
6993 751
7266 730
5045 779
5527 715
6390 529
6092 893
8642 953
8759 141
7738 756
6280 346
7802 904
6142 722
5098 234
6486 281
7412 377
9769 295
7488 249
8944 415
8330 949
9444 359
6904 392
8754 962
8490 554
7181 816
5647 407
5511 706
5147 598
5782 918
7135 477
5280 230
7297 598
6668 117
5858 287
7766 670
8743 648
7200 422
7765 816
6313 354
5624 957
6414 963
6687 132
5627 177
5784 273
5623 811
5002 297
5509 332
9127 197
8986 27
8176 548
7160 593
8268 248
8642 78
7534 723
8206 768
9515 962
5203 550
7734 773
6847 799
8021 295
9778 937
6098 637
9953 456
9092 203
7428 227
9934 514
7173 588
5245 273
6854 532
6840 619
7362 386
5089 421
9367 490
8800 222
8062 615
8279 884
7639 247
7918 328
5392 161
8285 443
5280 973
6294 816
