1000 5002
482 485
257 326
286 248
517 421
404 322
713 795
45 43
924 845
873 955
160 252
1 9
838 901
40 122
58 94
676 738
627 574
766 715
862 882
405 367
923 984
379 299
461 433
612 682
133 72
813 874
97 138
908 856
165 145
996 995
623 529
220 199
298 277
157 97
723 719
144 242
48 107
129 122
148 70
35 98
644 600
632 645
272 267
1040 972
977 895
312 213
778 748
567 487
965 923
1 29
616 674
569 540
628 554
493 467
76 46
733 710
575 553
288 191
775 724
723 730
912 988
64 90
354 340
565 549
210 196
922 865
775 678
566 570
934 936
626 722
742 651
194 123
485 431
483 508
617 585
876 853
653 642
896 992
652 725
220 286
727 812
900 859
563 663
56 88
157 179
280 187
537 619
284 261
920 846
124 192
239 261
459 514
931 886
504 530
910 849
382 294
795 799
485 391
351 330
289 298
865 790
250 275
738 826
75 72
788 866
947 951
651 748
595 685
993 956
663 564
265 183
338 400
637 721
206 207
328 323
618 611
64 116
139 109
806 795
412 343
912 862
715 685
1 10
929 881
1025 984
410 403
273 360
507 449
450 541
174 272
882 877
427 359
787 707
355 308
734 770
1 30
248 208
397 311
159 100
874 939
449 422
857 785
286 370
976 989
908 969
103 143
1071 972
1 28
117 61
697 638
424 348
439 347
74 66
442 391
568 638
195 295
854 826
281 196
433 449
845 855
224 143
487 487
181 140
496 564
690 615
124 135
575 564
374 360
766 793
149 163
776 859
793 760
674 711
696 662
90 159
732 660
214 268
935 948
228 315
619 676
349 341
734 689
964 894
644 706
484 490
491 478
628 671
1009 932
944 899
315 237
92 187
554 472
757 772
88 98
952 906
818 911
628 635
316 225
818 823
255 164
432 343
763 732
490 502
721 740
587 576
530 612
992 902
491 454
343 411
880 973
645 703
761 850
152 77
241 220
727 802
352 403
246 181
1 10
479 525
958 919
749 668
551 527
538 462
319 291
580 605
501 457
487 405
349 417
252 279
731 685
637 596
339 307
257 224
271 322
740 840
1002 975
404 401
190 91
254 327
277 330
100 182
648 603
810 793
535 615
702 733
855 864
76 16
773 863
917 987
279 306
123 34
922 840
613 700
658 706
705 787
101 105
807 834
883 798
358 310
634 609
786 690
618 561
644 579
141 60
466 388
340 309
495 407
283 200
352 313
886 970
95 33
291 273
217 277
1007 997
1 40
219 227
764 860
1025 940
600 608
895 990
690 590
738 806
1 52
772 801
727 764
774 710
340 386
503 593
1 50
432 494
228 156
993 936
1058 965
130 86
821 723
189 184
943 868
343 340
404 412
560 487
196 209
418 346
782 860
314 307
59 95
778 821
979 941
828 821
584 587
122 201
741 665
566 527
760 812
385 424
395 459
250 343
789 836
492 506
261 179
914 916
380 430
537 596
731 808
361 269
473 512
737 811
708 685
635 567
804 776
827 855
695 718
756 853
57 97
178 146
688 746
1 15
871 965
415 512
510 480
1057 958
764 665
193 191
905 964
583 515
696 606
887 822
444 536
741 693
12 19
313 335
81 101
828 922
354 294
981 910
499 410
283 250
545 546
635 729
540 609
689 720
946 976
730 759
703 798
14 74
644 648
241 299
793 785
912 846
461 390
801 897
424 416
744 837
272 247
338 293
193 144
987 938
432 467
505 480
944 955
653 665
38 26
468 564
461 449
1 26
576 521
329 301
274 321
701 613
432 388
851 879
915 990
137 188
927 963
903 820
373 300
770 822
160 255
285 277
231 153
366 400
317 227
423 518
420 447
216 315
772 813
271 324
566 502
243 299
725 780
390 376
491 516
225 212
392 329
781 810
434 486
535 485
368 416
938 952
946 894
353 358
1 21
707 647
143 44
630 683
364 361
822 814
147 231
54 8
91 165
431 496
606 699
917 852
553 459
473 535
222 314
954 944
369 306
413 459
717 637
491 447
447 408
44 107
994 962
518 565
448 407
931 857
369 317
181 98
815 818
655 600
267 288
960 902
611 567
271 190
771 749
993 908
359 276
810 748
563 592
360 393
264 363
199 163
1074 983
131 179
41 16
423 478
197 259
779 868
344 295
536 596
140 71
669 622
938 864
715 644
67 5
321 365
434 429
19 64
928 854
759 770
178 88
160 157
277 368
467 421
653 719
330 271
966 975
817 816
1045 962
508 535
492 438
743 696
884 881
259 318
56 45
1 52
421 496
270 313
99 138
429 334
1004 988
512 508
702 770
657 751
862 780
516 441
246 207
592 516
641 674
390 408
831 920
522 573
611 634
825 878
929 990
734 826
718 696
883 800
355 411
426 422
668 707
235 334
1080 986
397 494
137 150
648 562
342 380
799 832
1067 979
313 376
452 511
441 414
214 160
1059 982
260 238
579 490
897 899
316 251
526 526
909 897
139 39
634 657
384 452
577 538
840 831
509 460
262 185
934 934
513 440
556 490
97 168
107 71
937 977
370 458
193 204
802 803
134 139
390 399
439 420
1034 991
636 578
1008 972
191 177
429 398
445 348
483 496
347 276
769 825
540 614
212 121
789 730
317 341
381 284
714 698
24 17
570 546
771 672
1052 974
776 866
290 377
470 559
367 340
626 527
879 779
688 761
553 483
112 92
440 390
510 583
741 661
473 391
289 336
574 661
85 125
36 89
362 275
310 359
129 178
763 780
31 42
69 5
470 380
739 772
726 816
57 9
476 484
498 545
669 589
112 157
934 901
854 777
112 74
246 247
1 55
481 479
883 785
1051 958
763 680
417 393
900 944
573 596
601 619
588 611
900 852
327 283
199 299
847 766
240 312
862 826
635 726
680 733
806 805
767 679
495 403
870 964
259 337
476 541
512 478
467 369
1001 946
798 821
819 833
835 837
502 490
119 37
652 594
82 129
242 258
215 246
291 362
687 755
550 504
1 71
249 177
203 176
865 803
189 237
758 677
90 33
188 115
621 597
807 769
481 536
1031 956
349 341
222 184
260 234
551 569
245 216
631 537
183 84
873 810
656 657
5 33
137 159
579 520
656 668
373 287
232 229
352 374
428 474
598 672
943 915
582 511
120 123
573 569
218 199
347 396
628 715
1 59
642 610
959 917
983 927
186 270
60 117
513 516
143 215
234 216
290 237
597 615
452 499
521 477
837 760
267 285
20 56
1027 966
690 622
235 221
199 194
186 91
374 347
244 252
424 473
438 516
385 385
337 357
945 958
686 665
698 792
16 64
464 420
655 671
911 968
839 877
144 177
535 523
65 139
230 152
806 732
312 246
578 565
699 740
817 902
105 17
886 973
360 298
658 611
53 32
1 11
319 337
36 136
879 889
595 522
721 805
80 28
981 931
838 757
654 609
480 544
973 905
647 595
243 246
152 113
183 175
140 156
263 244
856 883
338 265
792 883
403 462
560 485
238 272
214 204
1011 984
453 409
330 398
819 909
469 370
882 882
279 214
811 766
82 35
341 421
271 271
397 370
876 848
128 50
1016 976
243 270
843 796
949 963
451 379
1091 991
594 551
867 897
353 307
471 421
100 74
401 388
591 559
884 980
607 615
651 681
209 231
133 207
741 818
372 331
950 979
403 445
419 348
780 724
345 401
618 646
766 668
335 242
288 302
795 861
777 830
117 77
541 441
499 589
1025 990
217 189
799 868
944 996
329 363
232 237
367 420
552 565
220 214
353 333
811 726
176 175
35 58
548 625
1 66
142 169
400 475
298 204
27 90
421 496
40 1
462 474
359 449
299 252
395 332
382 287
206 189
980 889
1 63
285 378
109 206
813 897
219 230
361 382
601 575
155 60
442 529
405 477
253 290
57 89
894 961
548 461
763 702
542 532
704 680
44 53
545 642
1018 1000
803 891
730 822
59 152
423 324
590 633
266 267
325 381
307 272
422 506
403 419
524 461
613 526
1033 978
403 468
820 729
777 795
631 581
298 383
302 226
505 421
461 386
351 273
556 484
638 676
152 107
236 229
831 902
882 962
38 105
100 84
1006 991
661 701
596 689
748 655
528 600
587 538
492 499
783 881
1017 981
546 473
368 383
618 679
662 573
563 589
553 480
161 145
612 624
926 923
972 915
249 232
948 974
662 735
735 678
682 640
722 644
146 212
75 123
276 253
890 943
1 18
1007 916
302 327
607 640
646 615
488 470
565 655
239 288
448 401
906 840
564 633
647 707
339 424
757 682
213 194
829 855
229 190
703 728
257 178
255 275
123 88
321 367
517 544
768 738
1040 963
439 460
282 266
739 727
128 33
471 442
714 628
467 384
298 244
411 482
760 765
435 446
245 247
865 913
658 560
457 528
694 594
882 935
415 462
555 621
705 660
525 564
276 302
871 936
582 592
639 724
181 118
200 299
201 251
35 129
5 96
85 167
239 169
359 381
948 976
771 767
804 837
457 407
284 203
485 387
803 735
629 706
358 335
13 40
808 821
68 131
96 159
956 978
101 53
767 849
577 478
1 19
278 230
388 453
318 336
847 931
592 588
494 449
615 566
5416 910
5533 866
7728 861
8577 823
7890 657
9395 744
5963 934
6711 896
6259 624
7274 842
9916 422
6244 391
6005 789
8533 529
6802 68
8997 593
7587 438
6670 231
8192 401
7172 729
6925 704
7520 171
7894 815
5022 226
9551 12
7950 991
9487 630
6095 740
7955 777
8765 523
5512 562
5751 483
8254 986
7696 55
8601 982
5649 603
6027 213
5513 517
5828 14
5142 659
8669 821
7535 345
6177 447
5463 689
7354 660
9793 858
6409 159
5149 997
7793 86
6620 443
8389 505
5206 917
9624 431
7671 292
9132 917
8543 172
6545 413
9388 985
9092 196
7548 974
6821 961
6446 251
7493 60
5058 390
8434 821
8391 415
7828 457
9191 518
9438 607
7819 765
9342 361
5410 856
7019 20
9348 240
9081 888
6336 512
5446 194
8887 714
8818 635
7434 764
8048 832
6688 42
5793 174
5354 870
7517 304
9905 678
9781 142
9339 665
8049 862
5914 810
9101 112
6906 610
6185 898
9197 33
8324 576
6299 310
5830 360
8308 209
5383 708
8040 28
7907 166
7221 740
9688 268
8997 765
7764 868
9822 437
7058 448
9909 804
7221 522
6630 936
7251 790
8757 903
5554 313
8441 388
6658 879
6778 177
9057 400
7102 240
7470 503
7085 825
9704 576
7062 789
9498 89
5079 691
7355 147
6112 620
8625 681
6537 840
7652 138
7734 731
7279 668
7376 164
7459 76
7008 241
6546 111
9468 958
8248 387
9593 239
8680 460
6447 944
5666 276
6530 127
7393 348
9892 650
7378 45
6229 756
7480 252
5206 562
6789 136
8667 304
6800 149
7042 518
8678 794
5957 631
9031 179
7545 444
6662 625
9355 829
5458 107
8429 518
5278 34
6962 808
9570 557
7691 982
8227 95
8073 540
7118 339
7857 312
8699 770
8866 996
9739 354
9281 937
7555 947
5821 191
5235 221
8721 420
8040 13
5724 328
6435 590
5140 582
6150 355
9259 119
7987 531
8781 955
6177 935
6152 269
6118 84
5667 711
5983 107
6472 393
7368 731
9923 861
6421 772
8604 374
6769 941
5641 576
9918 422
7805 693
5116 671
7634 767
6512 789
6222 813
8864 940
8421 64
7569 913
6628 38
6722 654
9578 155
9254 577
9090 18
5072 969
6518 721
5343 807
7527 431
7623 158
8094 767
7385 380
6998 619
9741 899
8499 764
6391 509
8785 236
9254 329
6274 776
5970 883
6081 271
8475 403
7937 368
6123 140
8993 180
9872 838
6039 134
7349 572
5302 306
8625 547
9710 315
6968 432
8923 624
7881 579
5680 633
5168 87
7896 667
5572 458
6276 918
5277 814
9748 700
7619 742
6315 603
9897 11
7529 852
5276 204
7979 424
7214 569
9709 305
6201 222
8030 705
9967 227
8424 441
9234 195
5404 435
8354 190
5603 716
6141 221
7810 531
6076 997
6933 192
7900 449
8753 813
6079 856
7963 540
5239 651
9811 468
9720 497
8543 711
7465 791
8832 130
6477 622
8739 450
9178 819
6084 793
6400 178
8626 705
7035 499
5561 564
7493 644
8643 564
7702 246
5984 33
6394 382
7664 778
9718 70
6861 885
6082 399
7983 890
8434 668
8558 516
9487 79
8610 111
9497 819
9178 142
5768 434
8216 926
9251 74
5743 755
7068 66
6951 875
9055 986
5904 851
9056 724
8790 174
6109 17
8557 483
7141 835
6587 468
7341 838
9175 190
9497 698
7932 115
7623 248
9438 571
7443 13
6240 41
7887 646
7038 342
6038 102
6669 825
5103 951
6118 682
6384 855
8993 935
9338 169
8898 599
6499 48
6611 901
5890 504
6434 713
5029 346
9860 385
9169 827
8184 620
7364 195
5356 953
9244 948
5247 566
8749 271
8645 679
9749 224
6629 212
8387 123
6290 277
8141 452
6410 445
5990 358
6766 755
6634 641
9215 56
7073 303
6652 382
6985 751
9720 528
8230 813
5359 283
5387 203
9118 510
7667 484
9841 550
5186 524
5359 835
9196 683
6002 814
5779 959
7021 497
7769 915
7734 613
7465 595
5188 982
7056 833
6865 456
5574 185
7928 74
8605 176
8037 602
6061 542
8962 695
8931 353
9924 247
7557 728
6167 471
8908 971
6065 349
8713 324
6096 957
7176 755
5151 874
5922 939
7221 847
9337 125
7009 959
8796 683
6484 870
8143 674
9239 930
7810 896
9684 967
8406 483
6294 647
7485 523
9750 190
9936 628
9820 901
6247 14
6367 531
8023 727
5657 873
5633 703
7962 519
7069 399
8306 892
5533 859
6268 705
7573 736
8326 354
9436 702
6714 571
8269 830
9008 515
6675 972
8966 813
7944 348
9275 481
6483 624
5484 125
6785 751
7905 67
9838 887
8713 538
6016 65
9690 755
9234 338
9966 805
5926 781
9148 351
9084 380
6514 431
9472 3
9369 927
7425 272
8963 959
8160 809
9274 376
5226 685
9944 384
6016 595
9162 732
5837 946
8034 550
7696 389
5445 817
9873 63
5083 345
9605 297
9304 169
6209 929
9945 932
6009 371
5318 408
9925 697
8080 603
8682 689
9009 520
9960 597
9947 518
9897 215
8697 455
6531 548
5017 10
6066 389
7496 279
5651 206
6526 104
9637 492
9113 424
8044 789
5731 411
7733 392
7185 201
8877 403
8701 716
6394 604
6873 653
7488 982
6388 320
7972 114
7402 204
9243 786
6778 839
8335 438
9198 107
6419 172
8480 160
6820 771
8840 237
7253 688
8229 444
9717 117
6398 248
6932 110
9537 795
6295 535
7272 596
6458 828
5428 237
7817 624
9124 375
7081 159
8995 551
7183 661
8494 712
8378 511
8061 134
9258 57
6193 855
5187 200
5442 326
8827 614
7438 747
7460 867
7931 347
8355 512
9741 817
7774 541
9632 169
8490 929
8566 838
7866 840
8315 501
7405 772
5706 31
7974 428
6155 735
6846 198
8304 233
6668 432
7305 759
9491 916
6825 168
6786 2
7771 435
8399 600
5696 664
7699 352
7837 884
8080 297
8411 228
6428 413
7604 989
5475 264
7651 116
7569 181
7446 34
8431 319
5429 129
5730 69
9862 933
7587 259
7742 195
7548 567
6409 948
5787 695
8616 733
6855 548
9120 663
6832 768
9383 91
8443 805
8311 358
5302 143
9183 656
7136 907
6004 86
6456 125
7507 521
8993 461
9226 16
5534 782
8590 31
5213 650
7828 452
9530 242
8321 421
5899 982
8944 463
7277 215
5399 769
9972 889
8134 490
5746 659
9886 929
5891 777
8134 469
7126 33
6994 701
6901 651
9763 535
5534 603
7605 746
6063 137
5618 896
5376 860
9161 776
9352 268
8355 146
6296 549
5812 229
9602 941
6058 256
5039 339
8611 903
8936 782
8799 192
7810 702
9109 32
7413 299
6348 780
7724 986
6479 861
6399 728
7890 420
9761 463
9902 356
9165 838
9901 396
6460 226
8403 959
9510 431
5966 134
7079 94
9847 121
5160 510
9088 794
7987 56
5096 881
8226 53
6146 515
7441 876
8012 838
9399 583
8656 39
6614 486
5115 516
7218 603
7630 868
8902 793
7163 264
7161 464
5749 375
8174 509
9532 557
7178 498
9374 889
8872 859
9893 396
6803 819
7115 710
7132 623
6310 989
6845 592
6665 876
8964 884
8150 892
6412 672
7157 785
6791 282
5175 3
6288 97
7510 883
8381 394
7505 266
8026 642
8299 136
6628 544
9833 336
8481 276
7781 914
8747 846
8772 742
9602 127
6873 158
9055 102
5119 672
6106 950
6598 930
8979 80
9699 283
5493 183
9292 716
8903 356
7035 43
7445 122
6818 305
7314 851
6280 464
5513 77
7776 839
6303 205
5208 991
6141 209
9992 223
5392 873
7068 955
8491 531
5608 519
6283 931
8631 511
6312 262
5975 934
6612 749
9252 89
5901 303
9364 223
6457 688
6062 241
6876 530
9736 644
7757 913
8139 562
7719 138
8026 733
5327 476
5476 303
6850 441
8868 138
8265 670
8064 501
5941 650
8159 977
7909 269
8329 748
5011 996
9177 843
5393 417
7871 35
5931 22
6180 524
9010 824
6632 674
6299 470
7154 133
9461 679
7321 913
8720 103
9246 834
9040 556
5428 502
7501 536
8387 471
5716 25
7767 491
6368 10
6796 294
5640 384
7769 295
8376 278
6384 399
8828 165
7394 173
8760 969
5103 839
5711 704
5557 494
8693 780
7092 513
6228 588
7247 703
5505 469
5547 930
5720 93
9042 253
7721 308
8482 704
8843 1000
5369 656
7313 745
9771 548
8277 50
6651 755
7140 124
8607 244
7009 592
9521 993
8223 117
5217 478
5370 812
7040 68
9727 736
6241 685
7196 214
5624 174
7056 42
6787 461
6799 298
5926 815
5842 752
7965 339
8897 177
5099 163
6850 130
8299 537
5596 315
9123 971
9497 784
6319 862
6200 539
7352 542
6670 487
9535 270
9621 79
8890 70
7976 984
5765 55
7692 857
6195 789
7092 845
5955 616
9717 86
8699 211
7455 190
8242 760
5189 663
6812 886
8536 630
9075 768
7602 578
6625 766
5061 539
7479 598
5668 632
7634 859
6679 292
8711 145
6349 58
9393 451
9876 662
6781 876
7222 342
9512 633
6672 46
6065 230
6127 456
6435 377
9100 179
5837 739
6062 579
5138 747
7082 933
8303 68
6854 534
7427 192
5759 501
7248 920
5821 464
8270 416
9457 330
9736 906
8627 257
9798 145
7391 992
8468 404
9410 233
8681 969
6654 211
7585 799
9298 896
6154 538
8318 229
6608 95
9909 186
5015 701
7894 358
5334 555
8898 485
6663 849
6064 905
7550 929
8160 134
7266 513
5799 669
6714 457
6340 451
9691 666
8046 136
9904 509
9638 84
6974 280
6213 629
7470 143
8179 675
5954 667
6875 526
5513 979
6387 975
6963 570
6431 666
9628 782
6299 962
5513 584
8599 59
9176 261
9607 320
6192 496
7236 405
6188 4
6552 523
6759 608
5465 484
9497 151
9596 496
8746 851
8868 461
9732 634
9463 670
8384 887
7880 684
9821 403
7827 960
5891 744
8422 364
9927 67
6652 842
5320 310
6363 259
7899 485
8865 877
5439 444
7032 330
7907 968
5501 819
6578 463
8123 100
5284 136
9414 762
6139 595
7351 586
5892 874
7241 577
5835 991
6246 493
5011 430
8346 188
5128 948
7324 996
8136 408
9997 644
5818 702
9416 69
9981 438
6161 239
7883 475
8865 831
6007 415
8716 106
7691 322
8493 622
6255 420
8442 827
7839 903
6684 280
9747 186
6361 496
7288 90
7199 270
9142 421
6315 897
6114 116
5909 519
7283 613
9031 984
6415 112
5982 877
9627 389
5500 565
9322 352
6242 867
7327 60
7256 668
6664 296
6285 868
8834 584
5226 44
9754 201
9246 202
7549 709
7485 585
6664 458
6556 496
9258 393
5524 180
6671 756
9760 870
5068 709
