100 995
94 485
506 326
416 248
992 421
649 322
237 795
457 43
815 845
446 955
422 252
791 9
359 901
667 122
598 94
7 738
544 574
334 715
766 882
994 367
893 984
633 299
131 433
428 682
700 72
617 874
874 138
720 856
419 145
794 995
196 529
997 199
116 277
908 97
539 719
707 242
569 107
537 122
931 70
726 98
487 600
772 645
513 267
81 972
943 895
58 213
303 748
764 487
536 923
724 29
789 674
479 540
142 554
339 467
641 46
196 710
494 553
66 191
824 724
208 730
711 988
800 90
314 340
289 549
401 196
466 865
689 678
833 570
225 936
244 722
849 651
113 123
379 431
361 508
65 585
486 853
686 642
286 992
889 725
24 286
491 812
891 859
90 663
181 88
214 179
17 187
472 619
418 261
419 846
356 192
682 261
306 514
201 886
385 530
952 849
500 294
194 799
737 391
324 330
992 298
224 790
5398 822
9041 550
8483 704
8787 844
8881 296
7148 783
7829 589
5460 344
5973 620
9534 993
5332 116
6052 805
9888 890
5247 774
6099 326
8319 356
7768 249
6345 654
8496 684
5456 528
8004 484
7967 42
7796 779
6615 463
9993 867
8107 352
9294 217
7449 542
5266 970
9810 202
6444 531
6199 904
6781 109
9843 156
5947 649
7604 392
9032 974
5567 661
5224 857
9709 576
6160 439
7189 896
7734 143
6928 530
6113 614
8685 702
5104 502
7322 807
5676 65
5491 259
9946 317
7932 470
7339 875
5380 957
6595 271
7738 187
9226 592
6047 825
6423 340
9961 406
5970 493
7687 983
5371 624
6051 611
5411 942
7826 288
9431 49
8158 540
7894 163
7264 951
7525 788
6773 123
8165 593
5939 366
5613 859
7237 994
7630 222
5115 790
5321 188
9345 365
8520 965
9481 760
9334 770
9302 935
8074 740
9669 156
6056 292
8191 236
5624 122
7346 516
9683 48
6805 763
9274 232
8338 608
9589 982
9673 145
7109 739
9339 531
8321 624
7589 10
