2000 10011
94 485
506 326
416 248
992 421
649 322
237 795
457 43
815 845
446 955
422 252
791 9
359 901
667 122
598 94
7 738
544 574
334 715
766 882
994 367
893 984
633 299
131 433
428 682
700 72
617 874
874 138
720 856
419 145
794 995
196 529
997 199
116 277
908 97
539 719
707 242
569 107
537 122
931 70
726 98
487 600
772 645
513 267
81 972
943 895
58 213
303 748
764 487
536 923
724 29
789 674
479 540
142 554
339 467
641 46
196 710
494 553
66 191
824 724
208 730
711 988
800 90
314 340
289 549
401 196
466 865
689 678
833 570
225 936
244 722
849 651
113 123
379 431
361 508
65 585
486 853
686 642
286 992
889 725
24 286
491 812
891 859
90 663
181 88
214 179
17 187
472 619
418 261
419 846
356 192
682 261
306 514
201 886
385 530
952 849
500 294
194 799
737 391
324 330
992 298
224 790
260 275
97 826
210 72
649 866
919 951
63 748
958 685
804 956
518 564
428 183
537 400
346 721
153 207
971 323
662 611
197 116
91 109
529 795
126 343
747 862
469 685
770 10
934 881
723 984
895 403
568 360
172 449
958 541
383 272
308 877
970 359
583 707
48 308
930 770
569 30
3 208
20 311
609 100
887 939
825 422
930 785
904 370
241 989
379 969
376 143
962 972
889 28
443 61
216 638
338 348
160 347
406 66
159 391
31 638
204 295
420 826
153 196
425 449
331 855
565 143
838 487
9 140
918 564
533 615
232 135
957 564
591 360
576 793
746 163
377 859
858 760
86 711
434 662
558 159
279 660
840 268
735 948
574 315
126 676
912 341
739 689
821 894
625 706
917 490
201 478
993 671
149 932
52 899
759 237
267 187
256 472
783 772
117 98
516 906
180 911
25 635
380 225
712 823
266 164
216 343
448 732
541 502
664 740
954 576
726 612
772 902
531 454
943 411
750 973
327 703
917 850
5 77
113 220
913 802
791 403
998 181
859 10
345 525
431 919
675 668
833 527
438 462
523 291
916 605
420 457
115 405
660 417
261 279
772 685
388 596
764 307
843 224
206 322
407 840
639 975
852 401
542 91
60 327
757 330
82 182
637 603
93 793
614 615
136 733
187 864
102 16
972 863
163 987
501 306
477 34
492 840
121 700
80 706
138 787
660 105
229 834
827 798
448 310
230 609
832 690
489 561
586 579
291 60
665 388
660 309
702 407
153 200
606 313
123 970
253 33
709 273
832 277
108 997
888 40
481 227
283 860
858 940
284 608
711 990
850 590
239 806
943 52
195 801
95 764
410 710
664 386
900 593
112 50
963 494
754 156
458 936
19 965
225 86
569 723
97 184
194 868
754 340
602 412
61 487
695 209
347 346
719 860
100 307
97 95
843 821
745 941
286 821
492 587
116 201
531 665
424 527
253 812
426 424
413 459
980 343
291 836
833 506
486 179
9 916
575 430
922 596
145 808
897 269
404 512
742 811
728 685
269 567
103 776
745 855
35 718
779 853
71 97
80 146
842 746
128 15
941 965
227 512
30 480
342 958
605 665
531 191
364 964
359 515
867 606
820 822
313 536
207 693
911 19
308 335
430 101
685 922
641 294
113 910
141 410
690 250
700 546
559 729
481 609
503 720
766 976
7 759
882 798
859 74
182 648
425 299
542 785
683 846
853 390
938 897
89 416
624 837
181 247
878 293
933 144
580 938
252 467
207 480
658 955
20 665
954 26
347 564
759 449
446 26
14 521
657 301
710 321
980 613
188 388
636 879
203 990
432 188
129 963
630 820
509 300
237 822
373 255
838 277
395 153
692 400
103 227
218 518
384 447
931 315
396 813
389 324
640 502
287 299
297 780
977 376
512 516
219 212
555 329
398 810
289 486
798 485
598 416
49 952
572 894
697 358
770 21
725 647
542 44
214 683
887 361
45 814
94 231
282 8
82 165
319 496
626 699
146 852
541 459
874 535
725 314
777 944
554 306
208 459
787 637
976 447
912 408
444 107
3 962
301 565
164 407
437 857
652 317
764 98
41 818
737 600
176 288
136 902
128 567
394 190
235 749
42 908
824 276
684 748
979 592
568 393
367 363
52 163
642 983
335 179
126 16
130 478
583 259
129 868
752 295
167 596
856 71
640 622
770 864
431 644
195 5
448 365
701 429
952 64
880 854
168 770
79 88
961 157
472 368
217 421
709 719
147 271
296 975
909 816
764 962
251 535
878 438
753 696
570 881
253 318
666 45
931 52
433 496
810 313
678 138
123 334
212 988
66 508
206 770
750 751
64 780
466 441
337 207
510 516
796 674
175 408
437 920
938 573
848 634
561 878
718 990
948 826
649 696
569 800
663 411
582 422
843 707
202 334
702 986
579 494
725 150
803 562
340 380
156 832
832 979
602 376
234 511
688 414
184 160
978 982
413 238
633 490
585 899
606 251
963 526
350 897
242 39
539 657
739 452
267 538
165 831
177 460
720 185
802 934
644 440
82 490
798 168
197 71
173 977
81 458
235 204
112 803
103 139
268 399
879 420
643 991
106 578
122 972
444 177
262 398
691 348
997 496
446 276
171 825
549 614
281 121
211 730
112 341
408 284
730 698
363 17
89 546
605 672
938 974
168 866
705 377
47 559
400 340
215 527
114 779
51 761
881 483
549 92
679 390
328 583
250 661
203 391
481 336
752 661
707 125
82 89
63 275
660 359
21 178
287 780
219 42
500 5
820 380
95 772
44 816
748 9
678 484
276 545
478 589
663 157
594 901
757 777
947 74
448 247
570 55
313 479
981 785
795 958
552 680
389 393
280 944
864 596
636 619
512 611
892 852
184 283
947 299
614 766
625 312
149 826
377 726
474 733
18 805
662 679
416 403
1 964
530 337
752 541
22 478
981 369
777 946
957 821
275 833
584 837
582 490
121 37
951 594
668 129
118 258
319 246
896 362
521 755
948 504
248 71
474 177
351 176
54 803
155 237
660 677
871 33
486 115
294 597
425 769
245 536
382 956
371 341
708 184
544 234
794 569
387 216
738 537
520 84
281 810
502 657
91 33
503 159
924 520
16 668
33 287
344 229
349 374
606 474
896 672
595 915
441 511
102 123
52 569
654 199
710 396
434 715
245 59
36 610
661 917
413 927
13 270
370 117
400 516
195 215
984 216
476 237
164 615
405 499
674 477
196 760
608 285
907 56
532 966
51 622
716 221
327 194
880 91
710 347
267 252
400 473
376 516
609 385
320 357
196 958
538 665
935 792
404 64
100 420
126 671
855 968
94 877
731 177
253 523
8 139
393 152
543 732
348 246
318 565
489 740
22 902
998 17
49 973
381 298
10 611
429 32
221 11
150 337
717 136
530 889
332 522
942 805
565 28
216 931
61 757
170 609
872 544
644 905
208 595
680 246
697 113
639 175
679 156
961 244
361 883
802 265
359 883
839 462
718 485
280 272
252 204
280 984
102 409
615 398
296 909
481 370
956 882
230 214
259 766
922 35
706 421
272 271
156 370
552 848
485 50
536 976
70 270
902 796
452 963
35 379
947 991
378 551
57 897
352 307
669 421
702 74
141 388
458 559
463 980
756 615
887 681
332 231
528 207
656 818
254 331
787 979
495 445
370 348
10 724
200 401
327 646
17 668
374 242
755 302
980 861
376 830
8 77
32 441
460 589
804 990
23 189
869 868
943 996
715 363
628 237
73 420
199 565
38 214
209 333
327 726
912 175
799 58
372 625
976 66
120 169
667 475
188 204
28 90
704 496
649 1
746 474
697 449
712 252
289 332
625 287
953 189
462 889
302 63
79 378
41 206
823 897
908 230
665 382
36 575
732 60
809 529
66 477
291 290
591 89
583 961
252 461
479 702
530 532
224 680
788 53
309 642
366 1000
352 891
402 822
545 152
113 324
967 633
454 267
723 381
14 272
20 506
308 419
644 461
713 526
482 978
336 468
289 729
496 795
326 581
530 383
167 226
522 421
830 386
91 273
116 484
747 676
395 107
958 229
756 902
262 962
703 105
511 84
481 991
449 701
888 689
599 655
306 600
492 538
803 499
445 881
316 981
889 473
785 383
765 679
491 573
589 589
124 480
741 145
898 624
725 923
682 915
131 232
398 974
906 735
753 678
312 640
790 644
301 212
945 123
447 253
197 943
27 18
573 916
589 327
934 640
209 615
529 470
899 655
15 288
592 401
92 840
575 633
814 707
354 424
127 682
374 194
566 855
594 190
973 728
645 178
603 275
712 88
32 367
298 544
561 738
906 963
626 460
143 266
504 727
836 33
361 442
431 628
554 384
24 244
416 482
735 765
243 446
454 247
932 913
494 560
648 528
357 594
596 935
788 462
536 621
759 660
200 564
566 302
741 936
217 592
219 724
832 118
819 299
487 251
473 129
241 96
64 167
516 169
857 381
218 976
490 767
504 837
707 407
342 203
475 387
175 735
786 706
171 335
232 40
888 821
866 131
976 159
253 978
619 53
642 849
460 478
218 19
218 230
667 453
949 336
89 931
488 588
568 449
526 566
860 272
4 883
772 731
734 80
259 213
270 177
6 872
424 626
204 940
313 150
159 379
205 833
25 517
951 724
721 973
635 581
293 839
712 272
410 412
465 839
366 492
74 553
23 718
416 738
764 839
49 390
817 588
507 523
152 630
256 770
562 746
495 49
414 369
78 537
912 115
59 215
259 971
258 602
841 551
137 40
590 494
383 252
869 158
939 72
282 177
880 667
479 483
454 815
730 19
556 745
195 339
409 614
580 302
99 319
913 670
798 513
318 566
790 27
344 322
80 645
468 210
922 841
179 925
347 521
231 975
597 269
607 929
903 478
310 970
223 684
10 231
845 673
905 348
58 232
93 727
759 597
912 397
906 539
43 907
76 892
552 699
670 408
671 361
353 789
837 529
12 190
889 880
912 236
377 715
56 718
585 439
852 814
715 902
421 658
330 410
51 412
840 90
697 678
848 951
826 37
198 593
341 737
274 211
740 134
339 847
875 490
400 95
603 435
474 737
126 860
973 310
973 548
581 984
788 660
629 86
799 635
475 941
959 56
80 372
917 650
91 964
783 735
773 682
712 151
655 283
953 773
279 643
701 898
706 817
147 269
355 731
100 507
498 841
261 207
591 752
630 318
374 126
960 153
917 101
406 560
759 743
618 816
981 980
641 1
131 82
920 886
534 377
453 465
397 753
51 842
301 547
197 580
910 754
211 37
851 548
42 896
919 656
30 537
674 78
979 540
764 597
937 314
656 845
590 361
337 930
997 654
643 841
652 810
632 98
827 814
659 898
56 237
97 236
304 397
771 468
680 160
344 168
561 189
632 123
666 783
235 991
71 775
327 565
824 906
1 604
948 233
851 693
780 209
603 279
380 231
84 675
684 370
757 814
605 276
304 238
358 710
294 931
742 879
37 492
4 81
707 347
131 417
660 582
89 801
455 195
303 403
680 247
970 356
934 627
951 858
404 803
446 236
349 572
93 485
672 586
158 748
772 235
891 859
532 788
621 345
347 861
227 342
555 779
16 595
303 963
941 260
833 366
190 835
622 733
345 834
893 442
192 773
430 880
160 873
767 793
170 173
810 402
318 60
690 628
224 19
52 146
411 685
203 138
785 593
219 202
61 500
919 89
191 433
711 63
294 514
937 865
253 393
103 269
316 111
625 614
639 272
641 973
139 609
45 236
316 496
218 24
293 871
747 227
879 420
633 850
10 127
356 170
665 224
536 722
823 189
603 597
392 286
258 22
771 957
820 536
139 221
566 281
229 238
325 531
804 449
786 735
983 670
847 646
388 272
632 605
253 394
405 508
137 537
283 955
678 477
659 969
706 692
786 963
313 829
143 638
713 206
244 185
489 187
844 129
896 300
602 114
210 305
930 199
692 916
457 839
241 899
950 452
229 185
212 561
222 848
32 191
747 830
869 860
245 873
575 649
818 591
204 974
584 974
822 452
198 397
942 350
942 597
899 13
375 392
327 343
479 756
66 387
950 924
464 188
286 68
573 552
294 166
137 435
557 14
423 797
427 254
95 300
715 431
403 367
453 197
735 233
1 149
145 62
782 38
848 69
456 425
490 810
679 878
461 503
844 308
70 798
599 437
888 798
395 36
733 583
795 412
368 195
94 878
114 388
46 438
795 532
583 3
321 268
714 417
332 277
257 229
906 445
301 380
277 974
651 248
218 433
109 1000
558 874
388 939
121 760
372 473
228 811
208 766
326 306
572 556
50 521
753 364
77 460
266 136
227 458
502 784
337 648
31 783
629 960
215 137
353 591
274 875
343 440
758 263
838 40
478 835
595 943
255 749
331 263
362 597
84 5
16 999
459 161
220 35
16 891
865 459
719 996
292 592
175 54
461 985
301 401
759 298
715 459
207 77
129 611
681 159
261 467
893 737
399 895
377 49
189 382
360 285
14 388
728 972
314 265
225 729
534 810
914 973
94 818
549 295
674 532
434 58
211 736
986 187
863 896
802 998
279 997
31 476
810 259
968 475
187 494
791 130
190 151
410 639
592 855
886 480
875 478
763 386
352 672
58 361
815 894
562 460
571 148
322 660
465 628
418 329
198 975
554 1
656 507
108 750
453 109
909 915
576 700
646 75
114 896
313 229
692 85
759 144
643 536
462 919
860 516
904 473
959 25
663 25
209 611
564 44
233 722
478 980
716 563
616 672
107 914
979 541
466 882
971 142
76 259
886 35
498 543
150 689
442 721
136 142
36 530
37 503
344 450
550 248
355 599
980 919
473 636
957 181
324 873
859 154
570 427
294 604
260 313
674 363
339 594
259 813
382 829
660 49
430 791
760 554
682 499
664 226
358 345
114 432
142 758
19 64
753 843
163 637
121 941
94 965
398 448
587 857
98 968
142 351
303 758
968 351
533 980
982 662
568 357
519 914
277 548
622 723
517 23
720 170
635 351
55 113
263 783
285 766
189 527
628 206
7 644
290 258
655 861
387 728
641 69
742 128
741 392
793 145
802 51
897 112
262 253
193 340
882 932
131 817
482 965
573 480
443 724
203 839
965 500
75 746
807 811
805 373
513 605
472 252
797 172
690 394
295 177
784 98
532 377
155 486
110 855
884 290
173 130
78 355
714 842
633 233
477 101
119 686
718 736
15 930
472 700
328 69
793 607
199 879
999 916
177 960
525 408
948 679
498 138
495 185
890 782
906 49
334 453
385 630
399 429
338 853
520 545
829 651
481 765
99 159
680 1000
87 179
802 717
890 885
839 32
339 838
883 186
67 470
544 185
357 921
457 376
444 986
642 934
152 171
59 645
616 46
59 681
987 43
353 234
530 103
958 496
613 389
838 931
85 579
86 132
569 908
479 772
683 677
400 343
370 703
882 139
146 344
116 387
760 909
407 539
447 304
388 655
41 378
658 92
119 862
28 411
457 362
198 397
17 290
432 152
321 611
427 173
205 137
344 946
563 365
304 475
47 982
694 920
91 802
961 66
644 778
109 744
959 464
969 313
42 341
108 685
648 331
49 85
228 676
929 91
527 534
967 166
316 51
582 966
840 841
575 625
503 114
911 16
305 113
989 826
836 506
369 738
587 564
232 455
452 735
900 264
952 548
81 738
995 853
562 575
739 569
705 365
5 620
557 264
490 193
294 21
361 373
900 84
47 250
205 288
145 132
846 151
658 419
849 521
680 974
148 655
96 648
210 737
690 298
19 187
831 981
679 965
726 954
528 166
15 248
564 636
847 560
721 563
9 24
700 896
446 803
858 16
699 274
271 714
977 449
533 229
154 280
756 423
871 868
912 124
727 970
968 231
569 935
163 808
618 23
685 210
650 88
807 151
393 770
276 555
304 613
911 866
233 223
42 303
400 305
162 306
51 900
734 964
933 397
366 898
16 59
177 628
360 225
742 537
725 612
868 633
489 314
501 478
632 981
365 904
196 819
496 108
744 179
145 152
501 598
880 349
248 80
683 762
500 314
389 513
620 205
91 584
721 652
859 894
665 198
416 143
481 671
320 302
865 611
126 631
757 526
963 526
781 403
240 231
330 830
518 283
824 864
935 755
51 159
309 220
18 447
863 800
1 833
749 805
658 791
577 412
579 857
509 408
154 895
923 360
397 827
687 971
959 961
617 519
637 335
623 238
174 883
775 222
608 886
306 708
1000 475
957 876
641 123
472 127
726 384
305 745
714 284
643 429
708 685
631 512
489 503
829 599
746 983
732 462
732 992
669 270
422 491
54 282
900 831
682 167
666 115
957 661
109 564
454 934
964 608
933 513
140 53
195 659
24 646
657 164
231 763
169 825
128 949
537 355
264 811
46 164
4 851
900 289
802 392
68 224
450 460
126 903
58 347
398 638
486 101
451 587
335 797
162 881
106 210
745 243
969 969
432 298
159 253
634 593
565 453
16 657
610 72
503 222
511 319
752 61
55 694
469 384
829 801
692 136
177 536
211 958
499 647
115 526
984 28
818 904
233 509
424 884
976 565
371 601
406 323
334 522
784 192
676 103
168 451
427 867
432 602
531 783
337 311
677 994
537 172
1000 51
379 389
103 237
785 721
943 597
412 492
572 331
828 380
771 259
939 726
594 55
19 501
500 459
376 790
689 4
776 634
474 117
575 601
953 808
143 544
510 542
221 590
615 827
599 817
567 617
545 32
727 879
558 692
307 685
564 88
331 911
568 546
881 580
649 997
746 937
393 988
237 351
517 661
521 630
213 360
820 908
199 203
813 479
14 251
803 162
448 905
207 167
86 862
123 369
220 181
158 765
944 251
424 909
311 645
399 568
59 847
253 538
233 540
312 99
790 423
849 246
202 165
552 544
653 52
788 131
893 372
113 471
498 625
442 684
929 378
86 534
12 73
318 540
258 671
524 127
579 412
424 972
468 823
364 663
81 784
399 588
896 496
151 170
626 153
367 199
837 152
640 258
124 283
572 289
408 608
358 463
895 180
884 329
523 221
438 294
278 125
25 625
729 427
996 796
956 151
188 867
519 122
35 370
311 840
195 115
829 875
784 912
904 85
99 969
443 714
8999 733
5290 515
8655 830
7029 521
7923 583
6350 233
9332 929
7951 735
9899 886
9547 120
7776 224
7037 486
6638 612
5698 155
5333 176
6265 529
9232 173
7527 368
7069 996
7730 5
7159 675
7732 142
7172 144
9223 634
7627 791
7995 808
9196 375
8382 637
7985 124
9683 595
6801 17
9115 250
5131 397
9535 901
8299 21
5669 171
7725 968
9502 926
5615 558
9501 789
6643 483
5862 797
8389 32
9764 537
8078 332
9587 500
7289 215
6414 584
8519 271
8979 396
6442 359
5819 148
7687 449
9678 410
7909 570
7660 166
7971 319
8078 609
9425 300
6788 879
9275 505
9396 72
9915 792
6714 282
8867 356
9613 746
7602 658
5097 210
8364 174
9166 836
5242 693
9776 660
8613 12
5343 584
5640 203
5333 741
6663 362
8840 72
6312 587
5358 490
7039 442
5213 983
6340 217
5214 429
7546 760
9000 372
6095 178
7744 498
9148 254
6390 207
5682 195
8224 428
9172 374
8081 8
8953 964
8309 53
9012 330
9399 963
8919 118
8887 973
8021 139
9804 824
8387 309
7242 59
5383 711
9650 330
7952 722
5895 50
6070 213
5995 11
6677 619
9965 874
6638 887
9845 107
8728 327
9732 989
9101 58
7363 959
7339 179
7355 733
9374 876
7320 595
5110 24
8377 281
6256 213
8691 942
8287 544
9120 467
6878 984
9874 301
8692 190
9269 303
9810 853
9424 904
7531 678
8542 38
9402 771
8615 764
7106 257
6862 188
8682 583
6253 816
8163 357
7926 729
7164 21
7493 980
9013 614
9118 308
7243 956
7595 828
6245 62
9037 611
8172 589
6780 102
6070 801
9595 33
9227 15
5708 425
9001 181
8208 614
5321 431
7854 589
9416 214
5065 309
5126 219
5794 324
6906 479
9065 977
5538 535
8141 769
9716 111
8707 469
5019 985
7435 425
8707 40
6223 739
8056 44
8938 161
7583 688
7884 664
5674 317
8882 652
8593 550
7499 380
8109 656
9201 568
8721 630
9466 869
5388 904
6909 648
9680 408
7804 501
5558 296
5785 207
5479 691
6955 582
6057 665
9910 58
9436 553
8091 848
7752 486
5223 429
7733 480
7458 730
5229 361
8080 387
7394 801
8646 199
5181 920
7261 899
8501 737
7376 630
6638 111
6976 12
7846 981
9873 531
9831 427
7031 219
6114 524
5963 315
8910 934
8323 828
8303 99
5001 855
7978 972
7669 563
6471 634
8284 952
9383 85
7282 976
8109 835
6218 50
5315 446
7637 873
9032 241
8912 849
5849 474
6731 654
8866 314
5702 493
5029 668
8309 901
5026 672
5039 597
7505 268
7938 675
6945 826
6283 465
8060 732
5201 835
5362 230
8702 67
5963 123
8444 183
5439 832
7401 765
8357 737
6717 705
9960 115
7555 975
6228 896
7863 211
7667 575
9052 191
5940 715
6009 198
6609 315
9184 938
9731 809
8614 235
8430 907
5433 107
7608 452
7426 569
6396 923
7264 712
6923 885
5307 520
5745 201
9162 325
9049 703
8544 269
9494 378
9689 153
6675 214
7553 274
6388 456
5460 302
9909 983
9009 987
6028 59
8498 996
7841 447
8054 843
8547 505
7321 496
7707 467
8803 916
6465 931
6652 98
8830 825
6979 911
9099 125
5967 10
7457 340
5084 596
5792 965
6425 338
8359 172
6907 887
7053 683
6161 763
7076 649
5679 76
5226 926
8883 490
8264 677
9577 356
6599 174
8968 355
6055 117
9210 977
6165 278
9370 292
7056 784
7569 514
9876 334
5798 103
5749 581
9003 344
8865 573
5274 140
5260 601
6086 450
8574 331
9597 944
6228 906
9515 753
6724 108
7608 66
9879 249
8951 343
7925 323
5354 839
9053 653
7757 438
9848 145
9555 485
6277 579
6944 214
5936 763
6152 24
9426 592
5964 984
8980 223
9153 768
5839 518
9481 62
7362 521
5306 201
7600 891
9491 306
7163 890
6004 144
8920 875
5913 637
8334 262
8534 887
5096 90
5570 25
8467 906
9438 352
6531 314
5985 80
6711 477
9251 304
8222 503
9919 520
7672 718
7884 949
6140 347
5589 72
6189 585
5969 477
5104 743
5656 749
7597 170
6576 46
5532 559
9307 243
6848 515
7308 40
7989 566
7572 284
8648 578
7784 281
6099 747
7330 226
8016 644
7350 612
6229 315
7858 702
6983 844
8222 815
6823 544
8774 577
6860 648
8333 813
6589 521
8319 949
8864 252
9640 882
6305 129
8506 53
5273 678
7897 78
6174 705
6899 417
7322 788
5736 436
8722 950
7837 115
7485 487
9556 225
9338 934
9512 243
8697 167
6575 722
6206 213
5023 203
9623 782
6505 716
8923 356
7384 467
6490 608
9744 597
5188 850
9983 782
9098 254
9373 996
9059 923
9815 966
9944 85
9441 184
5559 967
8850 631
5968 770
8233 383
5764 235
6254 463
6078 730
9314 992
6372 48
6422 955
6844 845
9823 69
7975 700
5495 829
7273 888
8292 993
5447 936
9473 528
7345 69
8192 260
5674 155
6962 347
9063 233
7646 16
8469 954
5730 451
7860 764
9138 731
5226 396
9416 397
8514 739
7938 619
8202 769
7594 517
7069 367
7918 330
5001 129
9380 642
7251 920
6629 580
8963 528
5525 336
8457 171
7473 714
5122 191
7552 178
6088 418
7460 141
7134 224
5795 175
5023 948
9904 66
9286 621
9507 381
6299 19
6581 461
8706 195
5147 239
7197 133
9940 227
7763 341
5142 1
5822 625
8316 837
6081 576
5513 80
7819 969
6762 983
8716 975
7121 21
8083 396
7002 288
6443 947
7671 266
7983 466
6618 867
6290 453
9420 886
7034 751
8002 591
8957 142
6359 666
6004 780
7377 328
8988 977
7194 507
9898 501
9664 732
7729 678
5867 337
5004 399
9821 38
6199 752
7021 212
6296 211
9683 817
5827 630
6535 296
6822 455
7503 209
6649 112
7448 562
5233 465
6179 593
5890 20
9256 58
6006 848
9942 831
9569 621
9915 208
6743 179
5210 550
7663 945
7242 89
7989 974
8660 393
8929 414
9970 621
5582 409
9171 509
8636 405
9406 194
5529 136
7142 579
8544 540
8957 288
8864 53
7897 213
9401 845
7793 325
9255 769
6655 691
5506 364
9776 37
5952 10
8797 221
6292 819
5341 22
5275 877
6523 338
9448 571
7126 343
8522 882
6087 115
6707 756
6482 229
5504 662
6704 149
6752 215
6463 510
7315 412
8920 933
8314 888
7141 90
7070 369
7253 226
8137 805
5543 124
7166 984
6229 579
8042 419
5878 419
5058 605
9423 476
8767 95
9435 787
9003 571
8863 92
9001 132
6575 3
9459 275
5363 639
6233 669
7979 275
5136 236
7956 245
8493 735
8757 905
9876 43
8902 565
6095 910
6277 226
7235 767
6510 445
8419 282
8455 970
8807 713
5249 517
7238 287
9244 338
5385 885
9362 179
5719 510
7273 585
8815 862
5140 836
7045 408
6367 388
5603 934
8538 462
9396 33
6720 396
6334 754
7407 36
7757 776
9677 733
8576 666
9570 751
7307 487
8638 212
6459 182
7193 520
7437 677
7533 352
5074 144
9401 853
8702 131
6602 959
7592 830
6253 468
9916 154
5386 282
5237 596
6689 563
8404 735
8571 447
7260 931
5369 31
7824 596
5086 560
5108 682
7191 744
7787 278
6128 465
9671 625
7858 810
9316 205
6980 103
7873 732
9851 791
9489 709
8242 506
8624 416
7340 500
9214 366
9173 508
8070 577
5651 797
9764 789
5275 198
7493 666
9496 118
7622 642
8583 784
6088 194
7935 453
7968 6
8940 93
6317 91
8528 591
7885 885
8794 291
7467 293
8997 213
6670 271
8534 916
9167 686
8471 230
8802 940
7211 108
6781 165
5988 822
5091 606
7682 343
5019 375
9947 777
7836 871
6690 655
6642 720
7354 161
5630 355
9326 748
5711 8
8816 200
5456 876
5853 269
8562 66
8186 451
8260 342
5062 571
8730 238
7374 910
5053 509
6736 72
8989 425
9193 919
8839 559
6342 932
9692 903
8776 741
9388 863
5352 264
5015 852
7396 533
6164 292
5442 4
6080 575
5772 994
9926 663
9134 228
7308 282
8647 233
7479 977
7538 276
6092 575
7694 569
8664 610
5757 885
8919 207
7790 500
5982 149
5683 826
9651 148
8881 424
6291 364
7439 290
8073 921
5782 95
6430 551
7381 60
8519 674
8099 22
9004 159
9907 730
7487 797
6219 722
7142 854
5528 169
5618 139
6040 574
8374 571
7694 115
6631 626
8312 265
5184 13
5025 691
5318 816
6252 344
8487 336
9146 175
8408 289
7470 857
5389 10
6134 80
6233 40
9110 81
5422 232
7148 920
8194 256
6762 269
6214 785
5188 266
9600 113
6671 850
7947 545
6990 378
5673 413
9571 377
6486 96
7102 733
9405 817
6016 972
8533 513
6897 478
7087 600
9429 332
7944 371
8907 560
9754 220
9623 309
8340 86
7203 895
5335 395
7895 263
6394 11
5515 655
6644 842
9047 594
7504 717
5408 378
5429 290
9927 199
9646 706
5070 147
8953 59
9412 804
5490 801
7932 565
6057 176
9416 934
9980 875
9034 426
8970 850
8978 299
5377 293
7040 504
8929 869
9000 793
8218 525
5248 277
8962 47
9003 749
7796 553
6350 557
8217 416
5776 498
8043 259
6073 306
6497 975
6934 494
9325 48
7922 883
5789 835
7821 401
7881 913
7239 216
8355 349
7545 313
6200 959
6006 738
5230 945
8751 750
9691 168
7463 187
5637 577
9245 897
6019 847
9454 855
9476 675
7523 612
7340 863
8940 810
7594 144
5819 465
8796 257
8956 215
5034 73
9052 934
5389 551
5000 709
6212 277
5690 774
9916 95
6766 524
9363 487
7594 741
9673 609
5183 497
6830 436
7946 854
6286 385
7889 286
8418 1000
6480 112
6857 948
5683 206
8753 193
5163 669
7021 287
7065 413
9624 752
8278 304
9025 355
5687 154
7291 657
7348 84
5814 266
9060 728
7587 577
6942 758
5169 259
7496 486
7949 616
8120 357
5615 770
6863 543
5428 527
8453 361
7563 462
7055 434
8215 527
6990 622
9005 171
9048 97
9236 561
9105 361
9963 984
7707 381
6162 984
8052 16
5287 607
8271 362
7691 569
5920 99
6635 861
9695 436
6772 240
6091 619
5235 496
6057 983
5624 690
6253 756
6490 888
8118 461
9486 751
9045 615
6241 513
8753 809
5909 586
5194 455
8371 669
6712 62
9491 886
9670 350
6264 457
7083 99
9266 58
5900 621
5224 282
7180 557
5125 487
7435 921
9359 399
7024 312
9598 565
7330 552
5910 431
9593 357
6649 27
6783 361
9151 442
5834 85
6454 557
5041 443
8800 475
5075 479
9320 836
5062 431
7199 931
6274 764
5012 660
6417 688
8688 5
7434 181
8650 669
5705 965
5801 781
8893 769
6925 135
5810 641
5292 300
5821 875
8082 370
8465 88
5192 156
6906 675
7297 669
5342 511
8132 756
8400 51
8756 817
5982 240
7076 461
8755 423
5520 458
8337 874
8572 97
8772 318
9385 650
7164 565
6546 9
8075 137
7328 152
9034 493
5178 564
9615 67
7959 297
5675 707
6152 361
7007 870
9988 728
9146 687
5804 136
8099 258
5723 832
8732 780
6391 259
9150 801
5318 220
6347 743
8566 890
5680 506
7682 939
9385 262
8021 792
9070 193
8998 262
8698 861
5906 515
8354 400
5663 905
9956 357
7020 492
9623 822
5939 768
9728 450
7278 928
6085 655
8214 581
7923 972
9833 582
6939 905
5554 735
9899 6
5106 845
8982 260
8254 985
7138 587
5959 410
9776 295
5365 923
7798 351
5986 594
9863 273
6878 336
5000 804
5273 897
5265 640
6110 27
9192 22
7355 258
7477 654
7518 105
8958 862
8816 910
5443 324
8650 89
9655 480
9187 183
9683 896
8823 598
8137 999
8222 900
8187 465
7716 422
8473 606
7607 394
9753 6
6674 617
8460 624
7706 847
7663 652
9620 103
7913 566
5503 563
9429 880
9038 694
9243 117
6962 8
5911 868
5189 822
6785 935
5874 669
7512 714
9518 238
6921 786
6990 389
6615 888
9323 346
6840 882
5278 678
9900 954
5333 426
8485 998
5987 992
9050 630
5093 330
7108 68
5961 617
7588 348
9834 347
5762 241
9152 746
8696 392
9537 944
6418 742
9955 277
6481 392
6808 338
7197 821
9248 478
5492 279
8357 155
5491 228
5824 318
5763 440
5289 689
9067 80
5466 332
6423 487
8831 367
9570 876
9040 632
6449 788
5049 285
8903 755
6462 840
6198 989
5958 797
8809 825
6293 26
7808 93
5636 191
8127 208
5444 544
9532 161
6194 558
7122 757
9029 459
8356 182
8651 500
7063 200
5762 593
5306 196
9791 29
6597 413
6301 43
5140 838
6876 931
8655 553
9540 967
6379 723
6742 561
5601 458
8107 965
7157 368
8938 858
6325 315
9957 1
5367 58
8569 193
6909 153
6033 257
5239 933
6411 46
5962 433
6557 261
5541 114
8060 209
7990 17
8989 913
6420 283
5698 745
7933 640
5944 474
5511 276
9760 514
7553 341
5208 877
9580 337
5822 859
7468 670
8836 269
5020 439
7721 623
6955 646
6810 50
9180 781
9869 26
5354 39
7228 302
9688 520
5079 179
9087 150
9574 452
5855 193
5914 511
5685 39
7815 802
9364 342
5933 78
7649 763
7162 884
7044 190
7519 926
5678 113
6637 278
5778 585
9587 909
5658 877
7501 209
6389 803
6071 229
6450 62
5358 933
7450 697
6339 573
6254 724
6957 409
9378 160
9861 887
7406 401
6189 42
6857 722
5066 735
6907 862
7006 985
5516 756
9337 612
7832 745
5510 884
9937 485
6407 789
8696 560
6648 503
9995 443
8599 707
9594 936
5358 665
9341 241
7948 916
7077 879
5236 4
8845 975
5317 729
9438 203
5227 778
9432 401
6829 37
8106 371
8643 605
6431 803
8350 228
8417 841
8359 26
6558 549
8582 308
7513 310
6695 220
6665 619
6199 26
6393 348
6484 328
6492 432
8555 411
9733 724
8643 924
6536 180
7716 137
9455 56
7405 759
6314 616
6581 817
6329 175
7425 20
7471 115
6419 536
8334 793
5482 241
7491 433
9953 750
7207 912
7411 222
8684 94
6685 946
9757 867
8125 366
8546 290
7137 321
8287 74
9900 460
5309 172
6804 300
9436 770
6130 637
8573 508
9702 636
7812 125
6247 65
6261 144
5102 384
8238 246
6641 288
5382 477
7957 981
9148 577
5429 37
9810 336
5556 220
5014 810
7505 869
8836 766
6065 382
8277 545
7777 52
5292 734
5491 705
9680 581
5400 743
6464 580
5707 989
5172 810
9582 646
8452 487
7886 912
5977 578
9278 72
6012 632
7645 162
9493 405
9209 68
7044 759
9723 634
5473 76
6129 818
8654 435
8123 145
5441 611
7998 943
9525 135
6407 766
8616 815
5954 754
9845 720
7597 82
8090 314
9416 426
7125 238
8518 13
8352 687
5521 357
7028 141
6526 225
6067 661
6912 419
7691 820
9686 327
6170 913
5276 550
8908 961
5345 269
5474 675
8594 390
8232 719
6802 210
5317 349
9569 57
5490 54
6716 503
6166 524
5844 200
6630 816
7255 3
9316 47
10000 542
6419 869
6127 555
9789 362
7014 176
5107 157
7914 153
7435 588
6762 557
9720 818
9240 471
6189 653
5480 164
5670 764
6190 395
5776 630
7124 612
8100 277
5105 873
7014 355
6651 451
8883 68
6585 90
6327 455
7976 446
5182 647
8312 723
6846 413
6336 872
6333 216
6454 850
9403 107
6205 270
5756 371
5742 575
8957 575
5758 875
9171 809
9765 292
6150 335
6961 206
9032 835
8802 836
6868 637
5471 585
8816 508
9309 973
5909 647
5931 517
5770 496
7960 866
6865 932
5952 633
8120 766
7352 665
9445 961
6371 352
8251 321
9922 494
6907 423
6507 695
9622 47
7389 957
8924 390
7371 227
8062 986
8617 506
5273 540
7393 954
6821 337
8627 224
7350 965
9974 86
8362 422
5981 651
5964 976
7195 690
9326 379
5944 582
7235 304
8628 756
7057 329
6858 50
9698 855
5713 958
7715 580
6199 241
8335 213
8507 492
6388 247
9789 416
8684 579
9188 558
7910 672
5932 787
6426 745
8511 769
7539 102
7189 505
9313 812
7319 714
7048 922
5263 614
8564 383
5484 772
9217 264
9271 708
5338 100
7563 541
7095 952
6246 34
6036 453
9617 23
6050 638
8460 225
8589 427
9339 529
7435 179
8591 790
9607 362
9837 1000
7504 945
6088 549
6297 217
8314 668
8137 668
8633 445
5556 103
9982 881
6352 461
7616 804
5183 608
8588 667
8910 596
8152 976
7617 709
8371 980
7247 127
6986 549
6372 22
5127 414
7315 968
6032 872
9874 930
8476 126
5188 41
9681 85
7867 299
9135 292
5389 38
9540 785
6555 254
8312 203
9030 678
7786 162
8193 570
8337 986
8437 338
8270 401
8400 80
8027 556
7114 780
9558 762
5189 603
5189 449
6092 711
8913 977
5603 664
9776 311
5424 52
6341 140
8450 566
8044 58
5151 486
5174 935
5885 867
7667 261
8071 928
5072 957
5269 160
9348 892
8812 984
5073 196
8041 928
7022 758
9537 318
5027 158
8546 61
5849 577
5912 325
9519 940
5891 695
9080 623
7651 887
9746 284
5518 885
5527 493
7211 417
6173 229
6692 539
9471 495
5633 722
8022 820
5169 505
6020 249
6444 900
9852 220
7985 72
5957 819
6818 714
8938 961
9696 601
6725 667
9843 701
7052 985
9325 241
7773 741
6107 115
7911 922
8259 386
8318 235
9278 642
6704 821
5853 220
8171 702
5179 827
6691 163
8367 27
6207 507
9012 202
6369 548
7617 828
9030 583
8781 387
5293 681
8235 70
5910 505
9388 573
5829 373
8978 768
7070 617
6808 626
7912 530
5426 932
8489 231
6815 324
5001 435
8414 270
8397 529
7367 125
5249 418
5712 27
9486 752
9636 677
8842 901
7176 816
9649 59
9997 436
8839 535
5438 50
9594 364
9003 274
8810 220
8939 887
9942 428
6478 881
5800 382
9754 359
6027 606
8822 421
9801 974
8966 970
9790 901
7523 604
9690 24
5080 108
8738 277
7248 255
8929 660
5302 125
6124 211
6151 227
5305 805
6189 247
9210 800
9194 156
5854 716
9704 875
9981 824
6391 191
7457 179
5975 349
6571 134
7768 632
7105 216
6673 818
5973 550
5463 113
8072 884
8175 988
5500 414
9831 199
8797 37
6628 29
9297 420
9842 493
8411 786
9143 551
6756 769
9379 78
8338 904
5731 101
8750 953
8567 317
8065 821
7997 932
8221 703
7197 120
7156 793
5605 203
5607 734
7950 835
8912 553
5269 836
7412 121
9132 811
5421 979
5653 813
7339 406
9104 604
7465 344
6379 358
7367 938
6830 838
8945 55
6505 396
5585 957
9789 861
6214 25
6698 469
6763 770
6683 98
8775 854
7849 214
5954 137
8371 28
9249 182
8813 67
7646 395
9961 465
5056 521
9532 804
8980 593
5776 41
7447 309
7682 181
8679 473
7912 918
6739 914
5687 118
6108 275
8781 224
6269 226
8287 891
6364 855
9365 925
9875 399
8593 512
5346 722
8343 10
5751 542
6168 869
9268 383
9763 255
6930 875
6996 630
5009 511
7721 118
8389 278
9205 907
7672 933
9646 336
9334 527
9020 125
7586 755
7141 86
6154 686
9273 853
7263 795
8682 96
7285 121
8800 364
7413 417
7870 371
7866 718
7838 484
8982 575
9419 569
7280 282
9958 548
7586 435
6024 774
5493 272
8229 533
5697 975
8634 165
5894 313
5757 913
9766 836
7249 206
6940 357
9947 239
9175 946
5000 580
9934 387
8555 527
5980 119
5013 58
7650 411
9050 989
8174 873
7998 70
6680 395
8379 518
5997 618
8908 28
8840 149
5001 563
6742 118
8989 779
6383 88
5918 864
7257 258
5761 684
6027 825
8587 21
6385 764
6425 116
8894 162
6845 818
8470 746
7607 69
5627 387
9936 991
5621 838
5693 54
6417 465
9742 851
6097 477
6719 87
8823 680
6878 463
5421 210
6063 75
8173 875
6475 150
8273 390
8126 910
9170 417
9909 739
8694 196
8814 239
8281 405
5407 877
5170 87
9777 587
7983 247
9187 188
5308 159
6901 449
6409 199
6766 788
7785 218
7595 820
6966 447
7299 315
8492 24
9687 278
6426 316
7378 690
9197 146
8836 289
7052 3
8495 118
5565 358
8473 721
5294 505
7841 129
8579 577
5086 181
7900 814
6666 752
7612 448
7811 417
9598 269
6390 417
6482 460
6801 763
7013 807
8428 692
5573 10
6422 188
8036 899
9827 722
7489 859
8900 965
7771 271
9862 867
5266 872
7578 941
7980 183
7256 247
7736 830
8255 977
5513 301
8124 734
5091 774
9883 515
5514 418
6025 358
8187 783
6496 425
5791 121
5644 381
7096 855
7968 575
5009 8
8495 865
7225 461
9645 575
9577 963
5465 174
9500 213
6133 569
5320 95
8079 963
8728 257
5790 839
9924 219
5139 185
9834 103
6622 275
7797 473
7286 234
9491 903
7124 53
5875 955
9584 744
8619 10
9271 593
9799 546
5265 997
5743 755
6335 833
6919 854
9066 344
6188 974
7869 118
8636 168
7960 445
8172 393
7114 84
9874 377
9016 681
5402 950
5459 895
5324 882
8183 639
7733 464
5207 436
7556 545
5479 831
7651 210
8859 612
7021 857
8966 981
8116 844
7223 96
8082 622
5073 496
7012 627
7980 764
5102 809
6762 887
5214 310
7411 651
5212 461
5617 640
9412 490
7170 541
6259 450
5604 290
