1000 5002
94 485
506 326
416 248
992 421
649 322
237 795
457 43
815 845
446 955
422 252
791 9
359 901
667 122
598 94
7 738
544 574
334 715
766 882
994 367
893 984
633 299
131 433
428 682
700 72
617 874
874 138
720 856
419 145
794 995
196 529
997 199
116 277
908 97
539 719
707 242
569 107
537 122
931 70
726 98
487 600
772 645
513 267
81 972
943 895
58 213
303 748
764 487
536 923
724 29
789 674
479 540
142 554
339 467
641 46
196 710
494 553
66 191
824 724
208 730
711 988
800 90
314 340
289 549
401 196
466 865
689 678
833 570
225 936
244 722
849 651
113 123
379 431
361 508
65 585
486 853
686 642
286 992
889 725
24 286
491 812
891 859
90 663
181 88
214 179
17 187
472 619
418 261
419 846
356 192
682 261
306 514
201 886
385 530
952 849
500 294
194 799
737 391
324 330
992 298
224 790
260 275
97 826
210 72
649 866
919 951
63 748
958 685
804 956
518 564
428 183
537 400
346 721
153 207
971 323
662 611
197 116
91 109
529 795
126 343
747 862
469 685
770 10
934 881
723 984
895 403
568 360
172 449
958 541
383 272
308 877
970 359
583 707
48 308
930 770
569 30
3 208
20 311
609 100
887 939
825 422
930 785
904 370
241 989
379 969
376 143
962 972
889 28
443 61
216 638
338 348
160 347
406 66
159 391
31 638
204 295
420 826
153 196
425 449
331 855
565 143
838 487
9 140
918 564
533 615
232 135
957 564
591 360
576 793
746 163
377 859
858 760
86 711
434 662
558 159
279 660
840 268
735 948
574 315
126 676
912 341
739 689
821 894
625 706
917 490
201 478
993 671
149 932
52 899
759 237
267 187
256 472
783 772
117 98
516 906
180 911
25 635
380 225
712 823
266 164
216 343
448 732
541 502
664 740
954 576
726 612
772 902
531 454
943 411
750 973
327 703
917 850
5 77
113 220
913 802
791 403
998 181
859 10
345 525
431 919
675 668
833 527
438 462
523 291
916 605
420 457
115 405
660 417
261 279
772 685
388 596
764 307
843 224
206 322
407 840
639 975
852 401
542 91
60 327
757 330
82 182
637 603
93 793
614 615
136 733
187 864
102 16
972 863
163 987
501 306
477 34
492 840
121 700
80 706
138 787
660 105
229 834
827 798
448 310
230 609
832 690
489 561
586 579
291 60
665 388
660 309
702 407
153 200
606 313
123 970
253 33
709 273
832 277
108 997
888 40
481 227
283 860
858 940
284 608
711 990
850 590
239 806
943 52
195 801
95 764
410 710
664 386
900 593
112 50
963 494
754 156
458 936
19 965
225 86
569 723
97 184
194 868
754 340
602 412
61 487
695 209
347 346
719 860
100 307
97 95
843 821
745 941
286 821
492 587
116 201
531 665
424 527
253 812
426 424
413 459
980 343
291 836
833 506
486 179
9 916
575 430
922 596
145 808
897 269
404 512
742 811
728 685
269 567
103 776
745 855
35 718
779 853
71 97
80 146
842 746
128 15
941 965
227 512
30 480
342 958
605 665
531 191
364 964
359 515
867 606
820 822
313 536
207 693
911 19
308 335
430 101
685 922
641 294
113 910
141 410
690 250
700 546
559 729
481 609
503 720
766 976
7 759
882 798
859 74
182 648
425 299
542 785
683 846
853 390
938 897
89 416
624 837
181 247
878 293
933 144
580 938
252 467
207 480
658 955
20 665
954 26
347 564
759 449
446 26
14 521
657 301
710 321
980 613
188 388
636 879
203 990
432 188
129 963
630 820
509 300
237 822
373 255
838 277
395 153
692 400
103 227
218 518
384 447
931 315
396 813
389 324
640 502
287 299
297 780
977 376
512 516
219 212
555 329
398 810
289 486
798 485
598 416
49 952
572 894
697 358
770 21
725 647
542 44
214 683
887 361
45 814
94 231
282 8
82 165
319 496
626 699
146 852
541 459
874 535
725 314
777 944
554 306
208 459
787 637
976 447
912 408
444 107
3 962
301 565
164 407
437 857
652 317
764 98
41 818
737 600
176 288
136 902
128 567
394 190
235 749
42 908
824 276
684 748
979 592
568 393
367 363
52 163
642 983
335 179
126 16
130 478
583 259
129 868
752 295
167 596
856 71
640 622
770 864
431 644
195 5
448 365
701 429
952 64
880 854
168 770
79 88
961 157
472 368
217 421
709 719
147 271
296 975
909 816
764 962
251 535
878 438
753 696
570 881
253 318
666 45
931 52
433 496
810 313
678 138
123 334
212 988
66 508
206 770
750 751
64 780
466 441
337 207
510 516
796 674
175 408
437 920
938 573
848 634
561 878
718 990
948 826
649 696
569 800
663 411
582 422
843 707
202 334
702 986
579 494
725 150
803 562
340 380
156 832
832 979
602 376
234 511
688 414
184 160
978 982
413 238
633 490
585 899
606 251
963 526
350 897
242 39
539 657
739 452
267 538
165 831
177 460
720 185
802 934
644 440
82 490
798 168
197 71
173 977
81 458
235 204
112 803
103 139
268 399
879 420
643 991
106 578
122 972
444 177
262 398
691 348
997 496
446 276
171 825
549 614
281 121
211 730
112 341
408 284
730 698
363 17
89 546
605 672
938 974
168 866
705 377
47 559
400 340
215 527
114 779
51 761
881 483
549 92
679 390
328 583
250 661
203 391
481 336
752 661
707 125
82 89
63 275
660 359
21 178
287 780
219 42
500 5
820 380
95 772
44 816
748 9
678 484
276 545
478 589
663 157
594 901
757 777
947 74
448 247
570 55
313 479
981 785
795 958
552 680
389 393
280 944
864 596
636 619
512 611
892 852
184 283
947 299
614 766
625 312
149 826
377 726
474 733
18 805
662 679
416 403
1 964
530 337
752 541
22 478
981 369
777 946
957 821
275 833
584 837
582 490
121 37
951 594
668 129
118 258
319 246
896 362
521 755
948 504
248 71
474 177
351 176
54 803
155 237
660 677
871 33
486 115
294 597
425 769
245 536
382 956
371 341
708 184
544 234
794 569
387 216
738 537
520 84
281 810
502 657
91 33
503 159
924 520
16 668
33 287
344 229
349 374
606 474
896 672
595 915
441 511
102 123
52 569
654 199
710 396
434 715
245 59
36 610
661 917
413 927
13 270
370 117
400 516
195 215
984 216
476 237
164 615
405 499
674 477
196 760
608 285
907 56
532 966
51 622
716 221
327 194
880 91
710 347
267 252
400 473
376 516
609 385
320 357
196 958
538 665
935 792
404 64
100 420
126 671
855 968
94 877
731 177
253 523
8 139
393 152
543 732
348 246
318 565
489 740
22 902
998 17
49 973
381 298
10 611
429 32
221 11
150 337
717 136
530 889
332 522
942 805
565 28
216 931
61 757
170 609
872 544
644 905
208 595
680 246
697 113
639 175
679 156
961 244
361 883
802 265
359 883
839 462
718 485
280 272
252 204
280 984
102 409
615 398
296 909
481 370
956 882
230 214
259 766
922 35
706 421
272 271
156 370
552 848
485 50
536 976
70 270
902 796
452 963
35 379
947 991
378 551
57 897
352 307
669 421
702 74
141 388
458 559
463 980
756 615
887 681
332 231
528 207
656 818
254 331
787 979
495 445
370 348
10 724
200 401
327 646
17 668
374 242
755 302
980 861
376 830
8 77
32 441
460 589
804 990
23 189
869 868
943 996
715 363
628 237
73 420
199 565
38 214
209 333
327 726
912 175
799 58
372 625
976 66
120 169
667 475
188 204
28 90
704 496
649 1
746 474
697 449
712 252
289 332
625 287
953 189
462 889
302 63
79 378
41 206
823 897
908 230
665 382
36 575
732 60
809 529
66 477
291 290
591 89
583 961
252 461
479 702
530 532
224 680
788 53
309 642
366 1000
352 891
402 822
545 152
113 324
967 633
454 267
723 381
14 272
20 506
308 419
644 461
713 526
482 978
336 468
289 729
496 795
326 581
530 383
167 226
522 421
830 386
91 273
116 484
747 676
395 107
958 229
756 902
262 962
703 105
511 84
481 991
449 701
888 689
599 655
306 600
492 538
803 499
445 881
316 981
889 473
785 383
765 679
491 573
589 589
124 480
741 145
898 624
725 923
682 915
131 232
398 974
906 735
753 678
312 640
790 644
301 212
945 123
447 253
197 943
27 18
573 916
589 327
934 640
209 615
529 470
899 655
15 288
592 401
92 840
575 633
814 707
354 424
127 682
374 194
566 855
594 190
973 728
645 178
603 275
712 88
32 367
298 544
561 738
906 963
626 460
143 266
504 727
836 33
361 442
431 628
554 384
24 244
416 482
735 765
243 446
454 247
932 913
494 560
648 528
357 594
596 935
788 462
536 621
759 660
200 564
566 302
741 936
217 592
219 724
832 118
819 299
487 251
473 129
241 96
64 167
516 169
857 381
218 976
490 767
504 837
707 407
342 203
475 387
175 735
786 706
171 335
232 40
888 821
866 131
976 159
253 978
619 53
642 849
460 478
218 19
218 230
667 453
949 336
89 931
488 588
568 449
526 566
6341 507
7036 874
7079 726
5037 194
9574 894
5810 900
8480 41
5977 170
5031 867
9499 535
5782 288
5782 779
5339 658
5707 204
7220 945
6133 651
7790 323
5650 395
5818 806
7742 292
9223 215
6686 179
8182 902
5067 923
6191 177
8299 636
8170 451
7165 551
8326 270
5836 213
6553 408
6207 318
5241 246
7614 165
5142 742
7463 55
9257 317
7763 255
6290 431
6345 963
5577 487
6645 882
7993 997
9820 116
9971 28
6355 244
9165 808
9716 259
9923 464
8175 82
5717 127
8512 680
7296 443
5723 657
5485 779
8716 379
8206 415
8008 571
6562 559
7234 542
5987 907
5997 845
7304 822
7400 885
6308 201
5154 867
9242 343
7224 904
5984 343
9603 803
8373 590
5426 986
5396 75
9646 916
9176 143
8249 581
9329 54
9465 767
5978 366
7910 875
8439 992
7887 480
6115 994
7579 377
6029 537
9135 443
9053 714
5838 311
6962 283
9483 782
8791 213
9074 190
6659 398
8259 734
8655 823
9556 80
8779 886
7946 494
7480 736
7800 712
5269 451
6474 290
8288 808
7461 715
7359 654
7984 376
7432 242
8131 773
9992 376
5795 652
6910 772
9130 170
8013 576
8738 640
5469 415
9523 210
7612 897
9921 169
6488 263
5706 419
6848 557
8126 465
8948 676
5644 613
9918 74
5840 743
7451 793
8172 133
7949 443
9032 706
6466 833
8739 367
7328 875
6456 985
6755 283
7042 157
7589 333
7325 15
6573 965
8374 145
7056 302
9642 728
7778 81
8559 445
6515 674
7614 413
5101 693
5931 95
9153 636
7643 409
6035 890
5254 404
9533 394
9028 805
8241 536
6099 668
7469 466
8067 413
6545 631
6101 445
6062 829
6323 590
6555 119
6403 428
5490 78
8099 331
5289 260
5982 632
7074 478
6083 451
9972 449
9466 592
7349 610
8856 328
6062 763
8932 991
7725 735
7973 371
5217 924
8620 99
7501 171
6356 964
8751 154
6361 451
7332 761
9933 457
7963 638
7839 907
5291 162
8185 376
7558 986
9982 680
9254 723
6001 451
5903 853
6838 179
5251 33
8716 882
8061 533
5189 441
7343 618
7287 53
7523 769
8087 488
6647 844
5925 760
5228 87
9183 133
7757 336
8133 621
5891 756
9720 127
9456 91
5446 205
9458 361
9953 682
8225 43
9380 836
5919 350
5488 145
9414 459
9544 875
9490 351
7813 308
9195 897
7419 893
8861 825
8594 420
8633 442
9347 384
5615 437
7412 977
5425 537
5174 5
8883 922
9707 34
6067 82
5888 112
7248 111
7801 508
8666 371
7453 29
7005 192
5165 82
5266 910
8083 112
5368 776
5902 961
6492 134
5418 96
9857 825
6289 824
5618 246
6905 611
5059 92
9791 296
9827 743
9438 985
6049 305
6573 959
6972 823
7626 120
7718 889
9463 894
6219 272
9348 361
6135 122
9303 840
7490 155
5296 307
5433 303
5454 31
9529 273
6527 829
8619 501
5453 856
6211 863
5122 794
8549 863
5131 993
5355 966
9763 444
8744 261
8516 970
7932 837
6268 770
9086 466
9525 343
5713 80
8014 626
9644 904
8161 862
5854 993
9797 728
5670 25
5692 962
8750 133
7022 589
9508 70
6371 4
9008 142
5333 939
8396 436
5139 380
9204 21
6543 214
5140 380
5056 123
8585 767
9916 26
7775 545
7851 409
7481 406
6016 865
9140 225
7938 734
7710 396
6213 28
9775 126
7085 613
9124 886
5904 858
7623 683
9617 730
7596 916
9238 825
5796 737
9677 444
8395 852
6509 270
6468 142
8409 319
7303 881
8140 395
9732 919
6951 541
7774 349
8449 476
5604 697
7915 976
7579 294
9777 570
8703 82
6285 304
6873 163
7032 501
9397 614
9882 216
5582 693
8932 396
9427 999
8938 30
6841 116
6456 184
5984 765
7243 141
7094 777
5479 523
7087 972
8809 955
8599 452
8976 499
8240 14
5386 914
9287 809
8363 141
5096 955
6290 470
8024 393
9280 510
5644 305
5813 519
6174 422
9503 367
8905 282
5965 226
9513 662
9502 428
5115 956
7747 439
7295 609
7749 402
9479 612
7867 766
9998 755
9562 107
7086 335
6600 117
6484 502
7193 170
9381 485
9941 498
7094 186
5029 688
7449 300
9031 63
5606 623
5114 370
7954 268
9862 708
5141 706
9870 661
9868 591
7163 760
6582 220
8741 236
8317 91
9184 938
8731 204
9034 378
6792 518
7117 64
7092 932
6776 105
9108 410
6843 887
6045 852
6796 952
8687 760
8858 464
9639 117
9772 707
8460 291
7489 860
7954 622
7117 63
7627 243
5048 115
5881 74
5299 114
9473 358
6600 751
8793 986
5490 163
8536 647
9789 422
8938 889
6032 879
8269 800
7976 265
6030 963
8149 662
8632 315
8183 43
9831 206
9734 10
5212 623
8416 755
8423 351
8856 733
7182 415
5528 528
9902 680
7461 338
9892 97
6007 693
9500 811
5021 958
5719 111
6091 268
6045 287
6957 850
8332 329
9451 877
5385 89
9869 324
6060 962
8670 391
5252 70
8951 439
5982 99
6332 973
9729 75
9799 316
8634 806
6864 474
9309 679
7721 511
6200 347
9073 72
9208 774
5573 195
6892 600
9113 632
6775 63
6308 699
8576 227
8503 415
8205 906
7333 684
7175 165
8194 725
6988 511
7001 99
8327 259
6181 909
8971 338
6473 341
5994 422
5719 636
7111 315
6469 525
7245 24
8698 76
9133 137
6824 740
9004 187
7231 484
5997 688
5360 251
8816 183
8695 103
5263 316
7265 579
6857 523
6189 845
7163 364
8914 371
9216 201
7866 422
7770 596
5703 525
7732 346
7923 44
9155 675
5970 44
7853 845
9926 326
6110 108
8698 293
7285 263
8574 358
8685 290
8670 119
5420 546
9032 755
8505 111
8783 117
9155 19
6193 902
7206 694
6117 980
5632 131
7751 242
6825 149
7995 273
5207 852
8756 651
6655 247
9687 804
5974 981
8474 411
6012 752
7472 916
7922 19
5398 733
9177 15
7543 99
5390 510
5954 782
8017 604
7589 212
6354 69
6142 106
7372 785
9355 979
7907 429
8828 161
9790 593
8683 130
6722 795
9501 926
6542 747
7005 995
8776 439
5962 883
8327 235
9645 688
5300 540
6626 502
7863 306
5493 383
6351 512
5566 400
7367 991
5250 84
8625 335
6169 569
5943 742
6993 393
5043 693
5589 290
8010 306
9445 121
5448 927
7135 774
5600 948
6178 662
9990 809
9962 134
6409 561
9838 205
5209 178
7255 252
6828 622
6672 37
5003 987
8833 664
6237 890
5365 3
8041 228
9382 693
6646 302
6755 609
7775 572
8909 456
5036 443
8331 809
7999 240
5475 142
9927 16
8684 503
9564 526
7116 935
7165 487
7344 938
9011 444
5922 163
5954 168
7164 243
9570 754
6487 945
5569 209
5785 353
8615 362
7206 586
9761 80
7121 738
9565 631
8105 365
7127 228
7599 368
8873 691
7194 950
9696 425
9362 994
8976 488
8010 150
7517 140
8655 151
7311 226
8272 920
6250 539
9010 901
7946 176
9709 806
8461 560
9989 43
9394 423
9518 956
7621 103
8478 526
5874 183
5143 997
6301 373
9643 874
9189 388
7656 552
5940 978
9544 850
9090 549
6122 503
8931 510
6041 680
9104 325
7175 466
5395 523
9369 122
5035 389
6113 151
5370 527
9894 320
5351 596
6113 99
6011 181
7069 305
5264 952
8086 334
9225 88
8666 954
7687 403
8023 63
7565 284
9651 672
9287 559
5489 295
7277 310
6900 585
6508 445
9686 870
8021 1
9302 378
5329 741
9463 8
7276 419
5429 567
6202 227
8911 842
6720 228
5175 801
7773 242
6528 189
5910 100
5976 416
9105 479
8266 786
8426 775
9778 412
6228 655
9361 18
8065 630
5030 135
8009 660
6675 719
9495 945
9093 453
8629 7
9128 694
5042 450
5659 886
8531 295
6803 311
6150 991
5072 490
9162 87
5881 160
6344 192
9159 204
5412 951
7676 120
6035 294
7269 649
6455 746
7147 389
8045 366
8072 530
7898 896
9794 471
7400 42
9963 204
7368 322
5396 353
9847 234
6291 905
7570 806
8450 957
8143 878
8938 713
8426 536
8160 726
8364 933
9658 701
9674 851
5427 708
5595 890
5174 672
8081 847
5026 121
7876 697
7099 529
8856 353
8291 960
8375 265
5356 666
8753 961
9180 66
9348 35
9419 558
5839 656
6050 585
9540 674
6501 642
8586 817
5675 802
6732 219
8572 155
9837 446
5308 371
9656 974
9996 674
9770 746
6302 860
9985 626
9496 545
9484 189
7450 817
8354 248
6933 981
7375 794
9679 495
6004 219
7143 3
9104 934
7726 635
8061 781
7051 268
5425 719
9179 174
6023 797
8011 136
5258 601
8418 355
9028 31
7805 533
9347 58
6735 487
7981 380
6820 872
6650 698
5208 961
7514 446
5676 346
9061 709
9742 584
5813 33
9300 486
5731 13
9018 198
9477 685
8521 509
8141 269
7715 534
9234 529
7403 317
7262 913
9101 745
7810 195
7585 688
9608 485
9028 40
5070 867
8716 773
7464 104
7767 64
6431 697
7429 661
6816 30
9614 652
9810 290
8990 850
6382 73
8116 331
6116 503
9087 723
5681 20
7053 240
6955 960
7045 129
8853 563
5138 889
5206 252
6228 325
9374 265
7387 78
5482 276
7553 653
6249 802
6720 627
9080 23
8676 288
6601 296
8296 509
8575 480
9321 881
5338 13
5946 879
9287 876
8903 219
8198 912
7109 537
6920 90
5151 499
6603 269
9242 777
9679 2
8581 929
9138 989
5779 872
9035 217
5117 952
6105 651
9482 737
9306 540
9262 58
7943 771
9404 100
7238 809
7567 778
5609 104
7045 624
6495 701
5856 242
7498 365
6182 240
9649 950
5647 289
8888 273
6283 337
8629 501
5778 760
5260 770
9277 420
7198 437
6711 25
6146 485
9740 110
9078 580
6408 798
8887 922
5949 676
5819 826
6122 238
9369 322
9129 321
9521 745
8601 498
7495 642
9030 622
7786 259
6482 35
7950 380
9317 187
5942 491
9644 568
9586 803
6160 302
5291 492
6109 141
8058 168
8262 300
5913 276
8856 534
5699 124
5086 319
9030 511
5698 887
5540 903
7059 75
9348 446
5817 103
5719 278
8005 405
7529 415
9376 19
9750 96
5222 979
5050 721
9223 434
8296 237
7657 338
9055 228
5718 760
7340 481
9486 42
7762 616
7322 913
5527 438
6201 599
5212 772
5074 254
9994 661
5009 112
6398 68
8480 274
9976 210
9225 195
7412 288
5824 287
9394 615
7423 162
8671 954
8473 239
5313 721
5679 815
7258 576
6389 356
8672 93
6268 948
7615 853
8891 814
9372 310
9880 170
8896 265
7619 58
7034 144
9242 501
7983 914
7286 428
9753 529
6837 778
