1000 4990
585 485
194 94
426 326
606 506
348 248
516 416
521 421
1092 992
422 322
749 649
895 795
337 237
143 43
557 457
945 845
915 815
1055 955
546 446
352 252
522 422
109 9
891 791
1001 901
459 359
222 122
767 667
194 94
698 598
838 738
107 7
674 574
644 544
815 715
434 334
982 882
866 766
467 367
1094 994
1084 984
993 893
399 299
733 633
533 433
231 131
782 682
528 428
172 72
800 700
974 874
717 617
238 138
974 874
956 856
820 720
245 145
519 419
1095 995
894 794
629 529
296 196
299 199
1097 997
377 277
216 116
197 97
1008 908
819 719
639 539
342 242
807 707
207 107
669 569
222 122
637 537
170 70
1031 931
198 98
826 726
700 600
587 487
745 645
872 772
367 267
613 513
1072 972
181 81
995 895
1043 943
313 213
158 58
848 748
403 303
587 487
864 764
1023 923
636 536
129 29
824 724
774 674
889 789
640 540
579 479
654 554
242 142
567 467
439 339
146 46
741 641
810 710
296 196
653 553
594 494
291 191
166 66
824 724
924 824
830 730
308 208
1088 988
811 711
190 90
900 800
440 340
414 314
649 549
389 289
296 196
501 401
965 865
566 466
778 678
789 689
670 570
933 833
1036 936
325 225
822 722
344 244
751 651
949 849
223 123
213 113
531 431
479 379
608 508
461 361
685 585
165 65
953 853
586 486
742 642
786 686
1092 992
386 286
825 725
989 889
386 286
124 24
912 812
591 491
959 859
991 891
763 663
190 90
188 88
281 181
279 179
314 214
287 187
117 17
719 619
572 472
361 261
518 418
946 846
519 419
292 192
456 356
361 261
782 682
614 514
406 306
986 886
301 201
630 530
485 385
949 849
1052 952
394 294
600 500
899 799
294 194
491 391
837 737
430 330
424 324
398 298
1092 992
890 790
324 224
375 275
360 260
926 826
197 97
172 72
310 210
966 866
749 649
1051 951
1019 919
848 748
163 63
785 685
1058 958
1056 956
904 804
664 564
618 518
283 183
528 428
500 400
637 537
821 721
446 346
307 207
253 153
423 323
1071 971
711 611
762 662
216 116
297 197
209 109
191 91
895 795
629 529
443 343
226 126
962 862
847 747
785 685
569 469
110 10
870 770
981 881
1034 934
1084 984
823 723
503 403
995 895
460 360
668 568
549 449
272 172
641 541
1058 958
372 272
483 383
977 877
408 308
459 359
1070 970
807 707
683 583
408 308
148 48
870 770
1030 930
130 30
669 569
308 208
103 3
411 311
120 20
200 100
709 609
1039 939
987 887
522 422
925 825
885 785
1030 930
470 370
1004 904
1089 989
341 241
1069 969
479 379
243 143
476 376
1072 972
1062 962
128 28
989 889
161 61
543 443
738 638
316 216
448 348
438 338
447 347
260 160
166 66
506 406
491 391
259 159
738 638
131 31
395 295
304 204
926 826
520 420
296 196
253 153
549 449
525 425
955 855
431 331
243 143
665 565
587 487
938 838
240 140
109 9
664 564
1018 918
715 615
633 533
235 135
332 232
664 564
1057 957
460 360
691 591
893 793
676 576
263 163
846 746
959 859
477 377
860 760
958 858
811 711
186 86
762 662
534 434
259 159
658 558
760 660
379 279
368 268
940 840
1048 948
835 735
415 315
674 574
776 676
226 126
441 341
1012 912
789 689
839 739
994 894
921 821
806 706
725 625
590 490
1017 917
578 478
301 201
771 671
1093 993
1032 932
249 149
999 899
152 52
337 237
859 759
287 187
367 267
572 472
356 256
872 772
883 783
198 98
217 117
1006 906
616 516
1011 911
280 180
735 635
125 25
325 225
480 380
923 823
812 712
264 164
366 266
443 343
316 216
832 732
548 448
602 502
641 541
840 740
764 664
676 576
1054 954
712 612
826 726
1002 902
872 772
554 454
631 531
511 411
1043 943
1073 973
850 750
803 703
427 327
950 850
1017 917
177 77
105 5
320 220
213 113
902 802
1013 913
503 403
891 791
281 181
1098 998
110 10
959 859
625 525
445 345
1019 919
531 431
768 668
775 675
627 527
933 833
562 462
538 438
391 291
623 523
705 605
1016 916
557 457
520 420
505 405
215 115
517 417
760 660
379 279
361 261
785 685
872 772
696 596
488 388
407 307
864 764
324 224
943 843
422 322
306 206
940 840
507 407
1075 975
739 639
501 401
952 852
191 91
642 542
427 327
160 60
430 330
857 757
282 182
182 82
703 603
737 637
893 793
193 93
715 615
714 614
833 733
236 136
964 864
287 187
116 16
202 102
963 863
1072 972
1087 987
263 163
406 306
601 501
134 34
577 477
940 840
592 492
800 700
221 121
806 706
180 80
887 787
238 138
205 105
760 660
934 834
329 229
898 798
927 827
410 310
548 448
709 609
330 230
790 690
932 832
661 561
589 489
679 579
686 586
160 60
391 291
488 388
765 665
409 309
760 660
507 407
802 702
300 200
253 153
413 313
706 606
1070 970
223 123
133 33
353 253
373 273
809 709
377 277
932 832
1097 997
208 108
140 40
988 888
327 227
581 481
960 860
383 283
1040 940
958 858
708 608
384 284
1090 990
811 711
690 590
950 850
906 806
339 239
152 52
1043 943
901 801
295 195
864 764
195 95
810 710
510 410
486 386
764 664
693 593
1000 900
150 50
212 112
594 494
1063 963
256 156
854 754
1036 936
558 458
1065 965
119 19
186 86
325 225
823 723
669 569
284 184
197 97
968 868
294 194
440 340
854 754
512 412
702 602
587 487
161 61
309 209
795 695
446 346
447 347
960 860
819 719
407 307
200 100
195 95
197 97
921 821
943 843
1041 941
845 745
921 821
386 286
687 587
592 492
301 201
216 116
765 665
631 531
627 527
524 424
912 812
353 253
524 424
526 426
559 459
513 413
443 343
1080 980
936 836
391 291
606 506
933 833
279 179
586 486
1016 916
109 9
530 430
675 575
696 596
1022 922
908 808
245 145
369 269
997 897
612 512
504 404
911 811
842 742
785 685
828 728
667 567
369 269
876 776
203 103
955 855
845 745
818 718
135 35
953 853
879 779
197 97
171 71
246 146
180 80
846 746
942 842
115 15
228 128
1065 965
1041 941
612 512
327 227
580 480
130 30
1058 958
442 342
765 665
705 605
291 191
631 531
1064 964
464 364
615 515
459 359
706 606
967 867
922 822
920 820
636 536
413 313
793 693
307 207
119 19
1011 911
435 335
408 308
201 101
530 430
1022 922
785 685
394 294
741 641
1010 910
213 113
510 410
241 141
350 250
790 690
646 546
800 700
829 729
659 559
709 609
581 481
820 720
603 503
1076 976
866 766
859 759
107 7
898 798
982 882
174 74
959 859
748 648
282 182
399 299
525 425
885 785
642 542
946 846
783 683
490 390
953 853
997 897
1038 938
516 416
189 89
937 837
724 624
347 247
281 181
393 293
978 878
244 144
1033 933
1038 938
680 580
567 467
352 252
580 480
307 207
1055 955
758 658
765 665
120 20
126 26
1054 954
664 564
447 347
549 449
859 759
126 26
546 446
621 521
114 14
401 301
757 657
421 321
810 710
713 613
1080 980
488 388
288 188
979 879
736 636
1090 990
303 203
288 188
532 432
1063 963
229 129
920 820
730 630
400 300
609 509
922 822
337 237
355 255
473 373
377 277
938 838
253 153
495 395
500 400
792 692
327 227
203 103
618 518
318 218
547 447
484 384
415 315
1031 931
913 813
496 396
424 324
489 389
602 502
740 640
399 299
387 287
880 780
397 297
476 376
1077 977
616 516
612 512
312 212
319 219
429 329
655 555
910 810
498 398
586 486
389 289
585 485
898 798
516 416
698 598
1052 952
149 49
994 894
672 572
458 358
797 697
121 21
870 770
747 647
825 725
144 44
642 542
783 683
314 214
461 361
987 887
914 814
145 45
331 231
194 94
108 8
382 282
265 165
182 82
596 496
419 319
799 699
726 626
952 852
246 146
559 459
641 541
635 535
974 874
414 314
825 725
1044 944
877 777
406 306
654 554
559 459
308 208
737 637
887 787
547 447
1076 976
508 408
1012 912
207 107
544 444
1062 962
103 3
665 565
401 301
507 407
264 164
957 857
537 437
417 317
752 652
198 98
864 764
918 818
141 41
700 600
837 737
388 288
276 176
1002 902
236 136
667 567
228 128
290 190
494 394
849 749
335 235
1008 908
142 42
376 276
924 824
848 748
784 684
692 592
1079 979
493 393
668 568
463 363
467 367
263 163
152 52
1083 983
742 642
279 179
435 335
116 16
226 126
578 478
230 130
359 259
683 583
968 868
229 129
395 295
852 752
696 596
267 167
171 71
956 856
722 622
740 640
964 864
870 770
744 644
531 431
105 5
295 195
465 365
548 448
529 429
801 701
164 64
1052 952
954 854
980 880
870 770
268 168
188 88
179 79
257 157
1061 961
468 368
572 472
521 421
317 217
819 719
809 709
371 271
247 147
1075 975
396 296
916 816
1009 909
1062 962
864 764
635 535
351 251
538 438
978 878
796 696
853 753
981 881
670 570
418 318
353 253
145 45
766 666
152 52
1031 931
596 496
533 433
413 313
910 810
238 138
778 678
434 334
223 123
1088 988
312 212
6684 106
8546 426
6851 452
6985 716
5794 273
6074 441
7212 390
6745 77
8712 361
9891 467
9135 427
5292 807
8172 498
9401 517
8796 492
7929 983
9974 294
7808 967
5970 266
7213 882
7505 304
6757 727
9342 947
7061 639
6424 5
8035 155
8321 212
8336 734
5358 844
8850 504
5901 707
8836 899
9715 875
6355 383
7126 306
9729 216
9359 218
8512 46
6784 58
5666 463
9183 276
6949 313
9094 375
7878 131
8404 562
6775 73
8913 112
7627 29
9510 667
8834 861
7596 240
9976 358
5486 233
8553 157
7286 484
6212 341
6836 688
5145 111
6745 937
7896 773
9821 900
6378 464
6729 220
6457 513
7251 603
5784 242
9651 344
9598 514
9968 355
8929 744
9087 448
5444 471
7788 911
9183 13
9372 947
8659 543
8305 690
9497 995
8425 301
5842 269
8284 552
8242 405
6059 471
6092 472
9872 204
7606 683
9406 884
8099 942
6327 675
6905 349
9570 673
9014 606
6593 203
7573 970
5629 964
5405 986
5630 248
8148 87
6010 468
9083 271
7037 948
9298 701
9988 609
7027 112
9884 6
5567 565
6568 57
7013 991
8490 871
6886 572
7553 282
9818 951
6943 387
9160 346
8470 894
5433 85
5870 669
9456 216
8225 180
5519 689
8486 238
8875 557
9495 64
6411 382
6166 146
7607 92
5157 125
6694 144
8436 872
7422 370
8889 993
5554 678
6058 868
5387 165
6247 177
9238 881
5212 287
7459 41
9627 42
6924 985
6247 81
6804 978
9416 293
5206 513
7642 714
5507 764
5900 935
9221 349
7924 932
5324 112
9529 783
6150 991
6384 535
6871 70
8709 821
6292 101
8281 389
9465 70
6777 39
5789 379
5534 658
9664 777
9097 296
7528 39
5653 675
8504 513
7328 658
9853 969
9775 240
7049 922
5406 153
7282 801
8281 945
6651 417
9265 327
7723 415
9917 732
7971 192
8181 16
9588 515
9679 791
8191 319
9790 916
5784 726
9905 671
7386 586
7317 662
7459 142
9561 925
5754 630
7735 106
7405 429
9193 697
7292 549
8456 432
8519 281
9847 254
7373 297
5429 235
8213 251
9118 232
6933 465
9502 851
9696 556
5442 469
7360 969
8311 900
9709 967
8704 501
8871 32
9292 850
9270 881
6687 662
7030 687
7944 694
7341 905
5099 352
8861 330
5561 553
6686 489
8568 251
6708 734
8180 420
6755 91
7781 301
8571 42
7973 524
5141 732
7136 612
7655 131
7932 711
7899 994
8189 72
9121 566
6792 976
9842 820
7978 687
7421 834
8112 482
9247 758
8572 671
8664 673
6683 286
9208 41
8434 648
6306 320
5587 971
9240 694
6535 798
6442 299
7062 35
9291 135
9087 950
5895 171
8671 23
9359 441
7026 502
6008 957
5336 288
6324 998
8450 782
7012 147
8953 300
8431 389
6675 183
7589 796
9611 903
6837 833
5904 606
8505 768
5758 694
6101 603
6228 67
9417 909
9481 806
7647 85
8618 878
5422 838
7988 108
6032 294
6031 375
8267 467
7564 951
8148 643
6252 470
6215 185
8574 675
9736 501
7813 305
5849 957
6874 648
9952 490
7157 842
8652 599
9263 734
9585 451
7182 485
9403 455
8922 323
6837 338
5983 964
7326 358
7467 991
5936 888
7285 227
6023 485
7349 80
7795 690
8190 353
7942 542
9176 44
9444 18
6211 179
6002 17
8190 449
7473 411
7792 784
7475 33
6399 895
8759 103
6248 612
8329 369
5053 21
9474 492
6422 746
6246 229
5377 982
9878 726
8675 646
7693 926
6505 191
6611 206
9245 473
6874 582
9704 634
9401 348
5978 430
8643 225
8056 117
5751 274
9655 961
6170 872
7118 350
7838 718
6176 771
6208 941
7727 840
9146 557
8405 14
6757 839
7006 867
9238 797
8490 439
5929 62
5904 418
5949 808
6136 29
8616 735
6288 953
8608 536
5093 592
5420 663
8452 350
5822 880
9207 987
9545 622
7420 641
7408 730
8800 742
6660 551
7855 34
6808 928
8608 589
9152 62
9198 329
8246 37
5518 182
6807 67
9275 766
6988 695
6159 193
6097 710
6099 365
9676 800
9175 125
8243 453
5629 282
8494 562
8222 660
9456 938
8851 90
5563 267
8560 633
9592 203
7632 421
8680 658
8061 848
7344 328
8444 464
9767 691
7423 967
5204 439
5514 172
7250 504
7674 393
7525 831
9280 882
7158 365
8330 128
8909 41
8080 853
6312 666
5427 110
9482 399
6173 454
7122 881
9360 833
9283 929
6796 371
6432 959
9962 241
6704 615
8218 359
9783 948
6687 471
6631 85
6434 674
6203 37
9764 160
6394 508
7737 93
6942 141
5260 706
9937 43
9471 961
7773 320
6635 30
8628 203
5424 929
6237 184
9308 702
5154 655
8172 573
8552 552
5849 58
7046 349
7592 867
6994 987
8993 203
7699 585
5094 929
8286 845
9319 179
5365 65
8088 232
8721 414
9242 30
9090 44
8132 55
9191 976
5038 495
6955 135
6876 907
7622 340
7173 519
6765 470
8433 74
7471 702
9968 734
6729 56
7376 785
9268 728
5015 431
6011 802
8162 58
6707 690
5948 47
5416 467
6507 124
5641 57
6487 532
5032 544
5960 402
6453 412
7912 128
5450 322
9972 884
6927 923
7380 446
7248 393
7513 288
6669 316
8815 129
6283 96
8804 852
8351 701
9864 907
8608 735
6012 848
7015 473
8954 944
5638 130
8711 915
8484 367
8994 276
5046 529
8233 63
8746 586
5623 653
7673 132
7590 492
6716 818
9444 617
6230 733
9879 699
6888 634
8024 694
9505 287
5404 961
8904 910
9994 557
7441 30
7167 520
5286 704
5310 608
9655 299
6022 101
8099 591
6158 680
6926 684
9001 50
6934 30
6507 324
7430 507
6386 848
8360 427
8324 848
7187 823
6588 446
8487 860
5160 994
8094 543
7517 189
8867 95
7203 36
5402 341
6676 374
6785 17
8277 838
7302 431
5178 97
9959 337
6274 839
7823 62
9803 146
9601 15
8996 735
7385 696
9006 639
5716 644
5556 490
8378 84
6474 813
6294 272
6341 748
5813 647
9056 425
9067 462
8852 548
5115 586
5793 403
5665 548
8006 604
7765 347
6499 708
8806 71
5959 502
6140 623
6546 74
9786 148
8826 116
5144 62
7385 485
6213 500
5823 519
7680 694
5736 207
9315 348
5350 342
6671 63
7771 733
8068 317
6089 756
5971 695
9538 978
7789 13
9221 260
9988 147
9856 41
6138 996
5120 762
9886 319
6378 628
7624 989
6755 952
8787 862
6682 950
5844 998
9289 407
9461 374
9270 958
9268 103
6889 703
7810 524
5319 406
8692 30
7904 537
6616 43
5585 915
5086 89
9871 780
9682 208
7646 533
6782 190
7180 913
6833 490
5558 345
8925 913
9917 103
5610 649
8639 371
5120 422
8891 666
8719 771
6926 135
6889 401
8868 149
9884 495
6867 498
6892 223
6356 340
9312 464
6243 108
9037 513
8331 249
7363 897
7309 199
7388 974
5274 719
9693 403
9203 806
6493 846
9386 107
6698 996
9459 502
9506 407
6654 211
6323 983
8808 399
8701 877
6259 988
7728 254
5030 299
8577 408
6107 254
9789 997
9589 940
7380 664
9545 660
7566 372
5249 539
8032 545
9847 461
9522 95
8407 684
5630 670
5340 129
8657 593
7804 870
7641 592
5301 775
5278 625
8448 878
6672 79
6188 148
7752 40
9954 961
8118 309
6110 672
5115 932
8263 476
9984 969
9266 480
9605 403
6853 461
8130 514
7233 302
5043 391
6448 554
8759 535
5364 42
9991 249
8843 534
8652 939
8374 299
5175 3
9206 922
7101 477
5691 857
7369 207
7366 402
8920 777
8745 493
8782 753
9999 714
5643 747
9490 728
8894 200
9591 442
6009 549
7304 879
7343 202
6728 748
6196 948
7880 314
7313 274
5175 639
8577 801
9659 881
9385 309
5662 311
8999 455
8256 252
9521 424
6218 853
8383 199
8441 854
9690 958
7628 95
5773 819
8737 147
6863 23
6864 256
5352 903
7389 473
5023 643
5685 161
5535 702
8523 819
9374 565
8080 994
7593 701
5522 210
5692 804
7640 904
8202 715
5945 463
5929 453
7721 696
8727 78
6539 114
5527 453
6757 643
6399 581
6377 674
8381 751
5666 100
5116 554
7015 214
9677 902
8775 986
6397 158
6448 698
7363 377
5361 320
7264 775
9055 939
5539 369
6892 901
5911 174
7242 197
6904 971
9852 948
7218 636
9428 621
6159 573
7918 671
9006 705
8921 904
6876 360
8761 795
7165 369
6450 851
8973 967
9396 297
7871 547
5684 290
9516 64
8629 448
8983 127
8161 724
9228 691
9546 715
5691 81
9457 453
9945 58
5972 17
7917 262
8405 226
7670 791
6503 717
9073 646
6878 477
5815 356
6803 937
9179 127
6109 395
8469 693
8371 100
5775 962
6882 854
5434 272
7378 421
7056 594
6807 112
7100 790
9136 981
8388 245
9098 781
7146 331
7208 680
5515 983
9702 755
6598 27
8884 362
9572 944
9895 104
9175 741
8750 944
5883 428
8770 580
5844 216
8299 479
5659 666
5726 321
8369 892
7919 269
6324 970
7112 483
6879 190
6540 594
8087 122
5805 218
9565 228
8264 268
5372 577
5514 475
8019 494
6684 443
9872 804
7631 634
6127 311
7028 27
9780 439
7020 344
8992 581
5313 790
6018 346
7640 198
5720 733
7231 722
8673 96
9224 462
6164 805
6200 516
9352 448
9926 495
5659 872
7583 217
8196 885
6244 283
7659 345
5368 49
7739 733
7589 363
6957 266
5629 556
8692 163
9844 600
7778 454
7150 589
7538 700
5128 405
7444 549
8025 865
7507 582
6059 551
5120 148
6229 624
9361 446
8144 193
8771 330
9515 609
9824 593
9322 588
5722 742
9201 432
7719 378
5600 191
6853 162
5574 691
8481 944
6771 988
7596 153
9182 777
9126 286
7367 452
7383 534
5701 771
9431 996
7942 847
5939 759
7161 887
9404 733
5225 270
6165 106
8677 623
6570 38
6264 364
6611 219
5576 133
7217 15
7089 461
5108 30
6236 64
5065 359
9176 439
9645 954
7650 354
5384 507
8118 723
8655 459
6440 931
6667 488
5971 990
5430 557
9261 880
5186 387
8004 392
5748 203
7842 928
8423 891
8128 185
8604 677
7346 264
9529 322
5510 377
5483 627
5249 559
9465 620
8142 697
9333 289
8649 381
9113 340
8106 385
6788 801
9591 75
6198 191
8075 131
9484 36
9531 673
9585 479
7027 429
8366 322
5700 144
9613 734
7476 927
8090 244
6999 481
7230 501
9280 849
9166 484
7691 608
7021 608
6060 298
5589 56
6780 10
5038 832
7972 526
5744 803
6485 756
5880 32
5160 267
9525 301
5020 259
8050 799
7807 806
9957 514
6334 515
5555 947
