2000 10011
94 485
506 326
416 248
992 421
649 322
237 795
457 43
815 845
446 955
422 252
791 9
359 901
667 122
598 94
7 738
544 574
334 715
766 882
994 367
893 984
633 299
131 433
428 682
700 72
617 874
874 138
720 856
419 145
794 995
196 529
997 199
116 277
908 97
539 719
707 242
569 107
537 122
931 70
726 98
487 600
772 645
513 267
81 972
943 895
58 213
303 748
764 487
536 923
724 29
789 674
479 540
142 554
339 467
641 46
196 710
494 553
66 191
824 724
208 730
711 988
800 90
314 340
289 549
401 196
466 865
689 678
833 570
225 936
244 722
849 651
113 123
379 431
361 508
65 585
486 853
686 642
286 992
889 725
24 286
491 812
891 859
90 663
181 88
214 179
17 187
472 619
418 261
419 846
356 192
682 261
306 514
201 886
385 530
952 849
500 294
194 799
737 391
324 330
992 298
224 790
260 275
97 826
210 72
649 866
919 951
63 748
958 685
804 956
518 564
428 183
537 400
346 721
153 207
971 323
662 611
197 116
91 109
529 795
126 343
747 862
469 685
770 10
934 881
723 984
895 403
568 360
172 449
958 541
383 272
308 877
970 359
583 707
48 308
930 770
569 30
3 208
20 311
609 100
887 939
825 422
930 785
904 370
241 989
379 969
376 143
962 972
889 28
443 61
216 638
338 348
160 347
406 66
159 391
31 638
204 295
420 826
153 196
425 449
331 855
565 143
838 487
9 140
918 564
533 615
232 135
957 564
591 360
576 793
746 163
377 859
858 760
86 711
434 662
558 159
279 660
840 268
735 948
574 315
126 676
912 341
739 689
821 894
625 706
917 490
201 478
993 671
149 932
52 899
759 237
267 187
256 472
783 772
117 98
516 906
180 911
25 635
380 225
712 823
266 164
216 343
448 732
541 502
664 740
954 576
726 612
772 902
531 454
943 411
750 973
327 703
917 850
5 77
113 220
913 802
791 403
998 181
859 10
345 525
431 919
675 668
833 527
438 462
523 291
916 605
420 457
115 405
660 417
261 279
772 685
388 596
764 307
843 224
206 322
407 840
639 975
852 401
542 91
60 327
757 330
82 182
637 603
93 793
614 615
136 733
187 864
102 16
972 863
163 987
501 306
477 34
492 840
121 700
80 706
138 787
660 105
229 834
827 798
448 310
230 609
832 690
489 561
586 579
291 60
665 388
660 309
702 407
153 200
606 313
123 970
253 33
709 273
832 277
108 997
888 40
481 227
283 860
858 940
284 608
711 990
850 590
239 806
943 52
195 801
95 764
410 710
664 386
900 593
112 50
963 494
754 156
458 936
19 965
225 86
569 723
97 184
194 868
754 340
602 412
61 487
695 209
347 346
719 860
100 307
97 95
843 821
745 941
286 821
492 587
116 201
531 665
424 527
253 812
426 424
413 459
980 343
291 836
833 506
486 179
9 916
575 430
922 596
145 808
897 269
404 512
742 811
728 685
269 567
103 776
745 855
35 718
779 853
71 97
80 146
842 746
128 15
941 965
227 512
30 480
342 958
605 665
531 191
364 964
359 515
867 606
820 822
313 536
207 693
911 19
308 335
430 101
685 922
641 294
113 910
141 410
690 250
700 546
559 729
481 609
503 720
766 976
7 759
882 798
859 74
182 648
425 299
542 785
683 846
853 390
938 897
89 416
624 837
181 247
878 293
933 144
580 938
252 467
207 480
658 955
20 665
954 26
347 564
759 449
446 26
14 521
657 301
710 321
980 613
188 388
636 879
203 990
432 188
129 963
630 820
509 300
237 822
373 255
838 277
395 153
692 400
103 227
218 518
384 447
931 315
396 813
389 324
640 502
287 299
297 780
977 376
512 516
219 212
555 329
398 810
289 486
798 485
598 416
49 952
572 894
697 358
770 21
725 647
542 44
214 683
887 361
45 814
94 231
282 8
82 165
319 496
626 699
146 852
541 459
874 535
725 314
777 944
554 306
208 459
787 637
976 447
912 408
444 107
3 962
301 565
164 407
437 857
652 317
764 98
41 818
737 600
176 288
136 902
128 567
394 190
235 749
42 908
824 276
684 748
979 592
568 393
367 363
52 163
642 983
335 179
126 16
130 478
583 259
129 868
752 295
167 596
856 71
640 622
770 864
431 644
195 5
448 365
701 429
952 64
880 854
168 770
79 88
961 157
472 368
217 421
709 719
147 271
296 975
909 816
764 962
251 535
878 438
753 696
570 881
253 318
666 45
931 52
433 496
810 313
678 138
123 334
212 988
66 508
206 770
750 751
64 780
466 441
337 207
510 516
796 674
175 408
437 920
938 573
848 634
561 878
718 990
948 826
649 696
569 800
663 411
582 422
843 707
202 334
702 986
579 494
725 150
803 562
340 380
156 832
832 979
602 376
234 511
688 414
184 160
978 982
413 238
633 490
585 899
606 251
963 526
350 897
242 39
539 657
739 452
267 538
165 831
177 460
720 185
802 934
644 440
82 490
798 168
197 71
173 977
81 458
235 204
112 803
103 139
268 399
879 420
643 991
106 578
122 972
444 177
262 398
691 348
997 496
446 276
171 825
549 614
281 121
211 730
112 341
408 284
730 698
363 17
89 546
605 672
938 974
168 866
705 377
47 559
400 340
215 527
114 779
51 761
881 483
549 92
679 390
328 583
250 661
203 391
481 336
752 661
707 125
82 89
63 275
660 359
21 178
287 780
219 42
500 5
820 380
95 772
44 816
748 9
678 484
276 545
478 589
663 157
594 901
757 777
947 74
448 247
570 55
313 479
981 785
795 958
552 680
389 393
280 944
864 596
636 619
512 611
892 852
184 283
947 299
614 766
625 312
149 826
377 726
474 733
18 805
662 679
416 403
1 964
530 337
752 541
22 478
981 369
777 946
957 821
275 833
584 837
582 490
121 37
951 594
668 129
118 258
319 246
896 362
521 755
948 504
248 71
474 177
351 176
54 803
155 237
660 677
871 33
486 115
294 597
425 769
245 536
382 956
371 341
708 184
544 234
794 569
387 216
738 537
520 84
281 810
502 657
91 33
503 159
924 520
16 668
33 287
344 229
349 374
606 474
896 672
595 915
441 511
102 123
52 569
654 199
710 396
434 715
245 59
36 610
661 917
413 927
13 270
370 117
400 516
195 215
984 216
476 237
164 615
405 499
674 477
196 760
608 285
907 56
532 966
51 622
716 221
327 194
880 91
710 347
267 252
400 473
376 516
609 385
320 357
196 958
538 665
935 792
404 64
100 420
126 671
855 968
94 877
731 177
253 523
8 139
393 152
543 732
348 246
318 565
489 740
22 902
998 17
49 973
381 298
10 611
429 32
221 11
150 337
717 136
530 889
332 522
942 805
565 28
216 931
61 757
170 609
872 544
644 905
208 595
680 246
697 113
639 175
679 156
961 244
361 883
802 265
359 883
839 462
718 485
280 272
252 204
280 984
102 409
615 398
296 909
481 370
956 882
230 214
259 766
922 35
706 421
272 271
156 370
552 848
485 50
536 976
70 270
902 796
452 963
35 379
947 991
378 551
57 897
352 307
669 421
702 74
141 388
458 559
463 980
756 615
887 681
332 231
528 207
656 818
254 331
787 979
495 445
370 348
10 724
200 401
327 646
17 668
374 242
755 302
980 861
376 830
8 77
32 441
460 589
804 990
23 189
869 868
943 996
715 363
628 237
73 420
199 565
38 214
209 333
327 726
912 175
799 58
372 625
976 66
120 169
667 475
188 204
28 90
704 496
649 1
746 474
697 449
712 252
289 332
625 287
953 189
462 889
302 63
79 378
41 206
823 897
908 230
665 382
36 575
732 60
809 529
66 477
291 290
591 89
583 961
252 461
479 702
530 532
224 680
788 53
309 642
366 1000
352 891
402 822
545 152
113 324
967 633
454 267
723 381
14 272
20 506
308 419
644 461
713 526
482 978
336 468
289 729
496 795
326 581
530 383
167 226
522 421
830 386
91 273
116 484
747 676
395 107
958 229
756 902
262 962
703 105
511 84
481 991
449 701
888 689
599 655
306 600
492 538
803 499
445 881
316 981
889 473
785 383
765 679
491 573
589 589
124 480
741 145
898 624
725 923
682 915
131 232
398 974
906 735
753 678
312 640
790 644
301 212
945 123
447 253
197 943
27 18
573 916
589 327
934 640
209 615
529 470
899 655
15 288
592 401
92 840
575 633
814 707
354 424
127 682
374 194
566 855
594 190
973 728
645 178
603 275
712 88
32 367
298 544
561 738
906 963
626 460
143 266
504 727
836 33
361 442
431 628
554 384
24 244
416 482
735 765
243 446
454 247
932 913
494 560
648 528
357 594
596 935
788 462
536 621
759 660
200 564
566 302
741 936
217 592
219 724
832 118
819 299
487 251
473 129
241 96
64 167
516 169
857 381
218 976
490 767
504 837
707 407
342 203
475 387
175 735
786 706
171 335
232 40
888 821
866 131
976 159
253 978
619 53
642 849
460 478
218 19
218 230
667 453
949 336
89 931
488 588
568 449
526 566
860 272
4 883
772 731
734 80
259 213
270 177
6 872
424 626
204 940
313 150
159 379
205 833
25 517
951 724
721 973
635 581
293 839
712 272
410 412
465 839
366 492
74 553
23 718
416 738
764 839
49 390
817 588
507 523
152 630
256 770
562 746
495 49
414 369
78 537
912 115
59 215
259 971
258 602
841 551
137 40
590 494
383 252
869 158
939 72
282 177
880 667
479 483
454 815
730 19
556 745
195 339
409 614
580 302
99 319
913 670
798 513
318 566
790 27
344 322
80 645
468 210
922 841
179 925
347 521
231 975
597 269
607 929
903 478
310 970
223 684
10 231
845 673
905 348
58 232
93 727
759 597
912 397
906 539
43 907
76 892
552 699
670 408
671 361
353 789
837 529
12 190
889 880
912 236
377 715
56 718
585 439
852 814
715 902
421 658
330 410
51 412
840 90
697 678
848 951
826 37
198 593
341 737
274 211
740 134
339 847
875 490
400 95
603 435
474 737
126 860
973 310
973 548
581 984
788 660
629 86
799 635
475 941
959 56
80 372
917 650
91 964
783 735
773 682
712 151
655 283
953 773
279 643
701 898
706 817
147 269
355 731
100 507
498 841
261 207
591 752
630 318
374 126
960 153
917 101
406 560
759 743
618 816
981 980
641 1
131 82
920 886
534 377
453 465
397 753
51 842
301 547
197 580
910 754
211 37
851 548
42 896
919 656
30 537
674 78
979 540
764 597
937 314
656 845
590 361
337 930
997 654
643 841
652 810
632 98
827 814
659 898
56 237
97 236
304 397
771 468
680 160
344 168
561 189
632 123
666 783
235 991
71 775
327 565
824 906
1 604
948 233
851 693
780 209
603 279
380 231
84 675
684 370
757 814
605 276
304 238
358 710
294 931
742 879
37 492
4 81
707 347
131 417
660 582
89 801
455 195
303 403
680 247
970 356
934 627
951 858
404 803
446 236
349 572
93 485
672 586
158 748
772 235
891 859
532 788
621 345
347 861
227 342
555 779
16 595
303 963
941 260
833 366
190 835
622 733
345 834
893 442
192 773
430 880
160 873
767 793
170 173
810 402
318 60
690 628
224 19
52 146
411 685
203 138
785 593
219 202
61 500
919 89
191 433
711 63
294 514
937 865
253 393
103 269
316 111
625 614
639 272
641 973
139 609
45 236
316 496
218 24
293 871
747 227
879 420
633 850
10 127
356 170
665 224
536 722
823 189
603 597
392 286
258 22
771 957
820 536
139 221
566 281
229 238
325 531
804 449
786 735
983 670
847 646
388 272
632 605
253 394
405 508
137 537
283 955
678 477
659 969
706 692
786 963
313 829
143 638
713 206
244 185
489 187
844 129
896 300
602 114
210 305
930 199
692 916
457 839
241 899
950 452
229 185
212 561
222 848
32 191
747 830
869 860
245 873
575 649
818 591
204 974
584 974
822 452
198 397
942 350
942 597
899 13
375 392
327 343
479 756
66 387
950 924
464 188
286 68
573 552
294 166
137 435
557 14
423 797
427 254
95 300
715 431
403 367
453 197
735 233
1 149
145 62
782 38
848 69
456 425
490 810
679 878
461 503
844 308
70 798
599 437
888 798
395 36
733 583
795 412
368 195
94 878
114 388
46 438
795 532
583 3
321 268
714 417
332 277
257 229
906 445
301 380
277 974
651 248
218 433
109 1000
558 874
388 939
121 760
372 473
228 811
208 766
326 306
572 556
50 521
753 364
77 460
266 136
227 458
502 784
337 648
31 783
629 960
215 137
353 591
274 875
343 440
758 263
838 40
478 835
595 943
255 749
331 263
362 597
84 5
16 999
459 161
220 35
16 891
865 459
719 996
292 592
175 54
461 985
301 401
759 298
715 459
207 77
129 611
681 159
261 467
893 737
399 895
377 49
189 382
360 285
14 388
728 972
314 265
225 729
534 810
914 973
94 818
549 295
674 532
434 58
211 736
986 187
863 896
802 998
279 997
31 476
810 259
968 475
187 494
791 130
190 151
410 639
592 855
886 480
875 478
763 386
352 672
58 361
815 894
562 460
571 148
322 660
465 628
418 329
198 975
554 1
656 507
108 750
453 109
909 915
576 700
646 75
114 896
313 229
692 85
759 144
643 536
462 919
860 516
904 473
959 25
663 25
209 611
564 44
233 722
478 980
716 563
616 672
107 914
979 541
466 882
971 142
76 259
886 35
498 543
150 689
442 721
136 142
36 530
37 503
344 450
550 248
355 599
980 919
473 636
957 181
324 873
859 154
570 427
294 604
260 313
674 363
339 594
259 813
382 829
660 49
430 791
760 554
682 499
664 226
358 345
114 432
142 758
19 64
753 843
163 637
121 941
94 965
398 448
587 857
98 968
142 351
303 758
968 351
533 980
982 662
568 357
519 914
277 548
622 723
517 23
720 170
635 351
55 113
263 783
285 766
189 527
628 206
7 644
290 258
655 861
387 728
641 69
742 128
741 392
793 145
802 51
897 112
262 253
193 340
882 932
131 817
482 965
573 480
443 724
203 839
965 500
75 746
807 811
805 373
513 605
472 252
797 172
690 394
295 177
784 98
532 377
155 486
110 855
884 290
173 130
78 355
714 842
633 233
477 101
119 686
718 736
15 930
472 700
328 69
793 607
199 879
999 916
177 960
525 408
948 679
498 138
495 185
890 782
906 49
334 453
385 630
399 429
338 853
520 545
829 651
481 765
99 159
680 1000
87 179
802 717
890 885
839 32
339 838
883 186
67 470
544 185
357 921
457 376
444 986
642 934
152 171
59 645
616 46
59 681
987 43
353 234
530 103
958 496
613 389
838 931
85 579
86 132
569 908
479 772
683 677
400 343
370 703
882 139
146 344
116 387
760 909
407 539
447 304
388 655
41 378
658 92
119 862
28 411
457 362
198 397
17 290
432 152
321 611
427 173
205 137
344 946
563 365
304 475
47 982
694 920
91 802
961 66
644 778
109 744
959 464
969 313
42 341
108 685
648 331
49 85
228 676
929 91
527 534
967 166
316 51
582 966
840 841
575 625
503 114
911 16
305 113
989 826
836 506
369 738
587 564
232 455
452 735
900 264
952 548
81 738
995 853
562 575
739 569
705 365
5 620
557 264
490 193
294 21
361 373
900 84
47 250
205 288
145 132
846 151
658 419
849 521
680 974
148 655
96 648
210 737
690 298
19 187
831 981
679 965
726 954
528 166
15 248
564 636
847 560
721 563
9 24
700 896
446 803
858 16
699 274
271 714
977 449
533 229
154 280
756 423
871 868
912 124
727 970
968 231
569 935
163 808
618 23
685 210
650 88
807 151
393 770
276 555
304 613
911 866
233 223
42 303
400 305
162 306
51 900
734 964
933 397
366 898
16 59
177 628
360 225
742 537
725 612
868 633
489 314
501 478
632 981
365 904
196 819
496 108
744 179
145 152
501 598
880 349
248 80
683 762
500 314
389 513
620 205
91 584
721 652
859 894
665 198
416 143
481 671
320 302
865 611
126 631
757 526
963 526
781 403
240 231
330 830
518 283
824 864
935 755
51 159
309 220
18 447
863 800
1 833
749 805
658 791
577 412
579 857
509 408
154 895
923 360
397 827
687 971
959 961
617 519
637 335
623 238
174 883
775 222
608 886
306 708
1000 475
957 876
641 123
472 127
726 384
305 745
714 284
643 429
708 685
631 512
489 503
829 599
746 983
732 462
732 992
669 270
422 491
54 282
900 831
682 167
666 115
957 661
109 564
454 934
964 608
933 513
140 53
195 659
24 646
657 164
231 763
169 825
128 949
537 355
264 811
46 164
4 851
900 289
802 392
68 224
450 460
126 903
58 347
398 638
486 101
451 587
335 797
162 881
106 210
745 243
969 969
432 298
159 253
634 593
565 453
16 657
610 72
503 222
511 319
752 61
55 694
469 384
829 801
692 136
177 536
211 958
499 647
115 526
984 28
818 904
233 509
424 884
976 565
371 601
406 323
334 522
784 192
676 103
168 451
427 867
432 602
531 783
337 311
677 994
537 172
1000 51
379 389
103 237
785 721
943 597
412 492
572 331
828 380
771 259
939 726
594 55
19 501
500 459
376 790
689 4
776 634
474 117
575 601
953 808
143 544
510 542
221 590
615 827
599 817
567 617
545 32
727 879
558 692
307 685
564 88
331 911
568 546
881 580
649 997
746 937
393 988
237 351
517 661
521 630
213 360
820 908
199 203
813 479
14 251
803 162
448 905
207 167
86 862
123 369
220 181
158 765
944 251
424 909
311 645
399 568
59 847
253 538
233 540
312 99
790 423
849 246
202 165
552 544
653 52
788 131
893 372
113 471
498 625
442 684
929 378
86 534
12 73
318 540
258 671
524 127
579 412
424 972
468 823
364 663
81 784
399 588
896 496
151 170
626 153
367 199
837 152
640 258
124 283
572 289
408 608
358 463
895 180
884 329
523 221
438 294
278 125
25 625
729 427
996 796
956 151
188 867
519 122
35 370
311 840
195 115
829 875
784 912
904 85
99 969
443 714
9263 942
5651 135
8356 740
6032 861
8624 603
8606 238
9564 998
6684 488
5723 468
9432 284
5678 989
7800 217
9229 405
9235 781
5160 41
8238 235
9685 484
8943 978
6102 285
9572 510
8564 97
9860 275
9271 275
8290 403
7809 349
8774 119
7860 42
5704 235
5306 432
9361 539
6353 389
5790 72
6718 972
7220 266
6029 629
7071 132
5050 40
6671 195
7097 541
8387 889
7306 586
8820 840
7482 63
6322 661
8368 377
9240 336
6041 793
5852 417
6026 209
5699 610
9240 527
6796 435
8049 483
7179 32
9026 814
9067 778
8957 269
5915 88
9454 753
8764 925
6182 455
5115 861
9700 780
6423 158
8949 170
6341 112
9711 282
5288 381
8941 405
6224 970
5356 599
5951 450
7745 312
8422 347
9709 790
6832 974
7556 410
6306 90
7129 452
6735 255
9584 619
9679 539
6264 805
7612 404
9551 772
8269 202
7576 403
8308 527
6900 640
5728 19
5056 61
8529 34
5377 285
5149 364
5866 706
6783 954
9751 8
8619 942
5611 136
7293 918
7544 484
7639 712
7552 272
7671 554
7892 223
8871 198
8811 546
5727 882
8278 516
8521 502
9646 522
9930 865
8478 143
8039 568
7282 215
5892 853
6625 688
8548 333
6539 976
5591 40
5473 821
9410 816
9237 181
8404 448
9527 168
5017 755
5745 416
7206 273
7774 378
9602 243
5982 235
8500 370
7852 691
5096 76
8866 355
8007 285
9859 370
6784 164
7492 169
8760 832
8702 696
5724 263
8202 985
6305 809
7037 962
9787 67
5988 366
8165 99
8910 573
9903 18
9440 655
8395 490
8212 362
5691 959
5412 572
9927 902
8039 866
5160 253
9972 15
5007 950
5594 53
5283 467
8156 125
9163 760
9637 16
7651 32
9824 934
9708 909
9149 647
9769 306
5908 297
7112 712
5585 963
8470 299
5197 265
7433 857
7802 457
8611 323
9071 391
7210 788
7484 274
8711 308
9205 389
9529 552
8955 856
5885 599
9569 529
7162 111
5320 998
8289 265
5590 692
5344 862
8210 895
6238 179
5553 198
5317 253
7694 919
9588 503
8980 387
9383 860
9735 462
8128 782
5572 147
6861 246
9375 528
6745 432
5040 711
7175 67
6608 584
9337 724
8958 556
5534 510
9916 717
9559 237
7469 751
7536 489
7917 289
9518 370
7634 781
7778 745
5465 646
7561 668
7082 891
7138 990
6924 608
9477 735
5916 621
7763 976
8260 415
9743 753
8551 575
7918 695
7008 592
9928 572
6602 821
6505 892
5755 654
8826 919
8847 425
9940 292
9386 784
8448 607
6115 435
6072 892
7261 913
7055 691
8248 775
5531 231
8696 108
6473 161
8448 205
8542 376
5049 99
8524 856
8267 745
5690 267
7697 292
6341 110
8830 706
9873 414
9026 697
8699 756
9506 202
8665 276
9679 566
8220 453
7862 642
7765 442
8236 845
7893 719
9330 811
8293 581
8153 150
8420 784
7962 436
8084 330
5929 764
5313 415
6017 349
7208 16
8521 537
9912 910
6263 863
9983 523
6467 186
7401 252
9504 990
9616 119
5427 77
5682 602
8228 356
9125 58
6547 258
7416 110
6549 369
8885 626
7845 139
5130 350
7996 650
6429 257
7172 930
9384 260
5983 78
7462 710
8578 133
9402 969
5187 336
5217 250
6510 482
5153 702
5559 782
5693 816
7406 88
7637 268
7355 278
6409 166
7366 117
6955 529
9821 730
9405 480
5917 860
7748 346
7663 508
8119 533
7986 183
5533 662
9558 654
6291 40
8796 6
8138 966
5029 600
8855 453
8808 617
7563 668
8567 459
7535 653
8455 459
8871 826
6621 451
7879 110
6947 199
8235 487
7987 873
8603 270
7838 609
9404 289
9736 763
7308 285
6017 906
5258 314
8101 605
5526 631
8763 558
8963 780
7374 595
5829 855
9275 297
9834 714
9643 20
6341 440
6251 370
9928 99
5796 801
6341 565
9009 19
8752 1000
7925 847
7024 801
8569 860
7102 203
7397 27
9358 833
9921 389
9144 190
6486 390
5550 146
7423 426
7576 147
7974 216
9916 83
6382 882
7816 312
8498 768
9080 491
6318 20
5691 242
9682 399
5807 554
7640 536
5837 91
6693 588
9049 616
9022 940
6845 848
6639 689
5654 134
6802 798
8335 651
9090 345
8622 355
6407 420
5665 84
8850 277
5241 888
8862 1000
6087 457
7904 17
6736 259
9005 687
5155 265
5251 110
6974 992
6919 638
5108 181
7168 605
8495 924
7164 281
7310 677
7542 355
6719 48
6783 163
9325 778
5725 128
6387 879
6798 599
5771 615
6910 332
7651 205
9052 350
8496 964
8577 242
9236 687
9945 1
9422 708
8144 715
6267 886
8977 651
6340 277
8563 519
5848 794
7716 642
7017 453
9986 309
6062 758
9649 1000
7751 722
6564 27
6540 951
8674 269
5074 756
7205 344
7093 60
8712 496
8398 363
9651 851
7363 710
8273 159
6293 560
7274 418
9950 891
7479 626
8855 249
7921 525
5464 700
7370 300
9312 73
9735 213
6958 523
6506 692
7187 134
8048 604
7759 242
7237 922
6793 951
5991 757
9416 979
6872 159
5155 488
5586 808
6663 267
8520 360
9177 635
6496 159
8698 298
5075 556
7621 504
8588 428
8003 909
8986 807
9127 31
8543 508
5348 482
8233 289
5719 461
9629 343
6208 48
6567 145
8844 920
7155 605
7354 930
9259 883
6353 165
7752 241
8406 326
7805 992
6053 636
9701 87
8263 554
6215 388
6440 145
8846 288
7228 939
8771 344
9222 545
5034 229
5756 592
5321 314
5320 785
7766 667
5559 744
5903 778
8190 40
5195 508
8178 360
9164 837
8906 621
9677 43
5037 585
5838 700
8566 894
9429 315
8717 574
8833 718
8990 755
8131 208
6392 578
6897 33
5951 341
6492 298
8005 434
7452 308
6727 842
5072 481
5427 29
9632 367
6151 55
7987 339
9026 56
8446 692
6102 172
9493 515
8293 450
7986 709
8280 840
6426 725
7800 407
7656 164
8739 274
6341 350
6081 492
8814 881
9818 919
8428 757
9317 472
6504 890
9430 261
7524 882
8134 640
7156 692
8515 63
9420 351
8419 648
8633 226
5311 402
8284 649
5139 930
7302 917
5207 426
6206 134
5885 794
9715 532
5472 918
5370 548
5313 420
5231 391
7623 245
6306 591
8493 76
6582 398
9136 100
8409 294
7581 95
8529 146
8192 733
6252 936
5618 820
9775 13
7020 775
7937 911
9614 986
9220 345
9949 638
8481 880
9317 631
6753 509
6990 650
9008 930
5705 595
8845 588
6886 81
8916 267
6683 329
7694 73
9824 114
9381 801
8505 384
5761 990
5754 493
6809 623
7516 874
6699 154
7009 422
8101 580
9837 719
8712 616
5128 72
5324 58
8933 104
7708 873
6028 909
7633 7
6888 822
9007 681
8376 747
7361 866
9592 770
6230 866
7895 644
6853 283
7878 768
7827 207
8687 450
8269 949
7622 502
5620 2
8234 396
9558 410
6936 376
9840 629
6772 924
8739 276
9083 427
5945 532
7344 346
9935 657
6658 880
8937 500
5824 629
9127 251
8188 408
5476 827
6112 208
5801 459
8214 49
8880 840
8175 57
9843 264
5186 844
5681 556
9936 78
6549 639
7643 441
9822 52
8394 731
6795 374
8258 58
6119 675
9685 486
5003 542
8545 296
9254 635
5157 65
8859 999
6591 96
6899 432
6903 156
9990 756
8961 844
7886 646
5647 991
7202 794
9774 447
6039 181
5089 121
7357 58
5379 688
9050 6
9411 805
5784 123
7453 289
6017 593
9963 252
9581 134
8381 615
6652 874
8845 302
7392 81
8213 711
9560 95
7304 494
9585 664
7671 245
6629 433
6417 896
7153 571
7257 363
5969 66
7155 559
7167 458
6736 890
8572 409
7013 982
7338 578
9568 118
8797 206
8615 219
7358 568
6053 127
7725 884
9941 883
6453 882
7364 687
7567 419
7348 69
7688 338
9450 252
5433 51
8048 965
7545 873
8173 370
5053 606
7823 948
5585 466
6808 40
9047 990
5514 26
8411 70
9490 706
7438 803
8977 579
9675 500
8765 168
8748 787
5773 868
6633 482
6010 462
9059 284
6712 57
7006 777
6828 282
6972 680
5184 165
6991 392
5173 564
6606 754
9826 895
5131 528
9769 141
8572 833
7505 660
5045 918
6765 280
6542 757
8949 498
5764 556
6714 251
8058 652
9135 40
5452 953
8448 979
8125 556
7505 596
6973 123
7512 266
9557 402
6683 948
5065 204
9677 269
6818 131
6277 219
9790 123
6424 58
7983 463
5638 843
7552 93
9472 520
5426 754
5157 265
5200 688
6903 472
5196 297
9751 468
8980 772
7958 815
7927 1
8823 959
7934 100
7544 867
6193 413
6742 905
8707 876
6153 318
9426 139
8831 313
8763 869
8030 689
8533 382
8297 341
6132 395
9148 873
6046 981
6855 971
6531 669
7841 527
6569 182
5425 37
7646 935
8646 111
7292 408
6094 464
7051 376
7620 273
5051 54
7543 794
5946 441
5684 156
5529 640
5118 911
5652 775
8983 766
7567 837
8592 453
5041 778
6636 246
6311 605
9756 511
9408 561
6094 573
8992 498
9100 704
5845 183
5794 352
8996 861
5764 454
7583 140
5795 194
5744 882
6459 272
5949 143
5772 73
8561 471
6043 132
9057 875
8145 384
5170 825
8098 638
8503 129
6232 209
8166 503
7087 967
7105 396
8027 518
7078 780
9326 699
6645 822
5235 917
6623 271
6235 350
7825 268
9753 863
6409 338
5101 602
5675 506
8556 479
9385 498
5507 746
8372 296
7913 820
9603 513
8684 264
7898 28
9000 28
9233 474
5403 886
8235 460
7203 734
6301 729
5175 116
5338 704
5903 991
5919 303
8432 855
8899 978
6038 349
7375 60
8746 378
9728 855
6163 867
9234 323
7273 321
6278 515
5026 311
9494 252
9070 88
5476 694
8496 165
7486 315
5367 223
8345 563
6441 725
9294 577
5091 849
6024 926
6647 713
6155 788
9106 875
7090 710
8069 209
9892 651
9801 34
8259 994
9744 806
6628 656
8642 975
9355 162
9080 202
7067 439
7593 908
9869 367
5217 454
6681 837
7033 747
5991 360
8384 424
5881 674
8764 536
8299 81
7902 819
5092 971
6409 76
8074 161
5385 677
9363 278
6193 618
6350 648
9373 809
9142 724
8923 128
7203 340
7457 32
5218 560
9371 475
8934 653
8049 693
6825 248
5438 237
5121 57
9664 699
8564 693
7924 337
9545 612
5856 69
9179 848
5066 729
8055 842
5958 552
7253 266
5261 790
7249 311
8784 150
6690 752
5831 43
8273 448
9010 517
9350 593
9724 75
7143 153
7325 514
6374 684
8492 485
9974 139
7050 65
9614 573
7423 250
9526 489
8705 598
6493 769
7948 673
9008 689
7381 946
9574 348
8311 185
6747 644
9946 332
7616 183
5809 373
8098 13
6501 144
7840 313
7355 610
7685 898
8051 939
7867 579
8343 250
8626 440
5657 688
9481 691
9184 677
9610 851
7488 192
5201 774
8437 515
5448 180
5909 198
6962 657
9889 454
8812 773
7950 557
7202 290
5826 367
8918 223
5006 541
8624 120
5437 576
9421 230
9099 910
7180 82
6747 212
9749 974
7603 290
8611 21
6228 822
7274 671
9306 297
5620 216
8321 121
8351 527
5974 384
7941 713
9314 239
8914 614
6530 707
7755 981
8726 414
8349 510
7049 456
9385 195
9092 775
5439 411
6067 374
6104 657
5940 806
8299 89
5609 259
9060 88
5821 83
9209 915
7694 979
7810 378
6900 747
7201 535
5348 3
9230 143
7684 667
6428 523
5810 984
6225 693
6017 198
6599 841
5308 678
5208 194
8291 934
6782 270
7783 960
8561 70
6338 222
9293 617
7519 393
8065 622
5899 421
6419 468
5587 138
5304 950
6090 496
8381 413
6754 116
9743 354
6602 809
5257 904
7643 743
5831 538
5859 962
8944 912
6202 341
9525 919
9328 270
7836 798
9809 205
9210 373
6520 637
6636 970
8717 230
8299 935
8091 567
9496 647
9044 328
8687 343
7027 129
9833 319
9588 629
7753 919
7338 425
6330 390
6648 527
5581 831
9463 830
6328 859
5307 684
7553 120
5561 416
9420 942
7195 713
8897 551
7089 742
8650 415
7900 577
8970 935
5584 870
7412 135
7209 937
5219 277
9715 432
6735 352
5121 698
7549 98
5114 553
8590 133
9776 271
8415 169
8856 509
7645 976
9748 428
9145 320
5450 308
5194 706
9930 509
9356 255
5335 80
9511 14
8315 982
7755 647
6246 388
9346 996
9178 116
5909 348
6143 997
7767 107
9446 381
6847 866
7490 561
6114 551
6493 520
9844 581
5045 920
7355 996
9530 623
6654 246
6533 994
8163 638
9371 298
5992 33
8352 966
5846 607
9632 340
8783 113
8909 603
6270 226
8817 543
9286 111
9078 892
8394 814
9667 246
6550 779
6157 499
7008 195
5705 200
9126 169
5438 981
8883 587
9734 898
5344 979
9423 360
5596 641
9415 735
7088 751
5721 376
6739 298
5100 151
9806 749
5704 237
6845 555
5382 421
7057 153
9210 574
7706 7
7926 125
7053 336
9301 789
6293 379
8072 111
5013 813
8563 958
7677 391
8182 840
7024 660
5193 359
7332 799
5488 610
9163 380
8332 453
8975 761
9062 841
6782 711
9480 427
8858 975
8713 805
7705 1
8850 375
9411 460
6900 480
8657 285
8861 164
6415 743
9365 393
6302 78
9897 69
8401 637
7601 708
7289 141
8460 140
7278 447
8151 944
8892 562
8401 503
6367 187
6905 943
8877 824
5938 168
7469 77
6532 382
6233 746
6845 824
9231 930
8214 194
5795 153
8792 906
9933 492
9570 988
8045 973
9059 552
6353 129
9704 718
8578 116
6250 398
8491 357
6616 551
8063 28
9301 282
5350 309
5400 114
5979 748
5749 817
6331 107
9822 932
8765 258
7401 931
7497 424
7142 831
7863 315
9370 396
7079 332
8812 258
8066 842
5751 330
5709 800
9232 634
5268 953
5125 616
9256 957
6083 855
7733 708
5597 340
5328 945
9578 648
7843 100
9336 730
6485 944
9301 679
6423 222
6769 421
8888 826
6698 32
6671 391
5197 673
5498 362
7152 532
8441 441
7618 765
9911 240
7531 807
8886 618
5505 826
8450 51
6477 478
7277 246
9714 939
9770 589
8084 366
8989 952
9367 6
9831 508
8677 590
7190 474
5045 655
6786 30
9760 334
9597 615
9930 676
5115 239
6658 83
7421 289
7847 761
7302 836
7916 477
7878 850
7556 751
6608 250
7611 186
7854 494
7378 591
9287 676
5351 735
5785 756
9701 386
5902 872
8556 665
5619 402
7042 170
9199 428
9139 392
7678 623
8230 419
8673 799
9540 874
8770 494
5206 549
6014 603
5791 717
6499 756
9222 819
5583 224
7013 129
5643 565
9112 301
7660 715
9246 496
7044 798
5359 209
9048 651
6008 590
8751 876
6343 405
6422 923
8921 619
7701 210
5820 382
7498 549
9438 639
7537 235
5573 87
6919 635
5100 171
7324 326
9833 966
5032 241
5176 190
9054 195
9097 421
5812 754
8827 392
8196 610
8708 184
6561 541
9315 606
6756 164
9569 845
6181 523
6444 136
9057 911
7588 622
8063 478
8678 244
5685 698
5400 552
9898 725
9092 717
7459 115
9301 91
9848 250
5251 690
9526 562
6489 231
5825 538
7576 342
8174 221
9220 550
5049 804
8814 523
8831 574
7419 752
9281 603
9483 53
9570 379
6033 214
7576 222
8727 753
9001 947
5858 891
9897 788
7980 770
7178 54
8974 995
8729 685
8459 961
6238 390
5686 957
8143 423
8397 401
9594 113
7229 990
5812 389
9845 684
9328 34
9172 416
8452 22
9070 439
8438 555
7357 488
6324 103
8655 267
8165 79
9320 960
5841 740
9148 870
9835 558
7243 298
5605 473
6597 718
5779 317
6936 530
6733 702
5968 124
8057 727
9901 720
7070 122
7602 731
6003 596
7391 699
6252 737
5728 314
7142 623
6672 680
6105 496
5572 623
9246 123
6990 369
9108 345
5379 932
9109 130
6912 562
8452 155
6016 189
8312 863
6842 775
8709 739
8552 97
9856 859
7350 6
5897 225
7545 712
6265 788
6511 309
5389 360
5770 811
7325 376
5529 185
8956 632
5857 899
9400 960
9975 836
9142 202
5849 292
8525 645
7580 991
5093 129
6115 613
8006 886
8844 725
8779 835
7126 484
5143 728
9274 156
6650 280
7008 731
6742 602
7804 208
7481 843
7660 26
7207 183
7410 132
7229 839
8499 408
7131 467
8426 91
9617 730
5985 891
8708 258
9550 531
6291 380
8662 508
7774 256
9638 869
9344 909
7088 451
9721 593
5964 403
5279 106
8182 330
5402 919
8810 141
7640 943
9906 524
5416 443
8711 343
8619 230
9292 45
9482 701
5685 305
5082 83
6406 59
7060 529
5791 48
8887 581
7603 203
9253 487
6553 34
9490 304
9797 188
5813 331
9908 446
5873 59
7220 818
9215 324
9310 468
5728 375
5032 727
7402 71
5301 198
5688 452
6894 176
5353 56
7102 233
9649 503
8076 770
5645 482
9590 332
7872 578
7246 295
6109 194
8652 942
5704 933
5522 316
5362 728
7875 176
7316 277
6018 416
9382 462
6041 341
7961 374
8713 408
6751 904
7190 871
7824 84
9948 82
5467 235
5974 230
6281 553
8300 790
8887 730
9706 390
7454 946
6933 447
5567 560
6452 86
7036 569
8086 336
5217 158
7064 571
8323 757
6078 159
7674 662
9283 60
9841 172
8403 494
5975 96
7927 135
8847 971
5636 297
5204 81
9772 411
7586 610
7758 235
6348 583
6053 269
8584 200
9537 411
8289 709
9066 244
9480 490
9617 6
8044 212
9289 957
8923 830
6887 702
8346 89
7188 373
5305 735
6990 779
9738 869
5829 409
7390 908
7166 889
5993 93
5360 897
7175 40
8560 489
6575 309
5518 499
7621 447
6581 551
5805 424
5328 704
9553 583
9539 623
6258 573
7661 168
7519 482
9131 339
7070 451
6041 879
7320 753
6024 17
9687 203
5261 441
7031 683
9559 230
9287 336
8174 181
8417 884
6428 661
8336 526
6919 472
7798 682
9706 53
6740 331
6965 145
5288 750
9181 823
7146 23
6386 12
9074 805
8685 615
6629 360
8154 56
8720 412
5715 261
5986 928
9065 965
9716 853
6334 262
6572 130
8343 110
5799 653
8803 269
7902 212
6066 554
6915 270
6212 495
5977 873
8455 335
6747 920
8013 645
9252 430
7425 359
7397 574
9049 882
5917 809
7319 816
8722 978
5520 309
8346 414
9137 82
7936 138
5978 975
8257 323
8564 710
8753 60
9699 650
5012 323
7230 379
6129 313
9659 687
7103 122
5941 28
9574 163
9295 776
5808 542
6000 37
5892 446
9404 108
6431 336
9870 599
9050 878
8357 601
6376 356
5792 956
9372 596
6402 744
9478 155
5703 824
6003 484
5733 444
8336 237
5404 920
8419 227
9764 136
9285 984
6983 354
8393 165
8196 399
7770 416
9095 666
6901 387
8441 33
5039 500
7784 30
7738 457
8436 445
8507 864
5580 971
8081 344
7536 367
9310 659
6371 568
8232 704
8512 733
5974 423
8169 930
6045 139
9219 312
9810 44
7997 867
5673 749
8279 340
9599 637
5324 258
6903 65
6091 407
5553 773
8996 698
8752 513
7144 846
5653 110
6268 753
7431 860
8823 628
6085 439
9394 992
9779 532
6978 204
9646 250
8139 439
7699 557
9597 911
9380 828
7809 626
8235 652
9272 673
5817 425
6937 381
8150 364
5522 496
6704 580
5248 724
8092 172
8832 971
5421 6
5933 174
7436 248
6350 471
6542 928
8989 997
7886 194
9527 405
6160 763
9669 517
8795 672
6478 195
6656 895
5835 522
6088 405
9111 46
8840 512
7757 138
5187 966
7061 94
8453 881
9138 694
5290 629
6405 538
9036 133
8779 962
5029 281
5353 95
6818 388
6531 774
6535 232
9247 229
5842 488
5992 416
8428 758
8592 137
7630 986
9957 629
6806 798
6158 86
6170 562
6593 737
5930 769
7553 336
5047 457
7471 923
6924 249
8269 251
6813 695
6036 138
9262 138
6781 773
9441 474
5829 968
8681 943
9928 22
7410 366
8119 26
7271 865
8539 104
5636 571
8069 155
6966 719
9733 767
9990 563
6361 561
9626 556
7892 691
8604 917
9114 531
6311 316
9201 677
6311 922
6619 710
5206 340
9701 129
8508 347
8459 503
6541 209
6354 258
6554 603
8020 147
8879 421
9492 281
9558 108
9268 367
6459 445
9453 28
6539 6
8826 530
8359 92
5064 439
5096 943
7405 941
9669 79
6369 832
9815 522
5316 392
6058 654
8211 675
9747 569
9159 32
5955 739
5474 735
6902 553
6727 565
6772 210
9973 620
8787 320
8251 219
5976 329
9137 270
7740 970
7766 543
8397 204
6677 815
6123 714
5992 584
6886 968
9228 879
7380 478
9377 331
7629 24
8462 475
8639 429
7144 994
6389 502
6291 962
7693 434
8319 553
5281 878
5967 382
6654 907
8930 96
5990 930
5562 300
7659 62
6249 399
5346 566
8925 148
6753 199
9043 38
7644 104
7855 302
9832 143
6421 922
8430 624
9500 51
9946 27
5489 131
8354 277
8097 390
8999 533
7351 567
7056 405
6834 246
5632 249
6548 881
8029 933
8945 61
5312 311
5776 102
5737 932
7083 82
8385 930
8888 450
8396 463
6531 141
6487 134
6595 746
6189 537
5530 637
8899 379
5069 266
6418 869
7886 637
7097 850
9826 129
7578 962
9003 16
8723 860
6799 885
8199 745
6942 252
