1000 4990
585 485
194 94
426 326
606 506
348 248
516 416
521 421
1092 992
422 322
749 649
895 795
337 237
143 43
557 457
945 845
915 815
1055 955
546 446
352 252
522 422
109 9
891 791
1001 901
459 359
222 122
767 667
194 94
698 598
838 738
107 7
674 574
644 544
815 715
434 334
982 882
866 766
467 367
1094 994
1084 984
993 893
399 299
733 633
533 433
231 131
782 682
528 428
172 72
800 700
974 874
717 617
238 138
974 874
956 856
820 720
245 145
519 419
1095 995
894 794
629 529
296 196
299 199
1097 997
377 277
216 116
197 97
1008 908
819 719
639 539
342 242
807 707
207 107
669 569
222 122
637 537
170 70
1031 931
198 98
826 726
700 600
587 487
745 645
872 772
367 267
613 513
1072 972
181 81
995 895
1043 943
313 213
158 58
848 748
403 303
587 487
864 764
1023 923
636 536
129 29
824 724
774 674
889 789
640 540
579 479
654 554
242 142
567 467
439 339
146 46
741 641
810 710
296 196
653 553
594 494
291 191
166 66
824 724
924 824
830 730
308 208
1088 988
811 711
190 90
900 800
440 340
414 314
649 549
389 289
296 196
501 401
965 865
566 466
778 678
789 689
670 570
933 833
1036 936
325 225
822 722
344 244
751 651
949 849
223 123
213 113
531 431
479 379
608 508
461 361
685 585
165 65
953 853
586 486
742 642
786 686
1092 992
386 286
825 725
989 889
386 286
124 24
912 812
591 491
959 859
991 891
763 663
190 90
188 88
281 181
279 179
314 214
287 187
117 17
719 619
572 472
361 261
518 418
946 846
519 419
292 192
456 356
361 261
782 682
614 514
406 306
986 886
301 201
630 530
485 385
949 849
1052 952
394 294
600 500
899 799
294 194
491 391
837 737
430 330
424 324
398 298
1092 992
890 790
324 224
375 275
360 260
926 826
197 97
172 72
310 210
966 866
749 649
1051 951
1019 919
848 748
163 63
785 685
1058 958
1056 956
904 804
664 564
618 518
283 183
528 428
500 400
637 537
821 721
446 346
307 207
253 153
423 323
1071 971
711 611
762 662
216 116
297 197
209 109
191 91
895 795
629 529
443 343
226 126
962 862
847 747
785 685
569 469
110 10
870 770
981 881
1034 934
1084 984
823 723
503 403
995 895
460 360
668 568
549 449
272 172
641 541
1058 958
372 272
483 383
977 877
408 308
459 359
1070 970
807 707
683 583
408 308
148 48
870 770
1030 930
130 30
669 569
308 208
103 3
411 311
120 20
200 100
709 609
1039 939
987 887
522 422
925 825
885 785
1030 930
470 370
1004 904
1089 989
341 241
1069 969
479 379
243 143
476 376
1072 972
1062 962
128 28
989 889
161 61
543 443
738 638
316 216
448 348
438 338
447 347
260 160
166 66
506 406
491 391
259 159
738 638
131 31
395 295
304 204
926 826
520 420
296 196
253 153
549 449
525 425
955 855
431 331
243 143
665 565
587 487
938 838
240 140
109 9
664 564
1018 918
715 615
633 533
235 135
332 232
664 564
1057 957
460 360
691 591
893 793
676 576
263 163
846 746
959 859
477 377
860 760
958 858
811 711
186 86
762 662
534 434
259 159
658 558
760 660
379 279
368 268
940 840
1048 948
835 735
415 315
674 574
776 676
226 126
441 341
1012 912
789 689
839 739
994 894
921 821
806 706
725 625
590 490
1017 917
578 478
301 201
771 671
1093 993
1032 932
249 149
999 899
152 52
337 237
859 759
287 187
367 267
572 472
356 256
872 772
883 783
198 98
217 117
1006 906
616 516
1011 911
280 180
735 635
125 25
325 225
480 380
923 823
812 712
264 164
366 266
443 343
316 216
832 732
548 448
602 502
641 541
840 740
764 664
676 576
1054 954
712 612
826 726
1002 902
872 772
554 454
631 531
511 411
1043 943
1073 973
850 750
803 703
427 327
950 850
1017 917
177 77
105 5
320 220
213 113
902 802
1013 913
503 403
891 791
281 181
1098 998
110 10
959 859
625 525
445 345
1019 919
531 431
768 668
775 675
627 527
933 833
562 462
538 438
391 291
623 523
705 605
1016 916
557 457
520 420
505 405
215 115
517 417
760 660
379 279
361 261
785 685
872 772
696 596
488 388
407 307
864 764
324 224
943 843
422 322
306 206
940 840
507 407
1075 975
739 639
501 401
952 852
191 91
642 542
427 327
160 60
430 330
857 757
282 182
182 82
703 603
737 637
893 793
193 93
715 615
714 614
833 733
236 136
964 864
287 187
116 16
202 102
963 863
1072 972
1087 987
263 163
406 306
601 501
134 34
577 477
940 840
592 492
800 700
221 121
806 706
180 80
887 787
238 138
205 105
760 660
934 834
329 229
898 798
927 827
410 310
548 448
709 609
330 230
790 690
932 832
661 561
589 489
679 579
686 586
160 60
391 291
488 388
765 665
409 309
760 660
507 407
802 702
300 200
253 153
413 313
706 606
1070 970
223 123
133 33
353 253
373 273
809 709
377 277
932 832
1097 997
208 108
140 40
988 888
327 227
581 481
960 860
383 283
1040 940
958 858
708 608
384 284
1090 990
811 711
690 590
950 850
906 806
339 239
152 52
1043 943
901 801
295 195
864 764
195 95
810 710
510 410
486 386
764 664
693 593
1000 900
150 50
212 112
594 494
1063 963
256 156
854 754
1036 936
558 458
1065 965
119 19
186 86
325 225
823 723
669 569
284 184
197 97
968 868
294 194
440 340
854 754
512 412
702 602
587 487
161 61
309 209
795 695
446 346
447 347
960 860
819 719
407 307
200 100
195 95
197 97
921 821
943 843
1041 941
845 745
921 821
386 286
687 587
592 492
301 201
216 116
765 665
631 531
627 527
524 424
912 812
353 253
524 424
526 426
559 459
513 413
443 343
1080 980
936 836
391 291
606 506
933 833
279 179
586 486
1016 916
109 9
530 430
675 575
696 596
1022 922
908 808
245 145
369 269
997 897
612 512
504 404
911 811
842 742
785 685
828 728
667 567
369 269
876 776
203 103
955 855
845 745
818 718
135 35
953 853
879 779
197 97
171 71
246 146
180 80
846 746
942 842
115 15
228 128
1065 965
1041 941
612 512
327 227
580 480
130 30
1058 958
442 342
765 665
705 605
291 191
631 531
1064 964
464 364
615 515
459 359
706 606
967 867
922 822
920 820
636 536
413 313
793 693
307 207
119 19
1011 911
435 335
408 308
201 101
530 430
1022 922
785 685
394 294
741 641
1010 910
213 113
510 410
241 141
350 250
790 690
646 546
800 700
829 729
659 559
709 609
581 481
820 720
603 503
1076 976
866 766
859 759
107 7
898 798
982 882
174 74
959 859
748 648
282 182
399 299
525 425
885 785
642 542
946 846
783 683
490 390
953 853
997 897
1038 938
516 416
189 89
937 837
724 624
347 247
281 181
393 293
978 878
244 144
1033 933
1038 938
680 580
567 467
352 252
580 480
307 207
1055 955
758 658
765 665
120 20
126 26
1054 954
664 564
447 347
549 449
859 759
126 26
546 446
621 521
114 14
401 301
757 657
421 321
810 710
713 613
1080 980
488 388
288 188
979 879
736 636
1090 990
303 203
288 188
532 432
1063 963
229 129
920 820
730 630
400 300
609 509
922 822
337 237
355 255
473 373
377 277
938 838
253 153
495 395
500 400
792 692
327 227
203 103
618 518
318 218
547 447
484 384
415 315
1031 931
913 813
496 396
424 324
489 389
602 502
740 640
399 299
387 287
880 780
397 297
476 376
1077 977
616 516
612 512
312 212
319 219
429 329
655 555
910 810
498 398
586 486
389 289
585 485
898 798
516 416
698 598
1052 952
149 49
994 894
672 572
458 358
797 697
121 21
870 770
747 647
825 725
144 44
642 542
783 683
314 214
461 361
987 887
914 814
145 45
331 231
194 94
108 8
382 282
265 165
182 82
596 496
419 319
799 699
726 626
952 852
246 146
559 459
641 541
635 535
974 874
414 314
825 725
1044 944
877 777
406 306
654 554
559 459
308 208
737 637
887 787
547 447
1076 976
508 408
1012 912
207 107
544 444
1062 962
103 3
665 565
401 301
507 407
264 164
957 857
537 437
417 317
752 652
198 98
864 764
918 818
141 41
700 600
837 737
388 288
276 176
1002 902
236 136
667 567
228 128
290 190
494 394
849 749
335 235
1008 908
142 42
376 276
924 824
848 748
784 684
692 592
1079 979
493 393
668 568
463 363
467 367
263 163
152 52
1083 983
742 642
279 179
435 335
116 16
226 126
578 478
230 130
359 259
683 583
968 868
229 129
395 295
852 752
696 596
267 167
171 71
956 856
722 622
740 640
964 864
870 770
744 644
531 431
105 5
295 195
465 365
548 448
529 429
801 701
164 64
1052 952
954 854
980 880
870 770
268 168
188 88
179 79
257 157
1061 961
468 368
572 472
521 421
317 217
819 719
809 709
371 271
247 147
1075 975
396 296
916 816
1009 909
1062 962
864 764
635 535
351 251
538 438
978 878
796 696
853 753
981 881
670 570
418 318
353 253
145 45
766 666
152 52
1031 931
596 496
533 433
413 313
910 810
238 138
778 678
434 334
223 123
1088 988
312 212
8997 635
9677 240
5269 813
8037 24
9883 343
5708 798
7043 742
8077 468
5322 824
9513 909
9978 780
9446 756
6329 408
7202 507
8408 450
9805 990
8543 219
7785 488
5733 964
5754 412
5257 220
9238 391
7381 998
6294 514
7973 894
8046 811
8761 998
9607 684
8686 360
8104 726
5481 516
6041 424
7781 756
6070 891
9637 983
9181 135
8193 354
6431 283
9819 545
7661 127
6583 735
9497 193
9941 663
5942 741
6386 812
9447 516
9152 208
8001 117
8342 133
9729 470
7055 493
6829 792
8943 700
9369 600
8090 867
7021 855
7754 319
8006 971
6524 605
7240 895
8043 893
5468 420
8390 812
7486 21
6251 953
8642 115
5361 416
8984 988
7670 205
6019 152
6510 333
7770 823
9383 803
5367 261
7328 323
9781 423
9863 94
9121 489
9593 718
6487 535
9372 355
8160 22
9242 897
8064 472
5792 159
7207 620
7552 588
7164 342
6758 718
8823 434
7290 311
7950 644
7439 866
8712 548
8569 544
5387 160
9853 994
9452 156
9251 769
7616 979
6685 421
6073 944
9845 605
6557 130
5169 783
6597 650
9139 785
9362 479
5888 819
5766 297
5474 430
9281 190
6183 561
5760 574
6412 628
7980 164
9887 764
5741 734
8014 863
7122 965
9644 883
9736 480
9276 735
6097 867
7816 971
9011 77
8195 789
8266 118
6022 575
9286 982
7464 313
9755 832
6965 622
9416 392
7517 77
6666 317
5558 669
6503 589
9173 507
6987 758
6779 688
9582 422
7598 463
9316 771
6768 576
7526 395
7886 692
9372 323
9368 719
7606 680
5257 225
6191 391
6661 290
5968 502
5315 386
6595 213
6613 598
7871 25
8032 832
9132 424
7385 653
5124 8
7299 733
7189 471
7991 522
8383 399
8120 534
7889 31
7739 109
7291 444
6257 140
9360 364
5475 639
5862 12
5268 572
8249 647
7748 732
6644 203
7706 149
8928 919
5743 96
9811 76
8699 960
5643 892
8883 284
9716 930
7513 659
5928 789
7839 490
6887 513
7457 591
8083 953
8636 268
9989 256
6675 465
8650 576
5132 629
9604 6
5614 357
5793 941
7814 304
7367 462
5562 562
6989 104
8981 907
5520 879
6156 754
9709 468
9184 383
6423 984
9914 447
5921 706
7379 485
6241 422
9553 236
8164 146
7178 32
5159 301
9318 478
8004 622
6136 742
6538 496
8602 129
5163 61
5860 556
7332 73
5601 588
6504 894
9944 177
8071 896
5535 960
8366 249
5935 818
8678 764
5186 832
7708 784
6894 961
7162 482
7297 939
7611 270
8577 905
5448 792
8604 725
5496 982
7638 17
8639 349
7189 743
5010 20
8965 264
5480 935
7859 807
7568 324
6985 948
6292 297
8381 879
5283 67
7917 53
7106 824
5171 310
8296 658
8148 976
5463 432
5769 919
8149 181
7227 793
6944 812
5514 654
8014 513
6325 987
8628 439
8001 224
6434 149
6671 685
9725 615
9452 41
8687 609
7671 741
7483 205
5228 291
8843 298
9782 933
7584 798
6890 553
7662 362
5186 690
5337 979
8415 400
6013 461
5222 39
6514 166
8456 996
7930 565
5128 822
6249 711
8259 313
5171 720
7673 112
9783 183
6937 813
9574 984
6287 224
5575 475
7326 624
6142 256
7430 385
8777 677
5824 470
8203 162
7929 879
5396 555
8577 499
8021 165
5915 393
9730 646
6646 615
6316 391
6223 19
9198 454
7676 862
9385 564
8030 504
9807 366
7218 483
6882 765
8554 437
6406 516
9153 57
7239 868
6881 905
5991 712
6082 780
9374 51
7067 380
7879 472
8189 366
9331 379
5348 497
9475 250
9705 984
8107 40
7637 487
5407 532
9814 363
7738 237
8375 300
6595 85
5683 69
6154 129
5313 580
8099 157
9414 371
9344 982
5890 860
7176 326
5563 130
9550 517
6689 35
6647 402
7181 893
8679 11
5584 692
8668 203
8146 34
9374 273
8632 518
9790 595
7959 965
7697 572
6833 40
8388 342
7988 440
5035 772
9875 768
8903 895
5126 269
5282 972
5764 220
7907 635
5695 164
8071 57
7910 394
5645 228
7804 978
6238 103
9979 290
5825 108
9356 714
8374 723
6754 627
5485 240
5660 771
9273 985
5431 672
6738 855
7930 282
8057 923
7660 921
9960 8
7621 697
5206 913
7082 349
9160 497
5234 747
8948 187
8792 603
7225 459
7760 14
6346 422
6918 86
8025 65
5853 735
6417 886
7172 578
8971 777
7744 320
7175 605
5659 936
7005 195
5772 765
6643 267
5788 884
6803 229
8519 818
7390 65
6657 816
6310 755
9521 633
7828 764
8575 262
5929 859
5910 224
9116 412
6150 32
6936 948
8136 851
9656 919
7942 43
5370 865
6918 927
7170 529
5429 273
8723 521
9301 545
6869 260
5179 807
7720 539
9088 118
7106 263
7857 708
9581 519
9218 11
8180 736
9335 344
5102 80
8439 414
9914 959
5357 677
5805 824
7311 683
8919 733
8412 517
6100 620
7676 621
7029 588
6550 312
5044 120
6156 125
8904 619
8102 897
9684 795
6910 451
9501 915
9163 559
9375 210
5968 993
7118 133
8640 62
9236 832
5700 358
7339 328
5458 807
6249 717
8516 346
8536 789
9070 412
5145 341
6984 227
6954 982
6870 505
6012 499
7399 17
8316 623
9948 74
7869 426
8000 167
5003 409
5251 192
7495 455
5478 719
9642 493
6648 115
9633 619
8362 993
6956 6
8918 463
6965 85
6224 848
7063 935
8236 889
6782 532
9852 380
8880 793
9705 465
9387 659
5441 314
6961 217
8727 781
5052 798
7616 621
7479 931
5258 388
5998 562
5386 235
5267 973
7484 423
9746 307
7655 648
9975 183
6825 928
8362 47
8022 79
7023 710
9177 418
9869 686
7298 904
8330 501
6852 822
6208 197
5220 60
6496 505
6748 872
9084 514
5972 711
7251 518
7808 745
8043 494
6003 19
9326 394
7472 530
7651 922
6743 343
9108 157
7908 761
5554 745
9565 763
5871 920
6089 16
7468 60
8793 842
6595 749
6910 89
7509 745
8169 140
8340 486
9772 836
8529 953
8741 121
8689 659
6310 565
7492 247
8180 624
8094 163
6038 968
5374 204
5388 833
5793 989
8314 863
6901 144
9973 698
6421 579
7877 168
6286 484
9253 553
8172 391
6539 959
8225 429
5682 642
5815 343
8870 43
6413 956
7255 403
9433 364
9005 451
7588 287
9900 247
6752 543
9001 745
6892 351
9683 252
9548 339
8984 577
9641 278
8359 743
5433 163
5284 121
7775 271
8655 67
5241 147
6334 158
7372 65
5187 271
5382 393
7939 925
6812 45
5639 225
5466 459
9166 263
6766 30
7504 69
8307 504
5602 422
6917 201
7339 302
5054 117
7672 69
5427 436
6162 610
9050 321
9196 67
7098 87
8377 607
7049 480
6678 969
5553 283
8291 703
5960 723
9716 363
7685 567
9919 22
9292 818
7903 40
9203 628
9406 644
7841 783
8228 208
6396 312
5555 596
7004 699
7512 257
5594 17
6073 224
6257 655
5657 68
7691 464
8545 783
6699 843
5632 247
7162 160
6168 37
8640 57
7751 930
6563 965
7261 607
7773 341
6661 152
8102 454
8816 859
6349 959
9774 880
8659 303
6642 668
6012 941
6343 96
9551 273
9227 388
6775 305
6858 602
8689 6
9713 184
8253 774
9097 419
7758 971
5363 123
6501 434
6361 215
7719 429
5074 649
5284 679
7649 147
9644 22
8858 426
8320 371
8121 549
8408 518
8713 898
9517 640
6443 82
7507 157
8813 941
5176 869
6839 606
8611 124
9506 863
9649 348
5134 769
9088 757
6759 764
6453 526
8787 763
8667 924
5262 518
9852 841
7267 970
8047 872
8906 84
5487 805
8135 236
8199 262
8792 285
6463 294
8381 993
6580 272
6200 912
6643 102
6937 100
9505 369
9425 476
8236 7
7651 379
7505 637
8520 255
9966 592
8276 941
9121 854
5279 643
8981 533
7341 785
7135 128
7654 283
6733 383
7785 330
9848 507
8155 601
7872 18
7866 618
8466 352
7648 733
9393 92
7837 35
7005 240
6110 13
5045 574
7840 736
8982 906
5687 697
7702 939
6043 210
5573 328
5121 622
5043 920
8993 685
8271 201
8901 675
6784 73
5773 532
9060 450
7323 187
8562 872
6599 365
6380 234
5942 702
9126 908
8326 666
6636 347
5071 911
7794 334
8599 258
7905 77
5989 244
6795 557
9707 965
5887 568
9395 559
5421 99
7825 39
7451 762
8387 69
7957 962
9969 160
5958 945
8336 278
5445 597
9482 221
8055 918
9211 258
7406 829
8978 161
7427 992
7076 483
9514 177
9978 202
6840 83
6135 557
8386 302
5876 751
7703 307
8893 942
8750 604
5087 506
6504 550
7196 744
9007 411
5153 234
7848 927
9481 148
6437 397
7675 340
8806 326
8074 87
5179 871
6313 324
7653 745
8444 504
8422 231
6646 640
5914 23
5884 92
6634 869
5985 23
6142 13
5992 287
8460 861
9054 268
8350 106
8123 398
8572 609
6945 129
5132 699
9136 548
9944 571
8680 473
6080 716
8884 138
5112 135
8863 909
6905 770
9702 968
8565 396
6217 541
9443 122
9882 484
9086 764
9713 556
7627 145
8002 134
6022 372
5692 352
9415 405
9797 426
9462 159
5416 746
5119 114
5866 988
8742 409
8073 249
7344 25
7136 173
8723 726
5931 16
5576 955
6985 932
9103 161
5011 895
8009 119
6623 472
6381 570
5180 500
7664 880
6571 643
6299 269
9820 226
9726 163
5725 679
5448 879
9704 590
9587 728
5598 796
7048 480
5036 698
5445 91
7984 196
6720 382
5671 881
8266 549
7208 930
6230 744
9495 878
5655 587
5944 399
8980 641
7811 662
5430 163
7271 520
5740 151
6817 424
6880 463
9117 193
6097 823
6707 993
9755 505
5693 957
7263 834
6413 502
7026 769
9740 250
9643 926
9956 570
6781 805
6635 340
5199 236
5899 965
9538 489
5589 72
8028 683
7767 868
5616 989
7695 421
5668 727
6020 483
5379 682
9082 958
8879 228
9360 193
5796 533
6077 711
8946 937
7288 94
7694 884
6462 938
5555 995
8899 825
8417 564
8944 408
5345 342
8471 747
8924 33
7163 778
8740 860
5946 56
8457 135
6285 113
7926 95
5526 244
8057 217
6540 123
5333 219
6717 336
9477 433
9277 913
6662 414
7306 919
7098 255
8711 526
7786 819
9660 763
9771 814
6772 433
6319 29
7222 364
5823 80
8387 423
5563 833
9930 752
5525 336
5878 738
8031 278
6601 723
9889 26
6484 18
9302 286
9366 488
5575 626
9013 977
6830 155
5584 402
6567 274
8795 214
6409 493
7178 71
8244 568
8904 734
5250 126
8152 505
5884 636
9956 966
5680 120
6794 913
7796 335
8645 704
5410 984
