500 2517
585 485
194 94
426 326
606 506
348 248
516 416
521 421
1092 992
422 322
749 649
895 795
337 237
143 43
557 457
945 845
915 815
1055 955
546 446
352 252
522 422
109 9
891 791
1001 901
459 359
222 122
767 667
194 94
698 598
838 738
107 7
674 574
644 544
815 715
434 334
982 882
866 766
467 367
1094 994
1084 984
993 893
399 299
733 633
533 433
231 131
782 682
528 428
172 72
800 700
974 874
717 617
238 138
974 874
956 856
820 720
245 145
519 419
1095 995
894 794
629 529
296 196
299 199
1097 997
377 277
216 116
197 97
1008 908
819 719
639 539
342 242
807 707
207 107
669 569
222 122
637 537
170 70
1031 931
198 98
826 726
700 600
587 487
745 645
872 772
367 267
613 513
1072 972
181 81
995 895
1043 943
313 213
158 58
848 748
403 303
587 487
864 764
1023 923
636 536
129 29
824 724
774 674
889 789
640 540
579 479
654 554
242 142
567 467
439 339
146 46
741 641
810 710
296 196
653 553
594 494
291 191
166 66
824 724
924 824
830 730
308 208
1088 988
811 711
190 90
900 800
440 340
414 314
649 549
389 289
296 196
501 401
965 865
566 466
778 678
789 689
670 570
933 833
1036 936
325 225
822 722
344 244
751 651
949 849
223 123
213 113
531 431
479 379
608 508
461 361
685 585
165 65
953 853
586 486
742 642
786 686
1092 992
386 286
825 725
989 889
386 286
124 24
912 812
591 491
959 859
991 891
763 663
190 90
188 88
281 181
279 179
314 214
287 187
117 17
719 619
572 472
361 261
518 418
946 846
519 419
292 192
456 356
361 261
782 682
614 514
406 306
986 886
301 201
630 530
485 385
949 849
1052 952
394 294
600 500
899 799
294 194
491 391
837 737
430 330
424 324
398 298
1092 992
890 790
324 224
375 275
360 260
926 826
197 97
172 72
310 210
966 866
749 649
1051 951
1019 919
848 748
163 63
785 685
1058 958
1056 956
904 804
664 564
618 518
283 183
528 428
500 400
637 537
821 721
446 346
307 207
253 153
423 323
1071 971
711 611
762 662
216 116
297 197
209 109
191 91
895 795
629 529
443 343
226 126
962 862
847 747
785 685
569 469
110 10
870 770
981 881
1034 934
1084 984
823 723
503 403
995 895
460 360
668 568
549 449
272 172
641 541
1058 958
372 272
483 383
977 877
408 308
459 359
1070 970
807 707
683 583
408 308
148 48
870 770
1030 930
130 30
669 569
308 208
103 3
411 311
120 20
200 100
709 609
1039 939
987 887
522 422
925 825
885 785
1030 930
470 370
1004 904
1089 989
341 241
1069 969
479 379
243 143
476 376
1072 972
1062 962
128 28
989 889
161 61
543 443
738 638
316 216
448 348
438 338
447 347
260 160
166 66
506 406
491 391
259 159
738 638
131 31
395 295
304 204
926 826
520 420
296 196
253 153
549 449
525 425
955 855
431 331
243 143
665 565
587 487
938 838
240 140
109 9
664 564
1018 918
715 615
633 533
235 135
332 232
664 564
1057 957
460 360
691 591
893 793
676 576
263 163
846 746
959 859
477 377
860 760
958 858
811 711
186 86
762 662
534 434
259 159
658 558
760 660
379 279
368 268
940 840
1048 948
835 735
415 315
674 574
776 676
226 126
441 341
1012 912
789 689
839 739
994 894
921 821
806 706
725 625
590 490
1017 917
578 478
301 201
771 671
1093 993
1032 932
249 149
999 899
152 52
337 237
859 759
287 187
367 267
572 472
356 256
872 772
883 783
198 98
217 117
1006 906
616 516
1011 911
280 180
735 635
125 25
325 225
480 380
923 823
812 712
264 164
366 266
443 343
316 216
832 732
548 448
602 502
641 541
840 740
764 664
676 576
1054 954
712 612
826 726
1002 902
872 772
554 454
631 531
511 411
1043 943
1073 973
850 750
803 703
427 327
950 850
1017 917
177 77
105 5
320 220
213 113
902 802
1013 913
503 403
891 791
281 181
1098 998
110 10
959 859
625 525
445 345
1019 919
531 431
768 668
775 675
627 527
933 833
562 462
538 438
391 291
623 523
705 605
1016 916
557 457
520 420
505 405
215 115
517 417
760 660
379 279
361 261
785 685
872 772
696 596
488 388
407 307
864 764
324 224
943 843
422 322
306 206
940 840
507 407
1075 975
739 639
501 401
952 852
191 91
642 542
427 327
160 60
430 330
857 757
282 182
182 82
703 603
737 637
893 793
193 93
715 615
714 614
833 733
236 136
964 864
287 187
116 16
202 102
963 863
1072 972
1087 987
263 163
406 306
601 501
134 34
577 477
5470 170
8532 929
9353 21
5428 804
8110 32
8416 371
8942 98
7510 289
6643 538
9863 735
9897 666
8315 456
6166 248
8214 374
9972 651
7876 568
5655 763
8252 422
8876 601
9945 505
9245 29
8771 432
9228 280
6098 933
7659 840
5558 548
7049 832
5035 174
8328 513
9197 981
8294 497
7263 763
8598 706
8256 806
8923 728
8472 146
8788 893
9187 463
7109 604
6941 249
8263 211
9346 92
6611 379
9276 256
7271 480
7452 145
8766 954
5612 693
5266 690
5309 865
7649 783
9579 201
6036 705
8905 668
8437 179
8926 740
7148 581
8443 754
6774 655
6446 456
5004 934
6076 396
5425 623
6035 630
9351 577
8748 392
9437 560
8457 758
6801 88
6614 128
8873 801
6402 647
9292 233
8511 111
8801 490
8694 613
5490 377
9775 91
7952 952
9674 174
6480 75
6499 359
7280 190
7580 39
7083 276
9375 421
9451 639
5355 702
6914 932
9394 663
7326 408
6477 755
7922 652
9073 378
7217 833
6926 484
5244 916
8453 783
6050 289
7987 252
8354 847
7616 284
6542 603
5976 469
5654 178
6179 371
5859 38
6763 415
9960 615
9200 245
6821 628
9225 955
5659 617
6003 622
5902 654
6351 950
5876 369
8903 92
8310 165
8609 661
5683 615
8413 512
6368 899
5392 359
6437 147
6630 544
7359 920
6789 65
6065 924
7646 79
9449 911
5303 930
9573 644
8441 926
5676 898
5278 929
9450 848
8738 679
6908 189
6787 580
7285 902
8424 970
8848 665
5561 988
7204 422
9517 11
8847 102
8418 787
6853 564
9905 795
7096 760
7235 517
9531 933
6980 567
5769 42
9162 228
8138 717
9860 348
5248 808
9833 421
7727 937
5536 888
9958 769
7152 573
5640 952
6170 366
7422 112
8614 97
6006 441
7873 307
8212 358
7416 390
5791 257
6417 724
5036 166
7448 13
7680 352
8046 337
7147 664
5508 834
5938 242
9787 872
7681 534
8046 30
6374 54
9093 401
7295 280
7418 569
7531 53
9984 716
8832 189
6120 855
6881 738
6918 268
5424 838
5641 87
7935 973
6029 133
9161 259
7831 12
7801 163
9178 683
5420 333
8066 164
7898 261
5662 961
5259 208
6388 896
9429 289
7277 189
6101 869
5960 688
6266 548
7941 877
9857 551
8725 778
8171 38
5448 652
7144 483
5789 916
7483 654
7979 480
7883 791
7484 34
7850 532
9088 589
9438 60
5939 412
5808 946
5113 201
9062 352
8694 753
6287 334
9460 981
5634 183
7573 617
8600 202
6805 994
8199 889
9927 555
9582 944
6921 324
8058 788
5794 502
6401 367
9483 552
9827 639
8728 97
5808 961
8456 108
9508 737
7714 123
5755 597
5899 630
9245 375
8112 895
6385 929
5135 373
6141 882
9494 987
8950 773
5288 352
6594 362
5475 30
9730 560
6653 720
9308 65
8833 46
9877 253
8981 917
9720 927
9714 143
6318 965
9554 914
8322 488
9071 347
6583 697
6317 957
8740 929
5973 71
8812 93
5371 511
5827 320
9874 539
8663 329
6468 915
5698 465
9076 912
5812 477
8399 303
5363 324
5465 126
7761 965
6265 353
6244 672
8872 232
7200 142
8621 747
7584 925
6326 488
7297 56
6001 180
6232 517
6996 814
5582 320
7220 973
5595 471
7282 498
8134 877
5981 935
6817 880
6509 64
5321 204
6928 43
8404 147
7676 231
5946 695
6691 138
6103 358
7909 458
6633 480
5074 640
5610 794
5726 745
8109 766
5841 67
9943 738
6951 358
9971 515
7087 903
8475 925
7784 635
9790 362
5808 430
5891 59
6452 536
9468 98
9959 746
5347 109
7925 128
6096 333
7814 198
8277 454
7729 758
9641 838
5498 126
5061 6
5575 994
8330 806
9320 130
6910 135
7847 394
6405 288
9406 609
6640 110
8926 97
9656 924
8615 874
9631 222
8364 93
8125 873
5734 721
8506 612
8920 630
8235 429
6091 727
6619 932
8946 714
9361 619
7570 479
5083 383
8018 392
5615 173
7806 449
7698 652
6545 587
6230 859
7182 581
6657 479
5819 269
8494 671
6973 788
6686 615
6691 875
8505 941
6838 226
7051 751
6982 50
8679 345
7345 883
9997 182
5906 922
8822 176
7372 646
8969 546
5005 74
9890 533
8247 657
6524 592
7062 823
5962 624
9744 24
9136 358
5005 643
7211 241
8137 10
5027 384
9075 395
7426 600
5162 29
7940 177
5094 301
6284 612
7332 44
8478 607
7051 38
5402 217
8314 770
6581 114
7744 608
7411 430
8475 739
7567 467
6882 825
9176 437
6819 253
8616 479
7888 60
5794 267
8791 920
6894 878
7467 372
8387 197
9877 913
6469 463
8129 531
9746 134
8956 412
5656 992
5248 265
5242 612
5131 290
6141 900
9036 429
5178 25
8346 878
8297 242
6659 866
5029 858
7972 885
6355 735
8561 195
6213 228
9010 24
7630 156
9886 194
5003 615
7888 136
5456 360
5723 844
7074 377
5523 4
6679 45
8569 234
7923 303
6713 946
7342 759
7947 974
5315 491
9778 656
9411 206
9632 817
7723 431
9314 383
5512 164
7467 64
9787 874
8354 324
9099 18
9272 597
6374 82
8393 358
6623 214
6647 323
5558 758
7877 548
8378 128
8993 220
5022 619
6785 868
6880 992
8775 99
5868 371
5281 574
9959 562
7944 385
9356 761
6567 243
5779 638
9691 838
