200 1008
482 485
257 326
286 248
517 421
404 322
713 795
45 43
924 845
873 955
160 252
1 9
838 901
40 122
58 94
676 738
627 574
766 715
862 882
405 367
923 984
379 299
461 433
612 682
133 72
813 874
97 138
908 856
165 145
996 995
623 529
220 199
298 277
157 97
723 719
144 242
48 107
129 122
148 70
35 98
644 600
632 645
272 267
1040 972
977 895
312 213
778 748
567 487
965 923
1 29
616 674
569 540
628 554
493 467
76 46
733 710
575 553
288 191
775 724
723 730
912 988
64 90
354 340
565 549
210 196
922 865
775 678
566 570
934 936
626 722
742 651
194 123
485 431
483 508
617 585
876 853
653 642
896 992
652 725
220 286
727 812
900 859
563 663
56 88
157 179
280 187
537 619
284 261
920 846
124 192
239 261
459 514
931 886
504 530
910 849
382 294
795 799
485 391
351 330
289 298
865 790
250 275
738 826
75 72
788 866
947 951
651 748
595 685
993 956
663 564
265 183
338 400
637 721
206 207
328 323
618 611
64 116
139 109
806 795
412 343
912 862
715 685
1 10
929 881
1025 984
410 403
273 360
507 449
450 541
174 272
882 877
427 359
787 707
355 308
734 770
1 30
248 208
397 311
159 100
874 939
449 422
857 785
286 370
976 989
908 969
103 143
1071 972
1 28
117 61
697 638
424 348
439 347
74 66
442 391
568 638
195 295
854 826
281 196
433 449
845 855
224 143
487 487
181 140
496 564
690 615
124 135
575 564
374 360
766 793
149 163
776 859
793 760
674 711
696 662
90 159
732 660
214 268
935 948
228 315
619 676
349 341
734 689
964 894
644 706
484 490
491 478
628 671
1009 932
944 899
315 237
92 187
554 472
757 772
88 98
952 906
818 911
628 635
316 225
818 823
255 164
432 343
7875 575
7548 915
8947 213
8555 438
9845 379
9284 95
9790 703
7566 312
7105 596
7266 564
9097 757
6375 807
7942 904
7696 655
5671 706
9282 226
6852 760
6059 431
9141 571
5802 774
7132 701
8722 383
7099 599
8480 778
7275 943
6746 333
6384 565
9645 585
5912 335
9433 45
7901 836
7081 182
8918 318
8776 596
6202 528
8767 577
7899 455
8701 477
5696 666
7496 406
5684 788
7190 894
5713 804
7397 266
6032 644
6286 64
9968 101
8286 279
6937 31
9103 450
5405 18
6821 66
9039 216
8198 467
6375 103
7419 469
9457 448
9760 483
5548 964
9949 191
8487 393
6147 360
9353 715
9396 891
5120 572
7068 388
6069 133
9087 266
7084 777
7302 443
7875 460
9394 419
8852 625
8761 217
7321 444
7752 51
6514 945
7468 152
8401 820
5035 76
8608 320
5467 221
6957 52
6113 708
6428 710
9605 901
5557 514
5927 328
8377 625
9584 993
7325 200
5388 551
7171 495
8566 415
8420 353
9761 56
9668 292
8511 457
5122 393
5916 973
8802 567
7953 52
8701 712
6715 650
5078 646
8693 135
9739 667
5835 612
9122 356
9790 967
7388 308
7663 211
8796 42
9094 265
5637 786
7937 472
6908 906
5627 811
5647 174
6659 133
8944 881
6079 863
5878 387
5200 537
9527 516
5457 976
7491 972
7473 68
8648 557
7186 663
7230 307
7464 135
6825 438
8756 195
9996 658
5177 96
7896 639
7156 38
5389 338
9823 455
7110 255
7255 332
8505 937
8996 147
6292 336
8962 931
9741 897
5210 989
6144 152
6887 903
8934 55
5747 277
8299 71
5332 858
5506 970
9006 435
8513 145
5814 744
6237 602
6187 538
9661 819
8164 30
6534 862
6178 716
8190 815
8502 878
8829 320
5749 928
5746 145
7976 904
8794 799
8658 72
9418 864
8159 112
7245 466
9228 650
6044 189
5074 469
10000 835
7854 185
5992 9
6428 940
7721 682
6301 435
8363 646
9869 914
5450 924
9400 137
6170 328
8315 451
7626 508
8528 936
5852 977
7715 367
9842 338
7816 86
8215 81
7597 602
8709 749
9652 292
