5000 25016
94 485
506 326
416 248
992 421
649 322
237 795
457 43
815 845
446 955
422 252
791 9
359 901
667 122
598 94
7 738
544 574
334 715
766 882
994 367
893 984
633 299
131 433
428 682
700 72
617 874
874 138
720 856
419 145
794 995
196 529
997 199
116 277
908 97
539 719
707 242
569 107
537 122
931 70
726 98
487 600
772 645
513 267
81 972
943 895
58 213
303 748
764 487
536 923
724 29
789 674
479 540
142 554
339 467
641 46
196 710
494 553
66 191
824 724
208 730
711 988
800 90
314 340
289 549
401 196
466 865
689 678
833 570
225 936
244 722
849 651
113 123
379 431
361 508
65 585
486 853
686 642
286 992
889 725
24 286
491 812
891 859
90 663
181 88
214 179
17 187
472 619
418 261
419 846
356 192
682 261
306 514
201 886
385 530
952 849
500 294
194 799
737 391
324 330
992 298
224 790
260 275
97 826
210 72
649 866
919 951
63 748
958 685
804 956
518 564
428 183
537 400
346 721
153 207
971 323
662 611
197 116
91 109
529 795
126 343
747 862
469 685
770 10
934 881
723 984
895 403
568 360
172 449
958 541
383 272
308 877
970 359
583 707
48 308
930 770
569 30
3 208
20 311
609 100
887 939
825 422
930 785
904 370
241 989
379 969
376 143
962 972
889 28
443 61
216 638
338 348
160 347
406 66
159 391
31 638
204 295
420 826
153 196
425 449
331 855
565 143
838 487
9 140
918 564
533 615
232 135
957 564
591 360
576 793
746 163
377 859
858 760
86 711
434 662
558 159
279 660
840 268
735 948
574 315
126 676
912 341
739 689
821 894
625 706
917 490
201 478
993 671
149 932
52 899
759 237
267 187
256 472
783 772
117 98
516 906
180 911
25 635
380 225
712 823
266 164
216 343
448 732
541 502
664 740
954 576
726 612
772 902
531 454
943 411
750 973
327 703
917 850
5 77
113 220
913 802
791 403
998 181
859 10
345 525
431 919
675 668
833 527
438 462
523 291
916 605
420 457
115 405
660 417
261 279
772 685
388 596
764 307
843 224
206 322
407 840
639 975
852 401
542 91
60 327
757 330
82 182
637 603
93 793
614 615
136 733
187 864
102 16
972 863
163 987
501 306
477 34
492 840
121 700
80 706
138 787
660 105
229 834
827 798
448 310
230 609
832 690
489 561
586 579
291 60
665 388
660 309
702 407
153 200
606 313
123 970
253 33
709 273
832 277
108 997
888 40
481 227
283 860
858 940
284 608
711 990
850 590
239 806
943 52
195 801
95 764
410 710
664 386
900 593
112 50
963 494
754 156
458 936
19 965
225 86
569 723
97 184
194 868
754 340
602 412
61 487
695 209
347 346
719 860
100 307
97 95
843 821
745 941
286 821
492 587
116 201
531 665
424 527
253 812
426 424
413 459
980 343
291 836
833 506
486 179
9 916
575 430
922 596
145 808
897 269
404 512
742 811
728 685
269 567
103 776
745 855
35 718
779 853
71 97
80 146
842 746
128 15
941 965
227 512
30 480
342 958
605 665
531 191
364 964
359 515
867 606
820 822
313 536
207 693
911 19
308 335
430 101
685 922
641 294
113 910
141 410
690 250
700 546
559 729
481 609
503 720
766 976
7 759
882 798
859 74
182 648
425 299
542 785
683 846
853 390
938 897
89 416
624 837
181 247
878 293
933 144
580 938
252 467
207 480
658 955
20 665
954 26
347 564
759 449
446 26
14 521
657 301
710 321
980 613
188 388
636 879
203 990
432 188
129 963
630 820
509 300
237 822
373 255
838 277
395 153
692 400
103 227
218 518
384 447
931 315
396 813
389 324
640 502
287 299
297 780
977 376
512 516
219 212
555 329
398 810
289 486
798 485
598 416
49 952
572 894
697 358
770 21
725 647
542 44
214 683
887 361
45 814
94 231
282 8
82 165
319 496
626 699
146 852
541 459
874 535
725 314
777 944
554 306
208 459
787 637
976 447
912 408
444 107
3 962
301 565
164 407
437 857
652 317
764 98
41 818
737 600
176 288
136 902
128 567
394 190
235 749
42 908
824 276
684 748
979 592
568 393
367 363
52 163
642 983
335 179
126 16
130 478
583 259
129 868
752 295
167 596
856 71
640 622
770 864
431 644
195 5
448 365
701 429
952 64
880 854
168 770
79 88
961 157
472 368
217 421
709 719
147 271
296 975
909 816
764 962
251 535
878 438
753 696
570 881
253 318
666 45
931 52
433 496
810 313
678 138
123 334
212 988
66 508
206 770
750 751
64 780
466 441
337 207
510 516
796 674
175 408
437 920
938 573
848 634
561 878
718 990
948 826
649 696
569 800
663 411
582 422
843 707
202 334
702 986
579 494
725 150
803 562
340 380
156 832
832 979
602 376
234 511
688 414
184 160
978 982
413 238
633 490
585 899
606 251
963 526
350 897
242 39
539 657
739 452
267 538
165 831
177 460
720 185
802 934
644 440
82 490
798 168
197 71
173 977
81 458
235 204
112 803
103 139
268 399
879 420
643 991
106 578
122 972
444 177
262 398
691 348
997 496
446 276
171 825
549 614
281 121
211 730
112 341
408 284
730 698
363 17
89 546
605 672
938 974
168 866
705 377
47 559
400 340
215 527
114 779
51 761
881 483
549 92
679 390
328 583
250 661
203 391
481 336
752 661
707 125
82 89
63 275
660 359
21 178
287 780
219 42
500 5
820 380
95 772
44 816
748 9
678 484
276 545
478 589
663 157
594 901
757 777
947 74
448 247
570 55
313 479
981 785
795 958
552 680
389 393
280 944
864 596
636 619
512 611
892 852
184 283
947 299
614 766
625 312
149 826
377 726
474 733
18 805
662 679
416 403
1 964
530 337
752 541
22 478
981 369
777 946
957 821
275 833
584 837
582 490
121 37
951 594
668 129
118 258
319 246
896 362
521 755
948 504
248 71
474 177
351 176
54 803
155 237
660 677
871 33
486 115
294 597
425 769
245 536
382 956
371 341
708 184
544 234
794 569
387 216
738 537
520 84
281 810
502 657
91 33
503 159
924 520
16 668
33 287
344 229
349 374
606 474
896 672
595 915
441 511
102 123
52 569
654 199
710 396
434 715
245 59
36 610
661 917
413 927
13 270
370 117
400 516
195 215
984 216
476 237
164 615
405 499
674 477
196 760
608 285
907 56
532 966
51 622
716 221
327 194
880 91
710 347
267 252
400 473
376 516
609 385
320 357
196 958
538 665
935 792
404 64
100 420
126 671
855 968
94 877
731 177
253 523
8 139
393 152
543 732
348 246
318 565
489 740
22 902
998 17
49 973
381 298
10 611
429 32
221 11
150 337
717 136
530 889
332 522
942 805
565 28
216 931
61 757
170 609
872 544
644 905
208 595
680 246
697 113
639 175
679 156
961 244
361 883
802 265
359 883
839 462
718 485
280 272
252 204
280 984
102 409
615 398
296 909
481 370
956 882
230 214
259 766
922 35
706 421
272 271
156 370
552 848
485 50
536 976
70 270
902 796
452 963
35 379
947 991
378 551
57 897
352 307
669 421
702 74
141 388
458 559
463 980
756 615
887 681
332 231
528 207
656 818
254 331
787 979
495 445
370 348
10 724
200 401
327 646
17 668
374 242
755 302
980 861
376 830
8 77
32 441
460 589
804 990
23 189
869 868
943 996
715 363
628 237
73 420
199 565
38 214
209 333
327 726
912 175
799 58
372 625
976 66
120 169
667 475
188 204
28 90
704 496
649 1
746 474
697 449
712 252
289 332
625 287
953 189
462 889
302 63
79 378
41 206
823 897
908 230
665 382
36 575
732 60
809 529
66 477
291 290
591 89
583 961
252 461
479 702
530 532
224 680
788 53
309 642
366 1000
352 891
402 822
545 152
113 324
967 633
454 267
723 381
14 272
20 506
308 419
644 461
713 526
482 978
336 468
289 729
496 795
326 581
530 383
167 226
522 421
830 386
91 273
116 484
747 676
395 107
958 229
756 902
262 962
703 105
511 84
481 991
449 701
888 689
599 655
306 600
492 538
803 499
445 881
316 981
889 473
785 383
765 679
491 573
589 589
124 480
741 145
898 624
725 923
682 915
131 232
398 974
906 735
753 678
312 640
790 644
301 212
945 123
447 253
197 943
27 18
573 916
589 327
934 640
209 615
529 470
899 655
15 288
592 401
92 840
575 633
814 707
354 424
127 682
374 194
566 855
594 190
973 728
645 178
603 275
712 88
32 367
298 544
561 738
906 963
626 460
143 266
504 727
836 33
361 442
431 628
554 384
24 244
416 482
735 765
243 446
454 247
932 913
494 560
648 528
357 594
596 935
788 462
536 621
759 660
200 564
566 302
741 936
217 592
219 724
832 118
819 299
487 251
473 129
241 96
64 167
516 169
857 381
218 976
490 767
504 837
707 407
342 203
475 387
175 735
786 706
171 335
232 40
888 821
866 131
976 159
253 978
619 53
642 849
460 478
218 19
218 230
667 453
949 336
89 931
488 588
568 449
526 566
860 272
4 883
772 731
734 80
259 213
270 177
6 872
424 626
204 940
313 150
159 379
205 833
25 517
951 724
721 973
635 581
293 839
712 272
410 412
465 839
366 492
74 553
23 718
416 738
764 839
49 390
817 588
507 523
152 630
256 770
562 746
495 49
414 369
78 537
912 115
59 215
259 971
258 602
841 551
137 40
590 494
383 252
869 158
939 72
282 177
880 667
479 483
454 815
730 19
556 745
195 339
409 614
580 302
99 319
913 670
798 513
318 566
790 27
344 322
80 645
468 210
922 841
179 925
347 521
231 975
597 269
607 929
903 478
310 970
223 684
10 231
845 673
905 348
58 232
93 727
759 597
912 397
906 539
43 907
76 892
552 699
670 408
671 361
353 789
837 529
12 190
889 880
912 236
377 715
56 718
585 439
852 814
715 902
421 658
330 410
51 412
840 90
697 678
848 951
826 37
198 593
341 737
274 211
740 134
339 847
875 490
400 95
603 435
474 737
126 860
973 310
973 548
581 984
788 660
629 86
799 635
475 941
959 56
80 372
917 650
91 964
783 735
773 682
712 151
655 283
953 773
279 643
701 898
706 817
147 269
355 731
100 507
498 841
261 207
591 752
630 318
374 126
960 153
917 101
406 560
759 743
618 816
981 980
641 1
131 82
920 886
534 377
453 465
397 753
51 842
301 547
197 580
910 754
211 37
851 548
42 896
919 656
30 537
674 78
979 540
764 597
937 314
656 845
590 361
337 930
997 654
643 841
652 810
632 98
827 814
659 898
56 237
97 236
304 397
771 468
680 160
344 168
561 189
632 123
666 783
235 991
71 775
327 565
824 906
1 604
948 233
851 693
780 209
603 279
380 231
84 675
684 370
757 814
605 276
304 238
358 710
294 931
742 879
37 492
4 81
707 347
131 417
660 582
89 801
455 195
303 403
680 247
970 356
934 627
951 858
404 803
446 236
349 572
93 485
672 586
158 748
772 235
891 859
532 788
621 345
347 861
227 342
555 779
16 595
303 963
941 260
833 366
190 835
622 733
345 834
893 442
192 773
430 880
160 873
767 793
170 173
810 402
318 60
690 628
224 19
52 146
411 685
203 138
785 593
219 202
61 500
919 89
191 433
711 63
294 514
937 865
253 393
103 269
316 111
625 614
639 272
641 973
139 609
45 236
316 496
218 24
293 871
747 227
879 420
633 850
10 127
356 170
665 224
536 722
823 189
603 597
392 286
258 22
771 957
820 536
139 221
566 281
229 238
325 531
804 449
786 735
983 670
847 646
388 272
632 605
253 394
405 508
137 537
283 955
678 477
659 969
706 692
786 963
313 829
143 638
713 206
244 185
489 187
844 129
896 300
602 114
210 305
930 199
692 916
457 839
241 899
950 452
229 185
212 561
222 848
32 191
747 830
869 860
245 873
575 649
818 591
204 974
584 974
822 452
198 397
942 350
942 597
899 13
375 392
327 343
479 756
66 387
950 924
464 188
286 68
573 552
294 166
137 435
557 14
423 797
427 254
95 300
715 431
403 367
453 197
735 233
1 149
145 62
782 38
848 69
456 425
490 810
679 878
461 503
844 308
70 798
599 437
888 798
395 36
733 583
795 412
368 195
94 878
114 388
46 438
795 532
583 3
321 268
714 417
332 277
257 229
906 445
301 380
277 974
651 248
218 433
109 1000
558 874
388 939
121 760
372 473
228 811
208 766
326 306
572 556
50 521
753 364
77 460
266 136
227 458
502 784
337 648
31 783
629 960
215 137
353 591
274 875
343 440
758 263
838 40
478 835
595 943
255 749
331 263
362 597
84 5
16 999
459 161
220 35
16 891
865 459
719 996
292 592
175 54
461 985
301 401
759 298
715 459
207 77
129 611
681 159
261 467
893 737
399 895
377 49
189 382
360 285
14 388
728 972
314 265
225 729
534 810
914 973
94 818
549 295
674 532
434 58
211 736
986 187
863 896
802 998
279 997
31 476
810 259
968 475
187 494
791 130
190 151
410 639
592 855
886 480
875 478
763 386
352 672
58 361
815 894
562 460
571 148
322 660
465 628
418 329
198 975
554 1
656 507
108 750
453 109
909 915
576 700
646 75
114 896
313 229
692 85
759 144
643 536
462 919
860 516
904 473
959 25
663 25
209 611
564 44
233 722
478 980
716 563
616 672
107 914
979 541
466 882
971 142
76 259
886 35
498 543
150 689
442 721
136 142
36 530
37 503
344 450
550 248
355 599
980 919
473 636
957 181
324 873
859 154
570 427
294 604
260 313
674 363
339 594
259 813
382 829
660 49
430 791
760 554
682 499
664 226
358 345
114 432
142 758
19 64
753 843
163 637
121 941
94 965
398 448
587 857
98 968
142 351
303 758
968 351
533 980
982 662
568 357
519 914
277 548
622 723
517 23
720 170
635 351
55 113
263 783
285 766
189 527
628 206
7 644
290 258
655 861
387 728
641 69
742 128
741 392
793 145
802 51
897 112
262 253
193 340
882 932
131 817
482 965
573 480
443 724
203 839
965 500
75 746
807 811
805 373
513 605
472 252
797 172
690 394
295 177
784 98
532 377
155 486
110 855
884 290
173 130
78 355
714 842
633 233
477 101
119 686
718 736
15 930
472 700
328 69
793 607
199 879
999 916
177 960
525 408
948 679
498 138
495 185
890 782
906 49
334 453
385 630
399 429
338 853
520 545
829 651
481 765
99 159
680 1000
87 179
802 717
890 885
839 32
339 838
883 186
67 470
544 185
357 921
457 376
444 986
642 934
152 171
59 645
616 46
59 681
987 43
353 234
530 103
958 496
613 389
838 931
85 579
86 132
569 908
479 772
683 677
400 343
370 703
882 139
146 344
116 387
760 909
407 539
447 304
388 655
41 378
658 92
119 862
28 411
457 362
198 397
17 290
432 152
321 611
427 173
205 137
344 946
563 365
304 475
47 982
694 920
91 802
961 66
644 778
109 744
959 464
969 313
42 341
108 685
648 331
49 85
228 676
929 91
527 534
967 166
316 51
582 966
840 841
575 625
503 114
911 16
305 113
989 826
836 506
369 738
587 564
232 455
452 735
900 264
952 548
81 738
995 853
562 575
739 569
705 365
5 620
557 264
490 193
294 21
361 373
900 84
47 250
205 288
145 132
846 151
658 419
849 521
680 974
148 655
96 648
210 737
690 298
19 187
831 981
679 965
726 954
528 166
15 248
564 636
847 560
721 563
9 24
700 896
446 803
858 16
699 274
271 714
977 449
533 229
154 280
756 423
871 868
912 124
727 970
968 231
569 935
163 808
618 23
685 210
650 88
807 151
393 770
276 555
304 613
911 866
233 223
42 303
400 305
162 306
51 900
734 964
933 397
366 898
16 59
177 628
360 225
742 537
725 612
868 633
489 314
501 478
632 981
365 904
196 819
496 108
744 179
145 152
501 598
880 349
248 80
683 762
500 314
389 513
620 205
91 584
721 652
859 894
665 198
416 143
481 671
320 302
865 611
126 631
757 526
963 526
781 403
240 231
330 830
518 283
824 864
935 755
51 159
309 220
18 447
863 800
1 833
749 805
658 791
577 412
579 857
509 408
154 895
923 360
397 827
687 971
959 961
617 519
637 335
623 238
174 883
775 222
608 886
306 708
1000 475
957 876
641 123
472 127
726 384
305 745
714 284
643 429
708 685
631 512
489 503
829 599
746 983
732 462
732 992
669 270
422 491
54 282
900 831
682 167
666 115
957 661
109 564
454 934
964 608
933 513
140 53
195 659
24 646
657 164
231 763
169 825
128 949
537 355
264 811
46 164
4 851
900 289
802 392
68 224
450 460
126 903
58 347
398 638
486 101
451 587
335 797
162 881
106 210
745 243
969 969
432 298
159 253
634 593
565 453
16 657
610 72
503 222
511 319
752 61
55 694
469 384
829 801
692 136
177 536
211 958
499 647
115 526
984 28
818 904
233 509
424 884
976 565
371 601
406 323
334 522
784 192
676 103
168 451
427 867
432 602
531 783
337 311
677 994
537 172
1000 51
379 389
103 237
785 721
943 597
412 492
572 331
828 380
771 259
939 726
594 55
19 501
500 459
376 790
689 4
776 634
474 117
575 601
953 808
143 544
510 542
221 590
615 827
599 817
567 617
545 32
727 879
558 692
307 685
564 88
331 911
568 546
881 580
649 997
746 937
393 988
237 351
517 661
521 630
213 360
820 908
199 203
813 479
14 251
803 162
448 905
207 167
86 862
123 369
220 181
158 765
944 251
424 909
311 645
399 568
59 847
253 538
233 540
312 99
790 423
849 246
202 165
552 544
653 52
788 131
893 372
113 471
498 625
442 684
929 378
86 534
12 73
318 540
258 671
524 127
579 412
424 972
468 823
364 663
81 784
399 588
896 496
151 170
626 153
367 199
837 152
640 258
124 283
572 289
408 608
358 463
895 180
884 329
523 221
438 294
278 125
25 625
729 427
996 796
956 151
188 867
519 122
35 370
311 840
195 115
829 875
784 912
904 85
99 969
443 714
738 971
713 743
109 198
388 635
836 41
261 640
693 731
453 222
489 536
514 165
70 311
334 124
711 773
634 923
135 280
271 257
452 961
669 267
128 238
284 810
524 171
143 288
989 389
994 566
280 74
392 813
473 49
231 175
895 754
943 457
548 897
677 512
840 68
358 236
541 574
758 893
542 615
689 857
16 538
721 72
618 292
958 916
265 804
547 656
252 379
605 67
263 280
735 361
178 984
416 271
441 489
398 256
7 882
4 225
27 529
639 510
413 1000
502 191
226 813
327 898
170 420
711 470
123 619
946 377
623 465
312 887
736 764
8 55
915 727
22 844
650 644
831 181
508 171
534 545
415 439
896 547
982 417
193 205
389 500
801 332
337 820
489 416
733 243
271 854
942 66
954 236
48 568
919 969
394 706
881 295
917 167
375 773
10 279
448 661
128 727
530 838
541 404
311 743
316 234
473 529
381 191
652 832
2 537
137 366
349 880
100 940
663 745
67 37
443 672
295 809
217 682
911 979
359 300
855 511
298 732
616 868
330 618
160 769
803 186
50 584
208 832
585 716
530 472
951 272
654 498
986 365
812 583
805 479
699 898
500 133
643 646
544 915
970 55
987 213
888 623
646 875
398 513
510 356
625 586
694 16
933 984
493 422
20 354
104 214
230 890
962 212
50 27
351 769
498 835
864 232
228 254
713 642
77 476
407 919
497 912
269 754
29 734
197 967
398 41
747 259
386 926
125 840
411 544
359 908
844 225
580 69
108 121
838 523
408 678
814 593
421 665
999 314
507 992
557 596
645 358
571 524
532 163
426 942
387 537
230 182
246 204
537 208
716 653
563 848
947 532
633 103
834 871
938 932
329 507
481 986
957 613
405 323
689 590
332 377
686 905
989 932
650 474
93 606
119 389
282 671
450 360
3 845
324 646
544 99
957 609
734 501
268 764
699 598
171 242
151 390
279 61
891 259
142 519
380 826
353 942
711 282
929 896
609 982
61 276
398 301
385 952
631 856
859 428
225 255
207 723
328 280
971 937
547 37
628 901
848 456
543 996
864 590
228 455
85 510
668 667
936 829
755 51
832 383
928 340
85 915
242 797
786 547
845 1000
480 335
250 785
247 797
188 299
415 343
495 281
149 282
755 264
850 78
14 134
661 126
223 862
649 190
790 340
761 724
418 271
959 701
627 464
668 405
429 230
698 153
486 923
309 813
734 686
751 925
389 21
339 58
572 295
2 900
873 956
257 86
965 346
412 427
546 221
435 202
886 417
378 424
805 943
927 883
587 290
333 47
622 269
685 775
249 379
668 121
885 362
7 534
371 828
899 388
549 908
305 394
66 282
118 432
920 443
297 737
427 584
422 206
244 328
271 848
533 805
2 337
624 488
222 519
335 362
575 230
415 393
617 353
758 275
265 845
187 377
174 202
220 971
311 431
82 508
270 825
682 226
946 719
637 540
962 973
102 480
677 347
139 536
647 842
877 640
766 211
578 687
619 579
922 168
35 678
758 244
229 479
516 749
902 49
559 177
368 805
308 345
625 569
55 926
912 273
60 743
882 885
769 816
594 151
304 75
632 863
755 636
600 645
424 859
91 817
412 355
971 930
588 850
759 282
550 549
134 115
710 394
113 465
356 153
985 650
339 615
992 846
725 184
955 15
961 304
156 437
63 943
631 929
770 535
546 388
988 523
999 515
88 45
870 657
248 748
667 49
302 369
344 374
536 140
195 282
477 816
655 463
187 527
384 533
955 747
720 921
709 699
31 318
853 854
15 938
999 663
941 360
158 188
979 685
736 709
683 825
437 150
614 332
382 577
731 739
699 755
883 614
693 497
904 519
650 439
598 960
694 644
962 761
718 310
719 654
464 973
599 641
727 551
694 465
139 624
315 214
437 435
992 383
304 449
72 354
554 628
712 855
585 25
702 34
251 561
158 68
894 914
756 333
591 294
587 768
86 448
564 698
85 742
122 32
993 671
42 716
98 83
137 163
389 953
205 671
640 657
357 748
541 799
629 289
712 248
425 30
147 749
722 740
105 353
999 644
382 808
859 72
213 422
260 376
60 952
908 883
698 707
664 619
89 664
854 866
663 161
963 894
614 707
914 143
146 607
105 321
411 87
830 899
160 65
686 162
212 651
14 458
845 579
979 203
158 281
939 108
527 429
718 782
675 86
935 863
239 750
317 250
458 311
623 320
615 337
412 21
431 596
639 993
180 997
857 961
640 807
497 881
557 127
398 985
670 523
262 617
425 47
175 994
832 614
850 259
149 986
207 564
651 1
603 787
867 204
295 993
444 156
987 87
820 579
879 226
99 709
25 177
535 985
450 951
985 32
611 801
406 800
54 61
530 701
343 61
967 429
57 695
988 230
981 42
233 487
717 527
950 112
726 249
994 334
524 75
985 599
991 525
783 510
835 826
666 100
526 721
580 843
443 374
165 48
531 285
879 645
667 938
595 888
744 527
1 579
55 779
588 680
865 716
508 977
436 417
37 850
381 974
197 972
376 524
107 902
170 156
363 225
926 344
894 737
52 615
214 292
760 451
934 648
494 529
760 773
691 724
817 699
374 422
439 73
566 700
954 956
717 500
392 481
602 910
163 135
20 52
397 804
834 31
68 850
184 32
952 581
316 520
768 556
423 309
277 441
111 57
543 455
552 488
379 695
387 518
110 679
671 290
811 111
75 83
728 42
149 926
47 462
5 201
712 167
283 143
532 78
480 849
36 305
752 517
768 168
756 101
283 43
478 174
195 203
405 51
151 644
377 358
282 523
720 387
524 978
175 89
799 421
156 814
182 48
504 926
418 319
298 87
486 705
918 483
226 618
749 475
366 756
934 773
388 753
514 370
607 360
53 815
707 609
433 405
218 607
868 495
661 233
289 72
356 388
812 110
548 545
959 391
271 574
50 742
810 76
23 362
847 781
595 163
955 447
633 386
170 426
873 357
246 97
157 443
495 456
867 170
108 739
383 818
679 991
328 829
719 456
59 590
327 237
589 748
740 803
185 321
499 685
713 387
825 901
306 118
292 202
672 283
831 333
896 122
491 241
389 551
192 816
361 660
995 436
445 435
89 865
69 438
858 660
770 13
865 727
659 99
831 204
422 494
832 763
927 529
421 666
827 312
552 824
503 239
687 967
897 446
695 668
56 677
945 755
600 208
162 491
325 152
429 756
913 358
971 585
128 876
163 293
416 322
860 550
655 530
335 201
36 713
825 240
143 282
190 975
277 432
426 39
980 719
784 4
269 80
469 874
799 568
615 887
735 667
456 644
805 258
646 717
539 199
860 371
71 704
411 531
15 576
754 733
964 477
942 50
62 295
930 50
71 223
679 578
5 351
478 87
191 435
378 1
304 764
852 287
161 53
830 779
705 860
601 241
912 599
513 929
153 15
245 935
678 558
229 203
93 913
669 698
471 514
558 529
561 356
932 904
532 75
538 235
400 560
976 688
877 959
879 678
993 685
203 283
182 233
599 687
851 661
87 746
474 337
358 775
626 100
280 748
859 168
722 143
238 801
678 830
559 986
834 451
59 876
624 906
796 523
296 257
867 64
761 787
740 108
382 392
773 640
885 845
49 862
708 659
73 291
812 655
914 100
216 429
562 745
14 978
475 498
227 525
418 237
494 192
577 993
786 233
120 451
383 312
699 210
395 476
317 897
105 710
410 680
675 849
953 591
532 397
321 889
406 807
779 112
66 726
565 675
519 485
854 113
521 896
229 536
866 524
596 983
95 504
938 92
897 42
455 179
460 511
480 651
620 83
34 54
594 881
923 422
151 488
348 663
704 858
970 380
343 825
692 234
58 928
799 419
389 660
389 696
978 606
653 982
417 310
483 987
522 780
680 349
607 182
452 200
623 529
880 162
5 6
872 477
583 756
453 776
122 331
9 882
819 220
691 964
632 130
715 138
829 252
56 78
59 179
28 464
859 195
145 446
160 967
453 164
866 917
400 465
622 315
830 557
859 701
152 970
359 125
221 887
872 245
646 347
663 115
711 836
271 538
530 572
44 513
573 684
550 450
955 512
268 1
937 799
117 295
294 805
105 866
29 526
86 818
656 137
352 275
914 487
712 298
150 719
388 590
142 736
47 813
28 410
567 176
76 273
989 643
794 487
618 805
768 532
732 944
504 821
520 254
8 366
825 961
803 621
550 796
531 597
810 43
381 667
589 363
853 985
424 296
440 893
382 378
801 397
686 475
427 449
124 431
93 444
167 352
259 184
237 262
313 686
211 167
899 239
9 824
63 658
738 272
484 979
777 237
964 267
678 750
285 794
784 244
949 166
117 814
467 358
853 496
635 319
893 454
281 906
375 970
239 697
782 928
497 396
671 531
798 205
699 6
585 395
665 617
277 439
112 629
831 241
202 734
877 989
973 684
501 416
283 742
520 969
641 476
181 622
620 703
137 188
23 551
844 954
993 672
472 363
260 434
931 694
176 188
931 548
358 789
745 853
769 454
198 983
734 319
858 660
500 244
907 390
758 740
34 322
598 238
578 911
684 945
378 121
251 678
370 734
29 220
842 660
909 368
181 774
98 638
684 497
395 248
216 367
781 538
199 359
618 112
183 286
956 789
817 46
576 641
165 17
973 149
451 19
451 742
130 538
424 972
953 363
381 150
706 289
16 709
215 516
51 1
436 124
441 419
540 401
33 632
888 201
843 934
386 860
79 950
272 736
573 983
347 916
694 571
511 507
330 408
477 807
523 917
876 710
191 590
935 830
251 446
56 273
210 649
473 125
285 963
75 827
900 280
591 241
555 457
458 606
959 240
215 570
328 208
108 992
401 755
213 184
530 146
823 205
599 819
773 488
57 490
359 831
58 958
865 478
190 158
472 344
845 824
190 962
204 910
694 484
716 134
732 389
418 397
547 290
5 695
986 258
175 893
561 817
146 539
149 959
884 21
451 317
957 237
385 75
789 36
768 625
91 827
54 904
96 908
624 595
713 730
396 223
491 705
196 789
153 996
39 928
97 50
177 424
781 443
955 961
830 180
877 600
506 941
88 556
630 644
24 901
727 360
766 427
889 387
12 517
451 636
786 709
962 497
581 557
545 302
279 216
754 420
178 743
351 833
133 918
225 719
113 235
962 980
830 194
750 806
398 184
707 720
571 626
681 510
972 728
788 793
586 652
487 359
993 937
483 714
187 402
582 547
678 409
406 715
318 432
36 190
533 535
317 356
350 259
179 477
513 943
147 537
200 641
616 449
368 699
325 893
268 845
119 787
316 916
520 601
586 537
944 983
629 872
662 236
358 43
837 907
896 931
418 585
997 27
513 886
267 216
438 158
949 681
905 11
550 895
884 209
840 57
414 413
138 607
362 483
473 24
473 114
29 450
891 382
556 525
157 779
724 413
381 608
554 683
41 879
600 870
509 816
130 699
499 653
233 630
228 509
169 948
533 856
973 791
157 716
522 693
210 58
929 269
284 168
614 46
801 564
126 782
864 233
885 5
169 1
957 516
345 872
115 996
107 248
427 447
746 711
883 325
139 849
789 220
519 362
55 560
943 796
84 859
208 722
341 529
53 127
2 986
308 486
346 725
513 39
875 341
670 50
587 74
300 283
429 759
747 362
407 84
709 109
151 488
937 325
854 212
316 738
101 742
594 844
612 585
945 335
986 509
918 185
430 905
257 124
283 874
284 299
979 445
353 346
259 745
241 582
467 514
688 790
393 628
30 997
483 549
209 461
498 108
950 946
447 412
222 192
605 279
205 145
294 537
710 479
50 458
465 202
122 775
367 999
874 23
805 374
156 421
59 566
242 870
169 367
3 576
735 835
735 732
530 618
486 714
527 936
506 280
152 389
61 527
875 426
652 355
762 939
779 308
621 341
931 717
435 869
550 137
352 18
19 653
144 888
69 917
370 474
318 647
368 907
712 326
386 417
932 764
754 607
76 320
178 566
930 704
625 359
28 346
869 343
911 829
923 319
688 983
458 783
954 42
413 743
697 648
414 274
621 71
168 119
242 124
166 709
316 992
991 442
640 49
778 640
950 856
174 237
691 970
26 829
714 965
532 142
898 489
381 920
963 784
513 927
674 27
172 926
789 867
624 90
920 81
795 704
685 530
174 324
985 203
848 975
475 685
936 716
201 492
914 647
683 98
936 962
744 739
914 6
647 84
553 826
350 757
157 83
14 33
366 632
192 46
103 433
128 693
486 108
696 727
944 571
912 545
986 997
744 238
923 247
912 600
757 23
263 275
154 317
639 190
11 335
482 318
59 207
6 817
498 667
75 44
549 400
686 154
123 420
766 809
619 511
747 50
521 5
70 493
495 35
523 351
384 803
844 689
216 469
1000 814
631 612
104 977
468 675
705 16
358 954
285 817
686 737
492 791
832 375
417 97
736 855
55 575
650 544
610 242
849 968
73 375
129 396
961 272
17 318
478 143
351 852
794 176
887 929
944 154
935 986
426 377
890 927
334 899
356 283
183 596
372 458
8 377
29 671
555 22
847 199
432 844
44 269
137 811
132 723
298 151
689 298
166 986
919 790
396 750
179 24
608 629
92 745
294 671
367 208
594 727
580 521
947 499
278 171
246 621
328 771
878 915
155 562
320 592
244 872
381 900
474 611
409 967
141 928
969 229
466 557
794 599
43 704
3 334
371 120
524 380
191 838
584 9
448 215
150 463
894 553
766 570
318 439
86 623
99 203
76 240
763 407
30 42
384 968
325 307
671 544
928 731
845 879
293 590
341 684
178 586
663 917
2 900
691 201
235 346
138 926
995 92
821 461
795 947
439 238
508 94
709 480
862 286
910 241
752 605
798 591
985 255
868 73
221 148
163 429
563 274
158 46
883 715
717 833
781 1000
676 396
165 722
346 660
546 360
959 682
77 154
422 698
983 777
810 511
643 745
197 422
699 500
259 221
327 467
894 776
472 740
987 88
994 483
209 264
776 750
234 797
673 818
953 681
928 283
179 277
401 172
531 89
911 43
686 73
171 960
109 829
567 802
408 645
465 262
423 311
283 21
388 143
879 440
100 649
119 219
773 286
10 947
298 1
955 677
105 229
908 597
957 637
416 512
95 911
997 902
927 886
840 719
169 362
987 529
587 182
465 315
259 398
371 193
877 475
75 53
585 629
829 950
251 308
277 184
876 10
771 104
142 480
187 641
733 540
561 56
537 236
50 432
192 642
6 547
656 867
610 662
978 149
394 136
106 269
483 7
891 251
205 599
928 634
368 543
260 80
550 873
963 806
454 774
978 892
73 68
705 725
981 766
873 722
175 790
751 485
245 929
88 564
122 503
184 696
170 957
531 290
461 345
644 993
393 898
3 2
239 537
345 788
872 615
784 70
905 341
582 56
657 194
936 195
459 837
634 62
862 175
524 14
442 779
873 752
294 517
145 382
645 829
830 917
790 703
620 351
42 176
994 529
633 222
693 219
677 260
715 351
328 505
276 504
554 132
829 824
602 518
799 334
253 660
324 979
477 896
905 815
561 515
55 413
402 377
660 720
181 584
759 120
204 158
632 396
56 399
765 813
73 168
857 645
341 595
446 723
631 7
348 156
543 123
418 120
936 503
169 926
902 318
593 932
414 892
490 631
592 209
876 147
631 479
282 119
209 13
961 33
9 728
927 986
2 75
663 685
222 387
665 521
669 394
773 488
465 518
544 603
630 172
799 317
383 70
984 81
787 215
321 504
23 279
792 163
213 368
529 513
242 123
526 565
197 759
472 760
922 503
972 246
151 199
865 816
790 883
158 453
177 908
577 533
652 256
97 628
156 524
229 840
374 281
869 183
938 377
182 479
213 868
460 819
350 971
95 407
640 96
704 225
670 408
333 76
382 79
528 306
180 510
54 333
455 675
259 618
368 517
242 690
798 113
42 518
831 926
61 335
233 195
874 488
55 704
306 568
335 271
351 48
584 584
416 245
192 595
986 538
187 558
889 837
321 19
516 780
166 804
22 460
317 830
344 46
462 583
147 630
380 118
156 410
612 646
721 515
487 694
744 283
144 200
606 787
641 252
564 471
888 48
878 553
287 646
166 711
33 146
61 874
600 854
417 412
12 748
778 781
446 216
255 953
178 672
110 929
979 16
320 781
368 726
210 947
436 495
496 927
996 452
684 32
569 645
156 426
413 336
298 164
898 349
613 624
950 689
44 851
643 45
123 217
259 651
486 510
112 205
90 211
337 73
811 411
41 277
368 272
618 243
435 791
135 225
388 869
519 288
381 556
684 982
528 431
875 370
781 270
335 908
392 437
358 22
447 559
213 867
896 347
959 299
193 376
672 208
858 459
113 128
868 801
268 167
109 859
606 360
243 902
564 103
686 779
814 583
179 498
233 411
786 757
977 403
945 836
667 477
425 965
864 837
14 726
781 515
149 537
39 736
718 442
333 692
136 600
590 334
339 326
441 105
609 564
803 80
966 975
978 326
495 81
760 236
359 494
308 688
131 493
635 110
295 344
676 38
834 704
256 857
845 47
696 161
849 619
873 453
165 948
722 381
911 115
678 320
450 342
325 56
589 444
357 487
381 162
21 352
904 375
458 36
410 602
899 391
630 198
343 398
754 400
415 728
900 685
37 998
699 930
91 664
574 585
905 430
609 476
990 815
503 994
407 506
561 635
302 695
371 842
426 360
888 670
68 305
812 188
666 993
591 397
692 932
194 280
499 327
2 316
649 960
761 515
628 239
139 358
437 148
142 153
653 46
363 27
62 261
482 93
751 982
178 132
418 113
181 493
968 983
265 700
572 85
611 400
164 272
839 262
115 756
418 865
428 845
984 787
897 121
986 19
354 304
167 483
970 376
115 524
498 362
317 872
697 403
570 108
555 920
119 112
581 913
3 157
675 768
819 234
737 367
247 170
302 907
354 645
239 360
792 25
416 786
616 637
812 806
920 763
109 195
439 840
679 369
61 777
183 60
407 835
706 140
567 790
944 220
1 271
503 100
320 785
603 54
646 159
83 954
394 665
943 302
700 241
989 894
900 585
875 979
577 778
623 347
357 675
43 198
789 532
12 960
47 86
433 167
988 218
672 451
365 210
780 740
825 184
219 917
868 249
836 716
620 765
326 834
797 470
475 765
196 738
291 951
641 838
341 763
293 985
456 284
235 251
408 730
963 8
212 810
1 845
612 416
597 454
352 372
755 145
956 262
330 699
16 159
706 460
19 862
78 257
903 355
418 327
191 595
534 919
862 785
543 18
977 590
423 762
404 652
163 730
147 988
235 819
470 850
958 876
144 418
563 150
745 562
196 577
702 932
485 158
506 334
403 859
263 383
791 644
813 864
713 276
323 924
17 63
827 286
473 931
126 798
479 955
169 743
247 231
408 216
452 404
311 557
591 235
744 585
392 249
430 154
177 259
16 673
979 867
241 621
719 427
644 339
167 221
156 348
157 716
314 307
129 11
536 457
192 728
418 39
159 797
52 679
471 275
630 640
843 707
701 100
85 538
299 311
6 415
94 198
252 165
62 394
69 408
896 832
722 478
360 302
399 883
35 4
751 336
434 428
301 778
410 159
653 779
713 86
824 687
259 106
62 20
162 776
638 174
356 940
17 343
238 897
117 104
559 675
14 127
119 289
534 573
686 2
420 225
337 515
179 910
855 570
105 799
745 442
168 563
416 251
698 272
353 925
821 864
435 689
558 490
273 220
505 919
851 89
815 19
695 994
904 259
157 275
712 9
968 539
958 224
832 375
31 166
124 805
866 798
748 354
180 63
53 568
195 29
126 208
360 274
112 984
190 576
162 616
407 701
889 879
605 564
71 781
613 876
571 77
176 623
614 282
412 193
542 994
240 787
275 50
420 283
862 608
382 682
746 15
281 409
234 395
352 945
962 345
689 478
834 210
724 415
957 20
26 356
608 773
803 212
894 77
720 771
55 246
559 908
569 387
844 305
799 682
588 340
429 975
509 792
278 127
570 905
645 278
275 341
23 381
40 461
162 179
70 28
879 447
771 27
10 456
587 279
330 385
844 72
308 723
463 526
746 617
845 562
161 786
57 262
208 847
21 2
124 578
636 868
800 646
870 523
330 689
138 713
649 315
813 242
67 729
945 205
698 459
394 630
638 998
49 69
886 790
363 327
952 980
52 750
24 448
197 680
509 851
781 865
703 228
811 414
845 949
113 943
795 729
612 656
552 364
648 989
885 343
688 135
570 678
324 430
843 64
307 885
535 643
616 493
49 337
33 279
639 659
617 82
824 120
408 741
243 433
816 113
386 293
656 462
613 924
446 377
539 667
805 991
148 659
438 496
785 197
947 474
677 798
575 481
501 83
473 160
562 842
271 871
552 108
294 522
863 282
288 409
358 899
215 889
143 680
685 846
805 965
606 483
179 92
165 80
894 511
212 655
122 233
399 155
243 889
919 189
250 796
604 516
671 543
364 552
429 630
80 676
33 324
94 341
252 951
817 251
848 663
332 556
431 891
982 759
775 959
694 667
690 614
256 429
690 912
456 768
642 569
235 628
15 262
598 373
285 268
22 879
382 447
798 931
925 428
478 297
985 219
600 578
789 116
375 80
492 781
192 620
218 5
491 444
61 744
618 487
306 176
143 230
668 948
93 753
704 591
229 363
580 544
465 276
533 162
916 929
992 143
448 793
912 238
874 806
710 413
856 742
63 805
986 854
591 489
198 490
643 834
981 587
444 651
924 821
584 67
109 652
178 380
243 619
1 727
949 648
695 194
769 183
256 16
226 322
162 523
876 130
915 648
108 172
398 950
37 195
72 941
917 221
887 223
454 61
649 30
320 197
66 794
579 998
432 716
899 238
465 477
916 516
996 956
965 322
573 872
777 328
753 42
416 529
241 397
796 36
180 221
135 482
389 122
586 478
556 207
289 798
400 243
146 525
970 332
292 274
989 578
283 384
393 967
594 163
638 361
978 372
110 946
654 337
227 124
929 124
832 412
39 670
716 274
697 496
25 210
644 446
762 746
345 505
370 688
230 375
746 560
827 696
618 375
594 872
161 951
21 732
384 895
259 427
968 261
693 154
596 339
923 500
625 36
772 797
169 641
682 441
583 293
644 429
61 369
645 617
690 12
10 793
415 595
88 831
104 833
131 951
648 763
988 975
837 435
226 384
682 390
153 733
195 684
824 239
643 140
292 250
722 130
26 768
115 166
778 144
345 425
295 323
305 502
963 371
834 131
879 519
801 155
223 663
177 330
116 657
648 4
468 462
597 578
412 261
630 674
181 873
446 522
308 241
26 472
276 220
252 425
710 934
713 28
400 452
798 226
980 512
424 749
375 769
640 866
610 291
68 444
229 654
19 478
871 213
969 525
850 6
56 296
868 425
360 237
504 766
253 545
395 872
870 203
802 696
654 821
968 599
531 784
454 115
68 308
835 933
704 601
219 445
561 476
196 803
368 41
851 779
122 578
773 636
199 137
898 837
595 944
339 156
685 442
924 221
750 285
909 131
308 407
490 6
860 346
531 545
909 790
381 94
241 289
263 217
623 189
137 598
891 126
879 655
488 190
331 62
884 504
664 324
737 285
995 860
83 534
404 510
797 366
235 907
718 683
453 106
834 226
349 214
123 44
519 612
278 248
552 260
450 854
209 467
586 765
34 834
476 786
36 192
978 871
511 871
254 555
818 717
651 563
688 337
166 157
175 631
723 780
133 626
780 885
403 389
660 669
243 447
898 733
270 256
441 211
702 244
772 862
386 387
167 629
616 723
993 381
276 803
85 638
239 436
383 680
427 710
276 487
930 524
546 800
799 453
702 335
380 752
485 671
330 35
58 941
528 312
638 425
730 453
198 473
242 558
518 260
556 369
555 656
868 486
695 193
330 457
517 39
429 134
843 306
366 247
40 765
627 876
715 796
564 776
907 635
234 188
405 708
995 291
632 116
995 586
69 916
804 897
769 807
718 233
756 76
953 500
492 746
919 4
147 418
303 825
920 654
188 851
185 709
548 656
726 463
860 210
880 611
145 264
176 651
777 600
340 728
192 174
580 976
790 651
859 272
718 220
225 760
34 654
397 90
546 123
832 333
635 428
732 284
652 539
36 743
459 268
749 307
814 744
834 563
438 437
925 994
262 133
409 515
337 400
381 383
657 201
291 490
36 499
310 411
97 222
578 46
9 298
437 976
688 126
291 814
866 694
679 555
282 183
765 356
590 15
86 673
542 862
18 922
284 907
281 115
701 669
757 278
869 551
487 244
841 846
794 807
22 666
37 383
215 311
129 495
155 527
498 459
517 117
451 865
981 656
226 624
756 427
467 737
981 973
376 209
574 538
925 809
934 925
313 82
800 96
449 720
22 954
191 642
641 27
320 722
260 271
428 423
241 693
622 61
739 666
274 862
330 503
134 959
261 364
673 297
146 631
73 507
369 461
673 929
407 428
143 675
846 986
155 459
89 598
123 732
332 49
555 692
602 536
986 103
681 217
472 896
705 672
724 843
834 765
778 420
498 387
73 366
325 719
43 401
919 787
101 627
389 438
710 362
650 698
845 355
741 370
363 226
984 342
71 902
699 749
592 616
391 29
181 40
286 41
968 356
351 64
170 22
705 502
656 441
253 417
482 696
549 874
516 635
691 934
334 775
266 41
574 840
545 550
902 813
366 932
431 937
327 920
420 465
931 67
508 447
631 289
783 890
285 213
793 656
855 332
965 169
961 501
569 793
381 25
743 577
327 76
315 786
888 8
536 688
49 627
206 543
693 453
958 429
193 728
86 916
80 811
943 593
334 613
203 574
382 283
229 208
479 806
569 806
905 972
378 807
93 193
330 166
451 609
324 397
989 485
901 195
425 592
273 428
564 381
986 131
97 159
684 238
824 420
556 78
380 335
550 322
373 441
285 983
708 75
365 526
861 906
532 322
662 231
263 780
190 354
330 125
321 522
479 295
72 508
736 368
757 638
735 868
476 855
730 535
141 125
580 764
885 538
110 620
84 3
893 302
730 630
85 679
67 624
548 951
210 105
609 96
169 389
370 899
934 567
565 729
73 619
270 866
625 641
432 790
351 185
615 422
211 999
601 86
10 517
61 689
233 335
283 937
27 319
971 521
382 845
514 793
348 267
879 486
798 923
596 875
762 677
352 832
525 520
881 101
595 668
599 283
315 706
123 127
800 937
558 324
98 222
726 492
660 631
555 706
934 268
544 183
978 410
877 872
419 421
82 248
98 66
797 879
603 534
500 351
540 199
143 654
957 677
508 797
674 963
102 724
238 376
111 943
586 917
626 929
11 963
942 68
698 282
469 963
812 912
443 908
354 124
89 884
11 814
488 528
749 781
499 958
314 212
94 151
287 570
411 257
696 980
371 148
975 433
681 969
564 507
386 762
54 773
761 370
544 925
799 154
903 135
279 565
975 83
16 913
868 36
163 819
638 86
964 381
246 987
662 14
398 74
655 870
269 925
283 268
632 862
148 687
492 997
246 605
159 752
313 523
206 408
704 74
137 972
806 242
83 820
480 798
294 987
861 683
27 530
883 878
943 909
267 202
569 565
220 610
7257 59
9418 643
7439 466
8109 309
9793 478
6411 188
5446 303
6373 561
8284 753
8093 51
9744 667
9200 224
6509 558
5242 976
7662 670
8073 763
5102 806
7805 435
9079 396
6753 205
9049 286
5385 808
5930 563
9969 831
5017 505
5568 538
8567 129
9012 17
6857 206
6266 208
9528 231
5919 874
7825 146
8333 757
5405 478
7460 584
7653 862
6258 866
8765 36
6386 753
8031 924
9216 207
7811 264
7557 118
5048 302
8007 204
6686 543
9862 50
9411 181
5146 581
7934 832
9015 171
7155 600
6261 840
5551 194
8519 859
8704 192
5707 109
8957 504
9085 53
5283 939
6151 408
7476 600
9973 449
5197 708
8161 340
7195 708
7972 595
8666 848
5465 394
7618 624
8852 856
6647 271
9636 558
6864 362
5284 174
9393 49
5509 330
8781 157
7885 53
7413 106
8418 283
5042 976
7280 173
8190 464
8154 224
7587 13
7703 225
8887 879
9833 305
7520 653
5514 102
9572 687
8649 300
6947 394
9651 104
6174 917
7120 877
7999 110
9781 18
8296 982
7398 357
8825 786
7202 389
6687 633
7923 804
7844 160
7158 363
6520 529
9755 144
9894 136
6238 275
7579 517
7091 912
7521 206
5736 143
7421 314
6058 784
5076 608
6585 381
5631 111
6362 907
9131 850
5184 434
7693 896
8500 374
6561 464
5444 217
6734 983
6793 263
8897 764
7371 600
6752 545
5340 916
5532 168
6113 639
9219 867
9517 527
7937 10
9785 608
9216 990
9625 304
7850 545
7507 929
8477 177
8257 633
9524 825
6591 235
6241 636
7431 859
6919 446
5077 137
7123 918
8782 98
5909 619
9060 278
9727 553
9034 309
8955 547
6302 295
5393 353
6634 891
8413 719
7145 239
8817 308
6810 778
5463 274
7340 350
5374 328
5824 163
9053 343
7294 339
9011 378
9887 366
7605 502
6412 665
8535 657
6349 41
6308 836
9974 699
6255 779
6943 793
7503 156
8332 494
9405 231
7020 500
5477 476
6814 951
6784 969
6847 428
9379 683
6102 905
9253 585
8109 78
6343 493
6331 404
9817 22
6623 709
7713 584
8826 742
9835 698
5508 532
8805 381
8705 168
7132 329
9176 663
8318 286
9869 669
5502 76
9728 129
6300 792
7017 744
5066 785
7517 879
8188 382
5395 109
7504 276
5967 461
8785 729
9364 68
6312 683
7217 691
8997 83
9485 268
9385 684
8657 436
6283 870
8475 990
6042 219
7030 591
5516 272
7496 121
9430 435
7666 184
6948 853
7496 474
9403 317
6086 774
7630 469
9395 11
5235 118
8158 909
9287 335
8170 110
7768 469
6429 177
7043 726
7539 618
7812 553
9044 301
5110 588
6274 576
9035 156
6277 71
8067 175
5201 147
9505 956
8964 768
8113 129
8347 531
6653 365
9290 592
6867 946
5859 230
8667 137
7440 970
6031 943
5683 868
6301 933
7465 85
5249 211
7345 35
9400 997
9925 580
5091 224
7860 886
8950 47
9724 557
6489 847
7189 453
5149 615
7348 914
5247 554
8455 357
9281 83
8867 796
8328 356
9444 53
8072 19
7226 645
8636 460
9773 296
9351 383
5441 114
9543 485
8860 903
6684 358
8249 793
7805 937
8692 937
9356 407
7947 186
6641 880
5470 586
7435 726
9978 550
9568 800
9576 304
7749 351
9770 846
6879 797
6885 388
5276 859
6809 737
6695 64
8158 416
9040 632
7559 106
8717 860
8719 754
7913 390
5697 625
9195 1
7277 50
9201 879
6960 634
7088 236
7018 436
7264 49
7618 216
9470 86
9949 863
8998 473
9824 712
8336 378
7848 968
5795 444
6765 820
9623 255
7374 165
6495 882
6609 177
6817 319
9716 854
8036 365
6736 50
8134 664
9774 168
6551 255
8849 307
9920 677
8305 744
9498 940
5831 117
9265 306
9055 5
6345 205
9638 297
7359 7
6950 25
6856 917
8971 44
5263 81
7747 966
9476 468
9205 895
9583 439
6840 719
8445 428
9532 745
5407 323
8907 7
9343 948
8907 398
8905 246
6183 504
6346 467
7124 613
8512 346
5035 268
5547 517
5610 179
7195 939
6898 598
5697 950
5137 778
8848 903
7730 772
6689 378
9893 865
6701 765
9938 415
5718 545
5421 633
9241 454
6464 235
8519 7
9879 579
7447 772
5932 970
5800 661
6485 518
5901 888
8455 429
5962 458
6273 476
5545 19
6399 842
8015 543
7372 595
9104 172
7697 796
7609 987
9161 263
9777 439
8587 560
6646 651
7493 848
5410 340
5558 372
8946 920
9520 452
6281 839
6912 858
9947 501
9364 611
7926 599
9804 932
9250 653
6649 650
7147 496
9851 594
7277 542
6297 442
6512 386
6270 388
8446 287
9265 838
8621 214
9894 800
8596 682
7498 512
7183 881
9470 862
8765 701
7619 67
8242 599
7445 791
8864 752
9001 317
8927 677
6194 246
9096 117
8270 173
7752 146
8603 797
6219 83
6421 850
9012 788
9040 64
6243 402
7848 29
5410 993
6328 898
6442 390
9465 207
9895 10
6465 161
6186 739
8810 646
5955 339
6794 883
6094 678
7502 414
6109 594
7721 969
6203 372
6618 254
6304 595
6516 790
6126 955
5062 284
6382 656
6134 867
5670 228
6652 187
7711 27
8569 904
7503 396
8461 853
6308 608
8021 587
8028 69
8911 638
7289 116
6905 565
5417 653
9047 46
8979 801
6990 201
8012 199
5866 156
6656 342
9131 999
6104 670
5823 360
7726 201
8914 635
6918 926
8240 654
5587 249
9437 974
8744 19
6732 796
7375 149
8240 178
9874 603
7465 547
5449 234
9420 401
5502 682
6451 583
6699 294
7019 246
5092 95
7817 233
8974 198
6250 770
6423 568
5443 893
9411 30
9526 975
7865 952
6820 335
9442 764
9570 225
7799 706
6849 769
5973 490
8353 509
7470 503
9893 410
5329 16
7273 721
6771 760
7039 306
6810 731
6072 12
6785 538
6585 942
5366 643
5250 521
9101 118
5926 665
6706 560
5397 652
6088 452
8402 296
9769 369
9538 567
6248 287
8278 369
8432 696
7997 905
7912 833
9868 307
9629 190
9847 917
6981 879
7011 145
9001 123
9166 243
9035 60
8742 214
8855 895
7411 899
7411 660
5834 334
7480 622
7241 644
7932 587
9508 704
8097 261
9752 302
8948 959
8440 412
8577 805
8061 970
5609 489
7942 1000
8331 109
9842 383
8331 248
6428 152
5295 360
9500 962
6638 712
9957 57
9051 415
5299 134
7015 747
7099 523
9715 923
5499 627
7232 412
8602 890
6322 447
8889 875
8441 954
8473 620
5082 66
7998 386
8479 427
5569 809
7583 181
8505 180
6457 333
6548 367
9648 76
5114 436
5634 163
6870 396
7716 901
5669 368
6224 506
7547 446
5042 81
8228 745
9283 354
7818 259
6385 499
5499 788
8000 306
5939 935
7389 854
7428 657
6829 501
9561 97
6944 93
9746 640
9050 832
6082 92
6075 382
9971 64
8781 587
8558 336
7152 292
9018 726
7535 198
5574 965
9434 28
7357 573
5942 411
6368 479
7843 93
7882 71
6805 357
5536 866
9915 272
6666 554
7977 861
8346 293
6747 126
6435 782
5861 373
7928 759
8844 938
7229 508
7491 712
7528 621
7970 306
8607 668
7151 135
6207 425
7432 781
7602 57
5029 916
6427 617
7235 993
9689 676
6536 340
9018 662
5384 971
8021 470
5992 405
5701 283
7269 103
7324 257
5234 381
9998 508
7176 214
8723 326
7291 100
5485 626
6596 440
7725 769
7986 359
7770 643
5184 359
5234 192
5549 16
7017 356
8585 950
8921 161
7700 752
5883 979
9995 990
5015 213
7771 154
7484 662
7470 785
7412 554
7997 741
6188 920
9911 439
9041 216
7087 49
6626 754
8345 718
7066 884
9197 848
6129 702
9869 37
7117 710
6929 146
7689 748
8616 520
7457 174
9683 68
9174 405
8729 312
8949 415
6037 232
6495 450
7975 830
7689 950
7464 966
5780 805
8340 42
6657 957
8079 847
6070 124
7460 963
5505 330
8095 224
9571 323
5421 372
6650 384
5043 664
8803 241
9223 538
9091 966
7644 142
6825 626
5805 936
7668 614
8117 969
6853 541
5731 772
6852 780
7796 59
8548 667
5396 629
8888 577
8872 768
8787 361
5147 540
5078 444
8760 661
5719 241
5196 99
5192 43
7719 930
9030 834
5717 619
9581 547
6010 229
7328 795
9480 609
7309 606
9153 788
8090 840
6249 890
9864 621
5342 868
9218 184
8215 730
6284 808
8492 861
7385 535
6884 542
9460 494
5002 193
6536 930
5789 430
8945 336
6982 510
7608 766
6093 800
7569 101
7705 622
8870 477
9367 995
9121 891
6827 98
6225 715
9195 471
9522 486
7099 19
9672 392
6321 336
8757 753
8648 382
8368 331
5492 62
9823 231
6994 530
7277 792
7155 183
5891 142
8153 721
6632 46
5378 849
5977 518
9930 536
6751 149
7986 433
7341 703
8010 948
8851 291
5826 945
7355 443
7030 675
7663 43
7904 774
9762 280
5955 215
7879 49
5297 827
8035 45
5200 815
9079 514
7285 63
6474 100
6308 657
6831 379
8993 843
9566 158
7066 160
5324 922
6025 352
8396 425
8408 332
7102 43
7956 19
8859 233
8045 774
8586 346
7995 248
5163 235
9942 172
7123 489
8581 768
7385 139
9212 629
8607 970
6521 288
6735 570
9001 134
8176 192
9685 277
7227 541
8577 197
7777 154
9407 223
9800 806
5322 809
5752 882
9636 436
9683 392
5917 195
5030 989
6195 430
8727 796
9772 100
8532 62
9379 657
6771 496
7696 814
7105 961
8254 950
5552 888
9829 977
8668 131
7308 947
9144 32
5931 424
5893 95
7913 369
6804 693
8544 930
9628 928
5803 804
6497 302
9993 742
6720 558
8592 697
6762 366
7614 562
7104 114
7646 1
9881 258
8976 204
9747 364
6774 60
5688 255
5747 909
8747 915
6540 80
5784 435
7203 88
6099 475
9421 845
5758 95
9890 305
5525 642
5460 456
5238 799
5602 318
7297 648
5936 827
8964 416
5335 284
8484 566
8630 590
9892 401
6854 61
9593 223
7977 171
8121 829
5039 72
6830 94
8568 473
7568 88
9985 490
7538 322
7646 902
9279 424
5785 221
5489 725
9437 831
6272 210
6778 723
7988 659
9475 697
5242 409
5283 374
5633 880
7250 58
7952 614
8424 176
9093 595
8923 847
8421 632
8132 314
5782 173
7697 655
8973 167
6735 949
8319 570
7849 363
7846 620
7070 276
7928 85
7090 76
5683 30
7081 289
6950 940
5709 49
9833 40
9146 462
8910 321
5644 172
7367 461
6835 696
9256 864
9999 84
9604 629
7011 41
7918 149
8208 856
7538 968
9947 654
7826 811
9260 673
9138 313
7136 224
6769 148
7178 288
5172 116
7854 49
7584 94
9136 466
7674 536
6322 260
7662 124
7231 10
7957 853
5189 479
6746 59
7323 668
7165 979
9776 428
6514 673
5716 860
8157 101
8592 669
7184 253
7317 422
8271 876
9027 116
5648 74
7195 836
9833 501
8178 309
6550 229
5727 375
5917 364
8860 4
9861 26
9096 901
9868 640
7335 739
8668 347
6604 409
9515 936
6369 164
5176 478
8614 368
9536 174
6367 686
5673 149
8392 329
7246 11
6395 562
8615 456
5160 375
6112 191
7315 842
9364 630
5945 275
7259 515
6090 31
7236 467
9694 417
6569 56
7631 728
8013 921
6073 890
8075 928
5852 55
6348 576
8039 81
7763 396
6109 303
6699 470
8858 946
8333 539
9278 515
7124 331
6131 639
7979 661
9603 677
9406 621
6909 39
9040 664
8733 158
5051 588
9187 792
7440 721
6429 949
9692 209
5839 600
6778 504
9158 991
7066 739
7344 792
6751 215
7245 838
7563 373
6528 405
6670 726
5132 882
9571 499
7901 783
8824 69
5445 765
9752 259
5539 105
8984 796
7500 545
6156 288
5767 297
6587 920
8245 528
5928 783
5880 488
8095 651
9422 958
6534 609
8693 396
9514 682
7244 647
7972 614
7646 801
5324 801
9150 376
8973 61
8950 755
8018 843
9188 219
8016 767
5985 178
5993 280
7325 453
5514 410
9197 698
8207 56
5056 747
8738 576
9211 525
9004 462
5828 39
9613 238
5896 176
9807 657
7103 322
7660 215
8552 999
7133 85
6538 518
6165 749
7155 320
8028 932
6629 240
7418 502
8884 606
6104 238
8933 707
7596 471
6238 905
8651 300
6561 72
6478 882
6396 91
7865 447
6569 821
7594 241
8157 226
8501 489
9880 876
5755 38
9115 441
8245 340
9697 786
9760 947
8087 265
5656 534
9398 21
6482 452
7011 212
6388 843
5852 145
8239 823
9665 413
9822 704
5560 838
7802 951
7357 54
7005 518
5227 295
6596 851
5539 708
6173 916
9771 41
7822 148
5420 629
9362 758
5823 398
6505 279
9706 146
7150 693
5674 30
9452 189
5486 345
8354 829
8746 805
8777 653
8748 592
8274 685
5568 41
7366 138
7429 927
6473 259
7018 244
8252 881
5718 946
8299 983
6164 518
9799 852
6218 97
7416 669
9916 94
6395 654
6006 515
7024 226
7524 985
7433 736
7125 756
8143 669
5249 195
9125 381
8837 316
5200 788
8318 371
7827 445
6284 907
8644 687
7720 378
8227 601
6708 129
7262 24
8632 306
9209 289
8861 938
6189 235
6881 387
9151 749
9735 199
7119 362
7519 743
5188 208
5553 969
5501 369
6094 1000
9644 200
8134 874
7900 581
7879 544
5359 358
9393 411
5100 603
7588 417
9597 942
7276 588
8696 932
9429 514
9420 3
5950 179
7877 41
7804 859
6487 363
9485 667
5589 648
5730 481
9127 238
9927 43
8859 533
8309 744
7257 657
5580 528
9930 812
6342 747
9912 261
9866 426
8204 684
7233 377
8829 603
7145 419
9262 960
6193 171
8640 549
8812 923
8183 45
6814 713
7636 194
9551 656
6298 503
5202 964
9292 279
7817 948
9485 970
5110 197
5640 199
9942 572
9836 482
9242 527
9075 375
8680 153
5641 364
6886 201
7155 429
7643 646
7351 483
5978 925
9098 712
5623 892
5841 717
6026 954
6423 590
9280 29
7069 238
6305 745
9174 676
5814 158
8173 702
9453 320
5754 871
6121 18
5941 86
6032 255
7024 504
5227 17
8180 848
5527 918
6310 322
9534 824
6147 712
7574 184
8745 68
9889 698
9367 385
5257 588
5412 383
6849 652
7586 90
5983 816
5098 15
7952 349
6485 94
7385 459
7285 414
8425 176
9154 835
5583 993
9137 153
6809 710
5863 935
8441 302
7266 574
5419 725
6512 420
5992 993
9276 727
6601 650
9963 964
9948 508
5653 364
5454 659
8783 58
5039 5
8911 14
5178 524
9531 200
5157 586
9851 537
8243 748
5525 664
8196 770
8451 850
8328 139
5379 504
5262 2
8425 745
9637 236
7349 589
5099 81
8404 537
9648 607
9746 556
9962 207
6751 676
9436 87
9535 794
7100 283
5593 169
8850 329
8028 195
9978 588
6642 822
9223 5
7287 679
9292 464
7507 567
8483 562
7779 826
9203 620
8837 10
8843 15
9002 809
9946 547
7672 475
9054 563
8183 356
7157 956
5321 13
6364 208
6654 57
7703 745
7168 473
8662 265
5345 777
9562 198
9556 679
5499 900
9018 45
8817 475
9180 659
6444 887
6439 556
8681 977
8510 99
8101 719
6707 816
6261 885
8129 484
6912 728
7078 876
8876 149
5465 864
7803 283
6659 533
8443 814
7236 623
6493 273
7643 901
9320 928
9669 807
8153 968
6487 603
9035 546
5228 202
5383 767
8344 525
8959 677
8822 424
8333 423
8832 244
9548 304
8121 255
9315 613
8831 619
7597 377
6243 384
8514 67
7226 616
8257 800
7875 898
8910 268
6890 403
8373 879
6222 558
8769 790
5240 597
7728 682
9205 266
5716 636
8596 301
7549 710
6466 106
6869 307
6384 689
6241 9
5956 399
8516 13
8806 644
6878 728
9641 723
9758 970
8024 829
5798 771
5294 647
5609 94
9851 523
6421 145
6029 552
8749 571
9294 588
8443 50
9365 51
8663 476
9732 266
5612 752
6030 621
6027 253
7452 939
9694 411
6808 323
7560 297
7552 810
7759 25
9212 243
6939 261
9577 694
8545 972
9179 745
6190 690
6774 404
8166 207
7980 788
9748 837
8908 740
7048 185
8608 958
8383 103
6985 936
9387 968
7775 708
6089 60
6415 511
5131 842
8947 836
8450 75
7018 486
8705 599
8092 931
9968 311
8521 481
8233 62
5031 992
5666 10
8409 422
6002 629
5654 864
7886 224
8117 261
8660 104
8369 688
8368 723
6096 627
8656 292
8109 109
7338 712
8671 746
8589 316
7074 616
6447 186
6702 574
9691 290
7502 581
7728 403
8607 65
5668 254
8667 132
9131 2
7724 305
6145 792
7228 768
8070 702
7521 954
9855 23
9993 16
6511 331
9583 490
9455 889
5893 563
6084 691
5729 85
7922 745
6338 397
9607 171
9864 724
9035 562
7878 59
7331 100
7835 399
8747 490
7748 475
5685 956
8883 358
9129 781
8600 273
9670 271
9426 548
7426 247
7639 515
5737 533
5920 352
7394 34
9677 799
9080 524
9894 271
7433 542
6241 411
9770 429
6220 125
8003 16
6622 69
9947 602
5898 365
8321 760
6508 822
6791 424
7458 77
5092 93
9226 603
8514 653
6820 887
7138 94
5022 331
5605 880
8622 192
6424 800
7636 969
7949 921
9618 112
8841 8
6276 480
5287 666
8228 781
8164 120
6649 454
8513 641
8108 766
7656 588
5887 524
6152 197
9645 788
7951 603
8623 54
9225 999
5248 314
9341 126
5966 242
6752 35
7064 941
8380 172
5780 456
7017 622
5187 202
8337 165
7838 420
8980 617
8745 8
7929 979
6912 821
8178 502
9610 510
7119 515
5114 477
6241 774
8520 239
9290 453
9362 997
6425 872
9714 759
5876 603
8768 881
6048 465
5004 932
9800 824
9756 137
7589 814
7705 949
8634 790
5023 538
9594 752
9590 281
8465 233
7247 686
6732 205
6163 628
7861 341
9193 564
6240 231
5563 941
9868 884
9082 963
7571 764
7785 647
7276 739
7542 688
8226 594
7215 709
8688 205
9008 257
6239 244
9409 623
8524 753
6239 232
8795 157
7258 626
7869 229
7797 322
5063 802
5191 784
5021 547
6153 468
7033 407
5673 816
8222 235
5585 986
7309 420
6197 178
6708 425
9764 936
5747 513
8319 704
7115 894
7923 875
8319 90
9911 815
6713 718
5918 91
8305 935
6199 546
7430 512
7060 18
5386 425
9041 882
7954 561
8865 964
7629 60
5469 823
8710 543
8392 297
9636 117
8821 528
5541 361
8710 725
6403 117
9345 767
9452 514
5469 365
6897 463
9301 62
9253 970
6726 602
8670 728
6597 4
8175 727
9051 395
5336 336
7954 193
7579 104
8508 673
5883 469
9942 705
8233 908
9129 348
7196 587
5083 514
9215 301
8499 800
8880 64
7172 44
7694 840
8353 953
7472 161
6724 131
7296 856
9423 507
6711 671
5940 675
9045 555
9613 689
6005 614
6616 291
5632 803
9925 131
6893 384
8448 423
9764 601
9975 524
5583 985
9470 899
7978 21
6454 146
6487 702
6402 573
9988 453
9118 776
5946 974
5734 875
8860 150
8746 166
6282 806
5747 966
7483 907
9806 330
6682 499
7536 404
9035 191
7307 665
5267 682
8788 75
7648 505
9154 652
9542 843
7440 444
6870 489
5339 286
6234 550
9512 369
8950 681
6687 315
7104 927
9244 421
6162 883
7192 797
7834 689
5503 179
7168 284
8209 421
5645 242
8376 947
6467 913
6203 331
9573 772
8166 420
9496 770
9977 181
8209 276
7595 544
9363 694
8686 887
5493 973
9744 50
8660 21
5334 271
7034 513
5027 171
9794 985
5598 242
8632 899
5873 526
8670 698
5076 828
9052 544
7585 424
9528 674
7541 36
7194 246
8118 155
5169 172
8481 544
6257 238
9220 740
8615 325
5532 752
7904 908
9135 129
9536 159
7084 891
5830 242
8207 373
5651 4
9591 353
6786 479
8522 52
9516 581
7600 983
9058 635
9747 41
7107 474
8823 398
8691 345
5346 373
7015 574
8189 618
7595 120
6173 662
8489 584
9455 59
9806 463
8893 264
7512 572
5007 79
8347 714
5193 124
6323 446
7824 189
5395 911
9874 437
7698 715
8480 322
7867 248
9005 292
6563 228
6575 256
5320 610
8112 10
9020 804
5858 979
8155 797
9892 992
8900 184
7833 278
9040 569
7437 272
9442 74
9019 918
7310 280
7394 292
7418 586
5140 695
5779 844
7050 263
5145 531
7744 682
8518 627
6175 512
6743 602
7315 782
5505 550
9895 855
7443 839
8664 693
9851 719
5600 238
8882 213
7652 534
7296 526
9047 1
9247 257
6246 840
9413 472
5398 274
9278 357
5128 694
7678 573
7295 604
6391 849
8983 823
5864 680
8928 8
8816 292
8038 667
5258 369
7085 221
6686 798
8740 263
9188 7
9203 371
6166 783
9524 979
7352 255
5885 592
8843 461
7057 730
9266 50
9621 40
5425 204
9599 952
6066 178
9625 575
5521 801
9752 920
9139 331
9820 943
9619 885
9494 64
9778 440
8344 74
8674 715
8852 846
6522 704
9114 980
5172 794
7441 209
8691 93
9004 250
9100 721
9083 552
5342 876
9285 86
7619 1
8566 292
5974 248
6067 980
5740 83
7316 689
6716 988
8311 687
6687 2
8400 995
5780 869
5522 812
9586 568
8136 148
5230 336
5167 832
8455 162
9045 449
6811 859
7302 600
6026 978
6951 78
9814 595
9245 953
6166 479
9545 733
5873 974
8052 514
9552 680
8835 204
8016 633
5630 134
7647 382
7940 921
7860 677
6965 216
5887 857
7175 389
5495 688
5018 584
9907 761
5516 800
9260 740
6710 261
7432 648
5385 854
9646 117
6764 126
5138 21
6936 884
5689 999
8916 857
9968 282
7675 230
9101 556
9834 201
7779 831
9094 450
5172 610
9762 571
8081 404
8825 374
8838 800
5776 934
8410 919
9045 421
9938 681
7491 864
5126 333
9763 18
8359 233
8106 127
5424 985
6547 781
6673 480
9405 252
6801 452
9984 972
7746 143
9509 668
7770 885
6971 416
6008 125
7020 878
6962 402
7801 937
8762 719
7268 649
8033 759
6542 321
5573 243
6954 132
9411 599
9642 590
9885 435
5038 757
6449 669
9182 347
7949 981
8919 63
7070 798
9197 523
8952 565
5183 508
9641 21
8584 640
9798 105
5480 521
8383 483
5369 142
7728 814
7404 164
8354 262
9094 337
5005 632
7969 269
9564 531
9590 261
9199 445
9859 673
9254 897
8002 238
5408 586
7449 931
5398 900
8539 140
8482 782
9690 584
9777 987
7437 5
9206 444
9118 161
9199 518
9568 97
8151 378
7389 369
9404 914
8995 387
9636 864
8725 513
6389 771
6175 919
9045 303
7283 458
5842 948
8293 341
7561 44
9865 168
9026 533
6660 272
8156 357
9814 685
8048 432
7767 567
8405 938
7875 105
6335 652
7249 375
9576 126
8940 717
6789 796
8912 274
5606 533
7611 272
9915 649
9986 734
6907 840
6278 485
7838 617
7115 548
8150 251
9319 622
7194 602
7864 409
6194 954
7651 264
6195 635
7325 295
9442 174
7580 202
9250 516
6943 632
8561 339
6357 211
8961 362
7107 23
6029 617
8024 371
8194 921
6904 218
6773 731
7356 428
6310 632
8902 474
8761 183
5463 912
8332 178
8507 300
9965 522
9010 40
6087 747
7003 701
6970 405
8073 228
8627 555
9989 38
7603 580
9884 77
6578 619
5638 836
9803 976
8045 621
5001 746
8153 39
9109 454
5081 45
7717 352
6691 197
6630 994
5726 596
8995 766
9114 537
6478 502
9035 81
9135 95
5429 650
8705 472
6999 556
9066 781
5571 17
8034 255
9521 268
7349 129
8707 449
7268 200
6399 293
6445 905
8596 903
7458 858
9296 137
8507 285
8370 594
5096 625
9085 175
7231 764
5860 241
7561 727
6356 260
8698 779
5981 105
9584 841
7894 516
5181 287
6742 469
8868 837
7761 889
9470 916
5130 992
7579 204
7740 922
8529 977
6529 310
8828 59
8618 689
6939 422
7637 8
7722 20
9457 207
6758 579
9667 3
8126 875
5416 735
9503 749
9292 790
5886 527
9604 890
5409 840
6507 226
9243 300
8702 909
9367 542
7238 173
6510 364
9260 441
8090 451
6430 638
6207 391
9540 600
6655 302
9178 763
9926 746
6825 213
9344 806
7393 428
7048 486
7178 824
6857 40
5321 522
9144 442
8639 285
6378 246
8924 438
8272 472
8498 126
9180 735
8244 75
5100 135
6802 385
9217 591
6653 215
9448 796
5660 782
6350 697
9263 212
5557 731
5656 410
8375 524
9459 635
7437 399
5315 80
5880 997
8057 795
9425 168
8415 963
7175 813
5501 17
8425 143
8696 612
6904 103
5421 363
8125 445
7948 393
9441 923
8037 437
5993 68
6390 791
6318 92
8984 467
9121 85
7776 637
8333 725
6925 674
8994 627
8391 889
9808 452
6987 89
8296 290
8015 9
7171 811
8917 701
6780 184
6525 205
5634 215
5897 519
9591 155
5400 980
9498 745
5539 582
8902 89
6407 362
9870 396
9855 531
9500 910
7545 971
9751 872
7096 718
5401 182
9970 450
9928 115
9279 331
6398 165
7665 612
9021 581
5158 426
6651 754
6134 644
5005 378
7273 936
6871 806
9289 777
8430 832
9400 842
8696 765
8080 888
6916 380
9131 359
5207 129
8492 626
9004 854
9510 323
5039 251
5146 258
6741 51
8225 618
5314 193
8685 995
6082 111
9484 902
8785 796
5579 35
9974 194
7558 534
8874 245
9995 463
6061 557
5420 627
8307 556
6341 60
6855 908
6090 700
5730 373
9709 384
7121 631
9349 509
7990 30
5694 611
5946 500
9701 124
6595 537
5349 487
9909 623
7375 260
7106 458
8284 774
6511 558
5783 953
9715 209
6395 734
9139 227
6481 404
5116 329
8360 980
9753 73
8673 428
8828 407
6939 390
6720 856
9341 635
6692 750
5213 316
6561 461
5280 284
6513 136
6178 255
7680 788
9500 284
5149 437
5740 117
5350 564
7235 695
5476 449
7072 313
8353 535
5856 621
6854 206
7931 530
9489 795
6374 145
8534 959
5496 78
8345 727
7942 992
8241 8
5853 235
5187 587
7786 913
9261 646
9608 755
5731 145
6930 491
7735 572
8228 878
9279 739
9969 275
7796 934
6738 834
6573 547
6003 274
6537 583
5477 834
7255 788
5083 623
6429 249
5813 996
5153 250
6174 893
7879 406
7123 138
6244 177
6647 70
9035 378
7094 641
6801 393
6944 220
6159 605
8488 206
8724 750
6625 52
8461 939
9127 887
9602 924
7834 15
7898 383
8287 705
5422 230
8878 94
7382 343
8875 498
9130 493
9019 180
6360 272
8810 608
9428 778
8703 654
9961 888
7219 259
7093 360
7063 996
7696 410
5774 637
5122 501
5422 141
9619 591
7315 620
7541 36
7211 458
6748 483
9710 511
7582 616
5315 607
6893 656
9497 211
8189 230
5638 372
9874 351
9246 458
8704 762
8470 913
6415 465
6218 622
7928 868
8932 642
8939 413
8063 54
7340 121
7414 716
7942 162
5295 72
8408 574
6364 800
5934 446
9698 550
8035 864
5641 123
5422 963
9812 434
6082 643
8261 779
9151 247
9071 83
7478 958
6564 844
9515 138
8408 150
9158 969
6245 993
7395 586
5076 799
9849 959
6318 231
5836 674
8794 525
6567 27
7891 652
7773 901
7531 922
6086 807
9479 671
7922 384
7070 544
9191 204
5860 691
7436 616
8917 94
5777 771
8763 142
5354 53
6095 676
8995 811
5861 312
8288 84
7577 943
7146 207
8249 680
8025 573
9979 421
8851 845
8720 236
5789 179
9983 469
9457 805
5413 158
5995 184
8055 477
5804 767
8686 316
5397 697
8947 556
6104 154
9122 218
8578 17
8804 479
7960 697
9911 945
7021 395
7474 782
5921 162
8139 768
9532 16
5882 356
5322 401
5481 229
7788 406
7745 940
5442 709
7624 491
9426 860
7254 329
7250 716
6333 841
5965 153
9867 879
8887 15
6046 539
9384 84
5252 791
8714 25
7217 825
6049 743
7939 409
6889 5
5046 224
9330 758
8117 534
9709 870
7884 704
8192 582
6860 576
7204 963
8544 774
9104 466
9759 489
7018 179
9464 829
9626 583
7934 422
7184 979
6573 837
6714 410
5043 745
8002 75
9250 136
7508 75
9186 924
8625 961
5220 253
7766 100
8634 708
5114 832
8215 857
5006 25
9132 406
6825 91
8100 70
8458 393
7863 382
8060 862
8804 977
7063 449
7334 456
7618 484
7664 860
9005 141
8447 784
8110 60
6265 364
5311 275
7270 557
6560 486
9873 969
5010 214
6083 835
9998 431
8818 643
5178 345
6104 920
8987 407
7102 24
6821 57
9843 67
6639 249
7190 391
6433 940
9627 925
5586 63
8771 435
7869 556
6006 922
8640 505
9932 811
6389 312
6911 614
9136 275
9892 210
6912 552
5538 58
6175 525
5116 570
8343 331
6304 628
9788 537
6713 115
7116 812
7363 633
6277 342
6019 99
6532 389
9091 55
7519 660
5173 771
6600 24
6680 154
5592 286
8270 847
7531 389
9111 575
8328 294
6873 606
7646 817
9500 956
7417 2
9685 920
6350 624
6144 742
5541 218
7711 240
5500 735
6412 958
7751 595
9709 72
8319 53
5449 369
9855 671
5965 440
5583 43
5369 181
7645 803
6447 998
7385 836
9437 919
6431 961
9833 766
5110 942
8813 833
8999 691
5822 435
6837 173
9141 179
9388 216
6771 704
8886 879
8394 599
6439 154
8643 805
5737 135
7936 758
8978 166
9793 860
5614 288
6626 991
9418 617
9299 543
9900 273
5800 734
6337 684
9585 324
9875 283
9443 207
5965 634
7186 438
6601 618
7620 504
5449 526
8801 226
6422 121
5330 546
6763 210
5084 495
8489 280
6629 449
5142 191
7862 615
7344 894
5517 938
9197 782
8038 705
8413 271
9644 42
6354 285
9843 799
7788 334
7237 581
7013 699
9056 184
6644 257
8948 531
9140 875
9598 461
8097 875
8043 945
6176 237
6741 115
8753 744
9899 973
5502 298
9623 296
9559 119
7363 593
9452 324
6215 995
9406 99
7463 205
7144 515
5672 405
8540 284
6488 945
7179 778
6848 222
9622 194
8709 296
6733 298
9471 580
7704 910
5707 415
5442 185
9593 58
9412 35
9276 91
5602 25
8075 406
9343 813
8906 704
6911 230
6482 991
6047 611
5577 632
5630 448
7098 667
8761 155
5453 633
7630 776
5553 961
9811 51
5468 205
8804 45
9325 985
9343 752
9075 508
9109 556
6395 899
9308 506
7515 530
7067 342
5059 884
6012 795
6438 647
6410 370
8437 49
5644 846
5887 875
5559 819
9778 716
8580 708
8229 651
6370 110
7405 310
7777 617
9222 904
5286 151
5459 135
8475 697
8595 305
5386 663
8380 494
8804 581
8114 206
9963 920
6276 718
9058 782
8425 1000
7184 177
6538 999
5608 961
7043 197
6816 219
5262 17
7653 889
7883 135
9339 781
8262 555
5036 189
7407 371
8740 114
6322 143
6787 560
7205 107
7452 285
9759 848
8860 660
9009 296
5904 220
9013 275
9628 344
8496 598
9741 968
5981 563
7698 939
9605 834
9324 134
9825 871
9152 864
6292 964
8307 924
9330 176
5980 438
5210 55
5807 752
7063 435
9415 845
9732 113
9323 623
6985 595
5252 175
6358 714
5901 465
9630 412
8813 693
6067 805
6100 125
9248 949
9133 853
8449 79
5327 538
9593 462
5277 467
8363 561
7900 566
9967 130
8084 249
5312 920
6970 592
7175 600
9307 175
8749 838
9341 27
5779 687
8730 132
9347 401
6275 97
9370 226
7719 711
9164 273
8014 906
8357 328
9218 959
8335 382
7173 226
8599 433
8649 544
9212 971
9745 937
7492 296
6723 918
7404 595
6722 643
9296 221
9640 661
8699 940
7897 16
6707 694
7451 980
5269 479
7551 549
6461 372
6130 140
7732 273
6502 348
6738 30
8484 697
6664 415
6283 118
6270 86
8788 909
9872 42
7533 726
6169 145
8691 432
7782 781
9820 260
5092 628
5072 738
6931 730
9107 948
5472 958
7827 693
5947 701
6779 662
9517 745
5536 442
8108 135
6728 197
5498 9
5447 470
6779 901
8003 703
8187 519
5339 555
8255 99
7701 863
6562 431
9718 370
7749 165
5685 870
8911 542
9562 596
8524 40
8879 659
6781 394
9892 306
6088 868
7399 787
5142 571
6030 908
5885 973
6931 46
9854 984
9722 722
9277 98
5904 559
5816 616
8957 295
6623 129
5658 6
5750 941
9889 130
6596 912
9631 553
6999 954
8673 618
7394 196
6299 406
6232 22
9114 653
6015 817
5767 617
6918 958
9107 797
5063 461
7873 400
8550 717
7021 588
6575 208
7357 864
9368 202
6499 172
6896 596
5696 586
8857 353
7021 449
7141 946
6028 518
6578 60
6187 945
5491 366
5532 184
5231 658
7284 39
7835 245
7429 770
9865 31
5322 588
8938 753
5247 670
9986 899
8463 174
9229 530
5333 282
8617 353
9094 65
5074 591
6146 843
7587 835
7468 863
9763 569
8855 573
7978 928
8581 98
7406 10
7842 501
8498 163
8418 663
5124 842
9895 234
7204 399
8148 390
5159 458
6085 302
5391 215
8584 460
5260 23
6715 324
8101 105
8184 143
7199 894
9125 438
9145 827
8770 20
9219 160
7580 470
7374 225
7062 109
7200 724
7877 192
9964 77
6482 551
5204 641
7620 157
7678 484
7263 281
7653 322
6791 581
9802 7
7015 374
7318 971
5392 523
5497 164
8852 410
5681 534
7847 587
6194 121
7549 967
8619 76
6248 434
5552 377
9948 558
7246 601
7106 613
6522 773
8015 801
5175 150
7467 786
9865 429
6974 262
8492 770
8042 906
7928 399
9448 765
9836 130
5581 782
8004 454
5072 968
9045 49
6160 183
7990 369
7492 890
5628 428
8309 839
9274 247
8874 772
6755 366
9014 561
5155 461
8720 434
6710 587
9439 366
6006 337
5339 345
7508 769
5564 953
7564 957
7277 570
8787 711
8540 575
8262 852
6539 984
8155 691
5737 298
7760 5
9120 801
7955 13
8654 754
7026 288
8152 145
9465 844
9374 643
8599 697
7956 627
5425 886
9245 841
9511 313
8380 851
8459 462
8029 259
6132 560
7462 994
8906 69
8730 830
6866 459
7816 81
7743 738
6975 641
9912 637
8898 523
9808 881
9378 389
8860 906
8688 66
9153 693
7091 751
6355 155
5475 949
7332 910
8967 710
7914 857
6985 17
8500 597
7132 958
9577 147
7218 153
9349 885
5004 357
6410 676
7915 914
6080 826
7129 927
5000 198
5124 14
7282 367
8313 975
6092 74
8570 282
5113 587
5775 247
5383 439
8634 725
9049 33
7191 672
9207 820
8180 517
5338 820
8774 881
5358 873
6849 241
9953 247
9931 722
7784 357
7711 678
5200 983
6744 316
6248 854
7592 981
7155 454
8287 14
9518 452
6779 768
7865 176
9341 974
9491 158
6445 86
9035 144
9260 820
5989 280
5670 74
7388 261
5710 367
5289 337
5711 915
8713 285
8057 832
7935 775
7834 400
6966 478
6377 739
5511 180
8271 669
5780 473
9330 507
8119 546
9401 868
7957 235
7648 721
5024 35
9859 560
5316 474
5676 686
8229 531
8532 393
7139 668
6654 164
7581 630
8599 902
6873 70
7419 222
8811 586
5203 982
7431 221
6522 936
5336 206
9872 671
7914 139
6386 969
5335 337
9318 473
6481 85
7399 431
5776 542
7613 993
5549 636
7557 897
9961 474
8077 181
7163 684
9297 724
6097 818
6292 810
8744 426
7651 694
5553 161
7006 195
5220 158
7314 746
6528 367
6332 128
8639 31
6745 684
9710 891
6813 447
8384 582
5744 798
7706 955
9987 190
7623 144
5180 200
9684 412
8829 494
5810 977
6935 571
8150 28
8094 789
7010 829
7582 921
8697 510
6388 158
9114 643
9037 159
6928 609
6855 430
7595 547
7043 341
5321 198
9743 468
5088 333
8657 586
5800 237
7427 609
5008 945
9959 105
6379 109
9618 202
8157 927
9605 267
9132 866
5478 440
5751 504
8414 657
8997 799
5112 767
9692 558
5366 660
8701 242
5936 492
9081 515
5429 663
8720 145
6503 564
9842 405
9170 877
7585 432
7978 406
5033 120
5783 56
6973 623
6245 46
8777 868
9244 682
5751 71
5822 420
5191 646
8111 985
9265 464
9520 919
7079 590
7859 136
9956 730
6001 422
9492 660
9814 434
8674 459
7016 289
7193 623
9392 880
9001 752
7365 29
5847 627
8409 863
8468 177
9860 118
6278 939
6628 667
9834 476
5891 465
8720 518
7881 112
7657 264
6769 472
9295 976
5924 787
6253 153
8007 501
9608 267
9269 784
5487 164
5897 146
5953 7
5567 541
8077 113
5493 6
7551 246
8625 75
9634 742
9456 673
8127 600
9409 864
9041 215
6732 812
6878 490
6755 857
7311 691
5554 419
5391 678
8102 963
8111 825
5956 164
6211 256
9497 811
5705 62
7011 621
9473 677
7999 221
9362 87
8771 311
6229 733
9507 878
5527 464
7647 637
8931 997
7613 225
6313 620
6710 333
5365 462
9773 564
6860 492
9499 169
6337 774
7801 975
9480 166
5179 636
8653 616
5884 14
6592 944
9031 353
7490 126
7697 923
5979 562
9746 576
7421 411
7125 541
6546 53
7851 362
8192 898
7969 490
6586 136
5420 521
8380 672
7942 711
8889 550
6247 290
9208 653
8659 349
6538 96
6143 503
8547 684
7333 529
6163 894
5408 584
9610 498
6488 620
5279 382
7976 810
9865 686
6204 876
7054 122
9638 185
5811 582
8389 606
7408 524
7502 448
5254 960
7973 230
5134 517
6563 49
7701 571
9778 30
6735 24
9353 662
9942 995
8903 314
7162 38
5198 337
6595 586
8982 234
6674 69
5263 843
7067 968
8151 218
6800 934
8421 524
9514 708
8535 342
8720 997
8445 129
9021 267
9824 822
6977 227
7751 155
8251 958
8673 253
5339 453
6368 69
6153 989
7493 788
8944 876
9684 398
7411 564
7340 79
5859 769
7868 32
8859 654
7970 926
6061 909
5188 227
9905 614
8957 288
8718 330
7907 953
8400 197
6309 866
7561 397
5878 86
6804 987
9104 343
9176 560
7500 333
9548 243
7240 681
6508 231
8804 491
7210 369
5755 191
9127 44
6699 46
9979 719
8033 429
5506 96
5088 49
6672 666
6803 419
6769 91
8162 35
6968 152
5526 114
6078 434
6942 706
9596 897
9122 501
7946 468
7414 327
7638 54
6091 213
7858 572
6444 24
7416 546
8349 345
7969 869
9027 781
9621 423
5370 259
8899 202
8568 490
5611 14
9637 127
6539 813
9760 125
6750 36
5640 591
8548 95
8594 633
9001 556
8923 594
8381 473
8122 264
9141 12
9676 541
8444 958
6924 146
9593 143
9850 575
9908 880
9097 744
7480 434
7903 335
8723 671
8215 80
5476 518
8084 139
5168 81
5816 543
8750 581
5731 953
6458 280
7765 805
7200 760
6372 546
9389 950
9151 109
6782 236
9372 793
5940 285
5288 615
8914 613
8353 31
9156 330
7832 290
9007 993
6386 533
6158 149
7579 193
9740 809
7684 635
6698 666
8896 844
7376 84
7848 832
6307 907
7034 198
9771 913
7244 480
9675 526
5586 7
6659 704
9985 593
5785 800
6862 735
5924 633
6406 136
9249 795
9983 841
9206 887
8695 931
6742 764
5417 172
7088 26
9531 583
7024 11
5435 728
6578 531
9173 503
8755 337
8551 193
6629 896
9424 696
5243 741
5662 88
5319 22
9660 783
8638 513
6942 780
6795 728
6443 359
6428 890
8104 453
6817 643
5571 746
8348 996
6746 863
7626 445
7605 443
5633 602
9354 437
5833 488
5639 836
5511 726
6575 269
8114 598
7439 569
6195 885
5969 819
8296 635
7769 437
5674 238
6691 257
9405 455
7307 39
9772 791
8655 461
5733 142
5835 207
9604 580
7468 87
5607 777
7056 264
8867 507
7678 9
7070 752
8026 994
6501 49
9087 9
5061 425
6035 648
6302 452
6445 378
5185 423
6504 938
5525 46
9245 99
5436 471
9634 224
8396 322
9715 643
9981 740
6416 546
7407 976
7897 792
6768 620
7466 32
8607 897
9778 705
5033 106
9628 428
7942 406
5847 199
7824 675
6499 379
8649 477
6880 784
7095 144
7190 988
9706 273
8641 523
9218 364
7506 839
7867 958
9064 400
5936 795
6182 285
8869 956
6693 945
5912 487
9620 801
5773 881
6476 660
6425 743
5953 398
8374 945
5302 755
7089 145
7407 35
6750 937
8213 225
6856 40
7615 608
5256 919
9885 35
7514 838
5213 340
6875 943
5672 39
7409 171
9823 871
6936 709
9590 495
6411 382
8019 841
5124 270
9395 272
5254 952
6793 564
7653 727
6315 540
7527 169
5044 923
5579 321
7245 634
7921 550
5047 449
5497 778
5572 163
9892 744
9453 84
7539 215
5897 958
5878 538
6424 33
7805 771
5812 572
5015 930
9419 964
5081 115
8599 731
8360 249
6262 34
9966 378
7138 640
7859 642
7036 248
8581 608
9032 980
9703 519
7676 968
9816 779
5422 370
5932 181
8646 661
5044 534
8378 936
6532 936
6606 647
6032 747
9534 458
8289 390
5845 299
7519 110
9230 77
7629 640
7752 301
7722 737
5203 709
9681 57
5752 87
7873 723
7454 571
7233 129
6210 94
5093 627
7275 442
8009 388
9526 615
6907 63
8900 552
5084 334
6503 636
6298 372
6084 387
5636 223
6166 851
5231 449
7877 539
7773 194
7320 814
6287 996
8142 804
5124 909
5799 550
8422 533
6787 773
8309 39
9228 667
7788 604
5291 858
8003 174
8577 524
5272 563
9957 244
8665 96
7320 285
5350 450
8139 372
9700 673
9091 712
9482 510
7752 826
7677 916
6751 921
9999 939
7037 131
9105 783
8174 681
6057 983
8491 525
6083 479
8842 246
7317 276
9924 145
9177 809
7826 748
8906 709
9257 776
5058 353
8302 315
9204 980
7540 640
5619 49
7091 571
5931 668
5370 30
6125 285
9303 751
5146 496
9720 361
5826 391
7906 249
6696 127
7059 985
9965 951
5689 858
6626 278
5484 543
7324 97
6416 254
9744 4
5100 25
9880 985
5771 477
5622 54
8580 475
7662 979
6517 815
9630 978
9539 695
7714 604
6530 271
5244 613
6884 977
9755 357
6980 579
6484 902
7894 960
9187 820
6360 42
8920 767
5371 914
6239 568
5039 385
6704 510
7068 557
5069 735
6819 654
5169 233
7014 3
8979 911
6029 194
8036 536
6216 322
8120 568
8838 737
5654 192
9377 731
9514 541
8566 78
5206 48
8955 571
5391 259
6436 924
7157 612
7976 191
6540 288
5584 118
8746 302
6954 399
8802 783
9175 908
5985 457
8296 277
9163 100
5518 993
6884 146
5824 275
9661 523
8410 725
5400 334
5060 374
5690 846
6774 615
6096 92
5253 852
5131 998
9781 891
6192 111
9548 254
8557 661
7898 609
9330 790
6830 266
9910 521
8284 936
7462 66
5159 862
7470 651
9879 486
9576 993
7766 667
5504 37
7652 557
8592 754
6197 905
7695 715
9890 987
8670 624
7541 363
7974 405
9706 626
7180 23
5214 194
7369 776
5118 548
8382 38
9713 269
7716 551
6710 712
5892 248
5708 99
8858 311
5322 569
7720 141
7273 774
9562 792
7549 571
6083 315
8789 527
6222 467
6543 92
8573 665
8932 505
8996 143
6908 934
8695 436
9152 664
9221 63
7878 545
6438 81
8566 304
6295 331
8269 511
5291 288
6817 822
6068 660
8575 764
8952 830
7172 504
8535 296
6958 895
9913 679
8028 115
6459 563
5773 191
8280 572
5842 393
8294 777
6614 270
9908 437
9142 138
5146 3
5397 378
7833 658
5101 261
5773 234
8904 274
6427 925
9087 612
9085 606
9581 180
5541 407
5388 770
6545 529
6230 175
7332 120
8068 764
9784 988
8977 798
7970 889
6387 579
7672 96
6517 261
8200 358
8803 511
5923 844
8880 458
6760 304
9728 379
8160 315
8170 658
6763 385
5506 133
8835 174
7096 647
8163 948
7080 923
7186 314
6570 977
6287 91
9602 276
7169 921
6796 719
9558 160
7590 5
9346 292
9618 821
9885 117
6831 531
9842 343
9998 816
9549 932
7647 475
6884 473
5360 105
6489 717
8850 611
6675 258
5005 160
8791 427
5141 269
7662 261
7703 799
5423 921
5178 825
7456 106
9924 557
5656 738
9318 363
8903 894
9866 152
9227 854
7647 755
7966 26
6878 662
8856 728
7030 488
7219 996
8758 524
6652 602
5429 726
6155 860
8206 707
8984 635
9806 58
5296 18
9022 546
7098 660
5674 107
7792 714
5965 547
8947 300
8778 413
5639 93
6846 891
6739 193
6630 671
9257 467
5256 924
7369 190
7907 492
8381 468
9701 373
7317 922
6898 397
5953 595
7444 629
7093 901
7967 352
5038 570
5765 964
7266 475
6282 354
5608 817
7534 687
9802 219
8587 607
9743 452
7053 652
7392 103
9893 819
8907 682
8720 298
5816 366
5612 673
7010 571
8160 498
5886 856
7611 370
7966 757
8711 824
9897 437
5337 680
8266 155
8935 953
8074 560
6333 190
9787 256
9578 863
8808 224
5902 26
8568 419
8930 946
5435 107
8440 91
9157 300
7140 985
5922 440
9108 257
9452 855
5465 317
5059 748
8330 13
7825 686
6518 484
5446 716
8788 762
5639 551
5417 470
5136 296
8986 755
9926 243
5931 512
7838 340
8902 298
9555 690
7462 132
5375 580
5065 310
9453 602
5082 862
8889 679
9750 290
6157 192
9506 622
5370 760
5853 244
9228 239
5851 924
9165 826
5337 629
6042 348
8121 961
5483 250
8761 72
9150 224
7124 83
8794 656
7821 580
8784 173
7971 261
6215 804
8997 540
8835 757
5409 143
6152 134
9999 413
5298 437
9319 144
5187 834
5349 87
5119 494
5109 84
8452 365
7770 612
6687 644
9934 558
6056 823
7993 731
6621 924
8879 849
9398 74
6162 152
8890 85
8113 902
9259 965
6328 383
6840 866
8440 549
5410 539
9647 301
5620 94
9424 519
7428 369
6541 943
6364 728
7900 238
9596 638
5695 995
7594 976
7449 657
8895 302
5678 830
9198 483
5082 474
8285 308
6779 414
8606 222
9503 289
5475 261
7900 760
8769 853
7860 516
5573 859
5657 721
9438 712
8975 110
7768 468
9082 694
9141 394
8032 655
8418 117
7043 432
7611 663
9456 272
8138 988
9362 463
7801 929
9828 264
8290 942
8360 8
6952 394
9248 214
7225 144
7902 505
7649 909
6621 487
9245 988
8561 800
7635 930
5530 149
9072 224
9074 85
9473 725
8507 58
5240 972
9150 675
5711 937
9419 30
5024 614
9272 449
9588 510
9570 372
5907 418
6796 483
8503 978
7666 180
9328 935
6647 496
8145 44
8879 923
8686 691
9566 428
5045 527
7629 6
6431 934
9986 2
8000 260
9566 390
5504 888
5274 118
8139 909
8173 727
8680 133
5554 850
8383 394
7979 463
6956 826
9768 572
5507 424
5312 15
8034 72
6090 843
7008 861
8337 43
8546 301
8794 897
7667 148
8833 967
8929 263
6267 576
9158 997
5386 226
7655 689
7147 583
9964 492
5826 487
9198 55
6321 151
7609 686
5929 430
6921 244
9163 735
6775 349
6238 944
9673 901
8498 843
9359 343
8005 87
7568 851
6732 80
7933 627
7327 552
7801 995
7434 898
5664 928
8243 87
7839 708
9628 40
9506 519
8591 384
9358 497
8028 847
8807 306
7290 829
7115 581
7516 529
5903 435
5134 247
7307 796
7259 170
9010 315
6208 913
8988 121
8895 661
5083 764
5488 611
6450 591
8372 417
6289 913
5740 530
7273 135
5708 649
8630 266
6749 184
8287 941
5023 357
6860 7
6895 722
7645 863
9039 144
8540 320
5723 422
8428 450
8506 917
5927 561
5987 836
6847 957
9098 837
9335 480
5324 552
9544 270
9184 879
5445 256
7305 490
7167 305
6008 81
5850 965
6464 904
9723 281
9192 442
5213 273
6308 28
5058 939
8754 857
8173 818
6076 527
7876 349
5495 196
9375 890
9447 336
7467 468
6885 761
7035 100
8567 442
5365 943
7794 181
8264 572
5906 910
5153 734
5961 875
6764 309
6664 713
9350 613
8431 733
5472 819
5961 331
5543 435
5475 93
9322 238
8248 808
8242 750
6627 119
7467 332
5927 486
8225 717
6948 988
5709 888
5078 682
6666 355
9417 884
7963 543
8771 260
5744 705
6584 783
8013 778
5697 304
5176 355
6105 922
6358 270
9461 292
7491 778
7537 733
6950 831
6923 359
5254 834
6926 782
9154 294
9892 531
7291 302
8983 770
7177 521
8723 88
7950 88
9059 686
5033 32
6480 520
8371 612
7614 179
5454 256
9157 924
6687 48
9373 746
6240 228
9412 107
7533 68
7550 237
6181 231
8047 598
7805 889
8379 621
7287 37
6517 936
9478 872
5783 266
9351 759
7665 471
8863 577
7546 249
8928 535
5182 37
9151 455
9539 79
5356 702
6495 512
5978 627
7475 67
7332 28
8876 72
7340 975
8636 704
8119 79
7401 982
5986 625
7959 866
9305 786
8930 202
6768 967
9691 639
5361 58
6958 720
7213 567
7663 859
9811 653
5009 641
8295 996
8196 577
8653 507
7790 523
5509 483
6271 474
6782 42
9164 242
6470 448
6282 224
6755 783
8819 899
7697 363
6819 18
5088 536
7661 206
9064 621
8442 929
7629 386
7465 523
5101 907
6405 740
8246 814
7660 380
6250 774
8916 516
6633 448
7378 572
7914 485
5070 288
5973 990
5558 611
7680 363
6100 193
6026 274
5286 486
7456 191
6512 926
9383 26
6868 139
9932 85
8334 354
8381 651
5773 436
7522 4
9566 884
6674 599
9324 184
6693 517
6985 868
5364 542
9184 632
8987 606
8983 87
7923 273
5563 793
5369 656
5162 545
9578 629
9576 361
9801 891
7890 93
9491 191
7365 161
5249 350
5183 722
8644 170
7490 345
5702 353
8419 453
5417 236
6050 908
9968 77
5763 910
5024 614
6924 367
7205 705
9067 893
6770 339
5400 409
7495 870
6493 410
9137 27
7616 166
9858 781
7742 619
9526 560
6995 785
9776 123
6887 797
7375 484
6209 55
9645 799
5676 829
5517 234
9150 731
6126 322
5798 538
8454 501
6224 158
8151 961
6887 370
8909 856
9788 814
7954 322
5273 453
5305 27
8682 315
7266 227
8522 280
7257 743
5009 920
6207 453
6792 234
5992 942
8922 842
6582 857
7140 135
6702 242
6907 632
9512 287
9073 897
8064 273
9902 87
7426 26
5591 712
9128 365
9561 282
5171 531
9597 795
6160 97
5490 103
5414 248
5622 216
5228 703
7109 58
9572 194
6456 946
9136 655
9984 226
5542 107
6808 307
8936 26
7390 718
5483 396
6700 22
6710 821
7306 718
5014 112
5452 579
9100 141
6032 738
7527 456
9920 670
6809 116
5289 733
6724 292
8379 891
8249 506
6643 566
7072 310
8265 754
5387 636
6664 70
5650 952
9682 400
5434 100
7441 99
8269 854
7425 272
6670 235
8029 7
8826 423
9298 445
9182 765
6800 740
9988 219
5512 820
8347 222
8519 203
6522 517
7660 412
8131 98
8931 707
9974 15
9073 270
6572 154
8104 262
5980 812
9956 591
7301 658
9870 807
7922 603
7151 461
7597 702
5258 578
7923 860
9124 907
6881 440
9047 228
8396 418
9048 695
5694 552
9125 75
9242 941
6525 220
8557 130
8499 299
9193 295
8392 843
8323 344
9245 483
7568 95
7817 987
8752 127
6605 603
6919 7
7353 276
9960 912
9847 401
7962 282
7021 649
6716 813
5431 514
6186 77
8985 904
9240 164
9590 265
5281 732
6732 652
7519 213
8887 456
5877 144
6886 251
5696 873
5109 446
8808 515
6869 879
8225 811
8970 678
8081 954
8121 690
7645 427
7847 63
6796 64
7031 393
9765 867
8059 214
8419 27
5461 685
6896 232
8385 753
9122 522
6375 89
7294 310
8487 641
6946 518
7991 997
7964 875
9804 370
9674 314
7568 574
6286 646
5496 719
8021 323
6346 352
5888 592
9151 346
5646 381
9971 8
8293 521
9715 310
9198 882
7354 992
8876 50
5380 764
8776 328
6428 578
5879 347
5485 145
9856 226
7394 736
6141 408
6827 566
9532 621
9567 616
9512 408
9096 753
7924 943
9846 623
6733 453
9089 249
7106 440
7307 74
8226 875
8554 376
7422 639
5755 777
7690 445
5439 752
7650 242
9818 790
6342 230
5245 488
5342 238
7096 274
9918 849
7319 404
8665 389
8826 169
7830 439
5362 960
8197 522
5124 768
8616 420
9244 624
8379 149
8447 718
8802 742
7552 641
5197 579
7271 721
8355 872
8533 163
5988 913
7398 757
7714 186
6994 618
7880 674
5771 894
5069 468
7749 59
7123 955
9453 729
8765 827
5051 23
9159 517
7105 526
5767 373
6608 933
8595 930
9086 974
8582 530
8607 172
7172 11
6550 936
9326 884
5842 36
9276 515
8623 171
9826 707
8650 285
7664 759
5858 128
9839 569
7503 167
5686 164
5662 438
7419 450
5082 88
8196 653
5988 372
9894 66
7619 367
8295 226
9928 307
6396 69
5067 87
8749 407
9478 703
7918 85
7661 551
8500 702
7518 549
9610 730
8701 717
8717 160
5091 695
6494 730
5215 47
9090 218
7241 105
7906 671
7244 373
8430 276
9090 522
8133 917
8642 453
7645 29
7951 320
7465 942
8339 846
6822 730
6004 627
6495 540
6527 699
6609 204
9408 386
7139 190
7381 22
6802 119
9671 246
9379 35
8016 302
7042 214
5937 797
9001 857
9523 421
5298 26
7107 866
8830 70
7740 248
9447 696
8639 775
9875 689
6352 935
6012 912
8117 41
7950 1000
