200 1008
482 485
257 326
286 248
517 421
404 322
713 795
45 43
924 845
873 955
160 252
1 9
838 901
40 122
58 94
676 738
627 574
766 715
862 882
405 367
923 984
379 299
461 433
612 682
133 72
813 874
97 138
908 856
165 145
996 995
623 529
220 199
298 277
157 97
723 719
144 242
48 107
129 122
148 70
35 98
644 600
632 645
272 267
1040 972
977 895
312 213
778 748
567 487
965 923
1 29
616 674
569 540
628 554
493 467
76 46
733 710
575 553
288 191
775 724
723 730
912 988
64 90
354 340
565 549
210 196
922 865
775 678
566 570
934 936
626 722
742 651
194 123
485 431
483 508
617 585
876 853
653 642
896 992
652 725
220 286
727 812
900 859
563 663
56 88
157 179
280 187
537 619
284 261
920 846
124 192
239 261
459 514
931 886
504 530
910 849
382 294
795 799
485 391
351 330
289 298
865 790
250 275
738 826
75 72
788 866
947 951
651 748
595 685
993 956
663 564
265 183
338 400
637 721
206 207
328 323
618 611
64 116
139 109
806 795
412 343
912 862
715 685
1 10
929 881
1025 984
410 403
273 360
507 449
450 541
174 272
882 877
427 359
787 707
355 308
734 770
1 30
248 208
397 311
159 100
874 939
449 422
857 785
286 370
976 989
908 969
103 143
1071 972
1 28
117 61
697 638
424 348
439 347
74 66
442 391
568 638
195 295
854 826
281 196
433 449
845 855
224 143
487 487
181 140
496 564
690 615
124 135
575 564
374 360
766 793
149 163
776 859
793 760
674 711
696 662
90 159
732 660
214 268
935 948
228 315
619 676
349 341
734 689
964 894
644 706
484 490
491 478
628 671
1009 932
944 899
315 237
92 187
554 472
757 772
88 98
952 906
818 911
628 635
316 225
818 823
255 164
432 343
8756 88
6626 184
8347 400
5299 601
5161 534
5888 892
8148 838
7725 32
7270 962
8247 245
6049 727
8354 58
6674 751
7739 22
5660 714
8106 834
9818 147
9778 598
5345 352
7114 122
8961 603
9199 991
7713 571
7016 652
5805 648
7314 607
5166 889
5285 176
5406 808
9200 170
6426 632
7461 957
8268 12
7909 474
9040 636
7379 747
6497 373
7164 501
7485 151
7275 595
8793 462
8862 181
6561 197
6476 718
7457 702
8668 24
8331 244
7388 345
6830 449
8665 599
7882 244
6521 905
8790 11
6161 218
9420 275
7290 320
5702 791
7484 337
7394 375
5743 750
9107 237
7832 412
6471 168
5408 322
8414 596
7657 860
5951 87
6471 701
6270 870
9927 19
6942 866
8385 761
8454 823
5419 468
9325 599
6610 78
7561 991
9974 661
8481 231
6539 35
7242 485
7677 782
6685 306
5503 619
5392 129
6939 28
8556 220
5929 976
9866 765
6398 683
8363 151
9553 427
5098 887
5363 145
9799 153
7322 77
5111 391
7615 584
7137 820
5067 933
5759 150
9585 16
6953 367
9120 661
5118 337
9383 498
7605 215
6698 410
9732 821
5524 488
8935 103
8914 342
5366 624
9083 239
9151 811
8362 984
9116 879
7338 742
6908 38
8950 476
7610 523
5335 495
9622 979
9225 824
8208 955
9182 383
7936 265
8013 967
8918 697
8688 808
7166 658
7516 976
5364 882
5134 854
6895 987
7968 744
8243 943
7180 483
5259 180
7141 595
9688 543
9318 212
7961 717
5128 952
6273 25
5490 900
8440 945
9841 50
9841 699
8294 911
8884 282
5449 727
5056 315
8193 931
8496 590
7474 253
6017 211
6203 886
7318 647
9830 723
6737 664
9710 973
6265 967
6008 534
9704 286
8670 410
9792 603
8058 848
8158 963
7109 721
6268 360
5774 868
8550 803
7259 600
9945 927
5647 672
9548 522
5132 630
8530 309
8501 604
8811 347
7211 791
9350 46
7889 92
8512 396
6330 380
5299 186
5034 928
7413 91
5216 858
6962 952
7818 48
5223 664
6134 805
5813 283
8810 432
9055 619
5988 422
7984 510
5432 409
