200 1008
94 485
506 326
416 248
992 421
649 322
237 795
457 43
815 845
446 955
422 252
791 9
359 901
667 122
598 94
7 738
544 574
334 715
766 882
994 367
893 984
633 299
131 433
428 682
700 72
617 874
874 138
720 856
419 145
794 995
196 529
997 199
116 277
908 97
539 719
707 242
569 107
537 122
931 70
726 98
487 600
772 645
513 267
81 972
943 895
58 213
303 748
764 487
536 923
724 29
789 674
479 540
142 554
339 467
641 46
196 710
494 553
66 191
824 724
208 730
711 988
800 90
314 340
289 549
401 196
466 865
689 678
833 570
225 936
244 722
849 651
113 123
379 431
361 508
65 585
486 853
686 642
286 992
889 725
24 286
491 812
891 859
90 663
181 88
214 179
17 187
472 619
418 261
419 846
356 192
682 261
306 514
201 886
385 530
952 849
500 294
194 799
737 391
324 330
992 298
224 790
260 275
97 826
210 72
649 866
919 951
63 748
958 685
804 956
518 564
428 183
537 400
346 721
153 207
971 323
662 611
197 116
91 109
529 795
126 343
747 862
469 685
770 10
934 881
723 984
895 403
568 360
172 449
958 541
383 272
308 877
970 359
583 707
48 308
930 770
569 30
3 208
20 311
609 100
887 939
825 422
930 785
904 370
241 989
379 969
376 143
962 972
889 28
443 61
216 638
338 348
160 347
406 66
159 391
31 638
204 295
420 826
153 196
425 449
331 855
565 143
838 487
9 140
918 564
533 615
232 135
957 564
591 360
576 793
746 163
377 859
858 760
86 711
434 662
558 159
279 660
840 268
735 948
574 315
126 676
912 341
739 689
821 894
625 706
917 490
201 478
993 671
149 932
52 899
759 237
267 187
256 472
783 772
117 98
516 906
180 911
25 635
380 225
712 823
266 164
216 343
9739 890
6560 537
9647 460
6272 149
7873 217
9288 329
6373 619
8921 291
7413 502
7241 967
5114 894
7820 61
8714 203
8340 686
7430 329
8949 873
6896 38
7011 643
8840 904
5571 83
8370 356
7326 791
6603 321
8751 673
8355 167
5254 604
5341 624
6186 264
8816 175
7118 159
9259 685
8375 249
7676 705
7867 388
9550 136
7629 414
5130 637
7946 774
9019 878
5451 105
6941 961
8369 120
5124 603
5596 588
9257 604
7585 90
7678 799
9970 779
8068 816
9611 702
5421 342
8919 634
9148 597
7323 163
7703 890
7675 647
7198 954
5647 375
7330 739
5475 806
7417 95
9031 806
9612 851
5487 85
9457 312
5069 523
5689 363
9049 775
6788 425
5622 379
9380 717
6991 216
8709 435
6401 555
6734 223
6640 375
6593 170
9880 643
8221 473
9847 553
6883 142
7625 955
7981 590
6474 99
7899 980
6841 833
6642 506
8078 869
6877 502
9261 239
5580 301
9084 493
7330 408
7752 970
9352 897
8315 683
9767 637
7846 213
6430 619
9278 334
5080 58
5652 335
9146 309
8608 588
7858 871
7140 899
6135 311
8304 877
8226 463
5781 130
5907 841
7769 490
9648 24
7421 595
9163 690
6026 107
9535 663
8262 384
5013 858
9910 635
8508 446
5570 737
7384 295
8387 18
9759 379
9819 130
5482 765
7701 248
5519 720
6615 219
8881 765
5957 621
6211 68
5384 255
5490 56
7587 41
6777 913
7164 906
7408 220
5724 173
8265 908
5028 698
7946 506
9461 79
5663 734
7499 428
6903 570
5359 825
8797 654
8576 834
5820 291
8354 467
5492 854
9159 656
7402 816
7355 147
6739 609
7679 693
6559 370
9588 404
6431 504
9118 891
8029 341
5155 346
6002 523
6901 846
7330 826
7670 117
9214 469
6887 479
5822 237
7053 839
5344 662
8291 353
8047 647
6500 117
8250 743
5363 884
7290 409
9103 567
7749 431
5253 804
8713 719
6939 60
8515 91
5956 194
7734 966
7050 467
7742 579
9689 27
8759 516
8593 385
5961 871
8178 624
9040 157
5073 463
8859 277
8528 627
6822 639
9987 737
