1000 5002
482 485
257 326
286 248
517 421
404 322
713 795
45 43
924 845
873 955
160 252
1 9
838 901
40 122
58 94
676 738
627 574
766 715
862 882
405 367
923 984
379 299
461 433
612 682
133 72
813 874
97 138
908 856
165 145
996 995
623 529
220 199
298 277
157 97
723 719
144 242
48 107
129 122
148 70
35 98
644 600
632 645
272 267
1040 972
977 895
312 213
778 748
567 487
965 923
1 29
616 674
569 540
628 554
493 467
76 46
733 710
575 553
288 191
775 724
723 730
912 988
64 90
354 340
565 549
210 196
922 865
775 678
566 570
934 936
626 722
742 651
194 123
485 431
483 508
617 585
876 853
653 642
896 992
652 725
220 286
727 812
900 859
563 663
56 88
157 179
280 187
537 619
284 261
920 846
124 192
239 261
459 514
931 886
504 530
910 849
382 294
795 799
485 391
351 330
289 298
865 790
250 275
738 826
75 72
788 866
947 951
651 748
595 685
993 956
663 564
265 183
338 400
637 721
206 207
328 323
618 611
64 116
139 109
806 795
412 343
912 862
715 685
1 10
929 881
1025 984
410 403
273 360
507 449
450 541
174 272
882 877
427 359
787 707
355 308
734 770
1 30
248 208
397 311
159 100
874 939
449 422
857 785
286 370
976 989
908 969
103 143
1071 972
1 28
117 61
697 638
424 348
439 347
74 66
442 391
568 638
195 295
854 826
281 196
433 449
845 855
224 143
487 487
181 140
496 564
690 615
124 135
575 564
374 360
766 793
149 163
776 859
793 760
674 711
696 662
90 159
732 660
214 268
935 948
228 315
619 676
349 341
734 689
964 894
644 706
484 490
491 478
628 671
1009 932
944 899
315 237
92 187
554 472
757 772
88 98
952 906
818 911
628 635
316 225
818 823
255 164
432 343
763 732
490 502
721 740
587 576
530 612
992 902
491 454
343 411
880 973
645 703
761 850
152 77
241 220
727 802
352 403
246 181
1 10
479 525
958 919
749 668
551 527
538 462
319 291
580 605
501 457
487 405
349 417
252 279
731 685
637 596
339 307
257 224
271 322
740 840
1002 975
404 401
190 91
254 327
277 330
100 182
648 603
810 793
535 615
702 733
855 864
76 16
773 863
917 987
279 306
123 34
922 840
613 700
658 706
705 787
101 105
807 834
883 798
358 310
634 609
786 690
618 561
644 579
141 60
466 388
340 309
495 407
283 200
352 313
886 970
95 33
291 273
217 277
1007 997
1 40
219 227
764 860
1025 940
600 608
895 990
690 590
738 806
1 52
772 801
727 764
774 710
340 386
503 593
1 50
432 494
228 156
993 936
1058 965
130 86
821 723
189 184
943 868
343 340
404 412
560 487
196 209
418 346
782 860
314 307
59 95
778 821
979 941
828 821
584 587
122 201
741 665
566 527
760 812
385 424
395 459
250 343
789 836
492 506
261 179
914 916
380 430
537 596
731 808
361 269
473 512
737 811
708 685
635 567
804 776
827 855
695 718
756 853
57 97
178 146
688 746
1 15
871 965
415 512
510 480
1057 958
764 665
193 191
905 964
583 515
696 606
887 822
444 536
741 693
12 19
313 335
81 101
828 922
354 294
981 910
499 410
283 250
545 546
635 729
540 609
689 720
946 976
730 759
703 798
14 74
644 648
241 299
793 785
912 846
461 390
801 897
424 416
744 837
272 247
338 293
193 144
987 938
432 467
505 480
944 955
653 665
38 26
468 564
461 449
1 26
576 521
329 301
274 321
701 613
432 388
851 879
915 990
137 188
927 963
903 820
373 300
770 822
160 255
285 277
231 153
366 400
317 227
423 518
420 447
216 315
772 813
271 324
566 502
243 299
725 780
390 376
491 516
225 212
392 329
781 810
434 486
535 485
368 416
938 952
946 894
353 358
1 21
707 647
143 44
630 683
364 361
822 814
147 231
54 8
91 165
431 496
606 699
917 852
553 459
473 535
222 314
954 944
369 306
413 459
717 637
491 447
447 408
44 107
994 962
518 565
448 407
931 857
369 317
181 98
815 818
655 600
267 288
960 902
611 567
271 190
771 749
993 908
359 276
810 748
563 592
360 393
264 363
199 163
1074 983
131 179
41 16
423 478
197 259
779 868
344 295
536 596
140 71
669 622
938 864
715 644
67 5
321 365
434 429
19 64
928 854
759 770
178 88
160 157
277 368
467 421
653 719
330 271
966 975
817 816
1045 962
508 535
492 438
743 696
884 881
259 318
56 45
1 52
421 496
270 313
99 138
429 334
1004 988
512 508
702 770
657 751
862 780
516 441
246 207
592 516
641 674
390 408
831 920
522 573
611 634
825 878
929 990
734 826
718 696
883 800
355 411
426 422
668 707
235 334
1080 986
397 494
137 150
648 562
342 380
799 832
1067 979
313 376
452 511
441 414
214 160
1059 982
260 238
579 490
897 899
316 251
526 526
909 897
139 39
634 657
384 452
577 538
840 831
509 460
262 185
934 934
513 440
556 490
97 168
107 71
937 977
370 458
193 204
802 803
134 139
390 399
439 420
1034 991
636 578
1008 972
191 177
429 398
445 348
483 496
347 276
769 825
540 614
212 121
789 730
317 341
381 284
714 698
24 17
570 546
771 672
1052 974
776 866
290 377
470 559
367 340
626 527
879 779
688 761
553 483
112 92
440 390
510 583
741 661
473 391
289 336
574 661
85 125
36 89
362 275
310 359
129 178
763 780
31 42
69 5
470 380
739 772
726 816
57 9
476 484
498 545
669 589
112 157
934 901
854 777
112 74
246 247
1 55
481 479
883 785
1051 958
763 680
417 393
900 944
573 596
601 619
588 611
900 852
327 283
199 299
847 766
240 312
862 826
635 726
680 733
806 805
767 679
495 403
870 964
259 337
476 541
512 478
467 369
1001 946
798 821
819 833
835 837
502 490
119 37
652 594
82 129
242 258
215 246
291 362
687 755
550 504
1 71
249 177
203 176
865 803
189 237
758 677
90 33
188 115
621 597
807 769
481 536
1031 956
349 341
222 184
260 234
551 569
245 216
631 537
183 84
873 810
656 657
5 33
137 159
579 520
656 668
373 287
232 229
352 374
428 474
598 672
943 915
582 511
120 123
573 569
218 199
347 396
628 715
1 59
642 610
959 917
983 927
186 270
60 117
513 516
143 215
234 216
290 237
597 615
452 499
521 477
837 760
267 285
20 56
1027 966
690 622
235 221
199 194
186 91
374 347
244 252
424 473
438 516
385 385
337 357
945 958
686 665
698 792
16 64
464 420
655 671
911 968
839 877
144 177
535 523
65 139
230 152
806 732
312 246
578 565
699 740
817 902
105 17
886 973
360 298
658 611
53 32
1 11
319 337
36 136
879 889
595 522
721 805
80 28
981 931
838 757
654 609
480 544
973 905
647 595
243 246
152 113
183 175
140 156
263 244
856 883
338 265
792 883
403 462
560 485
238 272
214 204
1011 984
453 409
330 398
819 909
469 370
882 882
279 214
811 766
82 35
341 421
271 271
397 370
876 848
128 50
1016 976
243 270
843 796
949 963
451 379
1091 991
594 551
867 897
353 307
471 421
100 74
401 388
591 559
884 980
607 615
651 681
209 231
133 207
741 818
372 331
950 979
403 445
419 348
780 724
345 401
618 646
766 668
335 242
288 302
795 861
777 830
117 77
541 441
499 589
1025 990
217 189
799 868
944 996
329 363
232 237
367 420
552 565
220 214
353 333
811 726
176 175
35 58
548 625
1 66
142 169
400 475
298 204
27 90
421 496
40 1
462 474
359 449
299 252
395 332
382 287
206 189
980 889
1 63
285 378
109 206
813 897
219 230
361 382
601 575
155 60
442 529
405 477
253 290
57 89
894 961
548 461
763 702
542 532
704 680
44 53
545 642
1018 1000
803 891
730 822
59 152
423 324
590 633
266 267
325 381
307 272
422 506
403 419
524 461
613 526
1033 978
403 468
820 729
777 795
631 581
298 383
302 226
505 421
461 386
351 273
556 484
638 676
152 107
236 229
831 902
882 962
38 105
100 84
1006 991
661 701
596 689
748 655
528 600
587 538
492 499
783 881
1017 981
546 473
368 383
618 679
662 573
563 589
553 480
161 145
612 624
926 923
972 915
249 232
948 974
662 735
735 678
682 640
722 644
146 212
75 123
276 253
890 943
1 18
1007 916
302 327
607 640
646 615
488 470
565 655
239 288
448 401
906 840
564 633
647 707
339 424
757 682
213 194
829 855
229 190
703 728
257 178
255 275
123 88
321 367
517 544
768 738
1040 963
439 460
282 266
739 727
128 33
471 442
714 628
467 384
298 244
411 482
760 765
435 446
245 247
865 913
658 560
457 528
694 594
882 935
415 462
555 621
705 660
525 564
276 302
871 936
582 592
639 724
181 118
200 299
201 251
35 129
5 96
85 167
239 169
359 381
948 976
771 767
804 837
457 407
284 203
485 387
803 735
629 706
358 335
13 40
808 821
68 131
96 159
956 978
101 53
767 849
577 478
1 19
278 230
388 453
318 336
847 931
592 588
494 449
615 566
8833 809
9231 844
7131 241
9117 834
5870 307
6152 942
8194 285
7887 276
9951 917
7989 835
5895 677
8525 275
8850 259
8468 472
8074 69
5249 434
6951 723
6540 929
5756 986
5602 414
8567 703
8613 39
7381 253
9210 746
6507 628
5553 476
9680 540
5750 500
7606 120
5480 417
6112 26
8252 430
9107 721
5062 648
9562 397
6979 489
5996 606
7679 71
7543 12
6117 785
5601 482
6652 855
8972 111
8883 211
9763 954
7059 267
5692 68
8387 13
5020 77
6569 799
9854 452
5282 858
9881 748
5529 346
6269 702
9385 201
8429 634
8753 243
6672 576
9673 228
8627 743
5170 981
7430 156
7504 115
9893 534
7855 477
7742 866
8288 669
9027 702
8871 934
8064 922
7086 443
5207 887
6586 58
7023 452
7331 116
7106 42
6298 518
5918 253
8924 735
8200 377
9018 621
7280 732
8420 592
9201 699
5324 639
7031 498
7128 920
6196 422
7386 534
7639 564
8635 366
8054 431
6729 96
8621 941
6296 378
8617 652
8026 324
7106 659
7301 293
8056 189
6429 376
6535 92
9919 1000
5302 153
8195 7
5404 343
7603 807
7491 499
6681 86
7065 569
7327 236
8073 25
8745 640
8896 832
7503 522
5738 662
6972 161
6493 891
6273 456
6079 437
5343 498
7661 129
8410 667
9793 136
8257 775
6040 620
5133 257
5154 186
8462 529
8638 355
9446 30
6869 511
9070 613
7884 235
9468 475
5515 459
6489 211
8483 979
5140 696
8593 612
9404 144
6531 365
8111 927
5853 699
6555 456
9644 516
8139 132
9935 874
9551 224
6829 667
9567 249
8741 905
7287 645
7985 474
9220 368
9841 413
9174 863
6575 25
7975 146
8746 315
8470 409
5260 137
8061 877
5100 829
5039 217
9507 422
6693 775
7248 477
6983 310
8423 206
6931 402
8918 191
8601 698
5973 862
8926 4
6290 576
6900 554
6558 977
6976 383
9186 392
5773 163
5410 180
6955 160
5773 655
7156 145
7352 190
9357 199
9387 325
8900 890
7857 446
5483 183
8585 978
6547 339
8597 607
5651 758
6405 298
7909 986
8660 959
6040 58
7235 587
5597 943
6402 523
5465 333
9083 563
6071 788
5246 306
6957 551
6760 345
5379 252
9869 807
8667 560
5099 373
6560 134
8526 947
9768 971
6188 376
7089 7
5705 34
8426 651
8781 91
9888 111
7089 883
6362 225
8964 146
5156 13
9047 377
6812 816
6173 544
5085 551
8524 385
9067 435
8291 785
7141 896
7068 764
8880 865
6318 782
5710 168
8275 863
7565 283
8227 7
8178 863
7230 130
5987 10
9128 664
8326 134
6446 924
5975 730
7069 201
6555 548
7885 673
9939 665
9341 205
5785 798
9578 339
5609 324
5498 658
8315 407
9783 674
6796 869
9375 676
6714 255
8835 245
9174 990
8452 459
5508 189
8078 744
6186 118
7933 366
7228 476
8491 469
8527 960
7642 173
6790 279
9994 196
9462 749
7457 164
5703 989
7274 202
7021 91
6332 834
7462 67
5292 726
9326 884
5736 926
8234 354
9611 383
5327 830
6768 19
5492 944
9826 761
9930 224
6159 512
9432 160
8966 277
7105 535
5059 19
7181 836
5446 557
9899 881
5835 354
7534 888
5125 567
9293 949
5339 653
6898 9
6560 779
5584 823
6498 550
9454 572
6497 687
7193 420
9571 934
6207 471
5649 319
7121 136
5196 838
8151 944
5548 645
5416 119
5680 799
6518 509
7705 544
5365 190
8573 467
9174 39
9438 968
6854 263
9642 211
9268 141
7782 136
7396 877
9382 53
6852 544
5018 436
5076 321
7630 751
6228 374
7434 358
9626 27
8885 617
8900 854
5625 945
5109 424
5614 233
8462 446
6650 268
7502 350
8473 326
5223 94
7757 877
5438 825
6483 860
9757 960
5858 437
9782 319
5070 944
9864 443
7309 266
7194 938
8631 23
8917 435
8314 298
6617 652
8759 551
6461 294
5795 406
5174 324
6067 153
8020 683
6439 404
5004 132
8256 943
8179 714
7541 330
6646 671
9887 855
6953 698
6805 163
9453 166
9128 127
7445 890
8359 895
5596 385
9838 674
5227 101
5002 144
7182 416
6449 285
5665 722
7801 865
6831 568
9595 960
7926 559
8393 797
9476 489
6127 597
8401 553
7414 642
5929 406
9458 721
6391 187
9218 309
7000 66
9739 219
6786 2
7635 158
7903 265
7979 208
8530 813
9641 92
5733 960
6131 182
8304 507
5731 461
7529 243
8792 801
9104 928
7702 853
9812 169
7551 693
8716 668
9263 38
8051 276
7118 37
6820 608
8644 556
9579 170
6805 543
7153 674
5551 828
8568 260
9714 44
8404 53
5944 573
7533 342
6581 858
5244 28
8399 676
9686 952
9146 962
9862 759
6980 366
6965 404
9943 641
5276 125
6775 924
8434 596
8022 278
5992 526
8646 60
9116 120
6793 369
7724 518
8016 464
7846 114
7749 211
6838 644
9975 889
6712 597
8545 681
9718 238
6056 330
8007 109
6567 39
5989 79
8819 613
7782 412
5077 907
5384 910
5691 286
9610 73
9681 472
8871 276
8696 418
8255 35
9306 402
9014 426
7000 384
9559 854
6011 891
6241 732
7277 218
8526 401
8920 413
5084 740
8914 243
8567 591
8844 446
6120 347
7696 200
5451 553
6315 602
7735 493
5022 374
5057 9
5297 87
6125 373
8099 248
7085 733
6462 514
9727 479
8267 548
7105 592
5855 101
5234 111
9746 996
6264 79
5966 9
6224 960
7605 836
5453 842
9241 293
9551 989
7302 829
9783 168
8041 804
6857 887
8255 493
7266 818
5187 598
9445 396
8759 359
7061 873
6468 767
6862 415
5008 411
8326 126
6804 921
6866 876
9269 805
6891 923
5369 776
6403 870
8165 680
5329 152
6112 293
8393 739
6035 51
6831 864
9219 559
5944 703
6977 935
8359 24
9343 1000
8663 828
9897 583
8059 532
7511 720
5811 167
7936 306
9513 605
6659 545
6767 484
8965 629
7915 850
9637 229
5795 721
6944 760
5927 846
6438 34
9451 305
9204 284
9375 354
7550 531
6595 705
9240 736
9062 953
9215 426
5371 670
7154 978
7861 397
8436 33
7897 337
9067 114
5673 915
5698 726
7162 637
7084 317
5932 299
9563 573
7188 319
5394 589
9570 511
5988 692
6003 295
9395 587
5056 551
5841 267
9076 735
9131 80
7414 383
7869 646
5022 239
6422 453
8791 941
8739 388
8489 210
9763 146
6714 685
8035 711
9706 265
8260 198
6297 863
5075 303
6622 260
8366 779
6087 857
6626 483
9400 253
7942 502
9009 710
9932 387
8356 976
8571 901
7774 74
7052 920
6663 731
7084 913
8310 462
9536 801
9886 159
6521 929
5063 384
5310 565
7715 789
5545 493
7546 317
7719 65
8080 706
9251 7
8510 834
5224 277
8234 400
5430 68
9176 525
9636 873
9546 426
7579 86
5544 65
6891 408
7931 176
6783 229
7557 387
5917 726
9003 528
6975 414
7172 159
5755 393
6172 817
5816 489
7801 689
7130 677
9976 801
5548 77
9287 487
7747 488
7153 982
5399 341
7847 870
7815 130
8957 731
5222 71
6178 669
9094 219
9105 732
5814 189
7930 690
5872 339
8054 787
7795 262
7849 429
7300 73
8970 829
8314 719
8189 836
5004 312
9731 11
7174 814
8733 571
9745 132
5720 348
5633 648
8905 782
9429 49
7222 59
7234 143
9425 623
9328 539
5678 247
8242 335
6839 563
7734 607
9547 317
8660 27
7204 58
5771 208
8959 896
9024 332
6559 553
9100 399
9958 765
9688 786
5235 32
5382 564
7047 421
9296 937
9308 257
8946 405
7108 800
5749 148
6763 303
7146 163
6714 244
6705 20
8361 116
7454 419
6986 633
7484 958
9500 723
7560 509
7531 817
5962 255
8069 442
5989 48
9298 177
5199 956
8667 242
7983 785
7274 100
5018 35
7829 906
8336 80
8169 159
6857 352
8653 855
5228 675
9459 315
8279 658
5556 60
8113 43
7998 339
8531 713
5195 96
8232 935
7564 426
8998 241
9919 382
9622 744
9413 932
7355 908
6074 268
9599 52
6465 951
8348 790
8907 6
5727 844
8288 174
5341 237
5525 367
6119 873
7039 122
6178 714
6490 738
7961 992
7738 454
9058 793
9553 496
7113 394
5158 905
8902 747
9822 840
6240 856
9960 420
9421 815
6005 558
7899 412
6183 651
8811 134
9587 139
6596 243
8511 987
7527 394
7215 69
9288 173
7864 735
6358 209
6988 618
6403 568
9052 146
5926 451
7720 949
8132 74
7381 376
7071 567
8850 572
8204 679
7631 708
8902 882
8214 434
8915 121
7282 12
6787 257
6445 793
5804 616
9106 55
8628 388
8204 486
9328 851
9706 80
5968 666
6158 270
8570 178
9379 110
8320 894
5845 162
8105 362
5108 302
9841 385
9131 871
7498 335
9000 42
9586 417
5838 282
5926 433
6688 152
5171 526
9620 670
6947 760
8786 472
9895 953
7770 980
6782 809
5128 510
5911 800
8293 840
5708 106
8020 805
6047 836
7921 238
6649 862
5690 817
7922 920
5127 208
5210 569
6735 754
6774 536
5023 94
8521 924
7915 182
6854 42
6662 21
8356 163
9420 184
6591 236
6751 972
6875 467
6765 779
8265 850
6283 506
9901 565
7595 698
7335 242
5569 823
7243 687
7320 693
6667 117
7478 776
5466 583
6854 644
9451 707
6998 699
5292 209
9591 527
6836 727
9332 156
8535 412
5707 701
6939 578
5698 993
8073 933
10000 930
6822 304
5870 894
8245 653
8830 915
7755 106
7880 914
8317 527
8113 851
5122 5
8509 850
8941 207
5692 469
9934 361
5400 883
6087 627
9981 926
7581 974
6454 959
9274 776
8132 377
8149 188
5142 349
7248 478
5999 646
9754 27
7540 827
9384 622
7336 670
5604 672
7502 936
5983 663
7700 149
7486 53
7468 525
9752 949
6930 372
7054 680
9362 626
6861 548
8621 227
7196 856
6344 559
8388 249
6299 297
7193 117
5594 322
8538 569
9126 260
6915 681
5213 666
7946 24
9772 776
8037 628
9982 621
9240 921
5805 903
6028 456
6168 491
5556 474
8222 416
6986 991
8634 513
8930 710
6657 190
9510 798
7554 154
9657 878
7168 467
6153 152
5931 18
7657 143
5305 429
9587 927
6778 184
7715 386
5817 699
5095 292
8881 815
5196 247
6416 716
8085 496
9897 45
7287 755
9270 163
6994 116
5848 601
8835 452
9014 369
5641 372
7376 921
8888 197
6765 726
7049 806
9320 446
9677 592
5162 182
5397 341
6128 503
8330 185
6646 655
9740 757
9236 36
9049 204
8763 808
9682 475
8977 981
6730 766
5968 928
8514 321
5332 741
9819 833
6720 840
9260 410
8598 243
5267 913
9732 84
7689 70
9051 937
