100 880000
585 485
194 94
426 326
606 506
348 248
516 416
521 421
1092 992
422 322
749 649
895 795
337 237
143 43
557 457
945 845
915 815
1055 955
546 446
352 252
522 422
109 9
891 791
1001 901
459 359
222 122
767 667
194 94
698 598
838 738
107 7
674 574
644 544
815 715
434 334
982 882
866 766
467 367
1094 994
1084 984
993 893
399 299
733 633
533 433
231 131
782 682
528 428
172 72
800 700
974 874
717 617
238 138
974 874
956 856
820 720
245 145
519 419
1095 995
894 794
629 529
296 196
299 199
1097 997
377 277
216 116
197 97
1008 908
819 719
639 539
342 242
807 707
207 107
669 569
222 122
637 537
170 70
1031 931
198 98
826 726
700 600
587 487
745 645
872 772
367 267
613 513
1072 972
181 81
995 895
1043 943
313 213
158 58
848 748
403 303
587 487
864 764
1023 923
636 536
129 29
824 724
774 674
889 789
9197 6589
6064 8589
9405 5893
8730 8456
5429 5781
9781 9142
9813 7712
9424 5071
7957 7882
7035 9850
6802 8219
9421 7640
5854 8869
8674 7136
5154 9319
8312 8260
9640 9781
6271 6664
8442 6007
5246 8695
6748 8462
7134 6690
7393 6677
5502 9853
8837 7387
9221 9721
6146 8316
6568 6772
7216 9265
5089 8694
8912 6653
9720 7282
7046 6759
8709 7525
6695 8155
8376 7695
7162 9710
7545 5865
7301 7986
9159 9815
5682 5195
6626 9439
9893 7812
8134 9845
9731 6153
9243 8985
5639 7318
8719 5255
8703 5599
6507 7345
9774 9062
7916 8112
6000 6929
8572 6727
9394 8250
7097 5879
7184 8105
5329 5121
6972 5176
5890 5890
7759 9320
6632 6805
7283 6405
8753 5855
5031 6161
8850 7345
9063 7248
9058 7705
8673 9093
8394 7738
9955 5743
7068 7698
9810 7613
5183 5378
7440 9179
7948 5791
7851 5339
9566 6953
5002 9355
9080 9369
6354 5927
6722 7113
9041 5374
7877 8894
7455 6942
5660 7864
7896 6807
9542 6306
8869 8154
6961 6134
8246 7265
9283 6734
5779 9839
8719 8209
9851 7252
5686 9276
8611 9333
5964 6209
6736 8146
8265 9603
