100 704600
482 485
257 326
286 248
517 421
404 322
713 795
45 43
924 845
873 955
160 252
1 9
838 901
40 122
58 94
676 738
627 574
766 715
862 882
405 367
923 984
379 299
461 433
612 682
133 72
813 874
97 138
908 856
165 145
996 995
623 529
220 199
298 277
157 97
723 719
144 242
48 107
129 122
148 70
35 98
644 600
632 645
272 267
1040 972
977 895
312 213
778 748
567 487
965 923
1 29
616 674
569 540
628 554
493 467
76 46
733 710
575 553
288 191
775 724
723 730
912 988
64 90
354 340
565 549
210 196
922 865
775 678
566 570
934 936
626 722
742 651
194 123
485 431
483 508
617 585
876 853
653 642
896 992
652 725
220 286
727 812
900 859
563 663
56 88
157 179
280 187
537 619
284 261
920 846
124 192
239 261
459 514
931 886
504 530
910 849
382 294
795 799
485 391
351 330
289 298
865 790
6458 7118
8626 5789
5788 9948
8808 8358
8598 8169
5830 7273
5430 5204
6413 6090
5246 6669
7999 5922
6582 5793
6536 6436
8209 7989
9151 7227
8134 5789
9761 8397
8375 6922
7952 7458
6197 6498
6993 9023
5237 7535
9270 8002
6816 5047
7699 5917
9643 6261
8311 7122
5094 5834
9570 7817
5878 7323
8034 6822
6707 7445
5015 7462
7870 7844
8046 8420
8465 7079
9321 8973
9633 8984
5684 5329
7960 6315
7181 5845
9222 6695
6586 8278
5299 8248
9238 8556
9533 8034
5120 6533
8578 5031
7741 6645
5863 6744
5119 8942
5469 9368
7783 7210
6163 9438
7963 5681
5462 8125
6115 7653
7388 9152
7343 7132
9759 8957
7170 6100
8113 8495
8148 6738
7430 8091
7793 8600
9272 6533
8218 9582
9426 9572
8780 5360
5994 7308
5409 7406
8792 6605
8520 6199
5957 5431
7140 7125
8273 7840
5093 6843
7198 9486
7024 8746
7695 6922
8041 7235
8834 6864
7294 5710
7773 8471
9604 9545
8463 7888
5570 8283
5377 7413
8069 5573
6279 6792
6941 8457
5010 9425
5000 6792
9563 5159
9116 5554
5356 5102
5345 6298
8945 5002
7475 7198
9435 7047
6790 6171
