1000 760200
482 485
257 326
286 248
517 421
404 322
713 795
45 43
924 845
873 955
160 252
1 9
838 901
40 122
58 94
676 738
627 574
766 715
862 882
405 367
923 984
379 299
461 433
612 682
133 72
813 874
97 138
908 856
165 145
996 995
623 529
220 199
298 277
157 97
723 719
144 242
48 107
129 122
148 70
35 98
644 600
632 645
272 267
1040 972
977 895
312 213
778 748
567 487
965 923
1 29
616 674
569 540
628 554
493 467
76 46
733 710
575 553
288 191
775 724
723 730
912 988
64 90
354 340
565 549
210 196
922 865
775 678
566 570
934 936
626 722
742 651
194 123
485 431
483 508
617 585
876 853
653 642
896 992
652 725
220 286
727 812
900 859
563 663
56 88
157 179
280 187
537 619
284 261
920 846
124 192
239 261
459 514
931 886
504 530
910 849
382 294
795 799
485 391
351 330
289 298
865 790
250 275
738 826
75 72
788 866
947 951
651 748
595 685
993 956
663 564
265 183
338 400
637 721
206 207
328 323
618 611
64 116
139 109
806 795
412 343
912 862
715 685
1 10
929 881
1025 984
410 403
273 360
507 449
450 541
174 272
882 877
427 359
787 707
355 308
734 770
1 30
248 208
397 311
159 100
874 939
449 422
857 785
286 370
976 989
908 969
103 143
1071 972
1 28
117 61
697 638
424 348
439 347
74 66
442 391
568 638
195 295
854 826
281 196
433 449
845 855
224 143
487 487
181 140
496 564
690 615
124 135
575 564
374 360
766 793
149 163
776 859
793 760
674 711
696 662
90 159
732 660
214 268
935 948
228 315
619 676
349 341
734 689
964 894
644 706
484 490
491 478
628 671
1009 932
944 899
315 237
92 187
554 472
757 772
88 98
952 906
818 911
628 635
316 225
818 823
255 164
432 343
763 732
490 502
721 740
587 576
530 612
992 902
491 454
343 411
880 973
645 703
761 850
152 77
241 220
727 802
352 403
246 181
1 10
479 525
958 919
749 668
551 527
538 462
319 291
580 605
501 457
487 405
349 417
252 279
731 685
637 596
339 307
257 224
271 322
740 840
1002 975
404 401
190 91
254 327
277 330
100 182
648 603
810 793
535 615
702 733
855 864
76 16
773 863
917 987
279 306
123 34
922 840
613 700
658 706
705 787
101 105
807 834
883 798
358 310
634 609
786 690
618 561
644 579
141 60
466 388
340 309
495 407
283 200
352 313
886 970
95 33
291 273
217 277
1007 997
1 40
219 227
764 860
1025 940
600 608
895 990
690 590
738 806
1 52
772 801
727 764
774 710
340 386
503 593
1 50
432 494
228 156
993 936
1058 965
130 86
821 723
189 184
943 868
343 340
404 412
560 487
196 209
418 346
782 860
314 307
59 95
778 821
979 941
828 821
584 587
122 201
741 665
566 527
760 812
385 424
395 459
250 343
789 836
492 506
261 179
914 916
380 430
537 596
731 808
361 269
473 512
737 811
708 685
635 567
804 776
827 855
695 718
756 853
57 97
178 146
688 746
1 15
871 965
415 512
510 480
1057 958
764 665
193 191
905 964
583 515
696 606
887 822
444 536
741 693
12 19
313 335
81 101
828 922
354 294
981 910
499 410
283 250
545 546
635 729
540 609
689 720
946 976
730 759
703 798
14 74
644 648
241 299
793 785
912 846
461 390
801 897
424 416
744 837
272 247
338 293
193 144
987 938
432 467
505 480
944 955
653 665
38 26
468 564
461 449
1 26
576 521
329 301
274 321
701 613
432 388
851 879
915 990
137 188
927 963
903 820
373 300
770 822
160 255
285 277
231 153
366 400
317 227
423 518
420 447
216 315
772 813
271 324
566 502
243 299
725 780
390 376
491 516
225 212
392 329
781 810
434 486
535 485
368 416
938 952
946 894
353 358
1 21
707 647
143 44
630 683
364 361
822 814
147 231
54 8
91 165
431 496
606 699
917 852
553 459
473 535
222 314
954 944
369 306
413 459
717 637
491 447
447 408
44 107
994 962
518 565
448 407
931 857
369 317
181 98
815 818
655 600
267 288
960 902
611 567
271 190
771 749
993 908
359 276
810 748
563 592
360 393
264 363
199 163
1074 983
131 179
41 16
423 478
197 259
779 868
344 295
536 596
140 71
669 622
938 864
715 644
67 5
321 365
434 429
19 64
928 854
759 770
178 88
160 157
277 368
467 421
653 719
330 271
966 975
817 816
1045 962
508 535
492 438
743 696
884 881
259 318
56 45
1 52
421 496
270 313
99 138
429 334
1004 988
512 508
702 770
657 751
862 780
516 441
246 207
592 516
641 674
390 408
831 920
522 573
611 634
825 878
929 990
734 826
718 696
883 800
355 411
426 422
668 707
235 334
1080 986
397 494
137 150
648 562
342 380
799 832
1067 979
313 376
452 511
441 414
214 160
1059 982
260 238
579 490
897 899
316 251
526 526
909 897
139 39
634 657
384 452
577 538
840 831
509 460
262 185
934 934
513 440
556 490
97 168
107 71
937 977
370 458
193 204
802 803
134 139
390 399
439 420
1034 991
636 578
1008 972
191 177
429 398
445 348
483 496
347 276
769 825
540 614
212 121
789 730
317 341
381 284
714 698
24 17
570 546
771 672
1052 974
776 866
290 377
470 559
367 340
626 527
879 779
688 761
553 483
112 92
440 390
510 583
741 661
473 391
289 336
574 661
85 125
36 89
362 275
310 359
129 178
763 780
31 42
69 5
470 380
739 772
726 816
57 9
476 484
498 545
669 589
112 157
934 901
854 777
112 74
246 247
1 55
481 479
883 785
1051 958
763 680
417 393
900 944
573 596
601 619
588 611
900 852
327 283
199 299
847 766
240 312
862 826
635 726
680 733
806 805
767 679
495 403
870 964
259 337
476 541
512 478
467 369
1001 946
798 821
819 833
835 837
502 490
119 37
652 594
82 129
242 258
215 246
291 362
687 755
550 504
1 71
249 177
203 176
865 803
189 237
758 677
90 33
188 115
621 597
807 769
481 536
1031 956
349 341
222 184
260 234
551 569
245 216
631 537
183 84
873 810
656 657
5 33
137 159
579 520
656 668
373 287
232 229
352 374
428 474
598 672
943 915
582 511
120 123
573 569
218 199
347 396
628 715
1 59
642 610
959 917
983 927
186 270
60 117
513 516
143 215
234 216
290 237
597 615
452 499
521 477
837 760
267 285
20 56
1027 966
690 622
235 221
199 194
186 91
374 347
244 252
424 473
438 516
385 385
337 357
945 958
686 665
698 792
16 64
464 420
655 671
911 968
839 877
144 177
535 523
65 139
230 152
806 732
312 246
578 565
699 740
817 902
105 17
886 973
360 298
658 611
53 32
1 11
319 337
36 136
879 889
595 522
721 805
80 28
981 931
838 757
654 609
480 544
973 905
647 595
243 246
152 113
183 175
140 156
263 244
856 883
338 265
792 883
403 462
560 485
238 272
214 204
1011 984
453 409
330 398
819 909
469 370
882 882
279 214
811 766
82 35
341 421
271 271
397 370
876 848
128 50
1016 976
243 270
843 796
949 963
451 379
1091 991
594 551
867 897
353 307
471 421
100 74
401 388
591 559
884 980
607 615
651 681
209 231
133 207
741 818
372 331
950 979
403 445
419 348
780 724
345 401
618 646
766 668
335 242
288 302
795 861
777 830
117 77
541 441
499 589
1025 990
217 189
799 868
944 996
329 363
232 237
367 420
552 565
220 214
353 333
811 726
176 175
35 58
548 625
1 66
142 169
400 475
298 204
27 90
421 496
40 1
462 474
359 449
299 252
395 332
382 287
206 189
980 889
1 63
285 378
109 206
813 897
219 230
361 382
601 575
155 60
442 529
405 477
253 290
57 89
894 961
548 461
763 702
542 532
704 680
44 53
545 642
1018 1000
803 891
730 822
59 152
423 324
590 633
266 267
325 381
307 272
422 506
403 419
524 461
613 526
1033 978
403 468
820 729
777 795
631 581
298 383
302 226
505 421
461 386
351 273
556 484
638 676
152 107
236 229
831 902
882 962
38 105
100 84
1006 991
661 701
596 689
748 655
528 600
587 538
492 499
783 881
1017 981
546 473
368 383
618 679
662 573
563 589
553 480
161 145
612 624
926 923
972 915
249 232
948 974
662 735
735 678
682 640
722 644
146 212
75 123
276 253
890 943
1 18
1007 916
302 327
607 640
646 615
488 470
565 655
239 288
448 401
906 840
564 633
647 707
339 424
757 682
213 194
829 855
229 190
703 728
257 178
255 275
123 88
321 367
517 544
768 738
1040 963
439 460
282 266
739 727
128 33
471 442
714 628
467 384
298 244
411 482
760 765
435 446
245 247
865 913
658 560
457 528
694 594
882 935
415 462
555 621
705 660
525 564
276 302
871 936
582 592
639 724
181 118
200 299
201 251
35 129
5 96
85 167
239 169
359 381
948 976
771 767
804 837
457 407
284 203
485 387
803 735
629 706
358 335
13 40
808 821
68 131
96 159
956 978
101 53
767 849
577 478
1 19
278 230
388 453
318 336
847 931
592 588
494 449
615 566
9510 5858
8842 8557
6635 6648
8784 6993
5623 9012
5638 9297
6753 7304
7120 5239
7693 8003
5137 8038
5205 9298
6553 5137
7308 6057
5364 8030
9803 7265
6560 5875
5741 6799
5656 6151
5841 8814
8557 5203
7644 7964
6545 7655
9849 8265
6066 5729
9650 5108
7741 8646
9862 7256
8405 7775
7868 5218
6053 7383
9642 8682
6670 5178
8982 7860
7139 6686
6494 6967
8409 9296
6307 6452
6843 9224
9348 6041
6545 7157
5417 8276
9304 7966
6944 6020
6640 6084
9817 5337
9643 7494
8802 5209
7684 9073
7922 7706
8970 7719
5418 9463
7579 5844
5402 6733
6485 9061
9769 9853
7297 7651
6985 9974
9703 8840
5225 7711
7769 7733
5560 5330
8147 9776
9407 6917
9629 6507
6679 7484
7100 6559
7681 8608
8551 6476
5691 9765
8014 5356
7424 5108
6269 6310
7142 8222
8143 9547
5062 9482
9086 7753
7128 8265
8684 8590
8457 9736
6167 5787
6116 7298
6961 8548
8735 8293
8108 5087
9982 6211
9035 7974
7650 8452
6786 5478
5041 5596
8932 9655
7089 8901
9912 6788
9755 7990
8834 5600
9161 5576
6180 5967
5771 8188
5917 8483
8527 9761
5948 9218
7780 7828
5511 5566
5802 6076
7282 6561
8984 6954
9909 5700
9253 7919
7558 9551
7195 5205
5273 9081
8105 9233
8516 8151
6227 5508
7272 6863
5917 9328
5955 8349
7689 6353
6416 7014
9932 6533
5740 8682
7368 7703
9239 5346
7041 5748
5215 5646
7905 5818
5201 9602
6866 5188
5908 5255
5348 9410
6499 9150
5902 6112
7300 9726
8596 6976
9414 6899
9465 9242
8928 6765
8324 5616
5790 5971
6297 7117
9557 5722
5008 8986
8736 7161
7063 7219
8157 6300
5481 9306
6334 9611
5891 6316
7698 9542
6068 7761
5553 8368
5658 5624
8317 7211
5340 8673
8370 9047
6182 9244
6180 6896
6433 6326
6672 8984
5597 5276
6552 9400
6750 9465
8353 5158
9645 8815
6722 8925
6467 8879
6565 9134
5321 6728
8981 5876
8250 5445
5047 6288
8746 6882
5736 9715
6350 9084
6298 6911
5059 5087
9478 9410
5231 9594
5623 8527
8470 8417
9539 9979
8859 8618
5442 7392
7258 7722
6510 7162
5244 7081
6679 6750
8841 6753
5699 6922
5164 6705
9894 5025
7488 6724
5155 6999
7662 7804
9201 8762
6487 9101
9620 6946
7493 7188
7766 6277
5172 5738
5717 5091
8411 9369
9528 7221
6026 9629
5204 5932
5595 8792
6750 9586
6579 9022
7934 5263
6284 8521
9642 5153
5107 9275
9684 7975
7979 8422
9316 9969
9437 9230
8575 8655
9879 8770
9305 8104
9297 5357
7929 7847
7403 9237
7642 7228
6664 5712
8403 9368
7924 6787
6147 6772
7183 7483
9527 7051
8038 9179
5046 9698
8085 5356
6092 8744
6382 5890
7466 6875
7587 7624
5028 5459
6485 9732
5362 5796
8306 7297
7712 9425
5231 5540
7298 6443
8192 9795
9703 5474
9496 9433
7916 5602
9469 8795
6479 7668
5244 8855
9962 5381
6298 7462
9801 7806
7611 7552
5626 5747
6079 9188
8232 8886
6779 5514
6596 7226
5576 6579
7028 7670
6469 9327
5433 5303
9063 6275
7395 9991
5950 9993
7442 6085
8006 5264
5165 7971
6032 7056
7986 8236
9444 7310
6535 8566
9183 9310
6446 7676
6508 8957
8991 5281
7242 5472
6003 5278
8198 6071
9256 6751
6812 8660
5090 9971
5847 6017
5437 8297
6472 6904
6896 7973
7215 6765
8601 7109
5584 9643
5330 7760
7363 8694
8325 7684
6391 5901
6098 6729
5947 6795
8853 5582
8633 7809
5919 5704
5027 6858
8098 5441
6771 9805
8155 6314
5827 7652
6282 5064
9912 8315
9777 7127
5171 9730
8093 9271
5991 6218
7409 8447
5453 7973
9009 8522
9330 9254
6003 5023
6942 9638
5464 8358
8178 6439
8986 9252
5020 7758
9863 6020
8866 5533
8780 5812
6179 5130
7931 9015
5461 6356
8357 8735
8549 9654
9574 5944
5063 9644
7908 7943
8418 9130
9009 9985
6834 7617
6049 9727
5356 9921
8759 6666
5707 6318
6986 5603
8911 9911
8784 5838
7182 9612
5978 9751
9198 5117
7525 9418
9290 5530
5907 8174
8753 5737
7329 6494
6968 9624
7037 6604
6679 5459
5052 6589
7910 8646
7341 6126
9038 6646
8646 8985
9645 9227
5768 7741
7960 9273
8623 7425
8972 9511
8224 8478
6051 5235
5205 8498
6846 5726
6335 5006
9609 9838
6107 5671
6918 7383
5564 8400
6670 8850
7669 9933
5884 9944
9597 7661
7460 6838
9909 9673
9870 8432
7813 6725
7340 8139
5997 5207
7652 7531
9725 9908
7659 6894
8444 8188
6957 6413
6480 6054
8401 8521
5896 7765
5061 6891
5683 9575
9498 8189
9793 9168
6960 6865
5096 5072
7500 5377
9171 7267
5389 6294
8076 9185
7044 7901
8388 6853
7386 7178
7074 8216
9663 9193
7580 6437
8072 7378
6309 6290
9767 5065
6099 9767
5957 7556
9353 8023
7379 8214
6420 5105
7628 9847
7714 9581
8553 8043
8420 6336
9977 5586
5911 6241
9126 8633
9460 6283
8799 7860
7385 8299
6927 7824
8252 6795
6525 5828
7833 7401
7397 9900
8027 9979
7725 8042
7805 5136
5563 7140
9339 5294
9214 6169
5389 6265
6701 5730
7543 8480
7359 9257
7766 5748
8611 5462
8373 6855
9982 6329
7309 6950
8597 7043
6161 7740
7265 8041
5546 6555
8532 6083
5080 7368
7630 7398
7505 6203
9418 6911
9880 9513
6505 7364
7220 5470
5722 9770
5309 7642
9131 9081
8748 8293
7415 7543
5071 8730
7396 6614
6124 6635
6356 9571
7021 5781
5835 6502
8939 5658
5309 7262
7703 8487
7930 8464
6421 7460
5481 7845
9425 9244
9573 7976
7123 5934
5720 5910
7153 8362
5576 8181
8599 9436
6302 5756
9948 8213
6054 7329
8711 6072
9565 5570
7854 8466
9053 8815
5885 7527
9690 7022
8008 7277
6747 9205
9222 6255
7460 5045
5858 6377
5282 7305
5005 8810
6778 8359
9835 9496
7622 9668
6080 8681
5938 7092
5417 7693
9393 7479
9524 5650
7093 6464
8320 5168
8519 5820
8717 7207
7010 9030
5232 6042
8979 5641
5725 6505
8121 9072
9887 9271
8206 6353
5801 9493
7624 5290
7532 9779
7533 7039
7390 6738
9038 6364
9714 6413
7419 9858
5404 9751
9940 6354
8443 8588
8225 6352
5795 6824
6802 8864
7381 5820
8743 6691
5503 8713
6017 8698
9584 8481
9329 9186
9208 7308
9308 5706
7291 6394
9941 5214
6000 7298
8535 6147
7459 6190
5697 9717
9734 7643
8220 7096
5606 7413
8478 6762
7325 6383
8901 5847
8637 7583
7048 9097
5444 5142
7319 5503
9384 8793
6913 6983
6382 6417
7782 9470
8475 7527
7082 5494
7153 7402
5354 6579
5756 5309
5052 6417
7661 8803
8722 9346
5180 5508
7476 9291
5120 5346
6561 5075
9271 5805
8870 7355
6279 9890
9565 8338
9116 5193
5425 7366
7581 7555
5357 9454
7349 9595
8755 7938
7117 5110
7652 7855
6045 7933
6870 5026
5419 8661
9363 7777
5614 9975
9120 9265
8423 7042
8278 7190
5721 6617
8747 8679
9980 6196
6918 5595
5767 7284
5300 7146
5369 6563
7376 9093
7041 7513
8498 9185
5518 8630
9015 6161
6506 9995
5192 6660
9312 5099
6398 8868
8561 6253
8595 8836
6423 8219
8662 8811
5447 5477
8320 7979
5099 9857
7988 7743
9335 5831
7414 7067
8672 7607
5301 6488
9865 5041
7986 8885
7016 7214
6837 9508
8726 6109
9565 5413
6574 5094
6308 9784
9604 9715
7446 9914
6534 9691
7766 5382
6796 8838
6041 7327
6164 6126
6738 6736
7219 8077
7807 5704
6322 7998
7446 9227
7511 8160
9121 8739
8457 7180
6364 9041
7315 7826
5730 9682
6174 5884
8741 8449
5885 8357
9221 7186
8011 5312
8147 8061
9138 7126
9296 5046
9175 6112
6591 6061
8432 9701
6202 7030
5902 5414
6740 9941
6378 9112
6737 9158
9495 7083
7272 8529
7233 5343
8673 6674
7184 7405
7924 9768
9601 6847
7332 5421
7321 6684
6697 9308
5334 8246
7828 5967
9402 9582
5421 7907
8270 6553
5017 9709
9532 7761
7992 7513
5329 5258
6049 5309
9577 6999
9306 9051
6677 7556
6076 9098
7813 7369
7291 7477
9153 9884
5240 8438
5727 8523
6596 9661
5406 7527
5294 9726
8994 8494
6306 6626
9536 9094
8919 5743
6419 7303
8355 7604
5698 9487
6296 8091
6796 5058
9926 6819
8391 9344
8642 6997
9769 7148
6986 8579
5839 5874
9694 9189
6483 5885
7313 6189
9936 5171
8678 5727
8361 6048
8583 6046
8530 8360
5736 6022
5711 7327
8058 6713
9604 9858
9521 6784
7009 5123
5611 8944
6114 9684
8435 7203
6872 6420
9524 6240
5518 6296
8986 6845
6705 9302
9902 8844
6598 9988
8458 6706
5822 7274
8912 7684
9925 7410
8901 7663
9583 9689
8964 8629
6767 7991
7815 9890
8417 9673
9752 7335
7940 9806
7829 6788
7519 7370
5035 6375
6345 7950
6441 7620
8587 5494
7846 6347
9150 6469
8988 5131
7182 7803
7336 6618
8421 5887
6345 9725
5923 6383
8467 8917
5127 7319
7670 6433
7880 6330
9015 7336
9373 5750
6236 6060
9575 8012
9639 6970
8036 7583
8710 9474
7683 7351
9488 5724
8958 8124
5376 9306
8802 9623
8202 5873
5917 5646
8120 9386
7952 5052
5815 6560
6223 5755
7132 8636
9416 8773
9540 8211
8025 8653
9978 8317
5125 9544
7258 9331
7965 7121
9187 7894
7922 6912
6964 8355
9156 7549
8583 8622
9810 6356
6020 6526
5074 8406
8919 9113
8272 9420
5070 7729
6467 8811
5735 8942
5014 9729
7133 5333
9910 7426
9541 8851
7018 6821
6463 5089
5122 5573
8202 7317
7780 5872
6402 8914
7924 5027
6428 9165
8367 8638
7574 9576
8758 5367
8367 8275
8535 6703
6527 9928
9289 6138
9905 5968
5257 8731
9980 7839
7835 5922
8581 7481
9500 6751
6136 5568
9404 7356
7768 6969
9475 6326
8958 6147
8708 9860
6625 8808
7857 7431
8673 9917
9660 9987
9072 7284
9934 5098
7180 6061
9643 8836
8205 9698
9009 6565
5352 5749
5722 8109
8093 9492
6027 7873
7138 7560
6862 5758
7537 6354
8871 7660
5005 6304
5807 7901
7416 5044
9257 5490
6545 8621
7726 8423
8553 9825
7389 5241
7640 8922
5978 9763
7231 5012
7570 8998
7115 6897
8746 6748
8759 5752
6383 6678
8436 9703
9646 5073
7252 7685
8713 9881
5547 8578
5005 9430
5083 6916
7102 7917
8508 7383
9711 6865
5711 5574
7204 5798
8731 5505
5480 7282
9010 7571
8542 8117
6905 9457
8810 8158
8901 5541
9984 7015
5097 5926
6487 8416
6380 8925
9960 8446
7476 5904
7068 7061
6373 8192
7814 8069
8417 5961
7874 7961
6149 6955
5236 5266
6698 7631
9387 7119
9112 5953
5429 5117
7336 5869
6618 5682
9052 8046
7281 8715
7823 7116
8492 7255
7171 6892
7071 5264
6828 8927
8626 8947
5251 9166
9099 9085
9393 7844
8524 7981
6934 5014
5309 7000
9034 8848
8508 7840
5399 5913
5880 5801
8964 9158
9124 7094
9431 8738
7897 7381
6716 6356
5869 9793
9272 9715
6983 9014
7499 7996
8394 7287
5607 8815
7937 6515
8643 7383
6873 9626
6291 5540
8418 7772
6896 7389
6963 5973
7466 5843
8474 6786
8191 7929
8906 7767
7017 5619
5631 9623
6654 7128
8877 8921
9127 7725
8667 8803
5742 8335
8568 9714
9721 7689
5222 8659
5401 9567
9758 5417
9649 6619
7229 6485
6382 6892
6919 7811
7075 7506
8385 5671
8564 6003
6483 9267
9388 9337
8704 6009
8565 5298
8869 8734
8881 6109
7812 6205
7699 9734
6087 9661
6975 8974
5738 7490
8091 5040
8275 7398
8150 7912
5633 9080
9117 8077
6341 9171
7480 9280
7494 6884
6689 5022
9935 9955
8885 7938
7765 6374
5709 8880
6943 7140
8922 9005
5770 8923
9211 8911
8542 9219
9515 9171
7449 9874
6525 8089
6629 6013
7111 5912
7375 6604
9903 7483
5911 7079
7074 6132
8516 5709
8219 8930
9685 8686
