100 634000
94 485
506 326
416 248
992 421
649 322
237 795
457 43
815 845
446 955
422 252
791 9
359 901
667 122
598 94
7 738
544 574
334 715
766 882
994 367
893 984
633 299
131 433
428 682
700 72
617 874
874 138
720 856
419 145
794 995
196 529
997 199
116 277
908 97
539 719
707 242
569 107
537 122
931 70
726 98
487 600
772 645
513 267
81 972
943 895
58 213
303 748
764 487
536 923
724 29
789 674
479 540
142 554
339 467
641 46
196 710
494 553
66 191
824 724
208 730
711 988
800 90
314 340
289 549
401 196
466 865
689 678
833 570
225 936
244 722
849 651
113 123
379 431
361 508
65 585
486 853
686 642
286 992
889 725
24 286
491 812
891 859
90 663
181 88
214 179
17 187
472 619
418 261
419 846
356 192
682 261
306 514
201 886
385 530
952 849
500 294
194 799
737 391
324 330
992 298
224 790
8822 6685
9050 6980
9119 9862
9944 7961
8861 9872
5545 5889
6664 6764
8930 6564
6850 6681
5714 7022
7825 8890
7535 6832
6910 6685
5515 8604
6729 5050
5664 5824
8371 6816
9309 6887
9812 8282
9229 6324
7797 5025
7526 7853
9364 5418
8480 5873
5470 9320
6228 9112
7100 6203
9621 8573
9233 9178
8736 7855
5284 9026
9506 5694
6825 8388
5394 6520
9419 6803
7764 8475
9342 9827
6058 9504
9867 8910
9148 9926
7659 6997
7774 6535
5404 6306
8717 7250
5292 8581
5890 7904
7719 8117
6855 8863
9661 7567
7435 8780
7897 9767
9667 6045
8160 7704
6611 5871
7427 7079
7058 5667
6396 9816
5206 5739
7715 8187
6683 5456
7331 6489
5439 5202
6239 5328
8268 9363
8815 5740
7101 6243
8647 7131
5984 9597
7630 7164
8342 7113
6366 6372
6793 9824
8858 8062
7623 7677
9789 5015
8076 5721
5999 7755
6355 5068
6376 5827
9273 6474
5649 6993
7621 6169
6789 9130
9207 9551
9795 9475
9311 8644
6280 7705
6498 8761
8730 6781
7545 7979
7023 7704
9576 6514
8791 7004
7173 9643
6217 8024
9997 6064
6248 5767
9895 7953
8277 5400
9978 5090
