100 933100
94 485
506 326
416 248
992 421
649 322
237 795
457 43
815 845
446 955
422 252
791 9
359 901
667 122
598 94
7 738
544 574
334 715
766 882
994 367
893 984
633 299
131 433
428 682
700 72
617 874
874 138
720 856
419 145
794 995
196 529
997 199
116 277
908 97
539 719
707 242
569 107
537 122
931 70
726 98
487 600
772 645
513 267
81 972
943 895
58 213
303 748
764 487
536 923
724 29
789 674
479 540
142 554
339 467
641 46
196 710
494 553
66 191
824 724
208 730
711 988
800 90
314 340
289 549
401 196
466 865
689 678
833 570
225 936
244 722
849 651
113 123
379 431
361 508
65 585
486 853
686 642
286 992
889 725
24 286
491 812
891 859
90 663
181 88
214 179
17 187
472 619
418 261
419 846
356 192
682 261
306 514
201 886
385 530
952 849
500 294
194 799
737 391
324 330
992 298
224 790
9544 9251
8131 6691
9318 8085
6331 6766
5893 7948
6420 6881
8075 6055
9926 6172
8842 8190
8048 9892
7634 7997
6229 8892
5868 9965
5778 8243
6391 5484
7536 7461
8179 5619
7715 5554
9165 9776
5394 5521
8777 7604
8696 5032
9541 8927
8270 5063
6926 6150
8402 6437
6801 8727
9737 8127
9258 7236
8342 6253
8396 9941
5386 6307
9704 6261
6264 7073
6534 6451
8287 8256
8969 5567
6312 5246
7903 7606
6516 6256
5064 8946
6449 5877
5303 9237
6176 5589
9181 6895
6768 6575
8250 9832
6448 8782
7986 8929
8550 9764
9197 7262
8962 6495
7761 8163
6513 8155
9426 5876
5007 7692
8735 9712
5248 6953
9080 8378
8049 9447
9300 5367
5368 8230
5851 5485
9854 8098
7025 9638
5650 9627
7695 5333
8754 6453
6000 7707
8893 6297
8242 5882
6757 8124
7661 5782
9468 9759
8012 5207
5230 9873
5755 8118
8076 8191
9044 8393
8904 5538
7062 7124
7366 7813
6034 5122
6838 6646
6884 8629
8847 7784
9705 9401
6436 8559
8006 5498
6352 6332
6604 7777
7296 6318
7389 5926
9679 9430
7867 6407
9335 7533
9043 7487
8756 5504
8952 8792
8010 9870
