2000 501700
94 485
506 326
416 248
992 421
649 322
237 795
457 43
815 845
446 955
422 252
791 9
359 901
667 122
598 94
7 738
544 574
334 715
766 882
994 367
893 984
633 299
131 433
428 682
700 72
617 874
874 138
720 856
419 145
794 995
196 529
997 199
116 277
908 97
539 719
707 242
569 107
537 122
931 70
726 98
487 600
772 645
513 267
81 972
943 895
58 213
303 748
764 487
536 923
724 29
789 674
479 540
142 554
339 467
641 46
196 710
494 553
66 191
824 724
208 730
711 988
800 90
314 340
289 549
401 196
466 865
689 678
833 570
225 936
244 722
849 651
113 123
379 431
361 508
65 585
486 853
686 642
286 992
889 725
24 286
491 812
891 859
90 663
181 88
214 179
17 187
472 619
418 261
419 846
356 192
682 261
306 514
201 886
385 530
952 849
500 294
194 799
737 391
324 330
992 298
224 790
260 275
97 826
210 72
649 866
919 951
63 748
958 685
804 956
518 564
428 183
537 400
346 721
153 207
971 323
662 611
197 116
91 109
529 795
126 343
747 862
469 685
770 10
934 881
723 984
895 403
568 360
172 449
958 541
383 272
308 877
970 359
583 707
48 308
930 770
569 30
3 208
20 311
609 100
887 939
825 422
930 785
904 370
241 989
379 969
376 143
962 972
889 28
443 61
216 638
338 348
160 347
406 66
159 391
31 638
204 295
420 826
153 196
425 449
331 855
565 143
838 487
9 140
918 564
533 615
232 135
957 564
591 360
576 793
746 163
377 859
858 760
86 711
434 662
558 159
279 660
840 268
735 948
574 315
126 676
912 341
739 689
821 894
625 706
917 490
201 478
993 671
149 932
52 899
759 237
267 187
256 472
783 772
117 98
516 906
180 911
25 635
380 225
712 823
266 164
216 343
448 732
541 502
664 740
954 576
726 612
772 902
531 454
943 411
750 973
327 703
917 850
5 77
113 220
913 802
791 403
998 181
859 10
345 525
431 919
675 668
833 527
438 462
523 291
916 605
420 457
115 405
660 417
261 279
772 685
388 596
764 307
843 224
206 322
407 840
639 975
852 401
542 91
60 327
757 330
82 182
637 603
93 793
614 615
136 733
187 864
102 16
972 863
163 987
501 306
477 34
492 840
121 700
80 706
138 787
660 105
229 834
827 798
448 310
230 609
832 690
489 561
586 579
291 60
665 388
660 309
702 407
153 200
606 313
123 970
253 33
709 273
832 277
108 997
888 40
481 227
283 860
858 940
284 608
711 990
850 590
239 806
943 52
195 801
95 764
410 710
664 386
900 593
112 50
963 494
754 156
458 936
19 965
225 86
569 723
97 184
194 868
754 340
602 412
61 487
695 209
347 346
719 860
100 307
97 95
843 821
745 941
286 821
492 587
116 201
531 665
424 527
253 812
426 424
413 459
980 343
291 836
833 506
486 179
9 916
575 430
922 596
145 808
897 269
404 512
742 811
728 685
269 567
103 776
745 855
35 718
779 853
71 97
80 146
842 746
128 15
941 965
227 512
30 480
342 958
605 665
531 191
364 964
359 515
867 606
820 822
313 536
207 693
911 19
308 335
430 101
685 922
641 294
113 910
141 410
690 250
700 546
559 729
481 609
503 720
766 976
7 759
882 798
859 74
182 648
425 299
542 785
683 846
853 390
938 897
89 416
624 837
181 247
878 293
933 144
580 938
252 467
207 480
658 955
20 665
954 26
347 564
759 449
446 26
14 521
657 301
710 321
980 613
188 388
636 879
203 990
432 188
129 963
630 820
509 300
237 822
373 255
838 277
395 153
692 400
103 227
218 518
384 447
931 315
396 813
389 324
640 502
287 299
297 780
977 376
512 516
219 212
555 329
398 810
289 486
798 485
598 416
49 952
572 894
697 358
770 21
725 647
542 44
214 683
887 361
45 814
94 231
282 8
82 165
319 496
626 699
146 852
541 459
874 535
725 314
777 944
554 306
208 459
787 637
976 447
912 408
444 107
3 962
301 565
164 407
437 857
652 317
764 98
41 818
737 600
176 288
136 902
128 567
394 190
235 749
42 908
824 276
684 748
979 592
568 393
367 363
52 163
642 983
335 179
126 16
130 478
583 259
129 868
752 295
167 596
856 71
640 622
770 864
431 644
195 5
448 365
701 429
952 64
880 854
168 770
79 88
961 157
472 368
217 421
709 719
147 271
296 975
909 816
764 962
251 535
878 438
753 696
570 881
253 318
666 45
931 52
433 496
810 313
678 138
123 334
212 988
66 508
206 770
750 751
64 780
466 441
337 207
510 516
796 674
175 408
437 920
938 573
848 634
561 878
718 990
948 826
649 696
569 800
663 411
582 422
843 707
202 334
702 986
579 494
725 150
803 562
340 380
156 832
832 979
602 376
234 511
688 414
184 160
978 982
413 238
633 490
585 899
606 251
963 526
350 897
242 39
539 657
739 452
267 538
165 831
177 460
720 185
802 934
644 440
82 490
798 168
197 71
173 977
81 458
235 204
112 803
103 139
268 399
879 420
643 991
106 578
122 972
444 177
262 398
691 348
997 496
446 276
171 825
549 614
281 121
211 730
112 341
408 284
730 698
363 17
89 546
605 672
938 974
168 866
705 377
47 559
400 340
215 527
114 779
51 761
881 483
549 92
679 390
328 583
250 661
203 391
481 336
752 661
707 125
82 89
63 275
660 359
21 178
287 780
219 42
500 5
820 380
95 772
44 816
748 9
678 484
276 545
478 589
663 157
594 901
757 777
947 74
448 247
570 55
313 479
981 785
795 958
552 680
389 393
280 944
864 596
636 619
512 611
892 852
184 283
947 299
614 766
625 312
149 826
377 726
474 733
18 805
662 679
416 403
1 964
530 337
752 541
22 478
981 369
777 946
957 821
275 833
584 837
582 490
121 37
951 594
668 129
118 258
319 246
896 362
521 755
948 504
248 71
474 177
351 176
54 803
155 237
660 677
871 33
486 115
294 597
425 769
245 536
382 956
371 341
708 184
544 234
794 569
387 216
738 537
520 84
281 810
502 657
91 33
503 159
924 520
16 668
33 287
344 229
349 374
606 474
896 672
595 915
441 511
102 123
52 569
654 199
710 396
434 715
245 59
36 610
661 917
413 927
13 270
370 117
400 516
195 215
984 216
476 237
164 615
405 499
674 477
196 760
608 285
907 56
532 966
51 622
716 221
327 194
880 91
710 347
267 252
400 473
376 516
609 385
320 357
196 958
538 665
935 792
404 64
100 420
126 671
855 968
94 877
731 177
253 523
8 139
393 152
543 732
348 246
318 565
489 740
22 902
998 17
49 973
381 298
10 611
429 32
221 11
150 337
717 136
530 889
332 522
942 805
565 28
216 931
61 757
170 609
872 544
644 905
208 595
680 246
697 113
639 175
679 156
961 244
361 883
802 265
359 883
839 462
718 485
280 272
252 204
280 984
102 409
615 398
296 909
481 370
956 882
230 214
259 766
922 35
706 421
272 271
156 370
552 848
485 50
536 976
70 270
902 796
452 963
35 379
947 991
378 551
57 897
352 307
669 421
702 74
141 388
458 559
463 980
756 615
887 681
332 231
528 207
656 818
254 331
787 979
495 445
370 348
10 724
200 401
327 646
17 668
374 242
755 302
980 861
376 830
8 77
32 441
460 589
804 990
23 189
869 868
943 996
715 363
628 237
73 420
199 565
38 214
209 333
327 726
912 175
799 58
372 625
976 66
120 169
667 475
188 204
28 90
704 496
649 1
746 474
697 449
712 252
289 332
625 287
953 189
462 889
302 63
79 378
41 206
823 897
908 230
665 382
36 575
732 60
809 529
66 477
291 290
591 89
583 961
252 461
479 702
530 532
224 680
788 53
309 642
366 1000
352 891
402 822
545 152
113 324
967 633
454 267
723 381
14 272
20 506
308 419
644 461
713 526
482 978
336 468
289 729
496 795
326 581
530 383
167 226
522 421
830 386
91 273
116 484
747 676
395 107
958 229
756 902
262 962
703 105
511 84
481 991
449 701
888 689
599 655
306 600
492 538
803 499
445 881
316 981
889 473
785 383
765 679
491 573
589 589
124 480
741 145
898 624
725 923
682 915
131 232
398 974
906 735
753 678
312 640
790 644
301 212
945 123
447 253
197 943
27 18
573 916
589 327
934 640
209 615
529 470
899 655
15 288
592 401
92 840
575 633
814 707
354 424
127 682
374 194
566 855
594 190
973 728
645 178
603 275
712 88
32 367
298 544
561 738
906 963
626 460
143 266
504 727
836 33
361 442
431 628
554 384
24 244
416 482
735 765
243 446
454 247
932 913
494 560
648 528
357 594
596 935
788 462
536 621
759 660
200 564
566 302
741 936
217 592
219 724
832 118
819 299
487 251
473 129
241 96
64 167
516 169
857 381
218 976
490 767
504 837
707 407
342 203
475 387
175 735
786 706
171 335
232 40
888 821
866 131
976 159
253 978
619 53
642 849
460 478
218 19
218 230
667 453
949 336
89 931
488 588
568 449
526 566
860 272
4 883
772 731
734 80
259 213
270 177
6 872
424 626
204 940
313 150
159 379
205 833
25 517
951 724
721 973
635 581
293 839
712 272
410 412
465 839
366 492
74 553
23 718
416 738
764 839
49 390
817 588
507 523
152 630
256 770
562 746
495 49
414 369
78 537
912 115
59 215
259 971
258 602
841 551
137 40
590 494
383 252
869 158
939 72
282 177
880 667
479 483
454 815
730 19
556 745
195 339
409 614
580 302
99 319
913 670
798 513
318 566
790 27
344 322
80 645
468 210
922 841
179 925
347 521
231 975
597 269
607 929
903 478
310 970
223 684
10 231
845 673
905 348
58 232
93 727
759 597
912 397
906 539
43 907
76 892
552 699
670 408
671 361
353 789
837 529
12 190
889 880
912 236
377 715
56 718
585 439
852 814
715 902
421 658
330 410
51 412
840 90
697 678
848 951
826 37
198 593
341 737
274 211
740 134
339 847
875 490
400 95
603 435
474 737
126 860
973 310
973 548
581 984
788 660
629 86
799 635
475 941
959 56
80 372
917 650
91 964
783 735
773 682
712 151
655 283
953 773
279 643
701 898
706 817
147 269
355 731
100 507
498 841
261 207
591 752
630 318
374 126
960 153
917 101
406 560
759 743
618 816
981 980
641 1
131 82
920 886
534 377
453 465
397 753
51 842
301 547
197 580
910 754
211 37
851 548
42 896
919 656
30 537
674 78
979 540
764 597
937 314
656 845
590 361
337 930
997 654
643 841
652 810
632 98
827 814
659 898
56 237
97 236
304 397
771 468
680 160
344 168
561 189
632 123
666 783
235 991
71 775
327 565
824 906
1 604
948 233
851 693
780 209
603 279
380 231
84 675
684 370
757 814
605 276
304 238
358 710
294 931
742 879
37 492
4 81
707 347
131 417
660 582
89 801
455 195
303 403
680 247
970 356
934 627
951 858
404 803
446 236
349 572
93 485
672 586
158 748
772 235
891 859
532 788
621 345
347 861
227 342
555 779
16 595
303 963
941 260
833 366
190 835
622 733
345 834
893 442
192 773
430 880
160 873
767 793
170 173
810 402
318 60
690 628
224 19
52 146
411 685
203 138
785 593
219 202
61 500
919 89
191 433
711 63
294 514
937 865
253 393
103 269
316 111
625 614
639 272
641 973
139 609
45 236
316 496
218 24
293 871
747 227
879 420
633 850
10 127
356 170
665 224
536 722
823 189
603 597
392 286
258 22
771 957
820 536
139 221
566 281
229 238
325 531
804 449
786 735
983 670
847 646
388 272
632 605
253 394
405 508
137 537
283 955
678 477
659 969
706 692
786 963
313 829
143 638
713 206
244 185
489 187
844 129
896 300
602 114
210 305
930 199
692 916
457 839
241 899
950 452
229 185
212 561
222 848
32 191
747 830
869 860
245 873
575 649
818 591
204 974
584 974
822 452
198 397
942 350
942 597
899 13
375 392
327 343
479 756
66 387
950 924
464 188
286 68
573 552
294 166
137 435
557 14
423 797
427 254
95 300
715 431
403 367
453 197
735 233
1 149
145 62
782 38
848 69
456 425
490 810
679 878
461 503
844 308
70 798
599 437
888 798
395 36
733 583
795 412
368 195
94 878
114 388
46 438
795 532
583 3
321 268
714 417
332 277
257 229
906 445
301 380
277 974
651 248
218 433
109 1000
558 874
388 939
121 760
372 473
228 811
208 766
326 306
572 556
50 521
753 364
77 460
266 136
227 458
502 784
337 648
31 783
629 960
215 137
353 591
274 875
343 440
758 263
838 40
478 835
595 943
255 749
331 263
362 597
84 5
16 999
459 161
220 35
16 891
865 459
719 996
292 592
175 54
461 985
301 401
759 298
715 459
207 77
129 611
681 159
261 467
893 737
399 895
377 49
189 382
360 285
14 388
728 972
314 265
225 729
534 810
914 973
94 818
549 295
674 532
434 58
211 736
986 187
863 896
802 998
279 997
31 476
810 259
968 475
187 494
791 130
190 151
410 639
592 855
886 480
875 478
763 386
352 672
58 361
815 894
562 460
571 148
322 660
465 628
418 329
198 975
554 1
656 507
108 750
453 109
909 915
576 700
646 75
114 896
313 229
692 85
759 144
643 536
462 919
860 516
904 473
959 25
663 25
209 611
564 44
233 722
478 980
716 563
616 672
107 914
979 541
466 882
971 142
76 259
886 35
498 543
150 689
442 721
136 142
36 530
37 503
344 450
550 248
355 599
980 919
473 636
957 181
324 873
859 154
570 427
294 604
260 313
674 363
339 594
259 813
382 829
660 49
430 791
760 554
682 499
664 226
358 345
114 432
142 758
19 64
753 843
163 637
121 941
94 965
398 448
587 857
98 968
142 351
303 758
968 351
533 980
982 662
568 357
519 914
277 548
622 723
517 23
720 170
635 351
55 113
263 783
285 766
189 527
628 206
7 644
290 258
655 861
387 728
641 69
742 128
741 392
793 145
802 51
897 112
262 253
193 340
882 932
131 817
482 965
573 480
443 724
203 839
965 500
75 746
807 811
805 373
513 605
472 252
797 172
690 394
295 177
784 98
532 377
155 486
110 855
884 290
173 130
78 355
714 842
633 233
477 101
119 686
718 736
15 930
472 700
328 69
793 607
199 879
999 916
177 960
525 408
948 679
498 138
495 185
890 782
906 49
334 453
385 630
399 429
338 853
520 545
829 651
481 765
99 159
680 1000
87 179
802 717
890 885
839 32
339 838
883 186
67 470
544 185
357 921
457 376
444 986
642 934
152 171
59 645
616 46
59 681
987 43
353 234
530 103
958 496
613 389
838 931
85 579
86 132
569 908
479 772
683 677
400 343
370 703
882 139
146 344
116 387
760 909
407 539
447 304
388 655
41 378
658 92
119 862
28 411
457 362
198 397
17 290
432 152
321 611
427 173
205 137
344 946
563 365
304 475
47 982
694 920
91 802
961 66
644 778
109 744
959 464
969 313
42 341
108 685
648 331
49 85
228 676
929 91
527 534
967 166
316 51
582 966
840 841
575 625
503 114
911 16
305 113
989 826
836 506
369 738
587 564
232 455
452 735
900 264
952 548
81 738
995 853
562 575
739 569
705 365
5 620
557 264
490 193
294 21
361 373
900 84
47 250
205 288
145 132
846 151
658 419
849 521
680 974
148 655
96 648
210 737
690 298
19 187
831 981
679 965
726 954
528 166
15 248
564 636
847 560
721 563
9 24
700 896
446 803
858 16
699 274
271 714
977 449
533 229
154 280
756 423
871 868
912 124
727 970
968 231
569 935
163 808
618 23
685 210
650 88
807 151
393 770
276 555
304 613
911 866
233 223
42 303
400 305
162 306
51 900
734 964
933 397
366 898
16 59
177 628
360 225
742 537
725 612
868 633
489 314
501 478
632 981
365 904
196 819
496 108
744 179
145 152
501 598
880 349
248 80
683 762
500 314
389 513
620 205
91 584
721 652
859 894
665 198
416 143
481 671
320 302
865 611
126 631
757 526
963 526
781 403
240 231
330 830
518 283
824 864
935 755
51 159
309 220
18 447
863 800
1 833
749 805
658 791
577 412
579 857
509 408
154 895
923 360
397 827
687 971
959 961
617 519
637 335
623 238
174 883
775 222
608 886
306 708
1000 475
957 876
641 123
472 127
726 384
305 745
714 284
643 429
708 685
631 512
489 503
829 599
746 983
732 462
732 992
669 270
422 491
54 282
900 831
682 167
666 115
957 661
109 564
454 934
964 608
933 513
140 53
195 659
24 646
657 164
231 763
169 825
128 949
537 355
264 811
46 164
4 851
900 289
802 392
68 224
450 460
126 903
58 347
398 638
486 101
451 587
335 797
162 881
106 210
745 243
969 969
432 298
159 253
634 593
565 453
16 657
610 72
503 222
511 319
752 61
55 694
469 384
829 801
692 136
177 536
211 958
499 647
115 526
984 28
818 904
233 509
424 884
976 565
371 601
406 323
334 522
784 192
676 103
168 451
427 867
432 602
531 783
337 311
677 994
537 172
1000 51
379 389
103 237
785 721
943 597
412 492
572 331
828 380
771 259
939 726
594 55
19 501
500 459
376 790
689 4
776 634
474 117
575 601
953 808
143 544
510 542
221 590
615 827
599 817
567 617
545 32
727 879
558 692
307 685
564 88
331 911
568 546
881 580
649 997
746 937
393 988
237 351
517 661
521 630
213 360
820 908
199 203
813 479
14 251
803 162
448 905
207 167
86 862
123 369
220 181
158 765
944 251
424 909
311 645
399 568
59 847
253 538
233 540
312 99
790 423
849 246
202 165
552 544
653 52
788 131
893 372
113 471
498 625
442 684
929 378
86 534
12 73
318 540
258 671
524 127
579 412
424 972
468 823
364 663
81 784
399 588
896 496
151 170
626 153
367 199
837 152
640 258
124 283
572 289
408 608
358 463
895 180
884 329
523 221
438 294
278 125
25 625
729 427
996 796
956 151
188 867
519 122
35 370
311 840
195 115
829 875
784 912
904 85
99 969
443 714
5941 9784
9714 7237
5825 8915
6961 8335
8825 7320
9232 8682
9536 9740
8154 8486
9810 9579
7667 8361
9603 7987
6722 5570
8152 6214
5946 9625
8631 5454
5828 8106
7016 9402
8708 8905
7169 5069
7889 8979
5129 5041
5305 6859
8193 9319
6880 7996
7908 9915
9516 7387
7199 9116
9721 8102
9542 5932
9920 6106
6408 9385
6765 9419
9924 7825
7844 8265
6578 6285
9623 8249
8542 9175
9849 5714
5406 8556
9165 8842
8198 6400
8830 5850
5476 6426
8554 7002
7868 6006
7964 7502
6334 7047
5690 5402
8533 9935
7956 9394
7911 7556
5558 6960
5352 9303
9571 5233
6876 8334
6700 6288
5719 5078
6657 9762
5178 9836
9573 7948
5732 6237
5712 7970
7984 7277
7822 5985
5314 7127
9208 9885
7512 8839
6125 8363
8491 6880
8101 8910
8552 6119
7015 9476
7095 7680
5911 5380
8042 6172
5127 6666
7460 5633
5377 7444
9005 7878
6367 6745
6990 6487
8420 8026
5645 7904
7257 7838
9632 8709
9540 6996
7490 9210
6375 5963
8118 6707
7273 8413
5159 9202
7795 8505
8573 7627
7253 6711
6518 8398
9379 5152
5770 5064
7834 8288
9087 5808
8430 7557
7311 5062
5224 9647
5081 6692
8957 6559
9616 9943
9916 7031
8635 7199
8245 6968
6977 9908
8549 8804
9465 8664
7881 6604
6635 9578
6723 5354
8843 7537
8078 5212
7707 6867
7333 6333
5983 6330
5400 5492
9793 8437
6879 9384
9593 8112
7989 9250
9028 9811
8147 9675
9168 9957
5625 5430
8112 8687
5393 7559
7923 7496
6996 9359
7914 9351
7402 9322
9942 6952
7590 7100
5458 6840
7888 9310
6277 9687
9838 9142
5305 5609
5851 5941
8875 5817
9522 8719
6398 6274
7693 7818
9206 6072
9586 7204
6673 6293
9479 7208
6648 9417
6934 7265
9198 7499
5606 5264
8210 6161
7075 8605
8197 8790
5230 7552
5116 9422
8448 8083
8534 8689
9440 8751
7653 7160
9650 8315
7606 6247
6128 7213
9164 5704
8895 7652
7114 7583
9419 7923
6185 8828
7445 9995
6473 5708
7628 7409
5113 5544
8265 5932
6356 8415
5768 5977
6825 9339
9354 6642
5570 7438
9292 6900
6801 5671
6257 7050
5701 5371
6108 5699
8312 9734
5654 6312
6802 7838
9440 9899
7377 5852
8854 5320
9782 5093
5331 7164
6697 7836
7175 6552
9615 9766
6764 5541
7529 9460
5101 7079
7229 9369
7459 5114
5075 8971
6562 5008
8756 8432
6596 6397
6307 8145
5457 9005
9858 8431
8587 9483
7308 5896
5386 7611
5312 6525
9760 9361
9712 6408
7221 8295
8117 9336
6319 6096
9225 9689
5176 8261
6133 9202
5921 8209
9221 7582
7213 7495
7495 8668
9319 5943
7112 7829
9854 5428
9368 9893
7796 5727
6461 7318
9299 6471
8152 9813
7720 5845
7924 9309
7044 5917
6808 5943
7095 5602
9624 5058
9645 8777
5266 5820
6253 9457
8392 8713
7760 5837
9459 9327
8511 9329
7488 7605
7417 6362
5303 9066
8702 8957
7419 6099
6094 9167
8277 8331
8364 8815
8193 8714
9045 6359
6638 5922
9962 5986
6606 6373
6117 8407
9090 8052
8496 5082
9316 7230
8607 8678
8529 9366
6755 6559
8865 7010
6047 7964
6534 6887
6129 9355
8014 7933
9844 7045
7345 6084
6893 6716
7960 5688
5766 6751
9782 9921
7812 9339
7166 8286
9323 7469
5353 8957
7247 8595
7162 7617
5407 8340
7558 8757
7717 6728
6730 6689
6162 8866
8286 7335
7999 7305
6614 6462
9121 8742
6830 6840
6790 5084
5866 6878
9742 8108
9468 6081
7185 7430
5690 5565
6213 9981
9822 5882
5166 5499
8723 6295
6790 7737
9219 9668
5727 6674
8790 9583
9713 9926
8759 8395
7055 5942
5535 7563
9442 6631
7514 5391
7372 5321
9416 7927
9441 8086
7961 8970
8178 7724
6509 8243
6229 5958
9558 7493
8730 9073
7839 9699
7736 7718
7745 5439
8228 9241
8437 6100
9298 9356
5876 5942
5856 7938
7482 5626
5024 9272
9021 5071
7125 5383
6082 7623
7319 9424
7687 8315
9940 9325
7503 7106
8836 8582
5230 5422
9489 7730
5184 7904
9239 9461
8597 8974
5556 7131
9961 8883
6221 5719
7722 8560
6935 8691
6556 6908
7686 9092
5037 9047
8821 9707
9922 6029
9018 5721
7012 5863
6622 5169
6771 6450
7656 5219
5204 9106
9055 6859
8089 5768
6345 9106
6240 7746
5349 9734
5212 5920
6923 8931
9726 9932
8593 5267
6212 6588
5751 5657
7948 5784
8829 7115
6043 9491
7639 5113
9565 9262
9943 8636
8879 5299
9830 7053
7683 5703
8967 9912
7520 6334
6823 5996
9044 7862
9200 8330
8869 5861
5746 8173
5625 9531
9807 9148
6083 7050
5901 6584
5301 8868
9313 7077
5864 8532
7310 8586
7724 8047
9677 6441
5303 9367
7016 9852
6240 9991
9894 5474
9542 9029
6471 6600
8867 9743
9964 9486
9051 7362
7084 8751
6963 9057
7183 6822
8143 9544
6966 8367
6732 7965
9292 5909
5828 8035
5580 5709
5672 5444
9204 6244
5322 7886
7548 9732
5799 8930
8267 9674
8065 8154
5993 8779
6127 9679
6602 9956
7586 5195
9390 9917
6939 7978
9809 8616
8927 7139
7700 6260
5166 8010
6496 7083
9066 5065
6408 9258
7775 8614
5226 7617
8725 5024
8685 7978
7517 6208
5629 7448
8366 7865
8200 8793
6185 7170
5637 5133
7128 8989
5005 7219
7754 5844
8740 8348
7415 8391
5308 6692
9965 6919
8502 6399
7348 6318
9530 9438
6315 8662
7848 5907
6555 6826
7565 7653
6140 5147
5396 5752
5926 8185
9194 9693
7069 6267
7692 5810
9413 5123
9789 5818
6420 6468
9342 8815
8235 7025
8996 9293
8375 6641
9446 5800
9494 6821
5110 7897
7341 6692
7335 7270
9531 9612
7610 8143
9546 9747
6529 8309
9590 8110
6798 8804
9947 6703
6005 6418
5129 6468
6753 7081
8477 5929
9331 9602
6380 5435
6641 8579
5312 9506
6858 5322
6583 7995
5432 5342
9839 9236
6296 6352
5446 6973
8082 8937
8655 9503
9453 8903
6897 9478
6754 6352
6057 5948
5654 7941
6113 9445
8441 8808
6700 7102
6142 8425
5136 5304
6682 9132
8134 6788
7414 5529
5271 9248
5019 7650
8677 5688
8595 9938
9979 9442
9991 5256
8427 7318
7255 8441
6907 9301
5405 5507
8217 7741
6338 6282
8768 9326
9119 9365
8052 5728
7577 8047
5143 8113
7334 9685
8128 7717
5398 8010
8803 7123
5913 5462
8746 9427
9358 5457
6219 5570
9565 7005
6803 6504
8527 8366
7633 8328
6810 6300
6211 6456
7427 7432
8747 9155
6245 7491
5050 8334
9560 9745
7191 6677
6200 8871
5646 5581
5704 9862
6828 5758
6493 7911
5180 5742
8877 8375
9438 8333
8767 8114
8457 8036
7142 7134
7629 6005
8822 6728
7037 6165
8572 8477
9329 7403
6375 6202
9949 6056
7038 6370
8623 9516
8661 9138
6334 5270
8373 8723
8654 6837
8223 6237
6858 6361
7076 6502
5785 8937
6853 7082
6209 6827
6826 9854
5809 7265
6373 5909
8468 8967
6247 5810
7271 9694
7116 9348
8727 9526
7458 5863
5248 7077
5452 5853
8034 9125
8766 8982
6984 9360
5085 5746
5416 8604
9084 8715
9090 9804
9291 8827
8806 7811
5307 7226
6606 6857
7040 8689
7300 7239
8195 7845
9336 9388
5309 5823
8456 6304
9036 6510
7932 8848
7562 7516
5850 7342
8466 7033
6887 5718
8945 8856
5662 7720
7768 6564
6480 5233
9361 5355
6718 5575
8925 8684
8488 6074
9716 7840
8305 7640
8133 6404
6252 5075
6830 7520
7751 5750
5864 5024
9429 5162
5633 8302
6397 7898
8677 9441
9222 6009
8243 7752
7430 5121
8823 5292
7411 9921
8668 8464
9270 7933
5801 8950
5069 8922
6952 9605
9509 7437
8924 6468
9071 7481
7942 6492
7259 5205
8114 5803
8169 9358
8035 9729
7999 7318
5049 7892
6941 9512
8839 7237
5728 6590
5366 5620
6160 6846
9170 7021
7278 7313
5717 8542
9502 9394
7863 5366
7552 8914
5279 9595
5759 8756
5352 6834
8226 8566
5519 6552
8410 8087
5849 5957
9532 7249
5942 5285
9192 8074
6465 8841
7054 7447
6806 7981
7116 7846
6616 6027
5108 7311
8199 8663
8346 6095
7843 9761
6225 6826
6882 7863
7948 6336
8078 8817
8235 8700
8227 5618
8095 7111
5492 6247
5049 5383
5154 5395
7605 7231
5972 5511
8043 8553
6853 7207
8784 7239
8197 9541
9735 9741
5471 5945
9947 5612
6857 8349
7482 8361
6690 5337
5984 8673
8304 9478
6425 7823
8069 9644
9449 6031
7778 5800
6764 5919
8937 9620
8241 7964
5700 9093
7701 6267
6706 9951
7324 6459
8108 9642
7947 8148
6206 6752
7403 5624
6656 6977
5896 9105
8908 7459
9297 9322
5137 6311
8600 5366
8943 7503
8471 9053
6724 7132
5882 5009
6779 9502
9973 8800
9059 5609
5076 9393
8479 8874
6736 5453
8290 5940
8778 7914
9230 9234
5668 5828
5757 7367
5438 6827
5533 9161
7460 8359
7158 7119
7140 6117
8979 6923
7203 8622
8599 5439
5154 9800
6426 5641
6385 7876
7776 5805
7367 5261
8414 8085
7529 7523
8211 6671
5476 7754
5958 9152
5458 9780
6445 6970
6646 7104
5731 7082
9614 7062
8316 7083
6422 8502
9773 7147
6448 6039
9808 5249
6030 5660
9928 9316
6247 8645
8066 6287
6968 9960
7190 5380
6923 9063
6676 7295
9640 9836
7754 6081
6363 7113
6801 8850
7866 9353
5779 6482
8986 9155
9430 7285
6000 8808
8472 8135
9657 9353
6277 9292
8995 7243
5242 6860
9556 8644
9899 7438
7490 6337
5283 6619
7903 5562
5947 8095
5846 7143
6818 5440
8431 7314
8421 8674
8394 5776
5158 6721
9284 8081
7719 9707
7832 9500
7076 9744
5538 8394
6319 8198
5947 9853
9198 7383
6415 5113
5563 7642
8739 5806
9573 5266
5735 9433
6350 9645
5115 5137
5099 6616
6192 9667
9424 8490
9826 6166
7846 5459
9717 7169
7561 5425
9454 9606
9521 7335
7183 9186
8101 9480
5587 6438
5885 8475
7549 5344
7416 8768
8238 7325
7247 7503
6761 9916
9842 9111
9082 6746
5355 8443
7714 7162
6201 9331
6893 9868
8412 9247
9605 6392
9877 6491
9888 9056
7827 5619
7651 7411
5149 7361
6214 7001
5520 6704
9132 9252
6784 7723
7558 9948
9888 7504
9003 5451
9407 8087
9983 5590
9857 7425
7128 6448
7785 8603
5845 5871
7870 8136
6180 6715
7788 9904
7330 7817
8208 6503
9318 8282
8564 6697
5912 5373
5832 8775
8348 7201
9244 5296
9472 9385
9358 7075
8715 8761
5326 6813
8079 9047
8428 6360
6659 8356
5166 6176
8375 6679
8012 5692
6524 7156
8527 5796
7161 7184
7497 9317
7635 6599
9646 9047
8852 8885
8775 9590
7803 5412
8693 6926
7604 7860
6827 6432
6077 8024
8159 6513
7578 7134
6777 6491
5499 6794
5354 8170
8077 7985
8057 8776
8329 8389
8218 6979
5758 7404
9185 9311
8734 5328
6625 8077
8655 7575
6022 9341
7069 7232
6554 8053
5297 9188
8727 6126
9330 9770
7607 5940
7888 9112
9822 9860
9795 9395
8231 5140
7512 5152
9479 7857
5262 8806
9309 9173
6957 8410
6068 7544
9082 8205
6859 5965
5346 5834
7318 8586
5901 7540
5565 9166
9778 6645
8992 7503
7201 5860
9158 6278
7599 8819
9169 6566
6098 6946
7511 9899
7648 5002
5088 7327
7619 9718
9576 9203
6816 8981
5778 5293
5210 6675
6703 5034
7231 6062
8694 7450
8775 6550
9744 8400
7550 6413
6125 8363
5269 6078
7251 5320
6424 9144
8979 7041
9471 6479
7600 5882
9921 6838
7784 8227
9481 7304
9839 9572
7319 9919
7757 7203
7190 7916
5123 8672
5271 8514
7083 6231
6386 7546
7920 7647
5471 5626
5753 8874
5256 7095
9737 5706
8783 8489
5681 7651
7004 6317
9919 5419
5372 7403
7252 5802
6364 9439
5889 7307
5098 5448
6864 9364
5573 8598
7331 9832
9962 7501
7606 7481
9757 6963
6848 6480
6523 5198
6169 8021
9393 7773
9396 7492
5060 6171
9461 5724
5148 5493
7573 9346
8808 8065
8702 9637
8422 6620
8330 6951
8101 9530
7864 7021
7543 6230
7426 8770
5378 8754
8070 9909
6910 6512
6116 8352
7377 8207
9802 5379
8918 9277
8353 8748
7301 9480
9237 7209
8285 5383
5331 6769
6927 7319
7482 9499
9309 7634
5105 7830
8587 5302
7607 5480
5735 9167
9224 5329
6172 6623
9636 8524
7068 6078
8182 5245
7360 9419
5842 5766
7401 8128
8889 7010
9449 7240
5783 6386
9832 7154
9324 6973
6723 5799
9195 5428
5167 6063
6027 9000
7723 6840
7315 8770
9194 8398
9536 6311
8725 7432
8369 8223
6196 6381
5045 8241
7686 5660
6225 9160
6618 9240
9364 5416
8854 9387
5045 9621
9835 7313
7311 7226
9592 6371
9553 8368
8957 7401
8622 8006
6259 5332
6450 6293
8108 8148
8749 9478
6377 7521
5714 7043
6454 8795
8621 8215
5005 5375
7066 7278
9636 9264
9392 9484
6997 8244
7271 5521
8974 9187
7761 5578
7682 7215
9368 6803
9610 6904
9335 7910
9228 8303
5261 7945
8785 7638
9814 6666
6381 5139
8840 8242
7905 7988
7332 5802
7165 9605
6280 7239
7827 9879
9223 8519
7334 9201
8749 6527
8178 8559
7177 9613
6747 9448
5956 5338
7657 7045
5944 7465
7835 6104
6785 5795
9409 5335
8810 8192
9195 8556
5770 6506
8759 8878
5922 7904
5356 6251
9843 8451
7398 6993
9121 7836
9824 5674
7435 8035
7436 8803
6278 7282
5158 5726
9485 7812
5461 6477
6920 6229
8246 6134
9577 7453
7057 6935
6303 6614
6266 6991
9600 9521
9252 8201
6415 6912
7263 9649
8555 8351
9937 5517
6015 8363
9793 6057
8788 6008
5405 9441
9764 7574
6897 5267
8697 8943
7730 6964
7250 5624
6964 6148
5285 5033
8074 9325
6261 8863
7276 5534
6217 9765
9765 9944
5677 8400
7793 6848
7718 7407
6796 9226
5799 6445
9589 8547
5174 8176
6699 8847
6975 8464
8557 7393
5307 6569
5902 9076
5190 7791
9538 8224
5436 5929
9637 9650
7280 5012
5596 7211
7225 6948
5088 8185
8029 7154
6553 6824
9132 7027
6541 5804
9240 7169
9474 6914
6098 8231
6298 5549
8633 7417
9886 9646
9274 6878
5047 8125
5066 6190
7610 6146
9233 9157
7195 6180
8538 9915
5775 5396
9725 7169
7238 8125
9943 5842
7639 5492
5064 7316
5877 7366
5367 7745
8538 7416
7737 8861
6998 9535
6328 9857
8069 9031
8625 7374
5963 8010
7315 9391
7787 9492
7913 5270
9370 8582
9728 9784
5606 8349
9645 6141
5562 8886
9493 5420
5197 7238
6524 9125
5586 7973
9710 8371
8097 8870
9609 7011
7867 5139
8592 5980
8663 5747
9104 9040
5888 6516
6844 6866
6864 9216
5415 6146
6727 7771
5218 7954
9003 6185
6445 8341
8088 6183
5745 6027
6472 9519
8668 5229
8831 9698
9257 7938
9527 9169
7294 7350
5404 9565
5010 5087
9808 7389
8374 5469
7928 8553
5745 9593
5236 5119
9423 6327
8762 8077
6710 7200
5031 5466
9526 5355
9668 9248
9925 9503
8855 9709
9254 6908
5335 8814
8406 5500
7626 8131
8441 8915
7311 8951
5550 5473
7711 5963
7431 9066
5569 8750
8631 6124
7393 7479
8605 7543
7863 5573
8930 9279
9533 8861
5046 5473
8691 5535
7962 9308
6107 5717
5692 9632
9162 6814
9222 7369
7223 6322
7809 8954
8298 8433
5679 5204
5334 5559
7960 9327
6928 8952
7692 8254
7583 8825
8066 7949
6923 6596
9724 5316
8815 8671
6469 7344
5350 5869
7541 7005
5779 9056
6354 7481
9887 6943
6328 7556
6294 8390
5850 9232
5882 9180
8046 8476
9316 8007
6307 6848
8479 8472
5355 5943
9484 8128
6494 9652
8659 6133
5794 9237
5113 7365
6150 5534
6313 7638
5857 9174
8708 9364
9147 8534
9817 7481
6719 6424
6518 8316
8120 5010
6500 8488
5898 5943
9178 5753
5163 7429
8518 5386
5352 9358
9137 7327
9830 7132
9912 9461
5452 8569
8610 8548
7161 7629
8777 7201
5250 9057
9351 9526
9373 8425
6774 7433
9252 9667
8710 9125
8267 9435
9035 5283
9530 8368
6752 9375
9790 6891
9303 7038
8265 7760
9078 6393
8137 8919
6904 8127
8226 9905
7491 7511
9897 5459
6264 5861
8189 7715
7129 8862
5011 7839
6533 5560
8848 7699
6816 6288
6136 9708
8247 5409
9760 8570
7237 6008
5228 5834
7198 8913
9299 7629
6212 8811
7605 5083
8703 5945
6120 6821
7492 8098
9897 8100
5140 5145
8126 5799
9818 8363
5566 6020
5069 6323
9142 8625
8683 6294
6728 6753
5111 6451
8517 6205
6195 8618
8675 8813
7552 7041
9162 7033
9811 5136
5125 6630
6264 9966
7604 7768
5278 5754
6275 9353
7211 5715
9763 8627
7426 5168
5503 7199
9899 8984
7714 9576
6048 8261
8465 9972
8587 9753
7661 5396
7497 5357
9283 7708
9117 5765
8894 7773
5662 7793
6060 7414
6040 6350
5856 5049
6524 7237
9615 9434
5478 5399
8141 7238
9490 7056
7815 5725
5783 6398
9914 9267
9501 5845
6148 5654
6142 9446
9418 5796
7928 7508
5288 7406
5797 8648
6383 5015
6951 9093
7231 6562
5884 9722
9887 5503
5826 9544
5503 9572
6103 9965
6047 8580
5990 8110
7500 7052
8586 5326
7833 8464
6023 7364
6167 6768
6153 5906
5504 6616
8056 6374
5883 9029
5829 5977
5724 8569
5772 8905
6019 9290
7313 8077
7296 7824
9852 9550
5046 5761
6525 7736
8537 8539
8573 7250
9543 6687
6917 5488
9413 8777
5533 7868
8398 5183
6070 6913
6363 9824
9344 9994
5500 9828
5258 9189
7920 6226
6599 8123
9804 9509
5750 7525
9503 7365
8660 6985
8632 8346
6434 9058
7744 5921
6337 6131
8301 7045
5199 5489
8416 9756
6409 9123
7541 8223
9703 6558
9973 5673
5703 5980
7872 6905
7803 5452
9016 8369
8629 8313
9127 7281
8835 9873
9903 9599
5849 7864
5291 6171
5100 5540
5647 6861
7867 6264
7593 5677
9931 6247
7223 6425
8549 9539
7468 7376
5733 7132
8202 9412
8343 5533
7375 6887
9624 5196
8306 7825
7748 6601
9039 5182
6610 7031
6024 5966
6490 9965
5745 7741
9351 7259
8287 8091
6147 9005
5900 9029
6678 8135
8915 7690
8555 9566
8688 9756
9137 5598
8052 5148
9682 7027
6461 5787
9153 6791
6612 7791
9665 5995
9238 7694
5511 6161
8368 9745
9317 8590
6075 6432
7838 6186
5318 8402
8607 9549
5661 6200
9956 7090
7267 8353
5228 9536
6939 5205
7560 8672
5871 5104
9633 7466
7512 7370
9148 9517
6218 5319
6206 9789
5826 8966
7445 5031
5884 5533
8952 6907
9241 8111
7081 7332
9552 6943
6131 9262
9169 8447
5692 8868
8739 9188
9481 9733
6538 5279
6100 8622
6114 7050
7413 6320
6553 8395
7816 9095
9948 5630
5567 9161
6035 7482
6597 9182
7994 7459
6219 5946
9177 7265
9401 7224
5124 8809
5032 9139
6530 7721
9349 6673
5875 6269
6786 6703
5571 9649
5675 6086
8430 5821
8714 7135
7996 7746
6093 9828
9097 7106
8370 5234
8853 5303
8665 7541
9373 7973
5721 9682
6125 8231
5760 6390
9243 8634
8249 9114
9726 9255
8572 7892
9646 9107
9132 9432
7739 5987
5244 6503
7929 7788
7902 9733
9739 7656
7518 7790
6193 8950
9776 7034
5306 5815
5100 5860
5348 6569
6603 9471
9730 9163
5847 6027
8224 5169
8899 5699
8205 8093
5320 5529
8877 5571
9889 6482
5880 6113
5582 9287
5301 7769
7924 5676
7967 5452
7148 6150
7634 5916
7856 8633
6542 7586
7258 6026
6660 6501
6401 6394
5138 9546
8211 8745
6060 5895
6504 9993
7033 6177
5285 9291
7840 6023
5070 8990
9623 9855
7494 5315
8258 6073
5186 8469
8227 7772
9521 5069
5611 7958
8327 9382
9086 8919
9138 6866
7559 9075
6257 7999
8167 6220
7761 9445
8851 8041
9824 7002
7550 9857
5460 6079
6523 7335
5145 7122
5061 7698
9625 7293
9742 9058
8365 5084
5432 9942
5993 6591
9354 7184
5787 8055
6147 8138
8181 5959
7148 9484
7273 9422
8271 6028
5634 9236
7030 6394
6140 9892
7171 8553
6122 7271
6538 6915
8172 6798
9203 7486
9313 8294
6719 8237
9480 8276
5385 5586
7164 5785
8059 9939
7570 9017
5187 9433
7495 6939
5701 5999
8572 7975
6918 5394
6389 9276
7459 8726
5249 6558
6558 7764
8419 5026
6134 5993
8038 7852
7551 7335
6518 7532
6624 8793
7521 8542
7457 9415
8774 7698
8542 5310
5724 8032
5932 9444
8848 6859
7580 7861
7502 6899
9169 8825
6601 8705
5400 5383
9455 6775
8756 5343
6620 8539
7649 9810
5791 6155
5599 8678
6586 7363
9304 5426
6358 9693
9692 8385
7502 5479
8504 6348
8447 5832
5822 5603
8312 7990
6165 6505
7430 8659
6728 6787
8515 6753
6570 6541
8591 9926
5798 5799
9090 9409
5771 6370
8947 6816
7633 7290
7036 7545
5991 6327
7282 9956
9748 6642
8771 6926
9736 5226
8911 7874
5235 8378
8491 7375
5520 8428
5019 7995
7846 6448
9231 9338
5378 5667
6322 8299
5943 9900
8347 9278
8050 5226
5283 7105
7066 6661
8279 6275
5058 5197
8100 5303
5468 5760
8855 9907
5850 9609
8277 6408
7199 8394
8974 8347
9900 5218
7668 6094
9521 8141
5411 7630
6210 8851
7161 8268
7881 7979
6984 8798
6217 9319
7288 8520
9870 8158
5286 5535
9359 8169
7967 7808
6406 8272
5871 9136
9756 7530
7244 9382
8491 7085
8497 6283
5669 8705
6505 8244
5574 9056
5998 5161
9558 7891
6732 5354
8114 8385
8014 8189
9608 8037
8805 6696
6054 6732
7548 7927
7824 9415
9165 5532
9551 8382
7487 7176
8074 7600
7229 9356
7446 7134
5829 7839
5443 7802
5436 6674
9658 9697
8999 5135
9293 7414
9324 5379
9902 7186
9493 7639
8088 6819
8370 9907
8887 5897
6405 5767
6696 8027
6329 5311
7472 6800
7782 5130
9796 9233
5045 7415
9551 6456
7350 8689
6749 9335
5126 9490
7342 8239
7231 7573
6784 5182
7762 7513
9388 8063
7145 8742
9870 5800
6783 8664
8646 8918
7419 6131
7814 5964
8134 6843
6306 8486
9762 5998
9678 5828
7953 7994
9110 7632
5474 6026
6259 7413
6952 6810
7577 5060
7881 7282
7883 7463
7285 7360
8355 5609
6596 7944
9906 6071
7719 6738
5155 8510
5055 5048
9164 8046
8158 8522
8122 6068
6813 8233
8422 7650
9761 9147
8505 9891
5561 6204
7683 6172
5520 7409
5774 7189
8195 9800
5367 5483
9118 8080
9223 9024
8291 8566
6198 9695
9162 8101
5669 8334
5607 5204
7671 6400
7600 9586
8757 7742
8001 6132
9860 8751
5864 8920
7418 8724
6529 5356
5394 5654
5483 7244
6485 8214
9567 5872
6107 8865
6048 7197
6326 5891
6422 6969
5489 5385
9054 7388
5788 8171
5183 6125
9726 8092
9801 5911
7906 7383
5169 7339
8633 7768
9018 7237
7723 5902
6323 8906
9912 9985
8856 8103
5713 9405
5695 8754
8392 7525
9252 9560
5289 6667
5102 6967
8800 9226
9115 6012
5354 8168
8526 5703
8217 9572
7760 5236
7712 5533
8205 9098
8340 5911
9563 5314
9993 8548
9086 7049
6323 5609
6898 5244
6790 7897
5318 6744
7399 5572
9778 8080
6205 8601
6386 6220
6486 6264
9538 7952
6681 5430
6497 7605
6134 9734
6435 9406
7085 9343
6942 6766
7185 8233
6977 7974
6359 8670
8394 6476
5638 9171
5584 8388
9963 5245
9848 6654
9968 9011
6786 8983
5897 9300
9588 6117
8184 9244
5214 5377
8192 9547
7693 7128
5955 5574
5093 7239
6294 7003
7772 9258
8306 9450
7763 5336
9274 8434
5297 7261
7495 8030
9515 7071
7914 5661
5037 8575
7180 7161
5164 9431
6634 6588
6281 7071
9797 6123
7306 7990
7941 9668
8792 8780
5316 9275
6024 7101
5667 9667
9019 7416
7960 9983
9373 8111
5629 6649
5377 8474
9905 6320
5541 6449
7246 6233
5922 8073
6924 6527
9184 9109
8083 7841
9514 7428
7883 8173
