100 754100
482 485
257 326
286 248
517 421
404 322
713 795
45 43
924 845
873 955
160 252
1 9
838 901
40 122
58 94
676 738
627 574
766 715
862 882
405 367
923 984
379 299
461 433
612 682
133 72
813 874
97 138
908 856
165 145
996 995
623 529
220 199
298 277
157 97
723 719
144 242
48 107
129 122
148 70
35 98
644 600
632 645
272 267
1040 972
977 895
312 213
778 748
567 487
965 923
1 29
616 674
569 540
628 554
493 467
76 46
733 710
575 553
288 191
775 724
723 730
912 988
64 90
354 340
565 549
210 196
922 865
775 678
566 570
934 936
626 722
742 651
194 123
485 431
483 508
617 585
876 853
653 642
896 992
652 725
220 286
727 812
900 859
563 663
56 88
157 179
280 187
537 619
284 261
920 846
124 192
239 261
459 514
931 886
504 530
910 849
382 294
795 799
485 391
351 330
289 298
865 790
8846 5835
6961 6001
6281 6572
7646 8535
7100 9465
9467 5817
5707 7214
7082 5862
9478 8843
7200 6945
6232 5079
9062 5352
8279 8799
5465 6159
8722 9118
6430 5674
6712 9303
9673 8021
5232 5375
9260 8010
7425 8943
8825 7780
8470 7962
6937 6234
5503 6611
7369 7351
7025 6265
5260 5775
9663 6281
7044 8215
9788 8009
6496 7201
5828 7372
8511 5763
8352 7395
8003 7653
7099 9170
9354 9368
8828 9625
7658 5756
7989 7759
6999 9297
9887 8691
8766 7756
5462 6033
9829 9729
9899 8877
6906 5241
5002 7418
9019 5470
8953 5839
6274 9660
9248 5554
8142 8167
6617 5195
7946 6712
7227 6493
6272 8534
5878 6434
9187 8958
7749 6543
6842 6213
8273 9993
5952 7587
5063 8907
6728 8840
7636 6724
9032 7925
8250 6349
6070 7104
5642 5688
5629 6577
6671 8398
7044 7088
6249 7500
7827 6789
9125 5104
9895 7794
8974 9452
7161 5204
7316 9092
7647 6706
9429 9916
5507 6928
7594 5001
7283 8793
7600 6459
9705 9333
7355 7128
5498 9732
7828 6087
9575 7435
6752 7917
7904 6692
9878 5356
7639 5063
5696 8160
8684 8241
5383 6541
6021 5854
