2000 650200
94 485
506 326
416 248
992 421
649 322
237 795
457 43
815 845
446 955
422 252
791 9
359 901
667 122
598 94
7 738
544 574
334 715
766 882
994 367
893 984
633 299
131 433
428 682
700 72
617 874
874 138
720 856
419 145
794 995
196 529
997 199
116 277
908 97
539 719
707 242
569 107
537 122
931 70
726 98
487 600
772 645
513 267
81 972
943 895
58 213
303 748
764 487
536 923
724 29
789 674
479 540
142 554
339 467
641 46
196 710
494 553
66 191
824 724
208 730
711 988
800 90
314 340
289 549
401 196
466 865
689 678
833 570
225 936
244 722
849 651
113 123
379 431
361 508
65 585
486 853
686 642
286 992
889 725
24 286
491 812
891 859
90 663
181 88
214 179
17 187
472 619
418 261
419 846
356 192
682 261
306 514
201 886
385 530
952 849
500 294
194 799
737 391
324 330
992 298
224 790
260 275
97 826
210 72
649 866
919 951
63 748
958 685
804 956
518 564
428 183
537 400
346 721
153 207
971 323
662 611
197 116
91 109
529 795
126 343
747 862
469 685
770 10
934 881
723 984
895 403
568 360
172 449
958 541
383 272
308 877
970 359
583 707
48 308
930 770
569 30
3 208
20 311
609 100
887 939
825 422
930 785
904 370
241 989
379 969
376 143
962 972
889 28
443 61
216 638
338 348
160 347
406 66
159 391
31 638
204 295
420 826
153 196
425 449
331 855
565 143
838 487
9 140
918 564
533 615
232 135
957 564
591 360
576 793
746 163
377 859
858 760
86 711
434 662
558 159
279 660
840 268
735 948
574 315
126 676
912 341
739 689
821 894
625 706
917 490
201 478
993 671
149 932
52 899
759 237
267 187
256 472
783 772
117 98
516 906
180 911
25 635
380 225
712 823
266 164
216 343
448 732
541 502
664 740
954 576
726 612
772 902
531 454
943 411
750 973
327 703
917 850
5 77
113 220
913 802
791 403
998 181
859 10
345 525
431 919
675 668
833 527
438 462
523 291
916 605
420 457
115 405
660 417
261 279
772 685
388 596
764 307
843 224
206 322
407 840
639 975
852 401
542 91
60 327
757 330
82 182
637 603
93 793
614 615
136 733
187 864
102 16
972 863
163 987
501 306
477 34
492 840
121 700
80 706
138 787
660 105
229 834
827 798
448 310
230 609
832 690
489 561
586 579
291 60
665 388
660 309
702 407
153 200
606 313
123 970
253 33
709 273
832 277
108 997
888 40
481 227
283 860
858 940
284 608
711 990
850 590
239 806
943 52
195 801
95 764
410 710
664 386
900 593
112 50
963 494
754 156
458 936
19 965
225 86
569 723
97 184
194 868
754 340
602 412
61 487
695 209
347 346
719 860
100 307
97 95
843 821
745 941
286 821
492 587
116 201
531 665
424 527
253 812
426 424
413 459
980 343
291 836
833 506
486 179
9 916
575 430
922 596
145 808
897 269
404 512
742 811
728 685
269 567
103 776
745 855
35 718
779 853
71 97
80 146
842 746
128 15
941 965
227 512
30 480
342 958
605 665
531 191
364 964
359 515
867 606
820 822
313 536
207 693
911 19
308 335
430 101
685 922
641 294
113 910
141 410
690 250
700 546
559 729
481 609
503 720
766 976
7 759
882 798
859 74
182 648
425 299
542 785
683 846
853 390
938 897
89 416
624 837
181 247
878 293
933 144
580 938
252 467
207 480
658 955
20 665
954 26
347 564
759 449
446 26
14 521
657 301
710 321
980 613
188 388
636 879
203 990
432 188
129 963
630 820
509 300
237 822
373 255
838 277
395 153
692 400
103 227
218 518
384 447
931 315
396 813
389 324
640 502
287 299
297 780
977 376
512 516
219 212
555 329
398 810
289 486
798 485
598 416
49 952
572 894
697 358
770 21
725 647
542 44
214 683
887 361
45 814
94 231
282 8
82 165
319 496
626 699
146 852
541 459
874 535
725 314
777 944
554 306
208 459
787 637
976 447
912 408
444 107
3 962
301 565
164 407
437 857
652 317
764 98
41 818
737 600
176 288
136 902
128 567
394 190
235 749
42 908
824 276
684 748
979 592
568 393
367 363
52 163
642 983
335 179
126 16
130 478
583 259
129 868
752 295
167 596
856 71
640 622
770 864
431 644
195 5
448 365
701 429
952 64
880 854
168 770
79 88
961 157
472 368
217 421
709 719
147 271
296 975
909 816
764 962
251 535
878 438
753 696
570 881
253 318
666 45
931 52
433 496
810 313
678 138
123 334
212 988
66 508
206 770
750 751
64 780
466 441
337 207
510 516
796 674
175 408
437 920
938 573
848 634
561 878
718 990
948 826
649 696
569 800
663 411
582 422
843 707
202 334
702 986
579 494
725 150
803 562
340 380
156 832
832 979
602 376
234 511
688 414
184 160
978 982
413 238
633 490
585 899
606 251
963 526
350 897
242 39
539 657
739 452
267 538
165 831
177 460
720 185
802 934
644 440
82 490
798 168
197 71
173 977
81 458
235 204
112 803
103 139
268 399
879 420
643 991
106 578
122 972
444 177
262 398
691 348
997 496
446 276
171 825
549 614
281 121
211 730
112 341
408 284
730 698
363 17
89 546
605 672
938 974
168 866
705 377
47 559
400 340
215 527
114 779
51 761
881 483
549 92
679 390
328 583
250 661
203 391
481 336
752 661
707 125
82 89
63 275
660 359
21 178
287 780
219 42
500 5
820 380
95 772
44 816
748 9
678 484
276 545
478 589
663 157
594 901
757 777
947 74
448 247
570 55
313 479
981 785
795 958
552 680
389 393
280 944
864 596
636 619
512 611
892 852
184 283
947 299
614 766
625 312
149 826
377 726
474 733
18 805
662 679
416 403
1 964
530 337
752 541
22 478
981 369
777 946
957 821
275 833
584 837
582 490
121 37
951 594
668 129
118 258
319 246
896 362
521 755
948 504
248 71
474 177
351 176
54 803
155 237
660 677
871 33
486 115
294 597
425 769
245 536
382 956
371 341
708 184
544 234
794 569
387 216
738 537
520 84
281 810
502 657
91 33
503 159
924 520
16 668
33 287
344 229
349 374
606 474
896 672
595 915
441 511
102 123
52 569
654 199
710 396
434 715
245 59
36 610
661 917
413 927
13 270
370 117
400 516
195 215
984 216
476 237
164 615
405 499
674 477
196 760
608 285
907 56
532 966
51 622
716 221
327 194
880 91
710 347
267 252
400 473
376 516
609 385
320 357
196 958
538 665
935 792
404 64
100 420
126 671
855 968
94 877
731 177
253 523
8 139
393 152
543 732
348 246
318 565
489 740
22 902
998 17
49 973
381 298
10 611
429 32
221 11
150 337
717 136
530 889
332 522
942 805
565 28
216 931
61 757
170 609
872 544
644 905
208 595
680 246
697 113
639 175
679 156
961 244
361 883
802 265
359 883
839 462
718 485
280 272
252 204
280 984
102 409
615 398
296 909
481 370
956 882
230 214
259 766
922 35
706 421
272 271
156 370
552 848
485 50
536 976
70 270
902 796
452 963
35 379
947 991
378 551
57 897
352 307
669 421
702 74
141 388
458 559
463 980
756 615
887 681
332 231
528 207
656 818
254 331
787 979
495 445
370 348
10 724
200 401
327 646
17 668
374 242
755 302
980 861
376 830
8 77
32 441
460 589
804 990
23 189
869 868
943 996
715 363
628 237
73 420
199 565
38 214
209 333
327 726
912 175
799 58
372 625
976 66
120 169
667 475
188 204
28 90
704 496
649 1
746 474
697 449
712 252
289 332
625 287
953 189
462 889
302 63
79 378
41 206
823 897
908 230
665 382
36 575
732 60
809 529
66 477
291 290
591 89
583 961
252 461
479 702
530 532
224 680
788 53
309 642
366 1000
352 891
402 822
545 152
113 324
967 633
454 267
723 381
14 272
20 506
308 419
644 461
713 526
482 978
336 468
289 729
496 795
326 581
530 383
167 226
522 421
830 386
91 273
116 484
747 676
395 107
958 229
756 902
262 962
703 105
511 84
481 991
449 701
888 689
599 655
306 600
492 538
803 499
445 881
316 981
889 473
785 383
765 679
491 573
589 589
124 480
741 145
898 624
725 923
682 915
131 232
398 974
906 735
753 678
312 640
790 644
301 212
945 123
447 253
197 943
27 18
573 916
589 327
934 640
209 615
529 470
899 655
15 288
592 401
92 840
575 633
814 707
354 424
127 682
374 194
566 855
594 190
973 728
645 178
603 275
712 88
32 367
298 544
561 738
906 963
626 460
143 266
504 727
836 33
361 442
431 628
554 384
24 244
416 482
735 765
243 446
454 247
932 913
494 560
648 528
357 594
596 935
788 462
536 621
759 660
200 564
566 302
741 936
217 592
219 724
832 118
819 299
487 251
473 129
241 96
64 167
516 169
857 381
218 976
490 767
504 837
707 407
342 203
475 387
175 735
786 706
171 335
232 40
888 821
866 131
976 159
253 978
619 53
642 849
460 478
218 19
218 230
667 453
949 336
89 931
488 588
568 449
526 566
860 272
4 883
772 731
734 80
259 213
270 177
6 872
424 626
204 940
313 150
159 379
205 833
25 517
951 724
721 973
635 581
293 839
712 272
410 412
465 839
366 492
74 553
23 718
416 738
764 839
49 390
817 588
507 523
152 630
256 770
562 746
495 49
414 369
78 537
912 115
59 215
259 971
258 602
841 551
137 40
590 494
383 252
869 158
939 72
282 177
880 667
479 483
454 815
730 19
556 745
195 339
409 614
580 302
99 319
913 670
798 513
318 566
790 27
344 322
80 645
468 210
922 841
179 925
347 521
231 975
597 269
607 929
903 478
310 970
223 684
10 231
845 673
905 348
58 232
93 727
759 597
912 397
906 539
43 907
76 892
552 699
670 408
671 361
353 789
837 529
12 190
889 880
912 236
377 715
56 718
585 439
852 814
715 902
421 658
330 410
51 412
840 90
697 678
848 951
826 37
198 593
341 737
274 211
740 134
339 847
875 490
400 95
603 435
474 737
126 860
973 310
973 548
581 984
788 660
629 86
799 635
475 941
959 56
80 372
917 650
91 964
783 735
773 682
712 151
655 283
953 773
279 643
701 898
706 817
147 269
355 731
100 507
498 841
261 207
591 752
630 318
374 126
960 153
917 101
406 560
759 743
618 816
981 980
641 1
131 82
920 886
534 377
453 465
397 753
51 842
301 547
197 580
910 754
211 37
851 548
42 896
919 656
30 537
674 78
979 540
764 597
937 314
656 845
590 361
337 930
997 654
643 841
652 810
632 98
827 814
659 898
56 237
97 236
304 397
771 468
680 160
344 168
561 189
632 123
666 783
235 991
71 775
327 565
824 906
1 604
948 233
851 693
780 209
603 279
380 231
84 675
684 370
757 814
605 276
304 238
358 710
294 931
742 879
37 492
4 81
707 347
131 417
660 582
89 801
455 195
303 403
680 247
970 356
934 627
951 858
404 803
446 236
349 572
93 485
672 586
158 748
772 235
891 859
532 788
621 345
347 861
227 342
555 779
16 595
303 963
941 260
833 366
190 835
622 733
345 834
893 442
192 773
430 880
160 873
767 793
170 173
810 402
318 60
690 628
224 19
52 146
411 685
203 138
785 593
219 202
61 500
919 89
191 433
711 63
294 514
937 865
253 393
103 269
316 111
625 614
639 272
641 973
139 609
45 236
316 496
218 24
293 871
747 227
879 420
633 850
10 127
356 170
665 224
536 722
823 189
603 597
392 286
258 22
771 957
820 536
139 221
566 281
229 238
325 531
804 449
786 735
983 670
847 646
388 272
632 605
253 394
405 508
137 537
283 955
678 477
659 969
706 692
786 963
313 829
143 638
713 206
244 185
489 187
844 129
896 300
602 114
210 305
930 199
692 916
457 839
241 899
950 452
229 185
212 561
222 848
32 191
747 830
869 860
245 873
575 649
818 591
204 974
584 974
822 452
198 397
942 350
942 597
899 13
375 392
327 343
479 756
66 387
950 924
464 188
286 68
573 552
294 166
137 435
557 14
423 797
427 254
95 300
715 431
403 367
453 197
735 233
1 149
145 62
782 38
848 69
456 425
490 810
679 878
461 503
844 308
70 798
599 437
888 798
395 36
733 583
795 412
368 195
94 878
114 388
46 438
795 532
583 3
321 268
714 417
332 277
257 229
906 445
301 380
277 974
651 248
218 433
109 1000
558 874
388 939
121 760
372 473
228 811
208 766
326 306
572 556
50 521
753 364
77 460
266 136
227 458
502 784
337 648
31 783
629 960
215 137
353 591
274 875
343 440
758 263
838 40
478 835
595 943
255 749
331 263
362 597
84 5
16 999
459 161
220 35
16 891
865 459
719 996
292 592
175 54
461 985
301 401
759 298
715 459
207 77
129 611
681 159
261 467
893 737
399 895
377 49
189 382
360 285
14 388
728 972
314 265
225 729
534 810
914 973
94 818
549 295
674 532
434 58
211 736
986 187
863 896
802 998
279 997
31 476
810 259
968 475
187 494
791 130
190 151
410 639
592 855
886 480
875 478
763 386
352 672
58 361
815 894
562 460
571 148
322 660
465 628
418 329
198 975
554 1
656 507
108 750
453 109
909 915
576 700
646 75
114 896
313 229
692 85
759 144
643 536
462 919
860 516
904 473
959 25
663 25
209 611
564 44
233 722
478 980
716 563
616 672
107 914
979 541
466 882
971 142
76 259
886 35
498 543
150 689
442 721
136 142
36 530
37 503
344 450
550 248
355 599
980 919
473 636
957 181
324 873
859 154
570 427
294 604
260 313
674 363
339 594
259 813
382 829
660 49
430 791
760 554
682 499
664 226
358 345
114 432
142 758
19 64
753 843
163 637
121 941
94 965
398 448
587 857
98 968
142 351
303 758
968 351
533 980
982 662
568 357
519 914
277 548
622 723
517 23
720 170
635 351
55 113
263 783
285 766
189 527
628 206
7 644
290 258
655 861
387 728
641 69
742 128
741 392
793 145
802 51
897 112
262 253
193 340
882 932
131 817
482 965
573 480
443 724
203 839
965 500
75 746
807 811
805 373
513 605
472 252
797 172
690 394
295 177
784 98
532 377
155 486
110 855
884 290
173 130
78 355
714 842
633 233
477 101
119 686
718 736
15 930
472 700
328 69
793 607
199 879
999 916
177 960
525 408
948 679
498 138
495 185
890 782
906 49
334 453
385 630
399 429
338 853
520 545
829 651
481 765
99 159
680 1000
87 179
802 717
890 885
839 32
339 838
883 186
67 470
544 185
357 921
457 376
444 986
642 934
152 171
59 645
616 46
59 681
987 43
353 234
530 103
958 496
613 389
838 931
85 579
86 132
569 908
479 772
683 677
400 343
370 703
882 139
146 344
116 387
760 909
407 539
447 304
388 655
41 378
658 92
119 862
28 411
457 362
198 397
17 290
432 152
321 611
427 173
205 137
344 946
563 365
304 475
47 982
694 920
91 802
961 66
644 778
109 744
959 464
969 313
42 341
108 685
648 331
49 85
228 676
929 91
527 534
967 166
316 51
582 966
840 841
575 625
503 114
911 16
305 113
989 826
836 506
369 738
587 564
232 455
452 735
900 264
952 548
81 738
995 853
562 575
739 569
705 365
5 620
557 264
490 193
294 21
361 373
900 84
47 250
205 288
145 132
846 151
658 419
849 521
680 974
148 655
96 648
210 737
690 298
19 187
831 981
679 965
726 954
528 166
15 248
564 636
847 560
721 563
9 24
700 896
446 803
858 16
699 274
271 714
977 449
533 229
154 280
756 423
871 868
912 124
727 970
968 231
569 935
163 808
618 23
685 210
650 88
807 151
393 770
276 555
304 613
911 866
233 223
42 303
400 305
162 306
51 900
734 964
933 397
366 898
16 59
177 628
360 225
742 537
725 612
868 633
489 314
501 478
632 981
365 904
196 819
496 108
744 179
145 152
501 598
880 349
248 80
683 762
500 314
389 513
620 205
91 584
721 652
859 894
665 198
416 143
481 671
320 302
865 611
126 631
757 526
963 526
781 403
240 231
330 830
518 283
824 864
935 755
51 159
309 220
18 447
863 800
1 833
749 805
658 791
577 412
579 857
509 408
154 895
923 360
397 827
687 971
959 961
617 519
637 335
623 238
174 883
775 222
608 886
306 708
1000 475
957 876
641 123
472 127
726 384
305 745
714 284
643 429
708 685
631 512
489 503
829 599
746 983
732 462
732 992
669 270
422 491
54 282
900 831
682 167
666 115
957 661
109 564
454 934
964 608
933 513
140 53
195 659
24 646
657 164
231 763
169 825
128 949
537 355
264 811
46 164
4 851
900 289
802 392
68 224
450 460
126 903
58 347
398 638
486 101
451 587
335 797
162 881
106 210
745 243
969 969
432 298
159 253
634 593
565 453
16 657
610 72
503 222
511 319
752 61
55 694
469 384
829 801
692 136
177 536
211 958
499 647
115 526
984 28
818 904
233 509
424 884
976 565
371 601
406 323
334 522
784 192
676 103
168 451
427 867
432 602
531 783
337 311
677 994
537 172
1000 51
379 389
103 237
785 721
943 597
412 492
572 331
828 380
771 259
939 726
594 55
19 501
500 459
376 790
689 4
776 634
474 117
575 601
953 808
143 544
510 542
221 590
615 827
599 817
567 617
545 32
727 879
558 692
307 685
564 88
331 911
568 546
881 580
649 997
746 937
393 988
237 351
517 661
521 630
213 360
820 908
199 203
813 479
14 251
803 162
448 905
207 167
86 862
123 369
220 181
158 765
944 251
424 909
311 645
399 568
59 847
253 538
233 540
312 99
790 423
849 246
202 165
552 544
653 52
788 131
893 372
113 471
498 625
442 684
929 378
86 534
12 73
318 540
258 671
524 127
579 412
424 972
468 823
364 663
81 784
399 588
896 496
151 170
626 153
367 199
837 152
640 258
124 283
572 289
408 608
358 463
895 180
884 329
523 221
438 294
278 125
25 625
729 427
996 796
956 151
188 867
519 122
35 370
311 840
195 115
829 875
784 912
904 85
99 969
443 714
6646 9084
5937 6271
6946 9647
7230 7186
5558 8938
7450 6444
8983 5080
5993 7424
5851 8450
7581 7789
8227 5670
6516 8802
5657 9315
7370 6646
5542 5899
6913 9956
8199 8137
8273 6682
7415 5391
6837 5764
5741 5827
9124 6185
7264 6306
7532 5932
5307 7592
8290 7905
6423 7971
9162 5841
5239 5900
9004 5903
8235 5933
6790 7566
7341 6576
5886 7166
5462 9458
6215 7573
6725 7217
9337 5455
5879 8830
8970 8124
9192 8351
6099 5685
7863 9311
6523 8969
9167 9290
9787 8853
6298 7299
5453 8836
5260 5447
7577 8545
9281 5200
8989 8472
6965 9213
7525 8403
9862 9929
5888 8176
7218 6034
6574 6356
5356 5671
7948 5361
8479 9488
5427 5743
7326 7667
6914 9806
8786 6701
8593 8313
6496 6850
8230 7015
9397 7083
6553 5729
9435 6964
9531 6622
8498 7635
8081 7982
6359 5306
6587 8242
6677 8054
8109 5058
7184 7846
6795 5651
9720 7105
5902 9840
6539 7204
5597 9292
5433 5012
6105 8564
6026 6563
6332 5707
7211 9338
9926 6350
9237 8545
7859 7512
5460 6975
8758 7213
9205 7893
7402 7297
7753 8930
6339 6923
7985 7451
9159 5241
5519 9670
7360 9351
6982 5697
7595 8347
9674 9919
9383 5083
7207 9003
9099 7625
8544 5357
8435 7156
7147 9763
9310 6848
9476 9317
9947 5789
5381 8598
9650 5759
8968 9433
6766 9067
5389 8679
7173 6192
5122 8522
8589 9169
5825 6855
7597 7480
8212 8100
8592 8261
5743 7161
8728 8935
8323 9312
9753 9125
6404 9771
6960 8878
5924 6619
8592 9600
7714 9248
5537 5566
7319 6277
9657 8281
5449 6342
8620 6169
5838 8270
7687 6388
5161 8581
6423 8041
5782 5412
5280 6929
5394 5928
7762 6705
7396 9660
6980 9190
9427 9993
5987 6675
9193 6916
7845 8140
9593 8862
5987 7118
8907 5027
8225 9234
7950 9890
9027 7800
8525 7018
9473 7282
8909 5210
9234 6079
7677 9459
5931 9026
9394 9090
5365 7409
8250 8469
7763 5179
8747 8927
8348 9910
8992 8943
5543 6735
9531 6132
7446 7933
5597 7850
5327 9195
5080 5685
5255 8496
5630 5303
7430 9927
6984 8431
8732 8650
7889 8352
8754 6744
5740 5517
5850 8932
5185 8903
9155 5491
7078 5998
5921 9488
6396 5016
6755 8851
6204 7462
9231 8184
9512 9404
6110 6130
6593 7722
5346 7268
9030 9330
7066 7048
8676 6239
6083 6923
8263 8084
5258 8084
8146 5323
8983 9454
7982 6256
9979 8480
5322 9837
8416 5467
7714 7689
8519 6572
6595 7134
8798 8653
8419 9964
7584 5884
9370 8147
8181 9553
5566 7430
8359 6371
5389 8334
7350 9403
8383 7240
8784 7612
5274 9157
7967 8257
5853 5029
5054 6101
9233 9320
9001 9098
8250 7128
8520 6813
9681 8345
6391 9804
6374 5885
5235 7779
8080 5104
9065 5217
5453 9546
8402 8062
6391 7809
8716 8284
7074 5852
8583 8036
6274 5422
8003 7114
6239 5353
8641 8160
8902 5991
8882 7373
9225 5668
9742 8784
7310 5897
9789 9850
6646 8979
5582 6981
5237 5764
8598 5466
7804 8505
5247 6188
7544 8715
6835 9359
7701 8523
5245 7260
6900 6296
7276 5140
8211 8283
7883 5520
7318 6230
5140 7227
9191 9489
5663 7879
8762 5565
8401 9502
8320 9011
6205 8412
9351 7098
8988 8882
6928 5886
5016 6066
9691 8229
7753 7404
6476 5531
5161 8044
5876 6155
6837 5686
7951 6288
6827 6526
8296 9305
7556 7978
7515 5366
9504 8318
5973 6471
7747 5411
6099 8497
7892 6713
7549 6068
6319 5411
6562 6727
6599 7600
9354 6010
7641 7796
9179 6866
9300 7697
7898 8667
8169 5435
9139 7620
5907 5512
8266 6274
9952 6978
6069 9772
7066 8281
9746 5958
7252 5039
9742 8588
6707 9788
6097 9094
7168 5841
6221 9912
9043 5125
9222 5354
9055 5179
9853 6745
7519 9168
5389 6232
6019 7182
6246 6012
6871 9610
8988 8914
9288 7274
6866 6106
9811 9165
8436 5959
6599 6651
5597 6436
9882 6489
8303 6687
9969 6242
6213 7842
8543 5363
9610 6053
6947 8841
8846 6770
6474 5253
5875 6864
8191 7322
9024 5756
6535 6554
7994 8503
8466 9843
8794 9137
9524 8059
8612 9100
6454 7182
6847 6773
8936 7007
9971 7360
7458 5062
7930 6639
7639 8282
5295 6433
8259 5524
5897 8110
5728 8031
8900 7058
7284 6540
5728 8939
6405 6728
7825 8186
7661 5371
5584 5859
5170 7668
9358 9095
6806 7632
7377 9489
6829 6684
8380 8173
9358 6190
9462 8522
9402 7187
7653 5394
7606 8906
6434 5810
8693 6994
7855 8596
9139 6222
8738 9421
7794 7597
8333 6530
6241 7393
7843 8641
6127 8233
9367 5122
9530 5406
9553 8915
6227 9909
6185 6673
8956 6759
5915 6370
8501 9357
5428 6871
5255 9590
6439 9092
5350 9286
9080 5297
9141 8939
9558 5024
7325 5270
5472 5660
9430 6656
8020 5106
8329 5160
6255 6018
5917 6955
9372 5602
6278 9351
6657 7615
7570 7357
5687 5804
9267 7264
9536 7119
7967 5656
7616 8391
8003 6661
9138 7352
6378 9020
7976 8268
6390 7635
9549 9937
8276 5750
7482 8103
5667 8936
6387 5859
8666 6390
5212 9593
9529 9468
8581 6608
5411 5975
7626 8711
8126 8577
7671 8024
5091 8534
7372 5114
9188 7593
8883 8673
8072 8782
6326 7185
8595 9729
7756 9023
8197 7511
5411 8187
8921 9216
6141 5122
8520 8418
7693 8024
8329 5941
7649 7901
6884 5163
7574 9856
6873 6763
7626 7295
6462 9831
9196 7675
7335 8228
9625 5081
6869 8136
7926 6595
8750 8401
7703 6717
9657 7700
7331 9046
5137 9109
5845 6099
7340 9548
6480 7576
6639 9032
6185 6045
9826 9106
7914 7345
7358 9585
6550 9031
6385 7413
6341 8674
8191 8611
9425 8079
7285 6790
8036 8726
6150 6542
8850 8408
6576 5848
8926 6023
9159 9917
9209 9823
5327 5608
9433 6268
9949 7820
6943 7049
9287 8695
6856 5055
9208 8760
8629 7913
7141 5790
9608 5484
6204 5129
7020 6234
6132 8344
9928 9293
8577 9828
9356 8168
7083 9034
6989 9360
9397 8250
9851 7012
7605 7891
9837 8999
7449 6348
5252 5544
8081 9729
6556 9874
9630 9725
6099 9185
9360 8593
6237 5863
7388 9507
7137 8272
8496 9196
8457 5992
8923 7417
6154 5406
8596 5374
6190 6763
9227 8341
7643 6956
5407 9764
6027 7686
6340 7797
5476 5348
7510 6099
8925 7295
9530 9242
7289 6877
7750 9720
5327 9585
9990 8784
6066 6555
5183 6056
9864 6357
7631 9007
6834 5301
9321 8463
8339 8307
9178 7768
9562 7582
6961 8505
5162 8530
7578 8210
7016 9138
7832 7318
9802 7828
6212 8372
6148 9304
7648 7156
7945 9100
6793 6900
8981 8029
9436 8129
7776 5326
8651 7876
7294 5303
9952 9595
5897 8662
8720 7248
9485 8767
5395 9624
7120 7479
7040 6489
5750 6931
6296 7783
9583 7281
8225 8440
5835 6476
9980 6669
6846 7123
9851 5916
7751 7859
9688 8710
7872 7128
8278 6318
9541 7974
6041 7534
6725 5563
9482 8655
8097 9474
7813 6553
7739 6378
6568 9877
7260 5213
5705 7510
6378 9149
8107 8788
7878 6816
5053 9360
7094 5720
6357 5919
6429 5956
6187 6056
7335 9796
9604 8233
9521 6710
9226 7223
5481 8357
6503 9989
5927 9865
6845 6065
6061 7144
6027 7102
8710 7903
9276 6261
7993 8259
6096 7127
5691 6627
5889 6624
6051 6077
6613 8623
8063 5218
5482 6665
6219 5369
7700 7961
9701 5860
5036 5951
7752 8210
5147 9632
8881 7619
5577 5854
6374 8453
9492 6270
7592 8671
7346 6826
5879 9646
6058 6296
6787 8234
9977 5396
8544 8785
7057 6426
5503 7793
6153 9572
6092 6543
7640 5001
5773 5896
7215 6133
6124 7580
5947 9943
7173 5455
5363 5284
6679 7010
5263 6010
8989 5492
7748 8131
8098 6197
9404 7646
6401 7681
5794 7045
9320 5247
9600 5943
6207 5432
5877 5489
8307 5070
8057 6999
9396 5136
7327 9469
7657 6101
5298 6861
7858 6160
8010 5939
6442 6263
5981 5443
5575 6717
6820 8535
7876 9163
6948 7548
6173 5986
7186 5454
8494 8685
5835 5431
9080 6148
9633 9101
8013 6698
6685 6267
6925 9552
7093 6872
8417 6129
5936 9279
5886 7514
5286 5858
6054 6222
7996 9578
9653 7609
6954 5942
6391 7358
6306 6615
8030 7494
7451 5874
8698 6918
8565 8387
5184 6750
9099 5735
5749 6692
6369 5730
5663 5856
6614 7395
8706 6798
5418 5415
7193 8663
7854 6789
7321 7638
9485 6079
5211 7376
6650 5979
9839 7396
5733 6446
8185 9791
6958 8783
7505 9083
5966 7819
9636 8164
7617 9199
6810 6030
6274 5726
7798 9265
9517 6688
6028 8687
7979 9923
9791 6902
9871 6678
8888 8977
8086 8948
5001 6354
6738 8853
5072 7244
8356 8217
5021 8798
6197 7824
8096 6878
8421 8962
8551 5286
9494 8773
7186 8759
9006 9616
8362 5292
8085 8416
6842 5061
5402 5196
6378 7846
8505 8460
9583 9622
5683 6383
7288 5538
6713 6132
6742 6913
7109 5156
9685 5502
8333 5296
5110 5323
9396 5635
9943 8409
8262 9820
7337 9068
7815 6642
9946 6732
7348 9531
7067 5500
7843 6877
6190 9395
7186 6298
7877 8904
6385 6326
9080 5232
5117 7618
5963 9555
6805 8470
8089 6272
6311 9828
9808 7308
5186 9525
5725 7569
9970 5565
6603 7636
5494 5684
9141 5885
6623 5992
6675 8367
7046 8998
5730 9047
8427 6589
7483 8466
9199 5700
8110 6813
8156 7956
8692 8221
7426 8275
7683 6580
8156 6876
6101 6241
6867 8397
7449 5743
7468 5560
8497 9614
6982 6251
9780 8783
5368 7440
5499 5600
8237 6993
9870 9012
6127 9378
8920 5276
5967 9093
7151 8495
6917 7253
7380 5370
5794 7590
7732 8770
9957 7567
6722 8439
9838 7617
7333 8208
9418 6040
8938 9411
9832 8530
5873 8316
6088 5100
6843 7838
6352 8196
7635 7545
8879 7694
6134 5451
6550 6356
7606 5896
7539 7085
6507 7019
7359 9893
6624 7014
9362 5164
6603 5873
5250 6574
7181 8912
6282 5996
9637 6256
8976 5216
6574 6911
9901 6943
5549 9109
7966 7316
7369 8028
6919 7427
5891 5791
6154 6130
9090 9095
9855 9724
8786 9217
5962 8946
5332 5142
7458 6973
5971 9790
5005 9091
7805 6676
9293 7589
8568 6528
7537 6985
7734 6615
5846 5164
6144 7927
9547 9890
9414 8302
6428 6145
5199 9497
5316 9260
5215 6891
9522 8259
7081 8158
6500 5815
7722 6349
9939 6450
7921 5256
8843 8903
7892 5427
9745 6364
5579 9374
9619 8475
7064 9748
7682 9245
7575 8120
7975 7083
6754 5099
5167 5648
9242 6655
9377 6772
7540 9197
8430 8168
6714 7005
5503 5924
7652 9623
9560 8962
6913 6846
8632 9784
7409 6433
5727 8878
6786 9475
5804 8046
9372 8326
5895 8755
6326 9284
9901 5063
5495 8407
5008 7173
8411 6381
5049 8627
8769 9748
8722 8491
5127 6110
5900 9910
5385 9784
5621 9771
9758 8132
9595 9327
5521 6437
8146 7640
7803 7449
8822 7754
5704 6694
6892 8254
5011 5433
8566 6409
7496 8455
6836 5895
9720 9367
8533 7687
7473 7078
6041 5269
8701 8272
7719 6435
8723 9607
8025 6135
9904 7870
9293 9234
8834 6637
9585 6710
8149 9313
9885 9609
7275 5389
6155 5590
8526 5340
9283 6007
5727 6361
5268 9401
9585 5064
9654 6602
7416 5282
5774 7352
6778 8430
5919 5925
8784 7295
7233 7087
7994 8164
9144 5486
6368 9922
9196 8785
5521 8797
6289 7447
9285 9687
6266 9862
9276 7917
8713 7116
7716 5000
7496 7232
5886 8652
7186 9904
9831 9362
5720 5613
9830 8219
6321 5979
8204 7552
6735 5796
7822 9830
7535 9519
6341 8868
5186 8848
8849 5255
5904 5984
5204 8709
5216 8364
9434 7995
9093 8933
9784 8400
8989 9760
9594 7193
6895 7797
8874 7831
9511 9441
8609 5610
6927 6125
8066 9449
7156 9684
8167 5834
6240 5236
5443 8549
6343 5416
8099 9460
5584 6914
6038 7815
8251 8291
9887 5221
7593 8489
9764 5225
5325 6308
8279 5006
9675 6359
7834 8198
7057 9457
6507 7250
5059 5225
8079 7602
6433 5667
7689 8929
7015 5741
9310 8242
7948 6326
7719 7199
8302 7302
8719 5344
8842 9199
9710 8508
9341 9405
8646 5485
9154 5425
5696 9464
6673 6375
8200 6050
7259 7092
7094 7430
5308 5455
6073 7094
7714 7966
5300 9276
8650 8989
5482 6381
5815 6449
9456 9659
7532 5341
5020 9194
8110 8272
5912 7307
9304 8960
7340 8943
7760 7597
7581 9734
9990 6159
5207 8222
6850 5237
8377 8802
8285 8908
7296 5728
9216 5945
8773 5626
8858 5334
8112 8280
8314 5105
6243 7164
9349 9224
9906 5205
8336 8854
7461 9217
9633 9809
5490 7037
8804 9321
7853 6502
7680 7813
7662 9076
5097 5672
6629 9826
6802 6718
5933 6319
5748 5077
6712 8132
6809 9749
8354 6855
7365 6691
6386 7484
6816 6737
6277 7335
8613 8424
7567 5067
5444 5581
5061 5219
9335 7388
5397 5689
6173 9443
6105 7473
9121 6583
9936 5004
9601 5317
6043 7194
5314 7100
6758 6125
7205 6154
6728 5259
8710 7522
9917 9367
9037 5788
5844 6072
5547 5206
5286 5601
7724 7883
8966 9384
5870 9796
9110 6792
9685 6463
7359 5401
5653 9527
7728 7287
7451 7477
9662 5002
7596 8045
7545 7656
7712 9337
6656 8479
5842 9071
9508 5840
9449 6131
6879 5709
7996 5555
8431 8203
6257 6316
5477 8587
9563 7417
7114 7174
8893 6628
7868 8580
6946 5108
5297 6754
5478 5287
8591 6434
5306 5703
9722 5944
9515 7825
9503 7070
5531 6745
7608 6197
5839 6879
6996 5123
9217 5940
6604 8299
5303 9618
5578 8874
9338 7980
7965 5115
6534 7838
5557 7032
7009 6521
8755 7004
7930 9789
9537 8142
7898 7517
8480 6634
8339 9848
6784 8534
5431 7809
5684 8438
8733 9677
5134 6917
8144 8393
9759 5635
7990 7649
9419 5864
9813 9853
7199 8779
7068 7841
5539 8010
8283 7984
5658 8207
6322 6783
9909 6934
5079 7778
7275 6663
6070 9268
7085 7750
6887 7080
6407 8374
5276 9613
7551 8355
8844 7335
6702 9139
8350 5627
5523 9018
5923 8913
8081 5076
7261 6200
7152 8141
8549 6091
8881 6314
9174 6779
7958 5642
8116 8805
7829 6280
5611 6421
9074 7608
5151 5972
6662 5676
7053 8373
5986 5394
9097 5726
9932 9902
5943 7160
6878 5067
5120 7910
9316 8958
9808 8573
8544 9784
7991 7477
8895 8255
6811 5600
8089 5859
9894 8284
8764 7642
7480 8062
6649 5735
6776 5968
5585 8970
7501 7215
9168 8743
7778 7946
8885 6845
9588 7948
8383 8711
6721 5642
6316 8231
9684 7308
5595 9794
8351 6069
6936 5672
9643 8114
9214 9403
9195 8524
5071 9750
5352 7025
8601 9972
7920 7856
6826 6852
5744 7017
8512 7384
5443 6163
7387 7234
5056 8308
6226 8950
6852 8159
6075 7365
5529 7106
9425 7650
8358 6490
5637 5518
9984 6358
8734 7466
6251 9376
9666 8251
9497 7342
7777 9014
8238 9871
8935 8580
5516 6883
5862 9057
6341 7765
9396 6125
5461 5734
7087 6573
9054 7458
6177 7905
7492 7945
9401 6102
5947 7047
8094 7017
6070 7628
8854 6441
8773 7907
8596 8037
5621 5173
9942 6774
5060 5689
6523 9251
7328 7685
9910 9876
9979 9593
6405 6546
7606 6667
9676 9915
9232 6334
7209 8311
8728 8673
9474 5173
7265 7386
9716 9261
9845 5429
6289 9900
7046 9864
9669 5976
7739 9785
8080 7223
7478 9743
5083 9517
9323 6402
8031 7477
9307 6705
5038 8222
6601 8992
9733 6450
5014 5185
9163 7829
8628 7560
5232 9316
7839 6224
7395 8524
8420 7649
5362 9523
9654 9909
8208 9733
8709 5507
6306 6042
5131 7944
6952 5562
7865 5172
8155 7659
6210 8787
5883 6102
5469 8409
6567 8939
7131 6756
5074 9422
7574 9784
5134 9065
7012 5731
8562 5039
5159 9191
8668 9302
8289 6249
6056 5629
7036 7635
9180 5606
6662 6205
6109 7035
5162 6708
9696 9123
5224 7054
6143 8049
9942 9097
5400 9167
5732 5715
5359 8628
7047 6111
5868 5549
6615 5699
9828 5235
8189 9429
6622 8251
6328 7332
5252 5959
7812 9903
9953 6258
6135 7274
9158 7233
9255 7816
7868 9092
9406 7114
9748 5402
8795 8924
5660 7614
7047 6406
6039 8818
7750 6957
7730 7939
9389 9151
6597 7591
8796 8318
6273 5748
5143 5062
6388 9666
5621 6072
6124 5706
5375 7360
5254 5136
5845 9872
8762 9486
7568 9553
7590 6299
5082 8259
7995 8468
7097 5878
9411 9226
5291 9672
6680 6684
7674 9499
7917 5709
7874 7281
9880 5951
9417 7703
8922 9257
9164 5812
8265 5967
8553 8908
9529 6388
6865 9558
8842 5289
9474 9750
7620 7151
7864 8287
6702 9744
9955 6580
9401 7333
9524 5315
6511 8062
7059 7597
9773 7908
6658 9311
7292 5263
7303 9567
6675 6642
9791 7444
7641 7333
6870 7112
8925 5799
7422 7126
9820 9466
8969 8489
9083 9754
9827 8168
6517 6209
6771 5279
8218 7663
9896 8606
6889 5756
7228 8107
7136 6075
7571 6892
6716 7984
8268 7340
9761 9743
6444 9483
5456 9532
7910 9942
5166 5050
6652 6797
9286 6610
8608 8584
6969 9151
9875 8601
7373 6938
6108 5574
5149 7183
9424 6097
5449 8270
5189 8626
6893 8540
8711 6306
8175 7885
7185 9394
7095 9196
5900 9463
6309 6163
8909 5005
6398 5260
6964 6999
6046 7895
9465 5033
5603 5556
8668 6630
8001 9860
8086 8351
6836 8170
6591 7951
8198 7482
9840 8325
5301 9476
7876 9003
8123 8370
7226 7298
7051 6043
7239 9621
9782 6010
8726 8289
7195 6680
7030 8945
7356 7941
7812 9983
5143 5497
9514 7192
6192 5062
9967 9374
5691 6437
5844 5489
5722 9424
7667 9493
9282 9819
8679 7556
5323 8327
5811 6883
9445 6369
8328 6689
5274 5688
8943 5913
7875 7261
6878 7480
5762 6267
5555 9610
6856 9729
5629 5538
9999 7892
9609 9166
6663 7603
7141 5417
8578 7884
8759 9471
6632 9530
5617 7178
6694 7333
9507 8980
6341 9672
6480 8264
5429 7127
6465 9618
6149 9488
9947 5487
6646 5680
9186 6821
7353 5669
7976 7419
8536 6568
9100 7326
9638 6094
6431 5448
8435 5907
8838 6200
7590 7960
5919 6854
9968 5285
6524 5577
6558 8165
8542 7602
6077 6156
7615 8366
8462 6979
7528 6933
5904 9160
6443 8476
7047 9218
7249 7256
7168 5233
7816 6369
6944 7347
8658 9903
6302 7461
5112 7884
9501 7237
9202 9647
7014 9752
7730 8097
9335 9767
5812 6855
6574 6787
7137 5445
8510 5697
9265 9684
8706 6904
6898 8557
5831 5576
8300 7307
9908 6942
7481 5798
5124 7353
6373 8078
9096 6074
5776 9488
6757 5252
7570 8544
9632 5696
7342 5477
9251 6163
5949 9965
6314 7169
7336 6155
5797 6827
7918 5097
6169 7474
6619 9695
6086 7200
5962 8618
6693 7288
9357 7336
8020 9685
7889 7213
6725 8761
6371 5743
9383 5531
9574 5294
9109 7627
9664 8617
7303 8208
9387 7453
6410 8293
5316 9181
6133 6740
8451 6074
5758 7790
6774 6030
6918 8151
5113 9831
5807 9852
8578 7465
6385 7070
7886 9042
9949 6023
8852 8295
7990 5519
9751 5237
9289 9112
6442 9738
6923 8431
8633 8522
9267 7372
9632 9183
8022 7537
6321 9612
7145 5997
9320 9127
5303 5434
8512 5399
5931 7317
6380 8729
6052 7616
9127 7210
7617 5347
7335 7002
8360 7535
5693 5796
7914 6555
6659 7268
5346 8277
5502 9704
9211 6255
5287 9874
9068 5895
7877 9138
6979 7013
8530 5522
9043 6093
8020 6833
9118 6905
5599 8783
5680 7373
7166 5282
9177 5075
6297 9464
7011 8436
5292 6941
8650 6987
5029 6056
8285 9621
9544 8567
9371 5743
6682 7278
6480 6236
6827 5690
9940 9536
7331 7775
7208 8493
7181 9563
7438 9576
9176 8234
8822 7803
6693 7527
9799 9231
6183 8288
5006 7537
5325 8176
6970 7287
5525 7038
6858 8052
6478 7876
5531 5343
8306 6323
5561 8868
7961 7903
5971 8153
7548 6952
7808 5472
5148 6819
7701 8024
9750 8119
6378 8534
8270 7060
5854 5009
7410 9996
5817 7560
5284 7154
7168 5106
6999 6037
7007 9766
5556 7275
7637 6225
8198 8834
7650 8702
6961 7366
5827 6660
6089 7489
5266 7366
7721 9498
9828 5320
7362 9762
8062 6197
9036 7722
9567 9279
8541 7847
7736 7968
6919 6249
7774 9195
7477 5117
6949 7848
9434 6856
6803 5570
7553 8182
8832 6216
9495 8866
8883 8833
9016 7994
5529 5265
7069 8563
5574 9853
6391 8279
5423 6296
9678 8552
9090 5766
8140 9806
8980 6601
7541 7598
9762 8196
6101 8637
7567 7251
6219 5492
8111 8153
7938 6231
9786 9048
9028 9662
8339 8682
9772 7496
5907 7974
9005 7794
9411 9232
9002 9499
6218 9243
5097 9004
9500 6864
6347 5071
8279 8840
5857 5032
6168 8336
6391 6896
5174 6357
7945 9330
5759 7310
6142 5111
6465 9444
9326 6480
7015 8551
5319 6873
6396 7090
5019 5006
5889 8404
8215 7140
5532 9613
8138 7636
5278 7001
6255 9069
6454 7304
8534 9111
6981 5881
6364 8269
9976 8265
7050 9030
7229 5757
9408 8181
5845 8717
8628 8376
5725 9954
5479 9547
8641 8791
6087 8330
9474 6106
6932 8708
7487 9054
9654 7876
9441 6355
6197 7893
5000 5922
5031 9467
9771 5413
7211 7680
6317 7796
5493 6906
9633 5122
8503 6739
8525 8137
9058 6873
8527 8058
7862 9146
5219 9523
8589 8966
7671 6517
6759 6844
7936 6577
6941 9565
5880 8721
6601 9774
8113 8062
7467 7819
9629 9033
5350 7339
7793 7568
7891 9111
9802 8705
6699 8493
7172 8002
9916 9496
6235 9662
7987 6189
8298 9220
7938 8425
6781 9772
9145 5321
6036 6159
7460 8598
8764 9991
9949 7469
8970 9962
5962 8423
5978 9346
5703 6269
9460 9586
9778 8676
6484 5677
9891 9448
6268 8987
7540 6040
5712 9477
8425 9511
7637 7083
5127 5111
9888 5173
9686 7694
5835 7265
7855 6467
8460 9326
7436 8223
6399 7145
9338 5718
8410 6622
8044 8342
9090 6820
8280 6803
6632 5930
9433 8567
6345 8797
7474 5877
8190 9728
5409 7418
8964 9854
6445 7273
9149 5174
8605 9322
5612 8252
7443 7364
6059 8349
6604 6753
6465 9870
6119 9168
5460 6367
8111 9878
7207 9723
6245 7113
6147 9065
6774 5676
8134 7953
7740 6086
9973 5643
9035 8726
7771 5837
7524 7817
6518 9765
8166 7676
7582 6779
9098 8372
8521 9046
5506 9316
6521 8142
6401 5091
7147 8467
5154 7328
6438 7460
7531 7653
8497 5136
9704 5439
9139 9640
5190 6615
7084 5676
6916 9790
9774 9527
9896 7155
9062 9958
7561 7973
5565 6618
8886 6932
9150 7605
5181 7213
5556 5701
9155 9862
7892 8015
7860 5017
8277 5429
7162 6256
5696 9463
6157 5187
8709 6847
6230 9929
7423 9051
9864 5761
5064 8153
9844 9654
6628 5229
6465 8000
9251 9248
9718 8692
5849 5215
7802 7432
9170 5777
5944 7033
5372 9406
8665 6142
5495 8174
9632 5753
9230 6810
7813 7582
7220 5695
9825 8265
5081 8636
7744 6725
8319 9854
7726 9413
7897 9203
7972 7314
6484 9459
5926 7722
7023 9853
7162 5665
6236 5787
8656 8469
5600 6934
7112 9649
7340 7762
6819 5436
7386 7562
8277 9986
7151 5121
5343 9281
6431 7427
7672 6942
8009 5360
5630 9517
5613 9462
8612 6082
8371 5670
5521 6572
9896 9082
6183 6067
9027 9154
6251 8236
7448 5228
7721 6094
7296 6342
5660 6183
6030 7036
5258 9994
5925 7490
6230 9809
8824 9437
8804 9237
5121 9676
5193 9717
5087 7536
5378 6598
7589 8545
8445 9024
6666 7156
7562 7511
