100 685600
482 485
257 326
286 248
517 421
404 322
713 795
45 43
924 845
873 955
160 252
1 9
838 901
40 122
58 94
676 738
627 574
766 715
862 882
405 367
923 984
379 299
461 433
612 682
133 72
813 874
97 138
908 856
165 145
996 995
623 529
220 199
298 277
157 97
723 719
144 242
48 107
129 122
148 70
35 98
644 600
632 645
272 267
1040 972
977 895
312 213
778 748
567 487
965 923
1 29
616 674
569 540
628 554
493 467
76 46
733 710
575 553
288 191
775 724
723 730
912 988
64 90
354 340
565 549
210 196
922 865
775 678
566 570
934 936
626 722
742 651
194 123
485 431
483 508
617 585
876 853
653 642
896 992
652 725
220 286
727 812
900 859
563 663
56 88
157 179
280 187
537 619
284 261
920 846
124 192
239 261
459 514
931 886
504 530
910 849
382 294
795 799
485 391
351 330
289 298
865 790
9911 5494
5857 5941
6582 6281
5240 5992
6291 9074
5764 8949
9743 5419
8641 8005
5009 7917
7093 8231
5499 5705
6885 7026
6284 8973
9092 6065
9574 9693
7431 8649
7673 6074
9738 8957
9270 9207
9424 9880
6551 6014
6174 9492
6746 5617
7660 9870
9149 5905
8000 6108
6693 8740
7665 8643
5292 6065
7094 5811
9863 9616
9248 5578
5610 9106
6190 5775
5362 6612
9492 8903
8930 5792
7740 5429
9664 7933
5247 7436
6904 5605
9234 5319
8731 8626
7566 6781
6431 8835
8201 9060
7920 5187
6588 6630
5310 9235
5286 7537
9544 5870
6995 9152
7478 5243
5705 6905
5025 6943
8563 6333
8007 9097
6452 9893
9571 5917
8155 9419
7300 5489
8791 6496
6531 5201
5881 6257
8364 7927
8088 8526
6365 9128
9610 9318
8911 6584
7264 8041
6501 8630
5727 9863
9681 6936
7213 7554
7386 7463
5770 5879
7521 5811
9686 7011
7051 9164
6943 9260
7662 7850
7994 9591
9400 8270
7900 9747
9359 5466
6756 5002
8094 9253
8068 7542
8421 9156
8374 7801
6377 5405
5559 7645
7269 7255
9732 9154
5839 8775
7671 5419
5946 6297
7509 6493
7786 7602
8458 9915
