1000 758900
94 485
506 326
416 248
992 421
649 322
237 795
457 43
815 845
446 955
422 252
791 9
359 901
667 122
598 94
7 738
544 574
334 715
766 882
994 367
893 984
633 299
131 433
428 682
700 72
617 874
874 138
720 856
419 145
794 995
196 529
997 199
116 277
908 97
539 719
707 242
569 107
537 122
931 70
726 98
487 600
772 645
513 267
81 972
943 895
58 213
303 748
764 487
536 923
724 29
789 674
479 540
142 554
339 467
641 46
196 710
494 553
66 191
824 724
208 730
711 988
800 90
314 340
289 549
401 196
466 865
689 678
833 570
225 936
244 722
849 651
113 123
379 431
361 508
65 585
486 853
686 642
286 992
889 725
24 286
491 812
891 859
90 663
181 88
214 179
17 187
472 619
418 261
419 846
356 192
682 261
306 514
201 886
385 530
952 849
500 294
194 799
737 391
324 330
992 298
224 790
260 275
97 826
210 72
649 866
919 951
63 748
958 685
804 956
518 564
428 183
537 400
346 721
153 207
971 323
662 611
197 116
91 109
529 795
126 343
747 862
469 685
770 10
934 881
723 984
895 403
568 360
172 449
958 541
383 272
308 877
970 359
583 707
48 308
930 770
569 30
3 208
20 311
609 100
887 939
825 422
930 785
904 370
241 989
379 969
376 143
962 972
889 28
443 61
216 638
338 348
160 347
406 66
159 391
31 638
204 295
420 826
153 196
425 449
331 855
565 143
838 487
9 140
918 564
533 615
232 135
957 564
591 360
576 793
746 163
377 859
858 760
86 711
434 662
558 159
279 660
840 268
735 948
574 315
126 676
912 341
739 689
821 894
625 706
917 490
201 478
993 671
149 932
52 899
759 237
267 187
256 472
783 772
117 98
516 906
180 911
25 635
380 225
712 823
266 164
216 343
448 732
541 502
664 740
954 576
726 612
772 902
531 454
943 411
750 973
327 703
917 850
5 77
113 220
913 802
791 403
998 181
859 10
345 525
431 919
675 668
833 527
438 462
523 291
916 605
420 457
115 405
660 417
261 279
772 685
388 596
764 307
843 224
206 322
407 840
639 975
852 401
542 91
60 327
757 330
82 182
637 603
93 793
614 615
136 733
187 864
102 16
972 863
163 987
501 306
477 34
492 840
121 700
80 706
138 787
660 105
229 834
827 798
448 310
230 609
832 690
489 561
586 579
291 60
665 388
660 309
702 407
153 200
606 313
123 970
253 33
709 273
832 277
108 997
888 40
481 227
283 860
858 940
284 608
711 990
850 590
239 806
943 52
195 801
95 764
410 710
664 386
900 593
112 50
963 494
754 156
458 936
19 965
225 86
569 723
97 184
194 868
754 340
602 412
61 487
695 209
347 346
719 860
100 307
97 95
843 821
745 941
286 821
492 587
116 201
531 665
424 527
253 812
426 424
413 459
980 343
291 836
833 506
486 179
9 916
575 430
922 596
145 808
897 269
404 512
742 811
728 685
269 567
103 776
745 855
35 718
779 853
71 97
80 146
842 746
128 15
941 965
227 512
30 480
342 958
605 665
531 191
364 964
359 515
867 606
820 822
313 536
207 693
911 19
308 335
430 101
685 922
641 294
113 910
141 410
690 250
700 546
559 729
481 609
503 720
766 976
7 759
882 798
859 74
182 648
425 299
542 785
683 846
853 390
938 897
89 416
624 837
181 247
878 293
933 144
580 938
252 467
207 480
658 955
20 665
954 26
347 564
759 449
446 26
14 521
657 301
710 321
980 613
188 388
636 879
203 990
432 188
129 963
630 820
509 300
237 822
373 255
838 277
395 153
692 400
103 227
218 518
384 447
931 315
396 813
389 324
640 502
287 299
297 780
977 376
512 516
219 212
555 329
398 810
289 486
798 485
598 416
49 952
572 894
697 358
770 21
725 647
542 44
214 683
887 361
45 814
94 231
282 8
82 165
319 496
626 699
146 852
541 459
874 535
725 314
777 944
554 306
208 459
787 637
976 447
912 408
444 107
3 962
301 565
164 407
437 857
652 317
764 98
41 818
737 600
176 288
136 902
128 567
394 190
235 749
42 908
824 276
684 748
979 592
568 393
367 363
52 163
642 983
335 179
126 16
130 478
583 259
129 868
752 295
167 596
856 71
640 622
770 864
431 644
195 5
448 365
701 429
952 64
880 854
168 770
79 88
961 157
472 368
217 421
709 719
147 271
296 975
909 816
764 962
251 535
878 438
753 696
570 881
253 318
666 45
931 52
433 496
810 313
678 138
123 334
212 988
66 508
206 770
750 751
64 780
466 441
337 207
510 516
796 674
175 408
437 920
938 573
848 634
561 878
718 990
948 826
649 696
569 800
663 411
582 422
843 707
202 334
702 986
579 494
725 150
803 562
340 380
156 832
832 979
602 376
234 511
688 414
184 160
978 982
413 238
633 490
585 899
606 251
963 526
350 897
242 39
539 657
739 452
267 538
165 831
177 460
720 185
802 934
644 440
82 490
798 168
197 71
173 977
81 458
235 204
112 803
103 139
268 399
879 420
643 991
106 578
122 972
444 177
262 398
691 348
997 496
446 276
171 825
549 614
281 121
211 730
112 341
408 284
730 698
363 17
89 546
605 672
938 974
168 866
705 377
47 559
400 340
215 527
114 779
51 761
881 483
549 92
679 390
328 583
250 661
203 391
481 336
752 661
707 125
82 89
63 275
660 359
21 178
287 780
219 42
500 5
820 380
95 772
44 816
748 9
678 484
276 545
478 589
663 157
594 901
757 777
947 74
448 247
570 55
313 479
981 785
795 958
552 680
389 393
280 944
864 596
636 619
512 611
892 852
184 283
947 299
614 766
625 312
149 826
377 726
474 733
18 805
662 679
416 403
1 964
530 337
752 541
22 478
981 369
777 946
957 821
275 833
584 837
582 490
121 37
951 594
668 129
118 258
319 246
896 362
521 755
948 504
248 71
474 177
351 176
54 803
155 237
660 677
871 33
486 115
294 597
425 769
245 536
382 956
371 341
708 184
544 234
794 569
387 216
738 537
520 84
281 810
502 657
91 33
503 159
924 520
16 668
33 287
344 229
349 374
606 474
896 672
595 915
441 511
102 123
52 569
654 199
710 396
434 715
245 59
36 610
661 917
413 927
13 270
370 117
400 516
195 215
984 216
476 237
164 615
405 499
674 477
196 760
608 285
907 56
532 966
51 622
716 221
327 194
880 91
710 347
267 252
400 473
376 516
609 385
320 357
196 958
538 665
935 792
404 64
100 420
126 671
855 968
94 877
731 177
253 523
8 139
393 152
543 732
348 246
318 565
489 740
22 902
998 17
49 973
381 298
10 611
429 32
221 11
150 337
717 136
530 889
332 522
942 805
565 28
216 931
61 757
170 609
872 544
644 905
208 595
680 246
697 113
639 175
679 156
961 244
361 883
802 265
359 883
839 462
718 485
280 272
252 204
280 984
102 409
615 398
296 909
481 370
956 882
230 214
259 766
922 35
706 421
272 271
156 370
552 848
485 50
536 976
70 270
902 796
452 963
35 379
947 991
378 551
57 897
352 307
669 421
702 74
141 388
458 559
463 980
756 615
887 681
332 231
528 207
656 818
254 331
787 979
495 445
370 348
10 724
200 401
327 646
17 668
374 242
755 302
980 861
376 830
8 77
32 441
460 589
804 990
23 189
869 868
943 996
715 363
628 237
73 420
199 565
38 214
209 333
327 726
912 175
799 58
372 625
976 66
120 169
667 475
188 204
28 90
704 496
649 1
746 474
697 449
712 252
289 332
625 287
953 189
462 889
302 63
79 378
41 206
823 897
908 230
665 382
36 575
732 60
809 529
66 477
291 290
591 89
583 961
252 461
479 702
530 532
224 680
788 53
309 642
366 1000
352 891
402 822
545 152
113 324
967 633
454 267
723 381
14 272
20 506
308 419
644 461
713 526
482 978
336 468
289 729
496 795
326 581
530 383
167 226
522 421
830 386
91 273
116 484
747 676
395 107
958 229
756 902
262 962
703 105
511 84
481 991
449 701
888 689
599 655
306 600
492 538
803 499
445 881
316 981
889 473
785 383
765 679
491 573
589 589
124 480
741 145
898 624
725 923
682 915
131 232
398 974
906 735
753 678
312 640
790 644
301 212
945 123
447 253
197 943
27 18
573 916
589 327
934 640
209 615
529 470
899 655
15 288
592 401
92 840
575 633
814 707
354 424
127 682
374 194
566 855
594 190
973 728
645 178
603 275
712 88
32 367
298 544
561 738
906 963
626 460
143 266
504 727
836 33
361 442
431 628
554 384
24 244
416 482
735 765
243 446
454 247
932 913
494 560
648 528
357 594
596 935
788 462
536 621
759 660
200 564
566 302
741 936
217 592
219 724
832 118
819 299
487 251
473 129
241 96
64 167
516 169
857 381
218 976
490 767
504 837
707 407
342 203
475 387
175 735
786 706
171 335
232 40
888 821
866 131
976 159
253 978
619 53
642 849
460 478
218 19
218 230
667 453
949 336
89 931
488 588
568 449
526 566
5154 6057
5151 5964
6823 7726
8484 5789
9594 6831
6184 9190
8747 8551
8879 8472
9350 7423
7049 5399
5991 8856
9600 9460
6571 8094
7313 8571
5951 8094
6009 6344
9165 6867
7036 8146
8307 9484
7955 9884
7799 5953
5300 6253
7578 5556
8457 8009
6930 9927
5094 8505
6744 6544
7224 6035
8221 8511
6254 5917
7646 8542
7905 9200
7728 5450
8693 6562
8746 9854
7640 7457
9999 8750
7327 5267
9018 9416
9638 7949
6614 9773
5848 8633
5486 7925
8722 8980
8301 5905
6656 8974
7436 9964
6819 8897
9280 5170
9466 7849
5751 8216
7388 6576
5131 9593
9553 6534
7129 7629
7437 5868
9811 7692
9082 8108
5321 7066
7493 5184
7509 7952
8813 5060
7255 8764
9005 5145
8883 7401
6012 5528
7179 9384
7894 6051
6778 7596
6457 5225
6574 9394
9746 6412
5597 8013
6023 7355
6354 5530
6823 8099
9386 5712
9092 8445
7881 9522
7471 6682
5506 6367
8884 7659
9545 8242
9626 8505
8736 9695
7227 6571
9503 6096
9448 7295
8958 9943
9320 7049
5841 5371
6124 7497
8327 6359
7810 6347
5376 5987
8472 9230
9615 7950
7699 9192
8189 7844
7999 7933
5438 5423
7842 8918
8344 7836
9507 8662
7988 5778
7811 5265
8206 7743
9757 6076
5971 9233
8725 7640
8225 5923
6696 9204
5567 6497
5548 7853
6853 9892
5251 8472
9101 8620
8700 7454
5195 6568
9412 9818
8805 9326
7049 8976
7757 8941
7576 7460
8803 9215
7547 9926
7599 8207
6373 7814
8451 5019
8147 5457
6549 6162
5061 9478
7402 6075
8760 7325
7724 5246
9056 6908
5615 9547
7712 9358
5331 8039
8737 7708
6382 8675
8298 7040
5724 5781
7063 7611
8159 9390
5135 6280
7557 6834
8301 9458
8000 7708
5186 8563
6303 7339
6061 8452
5075 9839
8906 7222
5634 6156
6644 5540
6834 9129
8341 5938
6950 7110
7814 6622
5168 9558
6667 7493
6054 9847
8567 7148
8555 5209
9873 9925
9593 9017
6701 8649
9483 9585
8222 5349
6512 6799
9169 8434
6780 8139
6790 9064
6115 5624
5725 6308
9910 6408
8529 8434
7972 7755
9039 6570
6483 9828
9378 8848
7670 6626
5930 5615
8079 5952
5660 6854
7607 5545
5948 7934
6873 8482
6032 7439
6683 7122
5539 8732
9899 5697
6385 9870
6585 6242
9111 9273
7278 7608
6336 5043
9800 7729
5464 5596
6720 6833
9350 6687
5804 6128
5879 9693
7657 5647
8818 7126
5616 9037
9115 8203
7641 9324
9352 6628
7693 8930
8681 8832
7955 6625
5747 5577
8584 9334
8290 7078
9477 8410
5110 6389
5706 5563
7832 6128
9436 8985
7230 8122
9030 9890
8224 9413
5956 5395
9192 7608
7151 5649
6469 9047
9931 6413
5912 7388
7105 9506
7291 9626
9837 8674
8583 5568
6709 5363
8238 7026
5293 7863
6881 9476
9812 6714
9877 7062
5697 6433
9546 8465
6472 5623
8746 7416
8352 7401
8517 8301
6032 6656
7346 8336
9047 7506
5334 6586
6570 7178
6806 7674
6250 6698
6496 8778
5380 6531
8239 9844
9133 7060
6534 8517
8037 9324
9881 8921
8784 6536
9426 7469
5437 6894
6354 6284
9381 5668
7227 7751
9374 6447
7318 7981
5519 6554
7228 5798
8871 8949
7954 6177
5048 7996
8465 8313
5923 7687
8536 9321
6105 7331
7381 5047
5539 5288
6148 6787
6989 9516
7829 5575
8174 5491
5121 5311
7447 6243
8284 6310
5231 9882
7836 9551
6051 8133
9049 8050
6534 9165
8200 5263
9644 8227
5017 5874
5040 8458
9711 9891
5706 5796
6577 5905
9124 7653
9483 9917
5547 7482
9530 6230
6442 6991
5335 8506
6593 7237
5275 5085
8955 8257
7761 7519
8309 8816
9622 8008
6866 6063
6419 7074
8689 6409
8469 6490
9891 9636
8433 7566
9093 8193
5419 7695
8908 7942
8641 7325
5711 5456
5923 6657
5561 6716
7293 5345
7760 5698
6809 6764
6259 8779
9117 6597
6730 7319
5445 7856
6840 8196
8780 7262
8044 9717
8642 7666
5454 8747
5135 5984
6798 5171
9717 6897
6068 7515
9083 7918
5926 6042
5347 7569
5888 5281
6190 8186
9120 7807
5937 7728
8382 5686
9254 6521
8925 8511
7085 6009
9576 5756
5956 5169
9608 9504
9926 8369
7259 8578
9737 6910
7795 9745
8209 6013
6065 7633
5258 5702
7389 5207
8007 7014
5133 9177
9992 7062
7736 5690
7429 8195
8674 9783
5129 7157
9856 6628
6679 7808
5232 9077
5533 8852
9706 6342
5829 7383
8064 5450
7617 5941
7811 7975
8583 7601
8188 6911
7289 5333
8370 5048
6894 8284
5169 8968
6559 5016
7328 9959
5625 8812
6016 8624
8431 7993
6198 5815
9974 9835
6038 6807
5027 7186
8974 6944
5651 9573
9522 7294
9593 8420
5429 5350
8094 7493
8108 7452
9115 6905
9955 8612
7771 6105
9282 9768
6711 9538
7827 5100
8900 5820
7503 5807
9495 5011
8750 5342
6238 5972
6553 6928
6626 8009
8484 7828
9829 7917
6018 8779
9600 7080
6477 5047
8046 9661
7926 8806
8771 7677
9347 5842
5861 9198
8906 8096
9147 8775
9015 5602
9511 7035
9872 9009
7125 9303
6228 6625
9466 9107
9774 6976
9303 7474
6220 7155
7043 8085
8368 6931
7421 8446
9843 8220
5027 6447
7354 5476
8207 5933
7714 8102
6720 7459
7080 8127
6914 9703
9951 5597
6949 5804
5617 8109
6106 7171
6371 7105
8650 5998
8612 8847
9782 9755
6135 5026
7137 9570
9527 7835
6630 7699
8323 7326
8521 9305
6578 7566
9638 7313
6082 9549
7604 5548
9219 9613
5785 8817
7190 5955
9365 7545
6607 9648
9441 9142
6683 8705
8075 9682
6456 7850
8770 8453
9031 5031
6633 5610
5473 9224
6056 5363
5247 6827
7962 9017
5724 9599
8132 8757
5358 7904
8747 9344
9330 8249
8050 8764
8581 9400
5316 9070
8319 6933
8212 6307
6196 7210
6831 9149
9995 7606
7136 6261
8308 5488
8316 8431
8170 7240
7331 5467
6793 7941
9221 6703
6192 5081
9288 7459
8171 8033
9922 6653
6971 7502
5667 8803
6739 6787
5458 6824
5830 5772
9829 7427
6823 9286
8423 9408
8472 9693
7327 6811
7490 7914
7533 8876
5982 8244
5190 7615
9955 9578
6296 6785
6162 5714
5234 8612
5239 7699
9655 8146
7057 8392
6873 8875
8118 5724
5064 7457
5183 7912
9531 8411
5977 5934
6473 6605
5374 7347
9539 6124
8193 6309
5967 7057
7216 6313
8321 9910
6910 8342
8689 6328
7232 7496
9135 8943
5903 9437
6985 5876
5026 8826
7801 8910
9668 5322
9413 5627
5884 9326
6185 8710
8929 9260
7300 5947
7893 5342
7277 9009
8286 7832
9497 9109
8130 5120
9121 7474
6342 8182
5217 6895
9997 5960
6475 5413
5674 7098
8226 7890
8218 8029
6056 6812
8738 7946
6308 9818
8773 9727
9811 6780
8860 8270
7096 6907
9352 6527
8610 6939
5954 6578
6301 6701
7669 6420
6411 7316
9692 5974
7146 5167
7371 8368
9067 9074
5335 6554
9668 7363
7875 5353
8718 5070
6831 7545
7673 5139
6699 8741
5387 6217
6922 6438
5495 6306
5479 8663
7445 9996
5458 8749
8053 7701
9456 8520
7658 7230
6253 8687
6044 6975
9926 8337
5852 9634
8747 8559
6653 7060
7572 6450
7538 8971
8819 8138
5006 9057
8125 8762
6317 8740
7174 6906
8127 5017
5538 9454
9239 5772
7169 7712
5854 8743
9888 9073
5223 5254
5401 9751
8848 7227
6433 5696
5364 8261
5206 8734
6291 7689
6351 9986
7128 5822
9611 5437
5474 7843
7017 5046
9756 7111
7278 9059
6602 6429
7699 8432
9057 6340
8622 9884
5566 9432
7230 9711
5926 6892
6708 5459
9933 8631
8602 5905
7540 5287
7358 8074
5062 8465
8013 7249
8298 9820
9276 5327
5304 9900
8306 7771
8367 8206
7210 7195
7916 5431
5330 5971
6885 5997
9129 5022
7838 8414
8560 6962
7857 6130
8525 7583
7128 7857
8528 7175
6348 5811
9161 7214
6959 9374
5544 9294
6262 9803
9045 7264
5004 8744
6657 8205
5460 9905
8710 9734
9056 7823
5333 7526
8781 6501
6288 6896
7158 5429
9059 5975
7851 6928
8139 6249
7262 8873
8606 9322
9901 8357
7770 9695
5685 5764
8224 7316
6447 8041
7791 7254
6862 8546
8178 8128
5325 5867
5344 9819
7008 9975
5704 9388
6717 5363
7996 7776
5194 6698
9556 6962
7109 5052
5000 5215
7547 9735
9606 7412
6227 8765
9397 7246
5446 5575
5615 7647
6664 8983
7130 7107
7081 7773
7608 7017
6703 7726
5195 8228
7606 5524
8964 8544
9148 5390
5867 5829
6354 8759
9415 8937
8883 6432
5351 9486
8411 7307
9247 6763
7419 6946
6311 6232
7002 8007
8852 7363
6769 5277
6149 7292
6228 6087
8068 9434
9639 5816
6185 5492
7769 9775
7413 6870
9155 8707
9604 6244
6130 5588
9565 6261
9733 9014
6787 9072
6627 6252
6332 8088
9905 5728
6671 8900
8280 9697
8017 6450
8214 5861
7566 9784
9220 8437
8046 9455
6688 6222
5604 8035
8367 6436
6056 9060
7095 7007
9103 6507
9423 9060
5020 9563
8577 8698
9874 7452
8710 5677
9872 5715
5620 7967
9666 8730
9449 5931
8820 8151
9667 9144
8833 5003
9671 9977
8990 9553
9127 5106
5469 6537
6321 6932
9912 5957
5114 5312
5072 9410
5533 8920
6739 5720
8818 7896
7548 8412
5874 9111
9499 5405
9104 7700
5794 8084
8468 7472
9214 5934
8688 7132
5208 7533
6556 7202
8489 7225
8959 5344
6541 5549
5399 6989
7519 9335
7982 6187
5779 6243
5736 9195
8860 5215
9837 5894
5068 5551
5960 6051
6884 7755
7915 5348
7765 9100
8680 6383
7591 9330
6970 5140
6072 8704
8204 9095
9919 8913
8141 8630
5425 8102
5462 7529
8307 6461
9628 6711
7650 6750
6869 7004
5690 6761
7083 8359
7906 7059
6525 8826
9291 8638
6362 6193
6877 8927
9620 7088
5982 8199
8051 6082
9306 7046
9229 8230
8483 9777
9131 6961
5074 9497
5329 5971
7161 8485
9283 6109
6936 7972
7482 5319
7408 6132
9796 9165
7595 6430
9281 5932
8953 6040
7146 8243
7063 8428
8629 8739
8179 8834
8586 7077
6938 8012
6851 9849
6186 6302
9605 9638
7208 7859
8005 8664
8082 6456
9830 8133
7232 7935
7690 5237
5951 6864
7323 5974
8769 8712
8188 9013
8509 6484
9942 5452
5441 5563
5406 6843
5221 9698
8998 9803
9003 9308
6356 5440
8353 7048
8997 7085
8205 9881
8567 5780
7053 8788
6499 6062
8383 7860
9388 8544
8946 8132
9843 9935
5712 7964
9862 7962
9306 9011
9211 6605
6296 5515
9010 5085
5763 8234
8596 9871
6882 6393
8354 9460
7575 9330
9003 8320
5530 7134
5236 6263
6650 7704
9827 6799
9770 8076
6698 5889
5468 9860
9147 6105
6396 5833
6811 6810
5157 9407
9557 5657
5248 5113
9975 9401
8452 6891
9820 5668
6663 7579
6831 7955
5030 6881
9193 6991
9256 5247
8658 8170
5129 8463
8033 6743
8417 5538
9275 8806
5925 5600
9624 6940
7964 6869
7592 6794
6551 7706
9669 7024
8241 6845
5754 9123
5550 7342
8671 6938
8904 7245
5291 9366
7522 5619
7425 5608
7081 6192
5374 9894
9510 5156
6683 7902
7091 5023
8917 7896
6808 6850
6342 8348
9014 8393
6081 8534
7513 8221
6755 7879
6100 6057
7769 8591
5176 6510
9477 5652
8506 8451
8921 8356
7918 8571
5255 6112
5952 6229
7035 9982
6029 6962
7355 7788
9087 5103
5682 8809
8716 8214
9032 8435
5222 9588
5071 5285
7158 6989
7114 8244
6069 7126
5485 7293
7639 6399
7948 7614
9690 6808
8277 5068
8473 8743
5209 8527
7051 5468
8921 7409
8910 9867
5140 8547
7670 5586
5090 9003
6680 5145
7003 5676
8113 6202
9087 6806
5639 6235
7414 6245
6112 6132
9163 5111
9325 5721
9001 6765
6592 9504
8760 7979
5502 9199
5821 5799
7863 7722
8372 5354
9310 8371
9741 8124
6653 6259
9210 5368
5901 7895
7951 5288
8947 7765
8729 6531
8700 9872
7082 8387
