100 873300
94 485
506 326
416 248
992 421
649 322
237 795
457 43
815 845
446 955
422 252
791 9
359 901
667 122
598 94
7 738
544 574
334 715
766 882
994 367
893 984
633 299
131 433
428 682
700 72
617 874
874 138
720 856
419 145
794 995
196 529
997 199
116 277
908 97
539 719
707 242
569 107
537 122
931 70
726 98
487 600
772 645
513 267
81 972
943 895
58 213
303 748
764 487
536 923
724 29
789 674
479 540
142 554
339 467
641 46
196 710
494 553
66 191
824 724
208 730
711 988
800 90
314 340
289 549
401 196
466 865
689 678
833 570
225 936
244 722
849 651
113 123
379 431
361 508
65 585
486 853
686 642
286 992
889 725
24 286
491 812
891 859
90 663
181 88
214 179
17 187
472 619
418 261
419 846
356 192
682 261
306 514
201 886
385 530
952 849
500 294
194 799
737 391
324 330
992 298
224 790
9695 6409
7921 8574
7806 5342
9331 7297
7568 5461
9963 5570
8151 7025
9276 8845
9392 9641
7357 9404
5466 6704
5907 8399
5461 9319
5539 8919
5051 5901
9464 6679
5607 6529
5930 9854
7928 8993
9532 8954
5708 8665
8460 9064
9612 6346
6711 5903
5298 8776
8596 6036
9513 8453
9195 7902
8485 5830
9484 9936
5871 7540
6867 7314
5687 7448
7741 6517
8130 8666
5903 7518
8795 5336
8387 5903
7658 5116
9850 7512
7183 7880
9832 6669
9573 9073
5421 5906
5816 5538
6631 8204
8166 5806
8326 5415
5459 5656
7653 7201
8046 7318
8982 8676
6141 8806
7864 5945
7625 9255
7279 5779
7452 7623
9155 7894
7231 5192
5608 9978
7061 9455
5670 7110
8031 8263
6272 8821
7514 7876
6635 9866
8028 5323
5387 8166
5674 5062
9827 9259
9440 8089
6040 7887
6773 9451
9408 7686
9336 5644
6010 6411
5177 7857
7607 6947
5892 7963
8048 7577
8755 9322
9640 8882
5021 8190
7417 7408
6177 5654
5757 5921
9473 9970
5667 7269
5848 7716
9450 7333
8363 7491
9926 5789
8120 7653
8508 5083
9618 5556
9959 7560
6132 5495
5665 5131
7206 6294
6858 6866
