100 765400
482 485
257 326
286 248
517 421
404 322
713 795
45 43
924 845
873 955
160 252
1 9
838 901
40 122
58 94
676 738
627 574
766 715
862 882
405 367
923 984
379 299
461 433
612 682
133 72
813 874
97 138
908 856
165 145
996 995
623 529
220 199
298 277
157 97
723 719
144 242
48 107
129 122
148 70
35 98
644 600
632 645
272 267
1040 972
977 895
312 213
778 748
567 487
965 923
1 29
616 674
569 540
628 554
493 467
76 46
733 710
575 553
288 191
775 724
723 730
912 988
64 90
354 340
565 549
210 196
922 865
775 678
566 570
934 936
626 722
742 651
194 123
485 431
483 508
617 585
876 853
653 642
896 992
652 725
220 286
727 812
900 859
563 663
56 88
157 179
280 187
537 619
284 261
920 846
124 192
239 261
459 514
931 886
504 530
910 849
382 294
795 799
485 391
351 330
289 298
865 790
9426 6729
6401 9106
8558 6644
6712 5401
7294 9534
7331 7364
8690 8117
8703 7363
7613 7943
9840 5950
7196 7074
8933 7728
6991 6952
8765 7642
7004 9475
5956 6632
9434 7952
5406 9445
5824 7744
8225 9012
6313 6709
9908 7524
8149 5470
5778 9978
6563 6719
5254 8034
7643 9308
9098 9219
7133 5088
9243 6659
6577 8268
8708 8883
5054 6367
7746 5176
8842 5394
5880 7475
5170 7543
6725 5396
7833 5695
7484 5457
9814 6069
8409 6942
5590 8482
5539 7199
7551 8958
7325 9488
6907 7796
9232 5356
7299 8988
5445 7362
6513 9897
9534 8695
9461 9213
8290 9281
9081 5236
5232 9514
9977 6280
7133 9378
7659 8547
7116 8209
8470 7031
9309 7307
7955 8424
8173 9490
7358 6051
5131 5247
5883 6380
6615 7445
6230 8926
6379 9950
6153 6534
9861 6154
6018 6901
7445 5612
6741 8652
9575 8426
9507 8888
7769 7774
9300 7487
5448 6587
8416 7767
8768 9314
7895 9467
6814 5309
5981 9625
9739 5837
9922 6428
6275 5470
8342 9964
6930 5942
8022 9603
9766 8326
5644 5265
5053 9195
9650 8157
6705 5065
6782 6112
8985 7495
5386 7758
7130 6803
