1000 624500
482 485
257 326
286 248
517 421
404 322
713 795
45 43
924 845
873 955
160 252
1 9
838 901
40 122
58 94
676 738
627 574
766 715
862 882
405 367
923 984
379 299
461 433
612 682
133 72
813 874
97 138
908 856
165 145
996 995
623 529
220 199
298 277
157 97
723 719
144 242
48 107
129 122
148 70
35 98
644 600
632 645
272 267
1040 972
977 895
312 213
778 748
567 487
965 923
1 29
616 674
569 540
628 554
493 467
76 46
733 710
575 553
288 191
775 724
723 730
912 988
64 90
354 340
565 549
210 196
922 865
775 678
566 570
934 936
626 722
742 651
194 123
485 431
483 508
617 585
876 853
653 642
896 992
652 725
220 286
727 812
900 859
563 663
56 88
157 179
280 187
537 619
284 261
920 846
124 192
239 261
459 514
931 886
504 530
910 849
382 294
795 799
485 391
351 330
289 298
865 790
250 275
738 826
75 72
788 866
947 951
651 748
595 685
993 956
663 564
265 183
338 400
637 721
206 207
328 323
618 611
64 116
139 109
806 795
412 343
912 862
715 685
1 10
929 881
1025 984
410 403
273 360
507 449
450 541
174 272
882 877
427 359
787 707
355 308
734 770
1 30
248 208
397 311
159 100
874 939
449 422
857 785
286 370
976 989
908 969
103 143
1071 972
1 28
117 61
697 638
424 348
439 347
74 66
442 391
568 638
195 295
854 826
281 196
433 449
845 855
224 143
487 487
181 140
496 564
690 615
124 135
575 564
374 360
766 793
149 163
776 859
793 760
674 711
696 662
90 159
732 660
214 268
935 948
228 315
619 676
349 341
734 689
964 894
644 706
484 490
491 478
628 671
1009 932
944 899
315 237
92 187
554 472
757 772
88 98
952 906
818 911
628 635
316 225
818 823
255 164
432 343
763 732
490 502
721 740
587 576
530 612
992 902
491 454
343 411
880 973
645 703
761 850
152 77
241 220
727 802
352 403
246 181
1 10
479 525
958 919
749 668
551 527
538 462
319 291
580 605
501 457
487 405
349 417
252 279
731 685
637 596
339 307
257 224
271 322
740 840
1002 975
404 401
190 91
254 327
277 330
100 182
648 603
810 793
535 615
702 733
855 864
76 16
773 863
917 987
279 306
123 34
922 840
613 700
658 706
705 787
101 105
807 834
883 798
358 310
634 609
786 690
618 561
644 579
141 60
466 388
340 309
495 407
283 200
352 313
886 970
95 33
291 273
217 277
1007 997
1 40
219 227
764 860
1025 940
600 608
895 990
690 590
738 806
1 52
772 801
727 764
774 710
340 386
503 593
1 50
432 494
228 156
993 936
1058 965
130 86
821 723
189 184
943 868
343 340
404 412
560 487
196 209
418 346
782 860
314 307
59 95
778 821
979 941
828 821
584 587
122 201
741 665
566 527
760 812
385 424
395 459
250 343
789 836
492 506
261 179
914 916
380 430
537 596
731 808
361 269
473 512
737 811
708 685
635 567
804 776
827 855
695 718
756 853
57 97
178 146
688 746
1 15
871 965
415 512
510 480
1057 958
764 665
193 191
905 964
583 515
696 606
887 822
444 536
741 693
12 19
313 335
81 101
828 922
354 294
981 910
499 410
283 250
545 546
635 729
540 609
689 720
946 976
730 759
703 798
14 74
644 648
241 299
793 785
912 846
461 390
801 897
424 416
744 837
272 247
338 293
193 144
987 938
432 467
505 480
944 955
653 665
38 26
468 564
461 449
1 26
576 521
329 301
274 321
701 613
432 388
851 879
915 990
137 188
927 963
903 820
373 300
770 822
160 255
285 277
231 153
366 400
317 227
423 518
420 447
216 315
772 813
271 324
566 502
243 299
725 780
390 376
491 516
225 212
392 329
781 810
434 486
535 485
368 416
938 952
946 894
353 358
1 21
707 647
143 44
630 683
364 361
822 814
147 231
54 8
91 165
431 496
606 699
917 852
553 459
473 535
222 314
954 944
369 306
413 459
717 637
491 447
447 408
44 107
994 962
518 565
448 407
931 857
369 317
181 98
815 818
655 600
267 288
960 902
611 567
271 190
771 749
993 908
359 276
810 748
563 592
360 393
264 363
199 163
1074 983
131 179
41 16
423 478
197 259
779 868
344 295
536 596
140 71
669 622
938 864
715 644
67 5
321 365
434 429
19 64
928 854
759 770
178 88
160 157
277 368
467 421
653 719
330 271
966 975
817 816
1045 962
508 535
492 438
743 696
884 881
259 318
56 45
1 52
421 496
270 313
99 138
429 334
1004 988
512 508
702 770
657 751
862 780
516 441
246 207
592 516
641 674
390 408
831 920
522 573
611 634
825 878
929 990
734 826
718 696
883 800
355 411
426 422
668 707
235 334
1080 986
397 494
137 150
648 562
342 380
799 832
1067 979
313 376
452 511
441 414
214 160
1059 982
260 238
579 490
897 899
316 251
526 526
909 897
139 39
634 657
384 452
577 538
840 831
509 460
262 185
934 934
513 440
556 490
97 168
107 71
937 977
370 458
193 204
802 803
134 139
390 399
439 420
1034 991
636 578
1008 972
191 177
429 398
445 348
483 496
347 276
769 825
540 614
212 121
789 730
317 341
381 284
714 698
24 17
570 546
771 672
1052 974
776 866
290 377
470 559
367 340
626 527
879 779
688 761
553 483
112 92
440 390
510 583
741 661
473 391
289 336
574 661
85 125
36 89
362 275
310 359
129 178
763 780
31 42
69 5
470 380
739 772
726 816
57 9
476 484
498 545
669 589
112 157
934 901
854 777
112 74
246 247
1 55
481 479
883 785
1051 958
763 680
417 393
900 944
573 596
601 619
588 611
900 852
327 283
199 299
847 766
240 312
862 826
635 726
680 733
806 805
767 679
495 403
870 964
259 337
476 541
512 478
467 369
1001 946
798 821
819 833
835 837
502 490
119 37
652 594
82 129
242 258
215 246
291 362
687 755
550 504
1 71
249 177
203 176
865 803
189 237
758 677
90 33
188 115
621 597
807 769
481 536
1031 956
349 341
222 184
260 234
551 569
245 216
631 537
183 84
873 810
656 657
5 33
137 159
579 520
656 668
373 287
232 229
352 374
428 474
598 672
943 915
582 511
120 123
573 569
218 199
347 396
628 715
1 59
642 610
959 917
983 927
186 270
60 117
513 516
143 215
234 216
290 237
597 615
452 499
521 477
837 760
267 285
20 56
1027 966
690 622
235 221
199 194
186 91
374 347
244 252
424 473
438 516
385 385
337 357
945 958
686 665
698 792
16 64
464 420
655 671
911 968
839 877
144 177
535 523
65 139
230 152
806 732
312 246
578 565
699 740
817 902
105 17
886 973
360 298
658 611
53 32
1 11
319 337
36 136
879 889
595 522
721 805
80 28
981 931
838 757
654 609
480 544
973 905
647 595
243 246
152 113
183 175
140 156
263 244
856 883
338 265
792 883
403 462
560 485
238 272
214 204
1011 984
453 409
330 398
819 909
469 370
882 882
279 214
811 766
82 35
341 421
271 271
397 370
876 848
128 50
1016 976
243 270
843 796
949 963
451 379
1091 991
594 551
867 897
353 307
471 421
100 74
401 388
591 559
884 980
607 615
651 681
209 231
133 207
741 818
372 331
950 979
403 445
419 348
780 724
345 401
618 646
766 668
335 242
288 302
795 861
777 830
117 77
541 441
499 589
1025 990
217 189
799 868
944 996
329 363
232 237
367 420
552 565
220 214
353 333
811 726
176 175
35 58
548 625
1 66
142 169
400 475
298 204
27 90
421 496
40 1
462 474
359 449
299 252
395 332
382 287
206 189
980 889
1 63
285 378
109 206
813 897
219 230
361 382
601 575
155 60
442 529
405 477
253 290
57 89
894 961
548 461
763 702
542 532
704 680
44 53
545 642
1018 1000
803 891
730 822
59 152
423 324
590 633
266 267
325 381
307 272
422 506
403 419
524 461
613 526
1033 978
403 468
820 729
777 795
631 581
298 383
302 226
505 421
461 386
351 273
556 484
638 676
152 107
236 229
831 902
882 962
38 105
100 84
1006 991
661 701
596 689
748 655
528 600
587 538
492 499
783 881
1017 981
546 473
368 383
618 679
662 573
563 589
553 480
161 145
612 624
926 923
972 915
249 232
948 974
662 735
735 678
682 640
722 644
146 212
75 123
276 253
890 943
1 18
1007 916
302 327
607 640
646 615
488 470
565 655
239 288
448 401
906 840
564 633
647 707
339 424
757 682
213 194
829 855
229 190
703 728
257 178
255 275
123 88
321 367
517 544
768 738
1040 963
439 460
282 266
739 727
128 33
471 442
714 628
467 384
298 244
411 482
760 765
435 446
245 247
865 913
658 560
457 528
694 594
882 935
415 462
555 621
705 660
525 564
276 302
871 936
582 592
639 724
181 118
200 299
201 251
35 129
5 96
85 167
239 169
359 381
948 976
771 767
804 837
457 407
284 203
485 387
803 735
629 706
358 335
13 40
808 821
68 131
96 159
956 978
101 53
767 849
577 478
1 19
278 230
388 453
318 336
847 931
592 588
494 449
615 566
9800 6361
8745 8846
9425 8667
5071 7876
9365 7260
7750 8851
9342 9512
8739 8685
9694 7917
6004 6009
7820 7932
8757 8036
6225 9765
5742 7281
8334 5582
7861 5607
9096 8603
8355 6728
5218 6342
7123 7270
7985 9758
9312 6785
6850 9775
8376 5841
6177 8915
9106 5518
8402 9200
6035 5796
6393 9806
7098 7071
7398 7119
5322 6921
8525 7107
5899 6855
5130 7919
9206 6008
5501 5241
6550 7771
8917 6877
6311 9212
7075 9612
7608 5194
7945 8851
6089 9616
6395 5216
5682 8148
8218 5092
7553 8663
9985 6929
9180 5542
7842 5345
5259 8406
6522 6254
5563 9971
5574 7115
5871 8079
8146 6221
8448 8824
9073 7285
5426 9124
5433 7774
7379 5199
6405 5190
5184 9832
5944 8881
7171 8636
5268 5653
7257 6156
9702 8452
8796 8216
9327 7459
7552 8352
8344 6807
6684 7030
9608 6892
8532 6900
6781 5312
9111 5764
9887 8449
7774 6961
8647 8880
7976 8413
7614 7327
9692 6774
5156 6055
6637 5042
9061 9351
7478 8102
7162 6714
7511 8009
6432 9851
5146 7190
8992 9819
7440 6071
5889 7972
9500 6361
5795 7779
7189 6522
7641 9867
9597 6752
6236 8017
7083 6083
5409 8720
8712 9534
6625 8830
5765 9991
8527 5806
5969 9596
5194 9196
7428 6990
9771 8568
6329 7895
5325 5391
9439 9573
5159 7159
6944 7520
5693 9522
7705 7613
6258 7086
8153 8534
7040 9577
5836 5690
8092 8586
5702 5508
5793 6363
6141 8861
8362 8319
5023 8649
8648 7749
5584 8396
6189 6519
5021 9410
9112 9839
6419 7860
7643 8041
6721 6257
7617 8515
5937 6370
9422 6160
7555 6900
8619 7837
6832 8675
8938 5101
8767 7178
9593 7004
9726 7521
5319 9480
5859 8000
8599 5887
8599 5259
8111 9800
9471 6011
8255 7625
5804 8912
7872 9620
7433 8590
8481 8791
9928 7355
8138 9613
6621 8460
6521 9889
9003 7893
7370 9571
6750 6853
9934 8509
7055 9347
8002 8896
6247 8589
5689 9404
8055 6642
6379 7811
9588 6448
5120 8766
9874 7835
5348 9027
5110 5155
9626 6183
6534 9077
7251 8268
7542 7894
5874 8578
8421 9148
5357 8064
6769 8426
9494 8978
6795 7911
9757 5769
9235 6994
7959 6936
8629 8168
8484 7183
6497 5886
5443 8574
5657 9648
7399 9095
8298 5940
8906 6903
9671 7004
5835 6776
5296 5947
7463 9755
9607 5363
9515 6363
8703 5049
8163 5520
7945 6669
9525 8980
7827 5279
9759 5417
6625 5600
9058 9387
9702 9754
5072 5637
7003 9008
5963 8058
5606 8498
9241 6488
6371 9366
5581 8319
8866 9434
9353 5938
6397 9154
8587 5825
9865 5718
6520 6106
7831 5645
9450 8793
6123 7898
9972 8753
8084 7952
9134 5121
6590 9168
9457 9959
6502 7283
7127 9270
7161 9549
6629 8917
6219 9867
9439 7612
7200 5513
6352 5738
9132 6522
5283 9698
7795 8914
9088 7554
6761 9105
7667 9364
7551 6498
9928 5092
6184 7315
5271 9389
8159 9330
8164 7672
9859 5052
7941 6167
7543 5342
6628 8231
8305 9204
7579 5314
9736 8204
9763 6976
7203 6284
8993 8645
5179 8111
6920 5679
6771 6704
7326 6146
6005 9987
8353 7040
7183 9159
5871 8824
6875 7419
7706 8631
9858 5899
9662 9674
7876 6547
8753 5634
9444 8406
8268 5848
7264 7784
7249 9696
6460 5709
5042 5917
5980 7278
7771 7109
5449 5509
8103 8004
8664 8042
9101 5191
9789 9090
9809 5546
6678 5623
7768 6486
6059 6331
8383 6954
7003 6737
8780 5527
6403 8342
7338 9933
6325 5144
7559 9462
6060 9559
5338 6732
9563 6728
6010 9018
9135 7448
7186 5279
8237 8124
5235 7795
8403 6287
5569 7918
8807 7632
8509 9961
7740 8271
9052 5772
8491 9123
8188 8181
6685 9404
8688 8280
7539 5293
7579 8049
6444 6729
6591 8689
7503 9131
9381 6332
6623 9755
9057 6358
5984 6711
5014 8019
8954 7969
6247 8801
5336 6358
8599 6837
8413 6821
7249 5651
9042 5281
8773 6916
9612 8505
6502 6830
9565 8869
5470 8520
8236 6323
8898 6262
8175 9440
5715 8853
7896 7704
5085 8749
7100 7983
6346 7885
7592 8678
6338 9616
8411 9320
5027 6098
8353 8922
7602 9714
9463 7003
7806 8204
8364 8230
6038 5109
5552 6233
6409 7020
9956 8444
8476 6646
8137 6323
8036 6661
5984 5491
6870 8185
9832 9818
9519 9359
7454 7661
9215 6348
6578 8732
9686 9048
8772 5459
7038 7014
6041 8587
5242 5303
6573 7815
5533 6467
7002 8679
6760 5062
5704 9248
9432 6429
6923 7158
8130 6551
9721 6688
6451 7483
6308 6785
9179 8140
9088 6569
9993 8446
9464 8118
5454 6261
6733 5454
6437 7621
7076 6843
5350 6346
5955 7394
9257 9875
9388 8234
6892 6903
5491 5007
6880 7680
6030 6446
9550 9027
7533 7782
5901 5994
5505 6644
7321 7743
7334 8851
6138 9266
9861 8319
5042 7302
5013 5207
8058 5734
9208 8538
6855 6397
8005 7772
7035 8666
7836 6604
9854 8532
8534 8774
8427 8667
8301 7561
7535 6123
9166 5292
9414 5742
9103 5066
7954 5204
5720 6624
8911 5310
7771 9062
7148 6341
9442 9162
6005 9975
8952 7946
9586 7217
5213 8077
7500 9974
6342 6144
7935 9015
9835 9257
6597 8392
8303 8476
6082 5637
6036 9338
6533 9617
9529 7339
6272 8599
6104 9876
9350 9345
6275 6157
5255 6116
7648 9422
6484 8682
9809 9690
6877 8804
7525 6926
6988 5190
8761 8679
6382 6369
9469 6206
8295 9350
6107 7489
7661 7864
8721 8596
8868 9567
6906 6703
6681 8077
7260 5400
9287 6102
5909 8645
6568 9697
6370 7377
6026 9483
5986 9832
7104 7136
9103 6848
9423 8457
9129 7416
8620 6821
5601 6108
8743 6453
6053 7052
9641 7907
5240 6291
6940 8863
9506 9390
5215 6366
5612 9343
8719 8819
7633 5520
7283 9702
9463 7531
5198 6363
6724 8466
5117 5944
8254 5497
9491 6583
9979 8500
8296 7366
8471 9625
8473 9760
7310 9158
5019 6982
5145 7024
8518 8389
5156 9130
9048 8122
9117 9354
7920 6130
8664 9623
9665 5358
6668 7030
5854 5926
6348 6529
8907 8524
7175 5343
7009 9172
9538 6749
6806 6360
8586 6638
5659 8179
8232 5228
5315 5687
8788 7366
6282 9506
6226 7109
8065 9109
9139 9835
6521 8720
7971 6000
7923 6413
7569 7201
9419 6233
6490 8020
5464 6283
7630 6070
7049 7521
8784 7811
7174 8621
8315 8638
7772 9656
8386 5377
5328 8910
6622 7126
7272 5725
5938 6902
6399 7910
5905 7067
9333 7824
8364 7669
6131 5761
8654 6681
9918 8776
7023 8930
5360 9025
5804 6075
5794 5043
7170 9078
6316 6572
9164 6203
9857 6079
6474 5279
5492 8817
7352 8038
9442 8742
9757 8345
6330 9984
8297 5316
7983 9915
8837 7103
5467 8932
8718 5044
7614 7560
8167 8613
8713 5059
7079 9232
6148 8831
5581 5443
8033 6065
8332 7330
7554 5338
8002 7464
8014 5731
5725 6671
6232 6251
8818 8242
6996 5558
9106 7828
9819 5591
7141 5896
7123 8476
8874 7243
5134 8275
8194 7639
5350 8122
9589 6899
8106 8921
8770 6650
7102 6876
9134 9221
9438 7156
7474 8122
6499 7528
5380 9785
9949 8569
6436 9312
6641 9436
6774 7106
7102 9939
9027 9327
6212 7020
9206 9912
8939 9820
7830 5684
7141 8154
7986 6928
6574 7566
6222 5304
6974 9953
9049 8931
6293 6807
5490 5400
9316 9314
6766 5101
7255 8912
8702 9920
6460 6035
7703 8174
6137 9181
7472 7684
9838 8093
7293 6100
9753 5157
8869 8752
9255 5874
9055 8490
7090 9655
6872 8278
6019 6989
5080 7718
8275 5492
5725 7108
5446 5086
6003 9465
6877 5565
6609 6364
9311 7319
7705 7499
9222 8969
7248 9750
6768 5091
5341 7753
6277 7020
9647 5228
8909 8923
7341 8827
5056 7821
8085 5162
5080 8630
8908 9779
9061 9662
9721 7362
6333 6394
7771 6152
8234 9962
6227 6200
6475 5849
7970 7082
9948 5660
5108 9924
6630 5222
6518 6240
6674 8966
6606 9865
7901 6434
6015 7510
7068 9051
9625 9304
7169 6333
8141 7718
5884 9237
5503 5146
9525 9413
8815 8895
8491 6807
7876 6193
9042 8083
6432 8988
5181 6784
7960 6126
8289 6250
9590 5286
8623 9069
8593 6079
9427 6608
5357 7332
9740 8950
5721 7878
6469 7114
5161 5734
9997 7343
8669 8587
6950 5936
8180 9670
9578 7860
5769 9167
9988 7165
7139 7426
6743 7725
9959 5027
6287 6619
8078 5516
7139 9216
5257 9444
8257 6299
7302 9633
9218 5050
5764 5170
9423 7941
7428 5899
5816 5277
7635 9416
8434 7014
9440 8750
7393 9020
6799 8554
7875 9838
9655 6021
9432 9345
5517 9405
7860 8228
7431 6327
8040 8622
8548 7081
8429 8928
5454 5417
8712 9140
8860 8280
6937 5576
5868 7725
8015 7667
6467 9111
9886 5043
5263 8130
8739 6127
8530 5546
9235 6410
7017 6183
7471 5690
8367 5367
9129 5733
8374 6026
8871 8615
8207 5588
6722 6904
9245 9012
8051 7086
5148 6515
6843 9358
5965 9346
8177 9451
5843 5855
8415 7698
7116 9233
8990 8586
7689 6424
9373 7577
8185 6283
9253 5022
9471 8421
7852 7246
6564 6989
8949 8647
9656 6370
5456 6282
7982 5247
6090 5022
6750 7153
9798 5674
9631 5496
7937 8207
9916 6428
8929 6126
6614 6979
8161 7564
9840 8141
9581 6095
8537 8944
9855 7117
6146 5610
7924 6723
7728 8225
9957 5069
6599 7860
5201 6449
5879 6735
6032 8955
5278 8545
8265 6372
8939 8881
9907 5884
8032 7167
7777 9493
9464 8914
6794 9279
9280 9224
6353 7632
8880 7860
7746 7226
7372 8846
5948 9692
8624 8607
5039 6245
5898 5759
6598 9775
7820 9601
6269 8815
5754 6231
9688 5512
8345 7090
6867 9921
8030 9930
6661 5070
7710 9485
8632 7865
6417 7569
6678 9974
9885 6715
6239 7151
9219 5959
7759 6135
5688 6772
9448 5922
7211 9815
8985 9146
7301 5280
9323 5440
6744 5932
9124 7836
6205 8471
5473 9137
9362 7169
5554 9534
8809 7980
5459 5939
5253 5280
8453 6721
6623 8473
9404 9343
6051 5375
8000 7274
7139 7892
8856 7131
8812 5354
6113 8354
5610 6414
7599 5013
5352 5261
7340 8424
8978 5081
5529 5579
7799 7207
9188 6428
7400 7998
5529 6619
8735 6849
5355 9642
9092 5167
7544 9160
5742 8341
5989 8255
7977 5697
5485 9081
6671 5444
8163 7548
8742 8177
6658 5626
8364 8790
6614 8065
8514 5707
7524 7601
8040 6855
6155 8121
5499 5418
9560 8095
8228 7406
7123 7195
9700 6758
7290 5657
6821 5029
7999 9654
5739 8702
9856 5665
7265 6951
5084 8672
9124 8575
8135 6988
6737 9717
9225 7230
8261 5992
6949 6567
5063 6016
7594 8430
8471 6956
8097 8387
9948 6976
6343 5006
9759 5380
7850 6580
6542 6794
7488 5072
7514 8715
8044 9422
7730 6074
5562 6146
5003 5030
9595 7206
8166 8469
6568 9882
7388 6173
9848 9904
8534 6959
8896 8540
8669 6669
5122 7546
9160 6332
9682 7832
7092 5077
7005 8782
6339 6587
8059 8780
9801 6197
8303 6099
7607 5704
8294 5713
5536 8008
5911 6886
6447 9896
7132 7672
7841 8006
6033 6750
7817 7827
6732 7927
8372 5276
5780 8424
9683 7852
6120 5238
7551 8814
9804 6862
9118 9513
7669 7555
6086 7827
9068 8880
6117 5750
9378 8785
9601 8662
8472 6306
8436 9157
8147 6444
9018 9800
8986 6545
8644 7667
5041 6529
9327 7893
6645 5733
9567 7682
9006 6671
6527 8346
9450 8380
7189 9817
6416 6528
6528 8144
8031 7145
8663 6136
6234 7246
7387 6209
7388 8056
7537 5613
5468 6932
9305 7775
8858 8431
7998 6585
6097 6038
6971 8509
5289 5867
6600 7579
5884 7328
9757 8440
5705 8154
9868 9268
8204 6481
5252 6813
8179 5802
8501 9197
5064 7440
5543 5349
9093 9562
6170 7893
