2000 697000
482 485
257 326
286 248
517 421
404 322
713 795
45 43
924 845
873 955
160 252
1 9
838 901
40 122
58 94
676 738
627 574
766 715
862 882
405 367
923 984
379 299
461 433
612 682
133 72
813 874
97 138
908 856
165 145
996 995
623 529
220 199
298 277
157 97
723 719
144 242
48 107
129 122
148 70
35 98
644 600
632 645
272 267
1040 972
977 895
312 213
778 748
567 487
965 923
1 29
616 674
569 540
628 554
493 467
76 46
733 710
575 553
288 191
775 724
723 730
912 988
64 90
354 340
565 549
210 196
922 865
775 678
566 570
934 936
626 722
742 651
194 123
485 431
483 508
617 585
876 853
653 642
896 992
652 725
220 286
727 812
900 859
563 663
56 88
157 179
280 187
537 619
284 261
920 846
124 192
239 261
459 514
931 886
504 530
910 849
382 294
795 799
485 391
351 330
289 298
865 790
250 275
738 826
75 72
788 866
947 951
651 748
595 685
993 956
663 564
265 183
338 400
637 721
206 207
328 323
618 611
64 116
139 109
806 795
412 343
912 862
715 685
1 10
929 881
1025 984
410 403
273 360
507 449
450 541
174 272
882 877
427 359
787 707
355 308
734 770
1 30
248 208
397 311
159 100
874 939
449 422
857 785
286 370
976 989
908 969
103 143
1071 972
1 28
117 61
697 638
424 348
439 347
74 66
442 391
568 638
195 295
854 826
281 196
433 449
845 855
224 143
487 487
181 140
496 564
690 615
124 135
575 564
374 360
766 793
149 163
776 859
793 760
674 711
696 662
90 159
732 660
214 268
935 948
228 315
619 676
349 341
734 689
964 894
644 706
484 490
491 478
628 671
1009 932
944 899
315 237
92 187
554 472
757 772
88 98
952 906
818 911
628 635
316 225
818 823
255 164
432 343
763 732
490 502
721 740
587 576
530 612
992 902
491 454
343 411
880 973
645 703
761 850
152 77
241 220
727 802
352 403
246 181
1 10
479 525
958 919
749 668
551 527
538 462
319 291
580 605
501 457
487 405
349 417
252 279
731 685
637 596
339 307
257 224
271 322
740 840
1002 975
404 401
190 91
254 327
277 330
100 182
648 603
810 793
535 615
702 733
855 864
76 16
773 863
917 987
279 306
123 34
922 840
613 700
658 706
705 787
101 105
807 834
883 798
358 310
634 609
786 690
618 561
644 579
141 60
466 388
340 309
495 407
283 200
352 313
886 970
95 33
291 273
217 277
1007 997
1 40
219 227
764 860
1025 940
600 608
895 990
690 590
738 806
1 52
772 801
727 764
774 710
340 386
503 593
1 50
432 494
228 156
993 936
1058 965
130 86
821 723
189 184
943 868
343 340
404 412
560 487
196 209
418 346
782 860
314 307
59 95
778 821
979 941
828 821
584 587
122 201
741 665
566 527
760 812
385 424
395 459
250 343
789 836
492 506
261 179
914 916
380 430
537 596
731 808
361 269
473 512
737 811
708 685
635 567
804 776
827 855
695 718
756 853
57 97
178 146
688 746
1 15
871 965
415 512
510 480
1057 958
764 665
193 191
905 964
583 515
696 606
887 822
444 536
741 693
12 19
313 335
81 101
828 922
354 294
981 910
499 410
283 250
545 546
635 729
540 609
689 720
946 976
730 759
703 798
14 74
644 648
241 299
793 785
912 846
461 390
801 897
424 416
744 837
272 247
338 293
193 144
987 938
432 467
505 480
944 955
653 665
38 26
468 564
461 449
1 26
576 521
329 301
274 321
701 613
432 388
851 879
915 990
137 188
927 963
903 820
373 300
770 822
160 255
285 277
231 153
366 400
317 227
423 518
420 447
216 315
772 813
271 324
566 502
243 299
725 780
390 376
491 516
225 212
392 329
781 810
434 486
535 485
368 416
938 952
946 894
353 358
1 21
707 647
143 44
630 683
364 361
822 814
147 231
54 8
91 165
431 496
606 699
917 852
553 459
473 535
222 314
954 944
369 306
413 459
717 637
491 447
447 408
44 107
994 962
518 565
448 407
931 857
369 317
181 98
815 818
655 600
267 288
960 902
611 567
271 190
771 749
993 908
359 276
810 748
563 592
360 393
264 363
199 163
1074 983
131 179
41 16
423 478
197 259
779 868
344 295
536 596
140 71
669 622
938 864
715 644
67 5
321 365
434 429
19 64
928 854
759 770
178 88
160 157
277 368
467 421
653 719
330 271
966 975
817 816
1045 962
508 535
492 438
743 696
884 881
259 318
56 45
1 52
421 496
270 313
99 138
429 334
1004 988
512 508
702 770
657 751
862 780
516 441
246 207
592 516
641 674
390 408
831 920
522 573
611 634
825 878
929 990
734 826
718 696
883 800
355 411
426 422
668 707
235 334
1080 986
397 494
137 150
648 562
342 380
799 832
1067 979
313 376
452 511
441 414
214 160
1059 982
260 238
579 490
897 899
316 251
526 526
909 897
139 39
634 657
384 452
577 538
840 831
509 460
262 185
934 934
513 440
556 490
97 168
107 71
937 977
370 458
193 204
802 803
134 139
390 399
439 420
1034 991
636 578
1008 972
191 177
429 398
445 348
483 496
347 276
769 825
540 614
212 121
789 730
317 341
381 284
714 698
24 17
570 546
771 672
1052 974
776 866
290 377
470 559
367 340
626 527
879 779
688 761
553 483
112 92
440 390
510 583
741 661
473 391
289 336
574 661
85 125
36 89
362 275
310 359
129 178
763 780
31 42
69 5
470 380
739 772
726 816
57 9
476 484
498 545
669 589
112 157
934 901
854 777
112 74
246 247
1 55
481 479
883 785
1051 958
763 680
417 393
900 944
573 596
601 619
588 611
900 852
327 283
199 299
847 766
240 312
862 826
635 726
680 733
806 805
767 679
495 403
870 964
259 337
476 541
512 478
467 369
1001 946
798 821
819 833
835 837
502 490
119 37
652 594
82 129
242 258
215 246
291 362
687 755
550 504
1 71
249 177
203 176
865 803
189 237
758 677
90 33
188 115
621 597
807 769
481 536
1031 956
349 341
222 184
260 234
551 569
245 216
631 537
183 84
873 810
656 657
5 33
137 159
579 520
656 668
373 287
232 229
352 374
428 474
598 672
943 915
582 511
120 123
573 569
218 199
347 396
628 715
1 59
642 610
959 917
983 927
186 270
60 117
513 516
143 215
234 216
290 237
597 615
452 499
521 477
837 760
267 285
20 56
1027 966
690 622
235 221
199 194
186 91
374 347
244 252
424 473
438 516
385 385
337 357
945 958
686 665
698 792
16 64
464 420
655 671
911 968
839 877
144 177
535 523
65 139
230 152
806 732
312 246
578 565
699 740
817 902
105 17
886 973
360 298
658 611
53 32
1 11
319 337
36 136
879 889
595 522
721 805
80 28
981 931
838 757
654 609
480 544
973 905
647 595
243 246
152 113
183 175
140 156
263 244
856 883
338 265
792 883
403 462
560 485
238 272
214 204
1011 984
453 409
330 398
819 909
469 370
882 882
279 214
811 766
82 35
341 421
271 271
397 370
876 848
128 50
1016 976
243 270
843 796
949 963
451 379
1091 991
594 551
867 897
353 307
471 421
100 74
401 388
591 559
884 980
607 615
651 681
209 231
133 207
741 818
372 331
950 979
403 445
419 348
780 724
345 401
618 646
766 668
335 242
288 302
795 861
777 830
117 77
541 441
499 589
1025 990
217 189
799 868
944 996
329 363
232 237
367 420
552 565
220 214
353 333
811 726
176 175
35 58
548 625
1 66
142 169
400 475
298 204
27 90
421 496
40 1
462 474
359 449
299 252
395 332
382 287
206 189
980 889
1 63
285 378
109 206
813 897
219 230
361 382
601 575
155 60
442 529
405 477
253 290
57 89
894 961
548 461
763 702
542 532
704 680
44 53
545 642
1018 1000
803 891
730 822
59 152
423 324
590 633
266 267
325 381
307 272
422 506
403 419
524 461
613 526
1033 978
403 468
820 729
777 795
631 581
298 383
302 226
505 421
461 386
351 273
556 484
638 676
152 107
236 229
831 902
882 962
38 105
100 84
1006 991
661 701
596 689
748 655
528 600
587 538
492 499
783 881
1017 981
546 473
368 383
618 679
662 573
563 589
553 480
161 145
612 624
926 923
972 915
249 232
948 974
662 735
735 678
682 640
722 644
146 212
75 123
276 253
890 943
1 18
1007 916
302 327
607 640
646 615
488 470
565 655
239 288
448 401
906 840
564 633
647 707
339 424
757 682
213 194
829 855
229 190
703 728
257 178
255 275
123 88
321 367
517 544
768 738
1040 963
439 460
282 266
739 727
128 33
471 442
714 628
467 384
298 244
411 482
760 765
435 446
245 247
865 913
658 560
457 528
694 594
882 935
415 462
555 621
705 660
525 564
276 302
871 936
582 592
639 724
181 118
200 299
201 251
35 129
5 96
85 167
239 169
359 381
948 976
771 767
804 837
457 407
284 203
485 387
803 735
629 706
358 335
13 40
808 821
68 131
96 159
956 978
101 53
767 849
577 478
1 19
278 230
388 453
318 336
847 931
592 588
494 449
615 566
265 272
806 883
754 731
94 80
113 213
203 177
896 872
712 626
1000 940
69 150
279 379
847 833
509 517
686 724
946 973
652 581
872 839
237 272
314 412
789 839
440 492
526 553
714 718
791 738
816 839
385 390
557 588
562 523
715 630
815 770
752 746
1 49
280 369
498 537
116 115
155 215
872 971
572 602
551 551
1 40
399 494
306 252
153 158
81 72
84 177
755 667
504 483
724 815
94 19
725 745
266 339
660 614
263 302
341 319
635 670
519 513
647 566
24 27
259 322
707 645
162 210
925 841
830 925
600 521
931 975
177 269
862 929
437 478
918 970
737 684
227 231
595 673
343 348
194 232
683 727
616 597
401 397
608 539
923 907
928 892
731 699
435 408
265 361
828 789
583 529
275 190
812 880
212 236
659 715
725 718
348 439
774 814
845 902
593 658
393 410
511 412
5 90
689 678
916 951
120 37
624 593
781 737
174 211
156 134
769 847
433 490
57 95
389 435
822 737
760 860
360 310
545 548
991 984
669 660
142 86
707 635
935 941
156 56
357 372
630 650
1041 964
734 735
730 682
166 151
223 283
834 773
648 643
918 898
781 817
362 269
760 731
454 507
853 841
294 207
779 752
407 318
86 126
182 153
49 101
623 560
786 743
765 816
981 980
29 1
69 82
914 886
448 377
476 465
752 753
847 842
609 547
660 580
700 754
1 37
616 548
963 896
735 656
615 537
143 78
582 540
525 597
253 314
877 845
321 361
988 930
562 654
866 841
754 810
193 98
846 814
977 898
220 237
310 236
375 397
512 468
112 160
176 168
262 189
123 123
826 783
1063 991
839 775
505 565
838 906
680 604
229 233
759 693
188 209
241 279
166 231
773 675
324 370
777 814
285 276
200 238
663 710
916 931
833 879
433 492
168 81
386 347
360 417
612 582
755 801
282 195
474 403
215 247
351 356
571 627
838 858
722 803
277 236
521 572
585 485
526 586
808 748
291 235
838 859
793 788
394 345
801 861
395 342
783 779
555 595
910 963
195 260
315 366
796 835
687 733
808 834
357 442
690 773
974 880
928 873
722 793
164 173
394 402
38 60
688 628
1 19
146 146
741 685
88 138
636 593
265 202
590 500
66 89
508 433
133 63
494 514
785 865
433 393
364 269
129 111
659 614
330 272
950 973
673 609
285 236
493 496
120 24
795 871
186 227
391 420
933 850
112 127
186 170
190 224
714 722
267 189
548 597
346 286
1 22
958 957
576 536
311 221
292 281
261 238
622 531
472 449
714 735
575 670
667 646
297 272
546 605
390 394
595 508
570 537
893 955
408 477
947 969
697 692
896 963
914 829
623 638
122 206
229 185
210 187
36 129
266 300
207 114
391 305
174 199
897 916
802 839
966 899
464 452
163 185
552 561
825 848
167 191
864 830
885 860
952 873
574 649
632 591
915 974
1037 974
471 452
364 397
331 350
671 597
34 13
405 392
273 343
844 756
438 387
888 924
174 188
1 68
581 552
112 166
406 435
3 14
782 797
186 254
228 300
483 431
346 367
220 197
237 233
249 149
51 62
1 38
106 69
430 425
855 810
834 878
484 503
240 308
781 798
394 437
805 798
23 36
527 583
418 412
182 195
783 878
347 388
478 438
435 532
18 3
332 268
373 417
282 277
273 229
486 445
358 380
884 974
329 248
491 433
1039 1000
781 874
889 939
813 760
538 473
721 811
810 766
236 306
558 556
527 521
377 364
467 460
230 136
537 458
839 784
623 648
693 783
922 960
42 137
524 591
845 875
503 440
310 263
91 40
916 835
863 943
726 749
214 263
621 597
59 5
1029 999
118 161
1 35
933 891
377 459
926 996
675 592
1 54
1080 985
444 401
259 298
383 459
144 77
617 611
169 159
392 467
821 737
887 895
135 49
482 382
347 285
326 388
1048 972
353 265
691 729
822 810
1056 973
867 818
349 295
566 532
126 58
758 736
113 187
923 896
1063 998
914 997
564 476
221 259
536 475
465 494
124 130
222 151
669 639
774 855
565 480
431 478
471 386
602 672
371 361
821 894
447 460
122 148
749 660
706 628
367 329
898 975
17 1
584 507
815 750
53 109
878 915
735 700
38 75
880 896
233 229
1 85
147 144
595 536
841 919
584 516
425 473
1 25
1 25
682 611
22 44
798 722
954 980
615 563
585 672
976 914
448 541
917 882
178 142
346 259
113 35
641 543
652 689
819 721
235 142
509 530
602 503
519 450
305 248
608 599
911 919
546 636
205 181
799 873
112 154
440 427
669 604
313 313
441 363
601 594
815 813
898 829
133 49
808 791
463 554
471 499
215 226
325 345
402 432
671 758
113 64
933 843
585 637
945 941
891 965
502 448
798 857
982 968
258 351
691 758
307 351
901 980
670 662
338 357
921 914
642 548
793 723
1 23
214 170
326 351
35 113
755 783
747 766
497 527
233 206
551 644
348 258
921 861
675 728
122 69
173 128
397 392
81 145
112 51
179 112
245 253
300 340
1027 932
832 817
970 965
493 480
633 724
812 839
549 500
726 746
767 811
450 373
641 605
351 252
162 172
388 394
229 177
84 98
325 377
518 486
792 855
382 290
146 130
426 355
885 842
255 233
81 101
671 686
676 736
844 930
748 700
92 69
696 607
949 879
904 916
1037 960
345 408
681 679
130 138
123 185
684 782
9 49
464 453
551 630
364 429
845 853
450 545
645 651
853 765
155 159
1007 1000
120 179
743 717
816 885
71 32
833 838
148 186
486 470
270 185
836 921
385 376
954 986
852 934
90 171
552 645
1 46
762 681
1 43
231 234
99 103
536 496
486 389
945 931
639 579
164 132
966 908
679 772
736 677
425 343
714 703
134 139
337 344
418 387
840 909
471 539
361 304
745 655
374 378
153 92
841 862
428 411
420 362
383 397
331 290
182 152
687 611
188 173
226 137
982 946
432 365
410 475
971 982
832 920
710 802
1 66
711 778
715 744
535 464
399 313
401 341
620 685
339 331
150 85
741 676
89 91
535 534
229 166
124 51
970 966
849 841
558 625
173 114
1 16
29 113
800 826
581 506
794 738
657 564
364 455
711 735
283 264
526 548
717 738
900 853
557 575
495 569
316 365
599 620
340 264
144 193
1 21
285 373
168 84
167 250
190 288
86 132
180 151
337 419
522 521
907 974
601 655
690 648
830 737
398 298
227 187
1017 981
870 965
979 954
149 166
330 248
655 636
565 560
624 563
11 24
813 896
821 803
1 16
291 274
809 714
406 449
192 229
188 280
494 423
769 868
115 124
945 970
312 231
859 935
809 808
61 23
110 210
149 88
192 151
742 770
600 555
580 613
771 866
230 223
258 303
383 305
312 306
951 900
962 964
467 397
966 898
63 59
571 628
182 225
473 537
624 612
619 633
275 314
551 478
1071 981
868 904
776 819
187 108
245 179
196 152
686 598
321 349
100 80
796 762
292 314
417 513
293 205
510 584
731 652
983 894
149 198
220 143
601 671
304 302
575 611
631 631
533 526
533 526
439 403
141 231
794 830
242 283
772 864
728 755
62 159
141 220
454 447
892 800
880 833
804 805
724 791
499 412
850 857
476 408
859 895
313 360
874 827
875 971
909 961
431 519
432 335
329 238
935 883
204 222
827 886
764 708
376 475
933 876
69 123
76 127
310 384
798 745
311 284
388 429
776 685
593 512
577 503
576 599
925 983
439 462
1064 992
236 270
393 491
267 282
766 831
146 167
28 115
579 661
539 564
902 934
527 608
586 513
1 53
725 659
706 646
120 164
752 763
828 825
887 949
321 355
775 811
188 164
766 851
253 289
483 392
130 224
419 460
886 903
440 347
579 638
45 101
666 587
736 797
792 881
219 210
194 243
938 969
225 298
161 253
576 593
439 453
663 657
172 72
225 222
402 319
1 61
750 694
448 384
739 801
218 136
522 536
1012 958
557 647
610 526
1 28
999 904
484 509
922 884
539 565
635 601
417 323
615 522
149 192
66 103
483 451
903 867
555 602
874 783
346 311
1027 994
187 172
1 51
332 389
193 237
796 721
561 597
417 492
248 331
358 380
190 259
653 726
54 55
496 501
395 459
729 790
1 4
715 634
170 117
666 601
711 808
457 544
504 542
598 590
829 827
864 817
657 617
1 32
815 879
593 692
709 685
90 88
820 911
553 546
528 580
948 997
1018 937
1069 988
433 351
563 661
617 630
367 360
897 908
263 203
545 479
270 251
212 162
967 905
227 167
779 862
346 369
86 181
684 765
291 251
992 909
712 645
664 568
896 847
547 538
466 540
193 99
438 423
323 246
88 165
549 544
120 52
218 131
273 372
500 471
651 625
696 684
432 378
542 534
46 73
458 540
639 671
207 127
507 412
1067 972
825 823
716 663
755 784
608 588
514 496
209 170
133 153
209 199
216 152
355 258
208 283
305 289
616 608
428 463
157 180
404 329
271 221
266 294
119 125
534 625
376 427
712 796
131 151
883 867
214 122
416 370
752 840
41 115
806 875
947 912
163 85
958 969
734 714
8772 7311
6347 7304
8360 8553
9260 8078
9566 8187
8309 6044
9977 5938
9437 6281
5111 8344
5574 7715
6524 8917
6832 8799
9705 8465
5383 9718
9840 7423
5228 5974
8532 6430
5170 9267
8430 5519
9056 8858
8697 6970
6404 5121
8127 7711
7535 5163
5887 8009
9608 6750
6043 5017
5995 9254
5794 7304
6641 7043
8121 8021
8159 7281
9223 8198
8042 5265
6864 5002
5910 9240
8546 6225
5585 8201
9488 6063
9341 9041
5551 9103
7900 8397
8735 5556
9922 8671
7580 9172
9242 5975
9127 6895
8135 9739
9554 8099
8049 5986
8398 8611
7179 8288
5628 7363
9120 9035
8217 8932
6304 7788
6954 9946
5800 9179
6513 7386
7461 5306
5711 5158
6235 9707
7850 8181
8339 7367
5745 5711
6101 5254
8374 9003
9968 9584
6665 9052
7405 9762
6859 8840
7908 8906
9093 8600
9119 6103
6122 6369
7472 6244
8953 8713
7906 9784
5613 5517
9460 5462
8337 9078
7089 8645
9514 8984
6048 6695
7673 6492
5878 9340
5179 6458
8424 5760
9371 5897
6389 5720
9511 5923
7547 7715
7716 9981
6251 8771
7555 6282
5207 9643
9359 7645
9662 9252
8334 9182
6727 7838
5153 5170
6253 7977
5630 6904
9677 6493
9383 7533
7452 9375
8467 6068
9584 8679
7589 7278
9197 7151
6608 7441
9942 8761
5450 7396
9760 9197
9356 9058
8448 6694
6819 9909
5265 8941
5254 5736
5286 7013
6812 5022
8250 8296
7217 7193
6189 6057
9264 5669
5625 9042
9989 9237
6368 7124
5490 5666
8383 9667
9561 9753
6413 8241
8855 8642
5499 8140
6995 5256
8418 7535
7491 5881
9417 6387
8339 9555
8882 6080
7276 9434
6216 5217
8439 9135
9595 8735
8464 6116
8172 5800
5675 5780
9003 5984
6924 6365
9161 8690
8006 6288
7242 9794
8741 9069
6362 5261
6095 7861
6365 5155
5431 8210
8340 7121
7021 8528
7619 6651
6433 8568
6807 9960
9341 7060
9782 6980
8139 8917
7873 9895
8477 7888
9248 8985
6902 6103
6054 5065
6992 9333
8414 7825
5603 6405
6577 5848
8704 7491
9889 8886
8425 8978
6895 7715
6155 6837
5238 8058
5819 6656
7902 9655
5173 9810
8973 7316
7811 8954
9245 8180
9597 6402
9193 9996
5175 5318
7674 9234
9203 9369
8602 9230
5433 8972
6225 7729
5232 8174
9169 8384
9623 9125
8030 9418
8814 7502
9642 6231
5404 8245
9793 9299
6872 7502
5349 7858
7783 8347
8077 6100
9621 7000
7116 9458
6724 5562
7248 9998
7473 8167
6826 6272
7453 7360
6688 7517
9694 6413
6286 6584
6278 8505
8417 6797
7879 5168
5553 5344
8437 8300
7768 9379
8075 9882
5079 9283
6630 6830
7169 6025
7140 6885
8690 7186
9458 9608
6061 7749
5501 7105
9137 9507
8353 6202
7137 7449
6162 7452
7857 5642
6496 7795
8199 7059
9910 6521
5391 8967
6700 5586
8938 9348
8880 7991
6602 6869
9952 9586
7614 9772
5589 9621
6837 9008
9835 7689
8652 9306
8127 8884
6640 9715
7845 8726
8624 5402
6162 7340
8328 7391
5523 8431
5854 8067
8440 5135
8273 6546
7276 5067
9894 9074
6831 7975
7683 8347
8476 7676
7681 5915
9985 5131
6774 8146
9014 9983
9149 6483
7782 9166
8904 6123
6492 5091
6680 7826
8206 8236
8771 7766
5209 7926
6439 7206
5387 9178
7932 8454
7931 9485
7533 5266
5140 5188
6843 8818
8264 8480
6910 6768
9410 5684
8255 5208
5152 8670
8369 9584
8117 6409
8177 6166
5247 7382
9328 8016
7199 8915
7876 5574
7067 5973
9137 7211
9213 6193
8578 7647
7557 6287
9169 8203
8424 9371
6905 5194
5611 9638
6156 8196
5831 8940
5048 8617
5171 5199
5505 5198
9740 5469
5653 5077
5607 5093
7454 8703
9599 6627
8684 9725
9996 6432
9149 8256
7374 7791
5038 9840
5165 7496
5629 5640
5009 9536
9413 5094
7882 7529
5935 8433
6144 7414
9171 8306
7185 6082
5054 5589
5645 8022
7714 5467
6124 5150
9882 6646
7905 6941
5690 5806
6826 6033
5728 6353
5618 5168
8180 8165
7674 5116
6557 6690
5624 6330
5504 8582
8129 7716
9252 7194
5952 5313
6687 5612
6543 5844
5296 8190
8183 7812
9331 6662
5465 7109
5007 7029
5806 7585
5549 6464
5525 8352
8800 6138
5956 6405
5278 7065
8571 5860
9682 6661
9215 7020
7952 6708
9113 7935
5734 8375
5165 9338
6094 5552
5474 9839
7566 7889
9960 8348
8013 5165
9619 6873
8809 5651
8316 5595
8733 5589
5829 5604
7453 8123
5545 6544
9445 6928
9047 7456
6807 6320
7095 6010
6797 5278
7219 8622
9426 5057
6243 6800
8554 9761
5996 9233
8101 5389
7068 7892
5024 5820
9410 6650
7065 9661
5931 5951
8273 9206
5063 9957
7876 5819
6535 7529
7661 9691
7100 9155
8391 7844
8278 7549
5439 5529
9819 8837
8852 8228
7135 5771
8177 9378
7171 8655
5835 9932
6561 5553
6931 5179
6889 8607
8244 9135
7033 5687
6511 8305
6842 8503
7791 8774
7356 9099
9432 7783
8104 7094
8646 6226
8345 8685
9152 5460
7871 8004
5357 7964
5775 6405
7769 8318
5461 7136
5675 9359
9544 9197
9947 6204
7821 8947
8455 7003
5371 6981
7214 5582
9704 9149
8791 6673
6558 9899
9618 7080
5978 6981
5757 7599
8426 6414
7941 9012
5320 9312
8895 6156
7875 6724
8330 8881
5453 6186
5746 9871
5718 5531
9355 8432
9034 5639
9796 7722
9828 7925
9878 7425
6710 7730
5685 8280
9117 5912
7748 9784
7968 5426
8702 9320
8125 9296
6800 5407
7488 9400
8827 6446
9995 5934
6254 9714
6259 6298
6016 6831
8671 8892
7211 9851
7807 8295
6422 6826
5006 7576
7116 6365
7890 7366
6868 5623
9598 7294
5278 5130
7609 5296
6616 5505
5675 9522
7702 6760
6329 8487
5343 5713
5694 9543
7115 5789
5608 5154
7215 5694
6445 8144
7672 7308
8288 5921
9630 5486
7111 9141
9704 5764
7096 5769
9907 9963
6550 9197
7037 6112
8747 8052
7973 7773
8241 6543
8528 5978
7113 5054
7893 7666
5183 9896
5994 7516
9935 8658
5126 9102
8468 5776
6056 7232
6955 8649
9698 5049
7650 9102
6237 8686
5369 5030
9897 7859
9152 6250
6597 7421
5326 5820
5391 6905
7899 7442
8028 9059
5372 8293
5604 5574
5720 8711
6534 9807
9903 5670
8541 7457
5605 9325
9181 7082
9904 7816
8669 5534
7842 9258
5017 9928
6153 7177
7521 9372
5031 5514
7286 8840
8187 7767
5370 8671
9575 8132
7812 8584
6135 5901
9101 8200
6885 6208
8891 7433
8171 7841
6988 6138
7925 6846
8409 9147
9855 8480
9922 5030
7803 6637
6095 9878
7207 9167
8265 8853
7919 8867
5856 7318
9558 7636
5161 8951
9003 5366
9976 9151
9730 5647
9732 8172
5068 5184
6665 7019
6026 5563
9671 6893
8104 5097
7761 6126
7829 7961
8052 8448
7267 5121
8845 8248
9333 7330
6607 7639
9067 6844
8394 9599
6757 9542
7658 6102
6775 6368
5055 6592
6789 9165
8888 9309
9298 8944
7770 7510
5968 8821
5371 5065
8967 9493
5047 5175
5845 6667
5891 8621
5332 6445
9554 8314
9543 9583
5737 6358
6549 7817
5558 9807
6840 8328
9886 8182
7959 9254
5493 5840
6276 8062
9550 5531
6790 8749
7289 9574
5140 8008
5873 9716
7586 6016
7703 7868
6202 6064
5662 7253
8587 5456
5639 7584
6326 5984
7179 6617
5337 9456
6071 5232
6771 9227
7118 6700
7220 6677
9694 8273
6669 9003
9270 9629
5352 7917
8256 6629
8491 9931
9873 7008
5888 5629
9395 9030
5115 5560
6971 8724
5889 6301
7307 7538
9135 6209
5429 9612
6984 6722
6260 9451
9993 7167
5360 6622
6219 9752
7097 9767
6130 6907
5145 5071
7306 6476
6875 6610
8554 7225
8890 7643
8632 6971
9626 8163
9234 5193
6485 5923
5341 5334
7136 8377
5803 6461
8498 7471
6321 8784
7078 8341
9118 5325
7046 5730
8078 7687
7765 5921
7960 8843
5532 6911
8873 8283
8657 9700
8941 8243
7590 8469
8388 8257
5879 5599
8257 5807
9888 7296
8039 8187
8490 8402
5365 8835
5055 8905
9094 5315
7798 7140
6898 9756
5890 6791
5802 5985
5075 7257
7195 6070
8995 6575
9919 8894
6752 7525
9545 7706
5542 9054
5808 8544
6834 9289
5130 5028
6810 7982
6395 5611
7122 7377
8068 6629
6215 6900
6241 5100
9607 8135
5517 9040
8990 9962
7599 5960
7445 5949
6103 7832
9859 7832
9129 9803
7847 9464
7393 9180
6813 9418
9470 8242
6651 9246
9819 8002
9433 8115
7871 5225
5700 7749
8313 8153
6801 7801
6499 6804
9322 8793
7168 6216
7657 6191
7995 5867
8135 7059
9863 8545
8051 6058
9555 6835
6146 5116
7574 6349
9711 8227
5747 6237
8653 9156
6509 6699
5640 5492
5423 6422
9747 6312
7201 9666
7977 9716
5028 5698
6613 9358
7537 7004
9049 9786
9323 8544
7781 6293
7779 8843
9545 8570
9865 5176
8693 6835
6887 5613
7533 7585
5300 8728
8983 7094
5699 6367
7637 7252
8294 5116
5660 6241
7888 6376
8706 9321
6759 5602
5551 7760
6325 5198
7068 7668
6243 6263
8305 6977
7928 7421
8462 9909
9687 6437
6913 8296
7395 8225
6673 8548
6613 6841
5385 8250
8427 7464
9886 5960
5501 5463
9512 9679
9152 5512
6091 9519
6531 6093
9553 5697
8192 9268
8222 5432
5740 8536
6879 9441
5661 8463
5358 6052
5182 7734
7594 7641
5467 6971
6103 9199
5019 9272
8098 6387
6237 9135
5318 7061
8510 5434
8710 7433
6553 6264
9982 8388
7813 8005
9424 5017
7472 8231
5799 5565
6818 8261
5923 6636
6218 8261
9064 6745
8337 7026
7979 9086
9609 9697
5280 7127
5061 9479
8241 6451
5928 8848
6649 9652
5651 6208
5933 6274
6769 9230
9263 8698
7024 5334
6523 5082
9652 8501
8286 9483
8721 5823
6474 9798
8277 9732
6671 6989
8052 6488
6194 7231
7694 6190
8216 8559
9519 9998
9068 8859
7113 9733
8879 8599
6734 6862
5082 7606
6450 7558
6617 6498
8232 7574
5015 6028
5970 7046
7947 5044
5939 6853
8930 8239
8861 9942
8609 9680
9293 6790
5472 6647
8832 9509
8357 6824
6798 8325
8549 7345
9974 8333
9651 8909
5862 5552
5273 9547
6820 8907
7855 7418
8614 7333
6554 6930
9379 9037
5599 5033
7178 9418
9840 6318
5860 8674
9165 5566
8158 9462
8241 5625
7376 5253
9372 6957
9079 7099
7518 8487
6738 6502
8324 8478
6996 6796
6471 6284
8785 5614
6728 8127
5282 6166
7439 9068
6169 5122
6659 6024
7727 8529
7688 8536
5366 6477
7687 6015
7349 8754
5309 8522
6758 7250
6780 9391
8001 7598
6993 7289
5941 8726
7746 7595
5062 8244
7374 8428
9022 7950
6772 9102
6693 9887
9060 6566
6234 5825
8181 6440
9946 8460
5596 7629
7667 5471
5851 9504
7828 6830
5429 6981
6447 8441
9282 9602
8483 8461
9263 6144
9957 9989
8775 6683
8375 8321
5238 5560
8647 5496
6551 7457
7811 8368
7553 6616
9870 5843
8961 8651
5243 5087
6565 5387
9016 7253
9303 7479
8151 7452
6781 7675
7934 8350
6187 5867
9323 9554
9931 8249
6463 8248
6265 8664
7487 7068
7079 7183
7110 7142
5481 6739
7648 6468
5933 5073
7323 7656
7705 8064
9324 8670
9218 9474
5862 9902
9105 5268
6978 8546
8008 6904
5991 5042
6006 6396
8988 6012
5011 5383
5800 6385
8894 6822
8380 8046
8595 6490
5033 6389
6698 9175
6785 8828
9438 6088
5482 7280
9611 7399
7311 5156
7128 7650
8536 6943
8556 9897
6397 7943
9241 7352
9077 8215
7071 9191
9230 6075
6077 5466
8725 7731
9313 6610
6715 5161
6032 6663
6696 9818
5265 5079
9026 7279
7239 9541
9333 7525
5077 6879
8808 9852
7538 8221
9706 9263
6034 6743
8471 9879
9214 6041
9084 9995
5617 8143
9566 7935
8402 5783
7421 9705
5486 6681
5823 6771
7207 8977
5880 6126
8189 9984
6936 6470
5012 8145
8355 7139
9233 7955
8822 8613
6419 6452
7066 9509
6866 5873
6905 6397
7174 7532
6049 6870
7403 8526
5877 8053
9209 7538
6345 8251
5603 9705
9211 5949
8624 6087
6108 6349
9085 7998
5724 9397
7856 8600
5634 9772
9049 8936
7538 9912
6510 7910
8707 5063
9193 6556
5294 6200
6983 6768
7803 5965
9308 7356
6958 7381
5855 8754
7924 8725
7793 6240
6393 5137
7522 7278
5465 6873
8441 6599
6101 8489
5617 6123
7565 5077
5849 9288
6316 9113
7867 5257
5898 7411
8995 7941
5651 5753
8252 5259
7166 6670
7692 6144
9348 8974
6375 9725
8528 9234
7460 9053
6432 7040
5030 6831
6689 9381
8112 9631
5678 9519
5061 7522
5567 7123
8576 7403
9443 5950
8717 7267
5134 8589
7272 7121
5197 9774
6737 8776
9722 8473
7649 6874
7401 7020
9408 7267
8623 7957
5257 9966
7428 9476
8987 8571
6272 9335
6127 9197
6348 5262
5036 5521
6784 7495
9447 5361
7604 5777
8350 8726
8876 5620
7733 8213
7109 9221
9314 8203
7318 6704
9728 8157
9366 5765
7669 8182
6879 5452
6558 5780
8138 5044
5204 9678
6125 9373
9072 8197
8513 9131
9079 7710
8492 5197
8968 6152
9234 7342
8819 5815
9248 7145
8745 5989
9561 5807
8118 9089
8843 9025
5225 7734
8987 6459
6552 9853
8904 6379
5961 5737
5251 7337
6367 7585
9033 7505
7669 7728
6978 7355
9044 5840
9905 6828
6774 9159
8704 7122
5736 8841
6312 7542
9494 7383
9014 8971
8407 9430
7933 8609
9836 7658
5238 9213
5458 8118
5417 9023
9781 8714
8812 6199
6235 8418
9604 7800
9998 9334
6647 6207
6092 8857
7199 6146
5004 7880
6676 6866
7105 9915
6254 9998
8420 7800
5460 9555
8087 9418
5714 7264
9940 5454
7118 9610
8898 9257
7816 6668
6232 9711
8265 7441
8368 8115
5013 5048
7464 7835
8257 6211
8886 8524
5361 8043
6090 6931
5944 8935
5028 5260
9074 7508
9894 6550
7581 7474
6157 5443
6654 5388
9635 7878
7465 5366
8615 7605
8878 5313
8007 6905
6786 8905
5584 8783
7971 8346
9494 9770
8784 5829
9851 5549
7411 8022
8784 7650
5108 6062
7721 5872
7376 7768
7753 9286
6405 6477
9741 6242
9566 9252
9207 8991
6841 7005
9673 8338
5528 6895
5985 9509
8251 9075
9663 5703
6170 8379
9122 6681
7569 5945
9982 6182
5094 7058
5578 9514
7319 6261
6465 6168
6002 6427
6654 7186
8045 5908
7176 7738
5197 5543
8391 9955
6365 6900
5506 8384
8873 9927
7728 6143
8517 9821
6728 5718
6008 7630
9352 7022
9436 8544
5103 6353
6645 6079
9528 7493
8280 8394
9874 7100
9340 6292
7174 9296
8692 8978
6839 5033
7335 9082
5214 6585
9635 5055
9567 9456
8005 5860
7179 6318
5235 9263
6606 9869
5014 5666
5698 7168
5809 6711
7501 9136
7917 8508
6365 5743
7403 5941
8209 9980
6214 8362
6549 5436
8665 5243
8060 9928
8314 9181
7609 9632
7892 6507
5067 9276
6168 9583
7905 5547
8719 7321
7633 9000
8539 5106
6186 5497
9591 8487
6149 6375
6371 5248
7501 8931
5976 7488
5844 5562
8493 5885
7202 9765
6706 9325
8316 7511
5096 5260
6086 8019
6940 9079
6116 9915
5619 6142
5860 9754
5015 6525
5911 7907
8788 9795
6886 7498
6941 7799
8912 6276
7077 8679
8128 8272
7333 9432
9276 7166
5326 9677
5175 8757
6890 8452
8718 9557
8936 8157
6985 9349
9582 6184
9876 9553
6941 6356
9520 7504
6016 7600
9738 9806
6605 5245
8950 9684
8408 5779
5891 8923
5091 6458
9633 5565
8247 8204
8664 9308
8905 7280
6079 9840
5094 6708
8215 8933
8840 9189
8979 6064
5165 8691
5407 7299
5925 5099
5040 7164
8026 8862
5693 8825
9930 9849
8404 6556
6104 9385
8641 9174
9135 8260
9860 9952
5454 9820
9466 5184
5379 8754
6396 9627
5071 8747
6190 5329
6009 7264
7464 6509
9637 8665
5618 5920
7168 5626
6033 6421
7772 8066
9785 9242
7968 7109
5326 8665
6295 8455
6892 7751
7647 6916
7234 5482
8931 6726
5316 8864
8324 8415
7611 5478
5616 6536
9337 9509
8525 9489
7470 6471
5019 7758
5541 7788
9833 6788
6215 7437
7823 8669
8155 7612
9386 8264
5979 8878
7311 5870
7723 7448
5699 9917
7064 5538
9173 9084
8538 8090
7217 7214
6277 9066
8615 6964
6680 7344
6174 9910
9743 8466
8528 8020
7212 7009
9227 9300
6873 9484
8429 5337
8753 6836
5345 9451
8539 7932
6007 9077
7601 8442
9004 6539
7620 7116
9234 6431
9160 6481
9271 8488
5389 9304
5669 5067
8916 7926
9624 8251
6415 8948
9133 8014
7061 6686
9808 7746
8063 8768
9362 8937
7084 9037
7727 9214
8082 9086
7903 6930
7113 5628
6741 7297
9046 8485
6098 8928
6642 9086
6261 8650
7848 7891
9700 5742
6799 7585
8948 9123
9534 9128
7723 5051
6920 7637
9717 9489
8878 5906
7404 6344
8671 8044
7314 9512
7379 6854
9126 7923
9007 8730
7245 9871
8196 8303
7388 7673
5728 8527
8649 5980
8522 9457
5461 6605
6495 6374
9716 7431
9039 5114
5315 9966
9901 8076
6867 6691
7524 6380
7693 6949
9417 7070
8596 7938
5895 5733
9850 8727
7291 8174
9808 7195
6557 7862
7183 8393
9533 7029
6927 5801
5455 6634
7057 9459
7024 7014
8542 6420
7303 6285
8685 9758
5704 7169
7834 5892
7256 6964
6945 6392
5933 5528
5374 6876
8772 6540
5208 9674
5739 5149
6274 8191
8374 7630
5600 6045
9877 9717
9298 8223
8632 5619
7035 9752
8336 6923
7363 7909
9283 5373
6929 6350
6467 8572
7617 5101
8552 5027
9046 9004
5373 8331
5107 6985
5539 8380
5115 8563
8394 8313
5140 6544
5002 6211
5546 5437
7373 5493
5244 8005
6138 8519
6335 7617
5616 9261
6465 6422
8070 6223
9882 5093
7725 8299
8323 8291
7545 7527
8347 8897
6595 6811
6444 8108
7606 6061
7002 7552
7862 9049
5828 5430
9089 9189
9594 7738
7424 5806
6880 9717
6316 6351
5621 7917
7807 8433
9163 9397
6667 6020
9907 5257
6995 8059
7651 6747
6239 8529
7624 8601
5723 9784
8406 7796
7281 9132
5316 6429
6751 7666
6879 9126
6810 9822
9028 9764
9346 5997
6033 8734
6962 8452
9881 5392
5803 6473
9391 5247
5120 5760
8878 9025
7775 8509
6837 7945
9695 5794
7614 8749
8346 5066
8208 7004
6442 5050
5026 8751
8231 8109
5494 8869
6837 6115
8324 8698
8537 6417
7530 8435
6122 8599
6904 9118
5008 5413
5884 8679
8561 7850
8449 5755
6363 6889
8983 9675
8659 5639
9311 7190
7655 5369
8543 8431
9473 6377
5870 7660
9449 6354
5185 8706
9642 7656
8264 6926
5902 8447
8304 9536
6560 8988
7668 7183
8752 6775
7252 7528
7154 8044
6758 8555
9752 9074
6193 6927
6351 6280
5060 7689
6409 6041
6565 9290
7482 8916
6512 9870
8260 7268
9768 6193
9542 9070
9996 8885
8979 7693
6084 5234
7518 7004
5407 5214
5135 5566
6956 6038
9957 9739
5021 8017
6447 6265
9582 9156
6919 5625
6510 7183
8009 9539
6544 6443
5418 5328
9634 7717
8219 5557
6593 8797
6003 5605
9725 6634
6466 9763
9109 9042
5740 9918
9560 5008
7688 5349
8875 6283
9695 9696
7632 5698
9910 8625
9001 7240
8740 5190
6912 5002
6814 5146
9617 9057
9704 7240
9460 7227
6184 5118
7300 5136
7518 5742
6416 9576
9388 6681
9763 6398
8389 6553
5146 9529
9576 8954
7908 6675
8523 5832
8229 5737
7570 8924
7471 7949
5933 8010
6457 9093
5213 9372
5938 7174
7383 5079
6466 6217
7862 6038
7127 6288
6977 6495
5314 6760
8390 9762
9967 7961
9121 9955
5301 5310
5918 8747
5825 8351
8542 5532
9456 6118
7978 7074
5145 6241
9878 9003
5353 8769
6494 7617
5173 5694
9439 7942
9094 7560
7124 8773
5597 7418
9163 6333
5315 5318
9982 7799
7938 7507
7395 9701
5186 5569
6894 5344
7307 6237
5063 7692
9883 6561
9496 8514
7787 7652
6362 8550
9650 9514
5071 5306
7701 5426
6516 7375
8659 8280
8782 9193
6738 5677
9038 5603
7398 5587
7771 6232
5870 6496
6447 8599
8552 6489
9536 9839
7254 9139
7024 9380
5336 9654
9139 8633
6625 6084
8330 5084
7955 8925
5951 9784
8265 7914
5461 9882
7680 5934
7138 7776
7389 9252
7381 6620
9074 7721
9464 8809
6433 6447
9684 5448
9849 7841
5132 8926
5864 5410
9281 6801
8536 7295
5398 9636
6787 8017
7514 5133
5703 8225
5447 6358
7680 6077
8642 8657
6872 5990
9382 7721
6248 5592
7090 9429
7718 7502
8642 8975
7412 9456
8620 8723
5065 7097
5224 5058
6438 6329
5423 9307
6024 8908
6864 6634
5455 6824
5727 8413
5671 7441
5736 6356
6588 8180
5012 5340
8110 6730
6674 8317
8014 7092
5820 8146
9803 8447
9234 5756
9278 9727
5492 5126
8957 9152
8507 5043
8023 7032
5136 6335
9129 7039
8519 7283
5706 7372
9811 8539
6983 9702
9605 6667
5390 8806
8850 6984
5454 7807
6320 8648
9441 7168
6713 6817
6513 8904
6228 5853
8360 9740
7195 8626
9869 6830
8222 9636
8861 6686
8269 9459
8689 9899
8617 9804
7297 7470
7183 9510
7046 5476
6154 7637
6783 9288
8213 8753
5639 6065
9905 6761
6422 7897
8794 9259
5623 5248
7806 5343
5577 9661
8506 5681
7793 6035
9098 8286
9836 9797
5316 6236
7204 7820
6909 9411
9222 5832
9269 5494
8558 8321
9654 5055
9417 7665
8672 6721
6593 6878
7673 5272
7946 9417
5589 8834
6609 9994
9209 9341
7357 5411
5471 6596
7327 6121
8722 5170
9185 5808
8700 5094
5228 6176
5394 5266
8803 6268
5916 9698
8434 7904
8199 5427
6343 8706
8626 7847
7739 5879
7173 9108
9360 7310
7707 8064
5306 5514
9779 6222
8408 5131
7786 6784
6127 5135
6078 8573
6045 9063
6859 8526
5813 8460
8445 6787
7149 9377
6592 5106
5990 8429
6976 7628
7494 9797
8488 7260
6172 6992
9934 8591
9583 7057
5000 7332
5382 7573
9728 7848
5507 6506
5658 9971
7061 7382
6712 6363
5844 7781
6481 7827
7550 6867
6157 5750
9175 8238
6872 6810
5227 5235
6763 8945
8364 5535
7805 8220
5819 9113
6829 6305
5085 7235
7968 6599
7812 8282
7062 6262
8457 6567
5095 7847
7298 9087
5290 9496
5785 6277
7612 6975
5768 9929
5264 9846
5148 9951
8404 6389
9638 9493
5969 7086
7608 5032
6754 5237
7009 8896
5301 8793
7381 8472
5001 5146
5626 6318
7504 6648
7530 6739
9965 9172
6092 8050
5492 9964
9467 9545
6368 7819
8457 5923
6091 7561
8834 7258
7090 9547
8973 7235
7793 9015
7938 9319
6982 5064
8841 6881
7175 7404
9680 9325
9017 6374
6218 8659
8971 9677
6856 6146
6238 8390
6522 9383
6764 5579
8982 6627
6420 8419
9081 8023
9908 5604
8279 8720
6800 6442
6953 6398
8397 8944
6969 6107
9071 7758
6311 8661
6343 5919
9544 9966
6345 8759
8946 8280
5763 9940
6183 9091
5793 9598
7457 9791
8260 9124
7084 9499
5389 7157
7355 8518
9480 6841
7642 8220
8335 9036
9735 8563
6515 9307
9225 7581
8365 8729
9847 7849
6492 9959
9572 6897
9882 7610
7385 6514
6546 9261
7081 8572
8462 5000
8987 8272
5220 6493
7577 7565
6729 6426
8117 8860
5698 9024
7451 8794
9972 7169
6195 8744
9089 7003
6603 9446
5579 8700
5004 8108
9011 9210
6063 8165
7137 5481
9477 9710
6229 8484
6911 5941
8708 9031
7981 6281
6586 6029
6820 9180
7528 6418
7909 7806
7505 7408
7488 9399
6704 9461
5500 8688
6192 7968
5821 5384
8366 7608
5474 8926
7115 8748
5145 7619
7371 7417
9222 8729
7464 6501
6227 9128
8156 6693
6708 9530
6823 9568
5678 9777
6409 9973
8984 9029
9584 9369
7452 7708
6738 8785
8608 9251
6268 5814
9662 9013
7354 8917
9831 7540
6756 8945
