100 692800
94 485
506 326
416 248
992 421
649 322
237 795
457 43
815 845
446 955
422 252
791 9
359 901
667 122
598 94
7 738
544 574
334 715
766 882
994 367
893 984
633 299
131 433
428 682
700 72
617 874
874 138
720 856
419 145
794 995
196 529
997 199
116 277
908 97
539 719
707 242
569 107
537 122
931 70
726 98
487 600
772 645
513 267
81 972
943 895
58 213
303 748
764 487
536 923
724 29
789 674
479 540
142 554
339 467
641 46
196 710
494 553
66 191
824 724
208 730
711 988
800 90
314 340
289 549
401 196
466 865
689 678
833 570
225 936
244 722
849 651
113 123
379 431
361 508
65 585
486 853
686 642
286 992
889 725
24 286
491 812
891 859
90 663
181 88
214 179
17 187
472 619
418 261
419 846
356 192
682 261
306 514
201 886
385 530
952 849
500 294
194 799
737 391
324 330
992 298
224 790
7663 7249
8531 9948
8556 7566
5443 5491
7262 6399
5044 5536
8680 9729
7743 5589
9947 5293
9237 5502
8034 5891
9705 5408
5535 5388
8900 8447
5232 7460
7422 9974
5980 8324
8808 5427
7237 8889
5911 5401
5004 9794
6276 5778
8117 8809
9837 5869
7796 9524
8996 8879
5479 8629
7291 7001
7705 6778
5361 8455
6232 8440
9764 5940
5337 6410
8051 7642
9619 8380
5321 9647
8131 8760
8850 6251
5575 6098
8962 9166
5997 8604
7093 8827
6028 7729
7697 5720
8869 9628
9416 7110
7330 6461
6866 8893
8970 9684
6839 7074
5354 8175
8226 5902
9565 5546
8836 8383
7155 7146
7664 5182
8386 6503
7659 9773
8207 7083
9947 5663
6624 6100
9145 9824
5713 5448
6810 5618
8151 8602
6501 7874
6671 7498
9694 8008
9714 6159
8586 7629
5135 6722
5027 9920
5092 8806
6241 8670
7595 6131
9866 6919
9157 6478
6070 7300
7061 7978
5655 6962
9446 6719
8169 9629
5212 8557
5319 9619
9870 7007
8258 7783
8522 9150
6381 7425
8901 5067
9686 6293
5662 8663
5812 8589
7664 8056
8224 6614
6400 8156
7409 5905
9785 8170
9758 8644
9322 6377
8122 9094
