2000 9819
585 485
194 94
426 326
606 506
348 248
516 416
521 421
1092 992
422 322
749 649
895 795
337 237
143 43
557 457
945 845
915 815
1055 955
546 446
352 252
522 422
109 9
891 791
1001 901
459 359
222 122
767 667
194 94
698 598
838 738
107 7
674 574
644 544
815 715
434 334
982 882
866 766
467 367
1094 994
1084 984
993 893
399 299
733 633
533 433
231 131
782 682
528 428
172 72
800 700
974 874
717 617
238 138
974 874
956 856
820 720
245 145
519 419
1095 995
894 794
629 529
296 196
299 199
1097 997
377 277
216 116
197 97
1008 908
819 719
639 539
342 242
807 707
207 107
669 569
222 122
637 537
170 70
1031 931
198 98
826 726
700 600
587 487
745 645
872 772
367 267
613 513
1072 972
181 81
995 895
1043 943
313 213
158 58
848 748
403 303
587 487
864 764
1023 923
636 536
129 29
824 724
774 674
889 789
640 540
579 479
654 554
242 142
567 467
439 339
146 46
741 641
810 710
296 196
653 553
594 494
291 191
166 66
824 724
924 824
830 730
308 208
1088 988
811 711
190 90
900 800
440 340
414 314
649 549
389 289
296 196
501 401
965 865
566 466
778 678
789 689
670 570
933 833
1036 936
325 225
822 722
344 244
751 651
949 849
223 123
213 113
531 431
479 379
608 508
461 361
685 585
165 65
953 853
586 486
742 642
786 686
1092 992
386 286
825 725
989 889
386 286
124 24
912 812
591 491
959 859
991 891
763 663
190 90
188 88
281 181
279 179
314 214
287 187
117 17
719 619
572 472
361 261
518 418
946 846
519 419
292 192
456 356
361 261
782 682
614 514
406 306
986 886
301 201
630 530
485 385
949 849
1052 952
394 294
600 500
899 799
294 194
491 391
837 737
430 330
424 324
398 298
1092 992
890 790
324 224
375 275
360 260
926 826
197 97
172 72
310 210
966 866
749 649
1051 951
1019 919
848 748
163 63
785 685
1058 958
1056 956
904 804
664 564
618 518
283 183
528 428
500 400
637 537
821 721
446 346
307 207
253 153
423 323
1071 971
711 611
762 662
216 116
297 197
209 109
191 91
895 795
629 529
443 343
226 126
962 862
847 747
785 685
569 469
110 10
870 770
981 881
1034 934
1084 984
823 723
503 403
995 895
460 360
668 568
549 449
272 172
641 541
1058 958
372 272
483 383
977 877
408 308
459 359
1070 970
807 707
683 583
408 308
148 48
870 770
1030 930
130 30
669 569
308 208
103 3
411 311
120 20
200 100
709 609
1039 939
987 887
522 422
925 825
885 785
1030 930
470 370
1004 904
1089 989
341 241
1069 969
479 379
243 143
476 376
1072 972
1062 962
128 28
989 889
161 61
543 443
738 638
316 216
448 348
438 338
447 347
260 160
166 66
506 406
491 391
259 159
738 638
131 31
395 295
304 204
926 826
520 420
296 196
253 153
549 449
525 425
955 855
431 331
243 143
665 565
587 487
938 838
240 140
109 9
664 564
1018 918
715 615
633 533
235 135
332 232
664 564
1057 957
460 360
691 591
893 793
676 576
263 163
846 746
959 859
477 377
860 760
958 858
811 711
186 86
762 662
534 434
259 159
658 558
760 660
379 279
368 268
940 840
1048 948
835 735
415 315
674 574
776 676
226 126
441 341
1012 912
789 689
839 739
994 894
921 821
806 706
725 625
590 490
1017 917
578 478
301 201
771 671
1093 993
1032 932
249 149
999 899
152 52
337 237
859 759
287 187
367 267
572 472
356 256
872 772
883 783
198 98
217 117
1006 906
616 516
1011 911
280 180
735 635
125 25
325 225
480 380
923 823
812 712
264 164
366 266
443 343
316 216
832 732
548 448
602 502
641 541
840 740
764 664
676 576
1054 954
712 612
826 726
1002 902
872 772
554 454
631 531
511 411
1043 943
1073 973
850 750
803 703
427 327
950 850
1017 917
177 77
105 5
320 220
213 113
902 802
1013 913
503 403
891 791
281 181
1098 998
110 10
959 859
625 525
445 345
1019 919
531 431
768 668
775 675
627 527
933 833
562 462
538 438
391 291
623 523
705 605
1016 916
557 457
520 420
505 405
215 115
517 417
760 660
379 279
361 261
785 685
872 772
696 596
488 388
407 307
864 764
324 224
943 843
422 322
306 206
940 840
507 407
1075 975
739 639
501 401
952 852
191 91
642 542
427 327
160 60
430 330
857 757
282 182
182 82
703 603
737 637
893 793
193 93
715 615
714 614
833 733
236 136
964 864
287 187
116 16
202 102
963 863
1072 972
1087 987
263 163
406 306
601 501
134 34
577 477
940 840
592 492
800 700
221 121
806 706
180 80
887 787
238 138
205 105
760 660
934 834
329 229
898 798
927 827
410 310
548 448
709 609
330 230
790 690
932 832
661 561
589 489
679 579
686 586
160 60
391 291
488 388
765 665
409 309
760 660
507 407
802 702
300 200
253 153
413 313
706 606
1070 970
223 123
133 33
353 253
373 273
809 709
377 277
932 832
1097 997
208 108
140 40
988 888
327 227
581 481
960 860
383 283
1040 940
958 858
708 608
384 284
1090 990
811 711
690 590
950 850
906 806
339 239
152 52
1043 943
901 801
295 195
864 764
195 95
810 710
510 410
486 386
764 664
693 593
1000 900
150 50
212 112
594 494
1063 963
256 156
854 754
1036 936
558 458
1065 965
119 19
186 86
325 225
823 723
669 569
284 184
197 97
968 868
294 194
440 340
854 754
512 412
702 602
587 487
161 61
309 209
795 695
446 346
447 347
960 860
819 719
407 307
200 100
195 95
197 97
921 821
943 843
1041 941
845 745
921 821
386 286
687 587
592 492
301 201
216 116
765 665
631 531
627 527
524 424
912 812
353 253
524 424
526 426
559 459
513 413
443 343
1080 980
936 836
391 291
606 506
933 833
279 179
586 486
1016 916
109 9
530 430
675 575
696 596
1022 922
908 808
245 145
369 269
997 897
612 512
504 404
911 811
842 742
785 685
828 728
667 567
369 269
876 776
203 103
955 855
845 745
818 718
135 35
953 853
879 779
197 97
171 71
246 146
180 80
846 746
942 842
115 15
228 128
1065 965
1041 941
612 512
327 227
580 480
130 30
1058 958
442 342
765 665
705 605
291 191
631 531
1064 964
464 364
615 515
459 359
706 606
967 867
922 822
920 820
636 536
413 313
793 693
307 207
119 19
1011 911
435 335
408 308
201 101
530 430
1022 922
785 685
394 294
741 641
1010 910
213 113
510 410
241 141
350 250
790 690
646 546
800 700
829 729
659 559
709 609
581 481
820 720
603 503
1076 976
866 766
859 759
107 7
898 798
982 882
174 74
959 859
748 648
282 182
399 299
525 425
885 785
642 542
946 846
783 683
490 390
953 853
997 897
1038 938
516 416
189 89
937 837
724 624
347 247
281 181
393 293
978 878
244 144
1033 933
1038 938
680 580
567 467
352 252
580 480
307 207
1055 955
758 658
765 665
120 20
126 26
1054 954
664 564
447 347
549 449
859 759
126 26
546 446
621 521
114 14
401 301
757 657
421 321
810 710
713 613
1080 980
488 388
288 188
979 879
736 636
1090 990
303 203
288 188
532 432
1063 963
229 129
920 820
730 630
400 300
609 509
922 822
337 237
355 255
473 373
377 277
938 838
253 153
495 395
500 400
792 692
327 227
203 103
618 518
318 218
547 447
484 384
415 315
1031 931
913 813
496 396
424 324
489 389
602 502
740 640
399 299
387 287
880 780
397 297
476 376
1077 977
616 516
612 512
312 212
319 219
429 329
655 555
910 810
498 398
586 486
389 289
585 485
898 798
516 416
698 598
1052 952
149 49
994 894
672 572
458 358
797 697
121 21
870 770
747 647
825 725
144 44
642 542
783 683
314 214
461 361
987 887
914 814
145 45
331 231
194 94
108 8
382 282
265 165
182 82
596 496
419 319
799 699
726 626
952 852
246 146
559 459
641 541
635 535
974 874
414 314
825 725
1044 944
877 777
406 306
654 554
559 459
308 208
737 637
887 787
547 447
1076 976
508 408
1012 912
207 107
544 444
1062 962
103 3
665 565
401 301
507 407
264 164
957 857
537 437
417 317
752 652
198 98
864 764
918 818
141 41
700 600
837 737
388 288
276 176
1002 902
236 136
667 567
228 128
290 190
494 394
849 749
335 235
1008 908
142 42
376 276
924 824
848 748
784 684
692 592
1079 979
493 393
668 568
463 363
467 367
263 163
152 52
1083 983
742 642
279 179
435 335
116 16
226 126
578 478
230 130
359 259
683 583
968 868
229 129
395 295
852 752
696 596
267 167
171 71
956 856
722 622
740 640
964 864
870 770
744 644
531 431
105 5
295 195
465 365
548 448
529 429
801 701
164 64
1052 952
954 854
980 880
870 770
268 168
188 88
179 79
257 157
1061 961
468 368
572 472
521 421
317 217
819 719
809 709
371 271
247 147
1075 975
396 296
916 816
1009 909
1062 962
864 764
635 535
351 251
538 438
978 878
796 696
853 753
981 881
670 570
418 318
353 253
145 45
766 666
152 52
1031 931
596 496
533 433
413 313
910 810
238 138
778 678
434 334
223 123
1088 988
312 212
608 508
166 66
870 770
306 206
851 751
850 750
880 780
164 64
541 441
566 466
307 207
437 337
616 516
610 510
774 674
896 796
508 408
275 175
1020 920
537 437
673 573
1038 938
734 634
948 848
978 878
661 561
1090 990
818 718
926 826
1048 948
796 696
749 649
900 800
669 569
511 411
763 663
522 422
682 582
807 707
943 843
434 334
302 202
1086 986
802 702
594 494
679 579
250 150
825 725
662 562
903 803
480 380
440 340
932 832
256 156
1079 979
932 832
476 376
702 602
611 511
334 234
514 414
788 688
260 160
284 184
1082 982
1078 978
338 238
513 413
590 490
733 633
999 899
685 585
351 251
706 606
626 526
1063 963
997 897
450 350
139 39
342 242
757 657
639 539
552 452
839 739
638 538
367 267
931 831
265 165
560 460
277 177
285 185
820 720
1034 934
902 802
540 440
744 644
590 490
182 82
268 168
898 798
171 71
297 197
1077 977
273 173
558 458
181 81
304 204
335 235
903 803
212 112
239 139
203 103
499 399
368 268
520 420
979 879
1091 991
743 643
678 578
206 106
1072 972
222 122
277 177
544 444
498 398
362 262
448 348
791 691
596 496
1097 997
376 276
546 446
925 825
271 171
714 614
649 549
221 121
381 281
830 730
311 211
441 341
212 112
384 284
508 408
798 698
830 730
117 17
463 363
646 546
189 89
772 672
705 605
1074 974
1038 938
966 866
268 168
477 377
805 705
659 559
147 47
440 340
500 400
627 527
315 215
879 779
214 114
861 761
151 51
583 483
981 881
192 92
649 549
490 390
779 679
683 583
428 328
761 661
350 250
491 391
303 203
436 336
581 481
761 661
852 752
225 125
807 707
189 89
182 82
375 275
163 63
459 359
760 660
278 178
121 21
880 780
387 287
142 42
319 219
105 5
600 500
480 380
920 820
872 772
195 95
916 816
144 44
109 9
848 748
584 484
778 678
645 545
376 276
689 589
578 478
257 157
763 663
1001 901
694 594
877 777
857 757
174 74
1047 947
347 247
548 448
155 55
670 570
579 479
413 313
885 785
1081 981
1058 958
895 795
780 680
652 552
493 393
489 389
1044 944
380 280
696 596
964 864
719 619
736 636
711 611
612 512
952 852
992 892
383 283
284 184
399 299
1047 947
866 766
714 614
412 312
725 625
926 826
249 149
826 726
477 377
833 733
574 474
905 805
118 18
779 679
762 662
503 403
516 416
1064 964
101 1
437 337
630 530
641 541
852 752
578 478
122 22
469 369
1081 981
1046 946
877 777
921 821
1057 957
933 833
375 275
937 837
684 584
590 490
682 582
137 37
221 121
694 594
1051 951
229 129
768 668
358 258
218 118
346 246
419 319
462 362
996 896
855 755
621 521
604 504
1048 948
171 71
348 248
277 177
574 474
276 176
451 351
903 803
154 54
337 237
255 155
777 677
760 660
133 33
971 871
215 115
586 486
697 597
394 294
869 769
525 425
636 536
345 245
1056 956
482 382
441 341
471 371
284 184
808 708
334 234
644 544
669 569
894 794
316 216
487 387
637 537
838 738
184 84
620 520
910 810
381 281
757 657
602 502
133 33
191 91
259 159
603 503
620 520
1024 924
768 668
116 16
387 287
133 33
329 229
444 344
474 374
449 349
574 474
706 606
772 672
996 896
1015 915
695 595
611 511
541 441
223 123
202 102
669 569
152 52
299 199
754 654
496 396
810 710
815 715
534 434
159 59
345 245
710 610
136 36
1017 917
761 661
1027 927
513 413
370 270
113 13
217 117
470 370
616 516
500 400
315 215
295 195
316 216
1084 984
337 237
576 476
715 615
264 164
599 499
505 405
577 477
774 674
860 760
296 196
385 285
708 608
156 56
1007 907
1066 966
632 532
722 622
151 51
321 221
816 716
294 194
427 327
191 91
980 880
447 347
810 710
352 252
367 267
573 473
500 400
616 516
476 376
485 385
709 609
457 357
420 320
1058 958
296 196
765 665
638 538
892 792
1035 935
164 64
504 404
520 420
200 100
771 671
226 126
1068 968
955 855
977 877
194 94
277 177
831 731
623 523
353 253
239 139
108 8
252 152
493 393
832 732
643 543
346 246
448 348
665 565
418 318
840 740
589 489
1002 902
122 22
117 17
1098 998
1073 973
149 49
398 298
481 381
711 611
110 10
132 32
529 429
111 11
321 221
437 337
250 150
236 136
817 717
989 889
630 530
622 522
432 332
905 805
1042 942
128 28
665 565
1031 931
316 216
857 757
161 61
709 609
270 170
644 544
972 872
1005 905
744 644
695 595
308 208
346 246
780 680
213 113
797 697
275 175
739 639
256 156
779 679
344 244
1061 961
983 883
461 361
365 265
902 802
983 883
459 359
562 462
939 839
585 485
818 718
372 272
380 280
304 204
352 252
1084 984
380 280
509 409
202 102
498 398
715 615
1009 909
396 296
470 370
581 481
982 882
1056 956
314 214
330 230
866 766
359 259
135 35
1022 922
521 421
806 706
371 271
372 272
470 370
256 156
948 848
652 552
150 50
585 485
1076 976
636 536
370 270
170 70
896 796
1002 902
1063 963
552 452
479 379
135 35
1091 991
1047 947
651 551
478 378
997 897
157 57
407 307
452 352
521 421
769 669
174 74
802 702
488 388
241 141
659 559
558 458
1080 980
563 463
715 615
856 756
781 681
987 887
331 231
432 332
307 207
628 528
918 818
756 656
431 331
354 254
1079 979
887 787
545 445
595 495
448 348
470 370
824 724
110 10
501 401
300 200
746 646
427 327
768 668
117 17
342 242
474 374
402 302
855 755
961 861
1080 980
930 830
476 376
177 77
108 8
541 441
132 32
689 589
560 460
1090 990
904 804
289 189
123 23
968 868
969 869
1096 996
1043 943
463 363
815 715
337 237
728 628
520 420
173 73
665 565
299 199
314 214
138 38
433 333
309 209
826 726
427 327
275 175
1012 912
158 58
899 799
725 625
472 372
166 66
1076 976
269 169
220 120
575 475
767 667
304 204
288 188
190 90
128 28
596 496
804 704
101 1
749 649
574 474
846 746
549 449
797 697
352 252
812 712
432 332
389 289
387 287
725 625
289 189
1053 953
989 889
562 462
163 63
402 302
478 378
179 79
306 206
141 41
997 897
923 823
330 230
1008 908
482 382
765 665
675 575
136 36
160 60
832 732
629 529
909 809
577 477
166 66
390 290
391 291
189 89
691 591
1061 961
683 583
561 461
352 252
802 702
579 479
632 532
630 530
780 680
324 224
153 53
888 788
742 642
409 309
1100 1000
466 366
991 891
452 352
922 822
502 402
252 152
645 545
424 324
213 113
733 633
1067 967
367 267
554 454
481 381
823 723
372 272
114 14
606 506
120 20
519 419
408 308
561 461
744 644
626 526
813 713
1078 978
582 482
568 468
436 336
829 729
389 289
895 795
596 496
681 581
426 326
483 383
630 530
326 226
267 167
521 421
622 522
486 386
930 830
373 273
191 91
584 484
216 116
776 676
847 747
207 107
495 395
329 229
1058 958
1002 902
856 756
1062 962
362 262
205 105
803 703
184 84
611 511
1091 991
581 481
801 701
549 449
789 689
988 888
755 655
699 599
700 600
406 306
638 538
592 492
599 499
903 803
981 881
545 445
1081 981
416 316
573 473
989 889
483 383
885 785
779 679
865 765
673 573
591 491
689 589
689 589
580 480
224 124
245 145
841 741
724 624
998 898
1023 923
825 725
1015 915
782 682
332 232
231 131
1074 974
498 398
835 735
1006 906
778 678
853 753
740 640
412 312
744 644
890 790
312 212
401 301
223 123
1045 945
353 253
547 447
1043 943
297 197
118 18
127 27
1016 916
673 573
427 327
689 589
740 640
1034 934
715 615
309 209
570 470
629 529
755 655
999 899
388 288
115 15
501 401
692 592
940 840
192 92
733 633
675 575
807 707
914 814
524 424
454 354
782 682
227 127
294 194
474 374
955 855
666 566
290 190
694 594
828 728
1073 973
278 178
745 645
375 275
703 603
188 88
812 712
467 367
132 32
644 544
398 298
838 738
661 561
1063 963
1006 906
560 460
726 626
366 266
243 143
827 727
604 504
133 33
936 836
542 442
461 361
728 628
531 431
484 384
654 554
344 244
124 24
582 482
516 416
865 765
835 735
546 446
343 243
347 247
554 454
1013 913
1032 932
660 560
594 494
628 528
748 648
694 594
457 357
1035 935
696 596
562 462
888 788
721 621
636 536
760 660
859 759
664 564
300 200
402 302
666 566
1036 936
841 741
692 592
317 217
824 724
319 219
218 118
932 832
399 299
919 819
351 251
587 487
229 129
573 473
196 96
341 241
267 167
164 64
269 169
616 516
481 381
957 857
1076 976
318 218
867 767
590 490
937 837
604 504
507 407
807 707
303 203
442 342
487 387
575 475
835 735
275 175
806 706
886 786
435 335
271 171
140 40
332 232
921 821
988 888
231 131
966 866
259 159
1076 976
1078 978
353 253
153 53
719 619
949 849
742 642
578 478
560 460
119 19
318 218
330 230
318 218
553 453
767 667
436 336
1049 949
1031 931
189 89
688 588
588 488
549 449
668 568
666 566
626 526
5010 767
8309 727
5025 121
6592 995
7132 606
8325 633
5318 360
5124 249
9463 494
8994 722
8220 14
8228 286
8800 872
9827 77
9237 78
5291 173
9427 204
7455 724
9652 659
7537 632
5694 107
6213 30
5212 961
9487 471
5470 310
8916 808
8227 962
9205 373
9269 531
6025 380
8643 47
7774 918
9647 405
8902 885
7331 423
7507 923
7853 320
9474 589
5139 435
8256 492
6920 430
9990 649
7988 768
9949 349
9827 224
6946 140
6016 305
9420 127
6824 905
5686 595
6577 575
5702 144
7107 883
6768 292
5547 412
6299 792
9845 239
8246 234
6525 26
9166 911
5062 277
9302 558
9657 97
9302 531
9357 544
6846 67
7005 153
9058 942
8897 296
5051 188
5084 800
9786 304
6865 833
7971 14
6880 575
9510 562
5104 133
7305 832
7202 234
6427 205
9597 964
7144 623
6631 117
6767 63
9577 351
7655 256
7981 833
6530 492
7156 394
6756 875
9237 997
6746 539
5835 884
8254 432
6170 320
9772 48
9990 247
8741 848
8481 473
8585 227
9183 845
6690 697
8603 45
6582 925
5244 149
6261 305
6419 675
9413 614
8065 255
5823 134
5459 163
8535 611
6557 567
5342 96
9340 900
5614 428
7087 142
7542 181
5209 959
6540 332
7069 396
7730 648
5395 29
5031 364
8978 623
8245 871
7250 464
6689 868
6177 993
7687 934
9534 675
5077 437
5090 457
7181 856
8270 684
9485 709
6964 514
6096 540
6394 310
7483 289
5048 513
6648 219
9772 77
8814 285
7255 66
5947 233
6254 758
9381 203
6832 75
8310 467
9244 702
8849 167
5511 511
8146 974
9150 82
6100 950
8591 514
5519 528
6468 424
8714 555
7397 76
8735 833
9540 655
7049 364
5560 786
6831 547
6540 67
8143 804
6316 972
6797 510
9037 500
9645 707
6632 708
5374 960
9996 110
7409 141
7343 230
9688 483
9984 276
7899 795
9715 725
7459 951
8496 92
5646 798
5894 19
5484 409
7867 735
7190 65
5714 514
8607 120
6657 654
7011 540
6152 376
8022 561
8572 303
6983 422
9309 948
9746 716
8352 903
9445 315
7163 818
5477 519
9438 598
8228 863
5778 35
9619 801
8550 807
6686 3
5504 242
5800 697
6466 802
8852 651
7776 64
7582 831
7636 594
6749 703
7020 575
7715 460
9493 80
7196 198
8463 993
6700 871
6250 870
7951 93
6792 229
8413 958
6079 891
5387 637
7999 887
6318 553
6953 470
6282 986
8975 824
5143 165
8008 296
8796 947
6034 192
7340 424
9393 569
6195 440
7099 455
8816 104
6772 253
9913 850
8043 952
5408 732
8037 563
8368 438
7133 571
5372 56
9701 259
6978 282
8216 851
5697 496
6680 869
8646 491
7752 913
5370 957
9189 1000
6977 931
6505 1000
5974 183
6367 366
7606 385
6531 480
6585 556
9946 841
7019 191
8829 242
5527 94
7345 812
5047 608
9054 630
7975 430
8049 731
9973 605
6163 558
6376 888
8311 677
9300 333
9968 286
9845 316
8701 860
6238 203
6594 264
5369 109
7711 853
8216 93
7840 368
5186 433
9038 712
9873 406
8233 714
9015 203
5201 222
5070 585
5900 888
9755 138
7195 530
7177 847
8329 538
5798 943
7373 489
8400 973
5741 966
8718 71
9573 393
5811 947
5636 274
5338 778
8244 160
8117 596
9318 907
9608 881
9383 500
9125 958
5851 276
8827 736
6571 933
5370 872
7820 556
5530 231
5389 266
7961 225
9241 798
7255 31
6551 476
8671 366
8863 981
8055 917
5112 457
9960 914
8591 342
5803 364
6435 37
6422 789
9981 65
9924 272
6798 707
9392 972
5822 797
6614 145
5317 356
5489 476
6740 407
5910 71
9843 696
8505 291
6216 375
5439 444
8230 670
8778 988
8931 948
6192 462
6226 358
9626 250
9462 258
9134 909
5005 320
5068 329
7032 860
5003 914
9629 945
9995 882
5737 31
6980 451
8352 658
5395 416
9610 160
7439 16
9626 245
5104 211
9835 732
9600 743
6417 609
8576 191
7719 228
6472 844
5252 395
6634 395
6510 541
5575 220
9164 918
6035 481
8386 536
9606 681
7872 501
7573 350
9462 334
8938 837
5869 591
8641 971
5853 429
5789 95
6268 422
7056 321
5840 310
9093 29
5556 543
7542 65
9386 230
6553 406
9697 876
9138 755
8534 703
8627 665
6888 360
6910 741
8296 744
9984 294
9251 185
6478 228
9498 246
9140 196
6855 146
7179 59
9289 75
9531 991
7392 272
9328 844
8413 515
5193 921
8989 572
5003 324
8654 632
6474 241
7137 797
6484 300
8033 943
8923 730
6730 149
8588 818
6139 306
9472 898
6086 860
8307 701
8084 937
7768 524
7129 353
7367 333
9656 730
9730 572
6407 617
8665 397
7120 564
5470 607
5606 565
8740 897
8575 195
7704 323
7014 950
7021 177
6906 781
8294 40
7642 790
7804 810
7240 645
8066 163
6395 614
8083 845
6755 264
7535 767
7948 770
5405 606
6235 805
8842 879
7843 949
8970 381
5224 101
9345 205
7277 837
9023 371
7367 384
6284 919
7635 506
8879 837
7731 179
7918 907
8438 517
9411 147
9345 135
8958 662
7621 44
6272 890
9626 496
7370 756
5265 610
7455 285
5741 306
9207 69
8933 832
7479 444
6765 148
6467 28
5144 520
7542 622
8075 939
7982 86
8559 512
7088 645
8083 828
8551 4
7695 620
5879 487
5220 254
9934 843
7031 678
6438 17
7922 523
5551 451
9666 727
8403 429
8581 394
8486 936
8341 578
6017 318
8138 794
7568 396
8630 697
9477 695
6064 806
8124 596
5001 297
8884 706
5937 232
7490 671
8403 854
6813 747
6601 259
9633 392
5675 456
5802 470
9328 715
7021 91
6958 260
5848 703
8814 717
9506 39
6283 757
7943 976
6045 772
7772 596
9923 875
5509 804
9968 338
6187 312
7189 785
5227 645
7610 194
9964 164
6241 743
5743 58
6554 755
9678 856
8004 719
6271 246
6116 12
7477 398
5317 361
7186 803
7900 329
6323 17
9839 983
8520 576
9626 337
9925 749
7374 182
5684 185
6948 926
5455 833
5753 464
6552 649
6431 827
6801 939
7539 709
7661 726
5687 32
5195 929
9297 491
6420 159
6650 840
6513 184
9229 800
6403 568
5156 783
8229 590
8984 360
8374 701
9385 69
5479 953
9705 374
5584 501
6581 476
9186 720
5759 342
5524 72
9213 819
8838 110
7976 255
5712 827
6390 445
8490 62
8268 702
5568 542
7007 761
7519 147
5724 994
6007 798
8427 604
5798 629
5687 733
7732 865
7278 446
8827 389
6603 163
8215 756
9431 477
8510 976
5252 145
9912 851
6210 475
9225 713
6509 306
5612 94
7276 6
9669 757
6477 141
5398 805
8338 564
5757 354
6037 587
7564 860
5384 904
5439 735
7481 139
8675 83
8912 107
9889 870
6045 859
9488 547
9644 125
9112 505
9834 577
9572 892
5219 546
7399 434
9078 377
9372 411
7002 710
7140 964
5469 473
7845 835
6519 578
6902 395
7111 657
8486 706
6046 446
9553 205
5836 117
7912 894
7108 671
8784 361
5337 117
6053 969
5833 30
5307 971
8009 856
7470 874
9558 773
5911 493
6522 949
5190 724
7925 19
7169 912
6704 737
6046 267
8749 26
5511 833
7813 947
5127 541
8894 756
5002 690
6334 99
9106 21
7927 153
8417 129
9261 63
9134 824
8437 811
6246 328
8169 469
5232 802
6997 426
8589 164
8429 134
6688 733
6528 672
7188 401
7747 947
8249 257
5685 9
7007 417
5483 647
9502 259
7616 234
8780 330
9873 495
5979 218
6377 112
8343 690
9964 515
5476 463
9584 238
8970 864
5655 866
5034 846
5009 509
6138 73
8049 632
7124 877
8098 33
9041 272
9957 432
6711 816
7935 619
7817 602
8698 205
7972 436
8869 200
6282 521
9839 475
8147 812
7576 848
8673 643
9269 497
5402 334
8004 213
6128 789
7944 848
5164 179
7312 218
7477 102
6203 775
8451 216
5955 298
8795 510
8594 704
8184 660
8605 628
6636 497
7130 703
9573 16
9821 666
7693 79
6525 786
5926 473
6876 879
8213 641
5916 254
9810 496
6599 705
5229 443
8371 851
6383 684
8967 114
9484 789
8070 403
5020 482
7426 232
6502 220
7269 758
8932 804
9239 313
6859 655
7803 704
6627 956
7110 62
6814 513
6259 73
9956 805
6758 49
7039 680
9821 434
5989 458
9210 557
8837 527
8470 137
8902 906
9370 739
5264 917
8233 564
5791 154
8751 703
6458 464
8034 352
8809 370
7263 943
9804 776
5966 168
9592 761
5795 845
6656 700
5595 212
8237 22
8693 845
5971 352
7225 496
9257 514
9496 332
8498 104
9945 252
9115 17
5820 369
9598 495
8790 851
5532 681
7232 855
8018 678
5636 201
8354 102
7866 534
5694 87
7518 332
6619 576
5915 511
8571 637
9437 51
8506 161
6043 423
8282 372
5332 510
6989 509
9234 165
9196 212
9198 541
8764 351
7285 884
9618 358
8309 577
8702 29
7117 463
7381 432
7078 902
5005 578
6762 398
9947 66
6708 289
6647 987
9343 351
8571 664
6213 995
7963 569
5993 246
9866 53
9795 915
7143 258
6906 518
7661 94
9087 858
9451 22
7462 911
6957 666
5985 355
7369 281
7110 200
9665 332
9801 8
7292 834
9239 86
5886 676
5787 39
7134 40
6089 270
5633 636
5783 915
8415 564
6886 101
9371 213
5654 975
8850 736
8003 813
5585 243
8108 540
8261 226
6495 380
7712 645
9709 628
9643 404
8258 353
9237 235
8015 353
7364 770
8455 436
6920 630
6923 651
7645 991
7223 774
5493 261
7805 449
7245 425
6976 223
5170 99
5850 117
5040 65
6108 377
6901 339
8293 784
5320 660
8819 549
5947 613
5560 369
5661 893
8663 348
6880 565
7868 411
5401 108
7522 23
9085 930
9207 396
8941 965
9681 102
8378 449
5007 367
8474 862
5233 74
8650 277
9107 966
7277 182
6030 652
5270 422
6930 564
8989 724
8777 647
6057 181
7799 170
9318 679
6352 496
7951 392
6795 230
7843 373
9599 402
5065 306
6042 124
9871 476
5621 94
5775 653
9881 951
8709 260
5860 246
7560 637
9789 870
7982 716
8422 299
6901 699
6347 148
7866 848
8524 426
7361 554
5609 184
5230 914
7368 437
5338 888
5270 835
9718 176
8766 326
8056 144
6549 107
9332 172
9106 57
8463 393
7136 484
6110 132
9122 443
5191 156
7445 826
5575 558
5286 33
7449 376
7230 234
8246 297
9202 813
8557 46
8837 270
7527 720
6001 319
7796 120
7668 227
7223 581
6551 135
5700 481
7848 461
9001 834
9589 373
5081 388
7261 141
5587 362
5252 941
9135 735
8268 837
5366 756
5417 977
5242 880
8388 3
7417 528
9325 989
9967 603
8427 77
9087 569
8402 199
7832 959
6199 559
9840 922
5515 490
8336 848
5690 101
6704 303
6658 860
9578 422
8650 280
7429 862
8340 323
5384 762
8706 261
5489 573
8943 196
8672 823
9787 756
9549 639
5914 649
8891 193
7853 65
7324 465
6447 527
8413 285
5840 389
9298 925
7044 639
9872 180
5860 990
5923 839
5349 817
8579 578
7637 36
6408 878
6596 39
7366 106
8806 132
8406 129
7523 199
5196 784
7253 689
5638 387
7173 135
8112 108
8353 686
9890 131
6826 984
7781 336
5092 196
8631 562
9118 884
8558 106
8136 500
9135 705
5598 591
7639 854
5298 808
7251 377
7865 435
8725 98
9844 451
7954 887
7248 830
6711 898
7636 782
8990 698
7956 737
6327 609
6911 772
6927 2
5507 496
7423 541
9956 26
5612 296
7146 95
6969 60
5629 791
9009 14
9336 158
9338 835
5694 250
6734 504
9931 48
5080 418
6487 1
7289 5
6294 239
8167 158
7660 561
5980 643
6852 956
8223 978
7226 615
9840 710
9072 887
7462 653
9199 668
9317 98
7399 555
5670 911
5231 629
6159 836
7667 293
7048 207
6468 61
9855 67
8084 553
8573 25
8113 477
8477 231
5382 939
7022 366
6410 206
7533 390
6208 38
6541 194
6344 701
8028 217
8143 690
5835 29
9145 987
8419 547
6918 804
5625 108
6968 718
8450 753
8436 503
6910 92
6752 510
8547 615
7365 345
9146 576
8034 738
7335 449
9145 794
7709 494
8442 883
6164 639
6062 417
5147 897
9278 172
8800 208
6158 698
9163 119
5730 695
5467 865
8067 670
8584 307
7085 752
6354 881
6208 790
9714 471
9877 125
9368 233
8823 256
8439 465
8109 88
5776 483
7477 996
6781 23
7663 273
7531 939
6711 362
9704 854
6844 824
8666 138
9286 300
6324 639
7363 198
7707 425
6016 774
6586 906
6341 498
8977 440
6420 603
5610 750
6662 919
6532 374
6121 945
5623 121
7849 309
9328 479
6754 450
9366 739
9288 94
5923 883
5936 924
8388 862
5035 478
5828 224
7920 989
6627 242
7736 720
6031 928
8277 57
5237 133
5856 475
6177 2
9701 136
7854 962
5224 835
6405 813
9608 91
9377 276
6585 62
7441 872
5439 47
6955 481
5425 518
8002 35
5626 396
6451 665
8680 806
9505 676
5981 86
7714 876
6402 833
7533 213
6095 475
7758 177
8273 811
5520 658
5055 611
6824 908
8094 934
5407 805
7034 771
6673 642
6630 444
7954 616
5356 367
7377 112
6184 300
8082 938
8429 926
6889 941
5490 864
5284 284
6845 53
8511 221
5190 52
6090 141
6496 687
6308 802
6372 699
6018 242
6700 527
8792 493
7654 696
9446 606
6635 345
5735 64
5680 270
6485 639
5483 656
7135 783
5952 166
8995 17
9821 279
6845 787
9845 369
6006 860
6989 496
5958 926
7733 399
8372 676
9305 253
9791 323
6424 144
9424 854
5846 404
5794 147
6196 977
6927 634
9115 590
5619 631
6561 158
7161 456
8535 903
9149 579
6971 401
8198 999
8639 773
5796 184
9136 959
7448 776
6886 432
8782 40
9236 486
5746 551
9990 95
7560 772
7734 110
9691 765
9505 237
6875 872
6347 723
6582 837
8812 276
8092 102
7910 564
9197 165
8276 996
8752 732
6752 807
5399 324
6102 977
7592 13
6345 942
9762 195
7469 440
7852 145
5050 499
6318 118
9106 65
7085 170
8177 686
6913 516
7392 888
9358 546
8409 646
8160 879
9554 846
7454 543
8647 821
9841 722
5655 802
7925 835
8528 657
7578 662
6533 94
5556 760
9942 646
5583 88
8371 815
8962 171
6687 896
6486 877
6039 215
6152 566
7679 898
8113 359
7026 575
9103 630
9007 497
6810 385
8495 239
8392 966
7533 246
9299 255
9815 273
6346 59
9395 668
7497 279
6769 542
9499 900
6627 476
6374 226
9898 108
6770 722
8753 778
8134 431
9405 589
7715 795
7441 871
5014 147
8408 785
7514 385
6353 389
7609 199
5001 514
8679 455
5896 806
5229 380
6434 938
6491 236
9710 192
7166 772
7471 452
5151 355
7721 557
8860 933
9959 240
6727 501
5166 947
7529 912
9568 784
7217 180
6527 943
5000 145
5958 913
6851 377
6480 155
7281 469
8490 754
8257 683
6924 282
5181 672
7344 512
5475 796
7558 329
8574 293
5648 428
9426 163
7048 958
6187 636
6955 250
9832 259
7493 455
8432 7
5735 995
7516 48
5470 17
9082 757
7776 250
7240 870
5944 768
6227 866
6007 304
5010 162
6692 272
8795 214
9941 376
6322 958
8880 790
6788 474
7999 14
9480 407
6704 151
8768 554
6681 990
9540 202
9964 65
8720 379
7972 249
9740 901
7655 20
8549 769
8022 132
8740 25
5345 752
8721 264
7599 997
7740 87
7845 458
8072 657
9604 850
6635 788
6144 264
9363 501
8835 61
8957 964
5780 168
6353 252
8535 130
8191 865
7313 287
8889 958
7308 358
6735 683
8597 348
9109 396
6019 30
9502 686
5118 574
8338 390
6509 237
9186 603
5646 798
6210 653
9167 238
9224 397
6429 393
6253 158
8601 191
5486 300
8612 644
8129 877
7899 857
9158 330
5322 162
7998 77
8143 142
7090 173
6580 624
6403 947
6164 199
8402 963
7866 160
7784 347
5946 476
7772 791
7295 69
8715 976
7579 692
7492 15
8624 566
5333 198
9862 905
7132 665
7157 890
7641 932
8223 884
5658 864
7785 726
8781 165
5206 52
7814 380
5629 547
8869 262
6750 35
7172 474
7298 958
7740 568
5257 185
5432 733
9553 750
5580 40
6714 930
7778 499
7438 514
8333 984
7421 587
7312 191
8220 267
9064 743
6276 118
9871 170
5030 473
8559 412
5500 779
5968 101
6705 677
9992 601
5930 301
8918 594
5545 548
6149 463
5018 909
8908 375
8204 266
9784 259
7068 151
7256 361
5179 992
6041 500
6765 396
7425 188
7781 387
9445 325
5220 522
5494 909
5447 776
8960 767
6292 591
8248 978
6124 198
5826 834
9938 984
9348 330
5829 946
7675 726
7881 161
7789 804
8517 196
8988 866
9659 593
8362 803
5147 851
8136 82
5556 793
9968 277
9424 857
6229 852
6112 659
5398 794
9299 73
5362 432
6855 112
6621 128
7774 392
7171 224
6454 346
5067 565
9738 904
8866 868
5029 102
7642 162
5061 281
9598 103
8282 383
6094 69
8535 216
6696 304
6691 327
8518 684
5845 881
7912 446
6497 713
7970 885
9215 146
5795 813
7139 339
6902 752
5824 147
9779 641
6380 575
9406 113
5722 901
7592 146
8941 216
5189 176
8170 757
5229 380
9890 904
6570 873
6274 566
8733 406
5845 796
7102 191
8682 821
7978 466
6017 968
8075 222
8645 289
9507 124
8821 776
5548 753
5316 396
9704 130
5597 391
5445 456
8187 871
6057 932
8263 737
7963 631
6765 495
7975 755
7849 315
6554 399
8923 946
7303 571
9057 912
5942 79
5525 619
8520 924
5617 261
8278 707
8361 164
9590 782
6301 237
5295 114
8479 381
9047 641
5887 408
8480 318
8607 84
8607 821
5063 257
9877 851
8505 99
6785 159
7531 802
8993 297
6105 624
5323 965
5753 83
6030 392
7808 917
9481 888
6040 761
6961 168
8756 798
8324 712
6056 660
5364 554
5007 804
5689 98
5483 482
6050 195
7489 41
9633 878
6677 247
7017 126
9223 986
9498 381
9272 506
9290 28
8785 880
7449 54
8662 38
9620 241
8060 633
5648 608
7116 292
5043 930
7383 911
8941 210
7565 686
8435 886
9610 111
5394 627
5100 746
9966 59
7758 373
8951 203
7586 689
6700 866
8890 303
7302 719
7745 371
9900 300
9312 304
8428 619
7935 257
8129 835
7075 127
8963 822
7646 786
9828 542
7732 646
8172 553
7950 153
9617 798
7428 181
6661 604
8892 972
5334 399
5302 122
5869 608
8760 54
9301 981
7102 963
7958 555
9765 634
5906 274
5324 629
6541 656
7214 775
5102 756
5076 718
8339 85
6698 106
9580 365
8974 789
6164 621
8822 413
9933 334
5334 164
7190 565
6364 400
9925 753
6187 640
6205 168
8320 808
7562 615
6355 24
5493 167
9019 120
8901 423
8562 357
7768 496
9153 824
7852 812
5989 660
8648 796
9424 738
5683 610
9155 303
5878 166
7582 590
6290 827
5429 895
6742 345
8153 301
9624 947
6350 498
7813 706
7856 370
5727 887
5132 976
8469 755
8220 40
8798 562
8348 822
9370 679
8193 807
5504 570
6431 117
8096 707
6132 941
8152 325
9463 306
7115 588
5891 342
7789 949
8867 308
8595 140
5735 429
6046 987
8486 877
9516 786
6842 72
7107 38
9255 519
5721 259
7502 70
6771 888
8715 956
7492 985
5654 316
8775 418
8672 162
9512 722
9990 634
8987 744
7469 889
9765 45
8594 356
5381 672
8791 647
6712 752
9528 757
9465 56
7009 958
5252 469
5631 993
9158 481
9402 520
8573 700
9947 165
6362 217
6767 31
7349 535
9011 751
6824 727
8731 131
6326 961
8074 225
9323 88
7499 10
7470 529
6709 914
5006 405
5181 567
8192 449
7521 307
7642 617
9244 212
6941 786
5110 712
6422 826
5943 275
8688 507
8850 1000
8204 135
9458 954
5147 470
6997 107
8937 88
6835 847
5744 143
5744 904
6520 615
6708 373
9749 638
6115 151
6273 695
9902 337
5639 431
9174 722
5994 208
9144 226
6170 685
5294 580
8933 835
8210 670
5185 928
5992 196
5567 953
6073 740
6864 214
7050 928
8773 34
7054 473
8020 943
6595 193
6721 606
6624 676
7288 387
6695 117
7310 980
6977 750
7498 2
8954 775
8781 803
5138 669
5997 768
7366 892
7634 627
8685 716
8214 863
5471 900
8347 323
8881 507
8150 178
7977 27
9300 435
9086 264
9520 918
5866 577
7552 390
5114 43
9494 747
9912 922
6285 81
5990 543
8262 334
7456 926
7304 605
8331 482
5534 749
6420 172
6472 1
5928 654
7080 710
6258 808
7300 452
9419 86
6036 936
5343 152
7435 756
9905 342
5967 620
6495 612
6476 217
8925 475
6171 692
9388 805
7273 481
6658 393
5801 148
7933 444
5779 414
6558 750
6920 553
8602 126
6499 362
8134 438
5681 805
9982 726
9537 601
7975 423
8958 199
6561 777
6650 404
7339 497
5688 653
9242 37
7796 305
9503 141
5373 398
5252 786
7325 716
9534 73
9960 206
9879 968
7593 239
9155 323
6828 386
8478 307
5657 990
5759 461
6178 407
9832 814
7397 530
8831 653
9294 10
8386 418
7455 626
8275 618
9720 98
7238 531
8428 731
7802 612
7705 826
6431 44
8982 521
5532 827
6193 756
