
100 995
94 485
506 326
416 248
992 421
649 322
237 795
457 43
815 845
446 955
422 252
791 9
359 901
667 122
598 94
7 738
544 574
334 715
766 882
994 367
893 984
633 299
131 433
428 682
700 72
617 874
874 138
720 856
419 145
794 995
196 529
997 199
116 277
908 97
539 719
707 242
569 107
537 122
931 70
726 98
487 600
772 645
513 267
81 972
943 895
58 213
303 748
764 487
536 923
724 29
789 674
479 540
142 554
339 467
641 46
196 710
494 553
66 191
824 724
208 730
711 988
800 90
314 340
289 549
401 196
466 865
689 678
833 570
225 936
244 722
849 651
113 123
379 431
361 508
65 585
486 853
686 642
286 992
889 725
24 286
491 812
891 859
90 663
181 88
214 179
17 187
472 619
418 261
419 846
356 192
682 261
306 514
201 886
385 530
952 849
500 294
194 799
737 391
324 330
992 298
224 790
5623 638
6642 679
6748 762
7307 63
6012 865
7315 870
9279 717
9322 379
6343 337
9839 555
8268 131
5015 893
6317 783
7784 502
6615 506
7506 529
7409 368
7222 990
8654 199
9165 687
8134 35
7801 348
6328 181
9067 310
8558 740
5481 730
6273 667
8464 20
6016 346
8106 856
6733 61
8809 709
8995 314
6464 784
8238 881
6304 738
5324 48
8855 619
8339 622
5184 671
8396 207
9120 995
6079 725
9542 857
9355 274
8281 21
5853 362
5760 31
9856 673
7698 22
7526 175
7932 682
8095 429
8487 724
9193 62
6522 628
9210 930
7217 10
9391 747
7184 883
8983 683
6315 587
9383 241
7382 200
9225 722
6500 951
9904 483
5075 565
5194 954
8139 859
9822 883
8046 543
7870 985
5659 418
5296 979
8340 814
7357 244
7149 714
6010 155
9461 37
7645 799
8045 261
8019 287
7414 11
6520 971
8039 70
5943 851
7312 253
6168 486
9012 495
5803 413
5618 730
7186 450
8861 120
8885 145
5550 501
5364 927
5205 455
5422 263
9066 634
