2000 10011
482 485
257 326
286 248
517 421
404 322
713 795
45 43
924 845
873 955
160 252
1 9
838 901
40 122
58 94
676 738
627 574
766 715
862 882
405 367
923 984
379 299
461 433
612 682
133 72
813 874
97 138
908 856
165 145
996 995
623 529
220 199
298 277
157 97
723 719
144 242
48 107
129 122
148 70
35 98
644 600
632 645
272 267
1040 972
977 895
312 213
778 748
567 487
965 923
1 29
616 674
569 540
628 554
493 467
76 46
733 710
575 553
288 191
775 724
723 730
912 988
64 90
354 340
565 549
210 196
922 865
775 678
566 570
934 936
626 722
742 651
194 123
485 431
483 508
617 585
876 853
653 642
896 992
652 725
220 286
727 812
900 859
563 663
56 88
157 179
280 187
537 619
284 261
920 846
124 192
239 261
459 514
931 886
504 530
910 849
382 294
795 799
485 391
351 330
289 298
865 790
250 275
738 826
75 72
788 866
947 951
651 748
595 685
993 956
663 564
265 183
338 400
637 721
206 207
328 323
618 611
64 116
139 109
806 795
412 343
912 862
715 685
1 10
929 881
1025 984
410 403
273 360
507 449
450 541
174 272
882 877
427 359
787 707
355 308
734 770
1 30
248 208
397 311
159 100
874 939
449 422
857 785
286 370
976 989
908 969
103 143
1071 972
1 28
117 61
697 638
424 348
439 347
74 66
442 391
568 638
195 295
854 826
281 196
433 449
845 855
224 143
487 487
181 140
496 564
690 615
124 135
575 564
374 360
766 793
149 163
776 859
793 760
674 711
696 662
90 159
732 660
214 268
935 948
228 315
619 676
349 341
734 689
964 894
644 706
484 490
491 478
628 671
1009 932
944 899
315 237
92 187
554 472
757 772
88 98
952 906
818 911
628 635
316 225
818 823
255 164
432 343
763 732
490 502
721 740
587 576
530 612
992 902
491 454
343 411
880 973
645 703
761 850
152 77
241 220
727 802
352 403
246 181
1 10
479 525
958 919
749 668
551 527
538 462
319 291
580 605
501 457
487 405
349 417
252 279
731 685
637 596
339 307
257 224
271 322
740 840
1002 975
404 401
190 91
254 327
277 330
100 182
648 603
810 793
535 615
702 733
855 864
76 16
773 863
917 987
279 306
123 34
922 840
613 700
658 706
705 787
101 105
807 834
883 798
358 310
634 609
786 690
618 561
644 579
141 60
466 388
340 309
495 407
283 200
352 313
886 970
95 33
291 273
217 277
1007 997
1 40
219 227
764 860
1025 940
600 608
895 990
690 590
738 806
1 52
772 801
727 764
774 710
340 386
503 593
1 50
432 494
228 156
993 936
1058 965
130 86
821 723
189 184
943 868
343 340
404 412
560 487
196 209
418 346
782 860
314 307
59 95
778 821
979 941
828 821
584 587
122 201
741 665
566 527
760 812
385 424
395 459
250 343
789 836
492 506
261 179
914 916
380 430
537 596
731 808
361 269
473 512
737 811
708 685
635 567
804 776
827 855
695 718
756 853
57 97
178 146
688 746
1 15
871 965
415 512
510 480
1057 958
764 665
193 191
905 964
583 515
696 606
887 822
444 536
741 693
12 19
313 335
81 101
828 922
354 294
981 910
499 410
283 250
545 546
635 729
540 609
689 720
946 976
730 759
703 798
14 74
644 648
241 299
793 785
912 846
461 390
801 897
424 416
744 837
272 247
338 293
193 144
987 938
432 467
505 480
944 955
653 665
38 26
468 564
461 449
1 26
576 521
329 301
274 321
701 613
432 388
851 879
915 990
137 188
927 963
903 820
373 300
770 822
160 255
285 277
231 153
366 400
317 227
423 518
420 447
216 315
772 813
271 324
566 502
243 299
725 780
390 376
491 516
225 212
392 329
781 810
434 486
535 485
368 416
938 952
946 894
353 358
1 21
707 647
143 44
630 683
364 361
822 814
147 231
54 8
91 165
431 496
606 699
917 852
553 459
473 535
222 314
954 944
369 306
413 459
717 637
491 447
447 408
44 107
994 962
518 565
448 407
931 857
369 317
181 98
815 818
655 600
267 288
960 902
611 567
271 190
771 749
993 908
359 276
810 748
563 592
360 393
264 363
199 163
1074 983
131 179
41 16
423 478
197 259
779 868
344 295
536 596
140 71
669 622
938 864
715 644
67 5
321 365
434 429
19 64
928 854
759 770
178 88
160 157
277 368
467 421
653 719
330 271
966 975
817 816
1045 962
508 535
492 438
743 696
884 881
259 318
56 45
1 52
421 496
270 313
99 138
429 334
1004 988
512 508
702 770
657 751
862 780
516 441
246 207
592 516
641 674
390 408
831 920
522 573
611 634
825 878
929 990
734 826
718 696
883 800
355 411
426 422
668 707
235 334
1080 986
397 494
137 150
648 562
342 380
799 832
1067 979
313 376
452 511
441 414
214 160
1059 982
260 238
579 490
897 899
316 251
526 526
909 897
139 39
634 657
384 452
577 538
840 831
509 460
262 185
934 934
513 440
556 490
97 168
107 71
937 977
370 458
193 204
802 803
134 139
390 399
439 420
1034 991
636 578
1008 972
191 177
429 398
445 348
483 496
347 276
769 825
540 614
212 121
789 730
317 341
381 284
714 698
24 17
570 546
771 672
1052 974
776 866
290 377
470 559
367 340
626 527
879 779
688 761
553 483
112 92
440 390
510 583
741 661
473 391
289 336
574 661
85 125
36 89
362 275
310 359
129 178
763 780
31 42
69 5
470 380
739 772
726 816
57 9
476 484
498 545
669 589
112 157
934 901
854 777
112 74
246 247
1 55
481 479
883 785
1051 958
763 680
417 393
900 944
573 596
601 619
588 611
900 852
327 283
199 299
847 766
240 312
862 826
635 726
680 733
806 805
767 679
495 403
870 964
259 337
476 541
512 478
467 369
1001 946
798 821
819 833
835 837
502 490
119 37
652 594
82 129
242 258
215 246
291 362
687 755
550 504
1 71
249 177
203 176
865 803
189 237
758 677
90 33
188 115
621 597
807 769
481 536
1031 956
349 341
222 184
260 234
551 569
245 216
631 537
183 84
873 810
656 657
5 33
137 159
579 520
656 668
373 287
232 229
352 374
428 474
598 672
943 915
582 511
120 123
573 569
218 199
347 396
628 715
1 59
642 610
959 917
983 927
186 270
60 117
513 516
143 215
234 216
290 237
597 615
452 499
521 477
837 760
267 285
20 56
1027 966
690 622
235 221
199 194
186 91
374 347
244 252
424 473
438 516
385 385
337 357
945 958
686 665
698 792
16 64
464 420
655 671
911 968
839 877
144 177
535 523
65 139
230 152
806 732
312 246
578 565
699 740
817 902
105 17
886 973
360 298
658 611
53 32
1 11
319 337
36 136
879 889
595 522
721 805
80 28
981 931
838 757
654 609
480 544
973 905
647 595
243 246
152 113
183 175
140 156
263 244
856 883
338 265
792 883
403 462
560 485
238 272
214 204
1011 984
453 409
330 398
819 909
469 370
882 882
279 214
811 766
82 35
341 421
271 271
397 370
876 848
128 50
1016 976
243 270
843 796
949 963
451 379
1091 991
594 551
867 897
353 307
471 421
100 74
401 388
591 559
884 980
607 615
651 681
209 231
133 207
741 818
372 331
950 979
403 445
419 348
780 724
345 401
618 646
766 668
335 242
288 302
795 861
777 830
117 77
541 441
499 589
1025 990
217 189
799 868
944 996
329 363
232 237
367 420
552 565
220 214
353 333
811 726
176 175
35 58
548 625
1 66
142 169
400 475
298 204
27 90
421 496
40 1
462 474
359 449
299 252
395 332
382 287
206 189
980 889
1 63
285 378
109 206
813 897
219 230
361 382
601 575
155 60
442 529
405 477
253 290
57 89
894 961
548 461
763 702
542 532
704 680
44 53
545 642
1018 1000
803 891
730 822
59 152
423 324
590 633
266 267
325 381
307 272
422 506
403 419
524 461
613 526
1033 978
403 468
820 729
777 795
631 581
298 383
302 226
505 421
461 386
351 273
556 484
638 676
152 107
236 229
831 902
882 962
38 105
100 84
1006 991
661 701
596 689
748 655
528 600
587 538
492 499
783 881
1017 981
546 473
368 383
618 679
662 573
563 589
553 480
161 145
612 624
926 923
972 915
249 232
948 974
662 735
735 678
682 640
722 644
146 212
75 123
276 253
890 943
1 18
1007 916
302 327
607 640
646 615
488 470
565 655
239 288
448 401
906 840
564 633
647 707
339 424
757 682
213 194
829 855
229 190
703 728
257 178
255 275
123 88
321 367
517 544
768 738
1040 963
439 460
282 266
739 727
128 33
471 442
714 628
467 384
298 244
411 482
760 765
435 446
245 247
865 913
658 560
457 528
694 594
882 935
415 462
555 621
705 660
525 564
276 302
871 936
582 592
639 724
181 118
200 299
201 251
35 129
5 96
85 167
239 169
359 381
948 976
771 767
804 837
457 407
284 203
485 387
803 735
629 706
358 335
13 40
808 821
68 131
96 159
956 978
101 53
767 849
577 478
1 19
278 230
388 453
318 336
847 931
592 588
494 449
615 566
265 272
806 883
754 731
94 80
113 213
203 177
896 872
712 626
1000 940
69 150
279 379
847 833
509 517
686 724
946 973
652 581
872 839
237 272
314 412
789 839
440 492
526 553
714 718
791 738
816 839
385 390
557 588
562 523
715 630
815 770
752 746
1 49
280 369
498 537
116 115
155 215
872 971
572 602
551 551
1 40
399 494
306 252
153 158
81 72
84 177
755 667
504 483
724 815
94 19
725 745
266 339
660 614
263 302
341 319
635 670
519 513
647 566
24 27
259 322
707 645
162 210
925 841
830 925
600 521
931 975
177 269
862 929
437 478
918 970
737 684
227 231
595 673
343 348
194 232
683 727
616 597
401 397
608 539
923 907
928 892
731 699
435 408
265 361
828 789
583 529
275 190
812 880
212 236
659 715
725 718
348 439
774 814
845 902
593 658
393 410
511 412
5 90
689 678
916 951
120 37
624 593
781 737
174 211
156 134
769 847
433 490
57 95
389 435
822 737
760 860
360 310
545 548
991 984
669 660
142 86
707 635
935 941
156 56
357 372
630 650
1041 964
734 735
730 682
166 151
223 283
834 773
648 643
918 898
781 817
362 269
760 731
454 507
853 841
294 207
779 752
407 318
86 126
182 153
49 101
623 560
786 743
765 816
981 980
29 1
69 82
914 886
448 377
476 465
752 753
847 842
609 547
660 580
700 754
1 37
616 548
963 896
735 656
615 537
143 78
582 540
525 597
253 314
877 845
321 361
988 930
562 654
866 841
754 810
193 98
846 814
977 898
220 237
310 236
375 397
512 468
112 160
176 168
262 189
123 123
826 783
1063 991
839 775
505 565
838 906
680 604
229 233
759 693
188 209
241 279
166 231
773 675
324 370
777 814
285 276
200 238
663 710
916 931
833 879
433 492
168 81
386 347
360 417
612 582
755 801
282 195
474 403
215 247
351 356
571 627
838 858
722 803
277 236
521 572
585 485
526 586
808 748
291 235
838 859
793 788
394 345
801 861
395 342
783 779
555 595
910 963
195 260
315 366
796 835
687 733
808 834
357 442
690 773
974 880
928 873
722 793
164 173
394 402
38 60
688 628
1 19
146 146
741 685
88 138
636 593
265 202
590 500
66 89
508 433
133 63
494 514
785 865
433 393
364 269
129 111
659 614
330 272
950 973
673 609
285 236
493 496
120 24
795 871
186 227
391 420
933 850
112 127
186 170
190 224
714 722
267 189
548 597
346 286
1 22
958 957
576 536
311 221
292 281
261 238
622 531
472 449
714 735
575 670
667 646
297 272
546 605
390 394
595 508
570 537
893 955
408 477
947 969
697 692
896 963
914 829
623 638
122 206
229 185
210 187
36 129
266 300
207 114
391 305
174 199
897 916
802 839
966 899
464 452
163 185
552 561
825 848
167 191
864 830
885 860
952 873
574 649
632 591
915 974
1037 974
471 452
364 397
331 350
671 597
34 13
405 392
273 343
844 756
438 387
888 924
174 188
1 68
581 552
112 166
406 435
3 14
782 797
186 254
228 300
483 431
346 367
220 197
237 233
249 149
51 62
1 38
106 69
430 425
855 810
834 878
484 503
240 308
781 798
394 437
805 798
23 36
527 583
418 412
182 195
783 878
347 388
478 438
435 532
18 3
332 268
373 417
282 277
273 229
486 445
358 380
884 974
329 248
491 433
1039 1000
781 874
889 939
813 760
538 473
721 811
810 766
236 306
558 556
527 521
377 364
467 460
230 136
537 458
839 784
623 648
693 783
922 960
42 137
524 591
845 875
503 440
310 263
91 40
916 835
863 943
726 749
214 263
621 597
59 5
1029 999
118 161
1 35
933 891
377 459
926 996
675 592
1 54
1080 985
444 401
259 298
383 459
144 77
617 611
169 159
392 467
821 737
887 895
135 49
482 382
347 285
326 388
1048 972
353 265
691 729
822 810
1056 973
867 818
349 295
566 532
126 58
758 736
113 187
923 896
1063 998
914 997
564 476
221 259
536 475
465 494
124 130
222 151
669 639
774 855
565 480
431 478
471 386
602 672
371 361
821 894
447 460
122 148
749 660
706 628
367 329
898 975
17 1
584 507
815 750
53 109
878 915
735 700
38 75
880 896
233 229
1 85
147 144
595 536
841 919
584 516
425 473
1 25
1 25
682 611
22 44
798 722
954 980
615 563
585 672
976 914
448 541
917 882
178 142
346 259
113 35
641 543
652 689
819 721
235 142
509 530
602 503
519 450
305 248
608 599
911 919
546 636
205 181
799 873
112 154
440 427
669 604
313 313
441 363
601 594
815 813
898 829
133 49
808 791
463 554
471 499
215 226
325 345
402 432
671 758
113 64
933 843
585 637
945 941
891 965
502 448
798 857
982 968
258 351
691 758
307 351
901 980
670 662
338 357
921 914
642 548
793 723
1 23
214 170
326 351
35 113
755 783
747 766
497 527
233 206
551 644
348 258
921 861
675 728
122 69
173 128
397 392
81 145
112 51
179 112
245 253
300 340
1027 932
832 817
970 965
493 480
633 724
812 839
549 500
726 746
767 811
450 373
641 605
351 252
162 172
388 394
229 177
84 98
325 377
518 486
792 855
382 290
146 130
426 355
885 842
255 233
81 101
671 686
676 736
844 930
748 700
92 69
696 607
949 879
904 916
1037 960
345 408
681 679
130 138
123 185
684 782
9 49
464 453
551 630
364 429
845 853
450 545
645 651
853 765
155 159
1007 1000
120 179
743 717
816 885
71 32
833 838
148 186
486 470
270 185
836 921
385 376
954 986
852 934
90 171
552 645
1 46
762 681
1 43
231 234
99 103
536 496
486 389
945 931
639 579
164 132
966 908
679 772
736 677
425 343
714 703
134 139
337 344
418 387
840 909
471 539
361 304
745 655
374 378
153 92
841 862
428 411
420 362
383 397
331 290
182 152
687 611
188 173
226 137
982 946
432 365
410 475
971 982
832 920
710 802
1 66
711 778
715 744
535 464
399 313
401 341
620 685
339 331
150 85
741 676
89 91
535 534
229 166
124 51
970 966
849 841
558 625
173 114
1 16
29 113
800 826
581 506
794 738
657 564
364 455
711 735
283 264
526 548
717 738
900 853
557 575
495 569
316 365
599 620
340 264
144 193
1 21
285 373
168 84
167 250
190 288
86 132
180 151
337 419
522 521
907 974
601 655
690 648
830 737
398 298
227 187
1017 981
870 965
979 954
149 166
330 248
655 636
565 560
624 563
11 24
813 896
821 803
1 16
291 274
809 714
406 449
192 229
188 280
494 423
769 868
115 124
945 970
312 231
859 935
809 808
61 23
110 210
149 88
192 151
742 770
600 555
580 613
771 866
230 223
258 303
383 305
312 306
951 900
962 964
467 397
966 898
63 59
571 628
182 225
473 537
624 612
619 633
275 314
551 478
1071 981
868 904
776 819
187 108
245 179
196 152
686 598
321 349
100 80
796 762
292 314
417 513
293 205
510 584
731 652
983 894
149 198
220 143
601 671
304 302
575 611
631 631
533 526
533 526
439 403
141 231
794 830
242 283
772 864
728 755
62 159
141 220
454 447
892 800
880 833
804 805
724 791
499 412
850 857
476 408
859 895
313 360
874 827
875 971
909 961
431 519
432 335
329 238
935 883
204 222
827 886
764 708
376 475
933 876
69 123
76 127
310 384
798 745
311 284
388 429
776 685
593 512
577 503
576 599
925 983
439 462
1064 992
236 270
393 491
267 282
766 831
146 167
28 115
579 661
539 564
902 934
527 608
586 513
1 53
725 659
706 646
120 164
752 763
828 825
887 949
321 355
775 811
188 164
766 851
253 289
483 392
130 224
419 460
886 903
440 347
579 638
45 101
666 587
736 797
792 881
219 210
194 243
938 969
225 298
161 253
576 593
439 453
663 657
172 72
225 222
402 319
1 61
750 694
448 384
739 801
218 136
522 536
1012 958
557 647
610 526
1 28
999 904
484 509
922 884
539 565
635 601
417 323
615 522
149 192
66 103
483 451
903 867
555 602
874 783
346 311
1027 994
187 172
1 51
332 389
193 237
796 721
561 597
417 492
248 331
358 380
190 259
653 726
54 55
496 501
395 459
729 790
1 4
715 634
170 117
666 601
711 808
457 544
504 542
598 590
829 827
864 817
657 617
1 32
815 879
593 692
709 685
90 88
820 911
553 546
528 580
948 997
1018 937
1069 988
433 351
563 661
617 630
367 360
897 908
263 203
545 479
270 251
212 162
967 905
227 167
779 862
346 369
86 181
684 765
291 251
992 909
712 645
664 568
896 847
547 538
466 540
193 99
438 423
323 246
88 165
549 544
120 52
218 131
273 372
500 471
651 625
696 684
432 378
542 534
46 73
458 540
639 671
207 127
507 412
1067 972
825 823
716 663
755 784
608 588
514 496
209 170
133 153
209 199
216 152
355 258
208 283
305 289
616 608
428 463
157 180
404 329
271 221
266 294
119 125
534 625
376 427
712 796
131 151
883 867
214 122
416 370
752 840
41 115
806 875
947 912
163 85
958 969
734 714
8412 130
6468 110
7632 625
9728 985
7596 961
7202 909
5289 753
7739 667
8765 883
7788 57
9436 623
5198 614
7861 544
8916 633
5811 320
9510 345
8429 387
8734 586
6318 17
5976 691
7108 160
6140 251
6105 300
8083 503
9572 157
7945 838
9400 353
6121 502
8008 615
7296 747
8862 603
6267 702
7751 645
7799 653
5591 938
5320 664
7914 961
5693 132
7445 779
5158 423
7918 419
5511 413
6790 964
8329 565
5264 919
8788 479
5814 282
8617 994
5838 816
6447 427
8673 975
9882 766
5609 981
6516 606
5655 698
8876 607
5855 847
6916 338
5747 599
7204 734
7722 978
8799 86
9439 808
9541 499
6663 302
6988 863
7042 618
5774 50
7567 210
9379 713
5886 950
6168 312
9276 685
6172 739
9797 885
8072 192
9311 306
8086 451
8967 469
5162 725
8975 775
8911 207
6165 531
6167 659
6013 331
8761 901
7223 261
8335 548
9482 670
7192 837
8627 724
7853 863
7492 838
7652 552
8776 338
7509 536
8466 377
8316 705
7317 845
5443 303
7156 500
9525 235
8573 800
8576 984
7287 17
5002 87
5418 631
6067 565
7029 879
7691 154
8419 781
6824 492
9344 515
5444 819
8315 454
6873 664
5701 191
8087 29
9378 84
9043 903
5876 464
7979 813
6362 896
9335 732
6225 980
9387 463
8882 951
7386 945
7633 868
9283 809
6110 145
5459 73
8927 264
5333 718
7826 758
5982 927
6794 403
5450 519
8521 753
5389 626
5191 410
8202 162
9252 67
8068 784
7582 374
9117 116
5808 592
9916 462
8844 655
5579 377
5286 97
7556 190
7884 434
8272 753
9822 793
8648 63
8617 707
9480 611
6395 803
8130 295
5328 992
8722 974
8748 614
9431 25
8271 102
6091 518
5022 865
7558 60
6270 1
9774 340
7159 657
5312 645
5507 839
5665 725
6449 981
5857 951
8691 57
9698 694
9460 540
6194 975
9294 334
9276 575
8365 502
9471 211
5223 85
6711 470
9623 552
7901 129
9054 56
8170 295
9353 765
6673 784
8840 742
5817 983
6824 971
9690 368
9277 280
7879 384
8004 581
9624 521
7087 98
8967 208
9234 742
7543 435
9767 798
8825 152
9165 6
6060 642
5055 267
6947 277
5888 366
6246 453
8657 574
6646 236
5700 96
8425 428
7952 419
5651 784
5195 107
8280 157
8348 707
9887 886
8666 640
8916 841
9346 89
7240 669
7388 143
8982 198
8604 836
7625 198
8872 336
5269 670
6977 799
8891 59
9258 50
7132 437
8146 89
8989 202
8482 799
6461 147
6405 621
5864 897
6970 842
5909 235
6868 186
7187 549
5611 702
7010 355
7033 199
9413 66
5022 361
7240 953
7783 512
9656 330
7390 8
8474 805
8905 829
9657 681
6303 880
6357 218
7649 618
5107 695
6876 619
7297 428
9869 916
9845 456
7583 918
6868 453
6346 787
5931 52
8745 825
8357 644
5538 323
5878 133
5518 471
9134 575
8230 391
7728 551
7014 302
9240 339
5999 471
7910 423
5231 730
8526 898
8120 487
6960 81
9108 190
9452 115
7490 288
5485 387
9218 815
7759 908
9726 765
6493 2
6265 822
5917 841
7895 546
7531 746
9925 603
9649 388
7916 732
5885 496
7558 966
6392 62
7166 704
5482 933
5021 497
6064 198
5371 120
5339 688
6892 300
6510 276
5444 990
6006 869
9290 358
6016 254
6973 20
9631 717
5927 33
7045 424
7852 711
5457 432
5065 940
8674 897
7284 803
6358 964
6287 826
6868 598
5012 763
5263 690
8084 643
6325 712
5812 390
8835 42
9204 678
9976 134
7709 957
9221 632
9580 889
5930 406
9696 518
9711 446
5729 895
7513 170
8982 243
8212 846
5334 310
9570 632
5165 984
8270 936
8392 308
6297 510
9922 306
9736 419
5192 596
8629 873
6959 891
9804 539
7587 284
6863 126
7591 866
6917 611
6629 486
6943 713
5009 579
7325 67
6064 937
8285 521
7924 422
5613 617
9653 780
6801 423
8864 616
7032 342
7234 604
9423 986
8008 125
8299 644
6667 203
7801 10
9802 736
9703 856
6451 859
7422 526
9577 786
9013 581
6762 108
9024 640
5761 385
6459 309
5609 719
9729 99
8383 361
9954 66
8507 911
8246 982
6740 319
5140 563
5273 664
9254 409
5033 2
9460 321
9828 389
8091 376
7306 606
5921 138
5398 969
7951 109
7638 694
5952 965
8488 991
6260 201
6138 939
8279 576
8544 649
6236 87
8564 770
6377 752
6613 21
6144 835
7338 980
8384 828
7209 924
6725 671
5787 680
8620 736
8012 117
9923 165
6541 173
7067 408
7403 337
5600 866
5519 541
6208 174
5409 495
9748 360
8129 300
5076 983
8833 617
6372 527
9722 134
5040 219
7474 692
7200 73
8513 414
5193 120
7130 597
6685 58
8657 559
5595 440
9387 621
5654 771
8414 865
5224 869
9239 103
8873 224
9648 574
9548 593
7181 871
6001 266
7820 207
7592 672
5906 759
7648 453
6838 467
7574 436
8160 836
8979 764
5714 997
8382 562
6312 491
9725 108
5889 582
9076 490
5192 957
8266 67
8064 800
5968 452
9304 146
5203 342
8213 524
9350 720
8160 698
7335 833
6060 643
5307 89
5758 993
5505 824
6416 287
7491 81
5346 476
7830 656
7688 87
8529 119
6350 452
9479 193
6471 286
6797 185
6408 762
8655 50
5324 515
5125 972
8632 706
5149 136
9432 846
6007 347
7584 806
5716 969
9598 882
5532 62
5054 704
8071 845
8727 755
7455 475
8077 234
5368 412
8532 584
7909 688
7526 927
9484 896
5263 439
6194 802
5941 744
9284 100
6684 611
8977 677
6968 880
5901 739
8757 68
9699 836
7244 69
8277 789
9162 626
7971 448
8836 147
7397 883
7716 398
5128 259
8477 925
8504 664
8038 897
8939 630
8519 924
6458 904
7414 649
6163 208
8409 993
9337 403
5505 255
9291 341
6844 404
7682 79
6609 845
5341 595
5834 672
5716 913
8224 119
5704 803
6479 468
8545 598
9585 50
5526 3
6293 983
8496 499
9639 932
9017 758
6336 336
5134 284
5100 950
5648 188
6987 265
5684 411
8536 655
5003 827
9811 206
8563 193
6175 296
9987 134
5809 304
5194 138
7811 203
9040 807
5571 579
7436 872
6787 669
8493 157
6998 822
9021 239
5564 625
6634 276
9339 146
5418 759
5583 925
6451 356
8288 893
5803 9
6172 100
5007 57
6464 883
5265 45
5002 826
6401 123
6540 903
7017 252
5066 207
5058 638
9389 766
6452 881
8777 65
5021 50
6191 915
6490 443
5045 520
5653 761
7595 83
7394 445
6814 781
9836 831
8627 143
7997 943
6040 745
7261 312
9405 576
9008 938
7226 736
7209 532
5300 35
8604 659
5553 232
6740 283
8082 970
5138 930
7086 525
6565 361
5567 812
6403 825
5846 969
6722 940
7342 394
5539 793
9630 307
6942 762
8360 60
6368 89
8565 998
9228 553
8114 851
9023 74
8913 291
8073 86
5749 853
9393 178
7672 815
5870 520
6395 362
5388 520
7372 878
8683 603
8954 425
5481 294
5129 487
6935 479
5933 768
7815 434
5148 873
5229 957
5593 758
7481 975
6545 630
7767 281
8255 786
9080 688
8593 70
9724 871
8673 133
9307 125
9951 9
6206 382
9066 793
8718 514
6023 596
8216 983
7422 795
6092 293
6596 326
5839 439
6768 70
7299 824
8502 214
7987 928
9552 444
9718 493
6921 733
5480 445
5981 422
9899 289
8283 463
5183 450
8094 753
6327 45
5098 268
7420 87
7720 681
7133 917
8973 711
7767 453
5412 66
6620 430
8796 332
8045 344
7529 596
8208 350
9488 993
9729 628
7232 815
7863 392
5933 501
9770 742
9188 23
8203 640
8709 879
6906 247
6124 693
6730 681
9883 838
8870 376
7640 830
5887 632
7079 17
5619 721
9471 853
8748 107
8066 604
5815 93
9587 173
9132 144
5186 409
6234 336
6589 779
7868 185
6707 322
8839 523
5501 549
7458 991
6498 492
6465 737
7181 351
9428 369
5031 847
7802 614
6572 938
8381 251
6786 473
5199 79
9896 457
7598 58
8713 314
9887 55
5090 294
6628 947
6878 600
9926 15
8183 948
6678 453
9033 197
8073 546
6406 39
5658 942
9316 390
9227 856
9739 572
9739 676
8097 302
6062 55
7501 910
8805 871
8161 382
5053 121
6285 754
5550 963
5496 327
6754 280
6317 316
5511 452
5325 543
6793 713
9261 868
6753 182
7122 991
8257 405
6861 266
7170 714
8520 955
9859 179
6415 9
7173 189
8866 760
6396 619
8641 902
9120 284
7294 97
9814 21
7578 867
5123 42
5034 674
7374 469
9515 471
7067 710
9370 115
7818 174
5954 378
5751 210
5745 987
8069 502
8532 612
6623 918
6275 466
6124 948
5657 38
8086 97
6684 67
5506 877
5670 724
6627 412
6075 964
5602 545
5094 414
8537 237
5700 580
5918 116
5425 998
5915 830
9703 160
8540 658
5372 807
5614 680
9667 138
7387 491
5503 949
5096 665
9221 195
6063 46
5070 660
6620 853
9950 398
8872 752
9095 529
7311 373
6762 629
5773 52
8914 28
9895 700
8326 804
6394 265
5111 173
8126 691
6461 73
7887 998
5622 304
5935 169
7219 28
9880 872
8897 613
7356 150
9018 819
8524 997
7268 421
9456 800
9507 874
6034 726
5468 121
9402 613
8819 298
6493 807
8405 1000
5184 346
6661 643
5384 875
8472 93
7746 9
8087 524
8649 354
7691 69
8110 362
9465 596
8385 177
7263 71
8285 252
9789 680
5583 692
8925 857
9654 86
7587 157
6872 505
8010 70
8368 324
6237 617
5540 805
6296 69
6830 874
9390 693
9811 989
7495 731
7198 534
9298 370
9821 485
7326 525
8937 272
8209 843
7249 176
7966 991
9525 181
5845 327
7070 983
6139 797
8001 330
6659 437
9130 903
6777 992
5593 640
5924 957
9735 800
6936 59
8403 717
9165 28
7880 636
8074 887
6504 805
8217 667
7502 675
6725 536
9864 375
7144 189
9655 317
8083 934
6807 984
6778 415
6182 700
5791 488
8491 771
5200 928
5864 498
9773 971
8276 748
7456 183
9494 692
5780 957
5954 846
7839 390
5531 231
5767 603
7590 154
8320 383
6923 207
8171 246
9317 892
7420 257
7870 554
5309 340
5402 303
9382 103
8153 110
5190 27
9968 637
6162 378
9739 876
8081 723
8640 117
9670 332
8487 180
9968 984
5749 815
9864 965
6416 972
6657 497
7966 960
6238 491
7729 496
9622 695
5335 892
7392 678
6060 813
9047 383
5257 947
5813 159
8702 323
6640 746
9699 190
5980 109
5155 147
5292 167
8016 549
6504 738
6050 478
8730 698
7874 797
7155 148
6146 392
5386 248
7676 684
5636 865
8201 983
9541 579
7899 615
7333 886
9969 176
8006 680
6784 989
8779 934
6284 258
7378 454
5514 712
5149 703
9584 72
5386 892
9679 208
7678 513
9389 973
7676 411
8644 411
7737 226
7251 540
7760 991
9796 515
5406 935
7063 439
6919 427
7058 693
8411 939
9479 50
5364 421
7634 326
8357 462
9999 317
8031 607
8433 967
8462 949
8141 337
5936 776
9309 360
6028 697
5267 532
8286 717
7220 880
5275 222
6017 810
9905 728
6787 599
5769 253
7729 991
5180 544
6080 834
9715 412
6554 832
5178 237
6428 745
6790 607
6404 741
7024 626
7991 184
5519 789
7792 271
8996 724
6814 815
6068 521
5211 137
6995 707
8449 787
8566 369
9690 165
9270 325
9591 139
6467 448
6375 69
5180 938
9778 959
9352 33
6174 294
5197 139
7476 595
8722 970
9011 466
6009 345
8523 516
6281 903
6587 542
7509 323
6278 794
7020 912
9107 635
8923 598
7315 408
9948 9
9427 899
9718 309
6946 480
5296 285
8602 781
6651 347
5312 609
8519 126
6312 518
9094 150
7253 645
7623 10
7337 257
5183 463
5989 545
6884 978
7051 978
7544 489
5400 542
8790 858
8672 698
5967 570
5046 893
7794 945
8090 766
6736 424
8673 23
9924 691
8061 52
6727 344
8005 651
9803 619
7034 935
8996 225
5336 659
5149 831
5931 475
8594 638
8697 209
6914 112
6566 744
5424 8
5578 844
5000 923
9116 170
8447 194
9595 484
7218 338
6026 149
5867 708
9736 299
5909 783
6739 791
7945 293
9985 232
9547 97
9475 218
5931 626
8941 698
5386 52
9058 98
6867 642
7713 275
7631 466
7194 899
7891 662
5705 852
9416 59
5819 648
5667 509
9574 533
7805 897
5709 939
9948 900
8797 963
5796 486
6016 369
8935 203
5768 381
5215 587
5073 603
8070 990
7937 231
8286 685
9636 980
7520 893
8898 852
8981 935
9237 349
7836 425
7277 317
8523 55
6332 43
8158 726
9633 432
8304 841
8568 58
7687 268
7673 334
5152 655
6945 294
6483 542
6575 473
5846 700
8293 563
9171 33
9393 677
5764 262
5246 94
9975 92
8947 712
5656 717
8205 220
5220 838
5360 204
9888 789
8590 346
9314 906
6859 919
7013 636
5566 379
5964 701
9938 644
9500 944
9329 992
8252 430
9803 839
9228 887
5314 88
9119 844
7581 351
9732 88
6808 924
9673 555
8532 924
7930 587
9920 106
8383 640
7415 735
7445 171
9091 131
5983 31
9114 775
6550 177
8768 763
9542 955
9186 998
6186 287
6815 74
7493 976
9317 270
5472 803
7308 915
5719 297
5746 351
6108 440
5493 337
5745 178
9739 3
6395 956
5630 3
8180 378
5290 395
7853 212
7066 622
6790 149
7839 709
5824 55
7242 785
5335 161
5309 840
9696 792
9151 596
5859 458
6858 882
5317 939
6118 594
9580 984
8128 430
5857 300
8348 827
6632 401
8523 379
7379 476
7401 105
8951 677
9376 590
7555 449
8575 757
8681 368
6668 46
7570 570
7118 319
6789 870
6147 560
9297 15
9289 849
8005 417
9978 368
7396 286
6924 567
7368 297
6371 688
5737 838
8621 660
7517 140
5375 319
9387 689
5049 478
5046 382
9372 794
5326 731
6605 674
6274 159
7553 588
9998 798
9997 316
9681 469
8146 739
9315 212
7356 132
8308 38
5494 310
8876 801
7430 669
8412 947
7875 695
5846 193
5802 396
8747 452
9000 530
6660 549
8386 238
7099 744
5576 185
8241 680
6508 467
5841 292
8990 545
6138 103
9146 855
6936 386
5385 686
6801 597
7410 584
8794 184
6192 734
6381 359
9130 668
7635 944
5296 215
8906 376
9237 12
5318 925
6364 795
5483 150
9729 879
6586 818
9536 995
7852 106
7175 44
6902 699
9020 24
8490 539
6621 215
9410 782
9871 595
5632 717
5596 2
8844 314
9027 913
6188 85
9911 986
8007 585
9891 859
7664 761
8213 55
9284 209
6869 646
9655 267
7967 520
8897 212
9700 824
8741 234
9744 706
6531 609
5522 332
6945 527
5710 721
7933 474
6747 526
5238 390
9245 141
7149 142
6370 963
5537 294
6575 113
7814 235
6181 581
8107 63
5965 486
6066 704
6406 577
8965 767
6405 627
8300 901
5821 936
8224 597
8109 386
8857 168
7673 676
7360 573
5496 896
8868 370
9607 845
6700 968
8860 525
6795 497
5494 588
6041 774
7017 534
7616 989
5593 146
8091 863
5967 290
8406 329
8425 115
8097 325
9627 601
7334 167
8620 510
8032 943
8517 416
6206 964
7911 630
6202 503
6160 132
5759 303
7897 361
8624 881
9192 494
6808 193
9225 451
5493 407
5656 745
7644 825
6796 904
9061 2
7841 803
5184 49
9885 744
6312 246
7247 159
6160 672
7484 829
5369 176
8573 305
7604 262
6557 421
5298 264
5643 315
6122 82
5239 879
6459 944
9961 447
9345 748
5439 432
9016 285
6618 186
9357 703
5082 711
5958 980
8844 725
8312 104
8552 199
7473 522
9178 119
6079 892
6011 648
5855 836
8156 980
9224 973
5033 495
5998 819
8252 612
9485 283
5341 834
6630 411
8201 957
9582 731
5030 388
9010 435
8024 38
5492 550
9830 530
5131 477
8196 453
8681 239
9748 254
8405 779
6970 168
7461 329
5973 54
7460 152
9482 642
5053 820
9759 767
8692 542
5885 995
5036 654
5737 284
9044 759
8397 710
6566 296
5853 528
5914 4
7445 537
7695 781
5149 243
7555 363
6873 777
5473 949
6214 670
5577 261
5095 809
9364 584
6940 989
5318 367
6092 259
7523 958
7855 431
6419 966
5869 900
9436 629
7779 222
7246 722
6986 279
6608 185
7028 131
9385 200
6681 174
6508 573
5919 606
7231 810
7985 453
6790 291
9409 163
5747 738
8452 963
6829 875
5202 363
8965 627
6322 155
8597 834
7323 460
7742 349
6586 500
8173 365
7740 876
5643 501
8318 63
8254 819
9484 998
7349 267
9209 451
8266 590
9151 341
9797 897
6658 670
8982 309
9761 475
6114 975
8119 516
6980 43
6542 610
6054 587
5726 343
6400 337
7919 408
8896 983
9995 728
5707 384
6264 157
7790 779
5755 998
9971 499
7994 47
8408 766
6633 513
5968 5
9522 148
8984 194
8685 259
7226 640
6695 587
9941 55
6895 751
7503 731
5558 716
8822 428
8339 980
5510 520
9943 610
5100 312
6911 845
8925 724
7095 922
5758 795
5718 314
6695 134
7333 18
7968 132
6602 193
7547 185
7475 970
7324 464
8141 190
6316 605
9590 41
5744 566
9299 927
8048 384
7987 970
7384 535
8495 546
5942 942
9708 560
7542 501
8137 432
8359 34
9534 656
6409 126
6533 498
7807 17
7336 38
6667 57
6437 215
9637 441
7125 52
6605 565
8384 452
8945 479
9365 61
5703 162
9964 49
5504 579
8020 458
9188 87
9788 651
7058 916
7066 388
6109 36
7966 391
5984 598
8831 940
9705 667
8425 274
9081 510
6600 657
7070 252
6327 487
7364 718
9925 186
8753 611
7581 65
6560 996
8419 413
7780 406
7621 271
7217 1
9318 796
9130 431
6854 516
6919 292
9861 204
7815 337
7272 776
9850 271
5598 679
9499 694
5806 20
9373 75
9613 876
9798 117
9054 237
7229 5
8456 693
9990 103
7230 482
7410 20
5603 322
8343 601
9334 615
5984 307
6305 362
8125 488
5976 1
9900 648
5612 454
8213 447
7054 166
5019 787
8417 799
8219 394
7939 887
8095 185
5686 921
6437 639
6876 295
5133 319
5664 485
7064 670
5845 398
9477 372
9975 866
7612 478
8794 566
8445 336
7539 919
6757 14
8146 590
8743 875
7622 795
8682 188
5744 231
7022 621
6765 296
8597 11
9420 998
7899 791
6237 70
7818 146
9077 213
8702 182
7674 516
7842 413
6326 695
9747 916
9615 133
9702 515
8948 223
8085 855
9481 119
7597 470
7184 528
5477 519
6130 341
9847 902
6000 201
7157 883
5796 716
9803 15
5637 794
6151 114
9746 433
6997 322
6993 147
9746 914
7009 11
5687 676
7476 714
5153 297
9666 550
8457 405
6104 529
8039 451
6736 188
9287 836
9897 624
5195 207
5573 179
7850 58
5492 453
5318 709
9191 967
6699 934
9829 637
9023 551
5971 212
7997 335
8007 31
5945 782
9437 178
9563 892
5686 798
9434 432
9406 179
6537 757
9249 195
6280 497
9273 844
9637 891
8946 79
8654 431
7108 420
6183 234
6044 446
8809 857
8304 401
7927 816
6292 222
8007 940
5371 481
9165 350
6587 874
9694 258
6105 496
5289 760
8191 202
7213 923
8959 97
6274 560
7503 901
8103 511
9338 888
7116 139
6274 435
6798 256
8374 467
9253 215
6101 519
9833 233
5281 995
5220 556
9259 781
8850 844
7381 419
7361 627
9057 757
9761 600
5439 209
8030 808
8359 270
8426 53
8553 238
7348 763
7912 581
8256 114
5256 373
8972 153
9633 572
8092 888
8082 583
10000 160
8190 876
9837 70
8883 829
9898 506
8228 448
6703 491
8768 925
5715 942
6648 559
5830 134
6271 465
6826 253
7399 933
5090 274
7356 533
5872 65
6314 248
9147 391
6693 785
8095 454
9200 961
8683 861
8888 181
5510 27
6695 490
5968 319
5799 236
6402 845
8003 46
6099 334
9065 948
6394 834
7162 613
7713 335
6445 985
6150 574
7671 477
8190 747
5825 425
9838 600
8900 636
8863 247
5401 431
6585 524
7252 266
9037 332
6013 33
6035 25
7137 654
6918 856
8133 358
7091 76
6068 294
7604 800
5743 778
9550 284
6768 527
7313 716
8518 149
9862 209
7248 677
9535 889
9970 416
9105 838
8111 331
9475 951
7786 967
5066 447
8065 612
9910 484
6585 634
7526 632
5725 67
9201 783
6282 740
7008 363
5230 920
6263 436
8442 614
7721 176
7343 136
6539 547
8310 84
7293 743
8154 330
6770 149
9318 689
8106 242
8306 156
6220 525
8723 983
5377 573
7845 434
9852 115
8841 412
5229 155
7985 183
7929 991
8858 235
9817 795
6560 883
5523 171
7378 427
5583 537
9453 567
9361 434
5584 233
5150 687
8444 160
5455 528
5190 696
5136 396
5396 963
7111 915
7610 407
5946 257
6992 106
6711 316
5728 604
5998 106
7896 522
5452 292
6949 681
7018 191
6713 149
6163 614
6065 651
6203 175
5917 157
8550 180
7614 203
5393 217
7089 933
6264 856
5748 457
6611 156
7784 573
9360 564
7413 346
8301 346
5128 360
6331 857
5156 792
7680 362
5397 634
5803 617
6131 760
5774 425
8001 994
6464 146
8999 19
8976 378
8962 516
7915 439
8109 973
6909 229
5413 765
5377 453
6996 358
9912 992
8735 80
5896 103
5508 219
