
200 1008
94 485
506 326
416 248
992 421
649 322
237 795
457 43
815 845
446 955
422 252
791 9
359 901
667 122
598 94
7 738
544 574
334 715
766 882
994 367
893 984
633 299
131 433
428 682
700 72
617 874
874 138
720 856
419 145
794 995
196 529
997 199
116 277
908 97
539 719
707 242
569 107
537 122
931 70
726 98
487 600
772 645
513 267
81 972
943 895
58 213
303 748
764 487
536 923
724 29
789 674
479 540
142 554
339 467
641 46
196 710
494 553
66 191
824 724
208 730
711 988
800 90
314 340
289 549
401 196
466 865
689 678
833 570
225 936
244 722
849 651
113 123
379 431
361 508
65 585
486 853
686 642
286 992
889 725
24 286
491 812
891 859
90 663
181 88
214 179
17 187
472 619
418 261
419 846
356 192
682 261
306 514
201 886
385 530
952 849
500 294
194 799
737 391
324 330
992 298
224 790
260 275
97 826
210 72
649 866
919 951
63 748
958 685
804 956
518 564
428 183
537 400
346 721
153 207
971 323
662 611
197 116
91 109
529 795
126 343
747 862
469 685
770 10
934 881
723 984
895 403
568 360
172 449
958 541
383 272
308 877
970 359
583 707
48 308
930 770
569 30
3 208
20 311
609 100
887 939
825 422
930 785
904 370
241 989
379 969
376 143
962 972
889 28
443 61
216 638
338 348
160 347
406 66
159 391
31 638
204 295
420 826
153 196
425 449
331 855
565 143
838 487
9 140
918 564
533 615
232 135
957 564
591 360
576 793
746 163
377 859
858 760
86 711
434 662
558 159
279 660
840 268
735 948
574 315
126 676
912 341
739 689
821 894
625 706
917 490
201 478
993 671
149 932
52 899
759 237
267 187
256 472
783 772
117 98
516 906
180 911
25 635
380 225
712 823
266 164
216 343
5891 268
6822 470
8771 249
7299 670
7406 875
5564 887
9002 300
8579 381
9403 709
7604 34
5152 14
6669 310
8843 140
6579 770
5962 418
6739 361
7956 818
6500 11
6555 214
8012 276
7898 220
6619 276
7129 153
7311 9
6567 422
8509 370
9930 656
8777 936
6080 866
5108 850
8784 391
5069 794
8773 869
9119 287
9201 678
9799 59
6263 16
7394 309
9351 981
8868 801
6888 973
9367 585
5142 57
6425 704
8868 323
9179 59
5820 909
7939 85
9242 428
6211 322
7480 520
7170 452
9882 275
5610 136
7314 564
6328 183
9084 261
6074 258
7388 394
5930 821
6289 894
6935 41
8442 155
8927 452
8105 638
8637 634
6236 840
7113 645
8308 569
9097 281
6935 345
5888 160
8580 87
8018 892
9049 480
9814 497
6174 667
7817 355
8120 605
8491 750
9093 385
9741 717
8720 193
9948 577
6214 911
5441 643
9448 305
6082 722
8560 839
5848 112
8059 173
7857 905
7686 351
6507 315
5707 496
6041 879
5320 760
7270 93
6203 668
8540 764
8582 543
7128 138
6480 353
9087 541
6966 894
5424 328
7516 720
8674 183
5215 898
7567 110
9022 352
9727 396
7702 892
6842 110
7152 611
9896 312
8113 418
6715 727
5010 698
9161 570
6927 817
9492 136
8979 961
8905 500
8103 974
5509 652
5404 973
9082 687
8922 936
8410 332
7768 579
5014 548
8592 371
6200 443
7318 682
5974 545
5698 153
5691 868
6919 646
8733 411
6007 754
9849 341
6189 176
6593 119
6214 801
7826 646
7940 968
6767 273
8657 857
7930 57
7815 663
5867 884
9050 563
8399 45
8862 801
5035 148
6214 724
5158 603
6590 842
7059 752
5201 166
9789 121
5134 672
9933 709
5890 947
7543 909
6034 696
7494 174
5172 981
8559 680
7485 285
5996 840
6107 912
8795 322
9990 260
6388 818
7984 482
6635 532
8114 64
8709 148
9495 804
9084 495
5712 76
9486 447
8949 161
6011 417
7709 697
7124 416
5912 308
6672 978
9664 206
9738 648
6762 786
9138 329
8384 435
8618 464
7654 89
5755 646
5583 713
9338 370
