
2000 10011
94 485
506 326
416 248
992 421
649 322
237 795
457 43
815 845
446 955
422 252
791 9
359 901
667 122
598 94
7 738
544 574
334 715
766 882
994 367
893 984
633 299
131 433
428 682
700 72
617 874
874 138
720 856
419 145
794 995
196 529
997 199
116 277
908 97
539 719
707 242
569 107
537 122
931 70
726 98
487 600
772 645
513 267
81 972
943 895
58 213
303 748
764 487
536 923
724 29
789 674
479 540
142 554
339 467
641 46
196 710
494 553
66 191
824 724
208 730
711 988
800 90
314 340
289 549
401 196
466 865
689 678
833 570
225 936
244 722
849 651
113 123
379 431
361 508
65 585
486 853
686 642
286 992
889 725
24 286
491 812
891 859
90 663
181 88
214 179
17 187
472 619
418 261
419 846
356 192
682 261
306 514
201 886
385 530
952 849
500 294
194 799
737 391
324 330
992 298
224 790
260 275
97 826
210 72
649 866
919 951
63 748
958 685
804 956
518 564
428 183
537 400
346 721
153 207
971 323
662 611
197 116
91 109
529 795
126 343
747 862
469 685
770 10
934 881
723 984
895 403
568 360
172 449
958 541
383 272
308 877
970 359
583 707
48 308
930 770
569 30
3 208
20 311
609 100
887 939
825 422
930 785
904 370
241 989
379 969
376 143
962 972
889 28
443 61
216 638
338 348
160 347
406 66
159 391
31 638
204 295
420 826
153 196
425 449
331 855
565 143
838 487
9 140
918 564
533 615
232 135
957 564
591 360
576 793
746 163
377 859
858 760
86 711
434 662
558 159
279 660
840 268
735 948
574 315
126 676
912 341
739 689
821 894
625 706
917 490
201 478
993 671
149 932
52 899
759 237
267 187
256 472
783 772
117 98
516 906
180 911
25 635
380 225
712 823
266 164
216 343
448 732
541 502
664 740
954 576
726 612
772 902
531 454
943 411
750 973
327 703
917 850
5 77
113 220
913 802
791 403
998 181
859 10
345 525
431 919
675 668
833 527
438 462
523 291
916 605
420 457
115 405
660 417
261 279
772 685
388 596
764 307
843 224
206 322
407 840
639 975
852 401
542 91
60 327
757 330
82 182
637 603
93 793
614 615
136 733
187 864
102 16
972 863
163 987
501 306
477 34
492 840
121 700
80 706
138 787
660 105
229 834
827 798
448 310
230 609
832 690
489 561
586 579
291 60
665 388
660 309
702 407
153 200
606 313
123 970
253 33
709 273
832 277
108 997
888 40
481 227
283 860
858 940
284 608
711 990
850 590
239 806
943 52
195 801
95 764
410 710
664 386
900 593
112 50
963 494
754 156
458 936
19 965
225 86
569 723
97 184
194 868
754 340
602 412
61 487
695 209
347 346
719 860
100 307
97 95
843 821
745 941
286 821
492 587
116 201
531 665
424 527
253 812
426 424
413 459
980 343
291 836
833 506
486 179
9 916
575 430
922 596
145 808
897 269
404 512
742 811
728 685
269 567
103 776
745 855
35 718
779 853
71 97
80 146
842 746
128 15
941 965
227 512
30 480
342 958
605 665
531 191
364 964
359 515
867 606
820 822
313 536
207 693
911 19
308 335
430 101
685 922
641 294
113 910
141 410
690 250
700 546
559 729
481 609
503 720
766 976
7 759
882 798
859 74
182 648
425 299
542 785
683 846
853 390
938 897
89 416
624 837
181 247
878 293
933 144
580 938
252 467
207 480
658 955
20 665
954 26
347 564
759 449
446 26
14 521
657 301
710 321
980 613
188 388
636 879
203 990
432 188
129 963
630 820
509 300
237 822
373 255
838 277
395 153
692 400
103 227
218 518
384 447
931 315
396 813
389 324
640 502
287 299
297 780
977 376
512 516
219 212
555 329
398 810
289 486
798 485
598 416
49 952
572 894
697 358
770 21
725 647
542 44
214 683
887 361
45 814
94 231
282 8
82 165
319 496
626 699
146 852
541 459
874 535
725 314
777 944
554 306
208 459
787 637
976 447
912 408
444 107
3 962
301 565
164 407
437 857
652 317
764 98
41 818
737 600
176 288
136 902
128 567
394 190
235 749
42 908
824 276
684 748
979 592
568 393
367 363
52 163
642 983
335 179
126 16
130 478
583 259
129 868
752 295
167 596
856 71
640 622
770 864
431 644
195 5
448 365
701 429
952 64
880 854
168 770
79 88
961 157
472 368
217 421
709 719
147 271
296 975
909 816
764 962
251 535
878 438
753 696
570 881
253 318
666 45
931 52
433 496
810 313
678 138
123 334
212 988
66 508
206 770
750 751
64 780
466 441
337 207
510 516
796 674
175 408
437 920
938 573
848 634
561 878
718 990
948 826
649 696
569 800
663 411
582 422
843 707
202 334
702 986
579 494
725 150
803 562
340 380
156 832
832 979
602 376
234 511
688 414
184 160
978 982
413 238
633 490
585 899
606 251
963 526
350 897
242 39
539 657
739 452
267 538
165 831
177 460
720 185
802 934
644 440
82 490
798 168
197 71
173 977
81 458
235 204
112 803
103 139
268 399
879 420
643 991
106 578
122 972
444 177
262 398
691 348
997 496
446 276
171 825
549 614
281 121
211 730
112 341
408 284
730 698
363 17
89 546
605 672
938 974
168 866
705 377
47 559
400 340
215 527
114 779
51 761
881 483
549 92
679 390
328 583
250 661
203 391
481 336
752 661
707 125
82 89
63 275
660 359
21 178
287 780
219 42
500 5
820 380
95 772
44 816
748 9
678 484
276 545
478 589
663 157
594 901
757 777
947 74
448 247
570 55
313 479
981 785
795 958
552 680
389 393
280 944
864 596
636 619
512 611
892 852
184 283
947 299
614 766
625 312
149 826
377 726
474 733
18 805
662 679
416 403
1 964
530 337
752 541
22 478
981 369
777 946
957 821
275 833
584 837
582 490
121 37
951 594
668 129
118 258
319 246
896 362
521 755
948 504
248 71
474 177
351 176
54 803
155 237
660 677
871 33
486 115
294 597
425 769
245 536
382 956
371 341
708 184
544 234
794 569
387 216
738 537
520 84
281 810
502 657
91 33
503 159
924 520
16 668
33 287
344 229
349 374
606 474
896 672
595 915
441 511
102 123
52 569
654 199
710 396
434 715
245 59
36 610
661 917
413 927
13 270
370 117
400 516
195 215
984 216
476 237
164 615
405 499
674 477
196 760
608 285
907 56
532 966
51 622
716 221
327 194
880 91
710 347
267 252
400 473
376 516
609 385
320 357
196 958
538 665
935 792
404 64
100 420
126 671
855 968
94 877
731 177
253 523
8 139
393 152
543 732
348 246
318 565
489 740
22 902
998 17
49 973
381 298
10 611
429 32
221 11
150 337
717 136
530 889
332 522
942 805
565 28
216 931
61 757
170 609
872 544
644 905
208 595
680 246
697 113
639 175
679 156
961 244
361 883
802 265
359 883
839 462
718 485
280 272
252 204
280 984
102 409
615 398
296 909
481 370
956 882
230 214
259 766
922 35
706 421
272 271
156 370
552 848
485 50
536 976
70 270
902 796
452 963
35 379
947 991
378 551
57 897
352 307
669 421
702 74
141 388
458 559
463 980
756 615
887 681
332 231
528 207
656 818
254 331
787 979
495 445
370 348
10 724
200 401
327 646
17 668
374 242
755 302
980 861
376 830
8 77
32 441
460 589
804 990
23 189
869 868
943 996
715 363
628 237
73 420
199 565
38 214
209 333
327 726
912 175
799 58
372 625
976 66
120 169
667 475
188 204
28 90
704 496
649 1
746 474
697 449
712 252
289 332
625 287
953 189
462 889
302 63
79 378
41 206
823 897
908 230
665 382
36 575
732 60
809 529
66 477
291 290
591 89
583 961
252 461
479 702
530 532
224 680
788 53
309 642
366 1000
352 891
402 822
545 152
113 324
967 633
454 267
723 381
14 272
20 506
308 419
644 461
713 526
482 978
336 468
289 729
496 795
326 581
530 383
167 226
522 421
830 386
91 273
116 484
747 676
395 107
958 229
756 902
262 962
703 105
511 84
481 991
449 701
888 689
599 655
306 600
492 538
803 499
445 881
316 981
889 473
785 383
765 679
491 573
589 589
124 480
741 145
898 624
725 923
682 915
131 232
398 974
906 735
753 678
312 640
790 644
301 212
945 123
447 253
197 943
27 18
573 916
589 327
934 640
209 615
529 470
899 655
15 288
592 401
92 840
575 633
814 707
354 424
127 682
374 194
566 855
594 190
973 728
645 178
603 275
712 88
32 367
298 544
561 738
906 963
626 460
143 266
504 727
836 33
361 442
431 628
554 384
24 244
416 482
735 765
243 446
454 247
932 913
494 560
648 528
357 594
596 935
788 462
536 621
759 660
200 564
566 302
741 936
217 592
219 724
832 118
819 299
487 251
473 129
241 96
64 167
516 169
857 381
218 976
490 767
504 837
707 407
342 203
475 387
175 735
786 706
171 335
232 40
888 821
866 131
976 159
253 978
619 53
642 849
460 478
218 19
218 230
667 453
949 336
89 931
488 588
568 449
526 566
860 272
4 883
772 731
734 80
259 213
270 177
6 872
424 626
204 940
313 150
159 379
205 833
25 517
951 724
721 973
635 581
293 839
712 272
410 412
465 839
366 492
74 553
23 718
416 738
764 839
49 390
817 588
507 523
152 630
256 770
562 746
495 49
414 369
78 537
912 115
59 215
259 971
258 602
841 551
137 40
590 494
383 252
869 158
939 72
282 177
880 667
479 483
454 815
730 19
556 745
195 339
409 614
580 302
99 319
913 670
798 513
318 566
790 27
344 322
80 645
468 210
922 841
179 925
347 521
231 975
597 269
607 929
903 478
310 970
223 684
10 231
845 673
905 348
58 232
93 727
759 597
912 397
906 539
43 907
76 892
552 699
670 408
671 361
353 789
837 529
12 190
889 880
912 236
377 715
56 718
585 439
852 814
715 902
421 658
330 410
51 412
840 90
697 678
848 951
826 37
198 593
341 737
274 211
740 134
339 847
875 490
400 95
603 435
474 737
126 860
973 310
973 548
581 984
788 660
629 86
799 635
475 941
959 56
80 372
917 650
91 964
783 735
773 682
712 151
655 283
953 773
279 643
701 898
706 817
147 269
355 731
100 507
498 841
261 207
591 752
630 318
374 126
960 153
917 101
406 560
759 743
618 816
981 980
641 1
131 82
920 886
534 377
453 465
397 753
51 842
301 547
197 580
910 754
211 37
851 548
42 896
919 656
30 537
674 78
979 540
764 597
937 314
656 845
590 361
337 930
997 654
643 841
652 810
632 98
827 814
659 898
56 237
97 236
304 397
771 468
680 160
344 168
561 189
632 123
666 783
235 991
71 775
327 565
824 906
1 604
948 233
851 693
780 209
603 279
380 231
84 675
684 370
757 814
605 276
304 238
358 710
294 931
742 879
37 492
4 81
707 347
131 417
660 582
89 801
455 195
303 403
680 247
970 356
934 627
951 858
404 803
446 236
349 572
93 485
672 586
158 748
772 235
891 859
532 788
621 345
347 861
227 342
555 779
16 595
303 963
941 260
833 366
190 835
622 733
345 834
893 442
192 773
430 880
160 873
767 793
170 173
810 402
318 60
690 628
224 19
52 146
411 685
203 138
785 593
219 202
61 500
919 89
191 433
711 63
294 514
937 865
253 393
103 269
316 111
625 614
639 272
641 973
139 609
45 236
316 496
218 24
293 871
747 227
879 420
633 850
10 127
356 170
665 224
536 722
823 189
603 597
392 286
258 22
771 957
820 536
139 221
566 281
229 238
325 531
804 449
786 735
983 670
847 646
388 272
632 605
253 394
405 508
137 537
283 955
678 477
659 969
706 692
786 963
313 829
143 638
713 206
244 185
489 187
844 129
896 300
602 114
210 305
930 199
692 916
457 839
241 899
950 452
229 185
212 561
222 848
32 191
747 830
869 860
245 873
575 649
818 591
204 974
584 974
822 452
198 397
942 350
942 597
899 13
375 392
327 343
479 756
66 387
950 924
464 188
286 68
573 552
294 166
137 435
557 14
423 797
427 254
95 300
715 431
403 367
453 197
735 233
1 149
145 62
782 38
848 69
456 425
490 810
679 878
461 503
844 308
70 798
599 437
888 798
395 36
733 583
795 412
368 195
94 878
114 388
46 438
795 532
583 3
321 268
714 417
332 277
257 229
906 445
301 380
277 974
651 248
218 433
109 1000
558 874
388 939
121 760
372 473
228 811
208 766
326 306
572 556
50 521
753 364
77 460
266 136
227 458
502 784
337 648
31 783
629 960
215 137
353 591
274 875
343 440
758 263
838 40
478 835
595 943
255 749
331 263
362 597
84 5
16 999
459 161
220 35
16 891
865 459
719 996
292 592
175 54
461 985
301 401
759 298
715 459
207 77
129 611
681 159
261 467
893 737
399 895
377 49
189 382
360 285
14 388
728 972
314 265
225 729
534 810
914 973
94 818
549 295
674 532
434 58
211 736
986 187
863 896
802 998
279 997
31 476
810 259
968 475
187 494
791 130
190 151
410 639
592 855
886 480
875 478
763 386
352 672
58 361
815 894
562 460
571 148
322 660
465 628
418 329
198 975
554 1
656 507
108 750
453 109
909 915
576 700
646 75
114 896
313 229
692 85
759 144
643 536
462 919
860 516
904 473
959 25
663 25
209 611
564 44
233 722
478 980
716 563
616 672
107 914
979 541
466 882
971 142
76 259
886 35
498 543
150 689
442 721
136 142
36 530
37 503
344 450
550 248
355 599
980 919
473 636
957 181
324 873
859 154
570 427
294 604
260 313
674 363
339 594
259 813
382 829
660 49
430 791
760 554
682 499
664 226
358 345
114 432
142 758
19 64
753 843
163 637
121 941
94 965
398 448
587 857
98 968
142 351
303 758
968 351
533 980
982 662
568 357
519 914
277 548
622 723
517 23
720 170
635 351
55 113
263 783
285 766
189 527
628 206
7 644
290 258
655 861
387 728
641 69
742 128
741 392
793 145
802 51
897 112
262 253
193 340
882 932
131 817
482 965
573 480
443 724
203 839
965 500
75 746
807 811
805 373
513 605
472 252
797 172
690 394
295 177
784 98
532 377
155 486
110 855
884 290
173 130
78 355
714 842
633 233
477 101
119 686
718 736
15 930
472 700
328 69
793 607
199 879
999 916
177 960
525 408
948 679
498 138
495 185
890 782
906 49
334 453
385 630
399 429
338 853
520 545
829 651
481 765
99 159
680 1000
87 179
802 717
890 885
839 32
339 838
883 186
67 470
544 185
357 921
457 376
444 986
642 934
152 171
59 645
616 46
59 681
987 43
353 234
530 103
958 496
613 389
838 931
85 579
86 132
569 908
479 772
683 677
400 343
370 703
882 139
146 344
116 387
760 909
407 539
447 304
388 655
41 378
658 92
119 862
28 411
457 362
198 397
17 290
432 152
321 611
427 173
205 137
344 946
563 365
304 475
47 982
694 920
91 802
961 66
644 778
109 744
959 464
969 313
42 341
108 685
648 331
49 85
228 676
929 91
527 534
967 166
316 51
582 966
840 841
575 625
503 114
911 16
305 113
989 826
836 506
369 738
587 564
232 455
452 735
900 264
952 548
81 738
995 853
562 575
739 569
705 365
5 620
557 264
490 193
294 21
361 373
900 84
47 250
205 288
145 132
846 151
658 419
849 521
680 974
148 655
96 648
210 737
690 298
19 187
831 981
679 965
726 954
528 166
15 248
564 636
847 560
721 563
9 24
700 896
446 803
858 16
699 274
271 714
977 449
533 229
154 280
756 423
871 868
912 124
727 970
968 231
569 935
163 808
618 23
685 210
650 88
807 151
393 770
276 555
304 613
911 866
233 223
42 303
400 305
162 306
51 900
734 964
933 397
366 898
16 59
177 628
360 225
742 537
725 612
868 633
489 314
501 478
632 981
365 904
196 819
496 108
744 179
145 152
501 598
880 349
248 80
683 762
500 314
389 513
620 205
91 584
721 652
859 894
665 198
416 143
481 671
320 302
865 611
126 631
757 526
963 526
781 403
240 231
330 830
518 283
824 864
935 755
51 159
309 220
18 447
863 800
1 833
749 805
658 791
577 412
579 857
509 408
154 895
923 360
397 827
687 971
959 961
617 519
637 335
623 238
174 883
775 222
608 886
306 708
1000 475
957 876
641 123
472 127
726 384
305 745
714 284
643 429
708 685
631 512
489 503
829 599
746 983
732 462
732 992
669 270
422 491
54 282
900 831
682 167
666 115
957 661
109 564
454 934
964 608
933 513
140 53
195 659
24 646
657 164
231 763
169 825
128 949
537 355
264 811
46 164
4 851
900 289
802 392
68 224
450 460
126 903
58 347
398 638
486 101
451 587
335 797
162 881
106 210
745 243
969 969
432 298
159 253
634 593
565 453
16 657
610 72
503 222
511 319
752 61
55 694
469 384
829 801
692 136
177 536
211 958
499 647
115 526
984 28
818 904
233 509
424 884
976 565
371 601
406 323
334 522
784 192
676 103
168 451
427 867
432 602
531 783
337 311
677 994
537 172
1000 51
379 389
103 237
785 721
943 597
412 492
572 331
828 380
771 259
939 726
594 55
19 501
500 459
376 790
689 4
776 634
474 117
575 601
953 808
143 544
510 542
221 590
615 827
599 817
567 617
545 32
727 879
558 692
307 685
564 88
331 911
568 546
881 580
649 997
746 937
393 988
237 351
517 661
521 630
213 360
820 908
199 203
813 479
14 251
803 162
448 905
207 167
86 862
123 369
220 181
158 765
944 251
424 909
311 645
399 568
59 847
253 538
233 540
312 99
790 423
849 246
202 165
552 544
653 52
788 131
893 372
113 471
498 625
442 684
929 378
86 534
12 73
318 540
258 671
524 127
579 412
424 972
468 823
364 663
81 784
399 588
896 496
151 170
626 153
367 199
837 152
640 258
124 283
572 289
408 608
358 463
895 180
884 329
523 221
438 294
278 125
25 625
729 427
996 796
956 151
188 867
519 122
35 370
311 840
195 115
829 875
784 912
904 85
99 969
443 714
6049 855
7833 807
8546 183
8414 786
5610 738
5801 161
6478 307
7199 315
5128 982
7716 659
6619 617
7193 838
5513 578
5175 238
9611 288
7727 619
6269 790
5725 649
8037 762
9011 240
8394 346
8271 48
7233 979
5324 70
9340 306
9762 472
6024 456
9711 950
6272 406
5266 257
7117 951
6061 506
5441 2
9061 935
7575 973
5295 794
9393 113
6729 242
8246 911
8843 56
8678 657
5910 600
5446 243
9080 613
9863 545
6819 993
8935 510
5860 767
8335 758
7263 355
5166 716
8403 978
7508 249
8060 597
8850 782
8659 99
8264 31
7916 733
5649 962
9612 521
5510 631
5500 462
7208 941
6890 790
8412 67
5090 160
6164 462
7122 171
8861 905
6031 82
9644 330
8265 569
6233 738
5311 263
6406 983
6184 894
7987 535
5645 423
6203 373
9302 742
6739 80
9425 461
9522 343
6178 345
6360 923
8575 685
6958 851
8881 132
6127 577
7095 737
9568 400
7698 618
7939 984
9473 962
7868 95
7282 853
7477 383
6255 140
6351 324
5815 635
6157 911
9679 832
9370 719
6934 267
6798 429
9776 47
8642 772
7859 846
9862 484
5603 256
8038 673
6406 495
5477 502
8287 390
7188 143
9613 295
8764 899
7650 451
6853 516
7266 489
6312 261
6374 356
6782 172
6153 542
9409 842
5791 832
7717 749
7384 686
5853 501
5706 62
8971 251
9131 975
8452 15
7275 328
7400 58
6957 292
6301 267
8375 50
6207 718
6302 943
5940 827
5053 869
8816 266
5766 95
8426 321
5180 481
6645 890
6379 194
6697 909
8732 386
7517 225
5304 582
7024 741
7412 389
7588 355
7630 488
8670 509
9753 732
8248 486
6804 654
8237 582
8245 722
9201 957
9730 598
6505 970
5343 892
7107 161
9826 961
8780 481
5121 104
6055 784
9884 603
6551 772
6487 954
8905 529
9114 972
5105 935
6776 495
9204 488
6937 299
6145 358
9583 396
9218 530
6293 632
8150 979
6137 725
9158 535
6949 388
8798 481
6446 44
6534 9
5312 481
6280 86
8193 302
9551 372
7661 490
9134 321
8017 427
8645 821
6163 402
8719 241
5167 321
7670 933
7679 813
8475 168
6674 300
8349 332
8365 883
8841 676
7190 117
8748 448
5382 164
6337 11
8118 390
6850 725
7971 1000
9376 372
9687 183
6569 635
7892 284
7775 120
8635 918
9536 12
8722 441
6615 786
6988 544
8429 364
6186 597
5773 237
9898 578
6392 679
9539 107
8161 838
8209 587
9220 917
9948 592
7557 566
8706 105
7432 661
5634 654
7110 93
6560 189
5626 461
9849 908
8281 10
6462 813
5644 277
9210 934
8686 569
5251 243
6092 448
6616 362
9979 130
7284 76
7896 115
6578 577
6403 814
6708 836
8305 706
6263 668
5739 254
7972 551
9856 310
9559 686
5150 633
6817 570
8278 267
9067 344
6948 632
7530 181
5704 308
6516 264
9613 561
6032 934
7227 998
6401 220
5491 578
5208 116
6603 158
6881 241
8886 264
8523 389
6339 983
9607 468
6297 406
5481 837
7460 841
7897 680
9071 212
6112 290
5294 594
7902 522
8185 504
6937 294
6215 517
5073 948
9905 460
7196 950
9264 833
9112 777
5461 198
6058 670
5289 317
9157 685
7519 515
5959 416
7588 306
5018 500
8702 339
7912 330
8235 1000
8162 370
9975 38
9422 410
8562 551
8840 436
6500 905
9356 337
6761 823
5995 531
8380 181
6921 81
6659 613
5318 984
9436 874
7354 1
7191 541
9518 733
9941 339
9429 302
7415 847
8346 72
8500 192
9580 240
5836 930
5364 726
6301 870
7218 856
9192 134
5364 891
7145 711
5123 480
7673 967
6722 244
8600 48
9449 129
6934 277
7518 915
5247 215
7938 64
7497 701
7550 395
7277 48
5947 679
8928 130
5663 377
8747 793
6205 220
6078 246
7554 476
7834 165
7433 978
9644 544
5607 393
9301 922
7096 150
6631 311
7782 714
5643 301
8229 293
6771 9
8770 934
7904 786
9759 386
5411 118
5686 867
8188 525
8441 995
8631 572
6359 640
5810 52
9807 855
6901 752
9354 840
9782 637
7033 206
8242 586
7600 194
5011 431
9160 927
8090 370
9892 755
5187 829
7077 711
5311 623
6230 30
5379 580
8232 332
6224 295
7133 719
9929 14
7117 380
7175 809
9672 351
7236 925
9567 808
6319 633
8564 497
7334 267
9582 983
8013 11
5720 54
5400 285
8077 657
5339 798
5314 332
5817 508
9761 270
8212 448
9986 492
5058 11
9446 694
6184 538
8851 650
7360 509
6580 455
7925 921
9166 44
9253 658
9043 541
7217 407
7047 940
9467 187
9231 492
7129 848
5672 135
5640 85
9863 556
9789 65
8695 510
8410 757
7711 488
9219 444
6658 270
8386 3
9595 461
5916 637
6408 56
6165 345
7709 350
6759 131
9855 511
7295 787
7094 324
9233 333
7670 563
8571 379
5632 466
8140 915
7507 655
6550 227
7377 435
7846 964
9212 810
5360 548
6827 215
6556 963
7950 403
8213 784
9496 126
7788 409
5784 315
9736 214
9899 928
8989 996
5868 210
5492 615
7451 757
9992 621
9763 746
7934 63
8267 238
8809 978
8999 48
5607 747
7993 947
7278 344
7443 992
9661 86
8785 410
7235 925
8800 720
6119 223
5637 80
6399 316
5044 142
7232 490
7905 634
6155 537
6651 212
9340 344
9395 708
6933 293
8946 149
8466 437
6658 236
6773 533
6204 307
9723 373
5446 22
7007 137
7239 872
7167 388
7604 950
5405 475
8895 156
6294 859
7518 325
6903 710
9448 968
6875 622
9916 22
8490 289
6092 854
8909 272
9443 550
5298 474
7193 912
6207 45
7689 27
7499 442
5154 104
8163 601
8731 451
5253 118
8268 152
7749 526
5739 320
9766 961
6362 853
6593 345
7432 63
7154 237
5061 785
7379 819
6006 643
9984 735
9058 413
6827 743
5882 317
5571 917
9471 246
5799 426
7229 809
9206 935
6143 668
9474 672
9713 573
8061 293
5589 101
9430 507
8477 649
5532 807
6726 652
7675 335
5158 952
5691 733
9076 218
9125 349
8344 344
5893 126
9760 664
6557 534
7436 382
8842 709
7791 193
6100 484
9830 640
8135 736
7103 74
9671 431
8742 883
5791 383
6831 724
8909 584
7751 926
9704 870
7091 716
6574 625
7060 81
5905 458
7011 517
7192 299
6773 7
6996 649
8748 433
7402 176
7453 532
9269 524
8424 773
5035 138
5230 199
8362 968
5392 816
5075 727
6307 630
6462 145
9453 263
8011 923
8852 887
9769 699
6139 214
7490 749
5654 952
5901 579
7717 344
9920 916
7997 584
8844 117
9634 822
7511 477
8993 674
7348 110
5558 841
6577 685
7077 360
5858 318
6843 676
8039 933
9179 616
6607 167
8254 72
5379 853
7912 792
7729 455
9922 326
8397 436
7455 581
9623 979
8047 55
9077 884
9009 100
6906 976
5783 229
6000 515
5444 995
7484 337
8143 330
5542 623
6790 321
7456 992
7224 130
8356 312
8403 600
5643 960
8722 341
6345 50
7654 84
6817 556
7638 303
7737 270
9394 66
8402 288
7946 694
9298 264
7550 329
8106 410
8291 526
9310 450
7886 845
7185 522
5988 281
5953 149
8262 503
7751 495
5672 115
8223 897
9275 933
6616 13
5422 373
7612 303
5055 518
9821 881
8981 41
6694 960
6326 683
8123 115
7807 498
7990 885
9075 70
9877 733
6144 925
5984 101
6321 896
8551 448
9469 872
6208 104
8445 552
8229 444
5212 632
9104 625
5568 783
5504 165
5725 658
7480 141
8962 131
7050 214
9459 736
9500 908
8066 599
5464 121
7097 834
9782 462
8598 295
8666 688
9804 111
8201 965
9989 349
9903 128
6504 3
8536 279
6413 49
8042 317
6546 567
5611 793
9233 46
7951 247
7058 756
6941 34
9947 668
5360 912
7671 807
5230 303
7492 651
8560 653
6885 934
7477 700
9198 386
9287 627
9405 139
5535 487
6506 891
8018 353
8658 182
7911 515
5317 766
7294 505
7220 762
6313 376
6536 389
8018 199
5636 400
5945 734
8915 55
8063 131
6089 426
7141 505
5382 79
9799 488
8956 390
5466 136
8360 393
5699 264
8212 530
9174 739
5810 790
6643 641
7198 767
6757 726
8763 997
7802 18
7638 428
8136 586
8860 368
8198 157
6537 410
8669 411
8435 792
7659 853
9441 941
6717 753
6053 973
5564 640
9000 263
9227 425
7205 627
9649 726
6661 665
9593 495
6455 803
6718 674
7556 178
8697 643
9376 311
8567 97
5085 577
6128 346
8432 344
9396 940
6236 211
5224 438
7633 984
5347 223
8321 503
7914 262
6699 366
6770 418
5208 326
8815 248
8508 783
7781 559
7182 228
8099 150
8428 40
8467 12
6466 284
9641 800
7636 885
5418 799
5285 486
6279 92
7873 479
9504 884
6746 639
9064 88
5123 973
5921 435
8168 394
9292 766
9589 702
6427 597
9289 961
5669 812
5602 125
5397 976
5584 757
9784 319
7431 174
8204 819
8511 937
5579 123
8383 700
9919 333
7718 641
7258 334
9847 729
7627 420
8241 624
6138 126
8188 96
9557 997
7542 207
6251 333
5930 369
6194 688
7672 574
9400 646
9783 831
6904 148
9467 542
9593 34
8848 784
5528 305
8970 90
8941 333
6458 656
9401 91
6368 210
7074 211
5040 16
8825 49
6232 762
9370 1000
6680 790
9326 286
6565 187
5777 534
7517 578
6214 120
8397 76
8304 109
8918 493
9786 634
6427 523
7246 946
6254 433
6846 183
7125 905
6812 89
8524 469
6113 478
6543 698
5681 668
5984 266
9666 987
7468 110
7056 897
9534 180
8661 818
9629 437
7756 59
8988 579
8705 650
7923 325
5073 578
8472 726
9252 185
5807 860
5044 5
8978 894
7621 831
7206 197
5310 976
7311 665
5194 505
6502 781
9713 523
7472 341
9397 750
6746 729
9579 84
8642 48
5038 595
7266 178
6620 543
6291 418
8372 287
9804 659
7273 449
8213 772
7367 372
6205 119
9093 640
5781 73
8531 237
7886 193
5773 135
6070 303
8716 480
5308 261
5168 635
6942 841
7615 943
5503 410
9622 804
5724 945
8559 565
8000 188
7873 862
8950 130
6416 996
7896 120
5813 440
8922 158
9293 684
7990 405
5829 118
5223 949
5615 985
8739 586
8146 780
7362 447
9318 704
5727 534
8636 28
7519 711
7156 275
5221 343
7083 422
6106 86
5002 747
8978 160
7243 495
9382 789
8821 257
8328 1000
7467 222
6296 327
6280 436
7481 313
8091 538
8027 26
6405 604
5304 345
7963 693
8789 650
6353 688
8137 8
7283 599
8154 253
6272 248
8014 435
6785 88
6485 277
8617 563
5490 118
8461 352
6293 682
6677 965
8152 712
8273 604
9686 635
9475 576
8384 347
9951 867
8479 498
7722 912
5402 679
8685 831
5961 625
8836 282
9961 662
5160 551
9366 407
6831 884
6873 384
7069 649
8622 369
9773 980
6738 126
8818 355
5741 721
9003 561
6797 503
9517 600
5979 952
9389 485
7579 966
7011 14
9837 903
5057 513
8315 467
6971 235
5487 806
8737 850
6452 43
5140 508
9289 841
7298 178
9576 998
7033 153
8500 130
9272 922
5776 875
6519 36
5149 378
7635 838
8158 11
8004 227
8189 950
9084 249
7812 507
6327 795
8382 48
8544 608
5113 119
9127 717
7967 730
7870 319
8854 463
7795 73
9806 331
9858 865
6719 223
8186 781
9809 746
5595 274
7851 750
6484 37
8293 311
6358 351
9865 814
7452 880
8034 948
8674 250
9090 520
9245 851
7495 48
7990 82
6443 481
9785 601
5427 776
6088 411
5960 54
5915 691
7705 589
7518 454
7019 1
7547 674
5899 870
6238 148
7305 687
5928 707
8153 349
6940 860
9483 17
9096 36
6133 504
8426 837
7743 508
5367 221
5195 59
6272 972
7751 183
8105 35
5782 915
9293 780
5994 346
5256 957
5797 164
7190 202
7394 19
6011 962
6663 336
9962 395
8984 708
6956 123
8035 114
9398 941
6591 361
8643 267
9543 821
9239 30
8106 34
5663 20
5052 103
9056 480
5901 164
5114 462
9533 350
6179 713
8556 254
7150 84
7533 810
6536 311
5746 39
8897 740
8798 797
8544 138
6103 207
7600 516
6348 750
6982 208
5713 593
5740 520
9360 678
7912 723
7129 801
5391 491
7276 4
7010 532
7698 940
5887 871
9447 356
8356 80
7449 896
8920 730
6810 619
5652 622
5297 808
9885 737
8653 381
9018 289
7736 755
8085 284
6426 266
8856 622
8370 580
5979 412
7734 159
5873 254
8318 251
7617 701
5818 562
5189 327
9731 512
5312 452
9296 285
8609 378
6408 16
6829 401
8012 925
6609 820
7873 820
7914 521
5543 875
9981 970
5790 429
9676 952
6677 187
7332 79
9585 582
9066 771
9839 236
7526 607
5134 452
9398 178
8425 515
7369 993
8062 725
7474 596
9609 428
5646 373
5770 168
7639 676
5828 146
9378 205
9670 117
5571 156
6808 768
5953 924
8058 546
7202 841
7785 607
6527 754
8301 422
8585 756
9276 999
6411 109
6322 320
6335 202
6930 38
6210 745
7701 166
8540 22
8142 486
6399 233
5532 106
5517 746
7533 943
9140 266
7285 229
7543 518
8426 700
5132 34
7461 374
8590 868
9135 993
9457 581
9129 662
7642 708
7965 799
5296 815
8385 747
6411 339
9678 99
7713 959
8711 792
7992 957
6718 339
9279 197
8228 555
7446 571
7131 705
7554 834
9336 1000
9436 794
9646 568
7740 479
5701 355
8914 131
9481 666
6580 689
7415 818
5497 227
9502 187
5506 449
5655 525
8960 699
8465 466
9644 785
7329 260
6137 484
7486 261
5968 326
6028 920
7663 180
8495 672
5263 669
7566 786
5036 505
5129 597
8264 835
7410 47
8703 271
6888 346
8636 499
9512 634
5640 170
7788 15
9359 953
5151 108
8250 76
8675 322
7033 541
5755 29
7805 560
6128 97
5928 224
8679 892
8490 910
8282 436
6243 72
9119 688
6594 691
6663 980
6089 827
6978 76
6610 179
5619 305
5960 94
5838 793
9018 506
9935 230
8525 427
6393 378
6827 647
8874 771
8860 326
8205 305
8248 771
9563 697
8712 871
9990 681
9155 528
9605 418
8836 675
8639 290
6072 635
5711 174
9359 861
8265 620
7390 245
7894 928
6358 581
9577 674
9693 154
9543 137
6759 791
5689 756
9263 874
7440 874
6781 829
7583 502
9256 439
7652 79
7080 50
9810 211
7599 373
7449 884
8517 701
5977 962
5351 223
7481 913
8947 169
6627 7
7396 318
9993 426
5788 214
9697 807
7768 329
8033 880
8629 159
9929 590
9577 219
9448 718
7679 928
9981 557
7398 846
8388 227
5456 458
5731 216
6683 562
8116 610
8295 894
8135 958
6826 895
6415 586
7106 822
8034 858
7806 339
7880 854
8748 708
6170 321
6746 649
7082 429
7679 85
7710 993
9549 966
8252 816
5371 851
8453 741
8336 243
7326 304
8651 886
5412 938
7821 406
8767 73
6131 931
8344 990
8682 313
6922 509
7966 672
9258 617
8229 587
6450 975
7514 206
7497 585
5186 448
5101 840
8036 453
9141 982
6541 603
9504 516
8558 790
5891 905
5304 742
7315 966
7213 494
8535 549
5139 144
7678 538
5114 131
7086 509
9123 892
6176 101
7911 885
9179 89
9449 287
5781 777
5216 100
6613 72
5007 88
7246 126
7471 667
8284 460
5496 207
6677 467
8878 376
5550 588
8710 821
5809 409
7244 562
7692 844
8023 679
8234 309
7901 936
7866 968
7469 664
9690 959
7209 538
5050 342
5413 317
9922 322
9995 774
5754 775
5737 331
7767 930
8079 784
9941 746
9361 212
6034 262
7168 955
9754 647
8762 353
9845 600
8463 757
6093 521
6699 565
9771 534
5696 618
7320 447
5217 490
8808 1000
5444 388
6329 555
5938 41
8815 362
8121 882
9986 207
8626 536
9377 614
8042 840
8068 607
8495 463
8598 43
7492 499
9925 124
9851 347
7903 894
5959 46
6173 767
9915 416
9135 988
7012 627
6336 63
8080 865
5126 529
8893 584
7927 212
5991 565
5309 479
5012 722
7724 597
5719 74
8912 760
8126 456
6287 280
9195 406
6533 715
8539 138
6072 402
5829 503
5532 619
7964 571
9268 364
9351 912
6904 801
8453 349
9798 633
8971 860
6508 821
5341 690
5184 800
9392 762
6634 941
7122 969
9002 887
6933 998
8505 330
7123 554
9221 210
8176 139
8286 265
6156 255
6624 626
9692 804
6153 392
7868 484
8286 505
7075 806
7767 169
7893 329
6643 292
7698 460
8063 84
5510 755
5540 238
9213 218
7686 241
5795 364
6464 77
6776 549
7566 1
9332 572
9544 849
8003 706
5851 946
5806 626
9513 1000
8708 943
9066 954
5119 874
9139 614
5613 507
5507 603
5651 890
7556 93
8271 808
7964 43
8616 931
7154 611
9751 570
6470 461
8082 786
6234 195
7526 833
8385 489
6679 834
5405 179
6118 857
6910 118
9123 792
9016 564
9624 22
7505 277
5967 717
5033 94
7353 516
5851 886
8082 454
8812 258
9216 875
7746 713
8815 53
5655 445
6640 185
5982 359
8858 349
5111 33
9248 847
6981 359
5195 966
6442 618
6894 280
6352 466
6772 24
8152 23
6885 171
6243 377
5608 943
5083 48
9434 250
6870 384
5933 981
9997 747
7546 629
8158 333
9549 682
9960 582
7277 401
8451 873
8922 912
9440 926
8503 823
5110 552
8293 68
8384 530
5923 408
9634 440
7669 913
9037 849
9083 384
9232 675
8394 642
9979 704
9683 24
7305 110
9977 623
6429 208
8772 631
8216 860
9435 749
7269 817
6688 962
9004 808
9010 325
6179 416
9608 465
9310 836
7493 667
7286 863
7439 76
9601 969
5689 427
6753 712
5223 48
6291 540
5241 736
6511 179
6429 239
5837 172
7446 184
5575 242
9942 200
6849 143
6603 129
8036 289
7099 658
7877 73
6409 802
5994 746
7748 283
6770 459
5531 813
7682 658
9727 154
7134 534
7396 310
9964 163
5168 964
9651 624
9988 410
6399 441
7212 353
9192 100
7896 38
6150 622
5104 803
7359 146
5772 204
9059 822
9815 549
9820 157
9028 777
7439 339
9784 218
5306 150
5127 805
5161 776
7885 944
9699 675
5968 89
9561 50
9163 942
6080 229
6558 498
5592 784
6400 5
7897 763
5745 44
6442 509
6323 126
8095 188
5065 19
8655 111
8125 534
7312 272
6703 5
9681 239
9713 1000
7268 46
5359 662
9402 325
5708 575
9322 413
6900 341
8701 395
8473 371
9784 450
8482 308
5759 452
8548 720
7459 85
9962 922
7518 481
9485 28
7631 733
6772 17
7352 345
5051 525
5871 606
8418 471
5737 127
9097 43
5854 702
5603 723
5167 736
9812 437
8406 494
9150 289
8555 373
8594 327
8049 865
8815 161
8565 825
5005 112
8858 456
6892 173
8616 190
8189 18
5169 84
9933 287
9837 196
6151 909
5043 81
8456 149
5186 264
7986 68
9961 831
5875 914
6762 829
6365 879
8809 198
9313 886
9004 328
6390 102
6710 567
5803 622
7118 138
6480 19
7217 922
6188 902
7679 559
5073 35
6691 169
7162 105
6744 700
5276 649
7575 638
5541 455
8891 664
6545 638
7454 776
9135 860
5103 263
5832 170
6914 36
8294 805
7491 450
5134 117
7780 999
5575 545
7310 175
8186 228
8622 663
9901 351
9317 136
9308 345
5062 47
5754 337
5738 765
9709 873
5179 287
5072 862
6385 260
6832 676
7001 429
8260 397
5692 955
9711 404
7762 258
6084 119
7188 211
7256 516
8569 968
7419 312
8803 886
5601 221
6769 981
6213 403
9170 271
6257 56
8735 631
8888 555
6243 456
5318 532
6045 548
7818 679
5082 95
9776 927
8602 193
9941 619
9756 341
6476 737
6096 824
8823 707
9264 246
9492 135
6946 318
7523 175
5326 676
7074 297
8394 174
7689 472
5993 815
9320 487
5988 414
6835 12
7113 61
6850 925
6827 923
6346 745
9115 45
8801 944
8575 238
7292 727
7268 358
8472 886
6451 355
5609 46
5588 485
6486 730
8841 864
9275 99
7995 475
8129 153
9854 973
6510 522
5893 699
7375 870
6786 410
5022 829
5704 392
9301 610
6669 878
7746 847
9886 235
9144 793
9896 81
7321 711
8388 586
8914 567
5328 941
7963 687
7909 36
7339 804
9260 218
7935 41
5400 13
7073 178
8399 8
8563 714
7216 603
5066 640
9322 290
5336 475
7490 970
7738 337
5647 93
6879 87
9723 762
6962 899
9795 86
7997 784
5602 380
7731 281
7337 400
7540 821
5799 975
7265 474
9380 734
9386 644
5214 163
6658 340
7985 419
5672 785
9117 767
5622 930
5183 695
5028 684
5023 9
8449 276
5505 77
9543 419
6377 12
6666 5
6221 235
6139 445
8296 990
8943 352
5373 715
8575 696
9368 579
9678 788
9650 367
5068 519
5690 813
9159 762
8597 194
6650 981
9442 40
5628 516
6806 487
7595 958
8255 681
7070 772
9682 480
8729 167
7396 221
5675 422
5445 869
9509 384
7508 363
9793 370
8157 72
8260 522
9808 431
5960 862
9338 405
7471 338
7223 450
6086 521
7300 685
8380 905
8876 344
8941 909
5201 337
8293 463
9765 812
5216 625
8844 486
8862 33
9248 888
8476 730
7957 60
7568 946
8589 871
7355 988
6671 273
5478 477
7822 948
7867 987
9213 882
6947 507
9354 341
7375 30
5320 950
8224 631
7227 356
