200 997
585 485
194 94
426 326
606 506
348 248
516 416
521 421
1092 992
422 322
749 649
895 795
337 237
143 43
557 457
945 845
915 815
1055 955
546 446
352 252
522 422
109 9
891 791
1001 901
459 359
222 122
767 667
194 94
698 598
838 738
107 7
674 574
644 544
815 715
434 334
982 882
866 766
467 367
1094 994
1084 984
993 893
399 299
733 633
533 433
231 131
782 682
528 428
172 72
800 700
974 874
717 617
238 138
974 874
956 856
820 720
245 145
519 419
1095 995
894 794
629 529
296 196
299 199
1097 997
377 277
216 116
197 97
1008 908
819 719
639 539
342 242
807 707
207 107
669 569
222 122
637 537
170 70
1031 931
198 98
826 726
700 600
587 487
745 645
872 772
367 267
613 513
1072 972
181 81
995 895
1043 943
313 213
158 58
848 748
403 303
587 487
864 764
1023 923
636 536
129 29
824 724
774 674
889 789
640 540
579 479
654 554
242 142
567 467
439 339
146 46
741 641
810 710
296 196
653 553
594 494
291 191
166 66
824 724
924 824
830 730
308 208
1088 988
811 711
190 90
900 800
440 340
414 314
649 549
389 289
296 196
501 401
965 865
566 466
778 678
789 689
670 570
933 833
1036 936
325 225
822 722
344 244
751 651
949 849
223 123
213 113
531 431
479 379
608 508
461 361
685 585
165 65
953 853
586 486
742 642
786 686
1092 992
386 286
825 725
989 889
386 286
124 24
912 812
591 491
959 859
991 891
763 663
190 90
188 88
281 181
279 179
314 214
287 187
117 17
719 619
572 472
361 261
518 418
946 846
519 419
292 192
456 356
361 261
782 682
614 514
406 306
986 886
301 201
630 530
485 385
949 849
1052 952
394 294
600 500
899 799
294 194
491 391
837 737
430 330
424 324
398 298
1092 992
890 790
324 224
8732 229
8593 822
8724 501
6072 926
8579 51
5798 347
9696 383
6250 192
9180 642
5216 97
5618 336
5585 834
7405 133
7582 681
8423 270
6084 831
5494 454
5640 71
7507 79
8782 941
9094 77
9898 403
8398 270
8599 511
8474 311
8462 778
6782 7
7322 31
6978 923
6602 594
7861 775
9459 900
8559 78
7647 338
5302 695
5962 227
5960 381
9214 581
6785 913
6878 627
7795 965
7062 241
7092 606
7243 173
5136 824
7829 279
5715 272
5654 856
8856 791
7443 964
5882 414
8057 877
5953 754
8558 750
8594 626
7308 743
9097 578
7061 352
7788 62
8980 519
8843 921
7511 282
7896 924
9733 573
7555 177
8483 536
5174 17
7035 443
9510 169
6084 504
7385 170
7132 65
5022 597
5379 364
5724 518
6340 78
7775 54
8081 101
7663 556
7644 891
7659 203
5821 692
7543 870
8407 580
9510 674
6894 108
5130 601
8840 412
6270 753
5382 953
7976 621
6977 151
9886 750
8425 678
5037 857
9316 189
6329 865
7978 707
9235 296
8903 105
5656 428
5143 623
7699 449
8012 785
6358 283
7548 37
7865 701
8632 996
8176 489
8776 490
9516 308
8391 431
9214 686
9827 539
9253 304
9774 504
7958 138
8659 360
7090 810
9370 192
5312 461
6277 713
9163 488
7298 441
6615 228
5654 450
7134 563
7048 129
5368 64
7750 416
8585 373
8886 864
6604 27
5969 516
6416 205
8334 76
9184 842
7342 586
5705 224
5115 237
9232 876
9360 459
7510 631
6543 17
8409 974
7375 494
7061 688
9102 251
8791 9
6942 538
5385 257
6960 787
6231 57
6157 716
8101 796
5156 201
8148 234
9170 76
5411 740
9696 643
8240 728
5664 849
7653 892
5238 789
9687 413
7834 418
5225 37
9578 194
9042 257
9114 320
8117 22
6406 581
5290 789
6767 457
9286 653
9448 887
8563 459
8440 18
5538 152
7938 914
5504 691
7062 309
8882 720
5552 319
6507 579
8903 951
6724 907
5795 961
7460 103
6700 61
5457 971
9516 52
5300 922
9696 102
5608 811
9853 67
8154 882
9434 387
6139 532
5236 174
