
100 997
585 485
194 94
426 326
606 506
348 248
516 416
521 421
1092 992
422 322
749 649
895 795
337 237
143 43
557 457
945 845
915 815
1055 955
546 446
352 252
522 422
109 9
891 791
1001 901
459 359
222 122
767 667
194 94
698 598
838 738
107 7
674 574
644 544
815 715
434 334
982 882
866 766
467 367
1094 994
1084 984
993 893
399 299
733 633
533 433
231 131
782 682
528 428
172 72
800 700
974 874
717 617
238 138
974 874
956 856
820 720
245 145
519 419
1095 995
894 794
629 529
296 196
299 199
1097 997
377 277
216 116
197 97
1008 908
819 719
639 539
342 242
807 707
207 107
669 569
222 122
637 537
170 70
1031 931
198 98
826 726
700 600
587 487
745 645
872 772
367 267
613 513
1072 972
181 81
995 895
1043 943
313 213
158 58
848 748
403 303
587 487
864 764
1023 923
636 536
129 29
824 724
774 674
889 789
8125 390
5392 443
8140 79
5463 288
5540 873
5807 288
7078 298
6602 231
8600 256
8802 976
5115 335
7268 700
9710 450
7860 346
8154 17
5794 30
6186 766
7875 836
6031 855
8954 824
9494 301
6346 201
7856 309
5765 802
9338 131
8489 51
9426 308
8232 322
9715 774
5915 109
5187 903
6891 601
6424 717
8088 717
5662 684
5699 708
9562 403
6820 833
6523 926
7698 275
8943 345
5059 122
7133 806
5339 422
6452 343
9139 913
6848 307
5203 272
7225 244
8153 208
9502 708
9032 808
9313 729
6583 773
7325 406
6662 406
9251 414
6292 108
7357 840
6671 997
9777 622
6509 505
6753 673
7660 546
5150 647
9684 584
5933 444
5224 439
6643 546
8574 888
8041 765
5799 305
8537 514
7761 128
6306 354
9033 558
8210 991
6933 682
6274 761
7585 895
6423 670
7425 680
5785 959
9521 876
9178 352
9758 725
5831 348
5216 318
7515 678
6181 175
5791 429
6411 754
9435 843
6582 200
8119 733
5712 468
7549 863
8099 11
8141 779
9752 481
