
2000 9819
585 485
194 94
426 326
606 506
348 248
516 416
521 421
1092 992
422 322
749 649
895 795
337 237
143 43
557 457
945 845
915 815
1055 955
546 446
352 252
522 422
109 9
891 791
1001 901
459 359
222 122
767 667
194 94
698 598
838 738
107 7
674 574
644 544
815 715
434 334
982 882
866 766
467 367
1094 994
1084 984
993 893
399 299
733 633
533 433
231 131
782 682
528 428
172 72
800 700
974 874
717 617
238 138
974 874
956 856
820 720
245 145
519 419
1095 995
894 794
629 529
296 196
299 199
1097 997
377 277
216 116
197 97
1008 908
819 719
639 539
342 242
807 707
207 107
669 569
222 122
637 537
170 70
1031 931
198 98
826 726
700 600
587 487
745 645
872 772
367 267
613 513
1072 972
181 81
995 895
1043 943
313 213
158 58
848 748
403 303
587 487
864 764
1023 923
636 536
129 29
824 724
774 674
889 789
640 540
579 479
654 554
242 142
567 467
439 339
146 46
741 641
810 710
296 196
653 553
594 494
291 191
166 66
824 724
924 824
830 730
308 208
1088 988
811 711
190 90
900 800
440 340
414 314
649 549
389 289
296 196
501 401
965 865
566 466
778 678
789 689
670 570
933 833
1036 936
325 225
822 722
344 244
751 651
949 849
223 123
213 113
531 431
479 379
608 508
461 361
685 585
165 65
953 853
586 486
742 642
786 686
1092 992
386 286
825 725
989 889
386 286
124 24
912 812
591 491
959 859
991 891
763 663
190 90
188 88
281 181
279 179
314 214
287 187
117 17
719 619
572 472
361 261
518 418
946 846
519 419
292 192
456 356
361 261
782 682
614 514
406 306
986 886
301 201
630 530
485 385
949 849
1052 952
394 294
600 500
899 799
294 194
491 391
837 737
430 330
424 324
398 298
1092 992
890 790
324 224
375 275
360 260
926 826
197 97
172 72
310 210
966 866
749 649
1051 951
1019 919
848 748
163 63
785 685
1058 958
1056 956
904 804
664 564
618 518
283 183
528 428
500 400
637 537
821 721
446 346
307 207
253 153
423 323
1071 971
711 611
762 662
216 116
297 197
209 109
191 91
895 795
629 529
443 343
226 126
962 862
847 747
785 685
569 469
110 10
870 770
981 881
1034 934
1084 984
823 723
503 403
995 895
460 360
668 568
549 449
272 172
641 541
1058 958
372 272
483 383
977 877
408 308
459 359
1070 970
807 707
683 583
408 308
148 48
870 770
1030 930
130 30
669 569
308 208
103 3
411 311
120 20
200 100
709 609
1039 939
987 887
522 422
925 825
885 785
1030 930
470 370
1004 904
1089 989
341 241
1069 969
479 379
243 143
476 376
1072 972
1062 962
128 28
989 889
161 61
543 443
738 638
316 216
448 348
438 338
447 347
260 160
166 66
506 406
491 391
259 159
738 638
131 31
395 295
304 204
926 826
520 420
296 196
253 153
549 449
525 425
955 855
431 331
243 143
665 565
587 487
938 838
240 140
109 9
664 564
1018 918
715 615
633 533
235 135
332 232
664 564
1057 957
460 360
691 591
893 793
676 576
263 163
846 746
959 859
477 377
860 760
958 858
811 711
186 86
762 662
534 434
259 159
658 558
760 660
379 279
368 268
940 840
1048 948
835 735
415 315
674 574
776 676
226 126
441 341
1012 912
789 689
839 739
994 894
921 821
806 706
725 625
590 490
1017 917
578 478
301 201
771 671
1093 993
1032 932
249 149
999 899
152 52
337 237
859 759
287 187
367 267
572 472
356 256
872 772
883 783
198 98
217 117
1006 906
616 516
1011 911
280 180
735 635
125 25
325 225
480 380
923 823
812 712
264 164
366 266
443 343
316 216
832 732
548 448
602 502
641 541
840 740
764 664
676 576
1054 954
712 612
826 726
1002 902
872 772
554 454
631 531
511 411
1043 943
1073 973
850 750
803 703
427 327
950 850
1017 917
177 77
105 5
320 220
213 113
902 802
1013 913
503 403
891 791
281 181
1098 998
110 10
959 859
625 525
445 345
1019 919
531 431
768 668
775 675
627 527
933 833
562 462
538 438
391 291
623 523
705 605
1016 916
557 457
520 420
505 405
215 115
517 417
760 660
379 279
361 261
785 685
872 772
696 596
488 388
407 307
864 764
324 224
943 843
422 322
306 206
940 840
507 407
1075 975
739 639
501 401
952 852
191 91
642 542
427 327
160 60
430 330
857 757
282 182
182 82
703 603
737 637
893 793
193 93
715 615
714 614
833 733
236 136
964 864
287 187
116 16
202 102
963 863
1072 972
1087 987
263 163
406 306
601 501
134 34
577 477
940 840
592 492
800 700
221 121
806 706
180 80
887 787
238 138
205 105
760 660
934 834
329 229
898 798
927 827
410 310
548 448
709 609
330 230
790 690
932 832
661 561
589 489
679 579
686 586
160 60
391 291
488 388
765 665
409 309
760 660
507 407
802 702
300 200
253 153
413 313
706 606
1070 970
223 123
133 33
353 253
373 273
809 709
377 277
932 832
1097 997
208 108
140 40
988 888
327 227
581 481
960 860
383 283
1040 940
958 858
708 608
384 284
1090 990
811 711
690 590
950 850
906 806
339 239
152 52
1043 943
901 801
295 195
864 764
195 95
810 710
510 410
486 386
764 664
693 593
1000 900
150 50
212 112
594 494
1063 963
256 156
854 754
1036 936
558 458
1065 965
119 19
186 86
325 225
823 723
669 569
284 184
197 97
968 868
294 194
440 340
854 754
512 412
702 602
587 487
161 61
309 209
795 695
446 346
447 347
960 860
819 719
407 307
200 100
195 95
197 97
921 821
943 843
1041 941
845 745
921 821
386 286
687 587
592 492
301 201
216 116
765 665
631 531
627 527
524 424
912 812
353 253
524 424
526 426
559 459
513 413
443 343
1080 980
936 836
391 291
606 506
933 833
279 179
586 486
1016 916
109 9
530 430
675 575
696 596
1022 922
908 808
245 145
369 269
997 897
612 512
504 404
911 811
842 742
785 685
828 728
667 567
369 269
876 776
203 103
955 855
845 745
818 718
135 35
953 853
879 779
197 97
171 71
246 146
180 80
846 746
942 842
115 15
228 128
1065 965
1041 941
612 512
327 227
580 480
130 30
1058 958
442 342
765 665
705 605
291 191
631 531
1064 964
464 364
615 515
459 359
706 606
967 867
922 822
920 820
636 536
413 313
793 693
307 207
119 19
1011 911
435 335
408 308
201 101
530 430
1022 922
785 685
394 294
741 641
1010 910
213 113
510 410
241 141
350 250
790 690
646 546
800 700
829 729
659 559
709 609
581 481
820 720
603 503
1076 976
866 766
859 759
107 7
898 798
982 882
174 74
959 859
748 648
282 182
399 299
525 425
885 785
642 542
946 846
783 683
490 390
953 853
997 897
1038 938
516 416
189 89
937 837
724 624
347 247
281 181
393 293
978 878
244 144
1033 933
1038 938
680 580
567 467
352 252
580 480
307 207
1055 955
758 658
765 665
120 20
126 26
1054 954
664 564
447 347
549 449
859 759
126 26
546 446
621 521
114 14
401 301
757 657
421 321
810 710
713 613
1080 980
488 388
288 188
979 879
736 636
1090 990
303 203
288 188
532 432
1063 963
229 129
920 820
730 630
400 300
609 509
922 822
337 237
355 255
473 373
377 277
938 838
253 153
495 395
500 400
792 692
327 227
203 103
618 518
318 218
547 447
484 384
415 315
1031 931
913 813
496 396
424 324
489 389
602 502
740 640
399 299
387 287
880 780
397 297
476 376
1077 977
616 516
612 512
312 212
319 219
429 329
655 555
910 810
498 398
586 486
389 289
585 485
898 798
516 416
698 598
1052 952
149 49
994 894
672 572
458 358
797 697
121 21
870 770
747 647
825 725
144 44
642 542
783 683
314 214
461 361
987 887
914 814
145 45
331 231
194 94
108 8
382 282
265 165
182 82
596 496
419 319
799 699
726 626
952 852
246 146
559 459
641 541
635 535
974 874
414 314
825 725
1044 944
877 777
406 306
654 554
559 459
308 208
737 637
887 787
547 447
1076 976
508 408
1012 912
207 107
544 444
1062 962
103 3
665 565
401 301
507 407
264 164
957 857
537 437
417 317
752 652
198 98
864 764
918 818
141 41
700 600
837 737
388 288
276 176
1002 902
236 136
667 567
228 128
290 190
494 394
849 749
335 235
1008 908
142 42
376 276
924 824
848 748
784 684
692 592
1079 979
493 393
668 568
463 363
467 367
263 163
152 52
1083 983
742 642
279 179
435 335
116 16
226 126
578 478
230 130
359 259
683 583
968 868
229 129
395 295
852 752
696 596
267 167
171 71
956 856
722 622
740 640
964 864
870 770
744 644
531 431
105 5
295 195
465 365
548 448
529 429
801 701
164 64
1052 952
954 854
980 880
870 770
268 168
188 88
179 79
257 157
1061 961
468 368
572 472
521 421
317 217
819 719
809 709
371 271
247 147
1075 975
396 296
916 816
1009 909
1062 962
864 764
635 535
351 251
538 438
978 878
796 696
853 753
981 881
670 570
418 318
353 253
145 45
766 666
152 52
1031 931
596 496
533 433
413 313
910 810
238 138
778 678
434 334
223 123
1088 988
312 212
608 508
166 66
870 770
306 206
851 751
850 750
880 780
164 64
541 441
566 466
307 207
437 337
616 516
610 510
774 674
896 796
508 408
275 175
1020 920
537 437
673 573
1038 938
734 634
948 848
978 878
661 561
1090 990
818 718
926 826
1048 948
796 696
749 649
900 800
669 569
511 411
763 663
522 422
682 582
807 707
943 843
434 334
302 202
1086 986
802 702
594 494
679 579
250 150
825 725
662 562
903 803
480 380
440 340
932 832
256 156
1079 979
932 832
476 376
702 602
611 511
334 234
514 414
788 688
260 160
284 184
1082 982
1078 978
338 238
513 413
590 490
733 633
999 899
685 585
351 251
706 606
626 526
1063 963
997 897
450 350
139 39
342 242
757 657
639 539
552 452
839 739
638 538
367 267
931 831
265 165
560 460
277 177
285 185
820 720
1034 934
902 802
540 440
744 644
590 490
182 82
268 168
898 798
171 71
297 197
1077 977
273 173
558 458
181 81
304 204
335 235
903 803
212 112
239 139
203 103
499 399
368 268
520 420
979 879
1091 991
743 643
678 578
206 106
1072 972
222 122
277 177
544 444
498 398
362 262
448 348
791 691
596 496
1097 997
376 276
546 446
925 825
271 171
714 614
649 549
221 121
381 281
830 730
311 211
441 341
212 112
384 284
508 408
798 698
830 730
117 17
463 363
646 546
189 89
772 672
705 605
1074 974
1038 938
966 866
268 168
477 377
805 705
659 559
147 47
440 340
500 400
627 527
315 215
879 779
214 114
861 761
151 51
583 483
981 881
192 92
649 549
490 390
779 679
683 583
428 328
761 661
350 250
491 391
303 203
436 336
581 481
761 661
852 752
225 125
807 707
189 89
182 82
375 275
163 63
459 359
760 660
278 178
121 21
880 780
387 287
142 42
319 219
105 5
600 500
480 380
920 820
872 772
195 95
916 816
144 44
109 9
848 748
584 484
778 678
645 545
376 276
689 589
578 478
257 157
763 663
1001 901
694 594
877 777
857 757
174 74
1047 947
347 247
548 448
155 55
670 570
579 479
413 313
885 785
1081 981
1058 958
895 795
780 680
652 552
493 393
489 389
1044 944
380 280
696 596
964 864
719 619
736 636
711 611
612 512
952 852
992 892
383 283
284 184
399 299
1047 947
866 766
714 614
412 312
725 625
926 826
249 149
826 726
477 377
833 733
574 474
905 805
118 18
779 679
762 662
503 403
516 416
1064 964
101 1
437 337
630 530
641 541
852 752
578 478
122 22
469 369
1081 981
1046 946
877 777
921 821
1057 957
933 833
375 275
937 837
684 584
590 490
682 582
137 37
221 121
694 594
1051 951
229 129
768 668
358 258
218 118
346 246
419 319
462 362
996 896
855 755
621 521
604 504
1048 948
171 71
348 248
277 177
574 474
276 176
451 351
903 803
154 54
337 237
255 155
777 677
760 660
133 33
971 871
215 115
586 486
697 597
394 294
869 769
525 425
636 536
345 245
1056 956
482 382
441 341
471 371
284 184
808 708
334 234
644 544
669 569
894 794
316 216
487 387
637 537
838 738
184 84
620 520
910 810
381 281
757 657
602 502
133 33
191 91
259 159
603 503
620 520
1024 924
768 668
116 16
387 287
133 33
329 229
444 344
474 374
449 349
574 474
706 606
772 672
996 896
1015 915
695 595
611 511
541 441
223 123
202 102
669 569
152 52
299 199
754 654
496 396
810 710
815 715
534 434
159 59
345 245
710 610
136 36
1017 917
761 661
1027 927
513 413
370 270
113 13
217 117
470 370
616 516
500 400
315 215
295 195
316 216
1084 984
337 237
576 476
715 615
264 164
599 499
505 405
577 477
774 674
860 760
296 196
385 285
708 608
156 56
1007 907
1066 966
632 532
722 622
151 51
321 221
816 716
294 194
427 327
191 91
980 880
447 347
810 710
352 252
367 267
573 473
500 400
616 516
476 376
485 385
709 609
457 357
420 320
1058 958
296 196
765 665
638 538
892 792
1035 935
164 64
504 404
520 420
200 100
771 671
226 126
1068 968
955 855
977 877
194 94
277 177
831 731
623 523
353 253
239 139
108 8
252 152
493 393
832 732
643 543
346 246
448 348
665 565
418 318
840 740
589 489
1002 902
122 22
117 17
1098 998
1073 973
149 49
398 298
481 381
711 611
110 10
132 32
529 429
111 11
321 221
437 337
250 150
236 136
817 717
989 889
630 530
622 522
432 332
905 805
1042 942
128 28
665 565
1031 931
316 216
857 757
161 61
709 609
270 170
644 544
972 872
1005 905
744 644
695 595
308 208
346 246
780 680
213 113
797 697
275 175
739 639
256 156
779 679
344 244
1061 961
983 883
461 361
365 265
902 802
983 883
459 359
562 462
939 839
585 485
818 718
372 272
380 280
304 204
352 252
1084 984
380 280
509 409
202 102
498 398
715 615
1009 909
396 296
470 370
581 481
982 882
1056 956
314 214
330 230
866 766
359 259
135 35
1022 922
521 421
806 706
371 271
372 272
470 370
256 156
948 848
652 552
150 50
585 485
1076 976
636 536
370 270
170 70
896 796
1002 902
1063 963
552 452
479 379
135 35
1091 991
1047 947
651 551
478 378
997 897
157 57
407 307
452 352
521 421
769 669
174 74
802 702
488 388
241 141
659 559
558 458
1080 980
563 463
715 615
856 756
781 681
987 887
331 231
432 332
307 207
628 528
918 818
756 656
431 331
354 254
1079 979
887 787
545 445
595 495
448 348
470 370
824 724
110 10
501 401
300 200
746 646
427 327
768 668
117 17
342 242
474 374
402 302
855 755
961 861
1080 980
930 830
476 376
177 77
108 8
541 441
132 32
689 589
560 460
1090 990
904 804
289 189
123 23
968 868
969 869
1096 996
1043 943
463 363
815 715
337 237
728 628
520 420
173 73
665 565
299 199
314 214
138 38
433 333
309 209
826 726
427 327
275 175
1012 912
158 58
899 799
725 625
472 372
166 66
1076 976
269 169
220 120
575 475
767 667
304 204
288 188
190 90
128 28
596 496
804 704
101 1
749 649
574 474
846 746
549 449
797 697
352 252
812 712
432 332
389 289
387 287
725 625
289 189
1053 953
989 889
562 462
163 63
402 302
478 378
179 79
306 206
141 41
997 897
923 823
330 230
1008 908
482 382
765 665
675 575
136 36
160 60
832 732
629 529
909 809
577 477
166 66
390 290
391 291
189 89
691 591
1061 961
683 583
561 461
352 252
802 702
579 479
632 532
630 530
780 680
324 224
153 53
888 788
742 642
409 309
1100 1000
466 366
991 891
452 352
922 822
502 402
252 152
645 545
424 324
213 113
733 633
1067 967
367 267
554 454
481 381
823 723
372 272
114 14
606 506
120 20
519 419
408 308
561 461
744 644
626 526
813 713
1078 978
582 482
568 468
436 336
829 729
389 289
895 795
596 496
681 581
426 326
483 383
630 530
326 226
267 167
521 421
622 522
486 386
930 830
373 273
191 91
584 484
216 116
776 676
847 747
207 107
495 395
329 229
1058 958
1002 902
856 756
1062 962
362 262
205 105
803 703
184 84
611 511
1091 991
581 481
801 701
549 449
789 689
988 888
755 655
699 599
700 600
406 306
638 538
592 492
599 499
903 803
981 881
545 445
1081 981
416 316
573 473
989 889
483 383
885 785
779 679
865 765
673 573
591 491
689 589
689 589
580 480
224 124
245 145
841 741
724 624
998 898
1023 923
825 725
1015 915
782 682
332 232
231 131
1074 974
498 398
835 735
1006 906
778 678
853 753
740 640
412 312
744 644
890 790
312 212
401 301
223 123
1045 945
353 253
547 447
1043 943
297 197
118 18
127 27
1016 916
673 573
427 327
689 589
740 640
1034 934
715 615
309 209
570 470
629 529
755 655
999 899
388 288
115 15
501 401
692 592
940 840
192 92
733 633
675 575
807 707
914 814
524 424
454 354
782 682
227 127
294 194
474 374
955 855
666 566
290 190
694 594
828 728
1073 973
278 178
745 645
375 275
703 603
188 88
812 712
467 367
132 32
644 544
398 298
838 738
661 561
1063 963
1006 906
560 460
726 626
366 266
243 143
827 727
604 504
133 33
936 836
542 442
461 361
728 628
531 431
484 384
654 554
344 244
124 24
582 482
516 416
865 765
835 735
546 446
343 243
347 247
554 454
1013 913
1032 932
660 560
594 494
628 528
748 648
694 594
457 357
1035 935
696 596
562 462
888 788
721 621
636 536
760 660
859 759
664 564
300 200
402 302
666 566
1036 936
841 741
692 592
317 217
824 724
319 219
218 118
932 832
399 299
919 819
351 251
587 487
229 129
573 473
196 96
341 241
267 167
164 64
269 169
616 516
481 381
957 857
1076 976
318 218
867 767
590 490
937 837
604 504
507 407
807 707
303 203
442 342
487 387
575 475
835 735
275 175
806 706
886 786
435 335
271 171
140 40
332 232
921 821
988 888
231 131
966 866
259 159
1076 976
1078 978
353 253
153 53
719 619
949 849
742 642
578 478
560 460
119 19
318 218
330 230
318 218
553 453
767 667
436 336
1049 949
1031 931
189 89
688 588
588 488
549 449
668 568
666 566
626 526
6911 649
9968 125
8125 228
5572 290
6620 463
6250 948
5066 723
9987 211
8559 410
5539 509
9848 441
6615 259
6809 515
7251 603
9412 274
5281 81
7859 724
9732 998
7175 51
9413 121
9446 876
8594 246
6798 869
9896 6
5594 619
8641 52
9318 715
9123 92
8930 839
8326 717
8737 271
5917 466
5288 594
9832 275
7319 339
8752 212
5307 164
9811 993
9430 618
6308 648
6416 888
6769 472
8855 137
6774 308
5022 375
8520 737
6787 769
6410 889
6334 587
6762 937
7594 648
9716 676
5473 815
7075 305
6044 368
8899 742
8014 35
5757 28
7077 179
5546 5
5624 146
5883 603
7138 219
9227 87
8712 347
6452 190
6661 95
9935 87
6952 871
6039 369
7423 423
7809 942
6122 721
6666 810
6226 998
8993 931
6379 168
7180 41
8312 899
9803 203
5995 96
8112 537
5421 667
5150 489
5174 858
5383 787
8031 301
7958 431
5966 924
9933 226
6680 616
6734 555
9706 721
7266 207
9676 118
9795 831
8135 971
7677 15
5522 152
6388 221
6760 190
7591 16
9375 977
6754 687
9388 126
6925 31
7269 136
5867 376
8533 678
5747 134
9951 844
8564 798
6761 387
9583 659
9444 263
6397 914
9691 315
5053 317
9537 203
7963 430
9161 643
5955 599
6058 731
5161 788
6935 247
9659 340
5909 284
8354 205
6568 303
7864 260
9378 878
7339 803
7073 168
6164 413
7028 980
6813 722
7088 794
7694 937
5723 714
6346 310
7755 204
5929 743
6098 347
8078 239
8584 917
5029 769
6727 184
6457 789
8206 21
9429 800
9705 713
9346 660
5169 450
6827 664
6331 676
8207 295
8395 721
5208 447
5226 228
8223 850
5589 521
6500 420
6918 55
9178 370
5221 979
6915 683
8924 398
6972 694
8872 96
9837 264
8151 280
5180 809
7852 29
7003 571
5307 244
6750 329
8698 990
6218 578
7497 574
6421 108
5506 589
7934 143
5447 669
9123 287
5781 240
5265 186
9854 872
7544 856
8131 455
6414 230
7870 879
7008 904
7079 846
6422 423
7692 785
9177 891
8914 135
9374 438
7419 320
7691 940
6186 967
6684 816
5571 752
8458 644
8619 484
9757 349
5070 964
5325 185
6188 224
8098 423
7914 691
6718 905
9505 902
9106 385
9609 179
6827 133
8374 579
9342 276
9616 689
7165 36
5054 865
7492 386
5829 226
8576 517
9806 450
9330 966
7036 865
5068 626
9316 250
9508 37
6622 741
5380 947
7236 416
9317 89
8332 167
6048 900
8852 106
8074 834
9156 978
9638 716
6109 25
5821 847
9501 835
5356 635
5323 836
6951 87
6384 784
9395 384
5223 659
7582 990
5524 568
6950 116
5665 400
6155 747
8615 910
8041 85
5454 657
5430 184
7227 991
5646 583
6555 642
7459 674
6024 71
8359 472
9297 804
9985 890
6038 789
5213 932
9370 741
5843 99
9104 854
9341 122
9754 125
7670 265
8809 341
8007 639
5196 557
5997 767
6226 241
8563 687
5430 183
8130 115
6118 765
6590 744
7941 809
6553 648
5465 388
8802 350
8483 388
6494 977
6993 481
6134 307
5963 558
7396 506
5463 773
8294 723
9569 389
9034 181
5678 675
6811 861
9551 605
8033 679
9806 425
6895 961
6692 703
9509 160
6681 973
6992 520
6934 417
9143 408
5009 826
8265 602
9888 66
8035 460
8806 768
7535 851
7883 64
8307 488
5870 648
8456 164
9778 852
5121 893
7828 857
6059 426
9153 336
6020 187
7634 516
6974 285
8758 305
6726 412
8897 794
9107 82
8333 477
7758 240
9803 393
5188 480
9252 699
7757 864
6566 366
6726 647
7543 970
9197 788
7585 141
8113 174
9233 563
6440 258
6150 928
9553 887
7111 686
6871 608
7467 103
6387 468
7538 425
9868 929
8043 433
6128 591
8616 635
7642 966
9265 573
6675 17
6215 55
7839 403
8798 321
8053 358
9439 518
9085 396
7436 336
6142 842
9552 408
5773 430
5955 615
8367 198
7130 419
7117 485
8005 275
8518 222
8524 849
6960 581
9143 685
8275 768
8263 92
7796 105
8607 844
6566 163
9306 536
5301 694
6530 354
6707 131
6673 792
5388 995
5505 768
6244 282
9663 12
9352 395
9654 99
5937 161
7836 126
9601 884
5377 48
7797 118
8595 395
9468 419
6322 520
9055 927
9178 951
9086 648
8286 778
8223 759
7684 157
7348 832
5065 191
8603 866
7845 593
5147 631
7435 888
7962 260
5135 140
8457 294
9256 313
8739 448
8135 122
5734 29
9494 680
6749 567
5747 970
6047 532
7522 341
6195 997
7044 446
5024 295
7413 127
6301 104
8836 448
5945 805
9649 963
5734 817
7421 876
6269 756
5384 41
8491 161
8369 896
8787 201
8080 190
9729 589
8846 996
6169 414
8526 835
8169 396
5860 838
6344 200
5101 48
6094 994
6576 278
5444 600
5355 600
8431 861
5619 545
5229 672
7969 406
6962 751
5133 945
9815 89
7829 414
6930 124
5032 696
6561 912
5416 420
6646 203
5596 1
7969 120
8359 840
6233 361
6984 128
8900 826
9572 32
6615 336
6472 998
9644 583
9643 753
5454 925
7933 909
8434 948
8271 682
6608 766
5751 347
8065 703
8881 380
7170 494
7606 325
5554 981
8137 237
6372 617
8397 194
9074 210
8478 591
8065 254
7366 606
5143 356
7387 710
8254 261
5469 692
5385 29
6982 727
5635 359
6021 640
6052 138
8038 818
5127 597
9686 548
7934 865
5835 524
8474 302
8211 942
7908 261
9028 797
7061 578
7448 6
7764 759
6658 562
7127 879
6827 778
7875 347
9963 316
7424 320
9847 991
5443 175
9064 464
7466 240
7619 361
5452 555
7801 162
5067 380
6818 556
6480 130
7238 787
8817 580
7797 476
5113 12
9382 770
7358 109
5360 226
6939 336
5186 901
6450 257
6178 195
9517 689
9066 369
9769 325
6931 359
5008 325
6225 621
9858 346
8257 711
8719 912
8209 920
6936 267
7135 553
6080 278
7686 696
8938 457
7195 792
8486 53
8064 58
6851 484
6101 562
5789 478
5463 930
8001 709
9079 353
7915 962
6924 177
8964 9
7673 337
5314 107
5185 587
8360 931
7247 738
7399 699
9569 351
8732 17
8340 202
7605 141
6067 477
6379 327
6445 99
9788 54
9391 90
7271 593
9285 638
7210 131
7331 742
6736 196
6146 280
8562 779
8374 330
5486 734
8855 37
8303 38
9146 171
5547 987
9296 511
8024 970
6258 212
9524 917
7218 162
5490 844
9626 512
8516 698
9446 357
5825 811
6557 365
5180 817
5189 570
5664 176
6181 871
6188 484
5473 323
9697 841
6485 148
5100 604
5364 419
6835 917
8222 222
9290 103
8514 989
9852 995
6478 901
7549 758
7823 659
5772 817
7381 919
5856 183
7052 780
9819 328
9778 261
8548 643
5201 456
8259 984
9347 304
5971 6
5202 311
7390 461
5210 599
5433 631
6701 403
6604 62
8962 885
6198 153
6932 496
8479 466
5996 776
9216 567
6024 771
6033 275
6635 29
5555 712
6797 89
5997 442
7060 154
8960 275
5270 868
5999 836
8082 815
7910 511
7238 264
8807 359
7222 440
7167 745
5401 13
8134 708
7443 346
8521 477
5478 197
7673 423
5954 883
7533 836
8386 504
9072 496
5675 31
7922 494
8205 940
6167 832
6664 826
5043 823
9498 27
8439 41
8594 683
5974 102
9260 329
8849 450
7602 942
7911 785
9056 636
9275 226
6525 425
6162 946
9793 384
7106 203
8879 434
8320 537
7748 88
5404 22
9562 767
6303 631
8289 825
9735 829
8071 42
7253 303
7958 248
9361 986
7117 957
5590 580
6553 556
7299 657
7737 227
9258 699
5441 628
7502 60
9641 97
8108 655
6346 284
9782 161
8147 410
6591 560
6722 631
9678 377
9640 596
5827 507
6679 774
5096 371
5100 128
7454 553
7561 11
8555 236
6980 230
7717 11
7965 364
5971 276
5633 430
6422 776
6878 106
5136 525
5789 739
9823 708
7611 115
9605 85
7023 446
9931 179
7937 93
8596 632
9433 829
7385 155
9862 854
7745 182
5506 637
6627 289
6239 614
6485 4
9295 981
9198 742
6444 49
8853 814
5125 746
6321 875
9194 745
6642 680
5618 26
5390 166
6787 180
5921 852
7909 839
5442 544
7759 285
8895 908
8296 538
8630 671
5691 682
6307 858
6505 105
8081 209
8798 613
8512 4
8598 914
7892 45
7112 864
5081 53
9148 379
6896 912
7737 471
5246 684
8832 509
7157 213
9050 497
5478 396
5957 907
5100 263
7709 563
7893 426
7838 417
6342 195
9443 759
5738 881
8726 339
7073 337
7601 413
9134 755
5581 483
5090 356
7504 67
8749 509
8769 611
9216 469
7610 740
8201 894
8395 915
5558 702
6560 716
9754 382
6027 950
7967 937
6096 682
6575 877
9694 62
8119 822
9816 391
7065 112
8292 972
6327 672
7581 388
5687 880
5415 643
7177 989
5074 917
5756 657
7702 230
7670 168
7520 510
6998 677
9078 898
6141 643
8354 184
5730 30
7960 980
7888 637
5364 886
7486 328
7018 734
8660 197
7635 471
7687 155
7456 676
9328 386
9330 484
5931 310
8809 359
6600 722
5558 573
9278 505
5559 547
7653 696
7417 867
9837 299
7801 753
5649 223
9465 441
5294 259
5841 648
8813 783
9437 21
9538 550
8739 50
6883 603
8658 880
7736 232
6857 64
8131 626
6589 701
6775 64
5463 926
5229 620
8953 428
5841 333
7017 428
9074 433
6342 670
8035 513
8871 715
5622 942
6884 718
9197 380
6690 291
6939 211
7623 395
5479 746
8127 341
9243 933
6773 353
8936 724
8176 272
5631 969
5313 719
9224 780
6231 657
8338 533
7240 318
7936 253
8018 208
7029 477
9074 839
5858 25
5851 17
7725 35
6189 836
6378 861
8042 796
7097 737
9288 733
9583 605
7466 530
9065 644
9544 913
8807 520
8521 282
8680 623
5876 489
5141 969
6367 148
8687 342
6943 769
7309 434
6143 79
9406 198
7435 114
7967 605
6263 258
5680 371
5918 726
7908 929
7740 530
7006 194
5633 663
6137 810
5847 116
5027 171
7080 460
8058 886
7102 637
9118 474
6682 515
7667 891
5779 280
5982 416
8080 411
7871 121
6625 803
6590 639
7017 832
7782 245
5290 68
9846 707
8617 333
8208 589
8941 158
9335 935
9567 263
9468 449
8115 296
6448 54
7906 60
8380 674
5989 675
9547 681
8246 592
5836 251
7924 921
9261 553
9728 288
7028 562
5834 115
8895 474
7016 984
5533 419
5540 793
5023 174
6837 158
6477 750
9218 259
9322 546
7174 127
7071 209
9539 668
8539 24
8358 182
9724 385
5303 275
8546 221
8487 867
9613 47
6332 885
7040 562
6315 420
6281 121
8453 439
8125 864
8368 501
6393 729
8657 277
6916 961
5776 255
6292 852
9240 754
7620 351
8607 157
7636 690
5718 359
7021 850
8133 316
7313 53
7580 365
6811 615
7693 207
9343 333
7406 350
9809 167
5692 595
5612 770
7155 529
8745 847
6593 384
7059 813
5611 927
8222 762
9844 446
5053 564
8460 23
7363 428
8636 9
6000 396
5720 616
6262 404
6436 144
9990 2
8429 599
6836 34
7147 687
6688 691
6072 362
9257 762
7696 109
8258 29
5674 176
5970 963
5181 523
6964 737
7588 172
6022 4
9575 605
5917 447
8520 941
8860 594
5102 956
9066 106
8357 530
5169 785
9534 364
9912 813
7245 553
9256 865
9866 505
8536 622
8566 972
7078 567
7619 106
8538 304
8775 546
9340 312
7573 314
6348 599
7596 894
7341 96
9484 914
9872 578
5254 534
9751 903
6024 603
7468 540
5237 114
7741 485
9517 672
8035 876
7268 383
5618 393
7134 317
6188 278
8770 89
8310 586
5957 571
7559 429
8656 89
6420 764
6805 132
7245 684
9867 630
7226 127
8748 956
7817 573
5010 488
6184 83
8287 219
8097 185
5631 23
5205 318
5322 417
6257 881
6574 991
5951 979
7362 692
6977 908
6568 745
7793 230
5042 883
9619 117
5082 408
7390 920
8263 301
5122 976
5791 15
6515 173
8236 335
7843 294
6807 374
8589 537
5877 762
9422 620
9584 639
6801 683
9254 650
7536 725
8994 628
9996 239
7550 746
9164 51
6304 932
8259 120
8294 984
5324 308
9569 154
8849 692
5789 60
9534 544
6655 334
7977 712
9850 989
8480 759
9246 427
5253 50
5703 132
6317 855
8769 842
6945 1
7044 47
8516 361
9783 999
5700 848
5214 981
7390 772
8265 140
9646 282
7072 318
7142 540
6365 967
7920 712
7525 847
7462 294
5781 63
7938 999
8930 990
9626 938
7088 664
8975 483
7086 934
7176 468
9805 389
7279 217
7287 304
8074 990
8358 20
7561 992
9120 503
7545 453
5349 13
7317 428
9523 46
9437 59
6710 640
8597 683
6177 435
9326 442
9625 607
5891 186
8044 364
7212 129
7924 277
7443 490
7003 641
6520 951
5149 219
5984 998
9451 592
6084 946
7291 968
7388 233
6951 504
9366 292
7777 468
7556 322
6402 841
9249 287
6471 940
7354 882
8241 455
9579 613
8323 799
5497 757
9711 240
6027 326
7867 336
7574 167
7863 450
8199 472
7627 842
8723 392
6237 578
9693 752
7297 315
5674 475
7612 549
7764 499
5683 486
6659 42
8172 814
5217 138
6455 551
7593 814
8444 62
7534 64
8255 549
7339 531
9591 115
5257 581
6458 54
7156 590
5807 699
7786 936
5712 791
9533 84
5478 889
7908 672
5371 271
8996 308
6508 34
6144 480
5068 499
7187 316
7432 615
7631 88
9977 503
8844 11
6565 374
7734 863
6291 737
6266 201
9867 635
5360 115
8533 321
5926 498
6327 327
7249 386
7503 384
5588 298
5869 27
9880 760
6143 887
9297 532
6249 390
7470 56
5392 195
8680 633
9995 213
8118 650
6816 566
5300 351
6340 119
8498 913
7517 64
5020 638
5091 75
8675 146
6032 641
6893 170
9110 886
9563 237
7442 618
6481 65
5138 432
8061 100
5882 996
6968 99
6827 781
6526 657
8647 29
9616 34
9965 3
5375 254
8328 949
5409 975
6437 770
5960 602
8215 126
5505 937
5446 523
5800 700
7930 598
6689 505
7195 519
7296 910
7394 769
5116 356
6690 578
5538 704
7052 561
5029 660
7054 59
7535 386
6766 624
5666 400
5079 576
5406 625
7874 321
6708 43
9493 480
7014 265
8530 449
9604 577
6136 516
5853 296
6932 85
7393 716
6774 215
7961 185
5233 485
5702 368
6572 789
7779 556
7823 189
9667 760
5130 968
8616 71
8876 939
9896 28
7519 280
6770 101
7970 685
6510 711
6742 950
9582 379
5155 245
7168 22
5608 475
9972 920
9497 200
5860 624
6960 852
6005 667
6389 510
7568 654
6307 792
9808 310
7771 231
9011 780
7033 711
7170 316
7845 399
7718 326
7889 326
6347 74
7624 131
6366 965
9638 541
8251 91
7768 264
8638 313
5581 627
9535 891
7778 832
9315 240
8009 952
9681 969
7318 353
5411 387
6828 186
6518 901
9807 672
9849 28
9240 136
8809 894
5684 786
5306 214
8378 403
8077 671
8253 772
5413 983
7569 51
8017 190
9130 232
6766 617
6656 61
7215 393
5585 507
7371 212
7106 780
6749 62
8569 899
9591 141
5968 111
7678 634
7953 994
6039 420
5172 856
9806 396
6708 959
5012 511
5478 855
5388 114
6477 381
5554 458
6258 270
9493 68
7796 943
8775 657
5261 933
9794 444
6692 294
9241 952
6880 720
9338 107
5442 237
5137 614
8548 417
8219 128
5061 779
6206 435
9228 216
5087 877
9479 867
7236 385
8673 335
8891 617
8739 582
5418 671
6920 31
6353 113
6603 623
9487 377
6892 670
7782 277
9852 315
7171 938
8122 931
7159 203
7187 566
9301 675
8595 870
9790 168
5270 136
7030 242
5105 107
5976 482
6629 306
5709 12
7410 993
6797 190
9074 4
9079 430
6746 158
7515 268
7755 62
6841 207
8883 768
5929 506
8950 878
9035 213
9977 717
6311 249
8933 478
7199 422
6383 857
6585 495
6902 427
7703 993
6226 131
8381 899
9036 851
7317 984
6765 641
8009 867
6523 524
9992 938
6164 235
6679 899
8036 181
7716 313
5039 791
6361 423
5488 839
7276 699
7081 581
6303 141
7863 849
5017 526
9577 188
5238 129
8941 230
8954 268
6872 238
9967 822
6458 700
7747 500
5641 142
8841 998
6550 866
7551 959
5234 390
6825 234
7638 279
9340 628
8936 275
8826 50
7114 143
9897 535
7785 92
8660 269
6362 885
6043 588
9919 948
6582 571
8650 430
8331 898
6068 579
9877 773
5650 18
8025 809
7056 61
7289 254
9469 576
6578 621
8810 189
8084 920
9153 260
9873 571
7322 779
6941 550
5996 32
8272 927
6107 33
5681 102
6874 742
5017 43
9770 802
8987 206
6193 592
7228 316
7102 290
6055 766
9479 661
7344 59
5775 219
8152 696
8575 78
5556 721
5981 879
9576 279
7937 254
9918 421
8920 738
5232 154
8879 561
9008 559
7201 464
8047 152
5733 556
7963 338
9813 154
5481 517
9840 284
6270 817
6205 634
5126 670
7796 489
9693 443
7873 365
8553 757
8682 565
8928 688
9506 784
8436 947
9772 844
6102 557
8791 733
7123 683
8752 561
5156 342
7176 645
7103 198
9673 860
8334 218
9671 975
9176 750
5359 648
5806 281
8349 10
5626 527
5959 313
6549 969
8780 769
9349 723
5407 40
7338 738
7868 697
7161 30
6479 577
9469 597
8766 492
9032 442
5494 346
8309 516
7777 622
5936 437
9527 227
7794 37
6062 743
8864 200
7775 251
6651 978
6695 354
5234 547
8350 748
8870 864
6158 610
5957 515
7839 367
6982 533
9514 194
6552 908
5444 406
9740 858
5915 504
7758 883
5365 871
7102 726
5632 555
9674 531
5888 64
6978 532
8733 489
5021 699
5901 566
8759 115
6736 704
8566 323
9408 21
6827 874
8808 301
5433 19
7272 66
7042 257
5617 310
5141 360
9968 447
6670 398
6868 677
8631 231
9932 633
7080 733
7559 807
5818 4
9729 230
7731 541
6008 121
7397 246
9232 646
5312 339
7558 665
6947 927
9788 519
7909 838
7018 783
8605 660
6762 556
5616 167
9033 726
8636 200
6715 10
8711 128
6632 400
9860 115
8496 262
9903 302
5716 29
5446 207
5400 495
8686 811
5958 548
6290 6
7906 4
5429 98
7852 876
9210 636
9060 992
9340 302
8279 483
6786 971
8287 492
9478 505
5977 577
8633 108
6583 906
7901 173
5942 781
9316 393
9911 675
7982 40
9965 570
6450 32
9457 933
7108 469
6552 848
7889 378
6901 192
9845 969
9271 953
5416 149
6859 117
8056 552
8636 628
9885 504
5179 151
7739 343
5238 770
7675 601
9305 342
7596 826
9458 189
6531 305
8044 359
9661 125
5169 380
8071 582
8305 555
9117 3
9544 776
5966 881
6648 130
8577 225
8748 502
5876 686
6753 707
7696 266
8460 840
8661 121
8927 834
6931 887
5842 1
7571 72
8301 512
8506 112
7371 657
6044 606
8269 909
5761 162
6209 195
9139 574
7716 418
6912 715
5573 735
6153 693
9707 821
7594 791
7847 9
7023 518
9836 138
5059 930
6636 152
7818 110
9633 774
9443 10
6802 187
7382 364
7965 441
7658 365
5319 322
9989 957
5726 639
7050 938
8328 648
8151 292
6688 194
6897 904
5604 259
6445 455
8865 279
9486 101
9649 623
6647 115
9673 96
5857 399
7342 256
9431 745
8207 10
5534 96
6314 377
6983 752
6293 934
7608 520
7617 597
5241 755
7830 701
9204 380
5776 116
6716 74
7485 58
8624 669
8995 143
5049 516
6120 397
7549 689
9713 706
9206 926
5049 857
8203 9
5400 890
5413 204
9906 627
9212 665
8771 888
6597 622
5350 410
9979 627
7098 63
7689 934
6336 451
9822 959
9575 676
9808 811
6780 506
6704 605
7195 951
8771 266
9255 65
7675 872
6488 548
8344 863
9663 186
10000 95
6053 126
5054 739
8989 975
7932 65
5104 81
8046 397
9806 405
9615 393
6744 897
7441 547
5597 847
6122 955
9441 862
5822 365
5636 745
5861 158
6308 829
7416 713
5678 953
8341 577
5398 925
9885 496
7594 877
6230 367
8027 868
5771 701
7740 658
7462 602
9115 566
6201 801
6412 530
9558 331
5669 427
5668 430
6002 306
8125 568
9146 781
9604 573
8961 747
8336 1000
7432 495
7916 728
5715 38
7249 83
7377 91
9718 292
5403 925
7130 399
5222 437
5008 788
7740 130
9291 929
7567 165
6858 989
9140 2
7072 279
9073 546
5766 439
5593 711
8682 763
7059 260
8669 31
6911 608
7963 100
8978 654
7006 497
8095 660
7223 922
9443 452
5499 202
8296 362
9271 43
5090 356
7060 334
5482 855
7427 624
6540 200
9620 292
6492 270
5193 30
9146 509
8474 45
5381 695
6941 743
6153 978
5336 678
5738 279
5208 386
8620 543
6802 927
8557 829
7163 957
7505 560
9640 662
9254 825
8956 801
8072 612
8658 568
8593 46
8981 740
6721 466
6296 862
6949 881
5475 857
8720 709
8231 619
6310 998
8015 268
7448 236
6568 694
9293 5
6094 887
9686 524
9785 293
7556 310
6853 737
9669 565
7439 823
9997 954
9254 923
8571 67
9049 954
9694 2
7003 384
7154 494
5270 833
9804 529
9350 301
6817 807
8020 682
5420 656
9695 180
5777 577
7840 813
8879 402
6675 376
