
200 1008
94 485
506 326
416 248
992 421
649 322
237 795
457 43
815 845
446 955
422 252
791 9
359 901
667 122
598 94
7 738
544 574
334 715
766 882
994 367
893 984
633 299
131 433
428 682
700 72
617 874
874 138
720 856
419 145
794 995
196 529
997 199
116 277
908 97
539 719
707 242
569 107
537 122
931 70
726 98
487 600
772 645
513 267
81 972
943 895
58 213
303 748
764 487
536 923
724 29
789 674
479 540
142 554
339 467
641 46
196 710
494 553
66 191
824 724
208 730
711 988
800 90
314 340
289 549
401 196
466 865
689 678
833 570
225 936
244 722
849 651
113 123
379 431
361 508
65 585
486 853
686 642
286 992
889 725
24 286
491 812
891 859
90 663
181 88
214 179
17 187
472 619
418 261
419 846
356 192
682 261
306 514
201 886
385 530
952 849
500 294
194 799
737 391
324 330
992 298
224 790
260 275
97 826
210 72
649 866
919 951
63 748
958 685
804 956
518 564
428 183
537 400
346 721
153 207
971 323
662 611
197 116
91 109
529 795
126 343
747 862
469 685
770 10
934 881
723 984
895 403
568 360
172 449
958 541
383 272
308 877
970 359
583 707
48 308
930 770
569 30
3 208
20 311
609 100
887 939
825 422
930 785
904 370
241 989
379 969
376 143
962 972
889 28
443 61
216 638
338 348
160 347
406 66
159 391
31 638
204 295
420 826
153 196
425 449
331 855
565 143
838 487
9 140
918 564
533 615
232 135
957 564
591 360
576 793
746 163
377 859
858 760
86 711
434 662
558 159
279 660
840 268
735 948
574 315
126 676
912 341
739 689
821 894
625 706
917 490
201 478
993 671
149 932
52 899
759 237
267 187
256 472
783 772
117 98
516 906
180 911
25 635
380 225
712 823
266 164
216 343
5789 151
7629 137
7810 194
9244 886
9889 558
9739 790
8652 288
9297 176
5728 762
7709 480
5579 180
9330 104
5555 570
6949 602
9504 174
7455 760
7656 824
6578 802
9868 838
7052 651
5754 369
6878 278
6222 241
5092 328
7854 130
6180 485
6890 140
8296 600
6821 392
9118 56
8978 61
7678 766
9880 650
9010 353
5145 685
6601 710
6899 153
9686 649
7772 803
6193 779
6847 259
7075 893
5099 424
6645 17
7129 26
6802 125
9193 649
8044 991
7176 148
9580 499
5316 881
9978 116
5934 298
8951 259
8397 149
5253 963
6746 810
7951 638
9439 545
5972 756
8669 510
9213 685
5739 969
9757 894
5891 543
5017 311
7541 343
7736 379
7541 862
6998 808
9341 22
6091 443
5495 112
9179 300
9656 105
8706 594
9411 728
9092 929
8905 57
8724 958
9723 55
6582 917
7516 161
7206 60
5548 934
8983 497
9495 362
6897 419
8224 151
8745 185
8292 241
8407 380
7586 867
9330 390
8461 807
7094 972
7191 334
5933 215
6898 139
9163 977
9809 817
5646 986
7528 894
9006 394
6895 474
5705 732
9040 794
5226 159
6819 753
7094 501
9170 992
5661 104
5600 261
6981 347
5213 396
5676 347
8795 213
6006 972
9633 781
5833 177
5200 594
6411 826
9437 190
6479 123
5948 219
8162 745
9585 666
7088 638
9515 316
8257 122
9319 739
5485 149
7797 311
6636 226
8762 969
7329 887
6155 717
8126 495
5710 31
8447 343
5795 601
9068 527
9664 678
9751 264
6090 706
7527 40
6780 236
7356 563
9204 382
5971 184
9832 254
8307 133
7091 381
6141 741
9332 157
6259 678
6902 504
5903 554
8544 307
5463 186
9816 312
9973 652
8194 119
9995 109
6543 304
9089 925
8419 758
8497 876
6447 689
6507 767
5720 520
9637 216
8581 228
9879 793
5106 985
9913 938
7478 620
7506 344
8165 97
6858 843
7816 536
9714 42
7426 254
5139 993
7687 956
8834 489
9910 418
8640 476
8319 40
9204 970
6040 229
5175 419
8994 785
9109 58
9256 243
5818 471
8277 719
6248 700
9463 379
6766 60
