
500 2517
585 485
194 94
426 326
606 506
348 248
516 416
521 421
1092 992
422 322
749 649
895 795
337 237
143 43
557 457
945 845
915 815
1055 955
546 446
352 252
522 422
109 9
891 791
1001 901
459 359
222 122
767 667
194 94
698 598
838 738
107 7
674 574
644 544
815 715
434 334
982 882
866 766
467 367
1094 994
1084 984
993 893
399 299
733 633
533 433
231 131
782 682
528 428
172 72
800 700
974 874
717 617
238 138
974 874
956 856
820 720
245 145
519 419
1095 995
894 794
629 529
296 196
299 199
1097 997
377 277
216 116
197 97
1008 908
819 719
639 539
342 242
807 707
207 107
669 569
222 122
637 537
170 70
1031 931
198 98
826 726
700 600
587 487
745 645
872 772
367 267
613 513
1072 972
181 81
995 895
1043 943
313 213
158 58
848 748
403 303
587 487
864 764
1023 923
636 536
129 29
824 724
774 674
889 789
640 540
579 479
654 554
242 142
567 467
439 339
146 46
741 641
810 710
296 196
653 553
594 494
291 191
166 66
824 724
924 824
830 730
308 208
1088 988
811 711
190 90
900 800
440 340
414 314
649 549
389 289
296 196
501 401
965 865
566 466
778 678
789 689
670 570
933 833
1036 936
325 225
822 722
344 244
751 651
949 849
223 123
213 113
531 431
479 379
608 508
461 361
685 585
165 65
953 853
586 486
742 642
786 686
1092 992
386 286
825 725
989 889
386 286
124 24
912 812
591 491
959 859
991 891
763 663
190 90
188 88
281 181
279 179
314 214
287 187
117 17
719 619
572 472
361 261
518 418
946 846
519 419
292 192
456 356
361 261
782 682
614 514
406 306
986 886
301 201
630 530
485 385
949 849
1052 952
394 294
600 500
899 799
294 194
491 391
837 737
430 330
424 324
398 298
1092 992
890 790
324 224
375 275
360 260
926 826
197 97
172 72
310 210
966 866
749 649
1051 951
1019 919
848 748
163 63
785 685
1058 958
1056 956
904 804
664 564
618 518
283 183
528 428
500 400
637 537
821 721
446 346
307 207
253 153
423 323
1071 971
711 611
762 662
216 116
297 197
209 109
191 91
895 795
629 529
443 343
226 126
962 862
847 747
785 685
569 469
110 10
870 770
981 881
1034 934
1084 984
823 723
503 403
995 895
460 360
668 568
549 449
272 172
641 541
1058 958
372 272
483 383
977 877
408 308
459 359
1070 970
807 707
683 583
408 308
148 48
870 770
1030 930
130 30
669 569
308 208
103 3
411 311
120 20
200 100
709 609
1039 939
987 887
522 422
925 825
885 785
1030 930
470 370
1004 904
1089 989
341 241
1069 969
479 379
243 143
476 376
1072 972
1062 962
128 28
989 889
161 61
543 443
738 638
316 216
448 348
438 338
447 347
260 160
166 66
506 406
491 391
259 159
738 638
131 31
395 295
304 204
926 826
520 420
296 196
253 153
549 449
525 425
955 855
431 331
243 143
665 565
587 487
938 838
240 140
109 9
664 564
1018 918
715 615
633 533
235 135
332 232
664 564
1057 957
460 360
691 591
893 793
676 576
263 163
846 746
959 859
477 377
860 760
958 858
811 711
186 86
762 662
534 434
259 159
658 558
760 660
379 279
368 268
940 840
1048 948
835 735
415 315
674 574
776 676
226 126
441 341
1012 912
789 689
839 739
994 894
921 821
806 706
725 625
590 490
1017 917
578 478
301 201
771 671
1093 993
1032 932
249 149
999 899
152 52
337 237
859 759
287 187
367 267
572 472
356 256
872 772
883 783
198 98
217 117
1006 906
616 516
1011 911
280 180
735 635
125 25
325 225
480 380
923 823
812 712
264 164
366 266
443 343
316 216
832 732
548 448
602 502
641 541
840 740
764 664
676 576
1054 954
712 612
826 726
1002 902
872 772
554 454
631 531
511 411
1043 943
1073 973
850 750
803 703
427 327
950 850
1017 917
177 77
105 5
320 220
213 113
902 802
1013 913
503 403
891 791
281 181
1098 998
110 10
959 859
625 525
445 345
1019 919
531 431
768 668
775 675
627 527
933 833
562 462
538 438
391 291
623 523
705 605
1016 916
557 457
520 420
505 405
215 115
517 417
760 660
379 279
361 261
785 685
872 772
696 596
488 388
407 307
864 764
324 224
943 843
422 322
306 206
940 840
507 407
1075 975
739 639
501 401
952 852
191 91
642 542
427 327
160 60
430 330
857 757
282 182
182 82
703 603
737 637
893 793
193 93
715 615
714 614
833 733
236 136
964 864
287 187
116 16
202 102
963 863
1072 972
1087 987
263 163
406 306
601 501
134 34
577 477
9504 559
7331 850
9695 347
8742 515
5809 401
9497 903
9340 528
5262 965
8876 474
8336 163
9215 445
6645 806
5729 34
7809 427
9935 641
7591 565
6412 220
9313 802
6967 500
9903 287
6739 208
9344 326
6121 393
9169 493
6869 170
5828 96
5188 718
9822 129
5352 257
7900 471
8778 433
9923 554
6435 625
6457 813
8352 787
7641 896
8099 976
9745 298
5801 33
8226 583
6767 627
9319 871
8632 209
6548 504
6470 386
5834 541
8777 155
6009 338
6059 70
5259 638
5140 919
9866 962
9989 185
8274 896
7225 559
8867 407
8220 583
9154 183
8926 342
8819 952
5481 904
5316 951
5257 126
8283 860
9051 371
9405 514
7145 729
5781 628
6598 831
6083 861
9084 447
8537 769
8409 33
5212 520
6564 660
9039 937
7598 616
8139 284
5939 850
6719 543
7888 841
6625 830
6310 187
5554 916
7473 700
9718 440
8034 319
9536 623
9236 244
5122 73
9521 805
7508 507
5398 687
7804 470
8570 705
6432 155
5045 135
5530 174
6839 180
9454 3
6412 379
6541 346
6309 662
5342 503
9101 263
9299 993
9502 16
8755 729
6406 82
8596 705
5014 356
8432 98
6019 269
8580 375
6790 714
8963 225
6941 305
8954 388
8094 216
7954 446
6905 232
9505 706
9705 777
7405 502
8512 491
8694 16
6915 55
6742 340
8383 451
9695 303
8147 580
9821 982
7592 634
8758 23
9698 842
7082 972
7219 625
5237 880
8992 187
8246 454
7943 178
5103 399
7931 983
5151 145
6042 977
7885 960
8975 811
5719 345
7421 83
7227 522
9182 360
5419 502
8554 267
9655 66
7486 586
5149 871
5265 111
5549 223
9381 630
9049 542
9923 849
7502 153
9515 848
7265 757
8916 965
8154 334
9358 899
5958 550
6038 535
9546 408
6009 781
9485 561
9653 741
8777 335
6835 323
8080 799
8369 303
7967 113
5450 175
8416 445
8789 992
7333 920
5179 187
6381 752
9353 837
6941 980
7986 719
5857 9
8448 863
8407 862
8385 830
5932 246
9925 102
9538 93
8846 348
7417 629
9808 9
5099 168
6696 618
6329 906
6032 891
9292 841
7545 488
7583 859
9737 231
5426 674
9302 871
8400 997
6239 858
8097 151
7642 74
6399 301
9041 559
7648 918
6713 984
5803 574
8347 494
6228 326
6275 300
8898 816
6219 494
5162 440
8141 48
5665 487
9354 208
6742 381
6550 474
8823 417
9546 574
6125 862
8735 372
9398 171
9253 398
6338 151
6885 404
9085 328
7545 440
8977 878
7223 858
5346 927
5353 607
8497 354
5564 850
7097 654
5498 15
8059 854
6391 780
6615 573
6871 792
7134 318
8881 254
6198 677
5991 163
6981 209
8733 175
6039 126
5763 609
7144 579
9532 509
7646 372
7392 420
9206 52
8303 261
9488 36
8671 576
9545 140
9906 414
5486 906
6098 473
7125 977
6652 447
5732 953
7357 383
7655 9
7712 531
7695 850
5680 234
8391 882
6517 465
8443 663
8243 453
9757 170
8472 655
5215 126
5171 757
6331 594
9747 979
8800 687
6319 571
6586 509
9967 554
8729 800
9775 372
8370 803
7276 730
8305 19
8733 246
8738 878
8082 957
5474 32
7287 976
9286 174
5398 68
9637 529
5132 745
5862 248
5909 496
6396 305
5538 928
9690 874
8679 899
9285 318
6437 10
5061 367
5057 525
8872 769
6759 660
9735 50
8269 156
6626 630
5520 500
6582 818
6063 599
9660 491
6228 640
7097 720
7913 213
5387 626
5139 193
5243 155
6625 811
6766 223
8872 764
7717 352
6424 136
5329 993
8686 644
6486 588
5928 710
6977 486
9825 871
9084 754
6970 737
9347 385
7314 141
9222 814
8942 787
5195 698
7195 628
9965 294
9207 374
5895 370
7651 311
8932 531
9178 321
9582 533
9876 698
8662 540
9765 681
8635 876
9428 964
6758 849
8159 964
5301 331
6128 475
5242 406
7466 361
8199 284
6283 502
5000 468
6319 24
5873 373
7303 326
7317 528
9851 477
7856 770
5293 532
8900 579
5184 266
9167 4
9530 565
6212 380
5825 401
6568 436
8367 716
5486 167
8511 671
7710 801
8449 47
9596 570
6605 378
5420 784
5287 453
5912 421
9369 450
6195 509
7892 956
8104 577
8703 231
9990 169
8433 924
7520 766
9353 491
7483 198
7527 848
8613 63
5419 5
5340 191
8930 203
5268 647
9836 941
9193 249
9208 920
7937 931
5389 258
5435 195
7085 301
9174 353
5327 612
9205 168
5715 365
8158 231
6056 32
9427 22
7907 200
6419 299
9603 869
9931 508
7375 935
7248 192
5845 816
9123 350
5297 596
6040 176
8491 204
5089 165
5240 921
5008 384
5097 724
7158 36
7454 802
5301 195
8427 745
6989 140
9274 609
7703 582
5661 930
7047 331
8065 397
7562 978
9499 698
7469 996
8279 807
6886 328
6407 380
9596 828
8812 468
8187 70
8247 714
8465 847
8302 945
9926 169
8528 554
9744 277
8777 539
8629 799
9071 552
7528 920
5793 338
5923 5
7992 49
5673 45
6070 809
7339 268
5109 299
6286 901
9089 28
8326 671
9107 698
7666 810
9562 14
5053 925
5060 414
8989 965
5865 805
6124 450
9034 560
8521 699
6694 721
8239 360
9572 441
5308 568
5101 643
6042 416
8127 531
8992 380
7805 48
5897 249
6362 329
7646 42
