1000 5002
94 485
506 326
416 248
992 421
649 322
237 795
457 43
815 845
446 955
422 252
791 9
359 901
667 122
598 94
7 738
544 574
334 715
766 882
994 367
893 984
633 299
131 433
428 682
700 72
617 874
874 138
720 856
419 145
794 995
196 529
997 199
116 277
908 97
539 719
707 242
569 107
537 122
931 70
726 98
487 600
772 645
513 267
81 972
943 895
58 213
303 748
764 487
536 923
724 29
789 674
479 540
142 554
339 467
641 46
196 710
494 553
66 191
824 724
208 730
711 988
800 90
314 340
289 549
401 196
466 865
689 678
833 570
225 936
244 722
849 651
113 123
379 431
361 508
65 585
486 853
686 642
286 992
889 725
24 286
491 812
891 859
90 663
181 88
214 179
17 187
472 619
418 261
419 846
356 192
682 261
306 514
201 886
385 530
952 849
500 294
194 799
737 391
324 330
992 298
224 790
260 275
97 826
210 72
649 866
919 951
63 748
958 685
804 956
518 564
428 183
537 400
346 721
153 207
971 323
662 611
197 116
91 109
529 795
126 343
747 862
469 685
770 10
934 881
723 984
895 403
568 360
172 449
958 541
383 272
308 877
970 359
583 707
48 308
930 770
569 30
3 208
20 311
609 100
887 939
825 422
930 785
904 370
241 989
379 969
376 143
962 972
889 28
443 61
216 638
338 348
160 347
406 66
159 391
31 638
204 295
420 826
153 196
425 449
331 855
565 143
838 487
9 140
918 564
533 615
232 135
957 564
591 360
576 793
746 163
377 859
858 760
86 711
434 662
558 159
279 660
840 268
735 948
574 315
126 676
912 341
739 689
821 894
625 706
917 490
201 478
993 671
149 932
52 899
759 237
267 187
256 472
783 772
117 98
516 906
180 911
25 635
380 225
712 823
266 164
216 343
448 732
541 502
664 740
954 576
726 612
772 902
531 454
943 411
750 973
327 703
917 850
5 77
113 220
913 802
791 403
998 181
859 10
345 525
431 919
675 668
833 527
438 462
523 291
916 605
420 457
115 405
660 417
261 279
772 685
388 596
764 307
843 224
206 322
407 840
639 975
852 401
542 91
60 327
757 330
82 182
637 603
93 793
614 615
136 733
187 864
102 16
972 863
163 987
501 306
477 34
492 840
121 700
80 706
138 787
660 105
229 834
827 798
448 310
230 609
832 690
489 561
586 579
291 60
665 388
660 309
702 407
153 200
606 313
123 970
253 33
709 273
832 277
108 997
888 40
481 227
283 860
858 940
284 608
711 990
850 590
239 806
943 52
195 801
95 764
410 710
664 386
900 593
112 50
963 494
754 156
458 936
19 965
225 86
569 723
97 184
194 868
754 340
602 412
61 487
695 209
347 346
719 860
100 307
97 95
843 821
745 941
286 821
492 587
116 201
531 665
424 527
253 812
426 424
413 459
980 343
291 836
833 506
486 179
9 916
575 430
922 596
145 808
897 269
404 512
742 811
728 685
269 567
103 776
745 855
35 718
779 853
71 97
80 146
842 746
128 15
941 965
227 512
30 480
342 958
605 665
531 191
364 964
359 515
867 606
820 822
313 536
207 693
911 19
308 335
430 101
685 922
641 294
113 910
141 410
690 250
700 546
559 729
481 609
503 720
766 976
7 759
882 798
859 74
182 648
425 299
542 785
683 846
853 390
938 897
89 416
624 837
181 247
878 293
933 144
580 938
252 467
207 480
658 955
20 665
954 26
347 564
759 449
446 26
14 521
657 301
710 321
980 613
188 388
636 879
203 990
432 188
129 963
630 820
509 300
237 822
373 255
838 277
395 153
692 400
103 227
218 518
384 447
931 315
396 813
389 324
640 502
287 299
297 780
977 376
512 516
219 212
555 329
398 810
289 486
798 485
598 416
49 952
572 894
697 358
770 21
725 647
542 44
214 683
887 361
45 814
94 231
282 8
82 165
319 496
626 699
146 852
541 459
874 535
725 314
777 944
554 306
208 459
787 637
976 447
912 408
444 107
3 962
301 565
164 407
437 857
652 317
764 98
41 818
737 600
176 288
136 902
128 567
394 190
235 749
42 908
824 276
684 748
979 592
568 393
367 363
52 163
642 983
335 179
126 16
130 478
583 259
129 868
752 295
167 596
856 71
640 622
770 864
431 644
195 5
448 365
701 429
952 64
880 854
168 770
79 88
961 157
472 368
217 421
709 719
147 271
296 975
909 816
764 962
251 535
878 438
753 696
570 881
253 318
666 45
931 52
433 496
810 313
678 138
123 334
212 988
66 508
206 770
750 751
64 780
466 441
337 207
510 516
796 674
175 408
437 920
938 573
848 634
561 878
718 990
948 826
649 696
569 800
663 411
582 422
843 707
202 334
702 986
579 494
725 150
803 562
340 380
156 832
832 979
602 376
234 511
688 414
184 160
978 982
413 238
633 490
585 899
606 251
963 526
350 897
242 39
539 657
739 452
267 538
165 831
177 460
720 185
802 934
644 440
82 490
798 168
197 71
173 977
81 458
235 204
112 803
103 139
268 399
879 420
643 991
106 578
122 972
444 177
262 398
691 348
997 496
446 276
171 825
549 614
281 121
211 730
112 341
408 284
730 698
363 17
89 546
605 672
938 974
168 866
705 377
47 559
400 340
215 527
114 779
51 761
881 483
549 92
679 390
328 583
250 661
203 391
481 336
752 661
707 125
82 89
63 275
660 359
21 178
287 780
219 42
500 5
820 380
95 772
44 816
748 9
678 484
276 545
478 589
663 157
594 901
757 777
947 74
448 247
570 55
313 479
981 785
795 958
552 680
389 393
280 944
864 596
636 619
512 611
892 852
184 283
947 299
614 766
625 312
149 826
377 726
474 733
18 805
662 679
416 403
1 964
530 337
752 541
22 478
981 369
777 946
957 821
275 833
584 837
582 490
121 37
951 594
668 129
118 258
319 246
896 362
521 755
948 504
248 71
474 177
351 176
54 803
155 237
660 677
871 33
486 115
294 597
425 769
245 536
382 956
371 341
708 184
544 234
794 569
387 216
738 537
520 84
281 810
502 657
91 33
503 159
924 520
16 668
33 287
344 229
349 374
606 474
896 672
595 915
441 511
102 123
52 569
654 199
710 396
434 715
245 59
36 610
661 917
413 927
13 270
370 117
400 516
195 215
984 216
476 237
164 615
405 499
674 477
196 760
608 285
907 56
532 966
51 622
716 221
327 194
880 91
710 347
267 252
400 473
376 516
609 385
320 357
196 958
538 665
935 792
404 64
100 420
126 671
855 968
94 877
731 177
253 523
8 139
393 152
543 732
348 246
318 565
489 740
22 902
998 17
49 973
381 298
10 611
429 32
221 11
150 337
717 136
530 889
332 522
942 805
565 28
216 931
61 757
170 609
872 544
644 905
208 595
680 246
697 113
639 175
679 156
961 244
361 883
802 265
359 883
839 462
718 485
280 272
252 204
280 984
102 409
615 398
296 909
481 370
956 882
230 214
259 766
922 35
706 421
272 271
156 370
552 848
485 50
536 976
70 270
902 796
452 963
35 379
947 991
378 551
57 897
352 307
669 421
702 74
141 388
458 559
463 980
756 615
887 681
332 231
528 207
656 818
254 331
787 979
495 445
370 348
10 724
200 401
327 646
17 668
374 242
755 302
980 861
376 830
8 77
32 441
460 589
804 990
23 189
869 868
943 996
715 363
628 237
73 420
199 565
38 214
209 333
327 726
912 175
799 58
372 625
976 66
120 169
667 475
188 204
28 90
704 496
649 1
746 474
697 449
712 252
289 332
625 287
953 189
462 889
302 63
79 378
41 206
823 897
908 230
665 382
36 575
732 60
809 529
66 477
291 290
591 89
583 961
252 461
479 702
530 532
224 680
788 53
309 642
366 1000
352 891
402 822
545 152
113 324
967 633
454 267
723 381
14 272
20 506
308 419
644 461
713 526
482 978
336 468
289 729
496 795
326 581
530 383
167 226
522 421
830 386
91 273
116 484
747 676
395 107
958 229
756 902
262 962
703 105
511 84
481 991
449 701
888 689
599 655
306 600
492 538
803 499
445 881
316 981
889 473
785 383
765 679
491 573
589 589
124 480
741 145
898 624
725 923
682 915
131 232
398 974
906 735
753 678
312 640
790 644
301 212
945 123
447 253
197 943
27 18
573 916
589 327
934 640
209 615
529 470
899 655
15 288
592 401
92 840
575 633
814 707
354 424
127 682
374 194
566 855
594 190
973 728
645 178
603 275
712 88
32 367
298 544
561 738
906 963
626 460
143 266
504 727
836 33
361 442
431 628
554 384
24 244
416 482
735 765
243 446
454 247
932 913
494 560
648 528
357 594
596 935
788 462
536 621
759 660
200 564
566 302
741 936
217 592
219 724
832 118
819 299
487 251
473 129
241 96
64 167
516 169
857 381
218 976
490 767
504 837
707 407
342 203
475 387
175 735
786 706
171 335
232 40
888 821
866 131
976 159
253 978
619 53
642 849
460 478
218 19
218 230
667 453
949 336
89 931
488 588
568 449
526 566
9487 891
7348 157
9109 928
5539 348
7555 252
7621 455
8139 208
6705 883
5882 598
6358 593
9364 452
9077 30
8680 876
7162 7
8939 461
5625 907
8420 463
7166 460
5839 384
6909 829
7340 150
6232 587
5410 738
8072 834
9191 822
7285 459
7229 679
9192 357
7633 853
7647 792
9158 672
6691 297
6002 627
9620 217
5668 6
5922 132
9554 687
7623 532
8467 27
7334 804
5861 402
8672 801
8869 333
6277 125
7354 418
6934 659
6133 657
7608 80
7398 574
9369 285
8882 436
7973 3
9945 37
9035 901
5914 498
6806 472
6188 7
8212 777
6463 39
6189 167
6135 36
5683 586
7228 866
8098 640
5974 957
7685 380
8317 412
8988 613
8837 612
7071 147
7016 224
6569 354
5338 597
5587 412
7938 908
5642 164
6803 608
5347 980
8285 336
9254 361
8269 404
6321 355
9259 808
9991 754
7619 38
7136 681
9120 154
5287 948
8973 136
8651 962
8858 97
8432 816
5294 502
9777 660
5942 241
7173 662
9024 134
7434 82
8867 289
8823 925
5157 347
5170 371
6798 805
8585 95
5457 444
7246 142
5111 397
7611 290
6680 317
9444 535
5472 664
9915 477
8896 325
5319 69
9691 229
7074 286
7856 389
7851 955
6550 199
8259 467
7638 773
9253 681
7337 229
6573 794
8858 921
8454 995
8497 567
5339 972
6358 595
6138 115
7485 779
7800 41
7504 886
9742 871
8266 45
6870 664
6948 12
8687 883
8024 693
9432 841
6753 65
8462 566
7256 445
9188 592
6718 271
6897 566
8043 211
7706 201
5032 404
7701 103
5408 235
5898 950
5953 326
9467 908
7796 501
6752 80
6414 222
8195 533
6486 33
6862 745
5362 767
9750 582
6323 214
5303 628
8362 214
9967 114
9263 384
9498 864
9287 539
6971 34
5696 135
5905 131
9724 654
5214 19
5389 316
8872 28
8972 275
8653 61
7101 748
8116 184
8092 441
9044 723
7864 155
5160 854
5525 119
9965 340
8557 796
6452 765
9205 740
8140 505
9536 593
8377 898
8734 333
6855 387
6600 414
5808 115
8936 421
9725 456
5673 288
8256 210
5348 519
8918 664
8669 513
5649 135
8008 58
5040 526
7567 644
9527 725
6321 285
7813 668
8088 7
7230 173
6279 241
6919 553
8621 283
5060 553
9708 596
5778 583
5600 259
8261 477
9837 878
9520 582
7986 552
5691 897
6564 573
8490 644
8951 385
8757 593
6572 359
7612 24
6501 727
5159 624
7198 821
6569 952
9770 305
7156 739
8998 992
9431 795
8481 834
7334 887
5703 540
6181 353
6990 392
7539 949
8517 669
5976 306
6675 854
6568 64
7929 211
6996 690
9276 594
6290 822
8396 532
9677 605
7175 313
8657 847
7205 897
6100 821
6676 584
5498 331
6004 524
7616 590
8712 829
6215 505
7585 24
9860 900
5772 906
7099 310
6272 519
8857 225
7921 274
5496 997
5975 496
6978 139
5588 895
5581 289
6316 215
7725 707
7437 530
8333 72
6592 737
6099 903
7404 179
7325 191
7705 912
8181 396
5463 663
5893 671
7337 992
6139 431
7722 434
6463 933
9473 935
5480 709
9266 124
5482 541
6661 231
5004 307
5553 197
9407 137
6728 347
5266 104
8175 779
5927 425
9966 869
9655 183
9641 337
9973 540
6997 695
7120 455
9593 235
6067 795
5723 722
8080 751
7822 540
7608 317
6314 984
5941 768
6798 820
6027 638
8924 773
9378 632
8505 595
8763 990
5304 164
9098 528
6279 795
8563 688
7093 137
7866 785
7943 896
6216 313
8490 462
7488 914
5204 835
9109 198
5712 828
5906 789
5083 597
8930 792
8991 448
6121 577
9148 318
9041 580
5130 989
9892 222
9733 494
6149 477
7733 165
6905 51
8015 823
6700 855
6357 692
6182 304
8908 441
6566 39
9244 327
5208 173
9794 948
6316 52
5434 546
7538 450
8894 705
5919 697
9634 854
9659 164
5381 131
7512 498
5859 514
7851 381
8331 825
9907 402
8671 116
6398 902
7016 85
7645 207
6178 119
5224 564
5914 398
6339 353
7230 1
7995 336
6651 765
9553 427
6745 932
6956 777
6118 752
5246 282
5865 542
8025 238
6598 713
6930 133
8529 611
9767 839
5686 209
9140 44
8456 900
9331 64
7061 946
6688 249
7435 844
5836 111
7893 106
7895 981
8890 999
8762 11
8658 805
8683 782
5252 123
7568 755
6800 675
8852 945
7752 905
7949 945
9923 381
5105 261
6687 612
9324 362
6817 246
7655 804
9401 463
5785 929
5254 211
5050 754
9835 135
6413 984
5364 932
5959 785
7105 663
8051 295
8346 633
5351 621
9388 608
9851 671
6802 434
9476 885
9999 569
6443 880
8797 896
7410 401
7765 283
6584 912
9468 136
7875 336
6750 584
6071 119
9503 844
7552 444
5864 458
6038 357
8472 395
7775 466
6523 189
7143 43
9126 822
6183 600
7510 169
6431 11
8910 792
5677 377
6024 454
8179 208
6571 810
9679 15
8550 580
8112 909
7179 470
6130 228
6616 545
9767 782
9349 460
6832 881
9595 520
8652 580
8445 348
6513 931
9036 695
9880 939
6193 118
5051 223
6662 348
6590 489
9101 353
5990 425
9719 425
9337 724
5107 485
9357 780
7610 64
7517 894
9520 951
7673 797
5943 731
6018 678
6785 167
7661 339
9194 295
7612 579
7993 650
7475 163
5441 50
7321 363
5292 935
8128 877
9665 73
6842 628
5751 708
8964 91
8389 822
8073 967
9125 664
7952 370
7610 374
6226 842
5166 603
9247 547
8651 877
6650 87
6659 660
6474 985
7647 551
6029 755
6219 52
9422 789
7675 439
6079 40
8340 114
5017 1
5275 324
9585 82
8307 385
8589 726
5984 817
6347 247
5331 596
5833 330
8118 24
9150 877
5333 273
6539 202
7071 475
7400 287
6076 310
7850 209
7033 206
7551 89
6304 56
5659 218
6645 195
8185 573
5348 664
6895 91
9595 331
8490 305
7736 437
5597 687
8264 631
9829 390
5273 188
9112 152
5869 354
8730 935
5197 163
9055 645
7882 707
5905 842
5368 387
7187 777
5099 328
9154 840
7533 392
9743 917
8831 957
7419 250
6498 873
5072 151
9450 586
5085 978
9963 479
7863 196
9007 611
8430 267
9736 195
8432 957
9030 592
6544 663
6762 730
7096 576
7335 367
5617 186
6013 335
8746 104
9819 849
7785 525
8070 926
9271 187
6037 172
5474 373
7580 410
5834 131
8006 265
5434 460
9365 323
8094 503
9168 879
5030 483
9750 41
9827 951
6534 887
8039 332
7948 228
8449 191
8841 434
6147 534
9031 873
7214 460
5819 152
6416 456
6017 455
6217 278
8114 782
6122 84
5107 880
7215 790
5933 172
8689 698
8103 331
9287 490
6034 30
7019 882
9386 163
9425 305
9439 310
5541 865
8420 573
5985 402
8907 807
9336 120
6774 582
7464 290
8841 859
7938 957
8969 340
9699 828
7629 282
7934 849
9718 205
8866 839
6200 878
8777 675
9944 808
7466 680
5642 794
5124 99
9105 834
5775 703
5678 775
7703 399
5789 600
8137 731
5432 977
5827 182
5692 175
7459 977
9168 842
6884 201
8956 837
6024 284
5355 106
9452 174
7657 382
8893 852
8126 631
5374 249
9183 688
9081 50
6805 218
5035 723
6586 860
9928 797
9366 146
7850 237
9766 771
5916 619
8030 676
7973 659
7493 302
7927 438
6544 172
9960 533
5130 251
6425 439
7553 42
5928 799
5901 982
7569 855
8910 733
7412 751
7370 696
6996 843
7258 12
5654 225
5043 670
6582 127
9240 569
7237 489
6903 742
5552 958
7460 796
9497 58
5934 33
5247 794
7742 397
5371 729
6131 858
7763 330
8571 63
7834 612
6197 846
7492 40
9116 460
5822 412
9916 332
6178 108
7167 698
5079 268
6072 139
7666 610
7833 108
5479 762
8642 57
5435 431
8130 522
8079 952
9439 669
6774 53
7278 604
5051 841
5726 234
6562 907
9290 330
8746 416
7631 856
7908 946
6843 614
8751 132
5603 996
6678 933
8923 657
7640 605
8180 886
7344 541
6028 937
6934 329
7859 195
9490 233
6506 462
5467 355
6412 219
7633 368
9255 237
6720 28
5937 765
6126 939
5789 420
6764 581
6360 902
7377 474
7401 445
9743 442
7809 264
5587 659
6169 423
9032 464
5509 695
8993 804
6609 78
6688 742
5678 453
8044 973
5338 951
6942 412
9321 61
7811 94
6074 562
5971 32
9825 271
9081 613
5700 644
8002 856
5769 277
5783 258
6533 535
6127 904
9473 683
7608 25
6836 528
5518 118
5240 112
8060 390
9931 532
5022 921
9494 831
5509 445
5149 562
7427 948
7780 459
7707 362
6165 186
9482 225
9460 796
7469 355
8328 442
6248 729
6147 661
7483 942
7896 810
5111 306
6823 557
9189 773
7177 893
7942 149
9609 303
6663 848
8420 437
5911 452
6597 637
5609 560
8843 51
7821 157
9551 128
5887 391
7279 241
7911 657
7970 841
8184 455
8634 518
5009 685
8829 537
7808 22
9255 546
5258 100
6730 967
5073 894
9349 815
9368 765
7375 296
8935 349
8564 45
9314 962
7003 541
6267 876
7486 205
5087 805
6643 129
8452 54
6795 394
7363 230
8567 158
8479 305
7655 994
5416 846
8550 193
6284 936
7511 553
8223 667
6125 759
5054 995
7020 794
6220 420
6539 429
5852 243
5646 557
5112 399
9801 747
6021 376
6815 413
7433 262
6164 772
9648 237
7909 344
9576 878
5650 247
8711 127
6466 80
9213 167
9935 114
9389 325
9107 573
8208 969
5915 364
7875 892
8992 569
9748 984
6567 624
9992 388
7703 733
7172 675
9364 679
5912 965
8612 144
8874 981
5661 247
7225 967
9020 537
6650 299
7334 987
5143 485
9058 480
7412 555
9946 606
5775 143
8415 259
9126 393
7017 258
6325 293
5654 158
8223 71
6469 463
5523 63
8162 683
7672 486
5005 488
8285 428
5622 547
6630 698
8585 607
8416 578
6363 577
6935 206
8508 635
7456 425
8076 189
9407 753
5131 429
5863 69
7486 109
5049 908
5145 453
7115 527
8187 30
6021 85
5431 542
7344 892
7941 498
5371 437
9815 690
7013 571
9643 237
9471 771
8086 526
9156 921
6749 313
5140 617
9054 426
6744 390
5162 551
8320 885
8419 740
6035 758
5062 663
7145 457
8495 771
9866 621
7799 394
8118 251
8071 119
7631 661
6689 374
6646 132
6444 760
5768 382
9117 12
8765 997
6886 77
9237 998
7787 659
7567 702
7123 212
9851 435
8594 833
8528 503
7021 626
9030 603
6450 843
6715 243
6555 110
7333 656
9939 929
7607 852
9730 482
8868 384
9978 59
8085 231
7483 12
9882 289
7599 500
9527 307
9643 902
8096 136
