
500 2543
94 485
506 326
416 248
992 421
649 322
237 795
457 43
815 845
446 955
422 252
791 9
359 901
667 122
598 94
7 738
544 574
334 715
766 882
994 367
893 984
633 299
131 433
428 682
700 72
617 874
874 138
720 856
419 145
794 995
196 529
997 199
116 277
908 97
539 719
707 242
569 107
537 122
931 70
726 98
487 600
772 645
513 267
81 972
943 895
58 213
303 748
764 487
536 923
724 29
789 674
479 540
142 554
339 467
641 46
196 710
494 553
66 191
824 724
208 730
711 988
800 90
314 340
289 549
401 196
466 865
689 678
833 570
225 936
244 722
849 651
113 123
379 431
361 508
65 585
486 853
686 642
286 992
889 725
24 286
491 812
891 859
90 663
181 88
214 179
17 187
472 619
418 261
419 846
356 192
682 261
306 514
201 886
385 530
952 849
500 294
194 799
737 391
324 330
992 298
224 790
260 275
97 826
210 72
649 866
919 951
63 748
958 685
804 956
518 564
428 183
537 400
346 721
153 207
971 323
662 611
197 116
91 109
529 795
126 343
747 862
469 685
770 10
934 881
723 984
895 403
568 360
172 449
958 541
383 272
308 877
970 359
583 707
48 308
930 770
569 30
3 208
20 311
609 100
887 939
825 422
930 785
904 370
241 989
379 969
376 143
962 972
889 28
443 61
216 638
338 348
160 347
406 66
159 391
31 638
204 295
420 826
153 196
425 449
331 855
565 143
838 487
9 140
918 564
533 615
232 135
957 564
591 360
576 793
746 163
377 859
858 760
86 711
434 662
558 159
279 660
840 268
735 948
574 315
126 676
912 341
739 689
821 894
625 706
917 490
201 478
993 671
149 932
52 899
759 237
267 187
256 472
783 772
117 98
516 906
180 911
25 635
380 225
712 823
266 164
216 343
448 732
541 502
664 740
954 576
726 612
772 902
531 454
943 411
750 973
327 703
917 850
5 77
113 220
913 802
791 403
998 181
859 10
345 525
431 919
675 668
833 527
438 462
523 291
916 605
420 457
115 405
660 417
261 279
772 685
388 596
764 307
843 224
206 322
407 840
639 975
852 401
542 91
60 327
757 330
82 182
637 603
93 793
614 615
136 733
187 864
102 16
972 863
163 987
501 306
477 34
492 840
121 700
80 706
138 787
660 105
229 834
827 798
448 310
230 609
832 690
489 561
586 579
291 60
665 388
660 309
702 407
153 200
606 313
123 970
253 33
709 273
832 277
108 997
888 40
481 227
283 860
858 940
284 608
711 990
850 590
239 806
943 52
195 801
95 764
410 710
664 386
900 593
112 50
963 494
754 156
458 936
19 965
225 86
569 723
97 184
194 868
754 340
602 412
61 487
695 209
347 346
719 860
100 307
97 95
843 821
745 941
286 821
492 587
116 201
531 665
424 527
253 812
426 424
413 459
980 343
291 836
833 506
486 179
9 916
575 430
922 596
145 808
897 269
404 512
742 811
728 685
269 567
103 776
745 855
35 718
779 853
71 97
80 146
842 746
128 15
941 965
227 512
30 480
342 958
605 665
531 191
364 964
359 515
867 606
820 822
313 536
207 693
911 19
308 335
430 101
685 922
641 294
113 910
141 410
690 250
700 546
559 729
481 609
503 720
766 976
7 759
882 798
859 74
182 648
425 299
542 785
683 846
853 390
938 897
89 416
624 837
181 247
878 293
933 144
580 938
252 467
207 480
658 955
20 665
954 26
347 564
759 449
446 26
14 521
657 301
710 321
980 613
188 388
636 879
203 990
432 188
129 963
630 820
509 300
237 822
373 255
838 277
395 153
692 400
103 227
218 518
384 447
931 315
396 813
389 324
640 502
287 299
297 780
977 376
512 516
219 212
555 329
398 810
289 486
798 485
598 416
49 952
572 894
697 358
770 21
725 647
542 44
214 683
887 361
45 814
94 231
282 8
82 165
319 496
626 699
146 852
541 459
874 535
725 314
777 944
554 306
208 459
787 637
976 447
912 408
444 107
3 962
301 565
164 407
437 857
652 317
764 98
41 818
737 600
176 288
136 902
128 567
394 190
235 749
42 908
824 276
684 748
979 592
568 393
367 363
52 163
642 983
335 179
126 16
130 478
583 259
129 868
752 295
167 596
856 71
640 622
770 864
431 644
195 5
448 365
701 429
952 64
880 854
168 770
79 88
961 157
472 368
217 421
709 719
147 271
296 975
909 816
764 962
251 535
878 438
753 696
570 881
253 318
666 45
931 52
433 496
810 313
678 138
123 334
212 988
9922 777
5830 439
5825 37
7024 367
6358 951
5302 519
8627 628
6119 199
9936 82
6331 192
6853 522
6192 447
7527 53
5423 242
5947 503
6431 773
7813 752
9444 274
9247 125
7028 197
8735 314
6530 275
6758 344
5011 256
8910 70
8087 431
9534 250
6836 497
8602 827
7646 639
9781 356
7882 907
5970 358
7660 595
6697 84
7977 182
9163 850
8683 62
7864 615
6698 690
9289 196
7320 970
5496 874
7389 552
8013 986
6913 57
7997 84
6042 471
9654 795
8020 664
9437 939
5990 765
9138 376
7477 49
8300 332
9979 596
7830 238
9600 333
8664 795
9539 808
7595 985
9174 411
9892 557
5683 278
5104 383
8491 432
7007 323
7936 956
7408 30
5891 144
5717 728
8417 399
6836 743
7072 513
8752 64
6237 527
6490 719
6938 143
8466 581
6087 838
5928 913
6029 440
8972 234
5754 995
7214 341
8120 96
9312 107
8565 687
9279 943
8593 693
6876 929
8909 967
8923 429
5184 787
9594 364
6488 524
7345 983
5222 956
7464 569
9367 33
9100 148
5139 938
8456 853
5932 272
6610 177
6520 371
7783 599
7834 292
5538 294
8298 134
5530 64
5755 501
9088 99
8454 387
5298 844
9006 801
8258 188
7520 320
5360 518
8392 160
8007 657
9476 895
9726 442
7730 251
9047 324
8430 194
6670 874
8797 513
7757 810
7188 663
8456 243
9834 663
6907 783
7356 779
6063 73
5294 406
8838 242
5683 294
8688 787
6176 244
9782 247
7454 638
8329 139
8204 245
8234 239
7077 596
8136 101
7300 312
5165 795
8321 137
6566 497
5600 426
5530 475
9504 263
6677 171
8402 921
9183 118
9068 530
8917 803
7473 384
9025 237
8230 303
9983 926
8190 123
8069 198
8411 929
7418 255
5167 869
5204 940
6791 778
7873 869
9735 220
5417 276
7696 24
9973 893
7143 38
7419 256
8058 824
7948 523
7068 548
6636 885
8859 49
8849 217
8119 504
7977 993
5910 521
7242 311
8629 744
5952 954
7881 787
9612 68
5253 451
9451 836
7377 509
9482 814
5028 476
6282 612
8392 661
9732 279
7318 830
9929 833
6998 897
8585 173
6357 658
8040 977
7739 771
6982 644
7502 467
5170 522
9335 643
7409 409
6793 750
8452 330
5699 154
6122 525
9429 375
9590 538
6802 724
9265 729
8199 209
8500 409
9924 430
7189 994
6295 140
6377 34
7667 246
8171 173
9589 5
9317 453
8739 170
8918 464
7460 65
7944 531
6596 478
7049 487
5154 750
8685 787
5660 319
7093 363
8540 466
6601 93
8974 129
5937 619
9308 494
6243 582
5008 133
9574 313
9636 147
6089 525
8846 977
5795 399
5136 336
8353 332
6334 773
5693 189
8316 31
5678 684
9834 113
6054 572
9708 312
9272 254
8373 908
6440 985
7653 777
7594 111
8489 667
6271 364
9110 975
7810 212
5283 312
6212 840
6951 815
7366 454
9794 918
8084 94
9159 617
8427 501
5784 46
5009 308
5880 272
5149 767
8369 12
6490 533
8481 432
7146 16
8425 654
6651 940
5298 645
9720 780
7742 168
6855 447
6030 869
6649 87
5051 181
6603 60
5598 490
9168 569
6351 420
7025 522
6811 957
9173 849
5106 767
9787 283
6097 366
9233 36
5360 124
7676 884
7803 546
6999 964
7915 34
5288 952
5124 95
7355 677
9933 367
6214 723
8014 876
6434 393
8233 954
7460 458
8083 833
6283 673
7765 922
6585 654
7036 875
7806 16
5401 283
8598 572
8975 230
9630 48
7315 360
5370 340
8240 595
6131 536
7661 88
6509 893
5145 765
6807 687
5766 535
6013 164
9468 751
9898 510
8479 502
8784 14
6333 237
6011 237
7334 168
5607 654
6114 132
9129 796
7000 274
5638 379
7757 702
7802 373
6156 167
5338 947
7093 902
9075 57
6791 275
5096 117
9136 607
7082 945
5515 28
7781 464
6779 425
6342 176
7458 488
7051 901
8198 735
9457 551
7110 318
5856 814
6103 673
7545 239
9593 440
8302 739
6964 355
9931 49
6188 544
8414 881
6863 783
9367 155
5355 101
6203 11
8611 647
7146 55
7030 765
5808 747
6572 220
9614 258
5817 373
6750 299
5721 948
7698 790
7849 10
5193 66
7046 960
5074 137
5810 774
9177 514
7574 543
8298 339
6141 800
8007 975
7543 767
8457 230
6053 620
5659 968
6492 425
8297 67
5399 651
7544 562
5609 14
6110 328
8333 923
7209 112
6472 792
5305 994
5960 955
6539 449
9913 225
8145 68
9605 716
7938 620
9184 215
5948 79
8250 220
6626 61
8231 913
9662 801
8745 156
5618 398
6965 541
8513 368
6784 21
8788 373
9042 312
6304 410
7805 280
8085 233
5362 91
9970 367
5132 716
7621 547
5250 430
5593 442
7182 915
7296 47
7581 181
5573 430
6380 698
5674 397
9711 659
6540 216
9974 118
6708 377
6004 906
5916 502
5050 384
5156 525
9257 740
8562 701
6149 356
6946 435
5142 590
7450 455
9206 824
9524 321
7420 545
7535 579
7707 849
5622 454
6431 639
5036 290
5376 48
7997 90
6323 774
8125 658
6054 942
8961 545
7509 292
9937 563
9477 449
5214 703
5937 387
5331 738
6743 974
8117 688
8149 919
8124 355
5633 637
5610 792
9879 430
8776 110
6727 121
6262 758
9988 657
9380 702
5894 944
6257 377
6538 555
