
200 1008
482 485
257 326
286 248
517 421
404 322
713 795
45 43
924 845
873 955
160 252
1 9
838 901
40 122
58 94
676 738
627 574
766 715
862 882
405 367
923 984
379 299
461 433
612 682
133 72
813 874
97 138
908 856
165 145
996 995
623 529
220 199
298 277
157 97
723 719
144 242
48 107
129 122
148 70
35 98
644 600
632 645
272 267
1040 972
977 895
312 213
778 748
567 487
965 923
1 29
616 674
569 540
628 554
493 467
76 46
733 710
575 553
288 191
775 724
723 730
912 988
64 90
354 340
565 549
210 196
922 865
775 678
566 570
934 936
626 722
742 651
194 123
485 431
483 508
617 585
876 853
653 642
896 992
652 725
220 286
727 812
900 859
563 663
56 88
157 179
280 187
537 619
284 261
920 846
124 192
239 261
459 514
931 886
504 530
910 849
382 294
795 799
485 391
351 330
289 298
865 790
250 275
738 826
75 72
788 866
947 951
651 748
595 685
993 956
663 564
265 183
338 400
637 721
206 207
328 323
618 611
64 116
139 109
806 795
412 343
912 862
715 685
1 10
929 881
1025 984
410 403
273 360
507 449
450 541
174 272
882 877
427 359
787 707
355 308
734 770
1 30
248 208
397 311
159 100
874 939
449 422
857 785
286 370
976 989
908 969
103 143
1071 972
1 28
117 61
697 638
424 348
439 347
74 66
442 391
568 638
195 295
854 826
281 196
433 449
845 855
224 143
487 487
181 140
496 564
690 615
124 135
575 564
374 360
766 793
149 163
776 859
793 760
674 711
696 662
90 159
732 660
214 268
935 948
228 315
619 676
349 341
734 689
964 894
644 706
484 490
491 478
628 671
1009 932
944 899
315 237
92 187
554 472
757 772
88 98
952 906
818 911
628 635
316 225
818 823
255 164
432 343
8546 602
5673 655
7731 159
5331 25
5193 46
5015 485
7763 115
8437 782
9424 682
5992 483
6714 514
9806 19
8265 799
6677 529
5004 732
5283 320
7362 570
9421 986
8223 525
7920 671
7434 153
8776 696
9416 244
8250 839
9633 231
8395 949
5274 651
9213 253
9867 970
7889 357
6401 668
8411 945
7307 24
7096 824
6672 763
7658 87
9804 537
6235 287
7170 127
5784 22
9591 822
6089 342
9058 436
8193 263
7063 499
7974 15
9366 559
6454 847
8554 841
8262 244
7397 274
8013 205
5431 526
9523 549
6628 690
7065 287
7234 830
9289 499
7940 671
8100 488
5385 480
8404 166
6172 180
6471 768
7696 365
7301 109
7264 73
5175 66
5141 680
9933 104
6289 117
7178 289
9093 447
5536 547
6559 377
5537 469
9689 253
8128 381
8177 967
9011 974
7992 732
5734 361
6367 679
5299 653
8510 743
9039 590
9930 946
6303 388
5287 376
7713 268
7066 902
8863 990
9738 55
7528 144
8742 115
7944 951
8096 870
7632 204
9858 173
8828 169
5309 482
8000 427
5998 195
8072 417
5766 21
8271 916
9661 889
6930 803
5767 424
7298 719
7763 979
8157 262
5528 754
5288 406
8037 532
9690 855
6413 84
6383 732
9038 84
7448 483
6183 726
7326 639
8809 676
6357 611
9554 356
7436 627
7219 471
7441 361
5770 450
5428 25
6660 685
8781 150
5606 901
8477 909
7176 16
8368 570
7156 567
6374 793
5309 462
7564 629
9050 459
9305 213
8738 922
8265 169
9797 118
6395 486
7518 417
7143 487
5143 320
6925 479
8504 800
5342 641
9188 467
9937 953
6718 20
7405 360
5279 625
7354 311
7835 290
5923 443
8530 766
5926 246
5936 635
9682 614
7300 608
6750 831
7559 88
8340 909
7761 190
7961 811
6736 270
8502 203
9573 689
5090 941
9311 133
6856 248
9265 701
8633 971
8879 48
5402 498
5229 699
9809 828
7225 685
7119 700
5060 918
6772 93
8488 649
6313 955
6138 779
8787 642
9199 35
8932 784
5224 145
6795 656
8268 951
9622 346
7907 532
7074 244
5372 160
8258 598
