
1000 5002
482 485
257 326
286 248
517 421
404 322
713 795
45 43
924 845
873 955
160 252
1 9
838 901
40 122
58 94
676 738
627 574
766 715
862 882
405 367
923 984
379 299
461 433
612 682
133 72
813 874
97 138
908 856
165 145
996 995
623 529
220 199
298 277
157 97
723 719
144 242
48 107
129 122
148 70
35 98
644 600
632 645
272 267
1040 972
977 895
312 213
778 748
567 487
965 923
1 29
616 674
569 540
628 554
493 467
76 46
733 710
575 553
288 191
775 724
723 730
912 988
64 90
354 340
565 549
210 196
922 865
775 678
566 570
934 936
626 722
742 651
194 123
485 431
483 508
617 585
876 853
653 642
896 992
652 725
220 286
727 812
900 859
563 663
56 88
157 179
280 187
537 619
284 261
920 846
124 192
239 261
459 514
931 886
504 530
910 849
382 294
795 799
485 391
351 330
289 298
865 790
250 275
738 826
75 72
788 866
947 951
651 748
595 685
993 956
663 564
265 183
338 400
637 721
206 207
328 323
618 611
64 116
139 109
806 795
412 343
912 862
715 685
1 10
929 881
1025 984
410 403
273 360
507 449
450 541
174 272
882 877
427 359
787 707
355 308
734 770
1 30
248 208
397 311
159 100
874 939
449 422
857 785
286 370
976 989
908 969
103 143
1071 972
1 28
117 61
697 638
424 348
439 347
74 66
442 391
568 638
195 295
854 826
281 196
433 449
845 855
224 143
487 487
181 140
496 564
690 615
124 135
575 564
374 360
766 793
149 163
776 859
793 760
674 711
696 662
90 159
732 660
214 268
935 948
228 315
619 676
349 341
734 689
964 894
644 706
484 490
491 478
628 671
1009 932
944 899
315 237
92 187
554 472
757 772
88 98
952 906
818 911
628 635
316 225
818 823
255 164
432 343
763 732
490 502
721 740
587 576
530 612
992 902
491 454
343 411
880 973
645 703
761 850
152 77
241 220
727 802
352 403
246 181
1 10
479 525
958 919
749 668
551 527
538 462
319 291
580 605
501 457
487 405
349 417
252 279
731 685
637 596
339 307
257 224
271 322
740 840
1002 975
404 401
190 91
254 327
277 330
100 182
648 603
810 793
535 615
702 733
855 864
76 16
773 863
917 987
279 306
123 34
922 840
613 700
658 706
705 787
101 105
807 834
883 798
358 310
634 609
786 690
618 561
644 579
141 60
466 388
340 309
495 407
283 200
352 313
886 970
95 33
291 273
217 277
1007 997
1 40
219 227
764 860
1025 940
600 608
895 990
690 590
738 806
1 52
772 801
727 764
774 710
340 386
503 593
1 50
432 494
228 156
993 936
1058 965
130 86
821 723
189 184
943 868
343 340
404 412
560 487
196 209
418 346
782 860
314 307
59 95
778 821
979 941
828 821
584 587
122 201
741 665
566 527
760 812
385 424
395 459
250 343
789 836
492 506
261 179
914 916
380 430
537 596
731 808
361 269
473 512
737 811
708 685
635 567
804 776
827 855
695 718
756 853
57 97
178 146
688 746
1 15
871 965
415 512
510 480
1057 958
764 665
193 191
905 964
583 515
696 606
887 822
444 536
741 693
12 19
313 335
81 101
828 922
354 294
981 910
499 410
283 250
545 546
635 729
540 609
689 720
946 976
730 759
703 798
14 74
644 648
241 299
793 785
912 846
461 390
801 897
424 416
744 837
272 247
338 293
193 144
987 938
432 467
505 480
944 955
653 665
38 26
468 564
461 449
1 26
576 521
329 301
274 321
701 613
432 388
851 879
915 990
137 188
927 963
903 820
373 300
770 822
160 255
285 277
231 153
366 400
317 227
423 518
420 447
216 315
772 813
271 324
566 502
243 299
725 780
390 376
491 516
225 212
392 329
781 810
434 486
535 485
368 416
938 952
946 894
353 358
1 21
707 647
143 44
630 683
364 361
822 814
147 231
54 8
91 165
431 496
606 699
917 852
553 459
473 535
222 314
954 944
369 306
413 459
717 637
491 447
447 408
44 107
994 962
518 565
448 407
931 857
369 317
181 98
815 818
655 600
267 288
960 902
611 567
271 190
771 749
993 908
359 276
810 748
563 592
360 393
264 363
199 163
1074 983
131 179
41 16
423 478
197 259
779 868
344 295
536 596
140 71
669 622
938 864
715 644
67 5
321 365
434 429
19 64
928 854
759 770
178 88
160 157
277 368
467 421
653 719
330 271
966 975
817 816
1045 962
508 535
492 438
743 696
884 881
259 318
56 45
1 52
421 496
270 313
99 138
429 334
1004 988
512 508
702 770
657 751
862 780
516 441
246 207
592 516
641 674
390 408
831 920
522 573
611 634
825 878
929 990
734 826
718 696
883 800
355 411
426 422
668 707
235 334
1080 986
397 494
137 150
648 562
342 380
799 832
1067 979
313 376
452 511
441 414
214 160
1059 982
260 238
579 490
897 899
316 251
526 526
909 897
139 39
634 657
384 452
577 538
840 831
509 460
262 185
934 934
513 440
556 490
97 168
107 71
937 977
370 458
193 204
802 803
134 139
390 399
439 420
1034 991
636 578
1008 972
191 177
429 398
445 348
483 496
347 276
769 825
540 614
212 121
789 730
317 341
381 284
714 698
24 17
570 546
771 672
1052 974
776 866
290 377
470 559
367 340
626 527
879 779
688 761
553 483
112 92
440 390
510 583
741 661
473 391
289 336
574 661
85 125
36 89
362 275
310 359
129 178
763 780
31 42
69 5
470 380
739 772
726 816
57 9
476 484
498 545
669 589
112 157
934 901
854 777
112 74
246 247
1 55
481 479
883 785
1051 958
763 680
417 393
900 944
573 596
601 619
588 611
900 852
327 283
199 299
847 766
240 312
862 826
635 726
680 733
806 805
767 679
495 403
870 964
259 337
476 541
512 478
467 369
1001 946
798 821
819 833
835 837
502 490
119 37
652 594
82 129
242 258
215 246
291 362
687 755
550 504
1 71
249 177
203 176
865 803
189 237
758 677
90 33
188 115
621 597
807 769
481 536
1031 956
349 341
222 184
260 234
551 569
245 216
631 537
183 84
873 810
656 657
5 33
137 159
579 520
656 668
373 287
232 229
352 374
428 474
598 672
943 915
582 511
120 123
573 569
218 199
347 396
628 715
1 59
642 610
959 917
983 927
186 270
60 117
513 516
143 215
234 216
290 237
597 615
452 499
521 477
837 760
267 285
20 56
1027 966
690 622
235 221
199 194
186 91
374 347
244 252
424 473
438 516
385 385
337 357
945 958
686 665
698 792
16 64
464 420
655 671
911 968
839 877
144 177
535 523
65 139
230 152
806 732
312 246
578 565
699 740
817 902
105 17
886 973
360 298
658 611
53 32
1 11
319 337
36 136
879 889
595 522
721 805
80 28
981 931
838 757
654 609
480 544
973 905
647 595
243 246
152 113
183 175
140 156
263 244
856 883
338 265
792 883
403 462
560 485
238 272
214 204
1011 984
453 409
330 398
819 909
469 370
882 882
279 214
811 766
82 35
341 421
271 271
397 370
876 848
128 50
1016 976
243 270
843 796
949 963
451 379
1091 991
594 551
867 897
353 307
471 421
100 74
401 388
591 559
884 980
607 615
651 681
209 231
133 207
741 818
372 331
950 979
403 445
419 348
780 724
345 401
618 646
766 668
335 242
288 302
795 861
777 830
117 77
541 441
499 589
1025 990
217 189
799 868
944 996
329 363
232 237
367 420
552 565
220 214
353 333
811 726
176 175
35 58
548 625
1 66
142 169
400 475
298 204
27 90
421 496
40 1
462 474
359 449
299 252
395 332
382 287
206 189
980 889
1 63
285 378
109 206
813 897
219 230
361 382
601 575
155 60
442 529
405 477
253 290
57 89
894 961
548 461
763 702
542 532
704 680
44 53
545 642
1018 1000
803 891
730 822
59 152
423 324
590 633
266 267
325 381
307 272
422 506
403 419
524 461
613 526
1033 978
403 468
820 729
777 795
631 581
298 383
302 226
505 421
461 386
351 273
556 484
638 676
152 107
236 229
831 902
882 962
38 105
100 84
1006 991
661 701
596 689
748 655
528 600
587 538
492 499
783 881
1017 981
546 473
368 383
618 679
662 573
563 589
553 480
161 145
612 624
926 923
972 915
249 232
948 974
662 735
735 678
682 640
722 644
146 212
75 123
276 253
890 943
1 18
1007 916
302 327
607 640
646 615
488 470
565 655
239 288
448 401
906 840
564 633
647 707
339 424
757 682
213 194
829 855
229 190
703 728
257 178
255 275
123 88
321 367
517 544
768 738
1040 963
439 460
282 266
739 727
128 33
471 442
714 628
467 384
298 244
411 482
760 765
435 446
245 247
865 913
658 560
457 528
694 594
882 935
415 462
555 621
705 660
525 564
276 302
871 936
582 592
639 724
181 118
200 299
201 251
35 129
5 96
85 167
239 169
359 381
948 976
771 767
804 837
457 407
284 203
485 387
803 735
629 706
358 335
13 40
808 821
68 131
96 159
956 978
101 53
767 849
577 478
1 19
278 230
388 453
318 336
847 931
592 588
494 449
615 566
9960 218
6616 959
6641 826
5460 866
7045 668
7927 357
6168 580
5230 359
8086 830
9342 518
6100 361
5013 711
6012 16
5680 78
7301 153
8971 329
6051 738
9184 268
9061 741
5859 781
7536 128
9342 843
7153 887
9056 67
6205 86
5487 905
7434 670
6981 170
5698 190
7824 848
8049 391
8487 618
6015 359
6091 929
9777 672
9680 709
6872 600
8370 322
7303 930
9284 172
9295 652
8345 233
6254 221
9226 811
7248 405
8523 305
5396 880
8444 523
8384 590
9711 587
6625 141
5711 91
6390 347
5928 633
9781 273
8095 337
8644 190
8170 54
9118 461
9538 472
6555 218
7258 678
7580 312
5019 459
5064 642
8046 970
8815 946
8480 371
8274 873
8837 310
9817 603
5553 917
5627 618
5392 925
9314 367
5915 70
8876 707
9910 787
6266 536
8898 220
7791 515
5346 194
8805 239
7842 142
8476 338
9319 687
6984 50
5627 578
8409 386
6491 153
8686 773
5863 177
6522 933
9910 273
7455 537
7294 337
7191 191
8307 15
5608 349
5266 795
5711 226
9061 467
8440 179
8776 684
5554 589
9277 195
8652 335
8693 639
8250 80
5710 233
9749 727
8980 779
6268 346
8664 141
6576 17
5587 553
5860 241
5472 328
9813 476
6922 440
8163 81
8923 313
6401 996
5748 953
6688 298
5875 225
8921 711
5799 513
9897 792
6563 836
8898 788
5426 337
6118 75
5777 386
6644 929
9583 87
5793 875
9003 159
5901 797
6878 156
8821 636
6011 472
9963 142
9461 637
8124 875
8470 62
5346 777
5607 694
8186 168
6790 502
6332 197
6130 824
5263 590
9278 961
7693 519
7369 11
9067 934
6282 634
7492 276
6888 688
9989 229
7500 755
7096 903
8553 32
6758 814
6185 398
6548 709
8095 783
8742 441
9173 757
6134 787
6912 768
7902 886
7272 553
6560 94
9625 877
8940 902
5654 474
5286 103
7639 977
6043 737
5781 741
5822 211
8149 974
10000 182
5043 479
7753 744
5765 584
5061 423
7620 144
8071 189
8090 404
9384 106
9414 863
6894 226
5190 333
7634 264
7910 566
5142 338
7896 892
7025 113
5888 148
8896 949
9241 740
9702 569
5448 421
6345 613
7415 892
7051 855
8618 998
9065 175
5674 629
7424 395
7288 460
5467 208
7783 964
5897 202
5783 659
9574 735
5282 592
6656 704
9666 480
6468 742
6818 616
9632 258
5902 48
7057 388
7982 225
7144 172
6909 659
5017 822
10000 593
6909 761
6767 614
9317 308
6040 45
6059 349
6113 582
7677 964
8556 560
7853 530
6684 681
9360 948
7635 790
8191 823
7670 319
7313 686
9881 994
7402 352
7305 912
5493 595
6271 743
7028 740
5408 900
6500 704
7136 811
5463 509
5212 329
5729 473
7885 521
8303 659
6452 926
6054 380
8474 862
9386 848
9803 2
5485 728
9429 893
9658 430
9635 926
5023 183
6943 86
9225 8
7215 905
5481 745
5928 680
8628 9
6814 218
7397 846
6289 366
6129 545
6261 588
6531 991
6347 865
7954 907
6605 781
9988 992
5270 317
5655 372
8886 897
9595 850
5543 436
5152 93
7227 650
5840 798
9105 131
6193 771
6719 684
6516 65
5442 157
9959 829
7889 595
8743 958
9054 466
9452 427
8067 33
7172 8
8308 520
8640 778
9695 299
5635 709
9108 106
8190 67
9922 919
5463 848
7276 672
5726 346
9752 171
6825 152
6474 503
6859 56
7046 965
7448 231
7992 228
9989 901
9328 49
6218 821
8519 420
9575 959
9844 570
9959 131
5545 911
5809 622
7044 822
7632 382
9320 950
6475 493
7021 851
6438 107
7452 804
9765 174
8387 35
9751 679
9782 236
6326 780
6029 638
6046 828
5153 499
6171 259
8629 614
8139 705
7730 261
6757 444
6122 789
6569 898
8412 994
8182 681
6679 921
5811 78
5936 744
8338 296
5840 882
9302 727
8675 879
7292 822
9993 340
6058 874
9565 990
6763 49
5332 241
5617 924
5068 7
7615 46
6700 162
6108 755
5698 247
7329 74
5770 727
8800 833
9629 514
7717 325
9598 238
5554 621
7632 291
8434 756
5794 661
9580 506
7317 677
8787 207
7649 159
7775 483
8322 259
6296 628
6197 723
9371 568
8309 815
9921 906
7623 772
6355 555
5926 776
5583 416
7217 997
5262 934
9068 885
7420 186
8124 64
5658 390
8761 567
9621 338
5437 87
7227 62
7685 23
5390 226
5216 845
5007 999
8107 425
7432 636
9283 419
9895 537
6524 651
8153 940
8272 950
8725 651
8411 55
7347 936
6671 113
5297 550
5814 650
5689 431
9236 106
7076 554
7377 869
9386 640
5531 108
8322 812
9049 571
5020 173
5606 700
8531 165
9026 476
6949 18
9802 323
9013 328
5685 788
7274 799
6451 389
7744 591
7508 304
7735 794
9958 954
5192 458
9437 434
8270 683
8864 229
5455 800
5289 479
6217 30
5586 731
7438 503
8128 211
5875 6
7439 368
5001 226
5291 164
5215 558
9506 373
7775 956
6560 977
6920 500
7619 994
8888 849
9145 141
5270 42
9172 338
9602 183
5906 555
7842 303
9013 675
8305 106
9641 908
9417 661
8878 162
9529 393
8241 346
8142 594
5400 432
8809 732
5746 506
8562 235
9048 859
6914 285
6649 852
7665 231
7824 122
6415 510
6667 948
7223 104
7428 563
6400 599
8209 544
8175 843
6145 843
6107 197
8708 543
5930 467
6235 274
7227 338
5766 755
7789 868
5777 701
5977 32
9105 124
6006 121
7105 868
8311 820
9378 709
9154 179
7155 115
8001 788
7544 815
8903 449
6945 180
7470 794
7319 534
7547 343
6191 466
6197 959
9625 491
7202 417
9233 726
9984 146
7818 113
6689 872
7192 706
5813 547
5079 647
9292 514
7948 157
8112 524
8605 404
7381 444
6903 426
5783 912
7186 820
6344 941
6068 291
9399 535
6859 429
8803 442
8465 84
5517 230
9965 696
9552 976
5684 171
9097 220
5881 54
9889 178
8362 428
7121 424
8036 836
5076 606
9795 14
5460 383
6513 392
6966 213
5549 189
5646 268
6282 394
6329 128
5215 533
9820 633
9706 844
9251 978
8716 692
8982 163
8868 942
7341 544
8682 59
6792 550
6120 117
9384 985
8808 975
7151 846
5088 918
7409 609
7819 107
8264 461
6014 455
5301 163
5294 985
6583 718
9443 416
6968 868
7075 887
5386 13
7388 597
7910 686
7620 466
6982 826
8557 83
5714 84
9995 442
6980 674
7725 244
8215 773
9501 155
5835 746
6926 572
6287 553
8368 719
6105 484
8470 248
6926 798
7946 450
8200 724
5556 134
5837 654
5960 274
5942 393
7789 661
6432 38
9115 932
7750 385
5772 670
6419 423
6860 142
6603 675
9823 305
5030 152
8561 714
7408 486
5427 149
7034 467
6903 472
7963 698
8499 319
6831 275
5050 64
7469 260
9932 273
9215 539
6950 330
9882 667
5957 921
9003 617
6399 238
8672 282
7304 239
6753 108
6245 117
8526 111
5509 401
6956 100
8478 363
8935 397
6855 435
7695 940
6280 296
5895 518
9752 461
8186 948
9722 801
5079 349
5599 473
8553 100
8659 944
9452 925
8714 435
8622 239
6120 325
8527 172
6648 511
5287 827
8400 958
9242 593
8255 405
9489 270
7777 64
8392 895
9072 446
5503 867
7138 451
7525 501
7507 710
8208 558
6581 46
6417 854
6164 990
5205 640
5184 239
6820 413
8878 78
5390 631
5953 436
6534 882
7793 340
5160 86
8934 656
5945 394
6206 578
9524 69
9040 372
6267 195
7290 101
9736 23
9298 757
9367 376
5991 631
7728 371
6217 969
8698 806
7298 628
7656 497
9516 834
5895 197
6878 435
8598 294
5964 26
9626 828
8225 833
5415 245
7267 326
8687 525
7022 995
7679 537
6473 763
9772 537
7836 197
9382 643
7925 564
9848 724
8278 844
7346 393
6451 746
7911 990
6399 778
7389 201
8932 799
5798 904
7227 161
9983 12
7799 494
8586 647
6179 668
9949 631
5233 852
8463 973
6435 66
9413 886
5634 212
9366 692
9655 92
5034 477
8209 166
8703 296
7833 491
7038 606
7154 287
8436 444
8853 274
6570 842
6031 499
6390 127
6879 693
7909 712
7522 643
8272 221
6262 909
9584 242
7892 194
7771 766
7731 554
9907 467
9410 798
6722 952
7093 597
8316 580
8456 203
6819 799
8088 274
8688 418
7567 998
9391 731
5337 748
5452 523
6996 538
5435 797
8456 808
8329 757
5929 192
5609 920
8595 581
7545 420
8266 71
7505 758
6122 585
5396 410
9788 212
5104 908
6116 989
9479 6
9666 475
6814 37
6517 939
6537 253
5709 149
7298 59
7506 772
8869 852
5668 185
5923 521
5073 280
5571 189
8255 405
6530 9
9490 992
5488 373
5871 381
8524 43
9182 153
7324 87
9464 137
7124 514
9616 117
7061 322
8207 274
5591 535
5530 966
6813 353
9923 232
5472 138
9155 582
7987 558
5814 519
8831 643
8414 707
9186 632
6559 112
9078 271
7226 362
9151 413
6432 70
9913 647
9476 799
9506 680
5751 382
7542 583
5861 238
9996 71
5657 943
8987 288
5302 557
9293 196
9812 451
5482 576
9946 423
5608 132
8726 595
9303 287
5519 763
6731 966
7085 2
7032 87
5590 454
8134 827
5038 116
7719 153
5087 464
8910 44
6692 597
6996 812
8043 108
8790 928
7234 439
9228 479
7039 549
8580 599
7266 581
8877 493
8469 961
5785 504
5365 95
6323 340
9294 781
7966 980
8769 213
7568 371
5795 63
6693 653
6479 823
9417 703
5370 483
8484 72
7179 877
9646 574
9851 82
8731 415
7951 764
5116 523
7440 443
6601 992
9330 291
8335 238
9636 853
7450 92
8204 773
5227 685
9885 134
9745 450
8576 565
8506 798
9771 108
5969 213
9509 930
9852 902
6011 730
8059 552
7160 373
8082 635
9913 732
9650 480
8795 507
7876 747
8334 686
5371 27
9462 733
8512 975
7697 749
9987 957
8695 965
6852 222
9725 849
6206 670
8948 801
7179 251
8985 898
8259 245
6453 34
8683 425
6936 732
6304 107
9289 33
5424 420
5565 62
6411 831
5798 532
7577 977
5635 752
5748 67
6847 321
7960 128
7077 269
7433 408
8429 176
7237 491
9122 658
7566 559
7365 879
5647 939
7700 311
6547 873
8413 634
9354 668
7457 813
5895 869
9916 750
7628 136
8580 602
8457 653
6880 986
5243 222
5690 871
8016 235
9126 227
5558 197
6609 914
6624 534
9568 110
8618 309
6327 303
8789 400
7318 866
5194 81
5321 7
7822 755
5352 947
9955 203
8739 205
6490 707
9688 130
9504 604
6464 955
8984 369
5188 387
8653 632
5786 216
7917 568
8816 226
6502 205
7059 491
