1000 5002
94 485
506 326
416 248
992 421
649 322
237 795
457 43
815 845
446 955
422 252
791 9
359 901
667 122
598 94
7 738
544 574
334 715
766 882
994 367
893 984
633 299
131 433
428 682
700 72
617 874
874 138
720 856
419 145
794 995
196 529
997 199
116 277
908 97
539 719
707 242
569 107
537 122
931 70
726 98
487 600
772 645
513 267
81 972
943 895
58 213
303 748
764 487
536 923
724 29
789 674
479 540
142 554
339 467
641 46
196 710
494 553
66 191
824 724
208 730
711 988
800 90
314 340
289 549
401 196
466 865
689 678
833 570
225 936
244 722
849 651
113 123
379 431
361 508
65 585
486 853
686 642
286 992
889 725
24 286
491 812
891 859
90 663
181 88
214 179
17 187
472 619
418 261
419 846
356 192
682 261
306 514
201 886
385 530
952 849
500 294
194 799
737 391
324 330
992 298
224 790
260 275
97 826
210 72
649 866
919 951
63 748
958 685
804 956
518 564
428 183
537 400
346 721
153 207
971 323
662 611
197 116
91 109
529 795
126 343
747 862
469 685
770 10
934 881
723 984
895 403
568 360
172 449
958 541
383 272
308 877
970 359
583 707
48 308
930 770
569 30
3 208
20 311
609 100
887 939
825 422
930 785
904 370
241 989
379 969
376 143
962 972
889 28
443 61
216 638
338 348
160 347
406 66
159 391
31 638
204 295
420 826
153 196
425 449
331 855
565 143
838 487
9 140
918 564
533 615
232 135
957 564
591 360
576 793
746 163
377 859
858 760
86 711
434 662
558 159
279 660
840 268
735 948
574 315
126 676
912 341
739 689
821 894
625 706
917 490
201 478
993 671
149 932
52 899
759 237
267 187
256 472
783 772
117 98
516 906
180 911
25 635
380 225
712 823
266 164
216 343
448 732
541 502
664 740
954 576
726 612
772 902
531 454
943 411
750 973
327 703
917 850
5 77
113 220
913 802
791 403
998 181
859 10
345 525
431 919
675 668
833 527
438 462
523 291
916 605
420 457
115 405
660 417
261 279
772 685
388 596
764 307
843 224
206 322
407 840
639 975
852 401
542 91
60 327
757 330
82 182
637 603
93 793
614 615
136 733
187 864
102 16
972 863
163 987
501 306
477 34
492 840
121 700
80 706
138 787
660 105
229 834
827 798
448 310
230 609
832 690
489 561
586 579
291 60
665 388
660 309
702 407
153 200
606 313
123 970
253 33
709 273
832 277
108 997
888 40
481 227
283 860
858 940
284 608
711 990
850 590
239 806
943 52
195 801
95 764
410 710
664 386
900 593
112 50
963 494
754 156
458 936
19 965
225 86
569 723
97 184
194 868
754 340
602 412
61 487
695 209
347 346
719 860
100 307
97 95
843 821
745 941
286 821
492 587
116 201
531 665
424 527
253 812
426 424
413 459
980 343
291 836
833 506
486 179
9 916
575 430
922 596
145 808
897 269
404 512
742 811
728 685
269 567
103 776
745 855
35 718
779 853
71 97
80 146
842 746
128 15
941 965
227 512
30 480
342 958
605 665
531 191
364 964
359 515
867 606
820 822
313 536
207 693
911 19
308 335
430 101
685 922
641 294
113 910
141 410
690 250
700 546
559 729
481 609
503 720
766 976
7 759
882 798
859 74
182 648
425 299
542 785
683 846
853 390
938 897
89 416
624 837
181 247
878 293
933 144
580 938
252 467
207 480
658 955
20 665
954 26
347 564
759 449
446 26
14 521
657 301
710 321
980 613
188 388
636 879
203 990
432 188
129 963
630 820
509 300
237 822
373 255
838 277
395 153
692 400
103 227
218 518
384 447
931 315
396 813
389 324
640 502
287 299
297 780
977 376
512 516
219 212
555 329
398 810
289 486
798 485
598 416
49 952
572 894
697 358
770 21
725 647
542 44
214 683
887 361
45 814
94 231
282 8
82 165
319 496
626 699
146 852
541 459
874 535
725 314
777 944
554 306
208 459
787 637
976 447
912 408
444 107
3 962
301 565
164 407
437 857
652 317
764 98
41 818
737 600
176 288
136 902
128 567
394 190
235 749
42 908
824 276
684 748
979 592
568 393
367 363
52 163
642 983
335 179
126 16
130 478
583 259
129 868
752 295
167 596
856 71
640 622
770 864
431 644
195 5
448 365
701 429
952 64
880 854
168 770
79 88
961 157
472 368
217 421
709 719
147 271
296 975
909 816
764 962
251 535
878 438
753 696
570 881
253 318
666 45
931 52
433 496
810 313
678 138
123 334
212 988
66 508
206 770
750 751
64 780
466 441
337 207
510 516
796 674
175 408
437 920
938 573
848 634
561 878
718 990
948 826
649 696
569 800
663 411
582 422
843 707
202 334
702 986
579 494
725 150
803 562
340 380
156 832
832 979
602 376
234 511
688 414
184 160
978 982
413 238
633 490
585 899
606 251
963 526
350 897
242 39
539 657
739 452
267 538
165 831
177 460
720 185
802 934
644 440
82 490
798 168
197 71
173 977
81 458
235 204
112 803
103 139
268 399
879 420
643 991
106 578
122 972
444 177
262 398
691 348
997 496
446 276
171 825
549 614
281 121
211 730
112 341
408 284
730 698
363 17
89 546
605 672
938 974
168 866
705 377
47 559
400 340
215 527
114 779
51 761
881 483
549 92
679 390
328 583
250 661
203 391
481 336
752 661
707 125
82 89
63 275
660 359
21 178
287 780
219 42
500 5
820 380
95 772
44 816
748 9
678 484
276 545
478 589
663 157
594 901
757 777
947 74
448 247
570 55
313 479
981 785
795 958
552 680
389 393
280 944
864 596
636 619
512 611
892 852
184 283
947 299
614 766
625 312
149 826
377 726
474 733
18 805
662 679
416 403
1 964
530 337
752 541
22 478
981 369
777 946
957 821
275 833
584 837
582 490
121 37
951 594
668 129
118 258
319 246
896 362
521 755
948 504
248 71
474 177
351 176
54 803
155 237
660 677
871 33
486 115
294 597
425 769
245 536
382 956
371 341
708 184
544 234
794 569
387 216
738 537
520 84
281 810
502 657
91 33
503 159
924 520
16 668
33 287
344 229
349 374
606 474
896 672
595 915
441 511
102 123
52 569
654 199
710 396
434 715
245 59
36 610
661 917
413 927
13 270
370 117
400 516
195 215
984 216
476 237
164 615
405 499
674 477
196 760
608 285
907 56
532 966
51 622
716 221
327 194
880 91
710 347
267 252
400 473
376 516
609 385
320 357
196 958
538 665
935 792
404 64
100 420
126 671
855 968
94 877
731 177
253 523
8 139
393 152
543 732
348 246
318 565
489 740
22 902
998 17
49 973
381 298
10 611
429 32
221 11
150 337
717 136
530 889
332 522
942 805
565 28
216 931
61 757
170 609
872 544
644 905
208 595
680 246
697 113
639 175
679 156
961 244
361 883
802 265
359 883
839 462
718 485
280 272
252 204
280 984
102 409
615 398
296 909
481 370
956 882
230 214
259 766
922 35
706 421
272 271
156 370
552 848
485 50
536 976
70 270
902 796
452 963
35 379
947 991
378 551
57 897
352 307
669 421
702 74
141 388
458 559
463 980
756 615
887 681
332 231
528 207
656 818
254 331
787 979
495 445
370 348
10 724
200 401
327 646
17 668
374 242
755 302
980 861
376 830
8 77
32 441
460 589
804 990
23 189
869 868
943 996
715 363
628 237
73 420
199 565
38 214
209 333
327 726
912 175
799 58
372 625
976 66
120 169
667 475
188 204
28 90
704 496
649 1
746 474
697 449
712 252
289 332
625 287
953 189
462 889
302 63
79 378
41 206
823 897
908 230
665 382
36 575
732 60
809 529
66 477
291 290
591 89
583 961
252 461
479 702
530 532
224 680
788 53
309 642
366 1000
352 891
402 822
545 152
113 324
967 633
454 267
723 381
14 272
20 506
308 419
644 461
713 526
482 978
336 468
289 729
496 795
326 581
530 383
167 226
522 421
830 386
91 273
116 484
747 676
395 107
958 229
756 902
262 962
703 105
511 84
481 991
449 701
888 689
599 655
306 600
492 538
803 499
445 881
316 981
889 473
785 383
765 679
491 573
589 589
124 480
741 145
898 624
725 923
682 915
131 232
398 974
906 735
753 678
312 640
790 644
301 212
945 123
447 253
197 943
27 18
573 916
589 327
934 640
209 615
529 470
899 655
15 288
592 401
92 840
575 633
814 707
354 424
127 682
374 194
566 855
594 190
973 728
645 178
603 275
712 88
32 367
298 544
561 738
906 963
626 460
143 266
504 727
836 33
361 442
431 628
554 384
24 244
416 482
735 765
243 446
454 247
932 913
494 560
648 528
357 594
596 935
788 462
536 621
759 660
200 564
566 302
741 936
217 592
219 724
832 118
819 299
487 251
473 129
241 96
64 167
516 169
857 381
218 976
490 767
504 837
707 407
342 203
475 387
175 735
786 706
171 335
232 40
888 821
866 131
976 159
253 978
619 53
642 849
460 478
218 19
218 230
667 453
949 336
89 931
488 588
568 449
526 566
9236 936
5768 867
7486 771
9963 473
5511 997
9696 999
8351 499
9046 507
7333 250
9322 883
5689 564
5416 732
9213 217
9416 649
8858 276
9941 206
9450 227
7326 67
5657 434
7457 38
8128 24
9052 108
6335 626
6554 220
7994 591
6667 409
8491 918
6328 730
5386 683
9119 378
9673 759
5734 909
9566 43
9275 673
9522 610
6521 948
7901 281
7079 399
9699 646
6321 122
5185 902
8660 689
9994 109
6930 36
5453 943
7660 659
6211 505
6559 800
6672 522
5248 838
9417 212
6859 636
8753 49
8761 699
7624 3
5658 306
7323 705
5930 774
8711 657
6365 497
9490 529
6364 64
9884 183
7791 18
9322 282
9503 689
9022 278
9225 888
8990 43
7425 791
8787 696
9089 681
5914 654
7024 190
9282 522
5629 459
8828 466
9407 515
6220 977
7990 903
5224 405
9969 595
6927 406
6757 180
6570 216
5969 840
6683 219
7331 745
5340 924
9066 708
7452 233
5522 40
9861 865
5122 893
5932 742
7408 959
6003 734
8416 856
9999 774
8983 534
6403 165
5267 743
9368 139
8789 97
5315 127
7367 970
8117 710
6657 157
9448 425
5524 605
8464 530
7672 532
7222 320
6990 246
6558 703
7252 127
9260 562
5817 477
7056 659
5956 808
8617 784
5689 867
6877 577
7252 121
9138 668
7203 724
9894 614
8917 456
9799 979
9550 577
6713 614
5754 365
7974 167
6062 242
8437 821
7536 260
6696 402
9990 254
5126 197
6356 323
5184 750
9351 585
9641 860
9386 46
7550 90
7553 159
8208 322
6686 524
7668 724
8464 227
7326 515
8017 515
5360 555
9413 274
5511 887
8852 512
8133 992
7955 567
9522 304
5922 958
7374 607
9871 400
6993 359
5830 900
8635 838
9539 118
8498 116
5920 7
8451 594
7497 22
6235 421
6565 90
8099 560
9397 903
9410 759
9768 482
8588 255
9388 139
7037 456
8535 510
6407 665
8668 819
8832 28
7128 332
5808 50
5257 509
7946 92
9348 536
5020 967
8067 895
7741 491
9227 38
9889 432
7959 276
6250 584
9538 521
5331 983
7472 951
8802 944
5961 670
7992 960
8394 143
7250 66
7646 786
5147 435
8335 435
7790 959
7972 912
7149 551
5075 597
5897 943
8382 505
9471 848
6812 710
5873 334
7507 518
7573 989
5095 996
6284 624
9052 688
6403 776
5572 493
7824 752
9564 127
8859 800
7991 346
8130 560
8423 64
8739 886
7670 612
6178 478
7754 140
8617 720
9567 236
6109 821
7521 463
5909 374
9261 875
9921 898
8242 982
7239 772
7914 575
6054 356
7618 896
8448 528
5662 601
6541 106
5744 910
6162 723
7295 56
8901 590
7731 887
9606 264
5232 16
7715 23
8341 538
6104 586
8309 172
7317 339
8049 734
9028 963
9353 303
8186 730
8138 567
6742 390
8711 953
6460 889
9742 12
5974 584
9021 932
7573 778
6119 157
8579 206
6441 78
9236 175
5600 826
9979 212
5921 74
5825 110
9080 953
7680 718
6748 877
5356 404
7589 697
9981 868
6375 161
7302 922
8086 988
6274 691
8800 475
8267 436
9512 486
8866 254
5406 322
7268 744
5151 430
7166 310
6279 698
5526 301
9359 323
6191 976
5921 293
7795 912
7973 379
6381 467
7167 56
9032 282
9607 383
8780 449
7830 463
9825 274
9736 720
7155 709
8661 697
7292 324
6206 485
9254 488
6926 343
9860 496
9820 660
7568 513
7094 323
5766 637
6353 446
7972 680
8424 692
5508 988
5549 838
6284 488
8414 794
8417 900
6041 377
7947 440
9135 194
8831 711
6238 305
8409 640
6083 593
8528 20
7394 760
5396 830
9926 751
9533 655
6536 204
9875 838
8941 744
6124 737
6907 427
7737 758
6106 671
7271 921
5759 594
8828 978
6607 767
9147 381
7863 132
7634 449
5895 196
9691 218
7347 340
6026 973
8238 983
6616 952
5442 389
5662 780
7106 456
7847 440
5132 879
9682 61
7487 506
6876 527
6277 314
6921 874
6526 342
7191 611
5596 581
9830 271
9946 95
8965 376
9617 446
5431 757
9630 741
9490 891
9793 510
5266 141
5300 870
9161 456
5652 233
5442 709
6801 153
9427 327
9125 506
7723 338
8766 125
6142 321
8745 532
7744 683
8505 778
9018 591
8987 636
7012 280
7811 537
7233 366
6279 497
7701 78
5489 542
9687 822
9368 552
9712 198
6438 930
9736 306
6370 785
6838 60
8263 948
9414 511
8493 629
5957 326
7533 892
7987 141
6088 928
5165 118
9621 6
5323 124
7039 247
8403 647
7677 681
5546 192
6875 954
6966 553
6649 475
6993 286
7377 265
9179 78
7113 310
8417 231
8432 273
7731 187
5112 22
9758 283
8307 847
5707 747
5853 1000
5232 60
6604 895
5744 994
9589 107
8659 336
7055 920
5323 711
9415 828
6285 485
6942 525
7250 128
7797 260
6504 261
7364 455
5277 839
9684 499
5123 479
9542 881
9567 208
5794 381
5680 630
8651 220
5341 470
6851 785
8120 282
7819 225
5534 250
9553 291
7681 146
8463 73
5250 115
6425 771
9013 826
6350 658
8804 757
5228 437
7661 470
5651 805
8425 851
8162 818
6549 133
9499 22
5928 60
7339 622
8742 251
6800 303
7738 745
6077 774
5811 789
5722 89
7102 397
5905 690
9265 791
9068 981
9223 60
9264 587
7563 369
7980 881
8539 854
8186 219
6488 524
7872 309
5979 730
6580 239
5402 899
7549 582
7660 901
9615 780
6654 324
7079 141
5102 345
7618 217
6488 945
5655 564
6619 57
7892 742
7044 91
9532 715
9288 885
5373 739
9178 462
5380 693
9400 20
5198 647
9251 446
5314 356
5662 28
7693 946
5647 513
9137 235
5828 709
9228 200
9043 473
8601 814
9814 649
7206 110
9008 482
8168 67
5509 283
7736 696
6585 479
7577 430
8963 115
9147 33
8132 425
7630 914
9403 355
6970 897
7196 868
7640 405
6311 762
7264 670
5698 931
9838 422
6856 831
7764 688
9118 864
8093 634
6305 457
8294 205
5699 561
9401 531
8433 569
6400 294
8695 914
9241 855
9246 10
7968 71
8277 627
5778 18
7652 245
7258 971
7327 371
6213 125
8857 714
8374 783
9765 57
6056 162
6978 365
6492 637
6689 639
9564 988
5097 850
5041 954
7041 371
8459 934
7270 107
5476 115
8510 810
5333 727
9463 637
9087 691
5636 544
7451 227
6956 797
5210 673
5844 967
6215 817
6221 674
7441 189
8462 708
6448 411
9115 984
6736 68
9739 815
7601 69
6430 308
8377 85
7528 423
9640 989
9021 685
8755 949
6087 799
6533 681
5634 25
7415 811
6153 703
9159 547
7732 309
8803 433
6782 447
8680 204
5869 440
6591 484
9826 331
9030 454
9967 267
5673 671
5668 932
6967 216
6782 26
5136 671
5148 928
7744 642
5877 397
5156 143
8095 257
8708 314
5516 747
5972 369
5582 133
8431 26
5252 17
8770 19
8080 710
5065 391
9887 3
8367 943
6226 848
5136 491
5318 262
7489 588
8294 186
8495 360
7704 93
6867 994
9261 538
8347 308
5474 53
8011 590
6743 603
8515 339
9036 849
8722 419
8468 984
9967 800
7633 497
9405 628
5317 582
9512 388
9784 263
8342 795
7297 533
9803 795
5619 400
8653 454
9724 231
9498 702
5381 9
8638 637
6901 350
7831 517
7580 489
6955 552
7844 952
5719 273
8515 557
9645 475
5820 877
5457 368
5272 560
6631 789
9643 970
9411 984
5576 135
8439 293
9173 496
6371 777
5675 13
5292 389
8266 941
7664 973
5893 525
8898 935
8587 321
9283 748
8946 651
9994 356
7870 421
9065 941
8633 735
5869 144
7190 266
6625 482
8139 40
9102 959
5300 144
6591 117
5855 397
6691 42
7506 675
6182 554
7374 473
8975 980
5434 98
5340 230
7620 161
6628 558
8954 600
7960 568
7923 400
7771 425
8028 471
8313 478
9342 245
8350 397
6901 869
8765 951
5326 216
5439 89
9959 232
8731 768
6699 173
5217 28
8185 126
7685 760
7106 478
9659 168
6732 536
9155 66
7771 749
7884 786
9319 556
7632 417
9920 327
9173 375
8425 542
8977 835
5383 450
6462 233
9251 477
8506 872
9843 38
9801 671
9404 178
6675 222
5092 963
5737 224
5116 972
8100 817
8264 22
8601 484
5620 97
9491 507
8438 797
6157 941
6551 781
7105 313
9805 243
6050 306
8201 278
6907 986
6156 448
7775 211
7149 29
8136 156
5599 829
5536 284
6093 535
7673 755
5882 959
5575 850
9817 405
8977 146
7427 956
7807 233
6930 930
5814 389
5469 150
9355 779
8405 223
8616 907
8007 951
6248 96
6762 995
5657 849
7609 403
8565 805
8372 540
6942 959
5204 81
8850 113
9901 194
8253 293
6290 703
5099 797
6346 828
8617 294
5393 785
7619 453
5703 236
5483 452
7974 164
9694 559
8470 788
6081 470
5394 535
5397 314
8364 498
5380 489
6324 330
8604 76
6304 566
9060 290
9332 371
5188 657
8664 2
6572 189
6912 266
9367 679
6128 486
5089 54
5246 788
8319 46
6066 631
6707 800
7976 665
7872 558
7066 771
9888 829
8180 422
8288 892
6304 47
6432 460
7483 590
9093 226
6359 794
6720 564
5332 503
5923 172
7765 57
5355 502
9468 595
8898 821
7825 530
5126 666
5806 554
6649 125
8573 620
9411 590
5582 818
6967 919
9284 721
9155 265
9995 85
8696 400
6458 274
5897 748
9323 650
8962 626
5653 380
5639 51
9546 975
7833 773
5213 750
7740 155
6279 367
7581 303
7928 924
5771 808
6749 320
9110 517
7080 252
9449 926
6275 411
8660 832
6179 23
8835 4
7155 106
7022 103
9288 169
8398 306
8058 169
7264 265
7800 333
8468 735
8848 102
7593 409
8992 336
7766 913
5391 49
5351 727
9914 645
8512 219
5229 801
6927 537
8819 1
9328 567
7960 280
7560 392
9274 422
7189 830
6037 849
5140 896
7732 32
7876 301
5411 392
7387 391
8071 413
9567 795
9139 741
5664 393
8222 167
9442 442
6007 514
5328 492
5477 499
5979 977
5062 517
5195 247
5117 980
7438 672
6423 834
8926 426
5867 575
8386 778
5152 679
5943 859
8617 121
9274 99
6743 169
5754 669
8221 690
5542 782
6119 219
9219 636
9274 722
9191 810
7742 734
5982 372
5348 245
8296 992
8536 902
8722 605
8539 940
7447 811
7176 573
5234 111
8070 60
8076 483
6001 614
5242 100
7363 984
6601 102
9728 266
5990 239
9575 619
9877 509
5532 897
7830 151
6220 325
9894 347
7397 400
9811 880
6205 678
8365 340
5984 924
9909 168
8448 271
9145 848
6052 614
5215 481
6340 766
9869 254
8374 384
9130 753
5080 56
7409 754
