
2000 10011
94 485
506 326
416 248
992 421
649 322
237 795
457 43
815 845
446 955
422 252
791 9
359 901
667 122
598 94
7 738
544 574
334 715
766 882
994 367
893 984
633 299
131 433
428 682
700 72
617 874
874 138
720 856
419 145
794 995
196 529
997 199
116 277
908 97
539 719
707 242
569 107
537 122
931 70
726 98
487 600
772 645
513 267
81 972
943 895
58 213
303 748
764 487
536 923
724 29
789 674
479 540
142 554
339 467
641 46
196 710
494 553
66 191
824 724
208 730
711 988
800 90
314 340
289 549
401 196
466 865
689 678
833 570
225 936
244 722
849 651
113 123
379 431
361 508
65 585
486 853
686 642
286 992
889 725
24 286
491 812
891 859
90 663
181 88
214 179
17 187
472 619
418 261
419 846
356 192
682 261
306 514
201 886
385 530
952 849
500 294
194 799
737 391
324 330
992 298
224 790
260 275
97 826
210 72
649 866
919 951
63 748
958 685
804 956
518 564
428 183
537 400
346 721
153 207
971 323
662 611
197 116
91 109
529 795
126 343
747 862
469 685
770 10
934 881
723 984
895 403
568 360
172 449
958 541
383 272
308 877
970 359
583 707
48 308
930 770
569 30
3 208
20 311
609 100
887 939
825 422
930 785
904 370
241 989
379 969
376 143
962 972
889 28
443 61
216 638
338 348
160 347
406 66
159 391
31 638
204 295
420 826
153 196
425 449
331 855
565 143
838 487
9 140
918 564
533 615
232 135
957 564
591 360
576 793
746 163
377 859
858 760
86 711
434 662
558 159
279 660
840 268
735 948
574 315
126 676
912 341
739 689
821 894
625 706
917 490
201 478
993 671
149 932
52 899
759 237
267 187
256 472
783 772
117 98
516 906
180 911
25 635
380 225
712 823
266 164
216 343
448 732
541 502
664 740
954 576
726 612
772 902
531 454
943 411
750 973
327 703
917 850
5 77
113 220
913 802
791 403
998 181
859 10
345 525
431 919
675 668
833 527
438 462
523 291
916 605
420 457
115 405
660 417
261 279
772 685
388 596
764 307
843 224
206 322
407 840
639 975
852 401
542 91
60 327
757 330
82 182
637 603
93 793
614 615
136 733
187 864
102 16
972 863
163 987
501 306
477 34
492 840
121 700
80 706
138 787
660 105
229 834
827 798
448 310
230 609
832 690
489 561
586 579
291 60
665 388
660 309
702 407
153 200
606 313
123 970
253 33
709 273
832 277
108 997
888 40
481 227
283 860
858 940
284 608
711 990
850 590
239 806
943 52
195 801
95 764
410 710
664 386
900 593
112 50
963 494
754 156
458 936
19 965
225 86
569 723
97 184
194 868
754 340
602 412
61 487
695 209
347 346
719 860
100 307
97 95
843 821
745 941
286 821
492 587
116 201
531 665
424 527
253 812
426 424
413 459
980 343
291 836
833 506
486 179
9 916
575 430
922 596
145 808
897 269
404 512
742 811
728 685
269 567
103 776
745 855
35 718
779 853
71 97
80 146
842 746
128 15
941 965
227 512
30 480
342 958
605 665
531 191
364 964
359 515
867 606
820 822
313 536
207 693
911 19
308 335
430 101
685 922
641 294
113 910
141 410
690 250
700 546
559 729
481 609
503 720
766 976
7 759
882 798
859 74
182 648
425 299
542 785
683 846
853 390
938 897
89 416
624 837
181 247
878 293
933 144
580 938
252 467
207 480
658 955
20 665
954 26
347 564
759 449
446 26
14 521
657 301
710 321
980 613
188 388
636 879
203 990
432 188
129 963
630 820
509 300
237 822
373 255
838 277
395 153
692 400
103 227
218 518
384 447
931 315
396 813
389 324
640 502
287 299
297 780
977 376
512 516
219 212
555 329
398 810
289 486
798 485
598 416
49 952
572 894
697 358
770 21
725 647
542 44
214 683
887 361
45 814
94 231
282 8
82 165
319 496
626 699
146 852
541 459
874 535
725 314
777 944
554 306
208 459
787 637
976 447
912 408
444 107
3 962
301 565
164 407
437 857
652 317
764 98
41 818
737 600
176 288
136 902
128 567
394 190
235 749
42 908
824 276
684 748
979 592
568 393
367 363
52 163
642 983
335 179
126 16
130 478
583 259
129 868
752 295
167 596
856 71
640 622
770 864
431 644
195 5
448 365
701 429
952 64
880 854
168 770
79 88
961 157
472 368
217 421
709 719
147 271
296 975
909 816
764 962
251 535
878 438
753 696
570 881
253 318
666 45
931 52
433 496
810 313
678 138
123 334
212 988
66 508
206 770
750 751
64 780
466 441
337 207
510 516
796 674
175 408
437 920
938 573
848 634
561 878
718 990
948 826
649 696
569 800
663 411
582 422
843 707
202 334
702 986
579 494
725 150
803 562
340 380
156 832
832 979
602 376
234 511
688 414
184 160
978 982
413 238
633 490
585 899
606 251
963 526
350 897
242 39
539 657
739 452
267 538
165 831
177 460
720 185
802 934
644 440
82 490
798 168
197 71
173 977
81 458
235 204
112 803
103 139
268 399
879 420
643 991
106 578
122 972
444 177
262 398
691 348
997 496
446 276
171 825
549 614
281 121
211 730
112 341
408 284
730 698
363 17
89 546
605 672
938 974
168 866
705 377
47 559
400 340
215 527
114 779
51 761
881 483
549 92
679 390
328 583
250 661
203 391
481 336
752 661
707 125
82 89
63 275
660 359
21 178
287 780
219 42
500 5
820 380
95 772
44 816
748 9
678 484
276 545
478 589
663 157
594 901
757 777
947 74
448 247
570 55
313 479
981 785
795 958
552 680
389 393
280 944
864 596
636 619
512 611
892 852
184 283
947 299
614 766
625 312
149 826
377 726
474 733
18 805
662 679
416 403
1 964
530 337
752 541
22 478
981 369
777 946
957 821
275 833
584 837
582 490
121 37
951 594
668 129
118 258
319 246
896 362
521 755
948 504
248 71
474 177
351 176
54 803
155 237
660 677
871 33
486 115
294 597
425 769
245 536
382 956
371 341
708 184
544 234
794 569
387 216
738 537
520 84
281 810
502 657
91 33
503 159
924 520
16 668
33 287
344 229
349 374
606 474
896 672
595 915
441 511
102 123
52 569
654 199
710 396
434 715
245 59
36 610
661 917
413 927
13 270
370 117
400 516
195 215
984 216
476 237
164 615
405 499
674 477
196 760
608 285
907 56
532 966
51 622
716 221
327 194
880 91
710 347
267 252
400 473
376 516
609 385
320 357
196 958
538 665
935 792
404 64
100 420
126 671
855 968
94 877
731 177
253 523
8 139
393 152
543 732
348 246
318 565
489 740
22 902
998 17
49 973
381 298
10 611
429 32
221 11
150 337
717 136
530 889
332 522
942 805
565 28
216 931
61 757
170 609
872 544
644 905
208 595
680 246
697 113
639 175
679 156
961 244
361 883
802 265
359 883
839 462
718 485
280 272
252 204
280 984
102 409
615 398
296 909
481 370
956 882
230 214
259 766
922 35
706 421
272 271
156 370
552 848
485 50
536 976
70 270
902 796
452 963
35 379
947 991
378 551
57 897
352 307
669 421
702 74
141 388
458 559
463 980
756 615
887 681
332 231
528 207
656 818
254 331
787 979
495 445
370 348
10 724
200 401
327 646
17 668
374 242
755 302
980 861
376 830
8 77
32 441
460 589
804 990
23 189
869 868
943 996
715 363
628 237
73 420
199 565
38 214
209 333
327 726
912 175
799 58
372 625
976 66
120 169
667 475
188 204
28 90
704 496
649 1
746 474
697 449
712 252
289 332
625 287
953 189
462 889
302 63
79 378
41 206
823 897
908 230
665 382
36 575
732 60
809 529
66 477
291 290
591 89
583 961
252 461
479 702
530 532
224 680
788 53
309 642
366 1000
352 891
402 822
545 152
113 324
967 633
454 267
723 381
14 272
20 506
308 419
644 461
713 526
482 978
336 468
289 729
496 795
326 581
530 383
167 226
522 421
830 386
91 273
116 484
747 676
395 107
958 229
756 902
262 962
703 105
511 84
481 991
449 701
888 689
599 655
306 600
492 538
803 499
445 881
316 981
889 473
785 383
765 679
491 573
589 589
124 480
741 145
898 624
725 923
682 915
131 232
398 974
906 735
753 678
312 640
790 644
301 212
945 123
447 253
197 943
27 18
573 916
589 327
934 640
209 615
529 470
899 655
15 288
592 401
92 840
575 633
814 707
354 424
127 682
374 194
566 855
594 190
973 728
645 178
603 275
712 88
32 367
298 544
561 738
906 963
626 460
143 266
504 727
836 33
361 442
431 628
554 384
24 244
416 482
735 765
243 446
454 247
932 913
494 560
648 528
357 594
596 935
788 462
536 621
759 660
200 564
566 302
741 936
217 592
219 724
832 118
819 299
487 251
473 129
241 96
64 167
516 169
857 381
218 976
490 767
504 837
707 407
342 203
475 387
175 735
786 706
171 335
232 40
888 821
866 131
976 159
253 978
619 53
642 849
460 478
218 19
218 230
667 453
949 336
89 931
488 588
568 449
526 566
860 272
4 883
772 731
734 80
259 213
270 177
6 872
424 626
204 940
313 150
159 379
205 833
25 517
951 724
721 973
635 581
293 839
712 272
410 412
465 839
366 492
74 553
23 718
416 738
764 839
49 390
817 588
507 523
152 630
256 770
562 746
495 49
414 369
78 537
912 115
59 215
259 971
258 602
841 551
137 40
590 494
383 252
869 158
939 72
282 177
880 667
479 483
454 815
730 19
556 745
195 339
409 614
580 302
99 319
913 670
798 513
318 566
790 27
344 322
80 645
468 210
922 841
179 925
347 521
231 975
597 269
607 929
903 478
310 970
223 684
10 231
845 673
905 348
58 232
93 727
759 597
912 397
906 539
43 907
76 892
552 699
670 408
671 361
353 789
837 529
12 190
889 880
912 236
377 715
56 718
585 439
852 814
715 902
421 658
330 410
51 412
840 90
697 678
848 951
826 37
198 593
341 737
274 211
740 134
339 847
875 490
400 95
603 435
474 737
126 860
973 310
973 548
581 984
788 660
629 86
799 635
475 941
959 56
80 372
917 650
91 964
783 735
773 682
712 151
655 283
953 773
279 643
701 898
706 817
147 269
355 731
100 507
498 841
261 207
591 752
630 318
374 126
960 153
917 101
406 560
759 743
618 816
981 980
641 1
131 82
920 886
534 377
453 465
397 753
51 842
301 547
197 580
910 754
211 37
851 548
42 896
919 656
30 537
674 78
979 540
764 597
937 314
656 845
590 361
337 930
997 654
643 841
652 810
632 98
827 814
659 898
56 237
97 236
304 397
771 468
680 160
344 168
561 189
632 123
666 783
235 991
71 775
327 565
824 906
1 604
948 233
851 693
780 209
603 279
380 231
84 675
684 370
757 814
605 276
304 238
358 710
294 931
742 879
37 492
4 81
707 347
131 417
660 582
89 801
455 195
303 403
680 247
970 356
934 627
951 858
404 803
446 236
349 572
93 485
672 586
158 748
772 235
891 859
532 788
621 345
347 861
227 342
555 779
16 595
303 963
941 260
833 366
190 835
622 733
345 834
893 442
192 773
430 880
160 873
767 793
170 173
810 402
318 60
690 628
224 19
52 146
411 685
203 138
785 593
219 202
61 500
919 89
191 433
711 63
294 514
937 865
253 393
103 269
316 111
625 614
639 272
641 973
139 609
45 236
316 496
218 24
293 871
747 227
879 420
633 850
10 127
356 170
665 224
536 722
823 189
603 597
392 286
258 22
771 957
820 536
139 221
566 281
229 238
325 531
804 449
786 735
983 670
847 646
388 272
632 605
253 394
405 508
137 537
283 955
678 477
659 969
706 692
786 963
313 829
143 638
713 206
244 185
489 187
844 129
896 300
602 114
210 305
930 199
692 916
457 839
241 899
950 452
229 185
212 561
222 848
32 191
747 830
869 860
245 873
575 649
818 591
204 974
584 974
822 452
198 397
942 350
942 597
899 13
375 392
327 343
479 756
66 387
950 924
464 188
286 68
573 552
294 166
137 435
557 14
423 797
427 254
95 300
715 431
403 367
453 197
735 233
1 149
145 62
782 38
848 69
456 425
490 810
679 878
461 503
844 308
70 798
599 437
888 798
395 36
733 583
795 412
368 195
94 878
114 388
46 438
795 532
583 3
321 268
714 417
332 277
257 229
906 445
301 380
277 974
651 248
218 433
109 1000
558 874
388 939
121 760
372 473
228 811
208 766
326 306
572 556
50 521
753 364
77 460
266 136
227 458
502 784
337 648
31 783
629 960
215 137
353 591
274 875
343 440
758 263
838 40
478 835
595 943
255 749
331 263
362 597
84 5
16 999
459 161
220 35
16 891
865 459
719 996
292 592
175 54
461 985
301 401
759 298
715 459
207 77
129 611
681 159
261 467
893 737
399 895
377 49
189 382
360 285
14 388
728 972
314 265
225 729
534 810
914 973
94 818
549 295
674 532
434 58
211 736
986 187
863 896
802 998
279 997
31 476
810 259
968 475
187 494
791 130
190 151
410 639
592 855
886 480
875 478
763 386
352 672
58 361
815 894
562 460
571 148
322 660
465 628
418 329
198 975
554 1
656 507
108 750
453 109
909 915
576 700
646 75
114 896
313 229
692 85
759 144
643 536
462 919
860 516
904 473
959 25
663 25
209 611
564 44
233 722
478 980
716 563
616 672
107 914
979 541
466 882
971 142
76 259
886 35
498 543
150 689
442 721
136 142
36 530
37 503
344 450
550 248
355 599
980 919
473 636
957 181
324 873
859 154
570 427
294 604
260 313
674 363
339 594
259 813
382 829
660 49
430 791
760 554
682 499
664 226
358 345
114 432
142 758
19 64
753 843
163 637
121 941
94 965
398 448
587 857
98 968
142 351
303 758
968 351
533 980
982 662
568 357
519 914
277 548
622 723
517 23
720 170
635 351
55 113
263 783
285 766
189 527
628 206
7 644
290 258
655 861
387 728
641 69
742 128
741 392
793 145
802 51
897 112
262 253
193 340
882 932
131 817
482 965
573 480
443 724
203 839
965 500
75 746
807 811
805 373
513 605
472 252
797 172
690 394
295 177
784 98
532 377
155 486
110 855
884 290
173 130
78 355
714 842
633 233
477 101
119 686
718 736
15 930
472 700
328 69
793 607
199 879
999 916
177 960
525 408
948 679
498 138
495 185
890 782
906 49
334 453
385 630
399 429
338 853
520 545
829 651
481 765
99 159
680 1000
87 179
802 717
890 885
839 32
339 838
883 186
67 470
544 185
357 921
457 376
444 986
642 934
152 171
59 645
616 46
59 681
987 43
353 234
530 103
958 496
613 389
838 931
85 579
86 132
569 908
479 772
683 677
400 343
370 703
882 139
146 344
116 387
760 909
407 539
447 304
388 655
41 378
658 92
119 862
28 411
457 362
198 397
17 290
432 152
321 611
427 173
205 137
344 946
563 365
304 475
47 982
694 920
91 802
961 66
644 778
109 744
959 464
969 313
42 341
108 685
648 331
49 85
228 676
929 91
527 534
967 166
316 51
582 966
840 841
575 625
503 114
911 16
305 113
989 826
836 506
369 738
587 564
232 455
452 735
900 264
952 548
81 738
995 853
562 575
739 569
705 365
5 620
557 264
490 193
294 21
361 373
900 84
47 250
205 288
145 132
846 151
658 419
849 521
680 974
148 655
96 648
210 737
690 298
19 187
831 981
679 965
726 954
528 166
15 248
564 636
847 560
721 563
9 24
700 896
446 803
858 16
699 274
271 714
977 449
533 229
154 280
756 423
871 868
912 124
727 970
968 231
569 935
163 808
618 23
685 210
650 88
807 151
393 770
276 555
304 613
911 866
233 223
42 303
400 305
162 306
51 900
734 964
933 397
366 898
16 59
177 628
360 225
742 537
725 612
868 633
489 314
501 478
632 981
365 904
196 819
496 108
744 179
145 152
501 598
880 349
248 80
683 762
500 314
389 513
620 205
91 584
721 652
859 894
665 198
416 143
481 671
320 302
865 611
126 631
757 526
963 526
781 403
240 231
330 830
518 283
824 864
935 755
51 159
309 220
18 447
863 800
1 833
749 805
658 791
577 412
579 857
509 408
154 895
923 360
397 827
687 971
959 961
617 519
637 335
623 238
174 883
775 222
608 886
306 708
1000 475
957 876
641 123
472 127
726 384
305 745
714 284
643 429
708 685
631 512
489 503
829 599
746 983
732 462
732 992
669 270
422 491
54 282
900 831
682 167
666 115
957 661
109 564
454 934
964 608
933 513
140 53
195 659
24 646
657 164
231 763
169 825
128 949
537 355
264 811
46 164
4 851
900 289
802 392
68 224
450 460
126 903
58 347
398 638
486 101
451 587
335 797
162 881
106 210
745 243
969 969
432 298
159 253
634 593
565 453
16 657
610 72
503 222
511 319
752 61
55 694
469 384
829 801
692 136
177 536
211 958
499 647
115 526
984 28
818 904
233 509
424 884
976 565
371 601
406 323
334 522
784 192
676 103
168 451
427 867
432 602
531 783
337 311
677 994
537 172
1000 51
379 389
103 237
785 721
943 597
412 492
572 331
828 380
771 259
939 726
594 55
19 501
500 459
376 790
689 4
776 634
474 117
575 601
953 808
143 544
510 542
221 590
615 827
599 817
567 617
545 32
727 879
558 692
307 685
564 88
331 911
568 546
881 580
649 997
746 937
393 988
237 351
517 661
521 630
213 360
820 908
199 203
813 479
14 251
803 162
448 905
207 167
86 862
123 369
220 181
158 765
944 251
424 909
311 645
399 568
59 847
253 538
233 540
312 99
790 423
849 246
202 165
552 544
653 52
788 131
893 372
113 471
498 625
442 684
929 378
86 534
12 73
318 540
258 671
524 127
579 412
424 972
468 823
364 663
81 784
399 588
896 496
151 170
626 153
367 199
837 152
640 258
124 283
572 289
408 608
358 463
895 180
884 329
523 221
438 294
278 125
25 625
729 427
996 796
956 151
188 867
519 122
35 370
311 840
195 115
829 875
784 912
904 85
99 969
443 714
6151 465
8096 411
8980 970
7882 958
9679 477
6697 473
5670 539
9116 164
9601 855
6135 496
7345 236
8784 564
6446 902
6831 507
6935 824
5680 920
5318 655
5683 147
6997 97
6866 612
8711 232
6181 679
5296 522
7940 746
9778 86
7450 157
7837 845
6960 566
9926 938
7924 737
5836 687
9978 439
5764 152
8788 840
8632 132
8657 720
6343 691
8535 612
9452 569
5251 3
8190 944
6948 168
9845 241
7840 653
5083 676
5333 98
6663 994
5383 224
9647 184
5978 247
5117 351
6063 160
8731 957
8625 801
5229 469
7049 181
7338 60
8854 876
5944 421
9535 654
6503 490
5487 819
6954 524
7562 577
8890 328
9529 259
7277 624
7609 729
6118 85
6703 813
9778 480
7007 951
5435 550
7515 652
9012 662
5988 500
7480 678
8343 357
5988 560
5116 349
7218 767
5615 389
9789 46
6857 283
6141 241
9036 694
6044 820
9772 589
5658 432
6077 186
5050 531
7241 258
6849 703
8839 139
6174 120
8871 164
7122 741
9539 315
7800 750
7156 476
9571 573
8199 498
8279 37
8494 567
6307 226
7438 945
5501 524
6312 778
8992 401
5810 543
8403 113
6602 463
9196 656
6363 41
9647 244
5302 19
7912 846
6245 241
9463 632
7409 986
9184 58
7830 674
7443 686
5741 491
5626 475
9205 233
9193 914
6951 482
6398 649
6742 683
6398 236
9191 769
5103 241
6915 438
5160 379
6271 139
9432 695
6500 485
7917 363
9330 756
6799 581
8369 400
6451 318
6386 276
5118 73
9972 702
7000 253
9369 900
6461 261
9241 377
5281 917
8736 793
9451 202
6737 798
6830 929
9693 236
5540 394
7598 758
6157 174
9155 379
8379 924
5977 171
6676 337
9680 78
9046 72
7077 685
8924 586
7122 55
8663 967
5549 363
5336 965
5696 272
8850 148
9641 839
8133 448
6693 275
9598 551
6950 603
8710 279
6714 738
8195 945
9354 131
7256 638
6211 857
7235 665
9391 321
6078 91
7741 567
7774 289
6976 936
5038 420
6079 967
7811 817
7981 270
8101 341
6503 535
9123 345
9167 736
6948 784
7162 91
6551 922
7757 631
7622 626
7563 714
5089 517
5021 67
9059 97
6061 260
7257 989
6216 165
9511 811
6219 881
5169 283
8807 321
9174 772
6796 145
9120 925
8176 415
9152 648
7315 637
9072 321
7384 637
6592 473
8500 942
7615 112
8109 355
9518 266
6900 17
6734 210
5871 904
5896 669
9537 523
7715 243
9528 761
7918 957
8119 525
7836 974
9501 541
6149 934
5707 319
8738 249
8879 248
7973 485
9852 225
5187 799
5593 496
6593 793
6610 568
9610 263
8449 159
8003 536
7033 738
8186 337
5684 944
9805 593
9879 359
8749 456
8764 222
5323 953
7679 114
7604 976
6198 2
7704 45
7971 225
7857 338
8226 248
7207 80
7361 339
8253 861
8096 978
6691 71
6334 407
5546 829
7306 80
9932 681
8063 900
7007 91
6408 408
5897 923
7717 370
8275 80
8153 729
6554 40
6536 613
7897 711
8480 681
5330 376
8485 983
6731 380
8932 425
7338 23
7806 637
7914 947
7719 182
7926 598
8400 55
7516 368
8942 490
6182 852
6064 266
9562 613
5732 932
7798 713
8674 322
9004 440
5810 380
7578 129
5352 966
7295 561
5734 577
6409 52
5029 670
7934 534
5795 90
6607 597
6610 724
6404 165
5951 924
7665 66
9114 737
8217 374
9092 323
8501 169
5362 784
7472 161
8410 641
7927 652
8795 374
6868 660
5697 39
8307 85
5247 380
5919 922
8053 665
9746 794
9792 467
7319 571
5984 589
9110 824
8207 759
5681 860
7451 902
9619 11
8363 950
8881 438
9395 928
5483 325
6242 653
6827 147
5187 164
9992 301
7889 716
8794 460
6392 735
7195 461
5940 203
5307 493
6075 951
8373 710
6586 687
9940 11
7569 267
6421 934
6099 321
6763 487
8710 862
7882 200
8132 714
7091 958
8146 845
9717 657
5487 172
5475 852
7519 225
5796 31
8465 211
5788 541
9948 856
6030 415
9756 155
7248 697
5852 719
6429 623
5000 912
9022 627
8405 897
7781 326
7160 444
6444 320
6302 321
6977 915
8712 91
7552 707
6627 804
6069 431
8895 644
8142 221
5038 379
6984 157
9520 112
5155 759
6544 814
7336 599
5722 387
6765 825
7809 740
7381 891
9125 844
7621 509
9585 888
8037 324
9515 73
5534 957
9865 608
5577 573
6363 261
9655 404
9888 403
6446 858
7236 807
6235 303
9882 457
8254 756
5821 181
6483 591
6643 880
9522 274
8103 903
9152 415
6163 246
7361 274
8218 701
9022 987
9270 790
9298 725
5924 537
5042 337
8600 851
9361 350
9181 596
5989 166
9470 144
7733 513
7514 479
6962 643
6400 876
9624 847
8818 695
9625 23
7828 331
7367 17
5970 996
6228 344
8193 464
6798 739
5652 533
7982 313
9785 49
7036 841
8892 783
5857 46
7722 686
5850 341
6911 476
9901 570
8038 211
6374 169
8689 504
7547 437
5753 586
7132 877
9054 440
8931 177
6832 242
8412 182
7016 865
8975 420
8371 531
9051 453
7399 172
5063 634
7295 790
5896 153
5198 655
9012 673
5537 830
8921 750
6686 405
5932 532
6012 147
9100 932
5890 956
5296 299
9023 691
8744 664
7263 922
6419 218
6595 709
6132 813
5338 705
8289 253
7165 827
5357 133
5878 148
6473 491
8114 511
7236 967
9811 376
5757 409
6045 432
8718 297
5761 826
8420 120
9835 96
5436 926
7585 872
6698 880
6110 506
5984 751
7930 753
5015 941
8941 639
8896 352
9834 818
5022 335
6180 219
6091 382
5154 438
9509 880
6955 883
7971 660
5244 740
8086 74
7357 187
5254 510
8693 402
7015 784
6764 33
6482 538
6539 964
9519 808
8054 837
8416 829
7588 444
7484 877
5817 593
8561 354
5770 242
9514 345
8987 764
7399 962
7781 746
8474 964
7191 863
8821 14
9427 737
9331 357
7245 683
5481 849
7225 488
6962 604
9270 145
9802 395
9332 989
7589 892
7718 847
7573 527
7549 986
7303 839
6049 933
9532 48
8747 63
8432 374
5940 472
8630 243
9531 484
5918 240
5436 701
8276 624
5868 348
7603 389
7108 460
5940 665
8890 19
5492 256
7737 753
5088 556
7843 818
8349 278
8059 887
5409 829
8983 117
5514 621
5105 789
8105 154
6664 109
8348 663
9545 456
7551 474
5031 475
5622 939
7516 744
6381 547
7838 114
8534 212
5244 757
8259 109
8047 871
6631 156
7547 378
9596 716
7579 243
9117 964
7658 981
8046 383
7247 827
9260 763
9444 494
7589 970
6586 638
7452 648
6873 659
7320 736
7883 947
6014 820
6480 145
5760 303
5979 537
5426 362
5816 856
8209 654
6899 715
6553 45
5531 537
8032 424
9099 564
7826 951
8428 15
5265 406
5466 111
7537 362
6936 804
9483 272
8663 565
8944 432
5361 152
9804 815
7994 362
7078 224
7435 706
9154 237
5763 6
9707 738
5122 974
9956 654
8710 359
8837 86
8072 69
7213 637
5939 209
8248 754
8825 216
7430 328
6212 599
7817 328
5697 273
7842 753
6360 11
7181 308
9005 422
7412 90
7318 210
8833 833
8097 676
9610 287
5984 671
8795 968
7377 924
7949 602
8289 263
5492 706
9292 454
9650 197
6435 924
6015 695
8394 192
7290 265
9274 358
7359 944
6674 826
7093 637
6310 81
9888 276
5455 234
7514 829
9433 517
8963 894
9083 30
6654 234
6535 932
7067 215
8642 151
6631 435
8954 637
5294 560
7005 722
7856 213
5580 682
7552 181
6065 704
7440 473
7332 45
9853 770
5194 58
7350 54
7200 609
5528 862
7068 701
8039 395
9707 46
7511 112
9645 76
7398 418
7781 420
7775 657
8903 349
8821 196
7382 191
9453 992
6631 318
9848 665
5908 825
9744 276
6077 335
8855 225
9136 805
7368 556
6937 978
8159 169
8898 222
9815 961
7836 99
7966 527
8217 611
5703 133
8857 278
6500 437
9573 699
5804 5
7391 329
9581 845
9131 430
6406 334
5415 612
7500 62
6941 327
8476 315
8147 303
9003 388
6542 156
6649 574
5365 19
6208 873
9175 559
7808 400
7264 830
9983 700
8429 231
6124 756
8637 954
5821 217
5317 485
6349 5
8004 698
8183 827
8179 531
9491 402
9328 67
6255 201
5850 223
8756 88
9653 271
8392 401
5465 677
5219 661
8006 468
5103 976
6281 16
6898 153
6228 543
9886 271
8559 515
7249 798
6292 878
6197 537
9205 415
6886 671
6879 980
9292 489
5577 907
8351 462
7456 590
6887 345
5276 401
7866 375
6798 95
8008 309
8785 870
9902 759
7484 821
8472 749
8697 27
8783 205
7320 425
9666 94
8692 910
9979 567
8311 591
6727 486
8146 115
6692 657
8949 994
5566 574
6455 441
7695 920
6586 957
7378 576
8645 679
9204 11
8235 482
5892 566
8945 671
6951 747
8052 68
5384 186
8915 955
5095 138
9280 120
7018 398
9811 255
8943 604
5671 26
8712 872
7879 276
5257 322
8299 897
9259 939
5620 145
9958 129
8222 834
9715 853
8415 125
5808 328
8812 713
8266 833
8449 417
6834 580
9027 940
6771 989
8595 364
7353 78
8283 487
7233 799
5933 197
6317 437
5473 932
7760 705
7007 792
8654 262
5153 948
5243 650
7064 273
7019 504
6018 795
7835 423
7039 957
7013 271
9105 686
7728 274
7983 976
8702 946
5842 254
5690 591
6346 2
8737 912
6963 692
6220 676
6433 324
5136 63
6045 176
5488 16
7199 705
6827 653
7272 230
6949 700
8362 533
8524 678
8121 268
6444 732
5872 784
7489 198
5454 237
8293 605
8437 545
8533 316
5011 389
5077 562
7933 92
7397 684
8426 49
8485 293
6129 626
6461 687
9709 549
9251 152
6188 583
7075 836
6623 50
9764 853
9603 417
6414 991
7687 593
7532 730
9043 80
5962 12
5060 487
6565 510
8426 591
8427 119
7937 617
7715 880
9333 193
8755 760
5343 680
7358 897
8961 674
6141 148
7112 610
5796 557
5996 817
5359 713
5102 387
9392 575
6309 831
6722 58
8803 254
5306 2
9260 442
6172 162
7644 340
5036 505
7254 417
6587 947
9834 412
6111 492
7445 231
7628 766
6753 853
9746 518
7585 955
8604 212
5856 593
5481 595
9616 282
5395 872
5643 573
8579 638
5838 779
6156 831
7650 819
9240 947
9743 893
8778 607
6898 532
8969 569
9547 349
8919 273
9943 662
6608 283
6338 73
5154 439
7866 333
9251 377
7637 495
7314 752
5025 212
9073 557
9506 551
9084 39
7289 552
6216 516
7909 454
5737 541
6090 804
7535 516
6715 880
6323 706
9807 386
9787 127
7437 7
5108 646
6944 896
6516 399
8380 191
8124 319
5971 507
7355 408
9152 887
6080 660
7761 958
5809 311
8274 282
5193 181
5531 212
8020 70
6128 645
7779 481
7949 579
7826 684
6295 452
6519 304
8361 340
5823 669
9725 273
6231 748
5286 327
9740 105
7233 57
8165 129
7990 337
5634 494
7987 671
5943 871
5846 985
9384 299
8705 828
6090 432
6662 886
6930 59
7292 393
6258 409
7746 891
9161 713
8963 541
5384 532
7685 642
6418 128
5163 700
5102 233
9232 533
8848 412
8511 833
9539 929
9432 241
8482 991
6072 386
5073 424
5553 533
8455 38
8957 505
8130 215
6185 664
7245 375
7406 196
8193 403
8967 229
7458 259
5402 519
7658 822
7210 50
7301 548
6590 842
9839 314
5794 855
7280 9
7669 286
6362 60
7354 442
9463 869
9561 280
7614 279
9098 685
9783 617
6982 3
8506 962
8999 275
9562 539
7803 802
9252 830
9153 330
7064 970
6696 795
7863 292
5307 893
7224 365
8844 998
9622 614
8103 9
7915 11
7633 403
6219 488
5636 159
5190 909
8962 82
6828 762
8851 227
6470 843
9855 210
8063 242
9715 55
6675 871
6242 693
8237 984
9620 380
8951 366
5446 486
8713 523
6976 849
6532 549
5526 662
5950 642
7829 841
8565 476
6707 136
7792 758
7046 782
6886 250
7508 45
9817 328
5024 102
6214 837
6149 534
6411 119
7598 22
6454 874
5057 766
8546 907
7487 293
5578 358
8777 817
7855 779
7603 652
7405 511
9603 94
7624 54
6317 180
6448 88
6940 153
5303 277
5757 675
6790 723
8383 762
9218 763
5429 935
5004 528
8797 814
9918 528
8308 195
6169 161
8196 416
7330 644
9090 300
5252 53
9650 469
5031 538
7329 338
8253 230
9157 977
6511 982
8994 484
8282 670
9214 381
6156 98
7554 503
7503 721
9831 693
6368 105
8708 658
7398 48
8710 36
5079 285
7275 177
5348 260
9619 103
7821 533
5246 38
6253 771
9250 1000
9397 685
7962 54
7779 508
6291 134
7492 981
5411 733
5103 391
9442 396
9214 82
5869 885
8398 667
5987 256
8088 675
6138 636
7787 10
8311 226
5549 995
6784 273
8370 974
6777 126
7297 333
5381 14
8451 398
5173 154
5371 456
5143 694
6811 916
6338 818
7683 160
5199 1
5601 359
9097 567
7447 631
5111 795
7094 50
7343 187
9192 910
9831 742
6325 546
5926 652
9536 29
6765 293
7059 710
8789 898
6000 142
7869 658
7320 310
5470 570
5489 714
9935 286
5599 405
8487 273
8239 882
7340 864
8081 182
9840 167
8085 364
6352 326
8267 602
6336 910
9276 540
9062 82
7861 256
5815 908
6719 613
6304 305
8227 63
9014 827
7162 539
5844 902
7698 61
5008 468
6125 353
9097 591
5530 694
7894 697
9008 191
8455 909
9523 723
6560 104
9823 172
5882 536
8113 497
5975 753
9543 900
6720 454
7950 548
6918 289
7118 167
6854 571
9156 854
6107 234
7391 586
5926 289
5498 868
8651 395
6290 678
7622 289
9278 680
6498 643
9834 746
7892 687
7071 21
9737 792
8490 643
5774 724
5237 662
6147 923
5636 895
6680 595
5977 747
7524 707
7526 373
7892 162
9297 595
9353 860
7031 281
5118 151
6805 249
5595 63
7276 369
8449 173
8276 115
7419 265
6202 186
6839 409
6015 486
7854 912
7168 767
7410 542
9757 942
6926 820
5622 316
8561 322
8873 446
6164 44
9849 701
8064 732
5682 787
9668 455
9404 581
9924 484
8204 84
8383 673
5145 113
7333 103
7468 504
8919 436
9586 940
7511 933
9927 885
7285 718
7696 705
9342 632
6194 853
5951 490
6262 433
8387 73
9689 360
9722 490
5621 333
7405 685
7697 947
9820 364
7088 687
5399 253
8569 813
7449 571
8490 749
9299 752
9199 909
7943 49
5669 331
6094 138
8334 812
9414 195
9191 594
6176 132
9475 910
5345 654
8748 676
7919 8
7430 535
6231 549
5407 595
5108 114
9144 876
5386 897
5388 439
8814 485
5912 731
9958 577
5015 207
5957 78
5415 675
6842 264
6254 848
5039 421
6470 376
6994 776
8341 223
9576 297
9692 973
5959 320
6085 788
8834 71
8418 895
8503 505
9821 760
7809 848
9274 662
6360 772
9933 406
5353 524
8981 327
8446 151
9243 235
7702 520
6869 623
9207 159
6825 39
8609 807
6644 113
7433 819
9485 683
7195 402
9425 95
9888 333
6404 404
8172 520
9592 935
8976 491
5651 515
5084 239
8858 874
8557 483
9815 443
7821 375
8995 861
6944 478
7586 952
9038 414
9875 328
5745 456
9460 71
5115 531
9254 328
5195 473
7757 546
8826 481
7134 758
9813 799
9026 324
7977 536
6352 77
8880 46
5080 2
9544 268
7876 915
5854 251
9929 374
6651 302
9702 218
5803 544
5609 340
8535 109
5201 69
6544 600
5870 87
6674 148
8752 317
9063 94
6590 376
8869 849
5630 944
8092 604
6194 570
9019 309
8192 381
7698 127
7365 309
6421 9
8923 510
8993 925
6784 894
8273 146
7941 911
7202 834
6081 292
7123 504
5673 679
6583 910
9913 951
6412 885
8371 474
5553 791
7572 893
7421 743
7825 851
6897 155
7452 178
5827 516
9333 570
8105 417
5888 413
8250 782
6746 654
9901 57
9884 419
5269 776
5977 592
9765 796
6027 182
5680 440
6180 62
8271 767
5698 392
8483 456
9348 619
9954 36
7440 962
6627 219
8418 69
6743 337
7719 569
7145 431
9384 212
7056 506
8000 163
6155 149
5781 421
7167 852
5417 725
8607 190
8214 63
8028 635
7906 535
7018 602
6299 94
5016 887
6555 480
5888 617
6910 121
8396 333
6475 925
6053 551
6834 429
6923 361
5620 948
6188 987
6476 839
9124 615
7568 8
9887 63
9896 560
8896 382
8639 478
7686 98
6021 345
8242 478
8469 591
8582 548
5204 656
6413 377
6710 628
7591 48
5365 478
8442 516
5389 426
6736 70
5389 656
9629 323
8130 988
6108 708
7083 805
9675 831
5693 180
7424 995
5657 475
7923 543
6071 922
5550 337
7501 639
5819 214
7028 593
5470 924
9869 686
9586 591
7186 810
8826 593
7338 953
9280 502
7865 259
9738 556
6900 798
8214 960
5584 844
7835 95
5131 131
8218 730
5876 202
8588 738
8911 468
6384 291
7699 962
9485 348
8788 189
5932 504
8289 733
9737 884
5239 836
5356 405
7727 277
7636 461
7966 959
8301 991
6216 433
9728 121
8322 283
6859 46
6088 463
9445 434
7982 130
8731 429
7774 779
6775 767
7365 550
5087 961
7574 604
7992 229
9681 670
7593 272
8620 261
6457 222
6243 289
8131 726
5146 783
6975 919
7646 175
5307 149
6812 282
8652 348
6387 677
6566 79
5970 608
5965 837
8564 337
7653 704
5453 54
6494 924
5804 745
9506 219
7357 565
7042 877
7740 460
6654 938
7909 493
8419 527
5547 264
9262 111
7845 856
9491 541
5015 890
6692 1000
8683 157
6854 18
9375 331
6727 710
9789 37
9853 791
9377 448
8827 671
9917 547
7190 306
6106 129
6824 145
6625 343
6632 155
7869 891
8317 892
5875 79
7892 945
6318 415
7385 871
8107 47
6415 420
6457 655
9804 32
6483 484
5323 31
6984 428
9445 782
7398 132
8506 463
7144 775
8275 30
7141 82
9376 117
5189 48
8161 816
8617 969
8996 314
7172 9
6271 366
7708 842
7388 517
8031 788
9237 630
9314 71
9662 224
7746 243
9740 949
9882 760
8175 270
9643 137
7720 17
7498 540
7142 987
9755 673
8402 510
6219 903
7786 212
6277 83
6433 669
5453 498
7064 782
5286 972
5867 613
7263 239
9741 11
6780 475
9345 719
5964 171
5362 992
9176 715
7562 672
8169 1000
5359 7
6189 934
5150 183
9493 485
5753 619
8678 270
5862 192
9575 495
7487 438
9888 696
9607 445
7176 210
5589 337
5850 654
6441 715
5377 270
8790 607
8751 296
6347 654
8432 967
9707 511
8157 743
5593 113
8513 785
9606 286
6387 237
8093 41
9874 841
9067 278
6999 631
5623 177
6429 509
8925 555
9971 648
9788 955
7829 52
7576 501
5640 440
9087 360
9770 716
7194 915
8909 235
6907 481
9321 143
7559 187
9182 842
7160 765
6423 288
6524 236
6068 186
5148 223
5447 773
9444 72
5294 949
8034 20
8187 142
7045 455
9706 83
5924 652
6701 658
6414 613
9382 634
6667 185
6103 792
6763 10
5433 265
6716 909
5910 538
7756 380
5671 945
6365 343
6608 685
5884 940
6129 277
5440 966
5224 658
7029 993
6191 440
9504 266
8246 663
6606 818
8738 462
7975 733
8854 420
5510 523
5820 637
8246 929
9385 819
8611 618
9750 993
5315 886
7693 604
6855 598
8987 266
9385 968
5128 161
9157 636
9440 999
8318 525
6510 145
8518 323
7141 696
9280 814
6812 614
5887 33
7588 969
5991 421
9280 304
5526 235
8837 673
7320 178
6921 299
5718 470
7597 656
7581 283
8751 610
9657 306
8941 419
6921 570
9148 52
6932 813
9579 34
9652 287
5846 971
5456 81
8439 74
7344 514
5442 764
5668 427
9668 879
6714 117
7234 891
7457 32
5846 25
5223 422
9826 317
5119 518
6551 223
6966 716
8895 519
5268 911
9333 880
7702 28
5481 230
7034 159
7303 833
6452 268
9728 497
8076 792
7983 735
8593 675
7114 425
7485 264
9436 950
5448 739
8001 30
8782 549
8650 156
6925 839
7689 736
6947 968
9611 896
7714 234
8238 541
5857 327
8281 773
7276 616
6715 400
5079 904
8810 243
8515 491
5127 835
6173 402
8007 257
9008 514
8847 227
6895 562
6526 149
5132 29
7069 80
8595 828
7834 999
7852 857
6405 975
7726 662
6775 310
9035 329
5649 280
8075 77
8048 181
5781 325
5263 430
7081 314
9734 707
7043 652
8943 447
6326 528
6440 303
9357 873
7387 595
9115 711
8458 865
5316 91
6050 882
6409 159
5048 356
5346 685
8123 642
5324 64
8671 187
8469 709
6607 773
6201 775
6810 820
6753 434
6863 580
5585 118
9843 315
7739 838
9211 847
8379 591
6277 378
9950 214
8784 770
8995 39
9834 855
6144 23
9774 557
9233 200
6619 113
7686 231
7568 730
6847 521
5513 193
8363 206
5051 829
9571 940
9705 790
8862 558
5107 388
8276 507
7770 601
6039 187
9857 244
7430 804
9567 788
5202 79
8209 496
7557 248
7109 867
5645 686
9986 337
9691 710
8098 684
8241 634
5493 328
6318 883
5532 840
5502 515
5920 614
8678 268
9526 685
6959 538
8729 983
8024 572
7196 1000
6548 364
6236 540
8807 277
5194 728
5674 925
9294 471
5443 584
8018 867
5019 232
