500 1413
94 485
506 326
416 248
992 421
649 322
237 795
457 43
815 845
446 955
422 252
791 9
359 901
667 122
598 94
7 738
544 574
334 715
766 882
994 367
893 984
633 299
131 433
428 682
700 72
617 874
874 138
720 856
419 145
794 995
196 529
997 199
116 277
908 97
539 719
707 242
569 107
537 122
931 70
726 98
487 600
772 645
513 267
81 972
943 895
58 213
303 748
764 487
536 923
724 29
789 674
479 540
142 554
339 467
641 46
196 710
494 553
66 191
824 724
208 730
711 988
800 90
314 340
289 549
401 196
466 865
689 678
833 570
225 936
244 722
849 651
113 123
379 431
361 508
65 585
486 853
686 642
286 992
889 725
24 286
491 812
891 859
90 663
181 88
214 179
17 187
472 619
418 261
419 846
356 192
682 261
306 514
201 886
385 530
952 849
500 294
194 799
737 391
324 330
992 298
224 790
260 275
97 826
210 72
649 866
919 951
63 748
958 685
804 956
518 564
428 183
537 400
346 721
153 207
971 323
662 611
197 116
91 109
529 795
126 343
747 862
469 685
770 10
934 881
723 984
895 403
568 360
172 449
958 541
383 272
308 877
970 359
583 707
48 308
930 770
569 30
3 208
20 311
609 100
887 939
825 422
930 785
904 370
241 989
379 969
376 143
962 972
889 28
443 61
216 638
338 348
160 347
406 66
159 391
31 638
204 295
420 826
153 196
425 449
331 855
565 143
838 487
9 140
918 564
533 615
232 135
957 564
591 360
576 793
746 163
377 859
858 760
86 711
434 662
558 159
279 660
840 268
735 948
574 315
126 676
912 341
739 689
821 894
625 706
917 490
201 478
993 671
149 932
52 899
759 237
267 187
256 472
783 772
117 98
516 906
180 911
25 635
380 225
712 823
266 164
216 343
448 732
541 502
664 740
954 576
726 612
772 902
531 454
943 411
750 973
327 703
917 850
5 77
113 220
913 802
791 403
998 181
859 10
345 525
431 919
675 668
833 527
438 462
523 291
916 605
420 457
115 405
660 417
261 279
772 685
388 596
764 307
843 224
206 322
407 840
639 975
852 401
542 91
60 327
757 330
82 182
637 603
93 793
614 615
136 733
187 864
102 16
972 863
163 987
501 306
477 34
492 840
121 700
80 706
138 787
660 105
229 834
827 798
448 310
230 609
832 690
489 561
586 579
291 60
665 388
660 309
702 407
153 200
606 313
123 970
253 33
709 273
832 277
108 997
888 40
481 227
283 860
858 940
284 608
711 990
850 590
239 806
943 52
195 801
95 764
410 710
664 386
900 593
112 50
963 494
754 156
458 936
19 965
225 86
569 723
97 184
194 868
754 340
602 412
61 487
695 209
347 346
719 860
100 307
97 95
843 821
745 941
286 821
492 587
116 201
531 665
424 527
253 812
426 424
413 459
980 343
291 836
833 506
486 179
9 916
575 430
922 596
145 808
897 269
404 512
742 811
728 685
269 567
103 776
745 855
35 718
779 853
71 97
80 146
842 746
128 15
941 965
227 512
30 480
342 958
605 665
531 191
364 964
359 515
867 606
820 822
313 536
207 693
911 19
308 335
430 101
685 922
641 294
113 910
141 410
690 250
700 546
559 729
481 609
503 720
766 976
7 759
882 798
859 74
182 648
425 299
542 785
683 846
853 390
938 897
89 416
624 837
181 247
878 293
933 144
580 938
252 467
207 480
658 955
20 665
954 26
347 564
759 449
446 26
14 521
657 301
710 321
980 613
188 388
636 879
203 990
432 188
129 963
630 820
509 300
237 822
373 255
838 277
395 153
692 400
103 227
218 518
384 447
931 315
396 813
389 324
640 502
287 299
297 780
977 376
512 516
219 212
555 329
398 810
289 486
798 485
598 416
49 952
572 894
697 358
770 21
725 647
542 44
214 683
887 361
45 814
94 231
282 8
82 165
319 496
626 699
146 852
541 459
874 535
725 314
777 944
554 306
208 459
787 637
976 447
912 408
444 107
3 962
301 565
164 407
437 857
652 317
764 98
41 818
737 600
176 288
136 902
128 567
394 190
235 749
42 908
824 276
684 748
979 592
568 393
367 363
52 163
642 983
335 179
126 16
130 478
583 259
129 868
752 295
167 596
856 71
640 622
770 864
431 644
195 5
448 365
701 429
952 64
880 854
168 770
79 88
961 157
472 368
217 421
709 719
147 271
296 975
909 816
764 962
251 535
878 438
753 696
570 881
253 318
666 45
931 52
433 496
810 313
678 138
123 334
212 988
573 795
570 459
116 674
918 687
528 953
554 491
85 967
996 900
716 896
728 248
122 829
672 327
449 434
228 654
950 61
289 664
212 302
129 228
836 348
128 858
322 960
577 840
887 522
384 844
783 30
935 989
325 276
315 445
467 627
453 214
506 278
945 623
404 386
632 928
627 507
86 583
997 818
271 355
614 12
771 134
493 622
799 795
472 755
271 929
798 793
575 900
904 337
609 304
597 818
104 183
830 982
200 469
349 982
976 293
299 572
299 968
987 981
148 878
672 966
535 838
227 219
417 721
50 419
648 959
888 780
8 369
500 303
170 92
704 917
844 27
172 24
29 86
296 826
33 804
662 70
166 490
202 422
774 290
982 781
296 88
250 81
774 526
664 941
995 520
446 123
330 618
340 391
19 291
100 782
789 250
812 247
108 232
543 217
92 816
536 709
317 820
835 325
755 332
875 924
855 588
110 569
771 372
623 271
256 213
937 128
842 548
96 711
946 314
297 782
877 956
220 617
514 968
433 489
912 824
125 523
149 8
526 266
93 860
448 638
839 556
998 611
90 714
384 563
721 482
125 995
615 531
924 300
689 984
355 372
308 721
312 28
124 986
575 826
869 480
475 717
613 686
995 757
277 872
879 568
808 47
238 306
361 732
10 466
294 813
210 860
918 28
660 787
184 374
16 703
293 780
691 216
372 969
23 662
629 688
654 634
55 408
898 75
915 347
496 617
920 977
647 978
769 598
333 570
66 279
490 384
310 835
757 315
742 410
888 503
717 472
758 293
242 978
759 775
610 494
32 400
193 616
802 628
917 364
177 761
994 855
207 121
282 454
584 94
643 731
140 746
946 752
873 486
583 301
172 622
524 949
147 470
140 95
534 634
846 441
189 944
307 392
805 393
208 484
348 427
489 109
344 79
489 123
274 900
95 445
694 303
92 604
424 642
208 205
413 719
912 821
322 874
170 201
776 992
879 761
632 127
235 929
88 654
685 886
742 756
757 895
248 612
946 434
825 634
641 731
230 386
470 927
783 451
655 875
687 235
685 556
732 410
423 176
824 744
664 864
9 465
342 632
834 148
453 655
698 864
408 825
863 69
803 359
699 933
408 321
248 62
508 465
551 820
725 997
500 483
693 191
330 549
493 287
485 46
808 146
672 83
466 546
896 246
251 342
967 627
828 707
468 48
365 317
187 461
166 234
742 236
608 581
537 922
285 166
810 993
790 477
141 746
977 865
403 214
87 724
14 698
407 478
318 354
899 768
566 878
627 373
37 331
841 474
577 98
598 297
237 875
512 77
19 672
228 411
62 328
660 996
7 515
43 764
116 775
313 857
278 939
425 86
890 881
810 206
108 663
205 723
897 979
293 595
268 694
41 701
306 611
6 24
969 626
936 207
991 889
574 931
198 230
823 750
608 496
210 319
17 771
491 758
477 362
708 533
121 581
597 491
734 90
62 929
369 391
606 608
730 319
810 154
714 774
261 327
571 449
789 845
228 812
653 227
929 323
943 525
985 654
817 439
943 355
561 455
223 901
813 523
29 486
756 903
55 671
565 199
107 302
26 216
707 933
218 874
747 604
15 67
624 179
247 577
889 842
56 469
71 82
491 813
279 445
380 421
748 107
644 593
963 925
976 389
455 31
692 201
545 334
509 664
860 569
504 107
11 672
61 360
844 425
221 256
66 638
327 38
472 338
598 280
658 27
691 209
685 433
181 667
183 686
798 536
248 181
632 743
914 598
430 932
209 324
767 738
370 903
680 822
451 549
398 674
660 779
285 589
388 938
22 18
34 53
467 668
31 20
797 910
234 340
301 839
756 454
257 812
684 353
505 630
526 959
622 290
30 767
137 624
88 673
901 38
694 278
465 763
730 724
63 920
291 474
655 92
84 677
432 122
450 887
367 444
445 404
3 757
784 556
670 612
905 651
895 433
359 232
740 430
445 737
790 410
778 409
803 417
634 488
774 131
385 445
621 607
997 149
431 535
947 908
608 848
790 141
447 12
438 977
103 537
887 788
98 954
447 487
462 71
304 563
201 868
674 653
951 686
205 323
450 656
376 70
567 323
659 325
442 528
711 186
766 788
983 703
445 568
382 641
10 685
298 101
16 356
87 708
558 335
406 961
222 299
808 570
120 436
727 716
44 791
453 545
773 789
712 163
972 411
307 116
823 559
178 775
381 419
21 490
966 287
121 204
263 223
304 430
512 234
951 32
67 390
326 273
229 961
345 581
553 426
780 983
480 199
902 979
190 51
