
100 2743
585 485
194 94
426 326
606 506
348 248
516 416
521 421
1092 992
422 322
749 649
895 795
337 237
143 43
557 457
945 845
915 815
1055 955
546 446
352 252
522 422
109 9
891 791
1001 901
459 359
222 122
767 667
194 94
698 598
838 738
107 7
674 574
644 544
815 715
434 334
982 882
866 766
467 367
1094 994
1084 984
993 893
399 299
733 633
533 433
231 131
782 682
528 428
172 72
800 700
974 874
717 617
238 138
974 874
956 856
820 720
245 145
519 419
1095 995
894 794
629 529
296 196
299 199
1097 997
377 277
216 116
197 97
1008 908
819 719
639 539
342 242
807 707
207 107
669 569
222 122
637 537
170 70
1031 931
198 98
826 726
700 600
587 487
745 645
872 772
367 267
613 513
1072 972
181 81
995 895
1043 943
313 213
158 58
848 748
403 303
587 487
864 764
1023 923
636 536
129 29
824 724
774 674
889 789
991 693
411 561
1004 444
303 211
511 623
917 644
227 95
288 385
819 263
282 823
668 340
447 779
800 954
877 593
345 904
776 315
1066 393
957 602
984 772
575 826
444 448
195 713
273 136
913 577
834 737
985 577
187 725
639 683
1023 490
1014 745
253 387
781 91
770 418
833 501
307 499
186 774
458 211
960 356
319 686
214 267
268 705
583 807
165 61
863 267
470 788
765 161
642 921
175 442
178 162
321 812
1064 598
981 862
956 664
937 956
240 888
651 740
1070 432
552 669
1036 759
485 192
727 446
565 756
743 34
923 717
345 43
1076 647
722 439
903 258
476 165
336 41
316 62
120 837
638 335
445 35
934 670
497 651
205 723
1042 733
621 381
152 535
413 626
957 266
443 517
800 992
404 673
1077 61
758 399
519 804
305 382
230 555
754 286
821 55
1015 77
693 531
161 715
1095 853
903 930
248 858
345 8
876 703
