200 2523
585 485
194 94
426 326
606 506
348 248
516 416
521 421
1092 992
422 322
749 649
895 795
337 237
143 43
557 457
945 845
915 815
1055 955
546 446
352 252
522 422
109 9
891 791
1001 901
459 359
222 122
767 667
194 94
698 598
838 738
107 7
674 574
644 544
815 715
434 334
982 882
866 766
467 367
1094 994
1084 984
993 893
399 299
733 633
533 433
231 131
782 682
528 428
172 72
800 700
974 874
717 617
238 138
974 874
956 856
820 720
245 145
519 419
1095 995
894 794
629 529
296 196
299 199
1097 997
377 277
216 116
197 97
1008 908
819 719
639 539
342 242
807 707
207 107
669 569
222 122
637 537
170 70
1031 931
198 98
826 726
700 600
587 487
745 645
872 772
367 267
613 513
1072 972
181 81
995 895
1043 943
313 213
158 58
848 748
403 303
587 487
864 764
1023 923
636 536
129 29
824 724
774 674
889 789
640 540
579 479
654 554
242 142
567 467
439 339
146 46
741 641
810 710
296 196
653 553
594 494
291 191
166 66
824 724
924 824
830 730
308 208
1088 988
811 711
190 90
900 800
440 340
414 314
649 549
389 289
296 196
501 401
965 865
566 466
778 678
789 689
670 570
933 833
1036 936
325 225
822 722
344 244
751 651
949 849
223 123
213 113
531 431
479 379
608 508
461 361
685 585
165 65
953 853
586 486
742 642
786 686
1092 992
386 286
825 725
989 889
386 286
124 24
912 812
591 491
959 859
991 891
763 663
190 90
188 88
281 181
279 179
314 214
287 187
117 17
719 619
572 472
361 261
518 418
946 846
519 419
292 192
456 356
361 261
782 682
614 514
406 306
986 886
301 201
630 530
485 385
949 849
1052 952
394 294
600 500
899 799
294 194
491 391
837 737
430 330
424 324
398 298
1092 992
890 790
324 224
367 579
458 359
680 269
445 367
110 771
142 75
1021 489
987 490
1002 509
944 370
375 370
123 581
750 826
974 105
382 876
385 400
565 82
282 9
407 465
843 871
146 812
737 426
654 51
277 789
707 376
251 352
677 68
276 332
668 760
1002 771
487 709
882 862
373 33
793 127
840 743
192 87
327 855
1053 900
613 401
843 298
744 602
777 66
964 267
697 377
790 445
207 60
659 932
235 684
414 808
387 446
528 579
151 931
346 409
968 34
613 430
457 745
359 322
969 107
631 865
525 588
773 587
1030 764
1016 730
831 135
970 437
664 384
694 843
548 597
536 851
503 178
662 605
613 767
216 302
113 870
249 726
165 882
777 598
343 340
142 23
614 493
836 901
1072 757
968 163
721 907
257 433
571 704
1076 203
211 751
419 587
998 728
793 341
120 181
294 292
661 702
901 530
904 636
806 449
191 570
227 760
877 440
757 823
794 907
945 529
479 544
566 508
754 877
615 940
1033 299
716 109
632 703
939 75
238 78
142 791
261 148
948 835
535 282
701 840
465 36
117 342
1010 115
1055 667
221 290
161 110
671 66
679 255
639 579
246 81
806 797
423 403
802 606
938 285
228 842
285 821
1089 826
611 138
368 457
977 329
164 587
251 424
258 14
576 916
161 203
580 932
137 450
1093 51
782 833
953 406
314 759
715 478
1013 934
1036 646
939 579
896 974
251 501
425 33
476 303
933 790
549 703
1086 902
962 635
265 527
909 844
604 704
515 340
401 79
323 322
348 284
1078 205
753 297
948 566
268 576
1059 200
1067 386
1078 737
934 184
600 296
196 932
927 557
148 350
1021 757
117 765
998 434
752 425
919 795
640 467
630 214
349 137
304 968
466 746
429 941
924 670
140 882
405 244
803 787
614 211
237 946
787 934
441 35
338 574
236 377
