
5000 1171
482 485
257 326
286 248
517 421
404 322
713 795
45 43
924 845
873 955
160 252
1 9
838 901
40 122
58 94
676 738
627 574
766 715
862 882
405 367
923 984
379 299
461 433
612 682
133 72
813 874
97 138
908 856
165 145
996 995
623 529
220 199
298 277
157 97
723 719
144 242
48 107
129 122
148 70
35 98
644 600
632 645
272 267
1040 972
977 895
312 213
778 748
567 487
965 923
1 29
616 674
569 540
628 554
493 467
76 46
733 710
575 553
288 191
775 724
723 730
912 988
64 90
354 340
565 549
210 196
922 865
775 678
566 570
934 936
626 722
742 651
194 123
485 431
483 508
617 585
876 853
653 642
896 992
652 725
220 286
727 812
900 859
563 663
56 88
157 179
280 187
537 619
284 261
920 846
124 192
239 261
459 514
931 886
504 530
910 849
382 294
795 799
485 391
351 330
289 298
865 790
250 275
738 826
75 72
788 866
947 951
651 748
595 685
993 956
663 564
265 183
338 400
637 721
206 207
328 323
618 611
64 116
139 109
806 795
412 343
912 862
715 685
1 10
929 881
1025 984
410 403
273 360
507 449
450 541
174 272
882 877
427 359
787 707
355 308
734 770
1 30
248 208
397 311
159 100
874 939
449 422
857 785
286 370
976 989
908 969
103 143
1071 972
1 28
117 61
697 638
424 348
439 347
74 66
442 391
568 638
195 295
854 826
281 196
433 449
845 855
224 143
487 487
181 140
496 564
690 615
124 135
575 564
374 360
766 793
149 163
776 859
793 760
674 711
696 662
90 159
732 660
214 268
935 948
228 315
619 676
349 341
734 689
964 894
644 706
484 490
491 478
628 671
1009 932
944 899
315 237
92 187
554 472
757 772
88 98
952 906
818 911
628 635
316 225
818 823
255 164
432 343
763 732
490 502
721 740
587 576
530 612
992 902
491 454
343 411
880 973
645 703
761 850
152 77
241 220
727 802
352 403
246 181
1 10
479 525
958 919
749 668
551 527
538 462
319 291
580 605
501 457
487 405
349 417
252 279
731 685
637 596
339 307
257 224
271 322
740 840
1002 975
404 401
190 91
254 327
277 330
100 182
648 603
810 793
535 615
702 733
855 864
76 16
773 863
917 987
279 306
123 34
922 840
613 700
658 706
705 787
101 105
807 834
883 798
358 310
634 609
786 690
618 561
644 579
141 60
466 388
340 309
495 407
283 200
352 313
886 970
95 33
291 273
217 277
1007 997
1 40
219 227
764 860
1025 940
600 608
895 990
690 590
738 806
1 52
772 801
727 764
774 710
340 386
503 593
1 50
432 494
228 156
993 936
1058 965
130 86
821 723
189 184
943 868
343 340
404 412
560 487
196 209
418 346
782 860
314 307
59 95
778 821
979 941
828 821
584 587
122 201
741 665
566 527
760 812
385 424
395 459
250 343
789 836
492 506
261 179
914 916
380 430
537 596
731 808
361 269
473 512
737 811
708 685
635 567
804 776
827 855
695 718
756 853
57 97
178 146
688 746
1 15
871 965
415 512
510 480
1057 958
764 665
193 191
905 964
583 515
696 606
887 822
444 536
741 693
12 19
313 335
81 101
828 922
354 294
981 910
499 410
283 250
545 546
635 729
540 609
689 720
946 976
730 759
703 798
14 74
644 648
241 299
793 785
912 846
461 390
801 897
424 416
744 837
272 247
338 293
193 144
987 938
432 467
505 480
944 955
653 665
38 26
468 564
461 449
1 26
576 521
329 301
274 321
701 613
432 388
851 879
915 990
137 188
927 963
903 820
373 300
770 822
160 255
285 277
231 153
366 400
317 227
423 518
420 447
216 315
772 813
271 324
566 502
243 299
725 780
390 376
491 516
225 212
392 329
781 810
434 486
535 485
368 416
938 952
946 894
353 358
1 21
707 647
143 44
630 683
364 361
822 814
147 231
54 8
91 165
431 496
606 699
917 852
553 459
473 535
222 314
954 944
369 306
413 459
717 637
491 447
447 408
44 107
994 962
518 565
448 407
931 857
369 317
181 98
815 818
655 600
267 288
960 902
611 567
271 190
771 749
993 908
359 276
810 748
563 592
360 393
264 363
199 163
1074 983
131 179
41 16
423 478
197 259
779 868
344 295
536 596
140 71
669 622
938 864
715 644
67 5
321 365
434 429
19 64
928 854
759 770
178 88
160 157
277 368
467 421
653 719
330 271
966 975
817 816
1045 962
508 535
492 438
743 696
884 881
259 318
56 45
1 52
421 496
270 313
99 138
429 334
1004 988
512 508
702 770
657 751
862 780
516 441
246 207
592 516
641 674
390 408
831 920
522 573
611 634
825 878
929 990
734 826
718 696
883 800
355 411
426 422
668 707
235 334
1080 986
397 494
137 150
648 562
342 380
799 832
1067 979
313 376
452 511
441 414
214 160
1059 982
260 238
579 490
897 899
316 251
526 526
909 897
139 39
634 657
384 452
577 538
840 831
509 460
262 185
934 934
513 440
556 490
97 168
107 71
937 977
370 458
193 204
802 803
134 139
390 399
439 420
1034 991
636 578
1008 972
191 177
429 398
445 348
483 496
347 276
769 825
540 614
212 121
789 730
317 341
381 284
714 698
24 17
570 546
771 672
1052 974
776 866
290 377
470 559
367 340
626 527
879 779
688 761
553 483
112 92
440 390
510 583
741 661
473 391
289 336
574 661
85 125
36 89
362 275
310 359
129 178
763 780
31 42
69 5
470 380
739 772
726 816
57 9
476 484
498 545
669 589
112 157
934 901
854 777
112 74
246 247
1 55
481 479
883 785
1051 958
763 680
417 393
900 944
573 596
601 619
588 611
900 852
327 283
199 299
847 766
240 312
862 826
635 726
680 733
806 805
767 679
495 403
870 964
259 337
476 541
512 478
467 369
1001 946
798 821
819 833
835 837
502 490
119 37
652 594
82 129
242 258
215 246
291 362
687 755
550 504
1 71
249 177
203 176
865 803
189 237
758 677
90 33
188 115
621 597
807 769
481 536
1031 956
349 341
222 184
260 234
551 569
245 216
631 537
183 84
873 810
656 657
5 33
137 159
579 520
656 668
373 287
232 229
352 374
428 474
598 672
943 915
582 511
120 123
573 569
218 199
347 396
628 715
1 59
642 610
959 917
983 927
186 270
60 117
513 516
143 215
234 216
290 237
597 615
452 499
521 477
837 760
267 285
20 56
1027 966
690 622
235 221
199 194
186 91
374 347
244 252
424 473
438 516
385 385
337 357
945 958
686 665
698 792
16 64
464 420
655 671
911 968
839 877
144 177
535 523
65 139
230 152
806 732
312 246
578 565
699 740
817 902
105 17
886 973
360 298
658 611
53 32
1 11
319 337
36 136
879 889
595 522
721 805
80 28
981 931
838 757
654 609
480 544
973 905
647 595
243 246
152 113
183 175
140 156
263 244
856 883
338 265
792 883
403 462
560 485
238 272
214 204
1011 984
453 409
330 398
819 909
469 370
882 882
279 214
811 766
82 35
341 421
271 271
397 370
876 848
128 50
1016 976
243 270
843 796
949 963
451 379
1091 991
594 551
867 897
353 307
471 421
100 74
401 388
591 559
884 980
607 615
651 681
209 231
133 207
741 818
372 331
950 979
403 445
419 348
780 724
345 401
618 646
766 668
335 242
288 302
795 861
777 830
117 77
541 441
499 589
1025 990
217 189
799 868
944 996
329 363
232 237
367 420
552 565
220 214
353 333
811 726
176 175
35 58
548 625
1 66
142 169
400 475
298 204
27 90
421 496
40 1
462 474
359 449
299 252
395 332
382 287
206 189
980 889
1 63
285 378
109 206
813 897
219 230
361 382
601 575
155 60
442 529
405 477
253 290
57 89
894 961
548 461
763 702
542 532
704 680
44 53
545 642
1018 1000
803 891
730 822
59 152
423 324
590 633
266 267
325 381
307 272
422 506
403 419
524 461
613 526
1033 978
403 468
820 729
777 795
631 581
298 383
302 226
505 421
461 386
351 273
556 484
638 676
152 107
236 229
831 902
882 962
38 105
100 84
1006 991
661 701
596 689
748 655
528 600
587 538
492 499
783 881
1017 981
546 473
368 383
618 679
662 573
563 589
553 480
161 145
612 624
926 923
972 915
249 232
948 974
662 735
735 678
682 640
722 644
146 212
75 123
276 253
890 943
1 18
1007 916
302 327
607 640
646 615
488 470
565 655
239 288
448 401
906 840
564 633
647 707
339 424
757 682
213 194
829 855
229 190
703 728
257 178
255 275
123 88
321 367
517 544
768 738
1040 963
439 460
282 266
739 727
128 33
471 442
714 628
467 384
298 244
411 482
760 765
435 446
245 247
865 913
658 560
457 528
694 594
882 935
415 462
555 621
705 660
525 564
276 302
871 936
582 592
639 724
181 118
200 299
201 251
35 129
5 96
85 167
239 169
359 381
948 976
771 767
804 837
457 407
284 203
485 387
803 735
629 706
358 335
13 40
808 821
68 131
96 159
956 978
101 53
767 849
577 478
1 19
278 230
388 453
318 336
847 931
592 588
494 449
615 566
265 272
806 883
754 731
94 80
113 213
203 177
896 872
712 626
1000 940
69 150
279 379
847 833
509 517
686 724
946 973
652 581
872 839
237 272
314 412
789 839
440 492
526 553
714 718
791 738
816 839
385 390
557 588
562 523
715 630
815 770
752 746
1 49
280 369
498 537
116 115
155 215
872 971
572 602
551 551
1 40
399 494
306 252
153 158
81 72
84 177
755 667
504 483
724 815
94 19
725 745
266 339
660 614
263 302
341 319
635 670
519 513
647 566
24 27
259 322
707 645
162 210
925 841
830 925
600 521
931 975
177 269
862 929
437 478
918 970
737 684
227 231
595 673
343 348
194 232
683 727
616 597
401 397
608 539
923 907
928 892
731 699
435 408
265 361
828 789
583 529
275 190
812 880
212 236
659 715
725 718
348 439
774 814
845 902
593 658
393 410
511 412
5 90
689 678
916 951
120 37
624 593
781 737
174 211
156 134
769 847
433 490
57 95
389 435
822 737
760 860
360 310
545 548
991 984
669 660
142 86
707 635
935 941
156 56
357 372
630 650
1041 964
734 735
730 682
166 151
223 283
834 773
648 643
918 898
781 817
362 269
760 731
454 507
853 841
294 207
779 752
407 318
86 126
182 153
49 101
623 560
786 743
765 816
981 980
29 1
69 82
914 886
448 377
476 465
752 753
847 842
609 547
660 580
700 754
1 37
616 548
963 896
735 656
615 537
143 78
582 540
525 597
253 314
877 845
321 361
988 930
562 654
866 841
754 810
193 98
846 814
977 898
220 237
310 236
375 397
512 468
112 160
176 168
262 189
123 123
826 783
1063 991
839 775
505 565
838 906
680 604
229 233
759 693
188 209
241 279
166 231
773 675
324 370
777 814
285 276
200 238
663 710
916 931
833 879
433 492
168 81
386 347
360 417
612 582
755 801
282 195
474 403
215 247
351 356
571 627
838 858
722 803
277 236
521 572
585 485
526 586
808 748
291 235
838 859
793 788
394 345
801 861
395 342
783 779
555 595
910 963
195 260
315 366
796 835
687 733
808 834
357 442
690 773
974 880
928 873
722 793
164 173
394 402
38 60
688 628
1 19
146 146
741 685
88 138
636 593
265 202
590 500
66 89
508 433
133 63
494 514
785 865
433 393
364 269
129 111
659 614
330 272
950 973
673 609
285 236
493 496
120 24
795 871
186 227
391 420
933 850
112 127
186 170
190 224
714 722
267 189
548 597
346 286
1 22
958 957
576 536
311 221
292 281
261 238
622 531
472 449
714 735
575 670
667 646
297 272
546 605
390 394
595 508
570 537
893 955
408 477
947 969
697 692
896 963
914 829
623 638
122 206
229 185
210 187
36 129
266 300
207 114
391 305
174 199
897 916
802 839
966 899
464 452
163 185
552 561
825 848
167 191
864 830
885 860
952 873
574 649
632 591
915 974
1037 974
471 452
364 397
331 350
671 597
34 13
405 392
273 343
844 756
438 387
888 924
174 188
1 68
581 552
112 166
406 435
3 14
782 797
186 254
228 300
483 431
346 367
220 197
237 233
249 149
51 62
1 38
106 69
430 425
855 810
834 878
484 503
240 308
781 798
394 437
805 798
23 36
527 583
418 412
182 195
783 878
347 388
478 438
435 532
18 3
332 268
373 417
282 277
273 229
486 445
358 380
884 974
329 248
491 433
1039 1000
781 874
889 939
813 760
538 473
721 811
810 766
236 306
558 556
527 521
377 364
467 460
230 136
537 458
839 784
623 648
693 783
922 960
42 137
524 591
845 875
503 440
310 263
91 40
916 835
863 943
726 749
214 263
621 597
59 5
1029 999
118 161
1 35
933 891
377 459
926 996
675 592
1 54
1080 985
444 401
259 298
383 459
144 77
617 611
169 159
392 467
821 737
887 895
135 49
482 382
347 285
326 388
1048 972
353 265
691 729
822 810
1056 973
867 818
349 295
566 532
126 58
758 736
113 187
923 896
1063 998
914 997
564 476
221 259
536 475
465 494
124 130
222 151
669 639
774 855
565 480
431 478
471 386
602 672
371 361
821 894
447 460
122 148
749 660
706 628
367 329
898 975
17 1
584 507
815 750
53 109
878 915
735 700
38 75
880 896
233 229
1 85
147 144
595 536
841 919
584 516
425 473
1 25
1 25
682 611
22 44
798 722
954 980
615 563
585 672
976 914
448 541
917 882
178 142
346 259
113 35
641 543
652 689
819 721
235 142
509 530
602 503
519 450
305 248
608 599
911 919
546 636
205 181
799 873
112 154
440 427
669 604
313 313
441 363
601 594
815 813
898 829
133 49
808 791
463 554
471 499
215 226
325 345
402 432
671 758
113 64
933 843
585 637
945 941
891 965
502 448
798 857
982 968
258 351
691 758
307 351
901 980
670 662
338 357
921 914
642 548
793 723
1 23
214 170
326 351
35 113
755 783
747 766
497 527
233 206
551 644
348 258
921 861
675 728
122 69
173 128
397 392
81 145
112 51
179 112
245 253
300 340
1027 932
832 817
970 965
493 480
633 724
812 839
549 500
726 746
767 811
450 373
641 605
351 252
162 172
388 394
229 177
84 98
325 377
518 486
792 855
382 290
146 130
426 355
885 842
255 233
81 101
671 686
676 736
844 930
748 700
92 69
696 607
949 879
904 916
1037 960
345 408
681 679
130 138
123 185
684 782
9 49
464 453
551 630
364 429
845 853
450 545
645 651
853 765
155 159
1007 1000
120 179
743 717
816 885
71 32
833 838
148 186
486 470
270 185
836 921
385 376
954 986
852 934
90 171
552 645
1 46
762 681
1 43
231 234
99 103
536 496
486 389
945 931
639 579
164 132
966 908
679 772
736 677
425 343
714 703
134 139
337 344
418 387
840 909
471 539
361 304
745 655
374 378
153 92
841 862
428 411
420 362
383 397
331 290
182 152
687 611
188 173
226 137
982 946
432 365
410 475
971 982
832 920
710 802
1 66
711 778
715 744
535 464
399 313
401 341
620 685
339 331
150 85
741 676
89 91
535 534
229 166
124 51
970 966
849 841
558 625
173 114
1 16
29 113
800 826
581 506
794 738
657 564
364 455
711 735
283 264
526 548
717 738
900 853
557 575
495 569
316 365
599 620
340 264
144 193
1 21
285 373
168 84
167 250
190 288
86 132
180 151
337 419
522 521
907 974
601 655
690 648
830 737
398 298
227 187
1017 981
870 965
979 954
149 166
330 248
655 636
565 560
624 563
11 24
813 896
821 803
1 16
291 274
809 714
406 449
192 229
188 280
494 423
769 868
115 124
945 970
312 231
859 935
809 808
61 23
110 210
149 88
192 151
742 770
600 555
580 613
771 866
230 223
258 303
383 305
312 306
951 900
962 964
467 397
966 898
63 59
571 628
182 225
473 537
624 612
619 633
275 314
551 478
1071 981
868 904
776 819
187 108
245 179
196 152
686 598
321 349
100 80
796 762
292 314
417 513
293 205
510 584
731 652
983 894
149 198
220 143
601 671
304 302
575 611
631 631
533 526
533 526
439 403
141 231
794 830
242 283
772 864
728 755
62 159
141 220
454 447
892 800
880 833
804 805
724 791
499 412
850 857
476 408
859 895
313 360
874 827
875 971
909 961
431 519
432 335
329 238
935 883
204 222
827 886
764 708
376 475
933 876
69 123
76 127
310 384
798 745
311 284
388 429
776 685
593 512
577 503
576 599
925 983
439 462
1064 992
236 270
393 491
267 282
766 831
146 167
28 115
579 661
539 564
902 934
527 608
586 513
1 53
725 659
706 646
120 164
752 763
828 825
887 949
321 355
775 811
188 164
766 851
253 289
483 392
130 224
419 460
886 903
440 347
579 638
45 101
666 587
736 797
792 881
219 210
194 243
938 969
225 298
161 253
576 593
439 453
663 657
172 72
225 222
402 319
1 61
750 694
448 384
739 801
218 136
522 536
1012 958
557 647
610 526
1 28
999 904
484 509
922 884
539 565
635 601
417 323
615 522
149 192
66 103
483 451
903 867
555 602
874 783
346 311
1027 994
187 172
1 51
332 389
193 237
796 721
561 597
417 492
248 331
358 380
190 259
653 726
54 55
496 501
395 459
729 790
1 4
715 634
170 117
666 601
711 808
457 544
504 542
598 590
829 827
864 817
657 617
1 32
815 879
593 692
709 685
90 88
820 911
553 546
528 580
948 997
1018 937
1069 988
433 351
563 661
617 630
367 360
897 908
263 203
545 479
270 251
212 162
967 905
227 167
779 862
346 369
86 181
684 765
291 251
992 909
712 645
664 568
896 847
547 538
466 540
193 99
438 423
323 246
88 165
549 544
120 52
218 131
273 372
500 471
651 625
696 684
432 378
542 534
46 73
458 540
639 671
207 127
507 412
1067 972
825 823
716 663
755 784
608 588
514 496
209 170
133 153
209 199
216 152
355 258
208 283
305 289
616 608
428 463
157 180
404 329
271 221
266 294
119 125
534 625
376 427
712 796
131 151
883 867
214 122
416 370
752 840
41 115
806 875
947 912
163 85
958 969
734 714
984 971
745 743
284 198
556 635
76 41
711 640
782 731
149 222
601 536
150 165
343 311
142 124
869 773
868 923
190 280
316 257
946 961
246 267
176 238
745 810
233 171
261 288
442 389
554 566
19 74
765 813
1 49
232 175
688 754
409 457
935 897
458 512
152 68
138 236
665 574
959 893
661 615
920 857
578 538
37 72
250 292
933 916
732 804
583 656
422 379
72 67
287 280
359 361
964 984
259 271
566 489
240 256
916 882
133 225
454 529
568 510
996 1000
282 191
741 813
976 898
444 420
510 470
629 619
307 377
472 465
926 887
746 764
43 55
705 727
835 844
700 644
188 181
126 171
475 545
473 439
558 547
430 417
151 205
463 500
365 332
775 820
330 416
328 243
811 854
138 66
170 236
520 568
1045 969
665 706
298 295
170 167
837 773
209 279
742 661
809 727
888 838
378 404
749 743
149 234
546 529
274 191
786 832
622 537
341 366
864 880
1011 940
830 745
1 37
725 672
805 809
680 682
1050 979
328 300
445 511
646 732
889 868
625 618
753 769
172 186
574 584
891 832
772 716
455 472
260 272
563 498
287 365
626 583
562 479
848 898
178 133
601 646
1014 915
135 55
222 213
630 623
878 875
437 513
286 356
588 586
1 16
1002 984
433 422
417 354
297 214
856 890
145 212
93 27
693 769
735 835
209 232
212 254
599 642
405 476
950 919
862 912
663 754
673 734
1042 967
1 41
251 259
927 926
808 840
567 544
895 908
235 225
145 69
164 121
601 523
742 678
633 593
590 665
250 314
930 992
590 596
320 358
470 524
80 163
882 942
628 537
230 182
200 204
235 208
582 653
830 848
571 532
166 103
934 871
906 932
508 507
908 986
674 613
298 323
675 590
386 377
980 905
869 932
561 474
661 606
297 389
761 671
325 360
850 845
706 646
143 99
566 609
509 501
807 764
553 598
258 242
367 390
1 61
309 259
551 519
845 826
1042 942
209 282
955 896
978 982
236 276
219 301
1018 952
761 856
452 428
223 255
681 723
298 280
861 937
1 37
818 901
418 456
981 996
682 590
461 455
580 510
648 667
921 829
80 51
448 383
380 340
838 915
734 797
616 547
930 1000
429 335
753 785
791 797
341 299
278 343
288 281
273 282
293 264
121 78
61 134
182 126
896 862
216 190
440 340
809 724
264 271
795 701
501 464
323 405
287 230
185 153
945 923
848 813
601 686
941 925
48 21
128 58
339 295
824 900
983 956
1 86
270 346
446 427
245 221
206 202
354 417
478 424
843 943
790 883
217 290
1 47
289 269
780 775
327 379
171 121
394 362
600 534
840 828
431 388
956 908
350 394
284 282
415 432
508 443
824 737
603 584
278 206
298 328
930 848
717 805
314 337
473 488
591 519
277 362
170 230
372 393
272 353
250 275
930 845
347 377
189 202
951 971
385 431
460 508
870 825
205 226
809 719
561 540
999 973
574 480
321 347
469 536
831 842
591 640
263 211
712 687
629 579
191 168
658 678
196 244
464 479
717 749
1 49
195 177
821 805
313 345
519 569
911 926
227 273
763 743
972 885
853 816
110 151
157 75
829 863
632 636
653 645
789 859
818 817
331 355
925 930
913 850
215 282
473 549
107 115
453 394
398 465
118 153
736 650
713 615
796 846
181 184
85 15
395 304
421 437
891 943
1015 929
473 535
475 388
619 523
569 515
132 45
657 657
752 748
1 49
377 369
461 374
128 140
189 282
776 816
482 463
552 527
512 533
794 747
993 921
678 699
364 318
839 854
1031 938
629 663
431 360
260 188
683 685
771 709
810 825
180 150
336 332
614 577
703 739
835 755
578 614
597 497
466 519
419 439
1035 960
649 644
730 761
258 310
581 654
972 973
580 641
541 551
558 465
714 624
162 214
423 435
471 383
530 449
293 354
721 628
854 855
58 25
1 34
628 561
162 68
826 914
324 333
372 294
746 768
374 448
712 698
742 742
1 32
595 671
771 716
181 83
126 163
928 953
650 671
601 657
699 748
814 799
338 289
341 248
1 30
727 749
709 740
260 353
718 644
750 808
16 72
325 422
355 376
1024 952
931 883
803 707
626 619
626 664
851 866
66 161
856 894
790 707
67 143
549 607
363 321
90 87
865 899
106 65
242 162
623 651
476 458
674 579
132 203
304 281
113 108
455 429
850 782
130 86
831 863
788 750
228 250
343 311
259 320
357 337
1 21
513 596
1043 993
1068 997
886 961
871 807
915 881
89 127
902 985
585 523
690 617
1 47
1090 994
554 614
333 259
981 986
534 564
1 1
885 787
120 204
1052 993
176 156
184 87
623 579
250 226
610 709
118 177
953 985
1031 951
1 32
758 801
855 800
48 61
634 701
8 61
403 429
625 695
203 230
1 42
472 487
517 527
44 112
243 249
287 334
169 75
610 599
502 525
424 510
867 826
112 100
660 721
874 843
427 374
22 48
213 285
656 645
840 938
795 888
464 527
678 579
702 779
635 680
658 716
909 977
394 417
919 850
983 974
919 972
511 524
820 902
109 156
199 225
343 344
649 737
538 615
208 292
519 451
704 648
523 529
853 773
629 724
670 699
479 422
170 73
679 700
866 956
543 500
464 481
991 910
89 135
50 52
815 804
1 31
775 850
97 32
571 581
522 520
536 556
353 309
523 441
154 57
447 455
526 488
671 695
614 518
749 679
277 290
135 111
153 83
1 42
956 926
417 462
239 201
200 167
203 143
44 78
822 849
404 305
610 517
118 168
72 101
1 43
88 174
201 203
148 51
610 644
312 358
576 523
402 387
894 978
105 89
353 421
871 814
138 48
887 926
255 319
8 87
636 705
449 483
660 618
563 475
714 756
847 773
824 753
467 370
442 360
782 815
511 609
462 405
511 607
428 495
220 233
16 72
298 388
150 110
505 545
490 391
503 574
783 742
40 76
299 362
691 781
119 163
385 447
433 386
405 426
343 357
51 97
389 443
518 456
243 170
770 739
896 818
1053 991
818 829
464 456
644 590
142 237
783 748
858 803
393 321
745 685
313 387
828 901
81 118
193 202
308 283
240 333
217 122
285 241
466 551
849 816
560 660
430 436
438 435
823 865
397 438
676 660
75 13
741 727
150 99
197 204
474 494
670 763
531 529
691 666
395 312
778 824
277 239
924 967
386 446
569 668
653 677
748 755
112 208
527 491
180 152
687 756
261 358
616 585
869 876
371 293
264 322
489 550
627 530
215 201
753 713
255 240
186 282
1058 975
380 432
53 39
804 719
87 4
1 80
944 874
510 568
858 887
642 667
609 644
199 258
752 717
239 199
272 371
757 704
547 531
572 576
792 733
519 477
31 50
295 295
1 50
171 223
584 578
398 351
145 87
422 435
1 1
822 764
346 287
83 53
864 779
955 860
310 241
681 599
997 929
1 15
1025 935
466 558
263 203
904 913
637 698
508 514
603 529
432 356
866 904
1 75
216 235
482 560
658 688
885 959
775 678
734 685
367 283
220 233
731 687
713 661
834 746
322 337
723 775
174 100
681 748
258 168
205 143
891 801
749 830
1024 986
394 451
909 876
963 906
447 523
280 257
69 64
850 787
196 108
485 392
699 640
858 845
916 862
754 659
333 291
751 655
63 100
400 429
814 745
922 978
538 498
464 525
225 237
291 192
1032 993
291 233
361 451
229 312
296 210
537 476
968 897
717 710
735 680
948 849
579 591
439 397
908 889
871 807
70 112
730 726
751 675
449 485
65 113
949 896
599 536
524 524
1007 983
493 504
77 92
119 42
234 179
585 511
648 651
167 83
15 54
819 881
454 422
510 488
661 663
874 858
304 380
893 825
225 234
886 928
507 419
576 660
680 696
581 606
912 982
286 310
1066 987
715 780
324 349
120 182
175 200
526 529
176 162
1 6
547 477
679 756
765 776
251 331
920 882
205 220
1027 964
205 130
71 138
209 252
75 78
204 179
437 464
167 195
374 446
878 967
226 164
852 917
383 465
246 315
579 557
785 701
996 970
188 125
910 887
147 245
288 347
50 115
751 836
635 538
543 572
511 513
740 684
351 450
571 512
1 1
848 799
348 295
791 805
874 866
491 526
802 818
80 137
286 275
544 487
337 298
779 719
657 590
825 736
806 813
439 410
136 176
339 273
628 643
466 487
735 805
604 532
1012 944
868 821
353 254
424 366
976 961
655 621
881 796
634 597
1 43
666 667
460 363
1079 985
255 296
934 893
290 378
472 397
453 475
440 449
366 431
475 444
315 352
151 184
196 262
727 686
75 167
183 239
860 824
636 658
232 272
1046 979
172 237
210 267
711 750
717 794
147 244
134 166
733 814
392 358
398 496
381 319
384 454
987 906
962 970
650 697
900 928
374 396
544 531
105 205
36 6
470 395
560 617
475 439
562 629
322 241
754 734
1004 989
695 684
402 416
796 742
888 969
495 476
539 622
703 703
258 188
596 551
875 954
716 672
364 363
419 434
788 694
229 188
544 548
819 789
808 853
354 454
964 983
338 319
598 660
343 244
427 390
779 740
276 322
184 238
939 911
984 945
151 121
763 678
656 734
204 220
649 660
456 368
677 774
681 638
582 497
336 248
350 367
574 538
340 359
76 112
293 286
795 789
90 46
602 641
1 17
163 149
91 19
665 742
561 538
906 972
333 363
53 150
267 289
652 709
609 516
24 1
123 124
458 419
372 401
538 632
237 201
1010 934
788 860
912 950
764 736
1017 983
893 916
662 571
469 507
360 408
715 807
983 917
775 710
571 590
893 830
406 446
252 273
569 649
193 125
1006 963
823 827
195 280
315 241
411 457
677 606
252 240
560 570
134 208
952 992
758 755
260 184
245 146
152 205
790 819
399 488
430 490
884 831
985 958
525 478
140 158
396 344
732 824
936 962
981 910
499 484
232 134
355 389
301 397
331 290
699 695
318 258
857 893
798 817
631 539
1055 959
1 21
350 317
297 237
112 75
41 36
557 625
779 827
887 904
809 908
536 595
760 730
256 223
626 705
794 789
1011 996
877 928
127 50
452 424
424 443
930 961
181 180
614 600
1028 941
625 556
662 644
838 901
289 360
335 427
309 387
593 517
691 636
749 709
597 497
645 557
312 302
295 216
356 420
653 743
904 833
930 918
641 719
160 235
914 980
281 194
862 806
167 184
758 720
581 626
471 510
823 728
883 793
673 652
322 359
884 937
757 714
305 402
482 547
503 409
737 715
371 432
240 190
548 535
257 356
352 259
551 477
847 943
620 537
628 641
524 449
726 699
972 893
889 845
841 787
999 916
649 601
534 537
1046 983
957 872
314 236
81 43
985 907
907 931
665 585
58 27
895 886
172 216
204 158
587 681
1 11
831 895
251 209
132 57
316 413
644 607
578 483
33 24
195 114
353 450
470 382
576 525
784 779
353 413
573 608
689 683
868 879
894 870
910 816
612 699
730 653
619 630
588 509
909 948
833 856
874 791
641 716
605 693
49 58
242 269
74 168
107 46
557 564
787 782
290 233
91 5
16 1
466 516
898 872
958 996
302 248
476 447
745 711
350 325
820 849
144 220
348 362
486 560
808 796
872 859
807 722
485 529
164 127
1044 986
502 486
708 725
72 39
375 341
1 50
78 74
232 283
688 759
326 362
91 84
85 109
573 488
413 325
263 212
727 738
756 742
845 844
488 585
384 335
483 509
181 185
850 905
178 124
853 874
273 299
494 445
389 346
749 745
609 582
553 514
797 790
723 628
1083 997
479 549
426 461
206 108
886 946
343 412
135 192
190 279
156 145
597 537
522 479
401 458
218 202
850 775
924 999
38 23
356 374
358 421
539 566
899 870
271 367
576 576
853 835
683 732
524 618
722 714
885 936
258 280
417 389
622 527
420 426
370 355
894 939
278 308
271 341
755 717
920 869
232 137
27 18
748 653
948 888
864 917
457 474
681 647
903 907
252 326
466 417
812 764
652 607
228 320
499 566
687 704
391 359
370 346
417 343
891 829
316 319
954 983
702 783
55 42
764 743
713 648
261 274
60 71
195 119
132 124
682 709
1018 992
386 442
1 49
712 640
780 856
282 237
971 970
818 829
975 965
227 142
527 489
820 920
838 784
873 927
1 27
963 926
767 867
1 90
174 81
799 704
589 530
259 324
141 203
968 975
784 685
717 716
501 492
555 647
30 98
1018 962
681 739
91 6
3 84
835 826
674 757
9 83
1 33
699 632
1 46
475 433
600 693
46 108
687 727
517 571
623 545
1004 997
322 238
216 247
639 600
64 23
213 275
221 317
106 190
386 335
226 318
174 207
891 817
641 667
57 44
470 400
124 154
472 420
840 809
547 511
145 50
1 5
491 493
6 35
403 351
816 803
667 689
534 469
894 814
678 612
963 977
668 675
47 16
859 954
891 817
806 737
745 791
313 375
73 97
823 855
488 575
527 544
296 242
1066 968
343 375
461 396
197 272
322 318
53 143
865 852
246 176
887 929
152 154
1042 986
337 377
996 927
835 899
217 283
528 596
449 458
377 377
712 671
10 22
266 199
770 844
250 269
741 811
798 723
103 151
315 298
976 986
848 790
758 750
91 24
589 629
724 745
590 671
304 208
719 727
516 521
528 499
172 171
561 621
673 771
925 915
558 562
518 592
874 872
904 900
547 611
1011 967
924 928
312 229
547 557
664 599
666 704
298 334
176 120
356 380
925 838
1 9
118 215
448 463
469 553
557 570
518 439
557 623
228 203
327 240
424 407
5 42
1052 968
223 307
452 544
790 731
823 879
506 590
622 684
685 586
927 917
891 900
183 201
345 346
959 926
47 92
439 461
993 947
229 238
36 94
397 480
239 286
169 241
539 605
598 591
203 255
169 73
221 148
425 429
183 274
13 46
653 715
893 833
908 1000
368 396
714 722
710 660
460 360
597 682
153 154
648 698
697 777
582 511
793 745
478 422
474 500
160 221
470 467
842 776
713 740
1 88
551 483
272 264
698 750
833 797
824 818
628 681
210 283
180 277
214 172
10 89
72 43
41 73
959 960
924 829
848 802
549 645
233 262
372 311
1 21
131 143
373 440
618 649
281 219
193 286
1021 947
1 1
753 677
135 229
664 597
714 637
539 512
883 911
840 902
971 886
745 719
306 362
612 529
140 182
378 315
407 398
153 193
487 475
1 53
567 629
858 950
213 308
167 184
10 10
12 104
441 480
648 641
520 540
155 56
297 236
445 432
695 642
596 547
848 867
591 662
100 149
98 136
246 269
86 7
277 251
635 599
721 634
476 543
135 80
968 873
895 806
720 774
905 892
1 68
806 725
777 766
650 722
829 790
461 485
998 929
467 564
592 503
626 696
936 957
306 290
253 345
1070 993
991 898
1 2
475 537
774 788
707 615
137 70
297 341
75 56
142 194
160 195
816 837
77 62
229 175
112 14
748 779
777 752
544 517
369 382
900 829
971 917
719 703
371 351
162 176
619 529
285 222
217 219
250 260
342 351
512 505
454 504
174 132
808 824
580 518
256 334
566 660
1025 979
916 896
781 815
523 515
454 413
304 377
692 720
572 584
151 120
248 158
410 396
476 399
889 813
157 168
711 645
592 595
769 723
1 7
249 156
85 123
54 120
413 503
1002 926
330 318
999 932
935 892
693 631
255 209
52 147
392 479
135 119
6 13
1 33
784 728
1046 986
95 75
626 685
301 387
520 521
414 394
544 488
508 518
506 603
103 172
231 317
61 70
34 81
310 215
444 504
299 279
103 163
320 368
549 513
210 123
495 565
812 759
695 760
462 503
345 246
247 199
835 816
942 883
429 453
906 908
489 533
277 256
603 628
429 524
743 840
193 281
85 183
431 377
477 479
823 868
900 819
1038 971
497 407
111 96
126 225
347 408
11 76
29 79
367 306
601 510
368 333
773 675
618 618
427 517
603 690
175 113
462 518
955 926
358 335
136 195
530 488
694 704
665 568
297 271
101 48
650 584
233 245
529 595
445 538
556 558
913 837
1 19
873 780
813 804
454 460
760 830
32 46
486 583
639 630
158 118
411 410
587 646
505 515
642 694
317 283
147 200
873 787
351 252
515 471
1 48
614 553
746 646
724 711
108 146
966 874
841 854
512 412
775 748
774 781
149 216
871 953
582 672
995 929
26 16
734 781
754 726
892 947
511 495
984 927
477 452
20 32
612 645
395 426
333 336
102 164
419 349
588 624
698 689
760 851
41 45
209 217
715 651
424 510
157 205
215 211
39 73
415 411
194 277
278 272
293 243
755 791
205 225
923 869
210 288
616 556
943 982
468 431
356 370
358 270
862 908
382 437
8 22
639 559
841 867
353 347
336 299
394 376
169 208
553 459
88 128
727 801
116 167
890 859
358 360
902 902
95 103
836 779
677 583
410 498
325 411
728 757
391 403
913 836
492 477
1053 965
918 837
807 726
554 515
624 537
647 736
484 442
617 692
536 600
249 334
398 326
74 105
485 564
129 80
879 975
370 326
125 81
169 236
432 494
766 688
562 493
73 110
283 344
31 38
623 704
839 857
64 47
134 161
670 619
473 453
878 948
285 381
122 115
276 320
309 342
117 56
423 444
565 487
244 162
275 352
376 375
74 36
696 602
328 391
288 198
308 398
360 400
702 728
654 685
1090 998
921 930
706 664
638 585
449 430
454 476
891 815
1031 994
533 506
588 635
750 695
896 842
448 360
673 670
322 305
112 188
902 993
460 397
882 932
245 280
321 327
229 316
943 960
560 515
190 239
442 358
123 148
113 153
88 46
69 27
236 261
22 93
980 982
163 132
89 113
449 493
1024 983
732 700
131 85
348 400
231 272
234 262
727 756
882 865
795 845
801 787
75 121
1 19
219 304
411 483
399 376
580 524
329 362
845 872
368 403
170 108
923 920
190 112
834 913
193 157
775 768
214 234
346 367
94 170
810 907
554 645
336 360
1 25
818 786
672 637
736 806
673 763
175 195
769 840
299 369
803 777
8 60
795 835
142 140
802 790
283 220
226 271
135 100
719 785
1 54
142 159
959 954
624 665
341 302
292 241
861 894
584 585
972 979
687 778
273 347
624 675
243 198
499 532
1021 960
108 86
113 167
220 218
394 451
177 210
759 740
223 184
912 917
210 249
750 716
718 765
770 834
466 470
716 765
837 738
1045 951
762 838
766 763
1008 985
315 284
194 251
689 730
92 8
774 810
760 845
404 416
524 454
306 372
245 145
315 262
662 699
243 159
550 460
839 862
267 257
401 355
371 327
635 595
858 919
736 785
19 18
495 590
839 762
749 652
662 730
1051 988
744 819
883 850
949 876
444 418
164 150
499 562
486 577
971 932
88 158
338 334
903 859
314 383
611 644
841 864
276 276
904 924
93 63
303 286
983 931
754 798
1040 955
727 743
279 231
240 216
473 404
600 557
174 235
604 585
301 249
129 154
199 259
763 673
828 867
671 621
419 427
417 339
231 221
367 348
671 716
318 307
13 11
517 457
783 728
1 39
844 797
751 679
214 275
571 640
792 707
42 100
521 538
378 311
315 415
279 198
99 165
448 394
420 408
903 832
538 478
347 302
852 883
1 4
276 336
454 428
847 778
108 159
851 779
47 86
746 687
185 106
1 20
834 776
138 174
872 940
314 343
875 897
33 104
714 675
48 127
256 289
625 573
1 2
251 225
480 515
957 910
513 570
883 799
358 442
660 563
346 251
307 272
926 925
794 864
776 689
499 490
243 220
942 919
1 89
61 19
967 994
183 259
308 275
1 9
614 539
275 224
398 375
230 166
759 805
708 798
416 354
135 63
476 568
1 29
300 208
346 274
1056 984
530 576
596 616
793 701
846 879
627 564
790 781
948 876
68 77
723 623
215 282
136 193
1050 994
746 787
14 50
192 283
552 608
596 682
7 15
503 409
328 395
924 945
347 345
487 478
258 210
432 415
1 20
426 356
737 773
282 212
16 77
865 771
163 246
841 908
425 387
373 305
638 682
381 340
949 975
778 792
135 127
882 905
262 278
390 341
380 381
535 461
192 179
1 28
497 447
108 27
452 456
185 279
456 385
61 72
729 723
491 526
702 617
601 562
817 786
343 262
862 847
1 2
575 578
818 868
707 646
600 523
677 689
621 713
329 315
233 242
641 729
231 205
458 459
552 630
1030 998
1 69
867 790
327 327
928 980
832 750
468 448
651 680
767 851
844 865
206 228
453 414
982 949
949 943
808 729
713 656
359 364
1043 989
254 343
211 135
704 678
379 430
71 64
857 885
635 643
509 493
346 337
238 279
674 659
46 82
114 120
792 741
428 433
186 113
301 293
495 462
827 924
320 377
699 667
898 991
728 659
491 496
209 197
435 474
809 798
449 481
154 83
155 160
864 842
908 871
195 108
494 522
194 282
481 409
995 899
921 889
743 680
939 846
868 965
419 483
8 92
34 80
604 511
591 655
213 233
224 155
918 889
216 189
775 796
538 516
485 543
616 552
715 630
729 676
238 324
434 341
925 951
314 251
687 663
488 556
795 891
708 759
1033 959
637 667
666 614
340 429
967 912
794 768
620 569
723 628
300 262
419 373
190 268
925 879
420 447
911 931
454 428
334 297
290 219
629 578
142 116
104 80
832 781
680 620
1 5
463 444
786 744
536 487
128 176
176 230
980 948
727 753
652 591
433 363
594 544
191 276
255 162
955 929
53 143
885 793
276 238
799 806
375 413
667 742
817 805
865 854
491 489
579 490
877 834
633 587
552 651
879 821
18 67
586 652
344 380
544 619
811 727
647 648
109 194
264 183
1 16
230 322
566 523
119 130
733 648
156 172
876 950
156 195
879 941
170 221
132 223
52 61
123 30
98 197
836 794
983 998
706 716
330 238
441 477
433 516
933 956
287 322
854 872
241 328
13 42
622 529
377 397
100 36
305 221
559 482
44 122
454 478
131 207
814 798
231 243
584 525
350 332
273 274
592 578
395 384
931 967
80 163
319 361
463 372
887 946
407 337
194 124
48 124
473 412
716 670
177 274
572 496
193 210
526 446
774 746
500 505
782 688
341 375
640 560
785 696
447 375
879 872
894 951
718 732
981 895
452 427
298 261
138 154
412 339
412 500
1 36
813 797
643 641
447 441
218 293
429 429
415 369
551 617
56 12
799 793
656 595
804 831
757 833
891 951
717 763
1051 975
481 435
425 384
437 390
737 733
663 684
157 239
86 140
271 250
107 130
675 768
229 166
100 144
422 425
390 323
578 502
428 371
87 131
454 519
236 155
699 663
278 330
731 657
8 4
443 462
630 578
358 261
579 674
908 873
431 522
183 241
548 472
198 220
393 425
911 934
11 28
539 452
183 226
548 512
690 749
774 769
857 866
223 291
385 444
730 654
520 478
200 213
446 525
46 6
390 296
490 425
215 237
695 766
507 545
948 872
153 203
670 696
800 821
523 599
728 784
166 115
401 308
935 933
533 601
504 445
441 476
895 803
131 41
878 779
656 578
588 636
222 137
914 837
1020 944
108 156
398 442
266 221
277 285
88 131
345 407
22 6
312 346
467 545
732 790
135 94
272 289
219 217
117 189
597 598
191 126
749 655
126 190
114 62
560 504
311 324
313 285
917 860
488 534
492 510
424 366
919 907
668 683
56 106
207 226
149 214
111 44
549 612
259 248
191 260
867 854
448 467
832 765
786 834
806 786
141 192
844 871
866 871
618 555
695 717
535 563
246 337
143 157
688 631
808 780
573 626
910 885
420 389
591 669
401 447
767 733
267 256
238 211
220 244
777 862
305 387
621 629
793 723
408 381
816 803
708 638
464 436
704 680
637 710
488 487
493 524
829 800
475 453
295 335
685 752
619 671
1 35
890 941
309 312
364 425
468 453
377 473
508 558
353 260
379 369
739 656
459 486
168 193
482 457
18 39
165 134
313 306
166 247
859 765
905 876
834 796
841 776
597 635
282 188
676 708
257 291
156 116
677 586
902 916
924 897
848 807
167 233
1 76
410 500
815 746
67 4
414 418
888 825
597 654
776 851
697 709
644 656
399 463
186 210
583 611
200 264
650 651
573 600
665 728
226 174
959 976
556 651
286 272
311 220
807 760
702 654
140 90
41 123
241 333
379 428
252 284
489 539
761 743
250 268
310 307
807 744
463 563
502 437
1009 994
141 133
452 515
335 400
356 383
168 201
535 490
490 499
426 411
286 222
97 46
285 298
987 976
63 126
822 814
728 694
570 555
210 183
289 356
1 15
649 673
874 862
1002 922
834 907
175 115
742 669
265 278
462 551
320 244
765 846
710 807
581 666
453 383
411 311
473 495
492 527
502 459
129 117
808 865
594 656
690 624
472 427
800 737
1015 973
232 209
604 538
863 809
920 925
18 82
28 96
701 720
926 954
561 642
1 27
795 722
338 271
409 423
682 693
46 61
669 666
781 862
603 503
935 959
460 364
230 297
698 631
408 507
405 461
921 929
399 428
659 675
1007 986
458 459
596 598
709 732
45 49
610 692
538 536
196 103
157 217
993 896
757 672
835 843
753 765
511 420
292 387
316 366
663 719
461 401
865 787
564 627
438 438
338 362
643 698
312 355
307 370
313 226
317 342
945 902
690 749
555 616
55 29
85 40
75 41
263 356
21 64
84 22
425 502
524 441
375 417
644 696
851 874
634 635
871 934
705 775
108 41
908 840
642 550
902 813
951 932
933 937
860 920
499 465
50 67
466 447
383 289
888 890
220 213
579 656
319 332
234 169
419 501
716 793
16 25
583 577
109 76
758 786
27 8
670 688
560 627
619 543
475 453
400 429
788 728
969 916
909 811
692 593
597 613
621 574
287 283
160 208
816 806
891 806
924 972
759 807
201 193
215 166
532 609
340 397
548 485
231 195
589 592
510 428
479 381
181 131
244 159
269 238
381 420
115 78
277 335
313 322
468 441
1078 983
34 75
450 526
908 906
422 322
184 231
806 780
279 354
126 125
550 522
285 295
592 508
339 368
562 638
922 868
814 855
447 535
174 125
840 764
605 538
665 620
1 3
316 302
666 630
691 679
580 624
916 951
101 105
196 96
408 389
971 899
566 567
718 729
684 619
901 866
588 641
807 790
113 185
395 422
921 999
133 86
505 517
776 689
237 335
896 937
247 319
459 521
852 845
713 793
305 267
408 486
888 923
931 875
652 677
922 832
443 520
14 101
748 668
229 283
655 706
49 127
896 937
331 324
228 222
535 492
567 631
616 706
221 268
150 183
494 410
914 872
467 421
335 248
13 66
954 879
522 534
374 351
184 199
566 654
619 677
888 797
903 963
649 724
299 376
1015 943
1017 917
847 929
944 963
30 68
190 282
989 963
1005 912
953 908
106 124
981 884
767 814
495 528
839 781
1017 958
145 212
126 151
665 570
315 257
953 980
94 148
497 433
940 969
498 507
685 762
734 773
436 370
881 925
197 154
209 135
533 565
118 83
933 913
11 36
793 819
18 86
352 381
1027 987
69 14
7 74
931 870
895 925
264 268
896 862
695 687
939 997
584 605
826 752
477 523
341 408
29 74
876 972
235 242
842 820
859 798
1022 987
633 683
518 530
848 878
1006 909
215 202
538 565
538 610
365 386
818 248
955 645
117 663
354 488
880 776
999 627
411 639
121 420
367 282
1090 839
926 769
21 45
529 42
617 295
1065 308
864 35
1045 78
493 254
105 363
213 419
883 377
1068 763
80 81
1050 1000
1033 722
701 614
383 522
412 495
812 305
429 425
348 749
768 278
691 285
73 913
1078 38
808 620
1052 350
999 849
976 549
31 392
281 377
399 21
783 925
606 860
743 741
646 223
708 559
172 285
231 306
692 810
570 458
50 551
1090 715
690 858
242 999
647 699
291 933
1076 598
123 305
423 828
761 317
194 159
485 624
831 469
495 784
572 389
7 428
520 676
457 635
725 417
924 215
131 570
799 977
1029 262
281 783
561 879
84 731
566 837
697 589
828 853
10 835
354 709
448 626
323 998
470 935
640 750
68 831
252 319
200 958
521 10
1037 116
754 857
277 800
70 67
970 604
903 729
726 16
427 485
701 500
743 84
492 63
166 83
224 60
1084 169
1072 512
455 950
834 355
66 601
84 487
776 701
5 580
206 978
321 32
266 717
1003 473
264 320
880 236
268 437
881 651
284 287
451 63
831 267
235 384
794 814
774 606
614 609
846 167
76 100
1071 395
66 262
69 465
553 133
1030 998
979 176
596 489
629 7
743 313
705 29
906 116
198 183
403 620
514 653
533 192
594 509
601 735
575 278
819 786
486 360
775 268
131 133
166 248
605 270
294 569
942 503
960 483
157 826
222 403
366 867
797 139
483 815
221 54
1056 798
545 286
178 527
1051 71
88 744
761 6
370 116
392 507
54 959
474 472
684 951
562 210
327 581
747 690
1010 372
678 384
223 933
231 568
530 324
439 437
981 915
593 234
880 959
1069 71
53 77
2 222
327 494
704 59
896 169
137 387
98 40
265 199
781 668
1046 837
507 345
34 602
152 750
356 882
774 659
901 499
219 724
638 527
1059 481
947 166
777 68
344 248
244 203
204 303
949 442
846 613
143 226
516 776
607 63
965 928
1007 549
497 667
1086 109
628 716
897 396
887 422
1011 272
157 857
572 425
977 242
528 506
198 782
585 848
219 195
550 942
9 714
978 522
357 335
145 784
58 340
774 18
218 136
906 80
1001 326
618 287
654 233
194 269
759 599
296 338
897 61
116 55
445 198
608 578
502 968
566 377
671 596
45 94
635 859
953 905
365 737
941 650
25 61
857 249
244 717
129 539
851 591
632 648
1020 933
589 746
200 295
35 141
425 959
820 27
466 726
220 12
283 88
258 118
851 857
265 36
364 459
823 776
734 767
379 958
65 459
548 601
266 244
225 59
719 31
980 586
22 86
223 453
834 939
225 76
1047 109
55 311
677 398
699 51
194 288
402 914
439 56
983 358
95 810
845 202
746 842
521 338
198 271
622 673
262 574
768 93
1012 752
390 363
584 916
844 292
349 294
783 887
234 865
1061 159
5 339
949 690
384 176
86 819
717 820
957 970
381 997
968 30
700 928
93 162
673 946
704 380
848 741
89 50
1064 262
939 967
766 909
499 284
745 279
1050 332
905 800
506 95
651 943
425 119
434 692
458 83
672 73
257 444
909 528
45 108
194 637
147 773
980 223
792 22
485 68
849 187
648 709
630 507
160 900
91 941
422 244
853 890
38 793
200 267
18 695
1021 906
260 782
708 438
697 951
660 605
875 974
372 42
355 72
230 630
458 462
206 951
281 896
400 130
17 61
1076 89
1029 750
771 723
678 224
354 804
215 314
383 490
863 388
732 641
373 137
1053 989
1041 531
873 579
47 290
672 340
659 477
446 201
341 17
701 647
335 683
824 994
121 213
603 836
1077 427
48 258
737 255
1020 354
1048 442
999 106
8 214
350 978
176 429
212 258
250 431
1012 574
708 467
852 144
714 817
548 70
414 507
675 362
105 205
420 648
182 937
712 57
1082 615
819 558
593 528
582 325
816 754
251 389
776 16
82 988
698 859
687 470
235 494
1062 832
664 979
399 555
396 328
462 331
49 40
401 593
976 908
81 351
1020 147
1073 870
408 816
184 126
996 833
178 513
77 640
637 811
223 200
720 645
630 501
619 117
234 599
107 156
534 779
628 249
951 948
623 56
331 715
953 827
282 799
680 916
868 321
1038 434
995 437
107 464
845 15
398 914
182 155
719 839
622 216
260 142
772 339
368 214
480 954
826 867
576 706
155 409
230 286
996 923
490 262
822 348
990 593
259 570
45 445
310 786
846 509
44 86
450 313
1045 962
438 177
383 702
41 639
809 241
72 183
263 568
251 167
1054 271
960 406
882 36
989 496
948 641
837 970
436 919
139 160
221 102
813 832
519 766
130 117
689 618
407 961
937 423
657 120
177 441
1081 434
542 268
997 1000
110 110
103 865
556 351
712 676
610 556
1090 357
420 144
479 371
740 359
379 271
675 381
375 706
934 953
161 360
968 552
584 146
716 970
507 948
534 41
480 897
918 487
621 458
547 19
288 394
663 864
258 230
144 612
733 616
901 956
511 877
650 685
131 481
29 718
742 265
632 971
368 641
726 495
584 868
520 314
791 361
990 605
18 673
56 306
796 491
489 706
986 646
684 618
638 985
884 907
868 163
873 584
894 954
479 862
436 652
18 403
232 120
738 676
372 848
567 407
827 320
624 461
610 534
592 914
1050 137
831 184
73 998
178 553
708 972
707 814
930 406
638 35
303 658
363 844
469 722
152 998
363 970
1019 548
666 378
130 695
694 185
1080 554
631 74
905 913
630 480
169 611
987 885
650 899
57 516
97 120
604 293
707 740
1 446
213 726
1065 906
847 384
346 225
950 498
232 622
767 236
249 718
16 611
238 62
440 874
586 102
662 240
132 547
143 923
51 439
609 525
36 199
862 586
205 979
292 655
781 961
612 879
289 933
119 632
426 822
479 452
477 983
1090 989
648 743
114 316
579 754
990 888
1036 554
466 198
413 59
476 703
1066 853
297 158
770 478
329 575
396 492
639 790
125 47
966 535
206 341
426 782
385 512
330 272
499 940
305 165
722 294
433 860
114 781
955 468
37 588
306 515
930 430
509 409
987 29
1081 450
466 747
24 690
325 81
782 490
920 103
967 672
908 651
248 97
133 321
55 73
200 569
122 768
1031 453
104 45
833 207
628 528
478 550
816 557
78 937
424 502
839 394
55 357
864 292
780 55
438 199
872 542
226 766
740 670
779 873
835 460
982 185
58 178
181 333
291 141
28 619
1016 44
774 519
1046 176
50 668
233 869
619 620
405 174
545 925
819 432
661 94
361 926
377 978
920 551
1014 558
1057 921
885 29
491 479
23 71
124 329
118 457
43 880
485 907
914 243
187 317
916 617
5 859
73 602
339 254
244 219
354 159
150 136
641 508
735 765
568 678
233 480
933 543
485 374
570 317
53 956
413 995
154 183
550 635
326 549
667 458
25 294
260 500
451 574
1043 942
709 514
730 938
738 254
126 839
956 981
735 187
250 155
54 243
971 900
281 67
418 945
849 776
607 158
46 915
412 607
936 50
630 269
30 291
285 740
214 920
616 719
203 72
110 977
291 864
273 158
584 801
172 680
768 431
753 275
564 456
801 778
169 730
337 881
598 884
1026 421
716 602
438 199
937 524
416 352
474 481
296 391
1086 546
585 448
681 229
361 948
1069 576
973 777
126 814
748 449
356 570
829 229
390 266
351 66
984 650
69 152
442 74
53 496
793 334
49 614
910 176
384 580
426 974
338 995
67 227
708 763
566 676
220 981
328 125
96 68
258 78
370 342
346 691
453 316
353 452
753 714
345 562
327 744
1018 139
503 384
980 255
247 341
327 481
173 223
1065 698
891 878
213 583
442 426
216 920
978 330
316 847
131 336
419 641
90 170
200 891
272 590
409 534
693 384
499 106
985 712
378 771
431 5
527 620
524 306
716 82
884 378
425 13
784 905
412 850
161 844
33 487
679 914
252 87
580 59
497 736
159 685
321 459
786 383
368 169
192 987
1066 930
254 844
280 772
582 854
61 965
265 318
751 174
422 320
1069 713
282 951
94 621
921 972
1049 230
230 985
858 561
363 573
260 448
543 995
962 91
294 523
981 725
509 877
483 521
84 654
469 365
447 141
244 14
1077 465
521 816
310 431
684 775
61 918
183 1
287 774
468 641
937 20
243 477
840 921
431 892
348 665
898 593
209 952
696 676
634 761
984 680
892 941
111 63
140 653
635 293
612 560
845 757
512 676
358 764
135 901
10 628
1077 507
279 222
957 561
218 935
167 396
248 744
861 684
1047 252
587 629
678 234
262 99
999 869
21 326
508 436
1045 583
845 543
118 139
741 397
66 161
809 204
736 904
437 872
233 361
516 19
468 93
323 644
238 11
602 868
681 947
705 823
745 520
484 516
640 658
99 439
880 101
263 87
72 139
356 927
645 680
818 82
338 602
140 601
1025 461
209 730
163 656
730 217
491 270
277 943
131 866
270 775
761 87
942 749
53 931
660 442
559 122
1046 336
777 626
295 111
312 677
946 163
386 715
943 129
356 264
496 336
679 282
293 588
910 902
383 316
765 714
91 874
435 147
533 175
183 418
567 934
567 856
204 810
170 137
178 949
1049 901
977 239
415 935
488 96
590 162
633 984
134 119
712 523
206 811
31 395
647 40
48 240
722 137
641 177
619 197
918 948
420 358
237 749
249 372
162 34
125 361
723 543
1018 283
321 680
680 932
484 264
690 624
37 596
9 303
223 795
246 272
554 184
283 719
529 37
150 168
813 411
641 511
843 82
281 459
1009 277
885 780
882 874
7 644
404 251
67 385
451 511
202 284
493 47
382 18
18 868
627 643
609 378
816 364
711 810
272 444
121 605
819 971
653 847
585 163
632 424
581 102
727 199
180 229
1086 805
759 914
973 162
600 19
703 522
416 30
20 422
590 294
305 967
447 645
924 283
656 196
140 950
902 968
668 914
859 705
333 765
207 644
106 123
570 234
1028 699
220 926
939 463
896 732
256 572
601 380
292 693
282 508
48 416
1072 187
1043 916
987 391
618 882
361 130
424 493
740 865
1008 498
472 239
888 991
564 522
327 234
150 883
896 516
631 17
169 664
409 720
96 91
419 164
127 5
705 250
892 666
592 318
991 622
493 191
305 169
275 760
684 938
786 236
500 356
1018 209
536 437
654 960
1090 411
120 346
800 460
105 837
827 517
661 676
604 989
713 829
210 22
518 866
920 223
692 796
608 679
833 722
165 744
161 983
541 394
651 803
83 355
767 740
843 804
386 919
503 118
139 398
147 9
197 712
1002 262
726 38
323 521
736 944
444 276
964 230
1023 113
1069 210
686 205
427 276
103 145
232 591
829 695
514 97
445 335
763 697
184 750
14 919
384 205
345 299
1028 356
777 179
847 246
22 648
266 83
721 193
772 595
746 470
198 796
690 512
227 124
882 677
250 213
586 204
265 846
601 775
218 908
303 26
523 594
646 217
1085 242
78 83
488 606
763 610
43 268
219 18
856 901
652 440
137 626
153 742
1065 299
904 450
302 207
407 159
911 129
1061 570
434 724
286 666
671 164
787 549
42 96
127 511
961 286
1034 841
548 502
979 399
735 705
1041 684
644 451
497 933
1085 627
532 762
260 503
299 620
998 18
81 534
670 381
61 115
1024 893
636 956
61 673
274 709
50 527
863 176
145 937
548 120
15 237
122 22
608 547
390 807
663 2
868 601
589 708
568 3
120 523
985 675
937 295
879 471
856 224
823 872
29 821
459 297
833 145
386 881
711 893
728 812
897 848
261 343
662 822
743 476
267 327
23 233
692 145
1001 720
170 657
361 259
960 645
887 363
1069 765
206 162
221 758
1027 936
446 287
447 362
530 954
381 295
386 320
278 268
532 31
442 898
7 991
229 251
925 648
555 299
98 435
712 974
1042 954
870 497
702 886
542 754
261 259
735 633
51 112
330 124
686 268
1038 582
302 470
469 851
37 936
816 184
655 49
205 266
104 103
420 121
263 688
19 600
166 335
909 781
483 768
378 943
987 344
694 140
691 32
724 368
823 142
764 224
87 1000
141 50
270 597
130 288
984 468
699 535
467 138
837 541
124 938
507 505
191 195
779 525
717 259
1 806
710 681
644 410
843 987
1048 250
148 764
1002 769
754 280
45 504
616 830
56 476
24 552
122 329
209 454
752 858
110 194
803 336
456 214
351 191
353 774
297 757
1090 293
1027 36
1025 926
1034 821
974 54
553 299
534 252
593 817
741 803
428 120
859 675
339 823
207 537
116 636
851 452
504 202
911 120
302 907
3 726
789 814
954 872
833 668
413 596
1055 439
670 835
1082 894
1042 798
999 459
857 675
341 279
553 743
257 73
1064 14
917 79
662 187
470 789
161 913
1044 140
285 332
855 10
425 850
946 862
473 467
596 260
687 359
91 256
731 636
404 802
112 478
303 844
902 430
479 541
490 598
400 445
900 494
275 943
339 999
876 54
1040 706
393 427
357 105
172 486
342 621
921 523
344 236
680 289
710 755
557 833
906 470
852 20
336 919
724 256
537 672
794 559
973 216
258 8
975 292
376 853
979 130
132 639
937 796
389 546
544 312
620 575
903 87
800 762
8 185
546 831
367 150
242 373
131 342
516 956
774 608
251 486
267 778
587 68
256 334
168 555
349 562
520 411
228 307
57 373
831 749
275 353
78 44
117 655
597 578
789 79
649 123
574 552
1020 165
31 753
74 460
736 766
472 102
670 862
1088 479
878 553
400 393
885 532
18 53
235 983
941 252
76 608
651 574
21 54
164 888
883 763
861 486
298 897
808 766
631 440
291 131
600 397
274 107
1068 807
92 214
458 25
143 782
160 69
531 287
195 488
1057 352
64 206
133 90
39 79
514 683
474 520
111 378
914 63
674 890
191 134
186 769
209 962
224 156
3 958
1071 273
458 236
475 946
828 588
325 102
166 318
605 72
248 229
1019 255
630 744
482 413
158 105
980 910
603 869
121 205
842 620
561 332
664 41
135 909
753 507
1039 623
318 987
354 795
295 417
107 646
417 527
1005 612
503 55
183 637
752 252
735 999
359 55
451 22
965 77
470 981
636 124
388 396
93 603
392 908
480 674
314 157
346 569
3 215
265 762
935 454
161 124
953 741
495 611
500 127
416 319
971 249
141 489
953 919
387 365
450 108
375 445
662 815
494 434
227 422
265 210
430 670
389 752
315 33
920 102
634 440
866 427
258 722
629 166
305 938
380 537
223 936
412 76
138 335
116 117
1067 999
692 174
898 453
151 344
833 541
512 833
202 504
358 376
454 563
927 216
848 981
925 867
785 791
569 51
1022 1
283 811
461 419
341 197
726 140
792 1
571 360
795 956
66 595
650 480
265 589
967 616
415 112
538 802
397 979
940 819
1076 532
57 440
271 949
803 173
611 817
501 964
825 534
353 232
893 458
280 6
400 30
165 876
104 20
300 422
983 710
621 140
1061 736
961 756
547 471
885 310
184 783
147 178
355 489
288 874
156 459
973 305
931 712
917 906
829 387
284 34
29 517
1004 413
323 990
196 590
229 577
794 471
774 974
690 528
32 837
878 510
779 882
822 44
1084 182
666 284
963 614
58 485
166 737
569 525
88 465
952 337
268 618
912 523
936 793
663 886
507 925
614 959
928 471
1087 870
908 913
480 883
155 916
165 711
985 366
235 427
319 369
617 279
665 68
787 253
1062 936
419 102
527 129
294 642
422 183
842 540
129 162
295 85
452 291
233 819
427 518
55 619
136 176
628 385
883 737
1001 746
96 80
405 705
525 886
392 531
311 135
855 972
170 700
328 147
439 849
410 28
583 530
66 941
1017 84
1046 542
685 873
1074 998
537 286
1089 195
787 215
830 460
838 656
572 614
122 387
555 814
595 101
159 894
1024 440
1081 713
644 845
796 467
745 880
418 186
406 462
803 24
1021 141
252 18
127 769
1032 225
391 789
415 338
870 559
245 313
715 513
884 686
107 405
290 867
4 544
475 157
1089 696
511 305
179 433
514 437
439 61
489 438
1053 505
559 905
311 210
148 796
69 502
458 222
398 591
108 255
916 465
521 749
811 540
1002 114
25 697
7 523
204 696
934 45
365 981
280 813
504 236
452 342
405 387
8 800
266 537
877 716
429 13
108 439
990 251
52 368
842 47
294 942
415 98
1049 98
326 769
687 221
511 493
950 273
179 416
401 589
930 39
583 52
769 893
588 598
28 579
577 967
431 805
392 280
1044 732
550 600
833 609
643 313
908 516
1001 488
535 587
1025 697
354 184
519 415
173 578
376 263
376 106
436 662
655 973
63 216
213 103
105 837
145 788
382 690
861 507
380 740
244 781
728 592
796 930
568 12
1035 498
131 316
816 596
230 577
912 553
610 505
892 802
212 389
293 194
574 391
441 500
920 938
985 508
757 683
523 746
772 164
526 629
609 60
393 73
273 516
849 955
323 291
481 42
326 7
155 682
358 691
916 359
866 755
797 242
89 573
122 927
29 496
636 980
26 248
222 91
76 841
241 734
699 277
188 643
487 154
875 991
950 181
653 67
589 214
1059 806
1000 290
367 818
483 200
346 900
505 502
99 260
841 887
96 723
151 957
1070 533
1071 846
521 790
798 750
432 963
30 640
737 554
583 902
904 956
948 853
946 762
107 486
558 413
14 251
516 954
901 100
171 992
929 392
761 869
289 150
946 155
534 590
416 196
860 137
625 96
516 652
694 139
936 828
267 325
378 553
113 955
150 177
31 572
722 3
1020 386
258 22
44 459
470 939
37 602
8 36
790 39
355 264
955 367
1047 775
783 937
651 785
3 896
160 138
415 744
118 997
770 492
975 145
31 666
413 568
705 55
819 702
759 735
71 963
545 5
1077 901
419 942
403 47
317 907
852 7
425 635
309 233
11 120
991 977
398 753
993 323
486 688
27 913
158 872
896 383
1056 954
338 478
1078 853
39 552
633 95
471 869
1085 643
543 322
23 491
216 243
199 242
226 796
80 387
13 581
798 264
776 183
428 111
894 956
107 179
880 458
952 457
758 141
292 303
116 529
526 523
853 448
450 159
828 594
692 160
297 270
454 932
988 820
105 601
420 459
797 696
569 22
1088 131
676 842
1045 461
547 855
391 325
69 120
989 325
786 629
1086 311
480 15
283 186
562 702
700 494
673 40
324 700
321 698
234 200
713 441
255 455
199 116
638 387
143 151
941 598
45 16
93 212
346 493
389 236
252 425
1059 529
548 687
12 45
445 129
131 972
106 835
334 615
341 963
173 746
657 916
422 495
640 541
879 469
338 957
658 47
912 269
894 698
399 105
826 221
792 55
254 55
278 886
583 562
476 628
84 223
772 409
40 714
911 453
898 204
184 244
1023 669
1073 164
1075 47
1056 954
756 632
784 341
715 356
696 437
521 654
612 901
687 896
814 489
445 330
881 881
242 283
629 251
700 501
473 39
1043 963
765 470
442 649
85 752
557 58
598 387
1069 421
1081 475
775 543
715 639
360 823
893 422
139 152
700 178
1022 497
458 413
1011 110
160 533
399 439
323 468
551 802
390 556
922 628
335 269
823 628
660 819
862 908
102 621
248 818
991 367
638 956
518 123
74 873
43 51
747 22
868 485
405 818
404 448
173 594
245 15
679 158
739 989
859 899
161 479
644 661
1046 32
206 233
56 422
264 935
1030 546
802 910
908 325
630 342
971 868
389 944
670 339
223 446
902 489
833 248
548 86
722 17
416 580
700 649
289 464
41 526
53 924
240 949
554 392
123 148
760 268
571 5
535 7
622 942
260 850
965 220
875 290
981 654
451 689
899 711
392 436
1078 587
411 434
372 860
700 551
50 709
317 93
186 484
88 754
356 499
792 537
153 578
829 493
384 786
244 863
89 573
420 669
1069 338
548 737
957 755
1090 987
289 65
80 160
192 273
554 578
230 577
1014 286
239 501
853 688
20 970
925 342
117 803
919 701
966 186
1065 417
829 319
484 541
878 135
276 721
316 892
1074 131
905 820
136 364
222 104
662 95
1052 868
247 869
545 356
507 528
134 319
737 513
247 428
410 856
651 10
295 552
962 231
386 453
683 157
357 535
574 800
988 958
804 76
622 134
652 432
1004 930
536 164
989 191
120 390
135 48
222 672
334 657
800 95
548 862
49 478
160 352
175 994
858 878
317 549
47 770
171 247
886 570
212 350
176 320
871 823
179 320
44 106
823 722
711 435
197 400
788 345
412 727
779 511
937 284
1046 538
1045 416
976 877
349 865
660 853
619 165
587 92
118 802
807 58
941 278
1053 571
633 460
605 423
1032 939
959 730
120 43
628 289
117 712
690 771
626 196
57 427
530 461
924 565
926 615
49 72
312 278
138 767
1034 732
632 176
315 778
494 73
148 720
17 844
614 2
784 316
990 389
279 930
25 183
588 763
378 554
935 95
420 633
504 73
96 295
163 977
1067 724
15 824
56 778
236 190
506 621
1083 448
1045 311
604 791
137 878
912 236
637 870
954 215
38 832
852 414
43 419
293 802
668 364
533 291
625 309
141 535
223 594
1038 121
171 614
310 909
446 394
369 423
531 789
419 637
134 588
925 772
201 241
215 701
633 29
712 571
968 449
278 811
69 583
825 960
392 800
1077 766
980 736
640 898
1060 701
39 999
635 774
850 518
892 727
680 325
422 970
975 212
642 773
519 67
495 12
668 160
610 240
1024 473
1043 998
279 33
81 333
1033 937
240 280
1070 129
546 888
53 203
668 523
519 975
615 939
572 500
958 582
58 664
90 318
269 154
58 537
960 155
78 971
223 11
466 220
1068 436
305 368
604 660
97 509
569 23
806 760
630 149
166 463
44 282
387 288
380 183
613 125
188 543
1034 960
958 118
287 370
561 389
521 36
373 424
450 43
705 155
516 811
190 132
960 132
767 156
628 860
1025 644
913 590
640 79
1086 97
242 521
292 67
286 918
851 386
1043 717
369 552
445 805
660 303
122 492
51 770
1041 962
407 83
670 760
55 576
556 643
1003 98
1018 778
988 337
2 839
406 990
631 460
755 324
639 961
461 226
256 799
536 848
724 187
839 292
69 888
460 47
163 86
16 79
475 912
590 805
974 430
69 189
270 856
683 263
949 74
1091 674
310 68
1036 348
415 459
156 368
456 208
619 521
821 758
706 419
747 355
797 166
930 634
1078 719
660 177
519 486
299 542
1055 974
146 388
859 125
501 516
172 274
674 444
755 440
962 887
684 429
235 525
391 626
615 8
89 403
50 306
33 429
533 660
112 831
625 973
1018 452
231 691
774 636
837 803
138 89
851 252
365 78
446 734
525 739
1065 661
674 827
468 855
554 933
695 595
204 978
241 864
690 116
1087 698
143 662
506 87
86 361
277 209
766 698
111 51
169 575
344 802
539 410
698 845
959 526
641 624
867 134
708 210
329 740
490 89
321 945
794 610
141 299
856 693
518 692
741 276
361 352
464 17
1025 117
256 785
399 117
119 187
282 818
714 90
166 659
404 602
1041 524
902 489
437 212
941 257
144 806
395 144
213 142
83 845
857 99
912 357
357 553
249 727
964 493
239 451
564 590
456 301
152 862
673 733
510 2
353 338
967 593
11 784
276 434
497 325
134 684
52 603
367 16
864 840
1060 980
573 348
170 214
302 713
302 871
196 134
518 255
704 252
603 837
400 791
146 602
1054 997
803 788
859 988
1078 824
680 475
722 77
257 625
803 449
459 195
404 83
538 405
936 682
616 231
1026 85
211 862
898 869
401 256
430 522
397 123
954 631
908 347
1063 75
210 191
899 739
619 617
763 484
310 457
975 256
505 239
220 787
684 811
423 134
298 430
171 442
617 979
911 587
844 693
225 885
515 794
348 188
124 84
132 68
722 271
136 234
945 703
1087 879
700 192
850 38
881 88
988 906
37 11
283 518
902 953
202 971
18 729
604 196
642 242
139 804
9 459
375 400
942 295
870 419
547 49
1021 900
134 686
905 278
839 147
41 398
875 22
756 888
995 242
504 613
955 43
274 286
1045 549
82 294
880 486
863 73
29 265
279 744
994 210
777 982
331 589
740 385
605 69
505 754
653 993
1060 795
1084 375
1028 19
526 664
556 559
207 583
937 94
783 339
507 21
1055 691
906 855
448 683
790 851
879 169
519 351
279 317
821 674
506 322
790 566
439 506
480 273
333 643
154 283
746 502
868 491
780 667
493 868
531 735
70 926
205 871
902 774
304 772
203 190
791 867
430 424
168 306
939 73
205 619
361 395
397 769
881 795
804 673
777 47
1068 75
330 579
786 989
421 882
212 316
935 336
180 807
971 733
292 174
103 305
345 988
166 793
137 967
855 578
112 248
644 955
25 260
514 776
703 800
132 952
695 426
355 774
928 615
921 445
242 542
153 464
52 335
117 31
1071 188
650 874
200 620
998 964
1066 448
325 460
339 99
621 105
735 322
900 314
43 955
851 635
721 737
811 766
272 843
311 18
1043 788
488 469
167 672
1081 904
921 524
107 92
873 17
314 815
1038 414
711 698
691 534
848 21
995 594
493 62
32 58
689 422
551 819
148 140
976 357
862 880
947 955
926 26
80 122
822 81
562 777
706 861
61 243
48 407
976 264
19 836
95 410
1038 695
230 678
981 803
782 906
891 403
779 718
160 384
973 412
450 17
958 628
151 258
624 533
999 355
687 332
398 565
9 626
783 761
220 484
481 936
956 221
342 274
956 138
328 779
777 181
1029 653
849 685
848 779
929 22
1047 145
745 505
943 436
515 485
633 489
424 794
82 286
241 332
225 323
604 309
993 580
724 697
793 652
983 964
446 644
90 640
673 17
183 706
1010 712
806 713
84 790
845 678
518 151
169 731
348 642
249 461
154 581
468 326
510 955
1014 149
932 717
259 449
81 625
848 890
908 361
371 681
712 696
17 415
591 370
272 916
1055 481
672 359
579 536
932 42
668 73
264 594
855 174
768 963
500 802
753 567
43 6
685 834
557 645
537 117
168 583
441 34
419 607
455 137
849 709
743 505
360 391
515 322
523 848
65 528
660 48
1018 401
45 321
585 726
685 454
258 763
444 677
889 228
959 382
970 848
111 246
664 362
1061 581
897 242
1078 346
240 664
1081 956
599 195
365 814
953 965
807 523
617 817
981 805
511 600
654 291
492 485
1083 684
867 762
226 862
281 161
450 427
223 465
580 427
348 982
375 208
473 835
709 921
875 349
1011 755
883 790
889 295
493 153
290 28
186 969
459 664
42 46
989 748
617 449
192 207
543 2
1029 95
142 549
217 990
207 117
663 641
83 362
688 779
60 955
279 365
936 156
337 156
836 731
437 309
166 547
704 767
911 359
595 903
395 624
871 210
622 353
234 702
643 398
911 862
603 830
49 405
307 709
950 771
194 42
26 41
1013 432
682 257
200 948
277 734
874 852
91 276
499 414
617 850
318 141
433 970
20 647
11 105
633 861
215 865
785 51
292 12
101 586
396 685
943 618
543 156
87 376
501 324
485 886
909 498
296 289
230 727
609 854
671 876
652 875
461 724
959 580
906 754
13 957
1007 159
87 379
140 839
162 987
475 643
583 605
747 293
467 654
480 712
933 331
394 877
945 115
403 2
196 196
406 567
929 629
309 926
195 53
222 75
373 555
309 115
476 776
981 746
591 971
316 945
695 448
849 327
729 902
963 567
618 586
611 163
389 406
18 632
735 918
524 632
935 708
252 849
783 461
794 386
138 367
54 50
644 29
314 35
948 721
821 253
366 231
652 531
934 408
932 827
686 461
493 840
680 326
735 479
247 989
830 117
47 125
879 428
449 934
929 591
534 649
946 378
1006 369
2 55
713 607
630 159
220 340
761 589
191 387
561 546
524 325
642 448
270 961
834 220
745 617
1022 129
743 990
399 584
783 968
453 594
1037 22
273 991
164 272
526 427
714 842
799 319
724 187
896 543
153 769
885 929
480 434
787 525
80 775
271 135
228 438
84 247
213 157
934 144
851 595
548 680
499 914
260 120
468 428
578 158
621 144
488 475
318 703
165 754
178 790
201 602
55 282
448 863
218 246
615 561
1057 477
961 377
1068 62
520 183
435 996
916 985
909 872
582 320
38 349
1004 335
844 250
255 520
470 229
796 977
377 683
188 675
425 480
1026 75
105 997
657 175
447 501
842 211
45 573
5 339
793 517
700 793
538 114
437 109
586 373
269 999
231 865
40 328
593 707
215 698
545 553
23 95
883 346
186 634
1079 257
379 190
457 74
499 505
85 89
812 808
716 537
619 525
755 707
256 403
283 551
317 986
626 895
343 954
346 837
37 423
1038 517
447 588
679 955
201 526
708 485
350 433
1023 979
778 753
158 844
515 587
199 80
161 486
886 675
273 172
400 974
284 649
700 819
718 777
548 739
661 467
450 861
714 643
907 237
296 384
35 314
34 455
742 709
617 474
766 207
229 427
951 349
46 946
680 409
695 953
282 856
823 404
797 623
821 683
600 585
765 596
632 674
1091 296
643 920
913 223
165 106
727 462
606 606
496 887
249 488
89 986
800 209
709 129
37 296
512 298
590 601
141 291
605 279
160 504
667 848
612 148
398 799
478 977
130 776
104 781
374 835
641 906
301 559
1015 35
744 780
791 371
205 543
419 108
530 777
966 238
919 673
777 667
1073 692
973 562
36 708
192 454
930 608
616 878
530 732
246 823
407 923
678 128
863 180
321 882
825 774
195 279
384 965
751 793
997 236
223 457
1047 102
142 540
632 479
389 525
632 617
270 271
464 657
244 758
763 48
534 710
338 726
785 156
2 413
374 109
847 44
381 913
975 882
526 221
858 505
418 957
91 143
788 307
256 719
138 366
1025 398
267 675
792 764
857 876
707 257
582 541
453 828
987 187
843 180
319 896
983 587
810 110
189 572
759 365
252 805
396 879
890 626
805 639
893 146
446 923
229 128
867 843
167 58
678 720
617 597
959 524
315 693
11 919
984 871
588 735
322 847
789 183
726 38
765 790
986 674
527 476
664 166
593 568
952 439
69 862
472 729
1078 29
960 355
19 665
33 811
58 950
1086 439
24 874
93 817
1071 968
177 644
320 572
451 753
748 619
544 145
1066 110
318 460
966 181
927 431
630 932
304 787
837 384
689 130
531 343
344 140
659 777
722 877
482 618
487 77
547 941
275 774
971 210
951 136
780 440
875 378
158 894
559 994
366 707
945 705
522 283
22 882
552 680
1002 381
799 575
780 712
415 977
606 566
296 692
987 416
965 745
261 729
1039 899
656 344
201 114
920 963
902 494
840 930
405 896
660 24
989 728
476 528
920 37
761 688
262 425
962 810
209 96
431 930
734 345
212 194
299 233
257 558
948 674
760 251
491 246
888 665
81 852
202 956
526 613
896 638
1056 625
110 520
681 545
449 652
567 642
870 900
990 162
724 846
1038 583
240 726
278 148
614 908
615 964
233 323
573 573
269 687
327 47
65 597
601 894
616 192
661 398
27 805
83 555
615 390
65 219
846 81
53 440
746 142
414 166
584 268
1084 697
1074 687
491 489
154 739
1066 11
451 761
878 522
284 447
130 477
1033 452
587 137
609 819
587 661
1066 958
1023 732
116 419
176 188
761 391
507 845
993 875
444 448
764 316
938 216
502 419
78 886
908 368
400 423
174 183
793 78
330 858
692 256
657 589
71 178
723 984
723 47
980 986
554 529
148 156
437 121
609 275
536 604
525 811
116 995
695 966
979 389
70 524
218 238
281 379
1032 304
1035 579
540 783
969 121
361 223
889 294
30 889
448 132
43 629
998 914
560 527
249 574
17 814
903 623
125 205
708 751
730 795
931 879
638 258
350 622
396 451
64 202
203 489
204 203
238 78
952 510
1011 999
324 151
345 945
1002 380
441 438
320 379
789 62
118 957
754 291
658 529
558 529
608 81
354 989
794 179
888 379
427 297
435 743
932 691
710 562
632 652
169 659
602 120
733 56
1084 644
645 211
349 118
579 184
254 871
203 627
413 860
960 494
168 949
975 757
691 158
104 843
781 712
794 771
620 906
432 297
211 297
1033 683
812 400
795 294
716 258
575 268
413 845
50 270
841 553
244 991
674 865
88 201
587 275
334 245
795 883
128 279
79 502
972 476
79 178
299 489
572 756
118 499
914 248
527 130
589 627
1004 214
421 530
243 188
534 105
607 388
70 728
84 459
784 631
271 83
1021 180
809 991
886 870
517 594
78 348
351 68
121 417
251 267
947 210
351 690
651 863
53 208
274 825
636 216
780 442
1087 676
497 541
669 808
853 646
1079 972
626 438
714 867
594 746
774 949
590 911
874 337
781 425
698 678
1073 784
91 257
483 969
142 677
314 381
418 889
466 284
798 76
866 7
319 477
925 656
397 174
488 854
21 835
983 529
380 762
453 565
909 623
205 428
646 280
1075 411
572 340
941 819
135 542
369 842
249 719
892 592
709 583
917 631
549 709
330 397
810 496
902 390
49 411
345 70
1012 699
571 22
1032 768
72 865
1026 95
634 716
511 842
776 856
963 826
204 537
983 122
813 695
800 962
286 744
329 222
1051 116
910 663
88 565
173 905
31 324
60 807
398 410
248 81
938 433
326 491
807 977
529 344
98 571
895 273
1015 907
1087 559
240 223
155 69
1053 874
215 839
343 658
882 537
279 764
421 744
452 359
360 581
65 631
286 561
608 886
854 222
242 384
1022 987
1068 679
278 915
177 530
1025 604
863 7
654 370
787 733
814 189
936 282
90 11
961 718
353 500
778 590
1015 360
381 882
115 193
799 98
373 889
790 293
312 972
557 346
281 307
746 346
213 74
885 208
879 306
851 981
782 352
557 900
1082 625
55 978
417 35
612 402
361 802
1031 842
1004 594
1043 37
941 853
894 120
446 540
223 593
257 765
406 829
43 741
872 713
900 345
356 538
1015 497
995 369
236 421
505 91
199 494
330 738
122 767
742 197
73 704
43 840
506 4
572 88
429 418
1047 968
736 53
877 426
934 710
689 112
406 325
93 785
535 1000
648 653
1006 710
617 827
810 339
1037 390
615 512
808 440
1019 847
686 968
944 280
180 278
1025 440
239 833
72 436
1072 153
6 198
1036 964
91 685
838 27
641 305
1082 502
429 6
102 776
959 810
484 8
858 414
656 690
189 645
464 417
616 241
291 840
550 755
121 712
128 13
29 160
22 76
541 452
970 156
316 796
967 968
311 163
433 974
225 486
495 358
385 170
982 668
836 599
687 597
377 72
53 152
599 579
559 139
966 466
174 831
664 162
457 783
544 983
888 845
652 98
314 421
1054 974
338 248
737 565
512 639
657 812
193 404
1010 115
875 322
921 545
362 252
793 162
44 578
603 590
479 158
829 138
484 298
162 913
620 893
1047 717
609 168
419 591
1053 277
554 348
248 566
204 88
1027 689
386 711
960 466
108 973
464 61
449 237
344 293
156 54
754 468
797 824
395 744
448 340
285 60
958 87
663 572
285 388
120 758
498 367
248 61
703 82
418 253
955 727
117 137
681 322
604 191
701 697
627 150
138 98
650 292
92 54
139 759
184 629
675 979
1070 295
859 996
119 482
667 910
1059 744
191 468
256 959
702 212
12 33
98 923
872 454
787 467
829 503
100 285
151 626
16 834
674 98
299 475
582 197
756 616
81 841
930 685
256 32
135 577
7 792
1044 277
201 711
1005 947
927 106
546 626
538 49
986 317
848 234
787 810
818 142
66 191
701 641
281 476
786 566
1079 292
68 239
372 849
140 746
856 563
100 589
550 418
14 327
1036 830
138 136
582 803
472 330
109 535
288 528
212 464
62 287
747 770
93 483
25 555
1052 557
404 732
647 775
768 172
607 834
554 393
458 379
11 541
622 449
52 267
22 31
691 955
700 702
442 487
744 410
505 128
933 611
491 164
103 732
432 396
802 553
662 3
153 950
60 2
585 496
191 551
889 230
288 837
860 472
1067 391
177 519
880 31
225 741
239 16
452 884
1009 595
676 497
929 622
467 8
500 483
607 150
180 598
578 162
785 1
566 599
672 322
122 422
108 675
908 376
673 398
970 483
59 103
827 240
923 360
817 621
832 850
207 359
628 158
739 352
221 820
1025 207
448 895
668 103
27 854
782 536
116 435
776 336
269 695
1030 17
1041 63
1007 660
192 704
1039 631
735 946
768 124
906 698
387 497
830 175
1048 240
979 300
242 963
708 346
770 492
451 795
690 463
441 896
499 841
310 745
1054 238
535 705
437 171
691 897
634 82
206 989
167 271
641 512
616 365
1063 454
49 658
96 906
343 112
588 639
837 494
531 911
541 184
397 623
963 810
470 622
452 532
723 366
315 644
159 446
714 215
365 134
962 779
393 651
270 504
3 593
449 567
946 712
291 439
754 112
6 942
552 239
250 462
746 540
835 542
183 936
74 638
367 77
487 818
992 450
1087 532
816 501
797 707
629 271
188 676
442 488
383 427
105 81
1045 829
494 649
1063 445
972 688
293 939
863 902
946 618
518 435
212 210
582 389
1042 749
1011 230
683 122
693 318
561 73
468 848
544 316
360 284
75 329
420 368
802 825
341 555
167 261
908 601
960 224
692 308
667 650
890 338
220 959
889 234
961 317
1000 599
748 747
801 132
257 912
567 542
1039 144
678 139
257 75
26 736
1014 968
903 440
129 370
924 362
958 927
621 45
53 837
553 506
492 941
135 740
351 45
940 91
264 6
211 9
483 264
170 350
507 306
140 300
365 886
581 384
284 525
216 551
175 599
941 414
210 275
737 774
61 470
302 587
653 944
191 983
94 142
666 709
733 2
54 539
239 437
559 716
163 844
400 801
269 56
375 198
751 654
542 993
573 427
669 646
1028 435
34 410
316 796
1014 214
930 159
11 359
816 832
150 855
818 927
886 538
503 737
110 59
433 676
1072 303
151 430
67 800
554 597
746 80
803 264
298 847
289 872
836 774
123 376
159 21
364 669
543 280
755 882
693 406
230 667
234 161
135 517
966 552
926 685
1091 739
437 498
324 258
977 55
1079 918
476 36
37 392
424 894
485 41
1039 812
1090 695
730 924
276 687
263 805
565 60
756 890
883 290
713 313
598 971
528 280
890 161
514 12
813 767
839 520
467 348
1078 8
345 218
693 657
939 593
926 494
40 173
384 821
760 972
328 349
869 8
1091 845
337 586
1055 358
926 716
142 750
915 417
18 550
92 446
3 558
2 743
618 955
69 904
377 304
506 101
773 533
794 154
877 231
154 806
95 536
1065 595
145 406
415 903
910 766
1061 807
73 47
279 632
914 680
306 824
275 552
827 352
210 316
52 754
364 781
1082 685
5 962
664 249
854 26
749 681
221 919
147 764
1067 659
582 550
1061 676
552 193
475 680
288 690
586 316
290 409
798 774
502 946
1060 461
576 677
987 830
616 404
625 216
671 314
262 159
812 370
165 478
908 732
556 308
848 92
794 188
390 182
56 890
217 639
1000 273
755 219
399 327
409 907
458 865
823 713
719 102
356 100
650 223
399 654
964 945
481 366
18 863
849 237
844 68
731 471
625 966
619 38
328 557
143 514
994 116
349 231
100 866
34 373
571 911
276 899
181 509
798 882
482 933
66 896
451 792
1050 351
649 511
700 558
456 878
389 343
796 533
402 698
615 839
559 983
18 44
396 33
989 432
758 922
12 815
657 407
199 462
889 52
992 297
96 49
271 662
872 931
129 303
859 729
1079 399
175 937
567 548
209 891
479 708
640 680
738 997
831 609
635 449
925 155
766 412
103 710
370 407
197 377
81 745
87 500
34 21
1025 562
1055 561
907 959
983 729
411 209
696 606
794 526
263 852
432 880
108 904
301 240
465 568
807 370
630 100
875 368
33 402
898 380
1019 953
193 172
971 248
890 49
49 270
917 986
926 627
175 90
1 685
545 592
382 512
962 982
128 747
223 871
85 137
30 471
97 889
505 669
844 729
805 212
778 916
142 584
669 597
223 179
560 193
419 567
745 644
752 224
1051 26
488 751
674 279
890 457
1000 943
75 307
730 568
116 457
896 882
581 908
598 722
145 418
510 312
242 91
563 471
649 799
314 87
827 318
887 498
586 173
77 532
936 819
295 775
149 25
966 885
664 703
856 638
794 818
192 557
614 655
411 586
918 206
957 279
616 788
798 289
964 903
278 142
164 77
864 524
491 220
351 116
590 608
1060 737
689 5
309 523
240 125
714 454
855 227
941 195
518 372
337 628
478 546
690 550
397 75
1020 818
563 108
879 732
388 84
1023 712
896 570
1004 510
629 797
281 82
627 372
971 566
809 717
425 384
119 230
237 564
678 551
675 638
481 826
985 499
383 649
108 72
228 504
430 279
298 472
581 902
616 520
401 670
1022 232
565 341
328 343
507 768
852 715
205 906
853 428
149 905
597 711
1090 981
618 8
325 740
883 695
554 934
1079 259
622 932
481 318
980 645
304 164
1030 275
327 225
275 561
365 388
176 49
422 733
958 506
1072 600
26 706
310 184
503 166
64 475
274 304
705 775
199 146
184 263
428 534
816 210
908 955
451 221
202 562
813 674
652 116
231 149
420 973
280 883
275 519
526 591
238 878
279 492
1014 695
225 733
1062 583
459 662
528 896
629 989
9 726
5 517
357 647
1057 346
449 950
676 69
1076 211
959 673
545 869
679 370
489 832
388 690
844 96
445 636
989 489
485 295
329 489
608 747
427 712
985 491
132 214
444 834
27 842
448 803
523 680
847 59
8 747
20 89
658 610
252 85
640 504
494 766
839 678
591 307
142 59
718 749
783 975
144 741
700 156
325 355
198 124
87 983
842 162
72 77
317 381
777 107
63 958
300 192
387 957
1058 426
237 694
432 619
710 418
604 643
440 156
572 637
854 727
411 732
618 126
1 486
842 927
236 711
177 420
28 283
385 415
45 162
93 834
850 361
192 403
117 941
193 880
904 605
827 499
35 518
811 27
355 955
132 434
438 705
97 730
125 970
609 213
589 25
343 42
130 463
701 811
49 134
234 962
564 763
955 190
956 856
369 325
109 34
270 632
943 77
632 109
997 814
275 842
83 174
871 617
117 346
570 542
492 599
106 824
357 957
789 320
477 270
923 775
809 419
1006 231
1042 545
770 265
542 193
254 800
719 514
43 44
348 243
293 154
848 887
665 17
836 475
452 449
219 744
510 808
979 116
292 582
828 299
1081 188
927 675
342 211
115 94
593 835
95 142
936 541
788 555
594 36
576 122
296 899
500 161
691 646
1055 547
834 82
268 125
215 679
411 946
559 688
446 852
199 57
283 526
855 80
500 424
745 493
139 230
382 927
587 15
542 665
479 427
792 284
279 836
887 775
980 534
182 745
74 113
49 757
261 485
155 562
355 971
75 209
284 688
347 400
172 365
547 858
26 879
811 216
639 262
84 931
926 742
599 319
534 412
473 88
789 654
237 83
779 2
553 544
707 332
425 262
950 361
364 656
292 655
52 964
482 255
612 376
419 899
510 214
296 529
1089 931
610 206
775 401
833 336
825 231
726 322
512 827
48 326
158 595
1032 16
494 867
189 730
75 778
703 501
483 217
58 280
495 534
448 293
506 45
925 150
1057 961
169 759
172 774
404 40
161 453
889 976
994 582
816 313
378 688
329 317
185 31
933 406
98 195
567 654
219 839
738 240
436 971
1033 341
1060 439
859 260
10 347
646 208
319 728
353 921
366 809
108 859
275 800
961 989
288 63
1062 408
88 385
1025 516
130 649
200 469
213 724
782 597
30 711
461 118
97 780
937 56
77 224
976 644
241 491
541 638
741 530
572 851
631 8
943 216
773 522
368 502
256 616
885 648
975 909
360 61
957 365
366 568
631 861
590 177
262 33
86 160
428 968
896 620
101 892
209 196
365 576
886 10
103 328
215 863
96 390
527 248
104 237
141 767
758 717
286 354
613 285
459 788
1089 272
942 461
89 782
649 703
964 420
834 490
675 743
177 51
176 15
607 229
1043 912
964 607
886 924
48 918
829 562
907 533
739 968
978 877
996 535
119 544
705 509
327 169
124 429
601 803
322 879
55 203
187 430
843 859
823 25
599 135
822 609
900 48
656 970
332 686
724 582
94 834
1070 343
61 213
174 817
1016 484
810 319
891 688
897 198
124 909
590 230
680 68
849 745
1 828
737 585
1047 392
749 162
692 156
1035 734
922 832
257 649
614 279
855 292
263 443
486 278
1 31
942 681
177 329
225 46
250 524
921 511
770 311
1043 571
843 467
808 264
1009 791
120 791
750 569
913 633
58 13
4 633
53 209
854 998
283 337
854 16
569 539
75 320
16 957
288 282
170 819
815 320
124 979
487 714
374 928
686 263
238 199
26 392
290 394
542 314
622 693
373 101
24 83
411 756
794 865
382 617
312 306
577 254
705 596
979 251
619 622
569 387
29 618
140 322
1022 162
675 969
509 353
12 974
324 576
921 832
667 855
35 548
416 896
538 971
841 944
756 71
130 40
487 945
324 516
438 997
602 526
1089 197
691 921
546 815
349 37
132 258
303 862
655 944
6 984
539 648
617 48
968 615
715 586
201 194
692 363
231 24
496 849
147 332
999 850
753 628
342 862
925 597
1087 879
744 466
135 791
804 88
844 304
363 471
704 348
1076 711
402 837
272 287
283 680
640 478
854 310
601 570
343 917
230 518
605 784
112 68
793 608
547 771
783 605
230 429
14 716
301 855
406 715
543 539
946 37
898 23
96 578
672 719
584 185
401 980
883 70
851 9
1004 706
654 442
875 259
508 870
419 85
468 642
549 756
845 546
416 953
504 51
741 648
535 10
574 821
1012 404
897 12
548 193
261 720
753 737
667 442
570 105
923 983
133 430
838 444
350 795
770 70
8 764
606 513
714 657
