
200 2228
482 485
257 326
286 248
517 421
404 322
713 795
45 43
924 845
873 955
160 252
1 9
838 901
40 122
58 94
676 738
627 574
766 715
862 882
405 367
923 984
379 299
461 433
612 682
133 72
813 874
97 138
908 856
165 145
996 995
623 529
220 199
298 277
157 97
723 719
144 242
48 107
129 122
148 70
35 98
644 600
632 645
272 267
1040 972
977 895
312 213
778 748
567 487
965 923
1 29
616 674
569 540
628 554
493 467
76 46
733 710
575 553
288 191
775 724
723 730
912 988
64 90
354 340
565 549
210 196
922 865
775 678
566 570
934 936
626 722
742 651
194 123
485 431
483 508
617 585
876 853
653 642
896 992
652 725
220 286
727 812
900 859
563 663
56 88
157 179
280 187
537 619
284 261
920 846
124 192
239 261
459 514
931 886
504 530
910 849
382 294
795 799
485 391
351 330
289 298
865 790
250 275
738 826
75 72
788 866
947 951
651 748
595 685
993 956
663 564
265 183
338 400
637 721
206 207
328 323
618 611
64 116
139 109
806 795
412 343
912 862
715 685
1 10
929 881
1025 984
410 403
273 360
507 449
450 541
174 272
882 877
427 359
787 707
355 308
734 770
1 30
248 208
397 311
159 100
874 939
449 422
857 785
286 370
976 989
908 969
103 143
1071 972
1 28
117 61
697 638
424 348
439 347
74 66
442 391
568 638
195 295
854 826
281 196
433 449
845 855
224 143
487 487
181 140
496 564
690 615
124 135
575 564
374 360
766 793
149 163
776 859
793 760
674 711
696 662
90 159
732 660
214 268
935 948
228 315
619 676
349 341
734 689
964 894
644 706
484 490
491 478
628 671
1009 932
944 899
315 237
92 187
554 472
757 772
88 98
952 906
818 911
628 635
316 225
818 823
255 164
432 343
446 682
806 425
955 993
329 834
821 429
577 659
620 44
458 48
76 716
396 83
447 226
806 791
977 584
68 61
52 65
151 936
514 407
206 755
170 344
184 463
168 355
785 596
891 896
327 129
346 282
1019 832
367 891
179 226
475 795
498 505
538 876
981 103
804 794
1038 675
1024 948
139 469
586 384
512 162
465 365
697 349
1039 65
239 829
240 814
530 748
23 616
875 203
873 19
4 766
874 253
952 226
595 346
988 589
419 818
625 207
450 603
513 220
809 849
851 688
983 923
688 175
334 346
694 144
278 665
318 941
535 445
909 512
390 766
802 492
1026 317
213 680
738 505
510 401
3 204
262 588
768 170
953 436
295 908
1062 976
142 875
586 51
778 127
966 387
693 145
796 312
592 771
214 795
703 857
938 847
907 69
388 172
718 890
710 588
79 21
915 834
375 549
870 573
320 477
70 866
974 822
505 186
349 76
389 179
416 9
448 369
990 781
967 788
757 69
258 130
1023 394
520 474
558 691
104 323
186 317
363 161
1034 46
615 490
808 890
412 469
401 902
309 377
623 735
696 11
31 554
630 650
992 977
728 126
773 84
429 118
4 617
380 963
551 460
877 376
50 256
776 139
729 845
737 930
94 250
697 812
812 483
881 495
975 182
425 439
235 741
638 592
161 131
945 855
430 831
837 452
554 497
728 448
346 11
721 418
645 859
788 67
876 670
254 299
666 309
633 81
1046 487
417 815
946 748
684 518
895 49
345 724
769 700
1065 347
382 304
699 293
661 640
794 284
41 901
869 356
385 533
264 711
688 544
681 226
307 696
571 96
355 598
840 180
330 547
7 589
550 752
116 505
294 581
1049 364
611 111
270 224
1 34
268 620
654 725
1044 633
286 532
711 522
840 900
850 629
1002 175
891 86
535 475
734 367
