
500 2418
585 485
194 94
426 326
606 506
348 248
516 416
521 421
1092 992
422 322
749 649
895 795
337 237
143 43
557 457
945 845
915 815
1055 955
546 446
352 252
522 422
109 9
891 791
1001 901
459 359
222 122
767 667
194 94
698 598
838 738
107 7
674 574
644 544
815 715
434 334
982 882
866 766
467 367
1094 994
1084 984
993 893
399 299
733 633
533 433
231 131
782 682
528 428
172 72
800 700
974 874
717 617
238 138
974 874
956 856
820 720
245 145
519 419
1095 995
894 794
629 529
296 196
299 199
1097 997
377 277
216 116
197 97
1008 908
819 719
639 539
342 242
807 707
207 107
669 569
222 122
637 537
170 70
1031 931
198 98
826 726
700 600
587 487
745 645
872 772
367 267
613 513
1072 972
181 81
995 895
1043 943
313 213
158 58
848 748
403 303
587 487
864 764
1023 923
636 536
129 29
824 724
774 674
889 789
640 540
579 479
654 554
242 142
567 467
439 339
146 46
741 641
810 710
296 196
653 553
594 494
291 191
166 66
824 724
924 824
830 730
308 208
1088 988
811 711
190 90
900 800
440 340
414 314
649 549
389 289
296 196
501 401
965 865
566 466
778 678
789 689
670 570
933 833
1036 936
325 225
822 722
344 244
751 651
949 849
223 123
213 113
531 431
479 379
608 508
461 361
685 585
165 65
953 853
586 486
742 642
786 686
1092 992
386 286
825 725
989 889
386 286
124 24
912 812
591 491
959 859
991 891
763 663
190 90
188 88
281 181
279 179
314 214
287 187
117 17
719 619
572 472
361 261
518 418
946 846
519 419
292 192
456 356
361 261
782 682
614 514
406 306
986 886
301 201
630 530
485 385
949 849
1052 952
394 294
600 500
899 799
294 194
491 391
837 737
430 330
424 324
398 298
1092 992
890 790
324 224
375 275
360 260
926 826
197 97
172 72
310 210
966 866
749 649
1051 951
1019 919
848 748
163 63
785 685
1058 958
1056 956
904 804
664 564
618 518
283 183
528 428
500 400
637 537
821 721
446 346
307 207
253 153
423 323
1071 971
711 611
762 662
216 116
297 197
209 109
191 91
895 795
629 529
443 343
226 126
962 862
847 747
785 685
569 469
110 10
870 770
981 881
1034 934
1084 984
823 723
503 403
995 895
460 360
668 568
549 449
272 172
641 541
1058 958
372 272
483 383
977 877
408 308
459 359
1070 970
807 707
683 583
408 308
148 48
870 770
1030 930
130 30
669 569
308 208
103 3
411 311
120 20
200 100
709 609
1039 939
987 887
522 422
925 825
885 785
1030 930
470 370
1004 904
1089 989
341 241
1069 969
479 379
243 143
476 376
1072 972
1062 962
128 28
989 889
161 61
543 443
738 638
316 216
448 348
438 338
447 347
260 160
166 66
506 406
491 391
259 159
738 638
131 31
395 295
304 204
926 826
520 420
296 196
253 153
549 449
525 425
955 855
431 331
243 143
665 565
587 487
938 838
240 140
109 9
664 564
1018 918
715 615
633 533
235 135
332 232
664 564
1057 957
460 360
691 591
893 793
676 576
263 163
846 746
959 859
477 377
860 760
958 858
811 711
186 86
762 662
534 434
259 159
658 558
760 660
379 279
368 268
940 840
1048 948
835 735
415 315
674 574
776 676
226 126
441 341
1012 912
789 689
839 739
994 894
921 821
806 706
725 625
590 490
1017 917
578 478
301 201
771 671
1093 993
1032 932
249 149
999 899
152 52
337 237
859 759
287 187
367 267
572 472
356 256
872 772
883 783
198 98
217 117
1006 906
616 516
1011 911
280 180
735 635
125 25
325 225
480 380
923 823
812 712
264 164
366 266
443 343
316 216
832 732
548 448
602 502
641 541
840 740
764 664
676 576
1054 954
712 612
826 726
1002 902
872 772
554 454
631 531
511 411
1043 943
1073 973
850 750
803 703
427 327
950 850
1017 917
177 77
105 5
320 220
213 113
902 802
1013 913
503 403
891 791
281 181
1098 998
110 10
959 859
625 525
445 345
1019 919
531 431
768 668
775 675
627 527
933 833
562 462
538 438
391 291
623 523
705 605
1016 916
557 457
520 420
505 405
215 115
517 417
760 660
379 279
361 261
785 685
872 772
696 596
488 388
407 307
864 764
324 224
943 843
422 322
306 206
940 840
507 407
1075 975
739 639
501 401
952 852
191 91
642 542
427 327
160 60
430 330
857 757
282 182
182 82
703 603
737 637
893 793
193 93
715 615
714 614
833 733
236 136
964 864
287 187
116 16
202 102
963 863
1072 972
1087 987
263 163
406 306
601 501
134 34
577 477
828 84
253 328
111 128
903 546
662 286
906 922
152 810
960 903
430 919
312 496
301 943
679 630
124 15
117 835
882 324
512 35
994 245
804 607
1046 620
650 113
788 355
544 988
144 773
1082 502
1010 371
311 138
1093 435
913 745
800 507
219 509
460 775
405 652
576 672
491 608
189 709
327 432
299 953
556 428
384 902
271 963
103 428
813 102
477 816
247 845
579 722
1065 569
115 663
1066 866
771 373
507 322
930 385
531 541
425 731
866 234
241 380
861 46
598 692
249 592
410 333
612 811
535 162
702 643
381 489
569 868
467 124
136 357
905 159
978 424
396 374
361 721
269 901
255 516
325 530
622 405
251 101
149 830
445 107
773 435
509 964
800 234
757 851
374 635
997 538
1030 239
242 556
164 877
1031 83
1067 396
436 743
362 619
606 452
674 923
323 890
873 902
945 368
980 431
184 13
440 139
1023 534
625 8
147 577
495 794
266 589
990 476
511 40
1030 204
1030 758
868 395
735 707
626 621
164 555
333 876
744 759
857 986
510 160
887 311
822 985
501 753
171 161
489 45
711 915
154 305
627 353
433 603
961 774
748 634
501 332
132 977
711 757
657 764
154 923
869 325
104 398
884 539
280 150
969 839
389 992
638 981
276 169
568 350
484 151
1018 737
1063 692
369 138
800 14
497 279
806 32
781 729
408 752
557 256
707 511
188 127
555 459
612 375
150 583
660 160
562 873
562 212
1085 912
657 107
131 136
328 449
983 335
695 226
231 433
894 21
873 692
559 641
601 549
291 560
1004 711
920 296
687 376
979 82
568 987
560 557
125 378
676 500
448 769
1045 470
1013 533
746 333
384 566
444 811
945 171
690 268
176 683
538 799
306 439
531 500
233 405
903 897
691 716
543 346
969 651
225 288
736 275
1074 220
325 258
416 716
555 697
281 97
194 848
368 867
504 433
819 121
754 798
919 784
1008 155
408 111
480 243
303 964
503 817
413 763
889 857
934 562
725 241
719 15
270 509
322 848
1079 853
180 403
774 910
525 232
537 611
367 874
465 153
209 730
872 560
505 152
999 621
1049 804
265 347
611 193
752 413
432 866
846 986
991 615
824 385
576 177
1095 774
221 396
154 36
370 351
580 657
350 88
386 378
713 935
541 157
570 763
387 372
205 454
1086 993
272 529
152 511
1044 964
430 431
959 480
182 544
850 716
371 912
728 677
1066 75
536 93
532 34
441 480
687 964
359 924
837 322
774 270
993 868
817 342
1035 27
990 900
577 681
996 457
986 124
991 147
343 146
451 333
777 412
766 714
109 518
1049 49
832 358
564 246
191 426
845 474
1067 641
1044 26
982 767
938 503
787 242
900 750
300 305
276 628
870 350
259 702
1035 897
795 204
157 421
308 3
869 695
415 193
714 210
648 967
977 569
906 932
956 11
129 46
487 260
844 849
171 266
345 175
529 819
627 217
515 218
251 110
991 675
384 137
868 347
276 255
706 338
1082 581
318 209
932 368
369 466
614 903
454 850
802 170
338 701
790 109
535 47
405 749
988 252
1084 787
415 925
569 677
614 672
479 318
989 970
988 56
855 924
177 699
709 82
521 303
462 376
626 542
565 428
349 796
786 321
408 36
237 518
693 89
564 486
315 729
244 380
119 755
631 960
774 596
344 847
813 636
484 255
722 613
801 325
553 939
1087 661
119 211
217 610
590 314
749 544
241 550
211 372
848 43
806 455
464 101
147 846
530 814
821 895
399 506
929 672
1089 529
169 500
110 533
637 648
842 733
778 419
989 254
690 499
493 307
524 699
840 417
537 105
444 719
284 26
535 864
426 719
515 94
992 334
287 392
823 140
711 471
286 668
1053 682
921 518
156 530
948 511
902 561
894 69
656 806
991 129
1059 639
633 736
874 303
476 949
648 317
194 274
471 606
443 584
841 619
304 194
543 713
393 34
277 226
762 426
654 683
739 107
474 516
281 829
113 851
218 129
436 657
569 739
425 268
463 484
261 840
748 231
921 35
832 459
803 80
413 540
119 864
997 150
547 437
212 456
634 446
159 539
614 125
964 680
140 310
489 306
735 61
340 813
1062 610
356 631
975 829
854 276
241 272
222 805
195 60
288 298
446 933
321 923
787 916
999 19
126 612
849 687
629 603
810 710
1043 506
136 770
335 352
201 22
262 369
250 558
859 645
734 135
674 93
777 465
682 81
1000 188
434 882
780 196
471 835
283 675
151 808
401 323
458 169
540 475
349 824
500 766
874 944
554 318
693 762
460 875
809 50
415 824
782 651
983 584
1069 41
