
200 1333
482 485
257 326
286 248
517 421
404 322
713 795
45 43
924 845
873 955
160 252
1 9
838 901
40 122
58 94
676 738
627 574
766 715
862 882
405 367
923 984
379 299
461 433
612 682
133 72
813 874
97 138
908 856
165 145
996 995
623 529
220 199
298 277
157 97
723 719
144 242
48 107
129 122
148 70
35 98
644 600
632 645
272 267
1040 972
977 895
312 213
778 748
567 487
965 923
1 29
616 674
569 540
628 554
493 467
76 46
733 710
575 553
288 191
775 724
723 730
912 988
64 90
354 340
565 549
210 196
922 865
775 678
566 570
934 936
626 722
742 651
194 123
485 431
483 508
617 585
876 853
653 642
896 992
652 725
220 286
727 812
900 859
563 663
56 88
157 179
280 187
537 619
284 261
920 846
124 192
239 261
459 514
931 886
504 530
910 849
382 294
795 799
485 391
351 330
289 298
865 790
250 275
738 826
75 72
788 866
947 951
651 748
595 685
993 956
663 564
265 183
338 400
637 721
206 207
328 323
618 611
64 116
139 109
806 795
412 343
912 862
715 685
1 10
929 881
1025 984
410 403
273 360
507 449
450 541
174 272
882 877
427 359
787 707
355 308
734 770
1 30
248 208
397 311
159 100
874 939
449 422
857 785
286 370
976 989
908 969
103 143
1071 972
1 28
117 61
697 638
424 348
439 347
74 66
442 391
568 638
195 295
854 826
281 196
433 449
845 855
224 143
487 487
181 140
496 564
690 615
124 135
575 564
374 360
766 793
149 163
776 859
793 760
674 711
696 662
90 159
732 660
214 268
935 948
228 315
619 676
349 341
734 689
964 894
644 706
484 490
491 478
628 671
1009 932
944 899
315 237
92 187
554 472
757 772
88 98
952 906
818 911
628 635
316 225
818 823
255 164
432 343
923 441
798 295
993 234
1053 876
9 490
89 281
651 719
362 447
191 901
39 95
750 499
987 693
1041 516
966 496
747 722
463 857
832 141
249 581
511 173
258 447
104 322
948 537
811 479
634 19
163 108
881 459
753 760
349 959
42 773
121 117
918 422
703 268
1031 477
530 79
643 78
1050 65
398 247
622 680
708 837
221 332
685 797
717 598
967 556
225 950
885 635
649 337
39 692
942 616
992 575
1006 335
798 179
486 685
960 868
475 736
247 135
11 177
57 386
868 203
952 461
450 372
687 644
335 440
982 813
992 960
620 45
1025 985
746 345
1056 315
94 520
210 963
915 904
885 355
773 209
131 662
768 660
940 735
891 371
783 83
49 442
190 400
291 194
164 924
162 665
453 50
957 715
1051 685
249 694
290 259
637 58
298 260
727 898
928 634
472 517
29 113
354 785
281 181
425 917
1022 600
934 829
214 425
912 890
1053 879
130 70
974 46
592 686
341 783
764 402
797 231
625 741
32 449
277 904
537 888
839 500
963 340
270 990
577 500
762 152
1008 31
563 448
621 380
612 282
1015 147
724 874
930 573
224 294
474 617
473 706
185 26
947 841
31 854
384 634
823 909
402 722
241 428
643 131
323 665
886 271
615 398
349 906
68 598
116 721
396 305
149 17
980 180
639 209
114 334
143 539
976 973
707 32
405 620
1039 714
205 547
523 220
586 313
800 286
614 345
857 444
357 951
699 886
393 676
72 527
326 651
448 39
634 144
133 444
796 588
894 791
784 369
681 150
66 568
746 88
1049 744
320 951
204 828
881 375
39 460
183 481
198 490
9 504
234 835
582 11
582 263
950 989
583 295
201 63
917 847
60 560
622 712
675 949
578 490
23 252
210 268
330 543
628 461
689 899
626 576
322 413
421 26
875 179
742 268
