100 1733
94 485
506 326
416 248
992 421
649 322
237 795
457 43
815 845
446 955
422 252
791 9
359 901
667 122
598 94
7 738
544 574
334 715
766 882
994 367
893 984
633 299
131 433
428 682
700 72
617 874
874 138
720 856
419 145
794 995
196 529
997 199
116 277
908 97
539 719
707 242
569 107
537 122
931 70
726 98
487 600
772 645
513 267
81 972
943 895
58 213
303 748
764 487
536 923
724 29
789 674
479 540
142 554
339 467
641 46
196 710
494 553
66 191
824 724
208 730
711 988
800 90
314 340
289 549
401 196
466 865
689 678
833 570
225 936
244 722
849 651
113 123
379 431
361 508
65 585
486 853
686 642
286 992
889 725
24 286
491 812
891 859
90 663
181 88
214 179
17 187
472 619
418 261
419 846
356 192
682 261
306 514
201 886
385 530
952 849
500 294
194 799
737 391
324 330
992 298
224 790
361 123
329 575
185 120
702 858
468 653
295 207
429 483
142 720
649 441
449 957
926 515
16 978
930 665
374 39
532 424
731 132
160 58
817 379
664 79
565 794
190 203
872 391
397 513
904 821
186 106
486 118
730 557
436 550
960 597
540 311
101 76
489 351
248 807
343 386
18 925
663 810
180 394
704 286
46 214
545 495
863 137
688 864
302 204
827 865
817 372
473 141
152 485
638 747
775 965
34 687
492 824
224 514
45 804
175 381
365 665
378 397
661 57
693 110
57 566
854 447
437 69
65 329
815 987
58 626
233 945
809 503
936 624
341 876
181 433
301 910
242 843
518 865
167 143
463 903
758 391
771 706
460 98
856 246
735 800
430 938
60 323
730 354
546 70
598 869
225 363
454 381
247 884
29 583
697 851
333 558
532 707
796 120
47 900
661 28
356 479
678 18
270 120
50 911
93 957
287 810
