
200 1235
585 485
194 94
426 326
606 506
348 248
516 416
521 421
1092 992
422 322
749 649
895 795
337 237
143 43
557 457
945 845
915 815
1055 955
546 446
352 252
522 422
109 9
891 791
1001 901
459 359
222 122
767 667
194 94
698 598
838 738
107 7
674 574
644 544
815 715
434 334
982 882
866 766
467 367
1094 994
1084 984
993 893
399 299
733 633
533 433
231 131
782 682
528 428
172 72
800 700
974 874
717 617
238 138
974 874
956 856
820 720
245 145
519 419
1095 995
894 794
629 529
296 196
299 199
1097 997
377 277
216 116
197 97
1008 908
819 719
639 539
342 242
807 707
207 107
669 569
222 122
637 537
170 70
1031 931
198 98
826 726
700 600
587 487
745 645
872 772
367 267
613 513
1072 972
181 81
995 895
1043 943
313 213
158 58
848 748
403 303
587 487
864 764
1023 923
636 536
129 29
824 724
774 674
889 789
640 540
579 479
654 554
242 142
567 467
439 339
146 46
741 641
810 710
296 196
653 553
594 494
291 191
166 66
824 724
924 824
830 730
308 208
1088 988
811 711
190 90
900 800
440 340
414 314
649 549
389 289
296 196
501 401
965 865
566 466
778 678
789 689
670 570
933 833
1036 936
325 225
822 722
344 244
751 651
949 849
223 123
213 113
531 431
479 379
608 508
461 361
685 585
165 65
953 853
586 486
742 642
786 686
1092 992
386 286
825 725
989 889
386 286
124 24
912 812
591 491
959 859
991 891
763 663
190 90
188 88
281 181
279 179
314 214
287 187
117 17
719 619
572 472
361 261
518 418
946 846
519 419
292 192
456 356
361 261
782 682
614 514
406 306
986 886
301 201
630 530
485 385
949 849
1052 952
394 294
600 500
899 799
294 194
491 391
837 737
430 330
424 324
398 298
1092 992
890 790
324 224
517 159
271 701
208 135
620 29
736 139
845 384
782 796
204 296
125 222
471 934
922 517
944 410
636 270
451 668
1047 365
650 724
809 114
896 309
314 33
702 409
687 663
873 477
827 853
520 79
650 37
244 614
566 322
208 581
230 105
712 571
286 13
877 598
161 727
205 599
207 910
1005 961
1062 165
553 476
947 417
787 316
1069 865
820 134
653 894
701 427
622 905
859 432
267 978
323 190
454 542
107 113
733 630
783 687
1025 377
628 132
187 892
530 939
871 797
451 952
379 211
710 315
978 416
185 324
166 622
455 744
250 246
361 184
812 363
1032 35
523 276
977 583
994 489
971 329
211 236
247 355
247 301
275 293
388 154
769 937
1096 920
435 747
185 117
1046 263
720 629
351 357
460 560
572 544
903 314
537 194
1070 872
371 63
405 222
166 71
206 735
169 624
797 241
452 761
584 242
369 948
809 241
953 131
1075 373
134 479
829 930
358 820
424 212
467 227
934 97
133 987
757 842
1072 600
416 357
108 528
775 498
863 691
935 731
204 613
229 889
628 176
553 79
573 619
882 415
912 192
338 373
908 568
946 550
523 852
1041 261
1046 661
1031 94
242 557
269 391
471 934
160 471
436 90
509 407
182 250
656 230
300 477
127 704
510 213
521 763
630 117
444 576
789 694
845 298
964 569
169 58
1008 349
302 849
181 728
1084 833
382 849
651 23
645 937
460 707
429 463
1029 146
761 581
241 375
873 433
247 783
597 746
639 950
595 582
570 588
615 113
211 268
1037 929
799 316
905 613
772 278
956 812
283 642
847 904
368 820
160 739
847 800
179 15
609 474
899 665
422 602
850 717
391 387
357 590
288 319
685 122
830 297
523 945
842 247
736 121
254 993
1022 366
820 267
985 81
813 601
683 107
1039 217
727 967
484 652
339 381
