500 1536
94 485
506 326
416 248
992 421
649 322
237 795
457 43
815 845
446 955
422 252
791 9
359 901
667 122
598 94
7 738
544 574
334 715
766 882
994 367
893 984
633 299
131 433
428 682
700 72
617 874
874 138
720 856
419 145
794 995
196 529
997 199
116 277
908 97
539 719
707 242
569 107
537 122
931 70
726 98
487 600
772 645
513 267
81 972
943 895
58 213
303 748
764 487
536 923
724 29
789 674
479 540
142 554
339 467
641 46
196 710
494 553
66 191
824 724
208 730
711 988
800 90
314 340
289 549
401 196
466 865
689 678
833 570
225 936
244 722
849 651
113 123
379 431
361 508
65 585
486 853
686 642
286 992
889 725
24 286
491 812
891 859
90 663
181 88
214 179
17 187
472 619
418 261
419 846
356 192
682 261
306 514
201 886
385 530
952 849
500 294
194 799
737 391
324 330
992 298
224 790
260 275
97 826
210 72
649 866
919 951
63 748
958 685
804 956
518 564
428 183
537 400
346 721
153 207
971 323
662 611
197 116
91 109
529 795
126 343
747 862
469 685
770 10
934 881
723 984
895 403
568 360
172 449
958 541
383 272
308 877
970 359
583 707
48 308
930 770
569 30
3 208
20 311
609 100
887 939
825 422
930 785
904 370
241 989
379 969
376 143
962 972
889 28
443 61
216 638
338 348
160 347
406 66
159 391
31 638
204 295
420 826
153 196
425 449
331 855
565 143
838 487
9 140
918 564
533 615
232 135
957 564
591 360
576 793
746 163
377 859
858 760
86 711
434 662
558 159
279 660
840 268
735 948
574 315
126 676
912 341
739 689
821 894
625 706
917 490
201 478
993 671
149 932
52 899
759 237
267 187
256 472
783 772
117 98
516 906
180 911
25 635
380 225
712 823
266 164
216 343
448 732
541 502
664 740
954 576
726 612
772 902
531 454
943 411
750 973
327 703
917 850
5 77
113 220
913 802
791 403
998 181
859 10
345 525
431 919
675 668
833 527
438 462
523 291
916 605
420 457
115 405
660 417
261 279
772 685
388 596
764 307
843 224
206 322
407 840
639 975
852 401
542 91
60 327
757 330
82 182
637 603
93 793
614 615
136 733
187 864
102 16
972 863
163 987
501 306
477 34
492 840
121 700
80 706
138 787
660 105
229 834
827 798
448 310
230 609
832 690
489 561
586 579
291 60
665 388
660 309
702 407
153 200
606 313
123 970
253 33
709 273
832 277
108 997
888 40
481 227
283 860
858 940
284 608
711 990
850 590
239 806
943 52
195 801
95 764
410 710
664 386
900 593
112 50
963 494
754 156
458 936
19 965
225 86
569 723
97 184
194 868
754 340
602 412
61 487
695 209
347 346
719 860
100 307
97 95
843 821
745 941
286 821
492 587
116 201
531 665
424 527
253 812
426 424
413 459
980 343
291 836
833 506
486 179
9 916
575 430
922 596
145 808
897 269
404 512
742 811
728 685
269 567
103 776
745 855
35 718
779 853
71 97
80 146
842 746
128 15
941 965
227 512
30 480
342 958
605 665
531 191
364 964
359 515
867 606
820 822
313 536
207 693
911 19
308 335
430 101
685 922
641 294
113 910
141 410
690 250
700 546
559 729
481 609
503 720
766 976
7 759
882 798
859 74
182 648
425 299
542 785
683 846
853 390
938 897
89 416
624 837
181 247
878 293
933 144
580 938
252 467
207 480
658 955
20 665
954 26
347 564
759 449
446 26
14 521
657 301
710 321
980 613
188 388
636 879
203 990
432 188
129 963
630 820
509 300
237 822
373 255
838 277
395 153
692 400
103 227
218 518
384 447
931 315
396 813
389 324
640 502
287 299
297 780
977 376
512 516
219 212
555 329
398 810
289 486
798 485
598 416
49 952
572 894
697 358
770 21
725 647
542 44
214 683
887 361
45 814
94 231
282 8
82 165
319 496
626 699
146 852
541 459
874 535
725 314
777 944
554 306
208 459
787 637
976 447
912 408
444 107
3 962
301 565
164 407
437 857
652 317
764 98
41 818
737 600
176 288
136 902
128 567
394 190
235 749
42 908
824 276
684 748
979 592
568 393
367 363
52 163
642 983
335 179
126 16
130 478
583 259
129 868
752 295
167 596
856 71
640 622
770 864
431 644
195 5
448 365
701 429
952 64
880 854
168 770
79 88
961 157
472 368
217 421
709 719
147 271
296 975
909 816
764 962
251 535
878 438
753 696
570 881
253 318
666 45
931 52
433 496
810 313
678 138
123 334
212 988
488 608
513 470
565 319
271 169
979 51
802 232
771 622
512 706
930 108
856 258
187 36
212 662
454 274
801 459
361 250
474 65
309 36
937 837
603 910
140 537
29 547
547 53
631 581
372 350
563 352
760 540
794 864
366 979
314 186
796 480
522 225
805 504
584 557
869 839
742 93
529 248
798 266
237 713
903 939
10 104
287 454
474 686
32 753
151 651
345 805
587 378
706 562
132 676
643 885
543 343
210 244
224 626
436 351
80 867
242 48
676 926
323 352
662 311
344 471
224 546
641 28
553 86
133 422
971 477
158 30
467 830
720 905
567 572
126 903
335 422
347 342
458 300
667 580
661 837
859 805
436 962
339 392
336 489
542 228
93 169
312 654
514 840
298 294
219 253
673 957
595 535
792 703
386 373
97 933
579 5
651 200
496 214
73 756
465 386
94 823
482 650
587 514
510 787
473 689
5 722
222 510
83 516
703 315
960 227
442 477
78 597
838 336
957 578
140 475
379 756
115 485
931 694
384 889
740 833
36 729
449 840
392 628
375 528
414 859
262 146
598 650
542 461
294 167
713 872
3 910
439 193
96 132
788 330
633 398
80 575
167 310
598 251
805 513
133 803
308 763
467 987
233 59
770 412
71 331
685 297
595 670
514 252
891 567
106 981
536 666
410 103
541 180
810 162
673 620
198 991
156 784
909 117
340 575
330 392
564 688
860 621
144 48
85 680
308 957
966 801
516 943
740 863
250 757
232 350
861 872
393 81
661 415
281 385
301 498
90 273
961 24
480 6
634 472
356 161
582 907
361 610
470 175
951 826
365 189
791 972
937 142
258 306
648 561
556 36
378 820
305 343
379 375
991 879
648 645
916 214
641 35
406 902
995 830
216 824
27 391
322 683
174 562
605 530
718 612
665 451
985 233
504 728
452 603
220 23
995 158
51 906
810 131
952 303
283 375
176 801
571 835
859 152
963 715
322 746
637 813
17 466
569 80
480 907
240 589
381 871
781 13
643 51
987 792
353 683
701 152
168 489
298 100
769 310
547 92
595 45
907 904
144 517
446 970
877 579
250 144
294 561
83 787
673 988
410 581
433 553
714 328
204 915
411 748
672 301
274 486
398 128
960 609
860 991
249 945
632 125
420 700
165 167
961 321
392 192
543 108
956 234
447 899
827 462
851 94
657 30
947 89
436 349
506 589
111 820
646 457
293 725
381 208
21 266
378 862
543 401
841 767
883 574
11 961
253 849
527 791
413 393
243 601
138 956
635 428
474 527
633 923
553 546
846 385
614 843
269 324
85 15
713 418
476 910
238 538
593 34
437 50
143 962
897 803
222 244
949 144
107 978
795 814
448 278
922 970
840 951
681 35
931 789
439 552
629 838
671 603
773 278
71 984
727 514
363 545
984 693
533 776
229 898
221 23
298 677
832 674
942 699
618 152
144 223
269 140
936 491
78 888
400 212
308 474
833 619
733 370
474 285
360 554
810 273
494 488
333 602
785 205
864 320
356 493
883 517
360 955
518 221
85 974
112 60
929 243
368 24
650 524
556 56
247 499
216 54
120 540
486 242
970 886
578 994
170 411
691 939
185 272
426 106
294 217
111 769
106 957
234 465
882 472
638 478
82 368
655 817
81 772
926 842
288 577
653 693
745 860
791 171
950 303
78 277
671 922
902 478
811 202
162 615
989 794
495 192
828 195
623 771
953 549
522 854
693 78
479 79
462 187
325 250
944 109
154 329
417 873
948 360
916 560
128 400
822 716
465 182
726 492
789 467
865 266
85 285
517 148
121 129
316 179
909 245
323 870
25 763
63 272
700 947
845 964
325 296
662 717
364 238
969 352
688 502
548 737
16 256
522 769
897 231
912 265
277 304
745 731
81 227
262 453
397 159
602 55
779 58
529 574
837 878
936 295
757 519
392 268
669 642
403 439
529 518
805 972
678 563
519 629
127 750
408 268
528 703
388 30
61 609
168 584
640 640
329 457
598 993
144 364
751 599
407 562
956 102
98 855
749 101
323 675
55 142
404 505
936 362
326 185
62 906
140 881
332 766
944 849
85 596
372 5
187 416
916 182
508 388
109 705
92 293
614 653
971 271
771 833
617 785
978 409
290 204
631 718
922 228
154 442
481 794
160 97
607 484
152 650
957 824
356 554
929 189
392 394
299 610
686 625
401 695
324 890
837 702
590 300
871 947
419 683
826 897
930 208
120 519
377 581
308 959
34 797
579 304
669 88
85 667
49 569
641 273
845 909
19 549
