
5000 1623
482 485
257 326
286 248
517 421
404 322
713 795
45 43
924 845
873 955
160 252
1 9
838 901
40 122
58 94
676 738
627 574
766 715
862 882
405 367
923 984
379 299
461 433
612 682
133 72
813 874
97 138
908 856
165 145
996 995
623 529
220 199
298 277
157 97
723 719
144 242
48 107
129 122
148 70
35 98
644 600
632 645
272 267
1040 972
977 895
312 213
778 748
567 487
965 923
1 29
616 674
569 540
628 554
493 467
76 46
733 710
575 553
288 191
775 724
723 730
912 988
64 90
354 340
565 549
210 196
922 865
775 678
566 570
934 936
626 722
742 651
194 123
485 431
483 508
617 585
876 853
653 642
896 992
652 725
220 286
727 812
900 859
563 663
56 88
157 179
280 187
537 619
284 261
920 846
124 192
239 261
459 514
931 886
504 530
910 849
382 294
795 799
485 391
351 330
289 298
865 790
250 275
738 826
75 72
788 866
947 951
651 748
595 685
993 956
663 564
265 183
338 400
637 721
206 207
328 323
618 611
64 116
139 109
806 795
412 343
912 862
715 685
1 10
929 881
1025 984
410 403
273 360
507 449
450 541
174 272
882 877
427 359
787 707
355 308
734 770
1 30
248 208
397 311
159 100
874 939
449 422
857 785
286 370
976 989
908 969
103 143
1071 972
1 28
117 61
697 638
424 348
439 347
74 66
442 391
568 638
195 295
854 826
281 196
433 449
845 855
224 143
487 487
181 140
496 564
690 615
124 135
575 564
374 360
766 793
149 163
776 859
793 760
674 711
696 662
90 159
732 660
214 268
935 948
228 315
619 676
349 341
734 689
964 894
644 706
484 490
491 478
628 671
1009 932
944 899
315 237
92 187
554 472
757 772
88 98
952 906
818 911
628 635
316 225
818 823
255 164
432 343
763 732
490 502
721 740
587 576
530 612
992 902
491 454
343 411
880 973
645 703
761 850
152 77
241 220
727 802
352 403
246 181
1 10
479 525
958 919
749 668
551 527
538 462
319 291
580 605
501 457
487 405
349 417
252 279
731 685
637 596
339 307
257 224
271 322
740 840
1002 975
404 401
190 91
254 327
277 330
100 182
648 603
810 793
535 615
702 733
855 864
76 16
773 863
917 987
279 306
123 34
922 840
613 700
658 706
705 787
101 105
807 834
883 798
358 310
634 609
786 690
618 561
644 579
141 60
466 388
340 309
495 407
283 200
352 313
886 970
95 33
291 273
217 277
1007 997
1 40
219 227
764 860
1025 940
600 608
895 990
690 590
738 806
1 52
772 801
727 764
774 710
340 386
503 593
1 50
432 494
228 156
993 936
1058 965
130 86
821 723
189 184
943 868
343 340
404 412
560 487
196 209
418 346
782 860
314 307
59 95
778 821
979 941
828 821
584 587
122 201
741 665
566 527
760 812
385 424
395 459
250 343
789 836
492 506
261 179
914 916
380 430
537 596
731 808
361 269
473 512
737 811
708 685
635 567
804 776
827 855
695 718
756 853
57 97
178 146
688 746
1 15
871 965
415 512
510 480
1057 958
764 665
193 191
905 964
583 515
696 606
887 822
444 536
741 693
12 19
313 335
81 101
828 922
354 294
981 910
499 410
283 250
545 546
635 729
540 609
689 720
946 976
730 759
703 798
14 74
644 648
241 299
793 785
912 846
461 390
801 897
424 416
744 837
272 247
338 293
193 144
987 938
432 467
505 480
944 955
653 665
38 26
468 564
461 449
1 26
576 521
329 301
274 321
701 613
432 388
851 879
915 990
137 188
927 963
903 820
373 300
770 822
160 255
285 277
231 153
366 400
317 227
423 518
420 447
216 315
772 813
271 324
566 502
243 299
725 780
390 376
491 516
225 212
392 329
781 810
434 486
535 485
368 416
938 952
946 894
353 358
1 21
707 647
143 44
630 683
364 361
822 814
147 231
54 8
91 165
431 496
606 699
917 852
553 459
473 535
222 314
954 944
369 306
413 459
717 637
491 447
447 408
44 107
994 962
518 565
448 407
931 857
369 317
181 98
815 818
655 600
267 288
960 902
611 567
271 190
771 749
993 908
359 276
810 748
563 592
360 393
264 363
199 163
1074 983
131 179
41 16
423 478
197 259
779 868
344 295
536 596
140 71
669 622
938 864
715 644
67 5
321 365
434 429
19 64
928 854
759 770
178 88
160 157
277 368
467 421
653 719
330 271
966 975
817 816
1045 962
508 535
492 438
743 696
884 881
259 318
56 45
1 52
421 496
270 313
99 138
429 334
1004 988
512 508
702 770
657 751
862 780
516 441
246 207
592 516
641 674
390 408
831 920
522 573
611 634
825 878
929 990
734 826
718 696
883 800
355 411
426 422
668 707
235 334
1080 986
397 494
137 150
648 562
342 380
799 832
1067 979
313 376
452 511
441 414
214 160
1059 982
260 238
579 490
897 899
316 251
526 526
909 897
139 39
634 657
384 452
577 538
840 831
509 460
262 185
934 934
513 440
556 490
97 168
107 71
937 977
370 458
193 204
802 803
134 139
390 399
439 420
1034 991
636 578
1008 972
191 177
429 398
445 348
483 496
347 276
769 825
540 614
212 121
789 730
317 341
381 284
714 698
24 17
570 546
771 672
1052 974
776 866
290 377
470 559
367 340
626 527
879 779
688 761
553 483
112 92
440 390
510 583
741 661
473 391
289 336
574 661
85 125
36 89
362 275
310 359
129 178
763 780
31 42
69 5
470 380
739 772
726 816
57 9
476 484
498 545
669 589
112 157
934 901
854 777
112 74
246 247
1 55
481 479
883 785
1051 958
763 680
417 393
900 944
573 596
601 619
588 611
900 852
327 283
199 299
847 766
240 312
862 826
635 726
680 733
806 805
767 679
495 403
870 964
259 337
476 541
512 478
467 369
1001 946
798 821
819 833
835 837
502 490
119 37
652 594
82 129
242 258
215 246
291 362
687 755
550 504
1 71
249 177
203 176
865 803
189 237
758 677
90 33
188 115
621 597
807 769
481 536
1031 956
349 341
222 184
260 234
551 569
245 216
631 537
183 84
873 810
656 657
5 33
137 159
579 520
656 668
373 287
232 229
352 374
428 474
598 672
943 915
582 511
120 123
573 569
218 199
347 396
628 715
1 59
642 610
959 917
983 927
186 270
60 117
513 516
143 215
234 216
290 237
597 615
452 499
521 477
837 760
267 285
20 56
1027 966
690 622
235 221
199 194
186 91
374 347
244 252
424 473
438 516
385 385
337 357
945 958
686 665
698 792
16 64
464 420
655 671
911 968
839 877
144 177
535 523
65 139
230 152
806 732
312 246
578 565
699 740
817 902
105 17
886 973
360 298
658 611
53 32
1 11
319 337
36 136
879 889
595 522
721 805
80 28
981 931
838 757
654 609
480 544
973 905
647 595
243 246
152 113
183 175
140 156
263 244
856 883
338 265
792 883
403 462
560 485
238 272
214 204
1011 984
453 409
330 398
819 909
469 370
882 882
279 214
811 766
82 35
341 421
271 271
397 370
876 848
128 50
1016 976
243 270
843 796
949 963
451 379
1091 991
594 551
867 897
353 307
471 421
100 74
401 388
591 559
884 980
607 615
651 681
209 231
133 207
741 818
372 331
950 979
403 445
419 348
780 724
345 401
618 646
766 668
335 242
288 302
795 861
777 830
117 77
541 441
499 589
1025 990
217 189
799 868
944 996
329 363
232 237
367 420
552 565
220 214
353 333
811 726
176 175
35 58
548 625
1 66
142 169
400 475
298 204
27 90
421 496
40 1
462 474
359 449
299 252
395 332
382 287
206 189
980 889
1 63
285 378
109 206
813 897
219 230
361 382
601 575
155 60
442 529
405 477
253 290
57 89
894 961
548 461
763 702
542 532
704 680
44 53
545 642
1018 1000
803 891
730 822
59 152
423 324
590 633
266 267
325 381
307 272
422 506
403 419
524 461
613 526
1033 978
403 468
820 729
777 795
631 581
298 383
302 226
505 421
461 386
351 273
556 484
638 676
152 107
236 229
831 902
882 962
38 105
100 84
1006 991
661 701
596 689
748 655
528 600
587 538
492 499
783 881
1017 981
546 473
368 383
618 679
662 573
563 589
553 480
161 145
612 624
926 923
972 915
249 232
948 974
662 735
735 678
682 640
722 644
146 212
75 123
276 253
890 943
1 18
1007 916
302 327
607 640
646 615
488 470
565 655
239 288
448 401
906 840
564 633
647 707
339 424
757 682
213 194
829 855
229 190
703 728
257 178
255 275
123 88
321 367
517 544
768 738
1040 963
439 460
282 266
739 727
128 33
471 442
714 628
467 384
298 244
411 482
760 765
435 446
245 247
865 913
658 560
457 528
694 594
882 935
415 462
555 621
705 660
525 564
276 302
871 936
582 592
639 724
181 118
200 299
201 251
35 129
5 96
85 167
239 169
359 381
948 976
771 767
804 837
457 407
284 203
485 387
803 735
629 706
358 335
13 40
808 821
68 131
96 159
956 978
101 53
767 849
577 478
1 19
278 230
388 453
318 336
847 931
592 588
494 449
615 566
265 272
806 883
754 731
94 80
113 213
203 177
896 872
712 626
1000 940
69 150
279 379
847 833
509 517
686 724
946 973
652 581
872 839
237 272
314 412
789 839
440 492
526 553
714 718
791 738
816 839
385 390
557 588
562 523
715 630
815 770
752 746
1 49
280 369
498 537
116 115
155 215
872 971
572 602
551 551
1 40
399 494
306 252
153 158
81 72
84 177
755 667
504 483
724 815
94 19
725 745
266 339
660 614
263 302
341 319
635 670
519 513
647 566
24 27
259 322
707 645
162 210
925 841
830 925
600 521
931 975
177 269
862 929
437 478
918 970
737 684
227 231
595 673
343 348
194 232
683 727
616 597
401 397
608 539
923 907
928 892
731 699
435 408
265 361
828 789
583 529
275 190
812 880
212 236
659 715
725 718
348 439
774 814
845 902
593 658
393 410
511 412
5 90
689 678
916 951
120 37
624 593
781 737
174 211
156 134
769 847
433 490
57 95
389 435
822 737
760 860
360 310
545 548
991 984
669 660
142 86
707 635
935 941
156 56
357 372
630 650
1041 964
734 735
730 682
166 151
223 283
834 773
648 643
918 898
781 817
362 269
760 731
454 507
853 841
294 207
779 752
407 318
86 126
182 153
49 101
623 560
786 743
765 816
981 980
29 1
69 82
914 886
448 377
476 465
752 753
847 842
609 547
660 580
700 754
1 37
616 548
963 896
735 656
615 537
143 78
582 540
525 597
253 314
877 845
321 361
988 930
562 654
866 841
754 810
193 98
846 814
977 898
220 237
310 236
375 397
512 468
112 160
176 168
262 189
123 123
826 783
1063 991
839 775
505 565
838 906
680 604
229 233
759 693
188 209
241 279
166 231
773 675
324 370
777 814
285 276
200 238
663 710
916 931
833 879
433 492
168 81
386 347
360 417
612 582
755 801
282 195
474 403
215 247
351 356
571 627
838 858
722 803
277 236
521 572
585 485
526 586
808 748
291 235
838 859
793 788
394 345
801 861
395 342
783 779
555 595
910 963
195 260
315 366
796 835
687 733
808 834
357 442
690 773
974 880
928 873
722 793
164 173
394 402
38 60
688 628
1 19
146 146
741 685
88 138
636 593
265 202
590 500
66 89
508 433
133 63
494 514
785 865
433 393
364 269
129 111
659 614
330 272
950 973
673 609
285 236
493 496
120 24
795 871
186 227
391 420
933 850
112 127
186 170
190 224
714 722
267 189
548 597
346 286
1 22
958 957
576 536
311 221
292 281
261 238
622 531
472 449
714 735
575 670
667 646
297 272
546 605
390 394
595 508
570 537
893 955
408 477
947 969
697 692
896 963
914 829
623 638
122 206
229 185
210 187
36 129
266 300
207 114
391 305
174 199
897 916
802 839
966 899
464 452
163 185
552 561
825 848
167 191
864 830
885 860
952 873
574 649
632 591
915 974
1037 974
471 452
364 397
331 350
671 597
34 13
405 392
273 343
844 756
438 387
888 924
174 188
1 68
581 552
112 166
406 435
3 14
782 797
186 254
228 300
483 431
346 367
220 197
237 233
249 149
51 62
1 38
106 69
430 425
855 810
834 878
484 503
240 308
781 798
394 437
805 798
23 36
527 583
418 412
182 195
783 878
347 388
478 438
435 532
18 3
332 268
373 417
282 277
273 229
486 445
358 380
884 974
329 248
491 433
1039 1000
781 874
889 939
813 760
538 473
721 811
810 766
236 306
558 556
527 521
377 364
467 460
230 136
537 458
839 784
623 648
693 783
922 960
42 137
524 591
845 875
503 440
310 263
91 40
916 835
863 943
726 749
214 263
621 597
59 5
1029 999
118 161
1 35
933 891
377 459
926 996
675 592
1 54
1080 985
444 401
259 298
383 459
144 77
617 611
169 159
392 467
821 737
887 895
135 49
482 382
347 285
326 388
1048 972
353 265
691 729
822 810
1056 973
867 818
349 295
566 532
126 58
758 736
113 187
923 896
1063 998
914 997
564 476
221 259
536 475
465 494
124 130
222 151
669 639
774 855
565 480
431 478
471 386
602 672
371 361
821 894
447 460
122 148
749 660
706 628
367 329
898 975
17 1
584 507
815 750
53 109
878 915
735 700
38 75
880 896
233 229
1 85
147 144
595 536
841 919
584 516
425 473
1 25
1 25
682 611
22 44
798 722
954 980
615 563
585 672
976 914
448 541
917 882
178 142
346 259
113 35
641 543
652 689
819 721
235 142
509 530
602 503
519 450
305 248
608 599
911 919
546 636
205 181
799 873
112 154
440 427
669 604
313 313
441 363
601 594
815 813
898 829
133 49
808 791
463 554
471 499
215 226
325 345
402 432
671 758
113 64
933 843
585 637
945 941
891 965
502 448
798 857
982 968
258 351
691 758
307 351
901 980
670 662
338 357
921 914
642 548
793 723
1 23
214 170
326 351
35 113
755 783
747 766
497 527
233 206
551 644
348 258
921 861
675 728
122 69
173 128
397 392
81 145
112 51
179 112
245 253
300 340
1027 932
832 817
970 965
493 480
633 724
812 839
549 500
726 746
767 811
450 373
641 605
351 252
162 172
388 394
229 177
84 98
325 377
518 486
792 855
382 290
146 130
426 355
885 842
255 233
81 101
671 686
676 736
844 930
748 700
92 69
696 607
949 879
904 916
1037 960
345 408
681 679
130 138
123 185
684 782
9 49
464 453
551 630
364 429
845 853
450 545
645 651
853 765
155 159
1007 1000
120 179
743 717
816 885
71 32
833 838
148 186
486 470
270 185
836 921
385 376
954 986
852 934
90 171
552 645
1 46
762 681
1 43
231 234
99 103
536 496
486 389
945 931
639 579
164 132
966 908
679 772
736 677
425 343
714 703
134 139
337 344
418 387
840 909
471 539
361 304
745 655
374 378
153 92
841 862
428 411
420 362
383 397
331 290
182 152
687 611
188 173
226 137
982 946
432 365
410 475
971 982
832 920
710 802
1 66
711 778
715 744
535 464
399 313
401 341
620 685
339 331
150 85
741 676
89 91
535 534
229 166
124 51
970 966
849 841
558 625
173 114
1 16
29 113
800 826
581 506
794 738
657 564
364 455
711 735
283 264
526 548
717 738
900 853
557 575
495 569
316 365
599 620
340 264
144 193
1 21
285 373
168 84
167 250
190 288
86 132
180 151
337 419
522 521
907 974
601 655
690 648
830 737
398 298
227 187
1017 981
870 965
979 954
149 166
330 248
655 636
565 560
624 563
11 24
813 896
821 803
1 16
291 274
809 714
406 449
192 229
188 280
494 423
769 868
115 124
945 970
312 231
859 935
809 808
61 23
110 210
149 88
192 151
742 770
600 555
580 613
771 866
230 223
258 303
383 305
312 306
951 900
962 964
467 397
966 898
63 59
571 628
182 225
473 537
624 612
619 633
275 314
551 478
1071 981
868 904
776 819
187 108
245 179
196 152
686 598
321 349
100 80
796 762
292 314
417 513
293 205
510 584
731 652
983 894
149 198
220 143
601 671
304 302
575 611
631 631
533 526
533 526
439 403
141 231
794 830
242 283
772 864
728 755
62 159
141 220
454 447
892 800
880 833
804 805
724 791
499 412
850 857
476 408
859 895
313 360
874 827
875 971
909 961
431 519
432 335
329 238
935 883
204 222
827 886
764 708
376 475
933 876
69 123
76 127
310 384
798 745
311 284
388 429
776 685
593 512
577 503
576 599
925 983
439 462
1064 992
236 270
393 491
267 282
766 831
146 167
28 115
579 661
539 564
902 934
527 608
586 513
1 53
725 659
706 646
120 164
752 763
828 825
887 949
321 355
775 811
188 164
766 851
253 289
483 392
130 224
419 460
886 903
440 347
579 638
45 101
666 587
736 797
792 881
219 210
194 243
938 969
225 298
161 253
576 593
439 453
663 657
172 72
225 222
402 319
1 61
750 694
448 384
739 801
218 136
522 536
1012 958
557 647
610 526
1 28
999 904
484 509
922 884
539 565
635 601
417 323
615 522
149 192
66 103
483 451
903 867
555 602
874 783
346 311
1027 994
187 172
1 51
332 389
193 237
796 721
561 597
417 492
248 331
358 380
190 259
653 726
54 55
496 501
395 459
729 790
1 4
715 634
170 117
666 601
711 808
457 544
504 542
598 590
829 827
864 817
657 617
1 32
815 879
593 692
709 685
90 88
820 911
553 546
528 580
948 997
1018 937
1069 988
433 351
563 661
617 630
367 360
897 908
263 203
545 479
270 251
212 162
967 905
227 167
779 862
346 369
86 181
684 765
291 251
992 909
712 645
664 568
896 847
547 538
466 540
193 99
438 423
323 246
88 165
549 544
120 52
218 131
273 372
500 471
651 625
696 684
432 378
542 534
46 73
458 540
639 671
207 127
507 412
1067 972
825 823
716 663
755 784
608 588
514 496
209 170
133 153
209 199
216 152
355 258
208 283
305 289
616 608
428 463
157 180
404 329
271 221
266 294
119 125
534 625
376 427
712 796
131 151
883 867
214 122
416 370
752 840
41 115
806 875
947 912
163 85
958 969
734 714
984 971
745 743
284 198
556 635
76 41
711 640
782 731
149 222
601 536
150 165
343 311
142 124
869 773
868 923
190 280
316 257
946 961
246 267
176 238
745 810
233 171
261 288
442 389
554 566
19 74
765 813
1 49
232 175
688 754
409 457
935 897
458 512
152 68
138 236
665 574
959 893
661 615
920 857
578 538
37 72
250 292
933 916
732 804
583 656
422 379
72 67
287 280
359 361
964 984
259 271
566 489
240 256
916 882
133 225
454 529
568 510
996 1000
282 191
741 813
976 898
444 420
510 470
629 619
307 377
472 465
926 887
746 764
43 55
705 727
835 844
700 644
188 181
126 171
475 545
473 439
558 547
430 417
151 205
463 500
365 332
775 820
330 416
328 243
811 854
138 66
170 236
520 568
1045 969
665 706
298 295
170 167
837 773
209 279
742 661
809 727
888 838
378 404
749 743
149 234
546 529
274 191
786 832
622 537
341 366
864 880
1011 940
830 745
1 37
725 672
805 809
680 682
1050 979
328 300
445 511
646 732
889 868
625 618
753 769
172 186
574 584
891 832
772 716
455 472
260 272
563 498
287 365
626 583
562 479
848 898
178 133
601 646
1014 915
135 55
222 213
630 623
878 875
437 513
286 356
588 586
1 16
1002 984
433 422
417 354
297 214
856 890
145 212
93 27
693 769
735 835
209 232
212 254
599 642
405 476
950 919
862 912
663 754
673 734
1042 967
1 41
251 259
927 926
808 840
567 544
895 908
235 225
145 69
164 121
601 523
742 678
633 593
590 665
250 314
930 992
590 596
320 358
470 524
80 163
882 942
628 537
230 182
200 204
235 208
582 653
830 848
571 532
166 103
934 871
906 932
508 507
908 986
674 613
298 323
675 590
386 377
980 905
869 932
561 474
661 606
297 389
761 671
325 360
850 845
706 646
143 99
566 609
509 501
807 764
553 598
258 242
367 390
1 61
309 259
551 519
845 826
1042 942
209 282
955 896
978 982
236 276
219 301
1018 952
761 856
452 428
223 255
681 723
298 280
861 937
1 37
818 901
418 456
981 996
682 590
461 455
580 510
648 667
921 829
80 51
448 383
380 340
838 915
734 797
616 547
930 1000
429 335
753 785
791 797
341 299
278 343
288 281
273 282
293 264
121 78
61 134
182 126
896 862
216 190
440 340
809 724
264 271
795 701
501 464
323 405
287 230
185 153
945 923
848 813
601 686
941 925
48 21
128 58
339 295
824 900
983 956
1 86
270 346
446 427
245 221
206 202
354 417
478 424
843 943
790 883
217 290
1 47
289 269
780 775
327 379
171 121
394 362
600 534
840 828
431 388
956 908
350 394
284 282
415 432
508 443
824 737
603 584
278 206
298 328
930 848
717 805
314 337
473 488
591 519
277 362
170 230
372 393
272 353
250 275
930 845
347 377
189 202
951 971
385 431
460 508
870 825
205 226
809 719
561 540
999 973
574 480
321 347
469 536
831 842
591 640
263 211
712 687
629 579
191 168
658 678
196 244
464 479
717 749
1 49
195 177
821 805
313 345
519 569
911 926
227 273
763 743
972 885
853 816
110 151
157 75
829 863
632 636
653 645
789 859
818 817
331 355
925 930
913 850
215 282
473 549
107 115
453 394
398 465
118 153
736 650
713 615
796 846
181 184
85 15
395 304
421 437
891 943
1015 929
473 535
475 388
619 523
569 515
132 45
657 657
752 748
1 49
377 369
461 374
128 140
189 282
776 816
482 463
552 527
512 533
794 747
993 921
678 699
364 318
839 854
1031 938
629 663
431 360
260 188
683 685
771 709
810 825
180 150
336 332
614 577
703 739
835 755
578 614
597 497
466 519
419 439
1035 960
649 644
730 761
258 310
581 654
972 973
580 641
541 551
558 465
714 624
162 214
423 435
471 383
530 449
293 354
721 628
854 855
58 25
1 34
628 561
162 68
826 914
324 333
372 294
746 768
374 448
712 698
742 742
1 32
595 671
771 716
181 83
126 163
928 953
650 671
601 657
699 748
814 799
338 289
341 248
1 30
727 749
709 740
260 353
718 644
750 808
16 72
325 422
355 376
1024 952
931 883
803 707
626 619
626 664
851 866
66 161
856 894
790 707
67 143
549 607
363 321
90 87
865 899
106 65
242 162
623 651
476 458
674 579
132 203
304 281
113 108
455 429
850 782
130 86
831 863
788 750
228 250
343 311
259 320
357 337
1 21
513 596
1043 993
1068 997
886 961
871 807
915 881
89 127
902 985
585 523
690 617
1 47
1090 994
554 614
333 259
981 986
534 564
1 1
885 787
120 204
1052 993
176 156
184 87
623 579
250 226
610 709
118 177
953 985
1031 951
1 32
758 801
855 800
48 61
634 701
8 61
403 429
625 695
203 230
1 42
472 487
517 527
44 112
243 249
287 334
169 75
610 599
502 525
424 510
867 826
112 100
660 721
874 843
427 374
22 48
213 285
656 645
840 938
795 888
464 527
678 579
702 779
635 680
658 716
909 977
394 417
919 850
983 974
919 972
511 524
820 902
109 156
199 225
343 344
649 737
538 615
208 292
519 451
704 648
523 529
853 773
629 724
670 699
479 422
170 73
679 700
866 956
543 500
464 481
991 910
89 135
50 52
815 804
1 31
775 850
97 32
571 581
522 520
536 556
353 309
523 441
154 57
447 455
526 488
671 695
614 518
749 679
277 290
135 111
153 83
1 42
956 926
417 462
239 201
200 167
203 143
44 78
822 849
404 305
610 517
118 168
72 101
1 43
88 174
201 203
148 51
610 644
312 358
576 523
402 387
894 978
105 89
353 421
871 814
138 48
887 926
255 319
8 87
636 705
449 483
660 618
563 475
714 756
847 773
824 753
467 370
442 360
782 815
511 609
462 405
511 607
428 495
220 233
16 72
298 388
150 110
505 545
490 391
503 574
783 742
40 76
299 362
691 781
119 163
385 447
433 386
405 426
343 357
51 97
389 443
518 456
243 170
770 739
896 818
1053 991
818 829
464 456
644 590
142 237
783 748
858 803
393 321
745 685
313 387
828 901
81 118
193 202
308 283
240 333
217 122
285 241
466 551
849 816
560 660
430 436
438 435
823 865
397 438
676 660
75 13
741 727
150 99
197 204
474 494
670 763
531 529
691 666
395 312
778 824
277 239
924 967
386 446
569 668
653 677
748 755
112 208
527 491
180 152
687 756
261 358
616 585
869 876
371 293
264 322
489 550
627 530
215 201
753 713
255 240
186 282
1058 975
380 432
53 39
804 719
87 4
1 80
944 874
510 568
858 887
642 667
609 644
199 258
752 717
239 199
272 371
757 704
547 531
572 576
792 733
519 477
31 50
295 295
1 50
171 223
584 578
398 351
145 87
422 435
1 1
822 764
346 287
83 53
864 779
955 860
310 241
681 599
997 929
1 15
1025 935
466 558
263 203
904 913
637 698
508 514
603 529
432 356
866 904
1 75
216 235
482 560
658 688
885 959
775 678
734 685
367 283
220 233
731 687
713 661
834 746
322 337
723 775
174 100
681 748
258 168
205 143
891 801
749 830
1024 986
394 451
909 876
963 906
447 523
280 257
69 64
850 787
196 108
485 392
699 640
858 845
916 862
754 659
333 291
751 655
63 100
400 429
814 745
922 978
538 498
464 525
225 237
291 192
1032 993
291 233
361 451
229 312
296 210
537 476
968 897
717 710
735 680
948 849
579 591
439 397
908 889
871 807
70 112
730 726
751 675
449 485
65 113
949 896
599 536
524 524
1007 983
493 504
77 92
119 42
234 179
585 511
648 651
167 83
15 54
819 881
454 422
510 488
661 663
874 858
304 380
893 825
225 234
886 928
507 419
576 660
680 696
581 606
912 982
286 310
1066 987
715 780
324 349
120 182
175 200
526 529
176 162
1 6
547 477
679 756
765 776
251 331
920 882
205 220
1027 964
205 130
71 138
209 252
75 78
204 179
437 464
167 195
374 446
878 967
226 164
852 917
383 465
246 315
579 557
785 701
996 970
188 125
910 887
147 245
288 347
50 115
751 836
635 538
543 572
511 513
740 684
351 450
571 512
1 1
848 799
348 295
791 805
874 866
491 526
802 818
80 137
286 275
544 487
337 298
779 719
657 590
825 736
806 813
439 410
136 176
339 273
628 643
466 487
735 805
604 532
1012 944
868 821
353 254
424 366
976 961
655 621
881 796
634 597
1 43
666 667
460 363
1079 985
255 296
934 893
290 378
472 397
453 475
440 449
366 431
475 444
315 352
151 184
196 262
727 686
75 167
183 239
860 824
636 658
232 272
1046 979
172 237
210 267
711 750
717 794
147 244
134 166
733 814
392 358
398 496
381 319
384 454
987 906
962 970
650 697
900 928
374 396
544 531
105 205
36 6
470 395
560 617
475 439
562 629
322 241
754 734
1004 989
695 684
402 416
796 742
888 969
495 476
539 622
703 703
258 188
596 551
875 954
716 672
364 363
419 434
788 694
229 188
544 548
819 789
808 853
354 454
964 983
338 319
598 660
343 244
427 390
779 740
276 322
184 238
939 911
984 945
151 121
763 678
656 734
204 220
649 660
456 368
677 774
681 638
582 497
336 248
350 367
574 538
340 359
76 112
293 286
795 789
90 46
602 641
1 17
163 149
91 19
665 742
561 538
906 972
333 363
53 150
267 289
652 709
609 516
24 1
123 124
458 419
372 401
538 632
237 201
1010 934
788 860
912 950
764 736
1017 983
893 916
662 571
469 507
360 408
715 807
983 917
775 710
571 590
893 830
406 446
252 273
569 649
193 125
1006 963
823 827
195 280
315 241
411 457
677 606
252 240
560 570
134 208
952 992
758 755
260 184
245 146
152 205
790 819
399 488
430 490
884 831
985 958
525 478
140 158
396 344
732 824
936 962
981 910
499 484
232 134
355 389
301 397
331 290
699 695
318 258
857 893
798 817
631 539
1055 959
1 21
350 317
297 237
112 75
41 36
557 625
779 827
887 904
809 908
536 595
760 730
256 223
626 705
794 789
1011 996
877 928
127 50
452 424
424 443
930 961
181 180
614 600
1028 941
625 556
662 644
838 901
289 360
335 427
309 387
593 517
691 636
749 709
597 497
645 557
312 302
295 216
356 420
653 743
904 833
930 918
641 719
160 235
914 980
281 194
862 806
167 184
758 720
581 626
471 510
823 728
883 793
673 652
322 359
884 937
757 714
305 402
482 547
503 409
737 715
371 432
240 190
548 535
257 356
352 259
551 477
847 943
620 537
628 641
524 449
726 699
972 893
889 845
841 787
999 916
649 601
534 537
1046 983
957 872
314 236
81 43
985 907
907 931
665 585
58 27
895 886
172 216
204 158
587 681
1 11
831 895
251 209
132 57
316 413
644 607
578 483
33 24
195 114
353 450
470 382
576 525
784 779
353 413
573 608
689 683
868 879
894 870
910 816
612 699
730 653
619 630
588 509
909 948
833 856
874 791
641 716
605 693
49 58
242 269
74 168
107 46
557 564
787 782
290 233
91 5
16 1
466 516
898 872
958 996
302 248
476 447
745 711
350 325
820 849
144 220
348 362
486 560
808 796
872 859
807 722
485 529
164 127
1044 986
502 486
708 725
72 39
375 341
1 50
78 74
232 283
688 759
326 362
91 84
85 109
573 488
413 325
263 212
727 738
756 742
845 844
488 585
384 335
483 509
181 185
850 905
178 124
853 874
273 299
494 445
389 346
749 745
609 582
553 514
797 790
723 628
1083 997
479 549
426 461
206 108
886 946
343 412
135 192
190 279
156 145
597 537
522 479
401 458
218 202
850 775
924 999
38 23
356 374
358 421
539 566
899 870
271 367
576 576
853 835
683 732
524 618
722 714
885 936
258 280
417 389
622 527
420 426
370 355
894 939
278 308
271 341
755 717
920 869
232 137
27 18
748 653
948 888
864 917
457 474
681 647
903 907
252 326
466 417
812 764
652 607
228 320
499 566
687 704
391 359
370 346
417 343
891 829
316 319
954 983
702 783
55 42
764 743
713 648
261 274
60 71
195 119
132 124
682 709
1018 992
386 442
1 49
712 640
780 856
282 237
971 970
818 829
975 965
227 142
527 489
820 920
838 784
873 927
1 27
963 926
767 867
1 90
174 81
799 704
589 530
259 324
141 203
968 975
784 685
717 716
501 492
555 647
30 98
1018 962
681 739
91 6
3 84
835 826
674 757
9 83
1 33
699 632
1 46
475 433
600 693
46 108
687 727
517 571
623 545
1004 997
322 238
216 247
639 600
64 23
213 275
221 317
106 190
386 335
226 318
174 207
891 817
641 667
57 44
470 400
124 154
472 420
840 809
547 511
145 50
1 5
491 493
6 35
403 351
816 803
667 689
534 469
894 814
678 612
963 977
668 675
47 16
859 954
891 817
806 737
745 791
313 375
73 97
823 855
488 575
527 544
296 242
1066 968
343 375
461 396
197 272
322 318
53 143
865 852
246 176
887 929
152 154
1042 986
337 377
996 927
835 899
217 283
528 596
449 458
377 377
712 671
10 22
266 199
770 844
250 269
741 811
798 723
103 151
315 298
976 986
848 790
758 750
91 24
589 629
724 745
590 671
304 208
719 727
516 521
528 499
172 171
561 621
673 771
925 915
558 562
518 592
874 872
904 900
547 611
1011 967
924 928
312 229
547 557
664 599
666 704
298 334
176 120
356 380
925 838
1 9
118 215
448 463
469 553
557 570
518 439
557 623
228 203
327 240
424 407
5 42
1052 968
223 307
452 544
790 731
823 879
506 590
622 684
685 586
927 917
891 900
183 201
345 346
959 926
47 92
439 461
993 947
229 238
36 94
397 480
239 286
169 241
539 605
598 591
203 255
169 73
221 148
425 429
183 274
13 46
653 715
893 833
908 1000
368 396
714 722
710 660
460 360
597 682
153 154
648 698
697 777
582 511
793 745
478 422
474 500
160 221
470 467
842 776
713 740
1 88
551 483
272 264
698 750
833 797
824 818
628 681
210 283
180 277
214 172
10 89
72 43
41 73
959 960
924 829
848 802
549 645
233 262
372 311
1 21
131 143
373 440
618 649
281 219
193 286
1021 947
1 1
753 677
135 229
664 597
714 637
539 512
883 911
840 902
971 886
745 719
306 362
612 529
140 182
378 315
407 398
153 193
487 475
1 53
567 629
858 950
213 308
167 184
10 10
12 104
441 480
648 641
520 540
155 56
297 236
445 432
695 642
596 547
848 867
591 662
100 149
98 136
246 269
86 7
277 251
635 599
721 634
476 543
135 80
968 873
895 806
720 774
905 892
1 68
806 725
777 766
650 722
829 790
461 485
998 929
467 564
592 503
626 696
936 957
306 290
253 345
1070 993
991 898
1 2
475 537
774 788
707 615
137 70
297 341
75 56
142 194
160 195
816 837
77 62
229 175
112 14
748 779
777 752
544 517
369 382
900 829
971 917
719 703
371 351
162 176
619 529
285 222
217 219
250 260
342 351
512 505
454 504
174 132
808 824
580 518
256 334
566 660
1025 979
916 896
781 815
523 515
454 413
304 377
692 720
572 584
151 120
248 158
410 396
476 399
889 813
157 168
711 645
592 595
769 723
1 7
249 156
85 123
54 120
413 503
1002 926
330 318
999 932
935 892
693 631
255 209
52 147
392 479
135 119
6 13
1 33
784 728
1046 986
95 75
626 685
301 387
520 521
414 394
544 488
508 518
506 603
103 172
231 317
61 70
34 81
310 215
444 504
299 279
103 163
320 368
549 513
210 123
495 565
812 759
695 760
462 503
345 246
247 199
835 816
942 883
429 453
906 908
489 533
277 256
603 628
429 524
743 840
193 281
85 183
431 377
477 479
823 868
900 819
1038 971
497 407
111 96
126 225
347 408
11 76
29 79
367 306
601 510
368 333
773 675
618 618
427 517
603 690
175 113
462 518
955 926
358 335
136 195
530 488
694 704
665 568
297 271
101 48
650 584
233 245
529 595
445 538
556 558
913 837
1 19
873 780
813 804
454 460
760 830
32 46
486 583
639 630
158 118
411 410
587 646
505 515
642 694
317 283
147 200
873 787
351 252
515 471
1 48
614 553
746 646
724 711
108 146
966 874
841 854
512 412
775 748
774 781
149 216
871 953
582 672
995 929
26 16
734 781
754 726
892 947
511 495
984 927
477 452
20 32
612 645
395 426
333 336
102 164
419 349
588 624
698 689
760 851
41 45
209 217
715 651
424 510
157 205
215 211
39 73
415 411
194 277
278 272
293 243
755 791
205 225
923 869
210 288
616 556
943 982
468 431
356 370
358 270
862 908
382 437
8 22
639 559
841 867
353 347
336 299
394 376
169 208
553 459
88 128
727 801
116 167
890 859
358 360
902 902
95 103
836 779
677 583
410 498
325 411
728 757
391 403
913 836
492 477
1053 965
918 837
807 726
554 515
624 537
647 736
484 442
617 692
536 600
249 334
398 326
74 105
485 564
129 80
879 975
370 326
125 81
169 236
432 494
766 688
562 493
73 110
283 344
31 38
623 704
839 857
64 47
134 161
670 619
473 453
878 948
285 381
122 115
276 320
309 342
117 56
423 444
565 487
244 162
275 352
376 375
74 36
696 602
328 391
288 198
308 398
360 400
702 728
654 685
1090 998
921 930
706 664
638 585
449 430
454 476
891 815
1031 994
533 506
588 635
750 695
896 842
448 360
673 670
322 305
112 188
902 993
460 397
882 932
245 280
321 327
229 316
943 960
560 515
190 239
442 358
123 148
113 153
88 46
69 27
236 261
22 93
980 982
163 132
89 113
449 493
1024 983
732 700
131 85
348 400
231 272
234 262
727 756
882 865
795 845
801 787
75 121
1 19
219 304
411 483
399 376
580 524
329 362
845 872
368 403
170 108
923 920
190 112
834 913
193 157
775 768
214 234
346 367
94 170
810 907
554 645
336 360
1 25
818 786
672 637
736 806
673 763
175 195
769 840
299 369
803 777
8 60
795 835
142 140
802 790
283 220
226 271
135 100
719 785
1 54
142 159
959 954
624 665
341 302
292 241
861 894
584 585
972 979
687 778
273 347
624 675
243 198
499 532
1021 960
108 86
113 167
220 218
394 451
177 210
759 740
223 184
912 917
210 249
750 716
718 765
770 834
466 470
716 765
837 738
1045 951
762 838
766 763
1008 985
315 284
194 251
689 730
92 8
774 810
760 845
404 416
524 454
306 372
245 145
315 262
662 699
243 159
550 460
839 862
267 257
401 355
371 327
635 595
858 919
736 785
19 18
495 590
839 762
749 652
662 730
1051 988
744 819
883 850
949 876
444 418
164 150
499 562
486 577
971 932
88 158
338 334
903 859
314 383
611 644
841 864
276 276
904 924
93 63
303 286
983 931
754 798
1040 955
727 743
279 231
240 216
473 404
600 557
174 235
604 585
301 249
129 154
199 259
763 673
828 867
671 621
419 427
417 339
231 221
367 348
671 716
318 307
13 11
517 457
783 728
1 39
844 797
751 679
214 275
571 640
792 707
42 100
521 538
378 311
315 415
279 198
99 165
448 394
420 408
903 832
538 478
347 302
852 883
1 4
276 336
454 428
847 778
108 159
851 779
47 86
746 687
185 106
1 20
834 776
138 174
872 940
314 343
875 897
33 104
714 675
48 127
256 289
625 573
1 2
251 225
480 515
957 910
513 570
883 799
358 442
660 563
346 251
307 272
926 925
794 864
776 689
499 490
243 220
942 919
1 89
61 19
967 994
183 259
308 275
1 9
614 539
275 224
398 375
230 166
759 805
708 798
416 354
135 63
476 568
1 29
300 208
346 274
1056 984
530 576
596 616
793 701
846 879
627 564
790 781
948 876
68 77
723 623
215 282
136 193
1050 994
746 787
14 50
192 283
552 608
596 682
7 15
503 409
328 395
924 945
347 345
487 478
258 210
432 415
1 20
426 356
737 773
282 212
16 77
865 771
163 246
841 908
425 387
373 305
638 682
381 340
949 975
778 792
135 127
882 905
262 278
390 341
380 381
535 461
192 179
1 28
497 447
108 27
452 456
185 279
456 385
61 72
729 723
491 526
702 617
601 562
817 786
343 262
862 847
1 2
575 578
818 868
707 646
600 523
677 689
621 713
329 315
233 242
641 729
231 205
458 459
552 630
1030 998
1 69
867 790
327 327
928 980
832 750
468 448
651 680
767 851
844 865
206 228
453 414
982 949
949 943
808 729
713 656
359 364
1043 989
254 343
211 135
704 678
379 430
71 64
857 885
635 643
509 493
346 337
238 279
674 659
46 82
114 120
792 741
428 433
186 113
301 293
495 462
827 924
320 377
699 667
898 991
728 659
491 496
209 197
435 474
809 798
449 481
154 83
155 160
864 842
908 871
195 108
494 522
194 282
481 409
995 899
921 889
743 680
939 846
868 965
419 483
8 92
34 80
604 511
591 655
213 233
224 155
918 889
216 189
775 796
538 516
485 543
616 552
715 630
729 676
238 324
434 341
925 951
314 251
687 663
488 556
795 891
708 759
1033 959
637 667
666 614
340 429
967 912
794 768
620 569
723 628
300 262
419 373
190 268
925 879
420 447
911 931
454 428
334 297
290 219
629 578
142 116
104 80
832 781
680 620
1 5
463 444
786 744
536 487
128 176
176 230
980 948
727 753
652 591
433 363
594 544
191 276
255 162
955 929
53 143
885 793
276 238
799 806
375 413
667 742
817 805
865 854
491 489
579 490
877 834
633 587
552 651
879 821
18 67
586 652
344 380
544 619
811 727
647 648
109 194
264 183
1 16
230 322
566 523
119 130
733 648
156 172
876 950
156 195
879 941
170 221
132 223
52 61
123 30
98 197
836 794
983 998
706 716
330 238
441 477
433 516
933 956
287 322
854 872
241 328
13 42
622 529
377 397
100 36
305 221
559 482
44 122
454 478
131 207
814 798
231 243
584 525
350 332
273 274
592 578
395 384
931 967
80 163
319 361
463 372
887 946
407 337
194 124
48 124
473 412
716 670
177 274
572 496
193 210
526 446
774 746
500 505
782 688
341 375
640 560
785 696
447 375
879 872
894 951
718 732
981 895
452 427
298 261
138 154
412 339
412 500
1 36
813 797
643 641
447 441
218 293
429 429
415 369
551 617
56 12
799 793
656 595
804 831
757 833
891 951
717 763
1051 975
481 435
425 384
437 390
737 733
663 684
157 239
86 140
271 250
107 130
675 768
229 166
100 144
422 425
390 323
578 502
428 371
87 131
454 519
236 155
699 663
278 330
731 657
8 4
443 462
630 578
358 261
579 674
908 873
431 522
183 241
548 472
198 220
393 425
911 934
11 28
539 452
183 226
548 512
690 749
774 769
857 866
223 291
385 444
730 654
520 478
200 213
446 525
46 6
390 296
490 425
215 237
695 766
507 545
948 872
153 203
670 696
800 821
523 599
728 784
166 115
401 308
935 933
533 601
504 445
441 476
895 803
131 41
878 779
656 578
588 636
222 137
914 837
1020 944
108 156
398 442
266 221
277 285
88 131
345 407
22 6
312 346
467 545
732 790
135 94
272 289
219 217
117 189
597 598
191 126
749 655
126 190
114 62
560 504
311 324
313 285
917 860
488 534
492 510
424 366
919 907
668 683
56 106
207 226
149 214
111 44
549 612
259 248
191 260
867 854
448 467
832 765
786 834
806 786
141 192
844 871
866 871
618 555
695 717
535 563
246 337
143 157
688 631
808 780
573 626
910 885
420 389
591 669
401 447
767 733
267 256
238 211
220 244
777 862
305 387
621 629
793 723
408 381
816 803
708 638
464 436
704 680
637 710
488 487
493 524
829 800
475 453
295 335
685 752
619 671
1 35
890 941
309 312
364 425
468 453
377 473
508 558
353 260
379 369
739 656
459 486
168 193
482 457
18 39
165 134
313 306
166 247
859 765
905 876
834 796
841 776
597 635
282 188
676 708
257 291
156 116
677 586
902 916
924 897
848 807
167 233
1 76
410 500
815 746
67 4
414 418
888 825
597 654
776 851
697 709
644 656
399 463
186 210
583 611
200 264
650 651
573 600
665 728
226 174
959 976
556 651
286 272
311 220
807 760
702 654
140 90
41 123
241 333
379 428
252 284
489 539
761 743
250 268
310 307
807 744
463 563
502 437
1009 994
141 133
452 515
335 400
356 383
168 201
535 490
490 499
426 411
286 222
97 46
285 298
987 976
63 126
822 814
728 694
570 555
210 183
289 356
1 15
649 673
874 862
1002 922
834 907
175 115
742 669
265 278
462 551
320 244
765 846
710 807
581 666
453 383
411 311
473 495
492 527
502 459
129 117
808 865
594 656
690 624
472 427
800 737
1015 973
232 209
604 538
863 809
920 925
18 82
28 96
701 720
926 954
561 642
1 27
795 722
338 271
409 423
682 693
46 61
669 666
781 862
603 503
935 959
460 364
230 297
698 631
408 507
405 461
921 929
399 428
659 675
1007 986
458 459
596 598
709 732
45 49
610 692
538 536
196 103
157 217
993 896
757 672
835 843
753 765
511 420
292 387
316 366
663 719
461 401
865 787
564 627
438 438
338 362
643 698
312 355
307 370
313 226
317 342
945 902
690 749
555 616
55 29
85 40
75 41
263 356
21 64
84 22
425 502
524 441
375 417
644 696
851 874
634 635
871 934
705 775
108 41
908 840
642 550
902 813
951 932
933 937
860 920
499 465
50 67
466 447
383 289
888 890
220 213
579 656
319 332
234 169
419 501
716 793
16 25
583 577
109 76
758 786
27 8
670 688
560 627
619 543
475 453
400 429
788 728
969 916
909 811
692 593
597 613
621 574
287 283
160 208
816 806
891 806
924 972
759 807
201 193
215 166
532 609
340 397
548 485
231 195
589 592
510 428
479 381
181 131
244 159
269 238
381 420
115 78
277 335
313 322
468 441
1078 983
34 75
450 526
908 906
422 322
184 231
806 780
279 354
126 125
550 522
285 295
592 508
339 368
562 638
922 868
814 855
447 535
174 125
840 764
605 538
665 620
1 3
316 302
666 630
691 679
580 624
916 951
101 105
196 96
408 389
971 899
566 567
718 729
684 619
901 866
588 641
807 790
113 185
395 422
921 999
133 86
505 517
776 689
237 335
896 937
247 319
459 521
852 845
713 793
305 267
408 486
888 923
931 875
652 677
922 832
443 520
14 101
748 668
229 283
655 706
49 127
896 937
331 324
228 222
535 492
567 631
616 706
221 268
150 183
494 410
914 872
467 421
335 248
13 66
954 879
522 534
374 351
184 199
566 654
619 677
888 797
903 963
649 724
299 376
1015 943
1017 917
847 929
944 963
30 68
190 282
989 963
1005 912
953 908
106 124
981 884
767 814
495 528
839 781
1017 958
145 212
126 151
665 570
315 257
953 980
94 148
497 433
940 969
498 507
685 762
734 773
436 370
881 925
197 154
209 135
533 565
118 83
933 913
11 36
793 819
18 86
352 381
1027 987
69 14
7 74
931 870
895 925
264 268
896 862
695 687
939 997
584 605
826 752
477 523
341 408
29 74
876 972
235 242
842 820
859 798
1022 987
633 683
518 530
848 878
1006 909
215 202
538 565
538 610
1019 210
1075 621
219 182
974 663
189 476
750 864
715 863
284 433
654 510
391 285
770 346
217 75
367 208
577 112
438 465
573 35
475 614
204 929
1 74
627 692
603 529
494 131
720 522
984 786
171 906
28 527
846 45
333 901
657 609
803 214
862 130
132 460
1082 643
726 620
167 151
255 318
78 620
646 480
407 268
81 180
488 39
931 145
17 79
647 483
307 214
90 27
227 122
615 541
957 690
233 985
381 530
328 426
293 842
919 975
425 548
264 295
521 107
975 459
605 521
427 986
355 304
698 687
599 612
300 6
776 480
347 473
668 818
958 915
60 807
506 849
511 908
722 94
693 746
1055 166
509 602
137 511
376 39
497 194
689 784
646 595
1002 82
17 101
274 71
761 873
416 728
510 407
915 359
641 968
800 561
267 235
224 660
837 736
48 762
999 494
474 485
927 60
956 559
66 732
915 843
278 544
710 776
1015 781
324 132
699 200
695 245
53 454
684 404
95 582
1024 997
145 847
1054 436
361 408
873 327
106 552
433 684
25 206
785 895
668 722
178 462
34 476
94 692
664 169
420 715
467 416
97 446
32 722
29 730
579 675
1018 450
89 993
247 400
626 717
591 634
121 572
20 298
937 821
502 136
501 727
957 445
430 570
28 606
1046 737
592 481
362 353
681 652
646 74
914 77
398 738
882 96
730 993
133 897
894 29
139 171
407 876
746 631
371 525
939 332
796 804
446 506
533 603
657 778
665 727
292 567
799 720
101 402
457 949
290 513
1034 919
602 559
394 919
328 580
1074 427
69 588
467 735
433 608
50 666
479 516
1085 174
1056 842
903 778
756 255
292 921
1063 659
1062 992
964 733
1080 301
910 962
805 161
1064 898
53 361
908 536
226 746
178 128
1067 179
1037 54
426 160
126 127
237 368
300 233
763 635
800 374
17 757
435 924
794 83
791 533
465 165
723 624
189 337
410 800
893 899
420 576
986 863
69 989
329 471
581 274
71 350
135 436
15 938
851 416
632 456
781 680
405 584
511 790
19 539
746 366
704 480
525 584
566 105
523 236
582 438
59 883
503 187
369 686
961 650
416 544
569 779
538 297
674 175
582 253
790 794
986 224
348 928
430 398
954 274
485 996
49 813
704 178
936 544
1073 323
186 440
894 149
95 70
872 759
25 458
577 933
474 437
310 106
1038 177
651 823
587 809
487 53
1059 506
703 21
570 241
259 39
813 224
705 515
787 623
1090 1
367 470
918 777
307 369
996 208
685 503
199 650
813 197
53 867
336 850
253 6
647 675
151 423
88 556
334 980
98 82
234 394
385 828
537 674
308 389
768 687
129 35
559 312
450 223
921 92
1049 521
1013 253
271 284
912 736
13 309
829 490
71 484
136 102
437 200
317 116
128 363
333 382
151 341
273 130
389 540
998 43
909 172
908 45
505 830
427 800
113 434
93 456
692 795
1058 111
233 401
490 166
491 31
619 819
677 347
892 430
877 183
349 709
856 242
1051 688
696 820
370 570
141 236
464 136
483 61
107 823
215 537
429 426
491 30
473 674
587 16
441 410
653 224
993 763
967 113
361 18
313 828
200 151
806 821
142 209
895 444
785 123
750 646
281 17
100 434
294 726
539 991
60 795
466 10
1039 404
989 141
891 464
1078 591
971 861
280 99
691 350
36 144
835 975
1047 24
929 573
582 699
532 892
57 580
983 596
619 466
369 395
316 57
9 757
276 822
260 41
361 610
658 515
134 342
748 763
982 33
115 563
806 886
154 942
286 821
230 997
972 219
666 267
446 35
428 625
73 676
815 884
284 921
590 154
807 818
100 644
772 748
699 286
883 752
671 19
330 478
813 809
695 104
561 464
905 873
381 967
309 177
131 504
116 929
521 730
579 529
166 100
838 288
134 972
228 467
355 150
317 375
960 501
479 907
55 402
464 522
775 649
387 579
995 164
524 124
433 991
803 211
163 858
968 664
126 2
996 629
986 455
116 718
878 356
837 389
723 880
613 550
209 327
868 576
343 435
822 527
115 681
269 368
197 705
132 944
6 826
715 519
113 384
272 200
588 336
466 847
1083 655
512 487
533 617
323 979
611 944
1074 529
307 429
1037 343
1026 867
176 465
420 349
793 483
125 448
37 655
931 742
399 199
945 748
867 140
698 778
350 659
537 966
851 602
646 123
416 997
460 697
1082 46
385 260
1017 200
855 592
943 813
748 204
941 315
674 89
612 802
668 317
887 801
733 747
1008 516
181 947
469 114
1078 49
694 90
263 93
11 831
697 514
295 389
140 39
297 135
167 361
721 904
947 574
743 108
783 769
879 421
65 241
950 901
904 662
474 885
133 683
602 958
533 579
1078 744
226 986
975 937
569 386
854 36
589 92
965 22
41 341
389 507
105 856
884 106
816 963
772 182
1071 366
204 132
431 594
316 41
314 806
41 811
35 175
175 135
649 223
405 223
533 731
297 639
883 111
517 367
562 35
284 637
760 538
1051 650
604 566
932 866
904 530
349 688
343 5
798 811
913 183
461 256
673 103
671 339
1068 893
867 958
797 189
645 747
289 915
276 499
966 690
535 69
143 779
234 525
499 606
895 246
669 451
631 904
983 796
107 494
369 564
823 698
229 96
288 748
1088 657
772 502
653 339
620 487
170 119
45 696
1026 244
857 552
42 700
296 283
648 298
572 450
854 231
763 27
942 525
264 946
611 459
268 322
12 938
423 707
198 763
184 632
932 933
259 733
992 637
1076 263
421 874
742 235
977 958
1072 598
393 968
98 233
118 290
12 319
1082 373
170 763
382 991
417 17
651 47
607 147
459 304
1016 88
451 101
611 264
327 75
145 255
1059 188
791 998
201 569
661 597
734 503
442 95
197 17
571 997
342 846
31 818
325 821
404 852
241 961
102 598
1029 339
579 324
672 888
341 303
135 31
682 480
396 620
578 55
308 185
933 192
805 936
388 182
777 157
548 959
522 136
829 676
208 606
37 110
745 517
1041 414
748 550
465 440
519 85
1074 166
928 415
884 249
138 26
147 572
237 449
943 811
804 920
253 355
193 176
618 781
682 128
344 112
875 583
312 116
625 859
130 575
908 606
400 880
612 420
224 240
997 59
456 938
870 479
1087 746
102 352
252 46
595 557
575 593
263 82
301 905
801 617
731 513
826 480
20 513
965 30
888 7
287 148
491 755
655 538
540 124
363 801
596 113
40 14
790 358
361 425
317 286
308 101
1054 676
842 221
737 873
622 91
956 742
1016 911
525 861
1026 600
548 223
579 282
144 492
240 691
850 16
198 611
286 572
337 127
195 654
1041 990
294 304
876 757
419 480
163 477
942 501
213 899
948 646
789 54
2 904
718 336
192 703
1075 783
890 178
954 725
809 971
870 814
248 966
710 424
709 38
717 224
719 612
697 507
319 335
432 60
589 872
1016 176
797 413
292 480
580 513
222 234
614 922
549 579
128 728
334 694
1077 50
956 964
102 65
48 588
426 524
340 423
573 336
548 193
205 407
745 698
356 534
980 769
986 711
298 483
1 498
846 204
623 255
434 632
26 997
122 883
484 14
722 256
625 42
69 412
248 434
209 907
1011 550
844 41
1061 258
1027 963
998 797
1063 343
924 589
235 665
358 976
66 407
559 735
1007 498
898 936
596 573
886 593
704 112
71 265
602 663
1010 526
855 272
601 125
415 124
720 514
679 61
375 123
83 668
122 867
863 702
295 80
223 13
1000 508
942 478
370 944
767 372
13 907
930 603
831 343
14 648
925 876
133 711
1003 495
403 959
842 45
487 755
831 45
739 241
466 958
599 190
24 585
132 8
360 30
8 722
1009 652
898 137
379 960
482 524
937 804
438 324
299 462
374 521
1007 101
99 672
240 243
614 369
451 662
452 427
363 346
812 767
720 848
212 59
477 581
99 141
870 996
733 247
163 128
396 29
550 366
732 55
1056 963
618 876
728 594
820 834
385 962
398 456
430 341
430 376
656 343
1074 26
592 25
72 128
338 860
259 371
620 594
1083 426
177 702
908 983
342 268
86 899
84 876
593 910
203 257
31 95
156 895
522 894
713 596
131 84
687 774
130 784
41 405
673 674
804 407
833 705
95 533
174 571
646 179
266 593
586 633
902 490
165 701
1071 198
213 21
272 599
953 532
352 83
94 698
504 329
106 144
532 461
995 951
138 392
78 488
212 821
49 724
586 42
251 445
989 123
446 875
596 763
592 162
262 475
958 732
448 972
138 50
623 767
815 374
133 305
393 212
690 631
56 20
882 166
847 618
214 566
144 124
668 812
304 206
616 806
589 624
190 17
38 89
51 691
433 573
737 108
453 913
282 115
887 170
623 966
679 932
299 332
249 951
908 841
256 613
960 869
723 863
75 913
1057 234
688 290
367 985
332 25
867 274
615 52
163 354
633 3
743 569
52 247
282 839
1062 100
1039 542
126 189
785 543
407 586
1019 982
1078 874
53 559
340 469
648 819
494 963
126 587
773 327
493 55
183 145
651 176
892 635
721 987
213 817
678 759
360 342
771 510
467 178
259 83
728 220
763 568
191 126
463 390
519 11
962 534
67 734
89 139
915 818
994 657
800 297
134 852
192 318
142 660
696 611
92 383
684 551
263 551
215 772
469 570
821 375
316 689
945 578
324 303
93 472
670 643
1041 180
151 491
934 896
1013 450
528 347
734 72
816 700
418 413
42 735
525 261
895 195
396 441
244 904
517 773
588 459
979 231
983 597
911 607
1006 670
1065 490
1071 109
490 67
288 694
115 583
706 88
1021 703
196 315
483 863
251 392
265 77
608 966
767 941
475 648
187 856
839 251
425 943
767 400
561 147
1009 660
82 137
985 181
501 486
4 23
213 608
909 869
131 226
783 407
469 724
27 912
544 692
819 40
103 736
235 43
508 932
1030 165
493 209
858 14
769 759
561 625
582 442
205 336
317 767
432 66
1060 930
991 589
893 148
555 142
817 31
279 675
227 838
28 673
236 433
356 663
91 603
695 514
895 244
484 112
691 957
145 496
552 992
371 577
1012 697
654 976
831 106
968 176
377 682
572 593
452 550
76 631
931 477
51 285
491 789
988 923
301 483
593 728
38 787
701 785
1088 345
401 457
233 666
373 727
722 359
471 641
857 829
104 889
879 919
289 378
1086 491
854 934
573 538
891 308
730 965
854 433
109 472
41 752
108 819
384 539
604 221
60 402
300 997
67 810
944 897
288 380
116 692
36 176
697 408
1009 153
461 202
1071 3
444 331
341 376
969 242
940 954
153 95
170 547
362 326
1033 237
654 658
320 693
397 161
595 534
655 819
836 450
90 915
401 104
382 553
405 86
646 78
993 981
609 493
761 275
871 245
629 424
956 668
611 813
486 925
741 973
364 268
15 831
964 664
373 527
85 515
706 637
646 712
1054 357
379 151
301 404
42 394
43 991
669 780
534 947
928 615
131 788
12 808
557 480
813 676
716 549
1032 801
369 606
69 893
25 16
222 174
964 481
1008 961
57 586
156 131
662 467
260 885
908 250
741 472
1020 521
851 540
219 74
457 899
699 830
245 528
469 572
866 421
73 704
1030 310
313 33
1 621
521 720
69 117
746 7
392 126
943 122
33 276
210 984
996 398
541 403
1028 686
60 34
984 658
876 491
978 932
227 303
899 662
444 746
584 528
256 23
866 205
667 450
882 211
900 574
103 870
772 657
240 295
568 509
1070 45
944 470
441 775
47 260
323 298
520 799
485 248
397 210
788 807
1019 345
431 69
982 333
18 850
997 358
1069 70
252 891
380 904
1010 324
852 777
774 116
806 922
874 12
66 140
94 316
1015 427
11 707
1045 248
291 949
848 657
467 25
1000 447
691 647
38 26
988 919
30 716
669 147
223 601
447 578
439 287
166 183
700 72
608 298
466 198
1010 774
274 470
241 518
722 918
541 88
468 412
700 512
114 611
173 539
645 823
775 227
385 610
602 647
557 915
471 721
154 483
64 665
617 780
312 724
783 601
734 375
809 74
253 713
713 600
1059 462
498 21
831 825
406 873
567 638
924 419
258 30
132 74
889 677
44 529
263 777
394 884
369 296
94 102
817 43
777 959
926 749
321 105
19 506
59 115
669 893
167 943
892 690
331 172
23 127
115 610
322 262
516 944
2 691
1041 978
588 39
477 473
23 411
274 424
464 244
991 923
678 273
76 919
208 685
682 468
659 856
784 409
524 382
608 62
458 842
154 345
123 503
203 872
217 91
770 897
1038 404
95 680
10 12
433 597
194 378
844 493
563 729
882 997
737 101
11 721
298 787
331 265
1052 839
139 673
753 519
981 789
788 46
783 643
1041 368
783 299
190 578
214 38
751 96
559 416
912 314
716 328
495 199
423 259
721 768
70 970
439 465
264 321
151 204
726 893
984 89
826 312
50 800
41 364
34 476
154 261
931 434
1026 793
365 567
575 410
228 261
638 399
214 301
46 648
884 14
632 252
478 702
146 533
766 322
780 238
52 2
163 916
258 381
87 318
680 357
212 595
1063 761
166 768
888 262
293 221
320 227
146 301
1023 259
770 504
183 416
554 253
97 858
586 604
441 172
488 309
900 877
138 965
248 617
243 5
522 368
898 807
533 344
333 562
493 26
11 159
208 873
962 584
931 35
509 152
568 136
196 482
835 648
629 609
419 483
479 920
454 213
1054 308
239 441
907 752
700 155
89 853
73 357
939 168
260 84
186 220
963 727
992 120
537 262
673 292
585 668
1072 362
25 634
202 547
594 715
501 599
150 924
888 741
921 511
824 55
257 440
755 612
867 845
78 628
820 532
857 868
272 630
977 682
876 934
531 719
1077 342
497 499
938 803
125 967
1046 445
179 707
404 350
41 586
345 579
46 557
199 16
105 845
334 858
760 653
337 75
480 339
1017 153
666 651
120 875
84 743
113 631
801 29
678 937
356 162
26 470
96 177
384 523
316 408
493 15
446 102
815 498
682 843
19 809
468 252
599 830
569 75
859 604
62 177
423 903
933 597
822 537
654 219
643 600
775 76
105 339
718 865
363 943
614 632
200 135
439 974
741 330
754 456
355 610
614 974
821 287
559 586
215 111
591 483
343 187
754 680
234 78
220 662
625 410
95 454
364 991
423 78
570 298
951 610
745 42
997 752
645 742
1067 816
22 185
884 963
637 845
931 930
212 682
442 313
902 827
450 636
659 765
382 781
415 419
981 29
382 169
164 8
387 702
55 588
182 761
14 92
782 618
483 100
760 294
217 648
1053 760
904 507
403 928
568 979
1045 49
995 775
160 182
634 783
848 495
482 462
772 513
86 829
407 537
815 210
220 357
42 407
658 480
420 387
300 603
737 81
1001 26
357 357
468 767
868 260
1063 867
40 380
837 445
342 205
232 356
635 39
212 441
896 295
851 810
487 362
196 591
279 187
23 996
638 661
763 342
756 792
244 25
97 502
56 114
957 600
474 127
742 895
775 150
152 839
410 724
22 440
765 45
991 266
574 695
459 159
585 265
123 996
35 64
834 608
523 295
404 92
680 627
545 838
888 83
534 656
180 875
10 742
455 16
139 373
161 671
652 18
221 982
976 627
866 767
27 395
147 991
24 445
125 974
269 575
634 529
420 295
880 651
773 741
188 10
825 138
789 627
794 920
76 632
698 814
424 326
641 244
917 956
369 248
1075 195
610 889
457 922
429 591
864 164
395 431
247 963
481 370
435 851
217 390
501 189
261 401
70 583
944 503
702 589
1008 286
513 174
1009 473
629 405
53 996
955 962
532 341
328 243
256 62
422 829
171 462
900 808
122 51
856 917
759 545
860 673
249 619
578 808
94 734
135 988
73 761
541 159
1079 234
614 884
389 964
420 774
945 50
736 672
158 662
377 252
45 586
776 162
774 560
745 345
681 96
444 302
935 58
94 585
1012 453
133 259
494 891
876 234
897 337
290 578
492 798
358 613
298 610
763 741
704 184
841 852
686 740
767 958
650 543
923 769
421 997
638 889
259 649
869 891
622 257
352 944
1010 789
522 711
186 361
451 250
550 354
822 588
87 629
917 618
594 692
193 9
236 653
846 103
541 88
203 665
411 470
821 727
386 208
165 499
190 576
95 841
557 649
504 976
657 29
235 808
811 620
853 321
607 378
215 841
995 414
722 617
1083 904
217 773
1085 586
632 648
821 628
296 768
673 143
169 750
551 107
157 791
663 734
947 632
965 993
242 459
235 172
221 967
93 605
97 536
859 231
460 162
94 818
142 868
739 602
1056 731
309 27
788 874
1063 582
856 385
1034 704
1068 265
621 85
1089 325
841 10
495 826
1065 808
147 484
928 549
201 70
259 19
538 448
994 407
959 511
1011 162
72 202
1080 155
569 425
465 312
978 259
101 180
833 244
62 716
33 819
40 271
368 567
532 968
453 378
385 110
294 897
906 95
92 105
243 435
352 745
729 645
543 978
1010 327
515 409
1068 716
1059 229
423 278
924 831
557 55
1061 503
1031 465
291 854
757 852
42 201
784 60
916 68
139 867
623 781
387 960
392 432
955 363
1035 133
128 44
167 408
1025 590
1085 97
1074 514
960 264
7 296
916 534
728 872
442 844
55 475
571 755
183 873
898 353
222 646
115 783
1091 575
638 114
184 14
37 713
90 315
629 212
900 525
221 559
809 207
140 315
771 921
1065 590
181 468
333 326
248 263
1018 119
134 842
682 261
514 47
654 113
1020 807
297 754
239 728
468 529
13 491
1085 520
93 208
960 757
5 269
402 260
99 280
5 480
76 373
385 667
590 351
207 352
985 610
400 926
932 257
661 604
982 773
375 186
762 125
723 342
128 853
1059 617
200 249
602 271
120 159
899 541
566 448
416 205
559 577
525 494
326 277
763 466
747 52
760 787
783 531
313 824
279 14
80 887
284 535
937 636
553 893
9 578
491 36
419 222
270 525
346 840
738 573
539 469
761 394
1055 711
722 621
1087 904
824 517
656 587
744 306
1013 31
208 695
107 440
132 165
1091 957
647 85
617 191
33 542
986 196
414 651
728 340
1015 240
398 549
102 324
933 334
827 263
723 634
742 630
738 273
643 116
83 762
704 408
327 336
318 228
218 516
616 17
443 603
1091 337
920 544
448 715
924 822
404 579
940 465
904 178
991 979
400 37
679 808
772 989
428 603
677 656
18 333
635 628
448 698
714 85
139 786
111 878
821 992
785 584
1073 702
88 505
1030 555
1 82
875 238
545 940
76 296
935 782
775 698
325 238
985 647
1059 557
253 375
142 26
943 57
678 622
892 212
1084 844
281 326
1029 738
68 667
298 96
213 848
526 214
18 131
568 509
80 696
408 723
825 794
1039 17
56 965
291 869
583 458
221 99
115 838
976 758
312 242
1032 750
332 467
747 710
261 96
98 899
509 295
876 422
50 678
996 366
553 506
199 868
118 956
412 549
799 636
350 253
781 75
778 437
676 776
20 24
285 125
410 1000
1072 489
647 556
191 404
681 846
519 552
1033 247
915 302
378 246
183 507
1062 651
23 920
858 923
524 937
818 913
1000 774
289 993
24 434
526 478
20 232
350 842
843 386
442 961
643 489
957 824
345 792
386 469
189 681
524 601
588 769
943 420
773 493
732 414
1024 919
961 116
658 822
43 719
780 74
883 145
619 671
565 103
1049 797
368 757
936 345
17 260
82 291
249 635
1026 753
1081 906
702 314
802 294
1086 762
466 262
914 488
586 40
313 549
515 420
168 666
276 146
870 357
211 349
1060 848
252 320
554 666
61 943
1015 977
759 811
337 484
170 66
546 389
315 319
105 566
196 600
686 583
584 104
806 590
835 788
309 382
568 957
515 797
659 231
96 615
343 740
369 460
23 889
711 388
509 972
836 446
106 714
89 595
233 528
487 912
858 151
629 785
353 278
804 509
524 378
686 910
492 587
986 28
1087 897
1080 371
564 379
565 909
666 576
734 735
514 634
40 456
683 753
205 553
161 624
458 823
981 679
601 10
450 314
862 458
986 198
284 657
155 897
1041 172
394 512
607 597
645 575
482 499
932 558
452 19
1045 606
1078 908
409 271
480 906
634 525
661 675
880 122
883 467
530 171
842 403
207 378
624 56
107 981
1036 108
885 101
109 688
903 949
1053 13
360 808
640 23
398 332
783 375
219 637
266 207
1089 432
7 281
466 327
68 205
935 386
705 762
643 900
78 812
295 951
222 812
772 718
1038 228
406 921
114 710
918 950
885 619
288 49
792 685
502 747
879 920
718 648
54 727
1053 658
1054 703
504 322
713 601
1063 664
610 467
802 128
651 173
982 358
741 172
45 826
218 671
410 328
462 776
87 75
36 965
172 93
782 523
933 395
908 653
985 732
84 815
903 644
5 136
330 705
365 971
409 79
101 564
403 361
1075 25
303 243
964 31
128 207
2 2
650 924
721 642
3 833
347 721
350 616
785 667
59 884
981 464
288 181
857 322
565 814
444 973
594 97
617 269
247 217
43 338
310 613
439 67
893 111
883 66
434 856
812 856
855 880
751 271
867 165
147 498
730 298
972 219
146 199
755 455
515 603
409 428
900 560
949 635
121 88
449 302
866 260
880 834
388 892
323 327
623 602
421 945
895 961
152 790
802 82
881 565
14 879
790 857
415 461
263 503
439 517
851 942
985 400
543 394
877 13
421 697
899 523
146 565
794 461
905 308
967 638
532 532
723 932
1070 306
945 521
421 859
898 417
460 264
318 991
1079 981
231 815
1078 250
401 416
899 14
1017 666
556 417
856 157
120 575
274 173
71 783
1048 943
1015 87
288 126
215 643
418 395
1020 424
223 86
517 852
87 111
492 573
755 270
377 444
311 785
564 524
962 923
351 438
862 306
684 536
869 644
817 205
794 670
123 757
466 726
337 502
467 596
136 586
757 120
592 883
609 556
480 212
1044 83
43 367
218 264
12 438
841 987
572 772
681 222
927 366
666 358
740 707
605 47
979 887
675 135
745 19
620 180
1041 171
118 166
1056 673
52 295
479 378
914 499
397 419
455 597
218 201
115 241
452 981
506 195
164 474
633 110
804 980
876 398
515 525
503 71
184 918
26 741
280 768
105 760
333 823
658 699
175 699
477 865
736 209
735 344
937 623
881 755
628 692
789 77
540 569
566 765
1010 632
999 103
942 947
4 381
669 52
686 461
940 508
1011 184
644 513
969 538
859 574
298 15
1083 614
741 911
376 625
1026 607
471 975
501 605
727 894
28 7
458 114
82 695
914 458
326 802
987 205
93 393
232 865
903 47
184 676
881 68
379 439
359 897
634 948
907 489
748 292
1045 26
986 364
1070 821
505 921
105 307
448 712
787 871
854 390
149 281
1044 905
253 701
975 351
182 216
507 465
431 242
663 420
486 476
275 935
312 57
1011 915
527 615
367 188
176 14
272 342
45 300
983 485
1059 175
617 847
1084 552
410 613
822 914
65 709
23 268
154 460
961 959
150 370
676 96
518 232
769 895
718 874
733 959
845 504
388 629
372 942
231 255
498 548
976 807
805 354
451 227
586 884
700 429
415 722
978 552
439 575
780 719
981 704
647 230
216 599
527 303
618 459
102 321
940 646
939 587
522 150
469 159
996 867
986 756
64 313
6 621
970 302
149 708
968 143
896 259
18 181
278 9
165 486
872 463
314 731
932 880
346 115
988 164
208 912
1085 987
544 420
26 611
898 318
111 760
2 270
287 479
439 744
883 511
302 64
1046 31
1060 934
306 310
40 563
581 566
720 558
720 494
209 879
347 619
872 168
594 187
485 705
1088 767
200 257
1014 490
390 820
169 637
180 402
74 722
473 641
490 288
607 302
473 470
535 907
275 757
23 288
283 333
807 645
1071 991
601 887
411 96
814 697
441 68
417 373
777 34
1087 711
406 446
389 275
132 167
507 726
202 389
440 755
991 333
681 919
39 488
111 294
577 820
164 933
692 294
924 621
880 844
151 425
890 976
1064 496
998 112
323 125
209 741
591 496
1091 372
243 826
415 42
120 720
365 64
1027 865
319 875
793 211
1059 990
946 556
705 43
127 367
632 96
989 852
1037 125
58 190
267 856
726 287
104 572
566 19
414 117
577 609
170 527
739 550
61 138
603 795
328 539
460 340
294 776
124 782
187 808
655 178
796 400
723 710
1033 299
542 818
940 737
305 321
370 583
941 705
736 915
484 405
320 801
111 762
420 374
870 217
475 944
627 176
912 631
998 311
105 523
1067 18
951 936
683 979
516 881
708 889
110 678
602 676
924 951
532 63
468 847
18 275
113 498
505 211
337 644
820 461
1073 83
279 120
12 124
1025 925
964 687
822 813
455 128
283 541
196 833
662 202
89 295
718 582
165 981
593 642
394 766
103 182
330 302
327 929
412 508
860 39
1048 85
68 150
179 70
541 868
822 277
484 941
627 538
745 38
752 636
299 174
726 889
225 185
637 67
229 199
725 762
1038 616
633 53
919 122
701 196
635 987
353 142
77 706
746 888
238 78
39 100
548 181
11 886
905 871
478 99
505 167
839 995
985 679
17 34
424 192
681 768
323 810
239 414
201 954
975 363
945 72
404 8
962 490
784 561
983 951
417 947
395 761
84 93
601 66
446 623
790 941
365 710
104 167
946 297
354 357
609 60
99 308
557 942
265 633
975 208
282 624
178 741
956 597
330 537
382 357
661 558
862 822
597 827
336 488
43 708
603 744
707 513
348 279
768 79
84 450
485 410
158 403
545 898
313 100
7 136
591 929
664 564
1016 661
99 649
313 958
463 539
250 723
768 900
526 413
642 367
818 850
287 228
458 240
848 893
652 191
426 773
965 702
902 218
731 58
62 223
317 634
1009 533
995 163
353 176
507 606
547 580
1024 506
382 112
328 918
470 909
187 568
638 361
892 944
561 666
181 913
112 58
922 544
706 619
627 118
593 93
896 178
446 235
339 415
173 602
557 635
892 128
698 307
752 27
655 175
585 188
646 375
1087 632
110 770
365 73
915 533
459 973
745 847
137 128
717 234
491 192
172 926
538 487
668 572
690 694
407 565
193 853
673 490
381 739
601 751
739 246
1070 21
1057 628
408 260
801 474
978 725
993 34
950 692
44 1
1027 5
411 240
964 413
488 107
930 739
702 800
202 762
230 403
122 989
734 581
139 249
907 278
1086 87
120 585
964 474
240 10
138 149
1056 281
198 581
747 18
322 711
1080 909
871 603
644 224
983 404
511 28
984 911
10 582
431 838
311 827
453 703
981 927
502 220
959 48
209 564
935 262
17 287
728 653
616 18
732 712
529 388
983 35
1085 660
184 514
259 20
395 331
642 454
1043 647
92 81
540 29
174 737
2 114
30 823
179 886
1070 681
96 927
737 381
260 471
937 387
1089 850
176 30
325 819
838 990
942 194
378 238
390 669
343 502
698 211
954 825
604 199
75 968
836 915
524 718
443 274
569 283
729 446
318 441
736 884
536 676
974 695
660 612
414 199
271 904
316 786
714 22
712 329
164 268
877 257
1065 310
258 257
286 524
823 771
741 488
933 382
1054 466
968 848
2 216
193 227
587 708
278 237
510 157
967 891
91 639
593 551
560 422
71 754
607 344
475 418
1020 286
870 891
285 817
212 895
966 91
70 989
598 69
848 325
625 951
952 271
608 396
1039 746
484 864
1054 99
283 880
904 122
277 946
711 200
219 333
1060 68
110 620
884 89
882 983
894 798
975 854
902 25
1003 167
1077 731
396 249
778 425
1075 899
1077 507
643 999
402 836
540 378
381 679
821 818
1060 856
252 723
488 268
684 105
736 752
36 864
615 165
351 165
754 276
1055 326
52 400
764 525
1035 228
376 311
824 676
291 497
551 240
732 340
380 86
822 102
511 691
666 453
503 985
137 846
261 931
534 323
965 663
305 70
401 232
471 727
914 974
240 526
926 401
212 145
85 511
919 575
900 645
911 9
534 851
510 432
110 414
154 274
984 484
1053 687
231 350
1051 909
8 39
624 396
1074 474
434 959
292 423
477 511
320 495
357 430
510 659
621 47
830 649
181 953
162 754
744 885
324 202
981 984
632 161
866 909
293 234
896 431
140 269
398 385
790 640
401 479
292 383
596 619
900 533
427 707
930 327
976 187
945 942
670 128
659 409
239 318
853 981
169 950
226 133
481 212
14 966
506 916
300 819
917 745
533 786
613 325
310 171
918 639
477 958
236 136
984 865
766 761
229 799
315 970
1069 772
1019 226
177 697
725 541
356 997
566 168
1074 361
667 698
36 352
415 273
829 193
761 756
516 339
470 122
693 169
824 859
1012 516
293 852
384 77
457 600
92 282
572 654
495 889
770 968
22 502
927 290
801 18
116 953
309 559
748 652
153 630
714 86
82 893
184 144
358 876
787 201
541 724
763 452
1043 827
907 77
836 737
430 623
302 612
77 777
1018 228
846 416
429 352
61 45
359 220
153 563
616 335
296 883
971 915
1014 812
597 268
927 100
515 827
816 475
101 859
460 111
1048 494
396 300
187 883
524 598
1034 517
59 948
496 291
886 361
1032 800
588 891
902 686
298 185
655 807
433 694
810 927
369 359
709 910
334 477
190 557
873 663
432 721
899 533
929 868
838 407
983 559
967 575
594 976
707 624
417 426
389 387
685 185
523 424
470 814
26 304
1076 106
1030 249
100 443
980 17
788 827
902 759
133 175
991 915
547 673
768 347
440 105
1076 233
190 528
998 252
791 880
1003 168
633 75
310 250
404 610
63 274
901 939
994 210
209 315
685 606
75 879
560 358
669 56
508 975
74 695
2 225
134 819
763 78
969 368
1053 860
967 825
168 277
385 735
1015 169
659 898
35 165
561 711
979 204
219 809
440 462
368 719
1065 184
722 547
931 798
951 744
784 862
481 152
467 688
61 86
928 706
24 894
118 111
251 420
336 619
895 244
803 450
659 620
90 521
51 495
556 455
764 969
304 582
536 952
631 378
820 548
993 650
575 342
301 770
199 89
23 880
805 338
746 48
196 403
334 547
448 266
669 411
261 33
600 258
543 728
59 322
125 225
399 796
881 666
283 273
475 522
904 941
186 590
541 250
169 333
73 306
820 779
1016 148
895 470
671 223
616 638
79 951
995 814
247 68
285 562
650 347
970 569
821 208
559 618
665 154
696 158
501 462
1016 412
516 821
66 423
43 498
590 828
955 139
1049 536
625 342
1054 377
1021 206
424 187
291 168
1081 31
879 193
359 694
193 632
50 327
946 229
943 214
441 454
895 818
236 244
313 61
188 499
132 701
678 99
224 323
235 145
249 552
553 171
1032 636
798 606
787 768
800 927
1073 433
407 956
361 950
684 649
1003 290
753 230
646 360
14 626
664 77
306 261
593 148
28 943
925 905
207 391
235 229
290 963
678 182
407 593
12 102
564 756
21 420
225 281
349 793
908 63
169 767
857 950
101 299
1027 681
209 647
857 480
915 391
484 517
936 307
374 22
667 270
627 209
659 151
861 853
66 287
740 526
1044 971
644 147
1076 442
696 475
479 958
15 154
498 889
554 593
1076 770
878 961
998 900
1038 920
189 412
386 375
674 560
866 657
186 941
109 891
381 638
997 590
769 836
536 868
516 186
316 486
965 317
705 821
945 499
1069 927
192 446
217 383
491 926
492 662
294 891
202 412
518 294
831 521
459 51
839 859
627 935
1068 857
789 831
775 603
46 200
412 262
436 596
264 935
395 242
7 126
20 998
28 918
1023 437
905 219
684 945
16 142
1087 151
229 412
436 849
648 456
376 593
850 717
528 221
837 851
829 486
418 149
184 605
50 672
854 37
244 165
1000 616
745 152
1054 800
478 962
116 3
108 5
88 850
353 557
412 553
245 534
713 23
268 546
520 492
219 152
566 467
702 144
602 754
594 623
819 641
602 908
880 460
426 618
888 879
379 450
449 38
1045 848
894 684
577 21
655 310
316 97
24 265
283 706
378 151
1059 326
1049 329
500 152
588 430
950 499
241 381
297 333
791 467
113 190
1089 779
912 750
783 907
569 232
805 166
149 992
315 880
741 800
21 835
384 881
120 506
831 22
858 435
686 552
545 116
116 781
413 908
657 208
124 741
214 988
9 957
544 252
935 798
209 280
330 729
1012 701
246 757
151 421
875 613
1037 581
1091 97
545 554
219 721
211 508
13 815
888 687
433 102
318 305
108 732
496 302
697 398
469 45
985 190
327 63
606 458
403 676
887 511
767 729
449 709
300 526
309 922
700 923
790 64
55 197
320 273
400 28
333 932
894 482
85 37
102 447
768 803
18 70
349 844
873 877
492 77
384 102
639 313
71 975
849 872
572 636
1050 917
151 681
632 996
119 543
1028 990
673 955
384 357
398 820
232 781
415 735
143 139
527 515
1069 588
667 921
631 635
218 304
579 991
366 173
365 896
372 600
193 669
648 636
849 150
746 616
647 251
1025 707
271 624
888 421
506 155
943 334
887 149
542 201
996 513
933 984
239 81
1079 795
363 418
668 607
1046 727
346 153
307 944
440 855
902 446
663 191
888 902
550 489
491 984
896 991
112 311
991 889
935 670
483 663
454 360
930 205
145 472
286 118
747 812
652 812
589 163
469 637
394 537
483 969
127 27
634 874
618 644
276 922
627 328
163 410
332 635
887 77
548 477
246 239
797 847
788 119
763 331
317 366
971 8
338 134
670 644
60 873
136 16
504 601
910 236
707 845
601 41
86 438
174 584
790 739
873 885
245 736
21 365
656 799
387 138
837 82
142 875
554 833
1084 444
166 994
25 897
274 644
843 510
779 176
397 995
505 666
855 114
1034 258
732 387
34 184
56 411
64 557
792 25
687 443
663 38
211 171
629 325
695 282
308 947
572 545
827 72
253 783
124 157
241 721
1027 324
496 332
73 160
30 903
298 742
528 565
981 806
129 255
1027 817
541 774
194 695
1083 766
353 752
60 55
929 559
91 40
400 133
510 16
118 310
214 731
458 235
823 420
5 958
140 682
978 552
1086 62
579 28
136 772
835 908
904 270
636 6
30 437
158 544
148 932
463 529
912 759
56 268
1012 623
657 98
47 80
904 230
780 152
972 75
423 25
387 633
566 534
848 297
605 447
280 541
780 16
830 632
856 20
151 739
724 453
302 454
834 929
457 897
1028 301
145 365
177 840
723 318
255 416
1062 567
459 392
461 872
672 309
1018 474
55 208
863 527
207 95
838 829
879 314
734 920
795 749
813 11
364 337
337 787
445 810
659 27
596 722
160 510
996 415
37 136
899 710
360 616
651 230
7 107
157 342
730 924
124 425
832 824
419 131
496 524
144 514
583 78
949 772
997 399
707 598
872 42
741 802
731 874
312 712
1008 191
17 274
772 250
73 759
995 997
551 895
734 480
129 388
632 912
206 419
620 374
640 709
616 439
926 766
923 141
947 225
803 707
274 763
860 887
276 259
395 848
472 688
632 583
1087 850
34 19
699 239
532 281
22 206
205 636
412 282
1076 806
390 200
786 646
525 915
92 167
58 559
721 374
880 335
157 112
38 900
566 815
253 77
786 14
293 437
271 615
10 617
1065 365
1091 927
62 240
585 802
499 100
555 922
503 891
776 220
540 950
440 685
860 514
984 990
124 935
933 126
438 592
237 28
786 466
168 530
832 189
809 605
57 362
960 522
223 448
883 308
392 993
851 435
311 466
360 91
106 101
915 302
140 923
421 497
112 655
1091 785
175 705
867 244
129 204
482 698
446 591
268 409
647 686
476 351
909 550
714 883
792 499
592 857
761 658
777 589
728 294
679 584
1021 778
1064 809
341 78
574 157
904 912
592 883
1069 71
961 850
687 464
395 181
547 806
911 825
609 797
755 456
1046 829
310 129
229 590
118 412
115 151
428 680
110 148
1065 185
812 321
591 44
57 845
290 238
828 809
103 266
416 651
704 731
991 944
170 622
156 642
982 641
945 535
1030 647
996 610
504 760
673 21
892 670
371 130
960 187
843 994
238 197
375 930
1008 437
475 204
828 446
711 190
15 304
346 419
22 855
187 531
1080 272
86 309
673 167
301 177
456 994
997 617
483 410
38 105
229 152
532 879
939 34
219 861
663 801
106 648
765 447
401 287
384 201
1066 979
863 849
419 678
541 770
744 475
602 925
466 867
781 482
437 62
996 776
830 278
868 310
13 95
123 730
198 836
28 661
142 573
218 35
320 806
250 285
560 900
976 716
29 777
95 117
473 341
496 166
882 247
1070 519
927 40
602 993
232 561
810 620
570 741
947 6
22 845
672 356
632 793
414 878
78 129
401 648
30 330
100 986
170 211
869 538
120 948
443 604
965 660
258 517
1048 609
1071 72
19 931
650 949
127 542
959 472
263 628
986 735
553 797
631 852
874 654
592 158
561 191
821 709
99 629
251 833
1002 417
157 946
414 985
69 718
776 574
798 47
141 963
79 882
202 870
925 130
493 587
643 880
349 928
67 348
1003 450
249 495
38 931
672 780
375 218
734 387
915 584
910 791
777 499
615 902
927 349
765 639
949 249
979 130
1004 319
193 296
474 219
281 19
837 989
506 44
975 683
257 856
806 581
289 685
988 723
226 65
461 170
884 156
839 621
927 166
915 739
741 869
1001 880
354 939
806 456
635 748
1040 315
896 932
643 860
332 101
1040 93
424 61
802 959
350 557
108 627
414 166
1033 521
575 270
718 359
180 536
339 840
60 401
747 203
198 77
54 661
881 218
300 789
276 312
510 256
1023 650
989 951
315 315
540 638
357 91
849 83
58 197
778 809
593 144
917 321
1061 479
100 292
154 477
402 182
951 181
598 251
231 135
383 403
242 64
108 47
560 292
995 108
1035 129
343 672
891 500
539 201
31 720
898 101
919 15
76 981
7 746
437 820
9 87
781 721
382 299
1023 44
485 874
322 655
362 693
659 21
676 187
498 376
987 404
141 116
1016 410
428 250
464 280
327 402
929 849
956 663
78 508
401 347
616 561
684 312
962 564
201 697
177 120
429 84
826 217
316 173
927 591
112 918
732 68
184 14
362 971
620 503
209 354
206 784
277 364
240 457
291 241
441 518
436 930
537 401
265 898
151 77
1035 824
643 587
44 114
885 760
72 959
239 453
751 360
776 186
958 548
702 822
889 483
900 635
943 786
746 50
1059 689
587 434
436 432
256 820
368 555
718 478
322 61
968 929
297 561
867 1
1056 260
701 338
633 91
129 337
608 817
447 389
1055 601
303 319
94 663
524 585
1091 340
447 479
598 394
203 839
661 405
979 993
868 917
122 532
1025 290
550 221
283 63
391 85
472 378
195 728
392 340
523 688
403 816
937 996
740 635
932 680
634 971
807 758
816 299
706 719
792 598
262 465
404 645
1036 944
267 665
220 110
854 456
745 480
835 374
185 642
877 258
339 312
103 856
1019 755
79 67
761 753
833 66
631 798
728 551
486 201
35 3
751 28
149 858
1013 328
25 775
449 751
720 870
589 925
821 580
173 192
542 873
868 734
685 92
109 944
55 527
947 158
988 39
259 303
848 812
45 366
59 754
169 169
523 774
769 528
138 802
466 38
337 550
237 284
596 146
581 545
59 769
106 725
1031 402
88 437
325 545
442 321
269 166
321 629
802 829
635 5
720 649
776 835
61 981
499 996
756 528
810 22
167 600
114 833
298 87
796 346
79 861
504 520
394 678
394 956
578 584
450 414
856 255
961 133
518 607
422 184
908 193
690 937
677 452
231 796
205 496
838 59
89 821
539 53
162 499
111 661
999 698
673 781
663 519
775 899
979 972
759 593
408 309
436 259
890 336
339 407
722 379
830 592
914 572
133 113
407 325
442 296
1016 586
666 950
1044 164
244 227
708 679
1006 153
25 16
542 358
259 660
284 986
85 518
765 731
1055 657
397 474
114 527
881 641
47 461
504 581
360 623
1053 767
477 961
372 9
28 978
1041 368
722 756
423 562
610 319
805 934
701 323
665 709
331 442
1087 794
479 807
594 635
284 459
701 109
638 56
659 1000
869 981
731 235
520 798
151 886
103 634
759 841
1052 779
478 362
1007 661
743 307
1 359
584 373
1086 49
688 519
646 270
947 798
2 342
1055 347
555 695
125 18
975 61
1007 45
393 432
294 442
531 2
987 209
708 570
1023 740
162 270
982 806
28 674
186 735
798 267
959 135
85 484
211 156
710 35
399 314
867 304
370 221
683 519
1003 987
745 583
170 871
807 988
237 777
1052 365
745 974
425 464
109 573
909 709
332 95
141 653
320 293
1054 896
1028 70
22 71
871 102
934 785
733 911
414 615
760 436
612 679
932 254
680 434
842 375
962 392
143 747
591 730
409 828
876 801
49 203
266 338
334 293
233 184
349 219
401 57
894 596
389 214
630 665
81 112
59 866
215 919
570 908
698 965
194 677
968 611
650 788
464 740
730 4
476 48
856 616
1026 410
179 694
520 628
370 435
1089 151
131 68
532 258
912 619
818 985
258 633
1009 625
138 760
652 847
455 725
542 407
640 254
251 997
670 779
417 552
1084 434
522 256
519 930
950 99
453 96
1020 60
180 57
530 194
507 7
828 935
456 800
9 65
345 242
485 858
1012 546
923 964
506 370
972 780
89 828
303 837
403 897
765 267
978 988
138 535
80 391
99 62
1035 451
159 439
873 708
423 165
245 901
614 248
161 332
421 930
140 456
420 627
388 896
1013 406
128 402
140 28
756 455
940 160
953 548
423 852
779 112
528 626
338 584
982 933
328 868
212 887
324 805
803 404
162 976
635 949
189 822
354 888
310 965
690 900
1080 114
313 914
485 941
751 802
669 913
565 949
409 376
780 390
771 331
220 137
713 297
1089 340
955 727
833 332
353 27
154 324
548 933
488 79
981 344
1011 446
272 491
166 456
982 599
640 874
292 41
519 263
617 925
645 585
69 482
903 353
221 559
850 437
291 357
991 990
492 146
553 561
723 294
743 902
878 764
423 966
240 941
451 194
384 239
364 215
1015 949
1038 565
525 124
767 437
173 112
188 378
821 234
721 737
513 700
362 70
1052 80
270 105
480 217
591 564
347 601
280 209
798 960
267 24
962 311
908 816
923 114
66 133
429 504
154 245
913 329
621 830
23 119
887 673
615 20
793 786
1050 327
83 585
110 45
336 757
902 842
361 671
226 465
599 841
218 968
849 626
53 398
312 629
877 708
352 759
1083 682
549 782
884 163
138 77
896 822
873 102
26 994
1087 728
839 721
778 670
553 343
526 677
273 214
532 740
381 915
410 730
815 364
775 651
175 265
671 990
165 503
1039 741
884 181
514 644
365 778
429 777
95 484
694 355
111 221
129 607
760 812
224 636
302 370
850 936
710 798
350 243
666 674
571 511
250 951
350 621
910 840
419 546
141 129
734 176
800 68
622 279
876 750
36 4
1076 914
221 353
962 960
849 461
556 87
126 532
491 503
692 708
157 720
1074 938
1086 264
531 873
172 615
314 754
291 631
686 619
112 429
516 922
207 296
119 756
790 677
305 894
742 438
296 96
194 337
285 995
491 553
837 918
1050 552
879 607
439 171
774 640
9 482
16 747
1 37
954 970
351 359
306 618
16 426
359 990
714 687
655 962
361 22
450 478
644 447
349 642
967 528
291 733
702 591
560 94
539 650
225 612
82 541
386 625
476 812
633 997
909 837
884 417
241 298
124 832
471 823
94 214
299 537
711 328
253 720
664 698
228 399
714 228
672 682
204 923
738 8
637 439
311 919
262 642
582 212
849 803
883 919
571 271
67 690
805 260
783 166
933 118
1076 678
514 223
745 966
811 617
413 324
659 648
848 624
480 682
53 936
31 551
173 763
1048 772
907 133
316 178
785 316
816 725
447 891
634 982
22 964
12 958
641 843
1003 375
155 919
450 516
856 122
19 485
264 282
61 91
826 71
1076 374
196 93
533 690
83 702
39 45
381 568
997 113
965 935
263 552
677 638
837 77
573 259
675 986
539 630
271 920
1005 853
522 475
314 705
1 130
121 340
448 843
656 571
1008 581
647 172
207 544
544 91
486 656
1063 804
262 152
796 10
1064 235
679 404
883 518
730 592
911 115
644 296
434 690
506 14
980 148
478 311
86 272
612 277
450 99
828 587
52 536
206 450
1009 575
1032 933
195 563
298 344
224 641
442 338
747 567
368 591
880 10
1069 341
172 966
63 540
700 260
868 445
640 391
882 612
1005 831
196 250
330 865
812 48
8 473
1004 234
313 771
484 89
810 894
772 468
25 20
889 916
552 35
399 311
869 477
392 617
796 504
1021 35
1089 867
812 178
469 624
58 228
839 91
488 685
915 134
986 650
654 41
839 616
194 228
274 548
87 949
566 599
76 468
604 505
1056 60
375 435
976 70
924 939
790 281
1021 612
471 299
744 696
565 146
1049 786
621 657
705 128
992 321
264 822
1083 933
268 315
149 224
675 807
736 745
223 777
722 740
166 451
148 282
476 139
974 55
128 318
197 824
135 32
797 306
715 177
95 718
970 894
435 964
264 789
899 253
797 511
344 496
125 2
683 400
255 446
252 867
961 870
613 595
75 309
525 51
965 113
226 487
180 619
721 529
352 69
445 194
688 961
476 197
1000 812
151 788
808 148
976 647
689 517
938 155
77 675
985 589
881 361
705 481
311 130
201 359
592 5
54 350
588 89
494 235
634 529
233 445
118 390
847 128
145 342
688 990
1030 563
438 450
987 657
830 923
67 816
187 726
690 298
838 880
238 454
772 367
659 983
911 116
792 650
366 183
356 172
1086 96
35 214
689 556
151 371
905 473
353 897
706 85
411 440
206 771
745 961
467 2
297 581
97 114
1076 370
51 508
82 741
739 892
471 162
840 680
118 153
974 207
1003 540
662 429
24 569
592 298
177 38
783 359
820 485
747 934
439 592
509 696
414 160
