5000 2391
585 485
194 94
426 326
606 506
348 248
516 416
521 421
1092 992
422 322
749 649
895 795
337 237
143 43
557 457
945 845
915 815
1055 955
546 446
352 252
522 422
109 9
891 791
1001 901
459 359
222 122
767 667
194 94
698 598
838 738
107 7
674 574
644 544
815 715
434 334
982 882
866 766
467 367
1094 994
1084 984
993 893
399 299
733 633
533 433
231 131
782 682
528 428
172 72
800 700
974 874
717 617
238 138
974 874
956 856
820 720
245 145
519 419
1095 995
894 794
629 529
296 196
299 199
1097 997
377 277
216 116
197 97
1008 908
819 719
639 539
342 242
807 707
207 107
669 569
222 122
637 537
170 70
1031 931
198 98
826 726
700 600
587 487
745 645
872 772
367 267
613 513
1072 972
181 81
995 895
1043 943
313 213
158 58
848 748
403 303
587 487
864 764
1023 923
636 536
129 29
824 724
774 674
889 789
640 540
579 479
654 554
242 142
567 467
439 339
146 46
741 641
810 710
296 196
653 553
594 494
291 191
166 66
824 724
924 824
830 730
308 208
1088 988
811 711
190 90
900 800
440 340
414 314
649 549
389 289
296 196
501 401
965 865
566 466
778 678
789 689
670 570
933 833
1036 936
325 225
822 722
344 244
751 651
949 849
223 123
213 113
531 431
479 379
608 508
461 361
685 585
165 65
953 853
586 486
742 642
786 686
1092 992
386 286
825 725
989 889
386 286
124 24
912 812
591 491
959 859
991 891
763 663
190 90
188 88
281 181
279 179
314 214
287 187
117 17
719 619
572 472
361 261
518 418
946 846
519 419
292 192
456 356
361 261
782 682
614 514
406 306
986 886
301 201
630 530
485 385
949 849
1052 952
394 294
600 500
899 799
294 194
491 391
837 737
430 330
424 324
398 298
1092 992
890 790
324 224
375 275
360 260
926 826
197 97
172 72
310 210
966 866
749 649
1051 951
1019 919
848 748
163 63
785 685
1058 958
1056 956
904 804
664 564
618 518
283 183
528 428
500 400
637 537
821 721
446 346
307 207
253 153
423 323
1071 971
711 611
762 662
216 116
297 197
209 109
191 91
895 795
629 529
443 343
226 126
962 862
847 747
785 685
569 469
110 10
870 770
981 881
1034 934
1084 984
823 723
503 403
995 895
460 360
668 568
549 449
272 172
641 541
1058 958
372 272
483 383
977 877
408 308
459 359
1070 970
807 707
683 583
408 308
148 48
870 770
1030 930
130 30
669 569
308 208
103 3
411 311
120 20
200 100
709 609
1039 939
987 887
522 422
925 825
885 785
1030 930
470 370
1004 904
1089 989
341 241
1069 969
479 379
243 143
476 376
1072 972
1062 962
128 28
989 889
161 61
543 443
738 638
316 216
448 348
438 338
447 347
260 160
166 66
506 406
491 391
259 159
738 638
131 31
395 295
304 204
926 826
520 420
296 196
253 153
549 449
525 425
955 855
431 331
243 143
665 565
587 487
938 838
240 140
109 9
664 564
1018 918
715 615
633 533
235 135
332 232
664 564
1057 957
460 360
691 591
893 793
676 576
263 163
846 746
959 859
477 377
860 760
958 858
811 711
186 86
762 662
534 434
259 159
658 558
760 660
379 279
368 268
940 840
1048 948
835 735
415 315
674 574
776 676
226 126
441 341
1012 912
789 689
839 739
994 894
921 821
806 706
725 625
590 490
1017 917
578 478
301 201
771 671
1093 993
1032 932
249 149
999 899
152 52
337 237
859 759
287 187
367 267
572 472
356 256
872 772
883 783
198 98
217 117
1006 906
616 516
1011 911
280 180
735 635
125 25
325 225
480 380
923 823
812 712
264 164
366 266
443 343
316 216
832 732
548 448
602 502
641 541
840 740
764 664
676 576
1054 954
712 612
826 726
1002 902
872 772
554 454
631 531
511 411
1043 943
1073 973
850 750
803 703
427 327
950 850
1017 917
177 77
105 5
320 220
213 113
902 802
1013 913
503 403
891 791
281 181
1098 998
110 10
959 859
625 525
445 345
1019 919
531 431
768 668
775 675
627 527
933 833
562 462
538 438
391 291
623 523
705 605
1016 916
557 457
520 420
505 405
215 115
517 417
760 660
379 279
361 261
785 685
872 772
696 596
488 388
407 307
864 764
324 224
943 843
422 322
306 206
940 840
507 407
1075 975
739 639
501 401
952 852
191 91
642 542
427 327
160 60
430 330
857 757
282 182
182 82
703 603
737 637
893 793
193 93
715 615
714 614
833 733
236 136
964 864
287 187
116 16
202 102
963 863
1072 972
1087 987
263 163
406 306
601 501
134 34
577 477
940 840
592 492
800 700
221 121
806 706
180 80
887 787
238 138
205 105
760 660
934 834
329 229
898 798
927 827
410 310
548 448
709 609
330 230
790 690
932 832
661 561
589 489
679 579
686 586
160 60
391 291
488 388
765 665
409 309
760 660
507 407
802 702
300 200
253 153
413 313
706 606
1070 970
223 123
133 33
353 253
373 273
809 709
377 277
932 832
1097 997
208 108
140 40
988 888
327 227
581 481
960 860
383 283
1040 940
958 858
708 608
384 284
1090 990
811 711
690 590
950 850
906 806
339 239
152 52
1043 943
901 801
295 195
864 764
195 95
810 710
510 410
486 386
764 664
693 593
1000 900
150 50
212 112
594 494
1063 963
256 156
854 754
1036 936
558 458
1065 965
119 19
186 86
325 225
823 723
669 569
284 184
197 97
968 868
294 194
440 340
854 754
512 412
702 602
587 487
161 61
309 209
795 695
446 346
447 347
960 860
819 719
407 307
200 100
195 95
197 97
921 821
943 843
1041 941
845 745
921 821
386 286
687 587
592 492
301 201
216 116
765 665
631 531
627 527
524 424
912 812
353 253
524 424
526 426
559 459
513 413
443 343
1080 980
936 836
391 291
606 506
933 833
279 179
586 486
1016 916
109 9
530 430
675 575
696 596
1022 922
908 808
245 145
369 269
997 897
612 512
504 404
911 811
842 742
785 685
828 728
667 567
369 269
876 776
203 103
955 855
845 745
818 718
135 35
953 853
879 779
197 97
171 71
246 146
180 80
846 746
942 842
115 15
228 128
1065 965
1041 941
612 512
327 227
580 480
130 30
1058 958
442 342
765 665
705 605
291 191
631 531
1064 964
464 364
615 515
459 359
706 606
967 867
922 822
920 820
636 536
413 313
793 693
307 207
119 19
1011 911
435 335
408 308
201 101
530 430
1022 922
785 685
394 294
741 641
1010 910
213 113
510 410
241 141
350 250
790 690
646 546
800 700
829 729
659 559
709 609
581 481
820 720
603 503
1076 976
866 766
859 759
107 7
898 798
982 882
174 74
959 859
748 648
282 182
399 299
525 425
885 785
642 542
946 846
783 683
490 390
953 853
997 897
1038 938
516 416
189 89
937 837
724 624
347 247
281 181
393 293
978 878
244 144
1033 933
1038 938
680 580
567 467
352 252
580 480
307 207
1055 955
758 658
765 665
120 20
126 26
1054 954
664 564
447 347
549 449
859 759
126 26
546 446
621 521
114 14
401 301
757 657
421 321
810 710
713 613
1080 980
488 388
288 188
979 879
736 636
1090 990
303 203
288 188
532 432
1063 963
229 129
920 820
730 630
400 300
609 509
922 822
337 237
355 255
473 373
377 277
938 838
253 153
495 395
500 400
792 692
327 227
203 103
618 518
318 218
547 447
484 384
415 315
1031 931
913 813
496 396
424 324
489 389
602 502
740 640
399 299
387 287
880 780
397 297
476 376
1077 977
616 516
612 512
312 212
319 219
429 329
655 555
910 810
498 398
586 486
389 289
585 485
898 798
516 416
698 598
1052 952
149 49
994 894
672 572
458 358
797 697
121 21
870 770
747 647
825 725
144 44
642 542
783 683
314 214
461 361
987 887
914 814
145 45
331 231
194 94
108 8
382 282
265 165
182 82
596 496
419 319
799 699
726 626
952 852
246 146
559 459
641 541
635 535
974 874
414 314
825 725
1044 944
877 777
406 306
654 554
559 459
308 208
737 637
887 787
547 447
1076 976
508 408
1012 912
207 107
544 444
1062 962
103 3
665 565
401 301
507 407
264 164
957 857
537 437
417 317
752 652
198 98
864 764
918 818
141 41
700 600
837 737
388 288
276 176
1002 902
236 136
667 567
228 128
290 190
494 394
849 749
335 235
1008 908
142 42
376 276
924 824
848 748
784 684
692 592
1079 979
493 393
668 568
463 363
467 367
263 163
152 52
1083 983
742 642
279 179
435 335
116 16
226 126
578 478
230 130
359 259
683 583
968 868
229 129
395 295
852 752
696 596
267 167
171 71
956 856
722 622
740 640
964 864
870 770
744 644
531 431
105 5
295 195
465 365
548 448
529 429
801 701
164 64
1052 952
954 854
980 880
870 770
268 168
188 88
179 79
257 157
1061 961
468 368
572 472
521 421
317 217
819 719
809 709
371 271
247 147
1075 975
396 296
916 816
1009 909
1062 962
864 764
635 535
351 251
538 438
978 878
796 696
853 753
981 881
670 570
418 318
353 253
145 45
766 666
152 52
1031 931
596 496
533 433
413 313
910 810
238 138
778 678
434 334
223 123
1088 988
312 212
608 508
166 66
870 770
306 206
851 751
850 750
880 780
164 64
541 441
566 466
307 207
437 337
616 516
610 510
774 674
896 796
508 408
275 175
1020 920
537 437
673 573
1038 938
734 634
948 848
978 878
661 561
1090 990
818 718
926 826
1048 948
796 696
749 649
900 800
669 569
511 411
763 663
522 422
682 582
807 707
943 843
434 334
302 202
1086 986
802 702
594 494
679 579
250 150
825 725
662 562
903 803
480 380
440 340
932 832
256 156
1079 979
932 832
476 376
702 602
611 511
334 234
514 414
788 688
260 160
284 184
1082 982
1078 978
338 238
513 413
590 490
733 633
999 899
685 585
351 251
706 606
626 526
1063 963
997 897
450 350
139 39
342 242
757 657
639 539
552 452
839 739
638 538
367 267
931 831
265 165
560 460
277 177
285 185
820 720
1034 934
902 802
540 440
744 644
590 490
182 82
268 168
898 798
171 71
297 197
1077 977
273 173
558 458
181 81
304 204
335 235
903 803
212 112
239 139
203 103
499 399
368 268
520 420
979 879
1091 991
743 643
678 578
206 106
1072 972
222 122
277 177
544 444
498 398
362 262
448 348
791 691
596 496
1097 997
376 276
546 446
925 825
271 171
714 614
649 549
221 121
381 281
830 730
311 211
441 341
212 112
384 284
508 408
798 698
830 730
117 17
463 363
646 546
189 89
772 672
705 605
1074 974
1038 938
966 866
268 168
477 377
805 705
659 559
147 47
440 340
500 400
627 527
315 215
879 779
214 114
861 761
151 51
583 483
981 881
192 92
649 549
490 390
779 679
683 583
428 328
761 661
350 250
491 391
303 203
436 336
581 481
761 661
852 752
225 125
807 707
189 89
182 82
375 275
163 63
459 359
760 660
278 178
121 21
880 780
387 287
142 42
319 219
105 5
600 500
480 380
920 820
872 772
195 95
916 816
144 44
109 9
848 748
584 484
778 678
645 545
376 276
689 589
578 478
257 157
763 663
1001 901
694 594
877 777
857 757
174 74
1047 947
347 247
548 448
155 55
670 570
579 479
413 313
885 785
1081 981
1058 958
895 795
780 680
652 552
493 393
489 389
1044 944
380 280
696 596
964 864
719 619
736 636
711 611
612 512
952 852
992 892
383 283
284 184
399 299
1047 947
866 766
714 614
412 312
725 625
926 826
249 149
826 726
477 377
833 733
574 474
905 805
118 18
779 679
762 662
503 403
516 416
1064 964
101 1
437 337
630 530
641 541
852 752
578 478
122 22
469 369
1081 981
1046 946
877 777
921 821
1057 957
933 833
375 275
937 837
684 584
590 490
682 582
137 37
221 121
694 594
1051 951
229 129
768 668
358 258
218 118
346 246
419 319
462 362
996 896
855 755
621 521
604 504
1048 948
171 71
348 248
277 177
574 474
276 176
451 351
903 803
154 54
337 237
255 155
777 677
760 660
133 33
971 871
215 115
586 486
697 597
394 294
869 769
525 425
636 536
345 245
1056 956
482 382
441 341
471 371
284 184
808 708
334 234
644 544
669 569
894 794
316 216
487 387
637 537
838 738
184 84
620 520
910 810
381 281
757 657
602 502
133 33
191 91
259 159
603 503
620 520
1024 924
768 668
116 16
387 287
133 33
329 229
444 344
474 374
449 349
574 474
706 606
772 672
996 896
1015 915
695 595
611 511
541 441
223 123
202 102
669 569
152 52
299 199
754 654
496 396
810 710
815 715
534 434
159 59
345 245
710 610
136 36
1017 917
761 661
1027 927
513 413
370 270
113 13
217 117
470 370
616 516
500 400
315 215
295 195
316 216
1084 984
337 237
576 476
715 615
264 164
599 499
505 405
577 477
774 674
860 760
296 196
385 285
708 608
156 56
1007 907
1066 966
632 532
722 622
151 51
321 221
816 716
294 194
427 327
191 91
980 880
447 347
810 710
352 252
367 267
573 473
500 400
616 516
476 376
485 385
709 609
457 357
420 320
1058 958
296 196
765 665
638 538
892 792
1035 935
164 64
504 404
520 420
200 100
771 671
226 126
1068 968
955 855
977 877
194 94
277 177
831 731
623 523
353 253
239 139
108 8
252 152
493 393
832 732
643 543
346 246
448 348
665 565
418 318
840 740
589 489
1002 902
122 22
117 17
1098 998
1073 973
149 49
398 298
481 381
711 611
110 10
132 32
529 429
111 11
321 221
437 337
250 150
236 136
817 717
989 889
630 530
622 522
432 332
905 805
1042 942
128 28
665 565
1031 931
316 216
857 757
161 61
709 609
270 170
644 544
972 872
1005 905
744 644
695 595
308 208
346 246
780 680
213 113
797 697
275 175
739 639
256 156
779 679
344 244
1061 961
983 883
461 361
365 265
902 802
983 883
459 359
562 462
939 839
585 485
818 718
372 272
380 280
304 204
352 252
1084 984
380 280
509 409
202 102
498 398
715 615
1009 909
396 296
470 370
581 481
982 882
1056 956
314 214
330 230
866 766
359 259
135 35
1022 922
521 421
806 706
371 271
372 272
470 370
256 156
948 848
652 552
150 50
585 485
1076 976
636 536
370 270
170 70
896 796
1002 902
1063 963
552 452
479 379
135 35
1091 991
1047 947
651 551
478 378
997 897
157 57
407 307
452 352
521 421
769 669
174 74
802 702
488 388
241 141
659 559
558 458
1080 980
563 463
715 615
856 756
781 681
987 887
331 231
432 332
307 207
628 528
918 818
756 656
431 331
354 254
1079 979
887 787
545 445
595 495
448 348
470 370
824 724
110 10
501 401
300 200
746 646
427 327
768 668
117 17
342 242
474 374
402 302
855 755
961 861
1080 980
930 830
476 376
177 77
108 8
541 441
132 32
689 589
560 460
1090 990
904 804
289 189
123 23
968 868
969 869
1096 996
1043 943
463 363
815 715
337 237
728 628
520 420
173 73
665 565
299 199
314 214
138 38
433 333
309 209
826 726
427 327
275 175
1012 912
158 58
899 799
725 625
472 372
166 66
1076 976
269 169
220 120
575 475
767 667
304 204
288 188
190 90
128 28
596 496
804 704
101 1
749 649
574 474
846 746
549 449
797 697
352 252
812 712
432 332
389 289
387 287
725 625
289 189
1053 953
989 889
562 462
163 63
402 302
478 378
179 79
306 206
141 41
997 897
923 823
330 230
1008 908
482 382
765 665
675 575
136 36
160 60
832 732
629 529
909 809
577 477
166 66
390 290
391 291
189 89
691 591
1061 961
683 583
561 461
352 252
802 702
579 479
632 532
630 530
780 680
324 224
153 53
888 788
742 642
409 309
1100 1000
466 366
991 891
452 352
922 822
502 402
252 152
645 545
424 324
213 113
733 633
1067 967
367 267
554 454
481 381
823 723
372 272
114 14
606 506
120 20
519 419
408 308
561 461
744 644
626 526
813 713
1078 978
582 482
568 468
436 336
829 729
389 289
895 795
596 496
681 581
426 326
483 383
630 530
326 226
267 167
521 421
622 522
486 386
930 830
373 273
191 91
584 484
216 116
776 676
847 747
207 107
495 395
329 229
1058 958
1002 902
856 756
1062 962
362 262
205 105
803 703
184 84
611 511
1091 991
581 481
801 701
549 449
789 689
988 888
755 655
699 599
700 600
406 306
638 538
592 492
599 499
903 803
981 881
545 445
1081 981
416 316
573 473
989 889
483 383
885 785
779 679
865 765
673 573
591 491
689 589
689 589
580 480
224 124
245 145
841 741
724 624
998 898
1023 923
825 725
1015 915
782 682
332 232
231 131
1074 974
498 398
835 735
1006 906
778 678
853 753
740 640
412 312
744 644
890 790
312 212
401 301
223 123
1045 945
353 253
547 447
1043 943
297 197
118 18
127 27
1016 916
673 573
427 327
689 589
740 640
1034 934
715 615
309 209
570 470
629 529
755 655
999 899
388 288
115 15
501 401
692 592
940 840
192 92
733 633
675 575
807 707
914 814
524 424
454 354
782 682
227 127
294 194
474 374
955 855
666 566
290 190
694 594
828 728
1073 973
278 178
745 645
375 275
703 603
188 88
812 712
467 367
132 32
644 544
398 298
838 738
661 561
1063 963
1006 906
560 460
726 626
366 266
243 143
827 727
604 504
133 33
936 836
542 442
461 361
728 628
531 431
484 384
654 554
344 244
124 24
582 482
516 416
865 765
835 735
546 446
343 243
347 247
554 454
1013 913
1032 932
660 560
594 494
628 528
748 648
694 594
457 357
1035 935
696 596
562 462
888 788
721 621
636 536
760 660
859 759
664 564
300 200
402 302
666 566
1036 936
841 741
692 592
317 217
824 724
319 219
218 118
932 832
399 299
919 819
351 251
587 487
229 129
573 473
196 96
341 241
267 167
164 64
269 169
616 516
481 381
957 857
1076 976
318 218
867 767
590 490
937 837
604 504
507 407
807 707
303 203
442 342
487 387
575 475
835 735
275 175
806 706
886 786
435 335
271 171
140 40
332 232
921 821
988 888
231 131
966 866
259 159
1076 976
1078 978
353 253
153 53
719 619
949 849
742 642
578 478
560 460
119 19
318 218
330 230
318 218
553 453
767 667
436 336
1049 949
1031 931
189 89
688 588
588 488
549 449
668 568
666 566
626 526
372 272
960 860
983 883
104 4
831 731
872 772
180 80
834 734
313 213
359 259
277 177
370 270
972 872
106 6
726 626
524 424
1040 940
304 204
250 150
413 313
479 379
259 159
933 833
305 205
617 517
125 25
824 724
1051 951
1073 973
821 721
681 581
735 635
939 839
393 293
372 272
812 712
512 412
510 410
939 839
565 465
592 492
466 366
653 553
174 74
818 718
123 23
838 738
516 416
939 839
864 764
490 390
149 49
688 588
917 817
623 523
607 507
730 630
252 152
870 770
356 256
846 746
662 562
149 49
595 495
469 369
514 414
637 537
178 78
215 115
1012 912
315 215
159 59
1071 971
359 259
702 602
358 258
651 551
941 841
140 40
237 137
594 494
690 590
352 252
483 383
258 158
969 869
172 72
1039 939
277 177
382 282
767 667
980 880
583 483
579 479
915 815
554 454
119 19
830 730
845 745
656 556
439 339
295 195
714 614
509 409
402 302
680 580
419 319
199 99
770 670
1013 913
613 513
898 798
666 566
418 318
127 27
890 790
422 322
444 344
745 645
180 80
310 210
568 468
941 841
1022 922
1025 925
279 179
621 521
447 347
1075 975
331 231
369 269
697 597
1029 929
707 607
578 478
1003 903
1070 970
410 310
784 684
323 223
331 231
110 10
773 673
945 845
448 348
1005 905
332 232
158 58
827 727
193 93
697 597
859 759
497 397
1012 912
639 539
1006 906
1007 907
143 43
992 892
176 76
799 699
652 552
508 408
770 670
461 361
771 671
889 789
453 353
629 529
937 837
290 190
112 12
980 880
989 889
336 236
1012 912
815 715
477 377
818 718
156 56
539 439
685 585
914 814
952 852
1002 902
815 715
758 658
521 421
510 410
430 330
512 412
151 51
190 90
940 840
778 678
797 697
1051 951
948 848
137 37
926 826
693 593
298 198
837 737
441 341
311 211
374 274
234 134
840 740
947 847
439 339
590 490
975 875
195 95
500 400
535 435
703 603
837 737
574 474
960 860
226 126
410 310
1073 973
648 548
1073 973
1084 984
681 581
760 660
888 788
186 86
729 629
735 635
899 799
1041 941
575 475
156 56
1059 959
472 372
180 80
750 650
1017 917
1064 964
191 91
835 735
883 783
782 682
873 773
251 151
812 712
383 283
755 655
873 773
1053 953
743 643
379 279
998 898
801 701
917 817
806 706
369 269
247 147
831 731
455 355
607 507
200 100
941 841
598 498
307 207
361 261
852 752
691 591
418 318
730 630
226 126
474 374
253 153
1060 960
201 101
1017 917
660 560
506 406
843 743
859 759
916 816
718 618
1080 980
1081 981
101 1
741 641
182 82
231 131
986 886
1020 920
477 377
634 534
565 465
553 453
853 753
497 397
942 842
151 51
647 547
401 301
680 580
297 197
854 754
1010 910
137 37
311 211
648 548
951 851
996 896
142 42
756 656
1019 919
637 537
130 30
178 78
774 674
640 540
1079 979
697 597
864 764
414 314
1037 937
945 845
756 656
461 361
690 590
1030 930
437 337
754 654
1097 997
941 841
743 643
910 810
752 652
198 98
732 632
914 814
927 827
998 898
759 659
337 237
156 56
336 236
197 97
497 397
404 304
568 468
871 771
260 160
780 680
268 168
444 344
289 189
661 561
223 123
732 632
883 783
766 666
1091 991
335 235
875 775
171 71
665 565
427 327
1006 906
924 824
704 604
101 1
333 233
1048 948
793 693
951 851
309 209
880 780
379 279
703 603
331 231
480 380
775 675
184 84
470 370
784 684
914 814
857 757
376 276
705 605
338 238
404 304
810 710
458 358
1031 931
394 294
979 879
842 742
592 492
137 37
181 81
104 4
447 347
807 707
517 417
231 131
682 582
760 660
901 801
189 89
295 195
555 455
503 403
403 303
347 247
780 680
456 356
1070 970
727 627
1034 934
958 858
1051 951
903 803
504 404
336 236
546 446
672 572
449 349
585 485
193 93
686 586
772 672
848 748
258 158
335 235
872 772
959 859
991 891
888 788
632 532
445 345
721 621
961 861
447 347
442 342
327 227
879 779
655 555
695 595
116 16
1063 963
403 303
360 260
1041 941
466 366
933 833
935 835
290 190
833 733
722 622
934 834
445 345
542 442
993 893
873 773
292 192
980 880
530 430
973 873
260 160
893 793
867 767
273 173
270 170
502 402
910 810
160 60
418 318
728 628
790 690
119 19
324 224
246 146
152 52
785 685
511 411
238 138
303 203
693 593
885 785
302 202
319 219
600 500
161 61
189 89
1019 919
533 433
291 191
163 63
811 711
614 514
394 294
965 865
1037 937
493 393
353 253
369 269
203 103
211 111
416 316
714 614
725 625
372 272
739 639
1073 973
741 641
709 609
239 139
336 236
145 45
596 496
416 316
124 24
318 218
971 871
393 293
327 227
847 747
520 420
979 879
950 850
733 633
227 127
110 10
270 170
456 356
324 224
765 665
822 722
636 536
289 189
923 823
697 597
703 603
386 286
492 392
122 22
358 258
1057 957
871 771
636 536
920 820
321 221
239 139
381 281
666 566
338 238
329 229
631 531
425 325
549 449
904 804
835 735
886 786
770 670
1083 983
746 646
947 847
372 272
488 388
705 605
732 632
494 394
353 253
608 508
505 405
637 537
237 137
1055 955
383 283
577 477
778 678
1069 969
759 659
792 692
806 706
1063 963
886 786
929 829
413 313
738 638
243 143
306 206
813 713
285 185
344 244
287 187
589 489
229 129
944 844
400 300
996 896
214 114
702 602
405 305
310 210
299 199
1030 930
1016 916
792 692
939 839
557 457
999 899
341 241
552 452
1050 950
285 185
329 229
661 561
312 212
948 848
322 222
291 191
132 32
930 830
847 747
960 860
969 869
973 873
345 245
749 649
675 575
691 591
918 818
1074 974
304 204
1074 974
684 584
552 452
922 822
497 397
298 198
450 350
1042 942
697 597
1042 942
113 13
999 899
492 392
475 375
443 343
427 327
856 756
579 479
487 387
166 66
1024 924
1050 950
288 188
564 464
168 68
386 286
652 552
673 573
266 166
394 294
535 435
237 137
114 14
657 557
897 797
523 423
354 254
527 427
400 300
195 95
531 431
815 715
467 367
503 403
297 197
553 453
333 233
835 735
249 149
101 1
162 62
245 145
138 38
882 782
169 69
948 848
525 425
556 456
910 810
590 490
978 878
779 679
603 503
561 461
408 308
944 844
898 798
170 70
537 437
699 599
898 798
988 888
136 36
495 395
683 583
833 733
512 412
895 795
295 195
468 368
978 878
194 94
488 388
214 114
538 438
146 46
632 532
895 795
103 3
683 583
368 268
421 321
517 417
814 714
377 277
432 332
329 229
357 257
545 445
1006 906
480 380
401 301
1074 974
377 277
348 248
751 651
533 433
318 218
1100 1000
209 109
974 874
658 558
1039 939
488 388
860 760
221 121
573 473
472 372
911 811
328 228
866 766
308 208
406 306
426 326
656 556
672 572
621 521
150 50
464 364
853 753
560 460
177 77
236 136
366 266
558 458
327 227
884 784
602 502
748 648
437 337
883 783
131 31
1060 960
729 629
237 137
315 215
691 591
453 353
975 875
374 274
540 440
443 343
363 263
858 758
140 40
938 838
935 835
578 478
1043 943
695 595
849 749
355 255
363 263
431 331
697 597
462 362
105 5
184 84
1099 999
116 16
261 161
559 459
135 35
320 220
991 891
116 16
559 459
965 865
1096 996
819 719
692 592
392 292
154 54
275 175
1085 985
561 461
501 401
401 301
398 298
859 759
559 459
815 715
177 77
307 207
711 611
229 129
259 159
781 681
567 467
361 261
837 737
993 893
995 895
499 399
149 49
477 377
482 382
289 189
385 285
460 360
488 388
114 14
1072 972
828 728
365 265
414 314
829 729
325 225
910 810
634 534
1073 973
1014 914
918 818
194 94
395 295
649 549
632 532
774 674
158 58
534 434
836 736
311 211
287 187
1086 986
996 896
963 863
1098 998
902 802
1097 997
379 279
576 476
131 31
359 259
910 810
575 475
1068 968
594 494
287 187
230 130
891 791
251 151
290 190
739 639
510 410
955 855
692 592
580 480
986 886
578 478
975 875
486 386
863 763
772 672
452 352
461 361
158 58
994 894
915 815
560 460
662 562
248 148
671 571
760 660
422 322
728 628
565 465
429 329
518 418
1075 975
298 198
101 1
654 554
607 507
756 656
850 750
208 108
209 109
553 453
1015 915
1009 909
800 700
676 576
175 75
746 646
996 896
214 114
329 229
413 313
185 85
792 692
244 144
859 759
636 536
743 643
1019 919
562 462
616 516
960 860
573 473
1004 904
125 25
1059 959
125 25
763 663
711 611
309 209
144 44
664 564
822 722
333 233
1080 980
578 478
663 563
816 716
772 672
716 616
1014 914
207 107
641 541
1079 979
982 882
566 466
242 142
1071 971
359 259
176 76
135 35
986 886
643 543
598 498
789 689
250 150
821 721
542 442
242 142
236 136
630 530
136 36
603 503
137 37
550 450
444 344
348 248
650 550
699 599
455 355
1019 919
1080 980
736 636
573 473
281 181
1057 957
973 873
424 324
254 154
959 859
527 427
670 570
704 604
394 294
413 313
360 260
463 363
774 674
694 594
439 339
913 813
359 259
929 829
482 382
149 49
760 660
891 791
530 430
654 554
860 760
599 499
782 682
326 226
764 664
445 345
458 358
532 432
214 114
858 758
242 142
164 64
119 19
943 843
853 753
737 637
263 163
1041 941
221 121
1065 965
194 94
548 448
498 398
957 857
687 587
1068 968
198 98
451 351
242 142
858 758
403 303
451 351
1068 968
1080 980
633 533
762 662
1082 982
457 357
668 568
1014 914
619 519
648 548
377 277
823 723
722 622
123 23
617 517
270 170
820 720
451 351
735 635
213 113
155 55
883 783
363 263
866 766
385 285
627 527
289 189
306 206
728 628
744 644
107 7
358 258
390 290
961 861
755 655
828 728
487 387
169 69
741 641
228 128
842 742
492 392
841 741
245 145
893 793
151 51
902 802
212 112
997 897
353 253
362 262
440 340
293 193
1032 932
982 882
917 817
231 131
1065 965
582 482
580 480
673 573
824 724
543 443
939 839
303 203
600 500
1065 965
846 746
175 75
911 811
907 807
473 373
905 805
705 605
613 513
352 252
572 472
272 172
897 797
494 394
790 690
277 177
395 295
198 98
884 784
477 377
632 532
586 486
255 155
955 855
210 110
390 290
984 884
230 130
273 173
455 355
178 78
942 842
814 714
333 233
733 633
201 101
577 477
786 686
219 119
836 736
818 718
1030 930
115 15
800 700
572 472
169 69
428 328
707 607
893 793
979 879
299 199
1016 916
1099 999
1060 960
277 177
508 408
625 525
779 679
1048 948
238 138
598 498
285 185
595 495
882 782
990 890
149 49
1006 906
553 453
434 334
730 630
485 385
529 429
499 399
953 853
438 338
645 545
620 520
751 651
929 829
865 765
581 481
259 159
199 99
1100 1000
780 680
279 179
187 87
817 717
902 802
985 885
990 890
132 32
939 839
938 838
439 339
286 186
983 883
570 470
167 67
285 185
644 544
1021 921
457 357
476 376
557 457
1086 986
544 444
1034 934
742 642
271 171
252 152
745 645
159 59
146 46
716 616
781 681
159 59
143 43
1087 987
334 234
453 353
203 103
630 530
596 496
1058 958
489 389
713 613
1031 931
938 838
679 579
185 85
232 132
186 86
1008 908
669 569
872 772
579 479
777 677
783 683
443 343
500 400
803 703
470 370
239 139
982 882
444 344
246 146
487 387
216 116
1009 909
860 760
639 539
507 407
404 304
547 447
755 655
488 388
478 378
141 41
192 92
758 658
962 862
219 119
511 411
128 28
462 362
557 457
497 397
298 198
390 290
117 17
252 152
532 432
711 611
421 321
273 173
527 427
237 137
305 205
1046 946
444 344
465 365
663 563
575 475
404 304
1082 982
147 47
1020 920
794 694
902 802
191 91
166 66
1061 961
878 778
744 644
844 744
209 109
564 464
1059 959
413 313
1069 969
441 341
142 42
785 685
208 108
431 331
748 648
185 85
149 49
776 676
328 228
191 91
1029 929
634 534
627 527
266 166
1067 967
151 51
416 316
1066 966
682 582
941 841
940 840
725 625
675 575
214 114
603 503
116 16
1011 911
213 113
405 305
926 826
1089 989
606 506
936 836
838 738
469 369
664 564
687 587
555 455
332 232
835 735
552 452
364 264
1000 900
648 548
1052 952
838 738
181 81
953 853
1095 995
675 575
662 562
669 569
839 739
465 365
805 705
720 620
105 5
364 264
657 557
293 193
590 490
121 21
394 294
473 373
461 361
184 84
1000 900
350 250
147 47
388 288
305 205
232 132
245 145
251 151
946 846
519 419
758 658
621 521
949 849
1074 974
780 680
755 655
248 148
748 648
196 96
837 737
310 210
398 298
790 690
287 187
119 19
1081 981
931 831
1065 965
779 679
1054 954
826 726
266 166
628 528
348 248
115 15
736 636
664 564
660 560
947 847
663 563
821 721
124 24
109 9
996 896
800 700
903 803
546 446
116 16
958 858
374 274
799 699
814 714
371 271
549 449
1077 977
329 229
633 533
380 280
254 154
523 423
856 756
968 868
971 871
224 124
1012 912
1070 970
827 727
331 231
1068 968
1035 935
669 569
908 808
263 163
123 23
718 618
310 210
785 685
188 88
750 650
251 151
907 807
870 770
493 393
655 555
376 276
713 613
404 304
966 866
1011 911
323 223
333 233
403 303
142 42
405 305
500 400
406 306
262 162
1000 900
151 51
1064 964
834 734
497 397
1033 933
998 898
466 366
159 59
116 16
728 628
277 177
325 225
460 360
637 537
842 742
712 612
825 725
733 633
968 868
414 314
589 489
578 478
601 501
1081 981
732 632
1004 904
465 365
919 819
296 196
208 108
596 496
279 179
844 744
252 152
245 145
698 598
601 501
449 349
980 880
180 80
348 248
862 762
783 683
414 314
600 500
613 513
489 389
305 205
720 620
684 584
191 91
752 652
821 721
994 894
959 859
298 198
765 665
243 143
516 416
771 671
581 481
402 302
420 320
711 611
965 865
731 631
226 126
626 526
857 757
626 526
1063 963
503 403
881 781
331 231
340 240
930 830
430 330
383 283
618 518
964 864
924 824
855 755
1035 935
259 159
151 51
320 220
409 309
547 447
118 18
900 800
963 863
933 833
101 1
905 805
849 749
891 791
758 658
512 412
677 577
957 857
679 579
508 408
609 509
995 895
254 154
460 360
1023 923
927 827
497 397
1071 971
787 687
1061 961
1059 959
619 519
717 617
435 335
737 637
338 238
723 623
983 883
274 174
322 222
875 775
986 886
708 608
808 708
406 306
575 475
1100 1000
976 876
1057 957
223 123
741 641
227 127
572 472
484 384
826 726
845 745
405 305
384 284
814 714
529 429
743 643
785 685
808 708
612 512
731 631
603 503
589 489
699 599
929 829
1083 983
846 746
562 462
832 732
1092 992
832 732
370 270
769 669
591 491
522 422
382 282
154 54
931 831
1000 900
267 167
782 682
215 115
766 666
761 661
1057 957
664 564
209 109
1034 934
554 454
708 608
1064 964
613 513
1033 933
153 53
240 140
759 659
295 195
746 646
124 24
264 164
757 657
863 763
331 231
925 825
269 169
1049 949
228 128
455 355
637 537
911 811
364 264
264 164
146 46
951 851
104 4
389 289
1000 900
492 392
902 802
324 224
168 68
560 460
550 450
1003 903
226 126
447 347
158 58
738 638
498 398
201 101
586 486
687 587
551 451
897 797
435 335
981 881
262 162
310 210
206 106
343 243
845 745
1069 969
1069 969
398 298
532 432
353 253
259 159
693 593
734 634
553 453
665 565
757 657
116 16
172 72
710 610
322 222
603 503
419 319
611 511
161 61
852 752
794 694
155 55
484 384
569 469
901 801
929 829
236 136
792 692
636 536
277 177
1058 958
311 211
747 647
599 499
626 526
215 115
128 28
1084 984
1004 904
918 818
609 509
333 233
984 884
524 424
665 565
1076 976
701 601
471 371
423 323
506 406
622 522
434 334
292 192
884 784
203 103
776 676
551 451
268 168
967 867
527 427
702 602
532 432
883 783
631 531
411 311
437 337
1094 994
777 677
272 172
637 537
151 51
1100 1000
489 389
479 379
337 237
203 103
821 721
885 785
697 597
1043 943
592 492
512 412
431 331
672 572
480 380
928 828
359 259
871 771
826 726
1039 939
155 55
694 594
601 501
119 19
559 459
600 500
890 790
476 376
104 4
789 689
734 634
876 776
217 117
574 474
701 601
675 575
908 808
1053 953
644 544
243 143
642 542
610 510
690 590
321 221
927 827
715 615
917 817
699 599
717 617
667 567
132 32
645 545
979 879
827 727
792 692
658 558
785 685
407 307
188 88
664 564
1011 911
431 331
646 546
668 568
680 580
981 881
1097 997
749 649
1037 937
846 746
1088 988
493 393
451 351
337 237
761 661
617 517
730 630
621 521
460 360
313 213
1008 908
920 820
303 203
299 199
579 479
913 813
351 251
114 14
262 162
903 803
1005 905
548 448
267 167
307 207
962 862
186 86
469 369
223 123
281 181
320 220
865 765
258 158
351 251
1044 944
1009 909
524 424
745 645
411 311
668 568
499 399
947 847
159 59
638 538
353 253
640 540
333 233
199 99
412 312
523 423
890 790
346 246
949 849
265 165
302 202
644 544
652 552
152 52
753 653
231 131
888 788
472 372
993 893
571 471
213 113
725 625
598 498
784 684
542 442
478 378
1029 929
634 534
186 86
173 73
112 12
640 540
418 318
771 671
358 258
227 127
624 524
512 412
679 579
1072 972
524 424
923 823
568 468
763 663
464 364
884 784
181 81
688 588
499 399
596 496
996 896
270 170
251 151
253 153
726 626
299 199
467 367
252 152
937 837
358 258
740 640
383 283
224 124
389 289
672 572
708 608
508 408
563 463
458 358
280 180
995 895
429 329
984 884
321 221
623 523
394 294
538 438
225 125
378 278
725 625
125 25
527 427
829 729
896 796
1096 996
251 151
1056 956
967 867
288 188
222 122
619 519
470 370
135 35
940 840
411 311
215 115
295 195
975 875
929 829
1012 912
884 784
185 85
1004 904
1069 969
199 99
814 714
543 443
1071 971
838 738
843 743
813 713
298 198
209 109
735 635
488 388
141 41
936 836
740 640
361 261
831 731
793 693
322 222
553 453
636 536
589 489
265 165
614 514
411 311
170 70
224 124
434 334
873 773
811 711
1023 923
734 634
380 280
235 135
357 257
371 271
1061 961
552 452
367 267
769 669
338 238
228 128
910 810
384 284
271 171
624 524
388 288
243 143
489 389
1089 989
666 566
1094 994
174 74
380 280
913 813
492 392
149 49
573 473
275 175
331 231
854 754
995 895
557 457
1043 943
997 897
648 548
612 512
777 677
168 68
940 840
336 236
458 358
674 574
641 541
993 893
858 758
715 615
642 542
957 857
789 689
638 538
116 16
172 72
821 721
392 292
718 618
1016 916
1058 958
904 804
365 265
756 656
647 547
479 379
352 252
167 67
705 605
380 280
363 263
461 361
835 735
1084 984
278 178
371 271
516 416
589 489
541 441
356 256
498 398
982 882
107 7
325 225
104 4
629 529
127 27
610 510
739 639
1100 1000
513 413
291 191
602 502
913 813
326 226
998 898
427 327
520 420
270 170
570 470
811 711
719 619
223 123
477 377
1046 946
565 465
723 623
987 887
412 312
864 764
836 736
155 55
108 8
827 727
1015 915
944 844
122 22
744 644
750 650
281 181
931 831
271 171
608 508
645 545
634 534
539 439
515 415
647 547
996 896
517 417
1082 982
305 205
293 193
600 500
489 389
432 332
901 801
920 820
437 337
516 416
589 489
343 243
833 733
954 854
371 271
166 66
1042 942
336 236
1054 954
668 568
148 48
1069 969
1019 919
806 706
494 394
395 295
981 881
267 167
1017 917
873 773
475 375
379 279
110 10
761 661
548 448
827 727
228 128
938 838
630 530
504 404
641 541
843 743
411 311
334 234
416 316
629 529
573 473
291 191
481 381
932 832
752 652
637 537
102 2
466 366
237 137
980 880
449 349
1040 940
200 100
845 745
763 663
137 37
167 67
772 672
543 443
909 809
395 295
782 682
317 217
1079 979
1011 911
400 300
459 359
611 511
955 855
832 732
398 298
968 868
716 616
718 618
430 330
869 769
260 160
286 186
903 803
684 584
150 50
932 832
308 208
816 716
685 585
572 472
630 530
372 272
1051 951
598 498
754 654
465 365
1086 986
683 583
912 812
579 479
905 805
998 898
799 699
233 133
600 500
746 646
743 643
1015 915
644 544
155 55
1070 970
313 213
1087 987
723 623
988 888
975 875
746 646
613 513
498 398
456 356
610 510
686 586
725 625
116 16
794 694
1084 984
1033 933
522 422
593 493
454 354
120 20
314 214
204 104
990 890
330 230
312 212
1062 962
127 27
150 50
869 769
451 351
935 835
598 498
332 232
964 864
354 254
328 228
742 642
813 713
576 476
177 77
1019 919
507 407
1012 912
597 497
854 754
369 269
834 734
129 29
1067 967
297 197
141 41
498 398
359 259
847 747
1026 926
486 386
940 840
225 125
644 544
511 411
1008 908
459 359
325 225
944 844
169 69
680 580
221 121
208 108
623 523
938 838
778 678
508 408
693 593
914 814
765 665
521 421
414 314
1099 999
1092 992
607 507
696 596
657 557
458 358
745 645
624 524
671 571
263 163
632 532
1042 942
526 426
637 537
487 387
282 182
330 230
304 204
346 246
308 208
637 537
753 653
816 716
948 848
663 563
632 532
1047 947
203 103
733 633
971 871
934 834
1032 932
1038 938
607 507
429 329
1086 986
581 481
713 613
1057 957
423 323
505 405
690 590
789 689
477 377
432 332
1005 905
786 686
1032 932
1089 989
574 474
750 650
706 606
193 93
489 389
219 119
771 671
382 282
460 360
550 450
945 845
103 3
746 646
424 324
199 99
644 544
709 609
1057 957
601 501
834 734
864 764
368 268
698 598
799 699
342 242
271 171
490 390
251 151
161 61
379 279
359 259
991 891
619 519
242 142
926 826
480 380
1042 942
453 353
382 282
811 711
996 896
1029 929
1082 982
709 609
376 276
161 61
401 301
498 398
1052 952
485 385
956 856
731 631
528 428
959 859
355 255
325 225
823 723
307 207
380 280
428 328
1037 937
1071 971
137 37
647 547
1001 901
728 628
556 456
948 848
1096 996
643 543
690 590
964 864
555 455
328 228
610 510
185 85
767 667
768 668
929 829
1036 936
151 51
855 755
483 383
932 832
440 340
1028 928
1015 915
185 85
897 797
342 242
647 547
886 786
1100 1000
945 845
435 335
580 480
885 785
350 250
897 797
347 247
399 299
288 188
443 343
515 415
381 281
595 495
382 282
249 149
364 264
855 755
178 78
950 850
234 134
114 14
226 126
761 661
962 862
323 223
290 190
749 649
440 340
890 790
824 724
861 761
371 271
518 418
801 701
1059 959
564 464
727 627
505 405
768 668
330 230
529 429
253 153
798 698
1023 923
586 486
913 813
409 309
786 686
834 734
1025 925
851 751
121 21
489 389
158 58
439 339
395 295
672 572
1000 900
102 2
1056 956
973 873
186 86
357 257
446 346
1065 965
527 427
512 412
321 221
646 546
302 202
535 435
517 417
986 886
524 424
478 378
1043 943
905 805
983 883
1027 927
390 290
687 587
147 47
433 333
369 269
722 622
875 775
785 685
479 379
349 249
221 121
768 668
462 362
985 885
634 534
107 7
928 828
471 371
488 388
999 899
1008 908
649 549
494 394
405 305
382 282
166 66
532 432
218 118
543 443
1020 920
837 737
397 297
684 584
527 427
306 206
522 422
428 328
344 244
948 848
371 271
905 805
633 533
437 337
102 2
588 488
724 624
619 519
322 222
462 362
435 335
330 230
675 575
493 393
515 415
453 353
717 617
375 275
858 758
945 845
365 265
477 377
287 187
302 202
274 174
1071 971
320 220
531 431
411 311
608 508
182 82
925 825
370 270
326 226
782 682
819 719
1046 946
640 540
737 637
1073 973
1062 962
580 480
202 102
447 347
777 677
636 536
239 139
942 842
747 647
740 640
977 877
311 211
866 766
787 687
678 578
679 579
719 619
268 168
1022 922
778 678
135 35
344 244
858 758
579 479
329 229
849 749
616 516
149 49
1002 902
277 177
659 559
905 805
468 368
445 345
408 308
669 569
725 625
1026 926
155 55
373 273
1012 912
843 743
160 60
985 885
982 882
916 816
869 769
251 151
694 594
175 75
404 304
963 863
732 632
736 636
855 755
745 645
700 600
959 859
524 424
917 817
191 91
455 355
512 412
1030 930
1071 971
950 850
688 588
382 282
859 759
649 549
650 550
215 115
234 134
494 394
810 710
565 465
213 113
253 153
456 356
750 650
1085 985
715 615
439 339
946 846
1092 992
284 184
825 725
115 15
1055 955
404 304
1061 961
537 437
256 156
1043 943
163 63
1029 929
731 631
635 535
870 770
488 388
646 546
623 523
1088 988
615 515
1099 999
145 45
188 88
757 657
970 870
848 748
348 248
149 49
767 667
469 369
402 302
474 374
444 344
240 140
636 536
382 282
295 195
916 816
577 477
563 463
755 655
627 527
287 187
633 533
484 384
847 747
1055 955
1021 921
820 720
799 699
809 709
418 318
131 31
954 854
953 853
1038 938
115 15
763 663
1099 999
460 360
1041 941
288 188
258 158
785 685
1079 979
809 709
836 736
925 825
783 683
250 150
537 437
432 332
714 614
677 577
482 382
839 739
831 731
855 755
799 699
714 614
983 883
597 497
793 693
619 519
1004 904
539 439
750 650
1060 960
698 598
744 644
794 694
861 761
1062 962
410 310
818 718
754 654
819 719
1073 973
564 464
741 641
699 599
651 551
827 727
565 465
794 694
724 624
239 139
314 214
415 315
535 435
537 437
483 383
1092 992
549 449
404 304
454 354
172 72
728 628
654 554
955 855
812 712
125 25
685 585
134 34
802 702
661 561
351 251
168 68
258 158
1014 914
994 894
433 333
856 756
394 294
691 591
868 768
687 587
548 448
186 86
798 698
664 564
842 742
185 85
132 32
222 122
771 671
1093 993
816 716
142 42
183 83
198 98
263 163
237 137
1053 953
489 389
771 671
305 205
757 657
740 640
848 748
457 357
899 799
641 541
389 289
729 629
348 248
812 712
130 30
525 425
849 749
247 147
840 740
822 722
453 353
205 105
744 644
1099 999
908 808
482 382
172 72
959 859
522 422
313 213
476 376
360 260
1052 952
160 60
983 883
1008 908
807 707
798 698
719 619
764 664
764 664
189 89
966 866
954 854
261 161
763 663
994 894
1063 963
807 707
714 614
243 143
1014 914
707 607
246 146
421 321
205 105
187 87
511 411
999 899
930 830
165 65
260 160
262 162
786 686
751 651
312 212
558 458
114 14
679 579
945 845
303 203
1079 979
381 281
258 158
208 108
1039 939
529 429
627 527
882 782
818 718
186 86
775 675
963 863
1035 935
850 750
339 239
350 250
417 317
411 311
558 458
420 320
723 623
437 337
715 615
121 21
512 412
696 596
531 431
1093 993
739 639
1097 997
280 180
1061 961
957 857
907 807
740 640
981 881
597 497
227 127
657 557
1085 985
498 398
623 523
770 670
717 617
362 262
147 47
525 425
1094 994
275 175
500 555
330 970
1045 161
1061 505
544 951
429 926
477 118
907 823
868 530
597 127
186 783
947 256
627 672
980 404
941 418
792 210
1025 575
858 150
560 52
865 185
581 710
110 110
294 41
1078 856
421 218
1074 352
907 733
788 314
1076 767
694 244
1094 676
677 158
253 436
229 402
681 762
997 529
1048 28
743 73
506 307
279 449
514 523
582 73
485 407
566 904
303 446
740 350
735 871
191 171
410 155
357 901
124 843
1093 718
609 682
493 673
936 130
491 130
342 460
147 500
554 980
668 202
574 813
174 648
390 654
228 173
976 864
444 167
532 452
306 886
900 90
423 148
147 254
151 716
608 88
1058 649
138 876
232 705
557 771
152 687
865 416
653 980
460 967
821 253
460 428
310 460
278 861
511 904
1062 20
520 884
329 110
306 842
602 10
1094 205
1064 62
950 935
107 55
371 2
720 783
540 476
907 398
398 160
298 894
936 695
870 948
1080 398
755 770
998 163
702 996
368 127
1081 223
126 331
262 71
733 116
595 130
1077 155
554 104
626 758
471 556
907 397
122 910
843 240
225 928
825 461
234 241
474 866
274 603
854 646
290 482
1041 108
696 952
905 760
634 578
259 354
944 370
592 902
735 483
436 260
658 455
590 55
1037 462
373 134
675 763
397 960
383 563
780 406
513 248
1035 890
940 436
568 123
389 432
271 249
475 751
530 882
711 96
647 382
239 657
720 674
450 513
758 237
902 853
708 153
216 471
624 395
116 710
769 12
284 201
452 872
140 925
661 497
308 147
842 691
691 315
240 21
317 60
972 138
938 967
166 572
661 336
634 35
660 752
678 632
168 235
933 191
791 265
782 514
506 610
146 651
698 951
635 322
454 922
883 305
933 798
633 617
660 4
1063 848
1033 980
1004 592
957 435
930 345
904 541
206 699
997 803
481 764
235 592
729 178
687 415
1017 405
982 513
451 487
303 33
548 724
172 900
332 619
1041 494
288 467
523 825
1030 299
353 69
439 564
751 971
759 527
307 383
981 687
422 181
284 652
460 881
375 193
812 97
774 398
756 520
290 680
301 175
339 955
974 672
935 399
175 845
637 515
564 24
419 807
787 608
902 607
976 223
455 581
172 626
511 732
807 695
1049 313
661 396
914 953
539 979
742 971
364 758
697 659
687 602
600 73
841 561
286 38
747 273
1012 26
448 934
466 285
303 374
833 924
1027 90
640 970
160 379
828 315
992 206
977 417
346 70
319 753
694 401
115 830
212 596
586 685
881 946
599 657
310 359
903 604
420 818
314 981
268 220
798 294
579 608
164 875
483 927
1013 796
380 193
555 260
618 863
977 172
943 373
975 466
743 200
759 405
302 987
517 752
310 518
821 177
624 546
275 60
158 892
1001 237
555 826
139 725
389 694
396 287
530 818
854 331
1009 364
757 874
293 120
425 431
715 161
453 919
900 849
275 622
809 833
239 346
880 260
399 299
468 97
208 178
555 968
966 265
787 556
383 619
998 812
279 798
639 435
162 836
266 615
930 35
274 147
309 265
497 775
997 573
357 486
826 203
717 512
671 306
634 227
197 96
402 624
154 827
682 293
892 226
561 640
166 387
308 842
994 968
384 411
890 17
761 478
607 571
917 730
997 320
716 958
796 177
173 587
997 42
591 889
292 6
949 794
732 786
478 943
429 984
611 679
224 74
965 119
933 404
485 546
539 198
638 322
867 895
927 2
786 579
1072 515
866 911
1003 243
394 467
708 408
694 3
608 95
163 619
338 55
910 999
844 42
797 590
284 820
349 244
140 690
255 371
634 6
517 92
123 495
536 811
212 340
246 904
743 547
118 367
140 845
140 712
351 995
426 434
284 356
971 772
1092 96
396 57
467 543
603 146
645 1
328 570
355 417
670 320
403 605
204 815
134 364
197 136
840 215
705 144
677 693
621 675
333 112
1058 1
516 910
1007 261
110 524
727 953
414 828
478 615
200 877
798 841
847 678
1024 967
167 173
656 359
110 106
243 349
441 327
207 972
825 530
1002 60
303 816
194 815
998 648
650 642
1070 714
312 673
997 979
712 161
816 96
799 472
540 114
439 712
387 605
1086 281
781 687
601 197
460 806
904 777
352 291
884 708
979 263
155 282
385 566
541 590
211 888
781 369
973 391
385 673
1075 436
165 694
623 532
794 609
741 103
805 636
861 980
221 268
1045 989
823 526
696 585
310 539
873 929
1043 127
802 846
572 492
328 17
1092 640
655 97
524 832
762 785
614 998
1078 619
1024 958
1005 891
748 37
525 116
816 524
469 946
311 37
813 675
319 822
319 919
596 879
716 907
1037 687
566 225
283 266
655 562
138 714
203 701
301 567
195 218
177 725
299 308
979 496
409 266
146 780
755 274
140 341
530 577
863 918
479 297
508 202
664 744
265 160
642 17
831 750
112 792
383 378
281 845
624 730
457 43
560 206
694 237
981 344
795 795
360 725
941 977
431 912
350 450
543 407
966 58
901 64
367 620
933 734
938 559
613 540
1063 62
1082 633
1074 30
1051 24
110 351
974 670
119 743
389 345
428 376
457 996
208 334
917 548
288 330
182 256
528 526
722 631
1000 320
988 443
454 310
282 880
103 151
666 677
312 705
1074 789
1069 379
415 534
145 425
467 926
398 300
391 698
952 736
733 48
1005 751
352 101
401 103
707 954
203 13
493 964
881 622
965 47
943 727
1007 256
169 119
1072 167
395 283
822 715
793 100
496 786
283 96
308 986
523 957
264 220
293 75
565 877
980 512
1041 12
708 591
317 587
404 796
299 912
399 620
821 216
834 747
300 624
848 907
935 489
901 308
446 398
242 527
695 745
201 648
250 384
952 47
953 937
656 606
118 447
127 292
504 698
642 546
509 54
926 325
823 923
155 686
548 817
478 550
561 655
396 485
929 173
748 149
699 743
615 35
342 694
357 234
267 209
1007 236
621 648
456 168
279 21
633 438
205 128
621 863
950 199
988 837
860 453
279 279
407 173
946 609
1045 96
1046 805
592 591
444 979
277 183
681 978
340 431
220 853
1041 877
918 180
1029 300
252 546
886 612
177 525
127 111
736 934
818 782
106 342
411 18
920 207
231 729
816 316
1013 804
507 493
205 387
835 45
418 877
242 744
684 362
831 1
130 947
798 208
944 979
116 359
384 346
678 576
275 630
917 316
1050 899
453 248
348 425
355 49
384 761
707 572
426 874
804 447
537 227
263 92
608 506
248 999
722 796
646 126
985 78
850 262
441 300
881 840
373 76
465 615
1060 693
1018 897
846 738
1089 83
1033 753
697 211
800 584
117 850
890 166
826 359
182 459
968 264
867 14
360 961
1080 797
407 183
610 56
398 616
740 933
1100 179
264 392
987 11
337 588
1071 358
1070 339
1081 436
783 612
1008 413
826 227
409 491
817 471
922 384
848 977
772 56
219 356
1043 908
634 268
797 870
191 668
373 721
452 192
137 178
220 645
982 300
675 407
131 45
171 398
512 933
855 770
597 484
725 751
284 402
968 116
608 892
431 223
314 775
506 773
653 837
295 907
1051 277
745 231
206 429
868 490
900 191
507 563
944 371
265 668
709 601
1045 566
481 906
156 27
1008 370
1022 979
471 477
530 298
828 376
596 113
500 434
123 100
921 846
861 826
195 286
744 231
979 400
857 474
350 242
499 589
618 839
549 679
489 714
678 734
889 102
434 980
753 156
751 702
359 390
227 312
773 847
680 597
1055 408
672 342
610 537
759 200
165 209
179 997
196 36
708 167
812 279
683 442
714 10
1099 542
974 839
439 870
308 831
994 721
423 60
656 215
862 302
548 393
1023 989
729 108
519 754
777 107
990 754
225 846
862 327
970 513
815 692
507 321
329 401
892 795
596 322
403 50
941 506
638 935
590 339
154 482
348 676
515 171
949 117
627 937
587 14
1019 720
416 521
899 231
789 136
577 944
516 827
257 456
514 329
655 956
515 110
860 526
551 655
518 387
546 799
894 434
102 473
633 708
768 617
475 197
1073 679
139 808
330 433
730 526
485 380
294 551
1082 168
763 724
1066 582
237 412
484 556
850 737
731 296
202 850
245 319
774 406
984 728
828 792
152 131
1092 337
455 111
732 507
955 61
317 368
771 848
323 753
696 748
763 574
433 201
193 202
414 330
654 758
665 959
537 616
246 568
783 170
203 438
548 690
675 401
385 985
288 895
794 790
217 646
388 826
1045 655
180 248
624 33
1091 536
843 285
643 374
504 902
1059 707
172 348
783 987
972 569
756 166
524 988
1038 28
675 209
894 763
578 764
775 370
573 703
538 417
191 849
769 6
868 632
177 178
828 576
614 184
592 80
702 912
685 529
263 141
978 824
458 4
1012 79
395 512
421 353
635 341
391 361
1031 590
382 773
1047 469
672 1
617 117
359 654
254 709
585 729
547 961
107 325
1065 595
1025 565
1034 148
1071 302
1095 114
1056 825
876 554
826 27
1099 681
730 941
383 740
353 189
470 407
701 11
302 81
167 499
210 39
163 350
909 650
914 932
525 394
793 579
679 145
302 283
306 969
641 84
668 440
960 587
405 284
509 174
402 897
332 31
642 803
915 249
401 789
414 325
1025 802
275 565
276 357
1074 217
837 563
177 620
1087 415
733 741
184 830
189 634
679 561
327 205
721 661
975 220
891 628
808 768
975 460
280 948
353 336
319 44
106 144
643 643
880 687
693 499
869 332
936 839
571 777
632 184
215 251
447 599
745 150
465 509
584 344
750 759
491 256
1013 904
721 866
288 863
857 48
926 400
368 576
532 268
428 285
206 98
673 128
643 647
592 88
1087 248
886 189
529 506
142 652
309 273
529 956
638 908
490 330
245 411
851 306
594 71
735 528
333 230
770 740
718 293
229 574
743 90
880 337
136 508
449 141
272 189
955 629
627 823
416 796
291 795
389 500
837 183
945 122
1040 426
865 40
661 586
226 22
1014 962
972 899
469 283
571 549
183 576
997 939
267 44
423 376
915 728
837 337
744 593
633 868
818 288
747 553
256 978
759 579
1081 389
514 54
678 156
1072 292
594 225
683 799
296 290
318 774
1007 104
992 65
663 91
151 170
899 469
984 36
638 836
909 752
450 16
771 651
591 387
384 391
632 638
319 120
734 585
575 361
224 615
982 5
998 213
849 411
298 99
1070 659
856 116
576 926
774 790
695 312
695 750
409 888
401 177
326 189
770 458
593 790
613 34
162 910
1002 955
1085 390
243 590
487 844
743 111
620 912
728 312
193 640
996 411
102 852
305 893
966 63
780 951
653 289
465 652
667 690
752 145
256 73
726 701
162 12
501 567
112 640
439 753
499 731
276 654
807 968
982 177
635 835
758 705
965 474
1070 489
430 624
668 425
749 529
730 601
945 501
657 714
355 248
1024 528
569 190
940 72
214 196
1008 616
1095 565
982 886
222 410
734 589
787 542
256 795
1059 320
383 474
945 907
665 705
642 720
336 224
1027 584
973 993
365 641
484 930
198 675
371 492
509 999
1092 826
530 686
270 659
1031 994
683 580
808 100
947 773
475 19
1096 905
794 866
300 175
901 62
437 810
802 145
925 479
458 23
801 419
365 476
248 392
694 895
764 694
764 252
469 140
507 241
275 949
411 559
489 890
475 275
626 917
192 266
826 226
268 540
170 254
659 317
965 151
370 320
966 656
1021 722
1006 166
725 344
164 615
147 590
544 432
1003 453
526 198
479 464
725 570
644 317
155 760
712 504
713 257
540 89
953 668
705 68
551 678
594 505
467 560
417 775
366 844
450 124
529 305
488 129
668 921
976 196
324 757
932 804
113 656
759 923
525 259
954 743
480 489
909 713
903 148
247 202
910 35
128 498
488 506
1009 138
396 590
998 252
609 339
210 749
278 158
885 326
224 799
947 795
460 722
789 105
1084 834
661 149
139 425
618 66
439 654
261 83
382 498
846 273
549 417
409 431
1028 850
1066 452
847 261
962 252
294 620
485 424
286 297
112 996
686 291
239 318
474 600
379 608
1095 621
576 229
657 809
129 380
285 618
180 379
652 868
107 946
580 730
783 507
1098 361
109 388
224 725
890 725
660 18
497 676
243 520
758 737
828 761
1032 230
781 761
682 374
1000 539
343 407
1009 859
735 399
121 389
338 440
349 144
924 820
692 16
913 342
297 565
877 958
493 278
1089 682
847 203
466 723
272 626
805 524
839 430
675 599
1089 349
259 103
758 634
929 523
191 209
783 761
565 697
438 542
899 714
118 508
624 32
365 298
601 123
808 394
1003 210
546 568
305 295
567 918
613 175
933 280
182 805
371 409
209 930
668 310
831 5
163 618
504 260
984 406
136 97
732 65
276 695
114 716
959 21
868 960
489 421
924 976
990 12
361 950
454 931
369 810
568 461
679 881
573 285
379 242
616 248
865 328
606 618
500 609
521 253
221 838
812 686
396 634
869 719
596 469
493 989
810 94
827 886
933 117
139 324
603 338
328 224
396 973
530 883
535 215
987 376
475 380
309 630
236 389
455 803
1003 68
350 243
507 942
849 85
907 682
970 180
771 194
200 246
924 887
675 960
831 468
441 64
202 638
195 966
759 436
771 912
724 64
1018 569
188 170
1062 323
443 27
915 469
140 993
476 597
845 662
151 589
1021 309
210 167
728 404
746 29
1075 842
972 62
556 729
456 814
382 683
347 449
389 772
246 712
744 313
144 216
414 137
775 38
692 71
888 429
900 833
1070 824
645 971
456 421
317 706
305 685
668 995
839 824
264 903
922 604
209 185
587 280
888 303
790 794
227 554
971 348
1056 824
661 42
431 307
907 444
425 936
249 812
251 656
378 964
1080 886
604 281
120 534
220 639
430 547
815 753
1058 99
985 199
947 993
284 973
870 388
1021 988
1027 161
801 403
657 126
979 910
1042 36
323 344
969 642
1083 95
496 816
605 943
874 889
321 821
472 230
610 593
485 563
335 542
276 835
382 153
175 758
972 703
686 814
160 250
716 393
926 385
479 875
831 644
1043 651
732 139
124 701
397 343
1040 493
601 783
138 967
199 49
105 529
334 927
709 800
975 273
210 347
656 761
274 297
257 59
712 936
847 158
248 675
383 226
900 92
992 111
893 186
346 515
624 222
515 22
1081 481
922 510
990 941
268 294
345 528
693 513
905 374
645 611
387 203
473 397
581 274
426 379
763 915
569 800
123 862
813 692
316 64
922 71
1037 288
528 881
839 641
386 233
441 398
826 696
793 287
995 50
362 591
513 464
561 687
484 142
1057 730
599 863
187 465
697 48
783 817
962 772
900 309
684 290
1018 676
394 545
780 648
221 553
987 543
1035 111
994 920
288 277
224 843
623 764
1061 707
563 392
544 596
323 500
805 176
534 890
133 725
473 603
1048 398
480 325
883 16
626 722
1067 261
352 427
908 88
197 376
1041 639
961 219
798 95
967 648
758 92
940 658
438 491
262 503
576 319
357 194
315 624
883 712
432 566
662 481
125 776
583 354
823 18
676 883
244 724
823 70
173 390
1046 856
463 407
402 368
644 425
152 364
632 366
751 280
410 446
461 197
1070 926
361 416
528 302
1067 793
234 902
504 464
1077 976
895 442
433 848
615 67
582 369
685 420
586 727
777 445
665 648
450 23
637 297
827 680
127 776
255 694
331 326
588 523
384 178
248 699
786 105
847 348
518 555
801 947
392 163
454 714
271 728
758 583
588 333
291 790
441 523
398 192
779 547
782 686
741 645
916 611
235 589
891 687
843 101
1100 248
273 472
370 355
993 727
1065 56
1025 2
230 156
735 306
936 277
904 54
748 417
662 381
557 860
1086 569
755 524
403 560
535 774
117 678
938 713
386 423
166 234
334 566
439 196
499 437
745 259
867 857
415 623
203 590
839 261
383 868
158 856
753 586
173 125
363 829
920 96
255 321
122 509
264 984
911 948
360 687
137 880
394 903
621 520
614 471
801 567
391 226
1047 337
673 503
536 844
281 256
638 541
673 16
821 221
189 592
823 368
981 813
707 425
162 993
620 291
1033 746
1077 56
374 346
718 234
955 218
912 506
773 773
317 955
150 953
399 407
752 125
955 285
1010 159
303 358
225 714
662 27
1044 628
851 900
563 613
639 269
962 209
1053 936
500 636
889 529
600 332
576 696
155 296
277 419
663 795
300 805
1034 948
458 99
641 595
904 999
450 439
366 607
356 568
893 510
607 66
746 790
108 452
721 771
450 824
355 810
733 993
731 249
181 886
523 107
410 969
170 177
663 249
493 422
1040 117
268 440
269 447
407 915
651 721
967 223
113 264
1044 882
1014 557
835 810
319 464
210 986
254 958
632 122
810 759
279 483
481 381
952 873
1060 687
1062 673
988 414
1030 522
362 707
911 14
246 796
974 452
135 467
191 618
1075 56
952 562
865 58
868 836
700 462
331 733
826 955
997 920
422 752
708 61
657 375
703 70
317 838
307 847
339 487
720 188
1012 927
130 655
431 972
451 641
880 584
508 843
702 389
773 358
708 418
902 851
597 844
447 63
393 606
740 878
540 329
1020 159
111 64
167 705
695 32
692 43
386 922
714 14
1087 514
477 96
685 522
1026 856
645 587
452 398
727 591
741 55
1089 636
167 187
794 71
785 460
727 462
201 179
404 967
137 732
757 536
855 129
810 333
656 499
1061 831
691 218
933 799
439 942
287 194
288 795
940 159
304 503
678 378
754 718
188 219
182 288
862 237
173 169
630 38
584 451
414 559
763 760
137 347
1079 460
519 192
501 662
615 723
994 983
891 451
329 388
135 923
135 857
1090 144
524 131
433 710
128 476
681 517
679 418
242 225
874 237
354 883
861 67
248 147
909 778
1010 39
668 811
138 283
295 173
857 97
444 455
604 882
322 838
126 140
164 449
696 110
388 266
479 600
156 937
164 546
154 751
858 589
1090 638
933 316
816 832
402 476
160 355
435 455
626 360
324 330
1045 74
389 30
783 911
919 55
406 634
748 297
609 291
1016 651
685 831
432 469
715 840
975 373
946 849
525 844
659 361
969 906
410 382
944 525
719 163
489 299
725 811
541 285
768 700
776 399
837 391
309 960
764 658
985 149
837 18
159 817
562 511
392 950
1023 568
657 403
355 565
478 84
565 444
193 852
281 594
1072 441
694 188
352 925
208 140
1078 551
736 762
1063 363
176 655
871 955
894 592
125 12
248 41
473 182
410 85
145 858
621 741
345 467
911 736
759 238
491 109
207 330
721 459
126 792
448 592
997 365
164 803
697 339
600 817
376 948
864 29
366 156
323 763
709 202
497 973
862 998
513 23
239 594
588 413
396 583
471 847
264 605
147 738
190 997
368 999
597 396
349 877
817 161
693 128
174 341
446 645
576 444
471 695
444 890
714 384
537 837
810 173
872 189
584 142
1059 948
580 693
161 828
606 661
659 997
295 55
386 950
302 577
712 393
417 921
840 153
1074 431
1072 185
786 695
261 740
966 837
205 752
912 697
743 40
118 609
929 536
136 642
155 3
234 16
441 519
330 45
689 588
518 873
816 440
1049 285
930 698
383 509
562 496
930 393
637 655
976 381
673 341
595 382
340 314
636 878
210 810
437 175
346 160
865 439
140 315
367 680
1067 134
660 44
281 83
839 370
548 426
308 201
923 96
190 900
928 803
631 663
709 31
914 80
878 18
490 62
1035 856
382 414
272 475
432 817
1059 626
525 692
259 604
476 336
295 766
1008 202
1100 634
1094 79
990 218
1014 872
970 916
472 663
864 893
310 458
905 779
325 354
720 706
273 698
1042 255
395 126
290 667
767 262
733 667
912 328
480 790
518 204
963 801
893 276
362 557
642 868
543 201
508 387
595 53
280 541
393 894
777 442
681 931
347 855
781 692
1100 381
1053 854
174 38
177 226
1043 912
776 879
153 809
393 420
161 161
116 398
293 783
476 437
881 465
703 400
683 317
884 274
113 701
243 151
971 968
277 247
714 861
986 79
858 119
207 469
914 661
790 661
837 659
296 231
927 101
559 922
371 136
499 725
379 676
1000 946
442 194
870 956
695 881
728 179
908 576
1064 810
613 957
733 178
1052 761
974 32
465 163
774 329
160 110
189 573
700 6
379 96
813 949
976 516
528 810
429 266
931 800
634 516
718 541
321 358
751 648
898 307
551 391
575 265
609 825
270 650
765 702
833 803
163 390
318 918
292 566
607 255
289 337
645 348
768 37
727 129
556 746
1027 762
1073 333
489 628
989 741
868 470
172 529
426 573
1063 988
459 629
890 363
1070 452
832 311
444 961
1087 290
244 311
695 419
1011 917
441 835
693 255
561 809
718 871
724 324
515 431
632 720
931 990
375 167
765 690
777 383
361 295
458 845
423 938
433 807
731 105
1011 373
590 915
569 910
326 525
190 353
479 506
912 420
193 512
279 30
183 225
1038 940
147 233
825 801
370 510
507 554
805 65
537 456
780 992
372 769
329 485
1099 686
589 753
716 256
709 394
573 703
424 513
458 597
476 354
867 493
845 808
399 86
502 255
546 421
416 249
520 49
667 329
602 634
294 879
526 62
841 580
398 318
511 34
911 723
444 78
109 119
903 154
243 311
243 381
205 714
527 438
645 266
800 909
859 349
691 689
943 142
814 224
365 88
281 446
501 62
360 702
707 788
579 504
851 537
385 422
637 711
781 200
794 476
1021 795
938 617
145 211
139 197
210 826
1092 476
490 672
915 818
915 329
435 373
364 43
440 562
291 54
403 519
807 861
444 852
785 708
679 42
686 215
948 748
759 777
679 2
997 26
125 304
171 153
258 337
998 631
726 756
454 190
175 329
834 970
808 100
823 395
196 690
476 451
412 167
407 972
326 846
540 120
1046 225
627 824
710 484
616 877
258 480
831 768
687 913
929 580
1008 11
628 633
835 735
318 107
791 805
253 10
616 878
1058 766
117 752
1073 523
120 291
1021 701
616 955
451 598
422 800
206 954
659 20
775 409
614 446
307 585
286 503
373 850
562 28
975 821
1083 853
815 66
557 821
1030 394
627 99
1055 833
1031 505
635 318
830 116
964 429
367 805
173 539
828 795
918 210
709 5
715 556
183 206
884 659
745 50
184 445
528 331
640 89
748 655
672 278
348 13
325 274
740 860
1048 95
250 174
1075 86
498 951
182 87
167 971
443 28
1083 708
236 128
1041 937
270 172
510 895
667 25
458 447
874 465
524 398
864 936
113 208
683 486
245 156
784 163
750 133
990 736
256 437
893 309
188 653
488 531
163 644
620 75
353 985
980 996
222 702
297 433
113 209
922 785
564 292
1024 900
1068 211
399 125
180 166
450 22
623 805
833 470
617 4
861 519
1072 648
588 167
1091 408
966 128
166 130
485 20
303 264
986 996
710 427
1078 986
927 437
201 611
525 661
490 989
186 707
556 467
607 9
342 335
834 767
571 459
407 187
876 631
609 89
400 740
723 501
398 670
416 508
177 631
601 903
806 268
745 602
684 373
803 27
954 577
262 876
717 210
613 284
718 258
1019 860
344 673
531 176
534 736
729 88
380 118
237 234
617 252
729 272
879 541
1013 719
295 74
369 954
528 612
413 314
1008 568
135 65
269 785
145 320
658 111
655 168
1095 108
145 424
739 263
884 403
836 582
166 16
772 877
840 624
154 384
192 900
842 879
666 322
225 141
641 364
941 643
171 494
113 67
597 783
1075 920
647 231
572 183
227 719
346 117
171 543
887 687
822 253
364 220
450 500
741 676
250 449
976 595
906 235
605 762
530 911
438 159
524 666
1070 668
856 396
949 772
1029 329
428 520
480 711
525 658
915 384
910 694
212 655
195 903
536 169
494 248
655 935
1096 342
912 868
111 967
1022 415
257 4
1041 346
121 335
458 543
498 775
300 346
804 83
261 928
940 252
215 735
944 831
461 400
352 525
581 412
1008 5
331 895
1060 541
179 961
444 914
799 36
672 362
213 768
114 663
436 687
1050 387
415 153
1033 357
499 955
832 651
511 742
833 638
945 415
720 226
328 878
1020 677
952 492
449 26
792 548
384 793
389 440
873 245
407 62
450 440
311 374
332 184
831 237
880 252
585 519
1086 784
839 262
490 102
790 919
1085 541
500 242
366 72
750 877
516 934
794 922
672 229
758 437
467 360
320 791
207 272
298 831
206 680
983 699
684 268
971 648
139 793
988 408
620 138
434 956
900 653
341 222
418 723
399 946
907 742
521 809
798 807
270 360
624 956
843 951
260 463
1079 601
575 764
145 772
1035 450
322 925
766 568
159 124
969 6
691 582
461 152
232 24
591 181
458 671
686 747
893 329
646 315
434 36
463 473
582 317
341 1000
198 588
678 958
529 162
539 876
829 116
409 291
694 946
418 114
987 837
1085 289
160 637
760 534
430 819
948 807
522 923
387 462
529 373
537 720
670 146
310 801
451 730
856 414
1061 872
250 677
499 905
826 973
658 168
528 171
1023 816
1071 438
290 302
548 486
254 142
538 311
840 294
1030 209
957 773
479 841
208 79
607 547
212 668
345 50
526 862
232 904
849 613
886 91
588 669
426 868
110 810
712 829
115 261
756 814
610 140
1011 577
419 688
751 458
450 126
382 953
375 892
948 443
188 770
964 838
218 222
286 746
845 240
702 240
676 270
360 277
676 19
543 629
811 429
831 182
276 932
1002 999
237 183
1059 718
457 184
166 580
590 697
634 736
1053 859
541 416
860 1000
259 723
918 874
287 829
565 500
1091 199
912 281
535 425
903 439
860 409
968 896
1023 393
904 874
192 81
647 469
282 140
277 418
1038 699
400 264
451 711
305 189
275 740
558 779
388 177
861 531
542 926
591 28
508 483
710 159
258 267
236 365
642 800
837 416
805 353
865 979
731 49
1016 907
696 663
662 726
927 729
1084 196
520 399
1083 367
692 97
1015 660
158 466
326 5
364 706
394 983
434 915
198 971
792 934
802 522
847 173
612 887
604 944
1040 932
1008 425
667 381
449 29
1039 193
175 147
781 742
645 659
767 359
1037 625
108 116
768 357
619 952
817 87
1010 347
341 704
823 455
882 126
359 232
937 761
833 862
437 922
921 650
1031 711
226 618
968 204
272 629
295 216
340 200
769 11
295 52
358 105
1053 85
333 72
744 544
289 14
551 928
228 231
292 99
714 929
857 40
556 955
991 989
761 225
144 762
941 9
572 120
596 809
740 463
536 662
322 813
727 508
715 255
707 714
741 957
269 400
874 871
418 592
493 914
434 619
104 822
188 766
1065 856
301 181
685 40
440 667
578 503
980 429
896 387
630 499
901 244
399 258
507 559
977 90
248 897
985 714
266 62
773 714
672 624
806 831
747 328
130 724
1066 175
689 65
555 695
179 642
1001 43
262 504
832 341
247 341
117 887
166 814
921 967
516 540
637 459
134 763
568 316
236 309
320 693
1067 118
580 965
259 56
446 282
554 333
176 767
220 958
594 62
563 584
886 902
676 211
276 65
758 928
1076 723
306 660
675 235
520 87
402 754
990 637
811 460
879 552
341 753
311 115
907 647
1069 714
393 614
829 357
1024 427
365 175
947 960
835 633
532 847
1026 420
1085 553
911 66
993 538
362 307
546 677
333 929
1100 904
1080 653
567 883
708 881
535 332
478 577
802 590
198 415
369 881
978 914
491 409
861 622
288 836
162 294
572 161
781 60
1072 649
999 93
109 177
881 995
661 637
818 144
111 916
712 594
1087 127
158 374
1030 340
512 901
812 51
984 263
695 335
909 584
142 241
943 733
911 533
461 898
730 7
591 181
943 538
716 715
576 512
581 980
469 945
796 371
680 767
726 116
968 163
1000 817
901 578
373 557
559 560
182 325
168 278
419 768
815 483
1094 993
826 522
350 339
776 749
368 586
418 236
396 193
1041 347
926 303
143 303
551 426
344 71
529 513
750 750
478 871
838 831
223 664
454 141
357 773
1035 1
986 932
668 907
1045 983
299 218
631 338
976 138
1015 854
677 53
287 197
315 694
230 4
765 789
716 351
526 202
358 181
374 231
589 210
562 962
110 407
329 142
253 157
485 710
215 171
136 885
637 313
862 340
533 178
1035 486
892 68
544 931
700 641
857 684
1075 190
363 530
395 296
931 130
413 566
988 602
350 886
640 736
613 407
924 691
817 400
199 601
618 721
506 891
745 624
878 885
880 633
734 210
839 588
1080 735
898 625
961 892
814 484
470 410
299 364
205 157
261 7
558 368
665 62
840 708
455 325
884 395
818 809
866 740
833 453
1032 130
533 494
380 366
684 857
324 390
191 219
284 748
418 674
537 551
1053 53
343 423
486 353
133 656
995 900
1098 243
801 34
842 710
1088 828
342 246
281 495
147 220
1067 185
266 826
143 535
123 295
182 442
394 712
948 562
407 525
755 672
562 222
463 365
258 279
334 798
471 554
169 833
924 417
174 96
1044 117
165 420
1057 834
965 270
1083 518
1035 386
675 512
835 589
480 83
812 20
108 686
455 919
456 172
200 940
968 677
518 406
483 362
579 417
1040 245
850 759
911 980
582 924
981 602
450 608
291 235
981 843
258 566
602 165
311 936
1007 603
479 841
1064 989
595 635
956 361
927 142
332 595
677 869
450 701
1036 832
409 622
419 299
559 326
409 690
988 405
392 696
717 688
945 852
825 409
769 118
956 917
115 416
922 602
705 299
1024 786
114 552
488 446
381 830
856 177
275 701
886 55
1048 368
325 564
812 581
985 40
354 98
439 374
821 97
141 270
400 182
1001 822
962 64
1034 282
298 144
1035 456
187 250
1058 194
111 903
745 262
158 195
977 701
705 84
394 129
1089 27
993 644
257 470
486 844
995 219
601 601
314 268
419 43
956 21
1055 914
929 521
206 449
506 346
655 924
595 179
422 970
477 312
645 960
397 170
315 868
355 647
352 226
779 610
204 758
177 312
1018 277
617 561
957 845
335 119
447 946
1034 963
589 44
923 587
360 736
845 345
128 385
543 599
602 514
1018 345
620 565
1023 447
123 358
125 295
782 275
809 177
491 777
264 873
382 476
695 490
170 608
700 452
137 363
579 741
116 282
219 447
258 681
775 794
348 197
878 96
739 595
425 954
598 917
273 58
554 711
1037 29
259 612
107 90
163 132
352 901
514 79
252 951
674 679
538 251
843 845
750 781
137 231
320 960
229 837
147 587
860 594
432 737
957 533
237 143
725 622
116 165
609 625
138 517
387 207
472 33
985 431
744 302
743 754
240 197
707 982
621 632
263 257
513 235
863 738
451 64
326 120
965 39
252 378
799 910
676 634
746 154
877 422
446 596
130 343
1005 676
108 189
795 295
178 267
424 402
651 190
166 45
126 514
558 24
666 227
582 659
1049 227
885 351
1023 587
1083 756
980 508
369 46
741 920
216 511
144 213
849 330
1024 384
967 183
605 114
214 759
471 666
908 343
544 169
797 330
1020 346
562 89
569 7
614 902
281 514
966 865
252 917
960 629
598 114
732 101
422 71
457 473
102 63
342 34
106 237
603 828
648 352
492 163
416 124
457 159
658 771
522 146
408 698
517 827
967 905
194 922
581 709
789 759
929 509
319 265
284 534
953 943
980 929
193 736
524 34
362 65
780 180
286 107
504 237
293 280
603 181
205 248
280 762
817 857
593 220
656 803
844 985
956 298
880 806
498 598
741 45
1036 954
652 873
674 666
202 19
440 959
799 261
811 6
242 835
173 3
694 106
964 802
562 620
830 155
665 855
689 58
389 953
253 358
1000 674
1000 999
378 336
776 906
408 618
350 465
485 736
226 426
544 34
114 964
709 258
207 901
905 973
104 468
482 806
324 288
1060 212
654 252
363 775
166 664
739 184
763 742
167 256
300 611
752 274
1098 232
707 106
493 839
813 469
947 552
425 176
463 617
242 60
136 22
470 544
965 924
478 852
177 419
752 657
941 252
781 15
941 138
203 219
1095 274
428 76
969 428
298 601
378 764
568 276
196 580
650 991
875 859
620 469
197 794
981 623
435 201
263 720
727 180
962 545
1018 858
390 400
222 957
882 53
853 635
553 1
624 152
754 293
810 393
660 719
999 696
351 406
912 48
383 375
1039 321
575 629
318 85
728 24
502 721
130 840
653 226
389 310
829 433
856 415
633 232
247 245
963 676
801 362
230 384
737 300
411 767
711 425
721 128
306 938
563 959
285 434
748 764
675 150
1040 236
908 971
835 61
714 872
833 588
812 330
950 291
698 36
914 363
882 310
210 393
903 878
959 752
108 641
522 366
640 639
126 899
319 876
454 518
120 157
149 538
963 437
930 957
438 964
950 164
968 540
496 272
598 71
342 537
165 200
1011 826
511 901
901 303
460 491
487 541
765 835
911 390
712 377
680 639
507 493
117 686
780 84
130 520
438 378
714 979
669 260
230 939
647 53
686 137
367 751
795 486
891 859
928 990
174 593
172 591
435 859
191 566
639 361
869 443
614 273
293 988
294 222
698 258
343 534
593 49
303 787
583 265
282 774
640 293
667 627
1065 833
315 29
752 462
681 516
594 875
360 612
290 48
1081 821
947 299
229 802
286 616
445 360
702 790
534 497
287 549
442 660
335 549
390 455
859 160
509 928
776 711
854 827
317 860
119 611
1006 59
136 46
1036 425
380 453
919 68
261 541
979 665
805 123
689 582
623 158
633 560
1044 812
683 981
567 635
915 19
340 303
761 291
487 862
281 173
118 574
131 499
383 770
1051 413
1047 761
1008 748
286 213
362 230
350 381
643 914
188 506
145 366
1020 25
359 724
419 434
329 989
767 137
1054 493
923 578
301 68
303 865
606 134
358 938
928 325
810 709
131 826
798 937
958 495
675 278
121 892
921 623
655 601
1052 294
977 384
313 224
862 248
222 605
805 376
828 346
421 778
1063 679
204 320
1068 415
206 35
487 247
879 941
907 798
959 868
323 850
994 179
373 757
661 394
386 520
838 941
512 994
1050 897
827 649
613 249
808 763
589 990
1046 144
800 189
178 137
111 572
578 663
1049 619
269 542
446 893
170 645
314 95
492 932
965 574
1053 737
521 207
395 818
955 920
251 836
449 705
1060 405
591 957
178 722
1025 830
677 532
258 783
868 124
263 650
562 313
983 910
1045 976
304 642
137 545
718 867
573 880
775 754
214 701
608 934
140 540
362 946
645 139
248 959
909 103
835 436
270 191
1073 895
577 920
518 546
646 975
290 414
757 983
581 640
382 36
282 93
385 684
859 896
581 974
1053 632
494 70
233 813
887 934
367 759
940 615
304 376
777 831
203 395
886 698
628 476
446 602
700 119
589 657
868 989
318 462
331 709
312 579
819 341
733 114
527 76
410 779
870 786
781 930
159 314
836 219
921 126
223 731
557 499
155 299
328 667
111 438
978 464
645 630
157 41
192 190
732 430
321 552
596 74
669 341
361 254
725 834
1055 38
326 263
952 207
588 26
248 828
599 52
839 622
551 930
553 230
721 212
183 821
1064 964
300 357
285 797
583 7
584 11
1018 311
289 634
459 989
1006 762
854 537
880 994
466 151
202 545
153 963
671 889
237 364
580 112
332 245
1028 530
732 357
544 325
363 732
925 739
778 70
674 621
1001 36
892 643
1003 401
636 222
285 156
234 513
352 973
1009 961
636 959
541 244
405 294
636 88
103 711
1070 127
1064 155
449 945
989 18
349 442
573 503
245 551
297 934
346 306
726 706
419 766
657 42
743 115
967 50
665 647
349 478
914 292
1004 117
177 512
499 484
1033 425
678 528
481 919
1031 741
1019 259
171 123
126 261
510 51
118 813
372 177
644 999
270 666
427 445
794 400
177 874
211 501
864 955
283 193
464 558
1060 983
425 89
640 400
1050 538
611 793
252 645
621 568
1033 236
458 130
323 20
338 206
819 320
1028 442
113 798
283 131
722 445
638 631
144 669
857 259
834 594
317 428
266 665
1093 724
965 981
269 316
448 315
173 957
689 942
1099 55
1087 305
1072 499
999 731
108 863
787 850
594 897
281 351
871 801
614 638
849 678
644 690
1056 712
197 308
925 403
205 568
365 619
669 303
601 996
843 72
868 980
126 765
249 350
469 282
1040 104
558 160
933 728
365 123
667 564
501 343
565 27
268 400
345 788
148 818
897 647
790 948
486 832
947 448
748 165
115 293
644 223
582 310
1090 14
843 580
873 853
654 875
124 820
296 699
937 711
311 332
386 648
209 358
1062 199
928 268
659 538
893 292
258 115
356 684
804 547
640 566
612 652
1098 840
862 768
695 170
324 588
271 884
702 966
228 340
591 754
133 995
600 874
217 609
221 99
111 784
674 718
285 980
1099 958
259 553
511 977
877 296
487 295
408 655
1092 870
118 407
261 650
444 609
318 16
944 760
524 110
828 980
503 20
536 699
248 277
234 851
525 604
270 511
882 560
1085 606
727 512
762 715
480 889
333 366
1036 658
687 982
539 919
1043 990
256 591
368 802
682 244
1040 816
722 904
320 972
184 473
1047 84
727 375
142 1
297 419
581 842
285 496
239 895
216 253
806 353
668 325
739 355
110 432
169 291
983 455
316 241
887 725
233 397
353 266
805 595
482 620
490 621
403 674
474 219
1036 202
102 964
834 913
588 718
991 615
1061 135
379 931
984 76
645 851
854 623
846 958
606 303
333 623
104 9
886 656
244 664
814 621
257 141
303 870
661 763
466 245
315 207
873 929
974 271
857 202
353 839
882 62
426 362
575 799
787 258
322 57
904 395
104 30
272 393
970 190
918 806
194 725
709 21
879 350
439 534
943 887
633 91
490 770
742 531
361 519
309 199
924 171
698 709
598 364
282 366
187 621
455 448
105 987
468 187
236 415
367 449
554 944
354 397
137 969
856 503
608 960
286 920
469 712
535 797
556 617
645 974
348 746
893 310
196 95
1036 601
964 650
499 656
905 356
982 939
633 321
773 444
890 18
564 104
213 906
648 857
558 71
360 930
574 87
254 223
182 999
493 228
612 895
335 224
849 101
691 751
994 792
394 210
974 549
417 972
600 513
679 852
365 350
586 535
973 799
888 465
397 377
265 23
622 323
891 423
651 34
450 558
705 985
620 510
626 990
742 757
911 983
557 821
614 683
142 78
169 515
1008 237
366 687
427 471
467 714
1028 62
953 762
861 148
686 820
594 459
682 326
671 153
743 531
392 854
614 179
897 377
551 913
744 74
515 817
907 153
171 920
816 41
1005 997
1025 825
333 204
589 492
119 803
685 139
645 899
870 333
1055 851
267 218
649 438
511 252
168 789
529 955
308 759
856 886
163 251
596 196
975 795
409 907
884 113
247 946
343 155
512 704
343 73
316 631
612 412
895 430
904 810
351 754
831 791
897 727
613 73
810 83
850 305
507 535
893 808
617 652
932 587
699 501
666 291
1024 327
168 699
742 902
941 981
789 751
867 421
943 231
725 200
675 821
781 396
404 7
461 688
467 57
508 953
769 745
651 221
426 612
584 817
865 593
1027 678
527 592
683 345
865 700
473 92
719 763
966 577
803 92
409 611
493 829
132 943
920 185
1072 317
456 154
698 571
452 275
800 353
237 771
917 275
804 969
358 336
226 367
619 936
393 271
346 410
160 269
332 551
186 575
390 135
663 471
605 642
1077 873
483 956
494 579
779 785
332 20
802 324
1019 161
424 486
577 730
625 628
328 921
147 543
639 349
945 873
992 509
357 396
725 988
219 320
904 527
396 1
596 126
621 564
603 823
1073 736
726 506
628 708
321 731
246 937
761 729
1022 156
579 724
490 739
395 562
1032 910
730 539
896 901
256 842
829 951
182 213
251 9
223 183
1047 604
653 61
233 608
152 235
694 357
880 169
891 693
270 746
331 692
768 664
124 884
654 790
547 125
1065 360
744 306
924 589
1100 27
1007 868
255 965
205 528
1087 60
1047 87
103 942
749 343
237 637
1087 64
810 80
628 952
295 583
683 446
1089 794
160 872
516 839
878 639
113 548
506 842
445 737
1079 647
532 180
940 381
393 870
580 664
848 499
350 422
694 476
541 285
874 390
628 657
498 396
259 942
1047 340
502 549
1048 933
511 632
272 663
918 219
360 320
161 215
866 320
746 789
1090 51
792 218
907 156
617 579
951 546
612 972
310 217
464 347
841 340
819 325
515 864
892 684
908 809
593 81
377 87
440 21
606 846
117 55
133 340
533 921
197 370
1049 984
1014 407
782 317
554 307
873 760
952 963
490 400
898 372
665 947
903 363
758 796
466 78
511 881
1048 505
1041 47
777 667
193 841
394 379
713 727
199 627
447 207
554 497
848 812
804 299
159 673
274 620
313 114
1081 451
193 772
984 178
679 115
751 669
615 36
116 836
773 926
864 228
562 895
649 583
255 120
646 315
691 564
421 257
820 339
379 568
157 391
346 528
184 698
557 435
390 754
160 837
253 865
823 833
1010 109
626 180
178 843
465 4
808 377
870 803
405 830
1095 474
766 595
1009 567
369 588
721 449
470 606
192 664
127 874
711 990
160 397
230 9
503 611
122 809
382 147
353 451
566 608
497 424
401 406
799 988
625 344
659 811
303 578
514 848
684 763
615 592
545 647
814 549
359 267
658 46
357 637
1026 248
164 904
570 212
423 632
594 60
854 45
307 899
389 703
753 127
503 150
508 876
813 354
186 892
150 281
666 893
1022 255
740 360
843 925
681 938
1006 178
737 376
453 232
393 182
458 284
884 155
931 479
353 822
492 900
941 147
423 72
1092 71
295 140
873 78
896 155
189 166
1092 973
811 620
321 756
735 884
996 968
591 273
894 159
621 504
911 832
707 622
262 387
765 959
751 808
780 387
472 426
315 21
787 495
701 597
779 399
478 389
272 946
906 984
389 305
384 220
667 853
569 948
459 422
1011 337
786 838
159 865
610 650
757 60
223 203
259 368
734 671
344 361
198 733
402 45
844 163
400 183
633 394
790 445
846 512
328 277
1016 86
235 66
735 97
320 872
515 435
874 921
352 586
743 951
169 898
998 82
454 67
1024 636
914 612
814 552
263 742
824 677
188 900
977 273
777 15
871 330
347 169
913 959
668 535
215 613
260 747
403 713
251 491
622 855
1011 794
1005 635
303 132
682 699
1055 71
1090 200
743 313
659 973
245 803
477 241
972 243
211 477
761 558
943 183
465 904
108 3
608 454
184 1000
676 237
309 507
1075 512
851 874
549 125
802 574
462 178
128 38
548 600
1070 624
552 533
128 270
560 878
371 199
421 953
210 538
149 401
280 762
783 570
309 115
713 236
980 940
734 158
238 251
681 219
763 19
852 734
418 480
726 241
262 603
1014 78
801 68
1027 257
157 633
367 691
563 827
516 638
716 905
945 633
200 264
287 974
1094 704
693 76
492 239
663 935
620 411
254 410
981 478
946 451
606 263
752 114
102 590
498 804
466 369
1067 773
476 759
385 23
581 439
714 229
722 502
175 24
604 462
908 748
151 775
408 413
108 109
471 936
551 655
476 877
951 643
215 109
565 961
376 819
250 373
1049 600
873 727
155 411
658 21
966 179
222 199
133 655
1086 477
474 530
914 821
336 665
1026 447
496 805
595 292
183 226
563 883
1067 564
522 438
502 900
530 14
685 729
1038 910
193 786
381 530
1054 924
508 774
548 61
646 912
953 503
837 173
575 56
315 421
604 734
387 280
733 115
208 623
863 933
377 282
1047 808
170 976
1004 573
213 533
420 718
155 83
112 55
251 64
186 361
832 205
775 105
219 175
133 131
562 6
605 801
760 282
350 849
424 616
922 418
1098 808
129 180
1040 618
130 695
1055 554
270 820
128 867
921 904
550 233
935 785
145 630
931 796
773 393
331 628
236 881
944 504
670 584
442 502
251 359
471 261
587 915
466 714
444 222
196 661
853 508
218 412
315 615
690 304
491 389
543 125
591 87
436 529
834 295
991 311
194 494
204 850
677 733
728 365
391 887
985 256
492 871
940 32
801 919
961 21
830 70
884 844
580 941
603 674
835 332
1083 955
987 296
688 176
526 310
294 383
925 857
732 629
274 630
124 225
828 877
580 457
254 744
899 380
859 48
499 446
753 451
435 525
172 665
154 837
888 540
1026 52
297 141
887 490
378 692
411 277
979 812
918 222
582 131
470 99
582 994
334 255
1004 97
1026 162
252 909
1036 126
769 18
987 177
454 433
499 841
829 861
1048 55
596 30
262 796
140 749
457 186
1057 144
1063 285
1013 421
1002 579
919 829
256 939
123 915
175 731
1034 288
317 288
346 906
221 972
576 954
838 516
739 872
737 107
1061 705
325 559
942 525
582 976
170 808
1022 487
842 553
173 166
800 10
992 622
469 42
373 458
886 914
511 283
461 578
666 674
1077 903
882 825
584 752
805 855
682 721
392 790
815 26
131 174
771 342
267 131
565 438
713 313
674 654
393 948
283 789
784 725
525 262
710 182
818 859
506 447
947 524
587 132
425 379
613 103
684 139
1097 480
540 188
787 427
658 462
352 530
601 692
274 915
600 586
188 720
1054 494
277 163
240 952
571 420
390 869
968 245
1085 635
1088 977
170 190
960 931
735 792
176 645
365 313
876 547
993 851
673 587
930 97
249 693
166 93
664 373
144 778
554 817
889 257
190 573
1036 966
514 217
239 53
129 124
419 896
992 867
1002 8
268 708
447 412
927 446
967 870
532 11
760 736
176 244
1062 480
551 932
248 718
137 363
911 420
830 420
262 547
777 737
922 125
1031 866
985 726
743 235
142 188
273 869
571 974
907 48
191 275
976 400
276 848
230 174
102 798
244 104
848 981
113 140
298 783
726 161
201 731
460 979
1039 461
1084 782
132 679
746 915
461 679
548 308
1093 91
1007 170
145 354
651 480
976 851
429 197
969 134
203 320
869 675
565 210
363 549
152 929
633 504
794 629
442 811
1090 986
718 884
815 635
279 44
281 255
558 38
474 892
1073 271
394 468
379 270
363 435
