200 1857
482 485
257 326
286 248
517 421
404 322
713 795
45 43
924 845
873 955
160 252
1 9
838 901
40 122
58 94
676 738
627 574
766 715
862 882
405 367
923 984
379 299
461 433
612 682
133 72
813 874
97 138
908 856
165 145
996 995
623 529
220 199
298 277
157 97
723 719
144 242
48 107
129 122
148 70
35 98
644 600
632 645
272 267
1040 972
977 895
312 213
778 748
567 487
965 923
1 29
616 674
569 540
628 554
493 467
76 46
733 710
575 553
288 191
775 724
723 730
912 988
64 90
354 340
565 549
210 196
922 865
775 678
566 570
934 936
626 722
742 651
194 123
485 431
483 508
617 585
876 853
653 642
896 992
652 725
220 286
727 812
900 859
563 663
56 88
157 179
280 187
537 619
284 261
920 846
124 192
239 261
459 514
931 886
504 530
910 849
382 294
795 799
485 391
351 330
289 298
865 790
250 275
738 826
75 72
788 866
947 951
651 748
595 685
993 956
663 564
265 183
338 400
637 721
206 207
328 323
618 611
64 116
139 109
806 795
412 343
912 862
715 685
1 10
929 881
1025 984
410 403
273 360
507 449
450 541
174 272
882 877
427 359
787 707
355 308
734 770
1 30
248 208
397 311
159 100
874 939
449 422
857 785
286 370
976 989
908 969
103 143
1071 972
1 28
117 61
697 638
424 348
439 347
74 66
442 391
568 638
195 295
854 826
281 196
433 449
845 855
224 143
487 487
181 140
496 564
690 615
124 135
575 564
374 360
766 793
149 163
776 859
793 760
674 711
696 662
90 159
732 660
214 268
935 948
228 315
619 676
349 341
734 689
964 894
644 706
484 490
491 478
628 671
1009 932
944 899
315 237
92 187
554 472
757 772
88 98
952 906
818 911
628 635
316 225
818 823
255 164
432 343
892 900
559 109
486 752
1019 452
1043 608
754 176
273 199
966 878
91 190
764 291
555 372
705 395
26 615
614 74
432 913
300 696
819 948
890 45
407 261
929 339
121 943
928 472
679 318
1043 282
202 427
413 882
85 992
985 350
282 473
294 640
989 490
806 604
658 257
346 300
88 144
351 317
341 89
842 47
950 640
453 113
807 931
412 333
189 422
588 529
375 839
42 304
106 679
817 261
531 48
372 199
4 492
975 798
653 443
840 958
805 622
480 359
51 422
90 196
239 839
444 465
1068 965
753 389
422 823
75 847
514 681
243 770
925 715
377 895
479 879
261 116
245 429
138 354
393 786
111 486
911 476
529 602
389 75
719 490
995 59
369 431
545 499
945 798
858 638
478 90
294 14
584 149
1061 13
614 254
483 201
533 338
321 619
1029 679
48 591
219 344
191 563
262 347
640 313
193 513
282 88
92 338
551 280
353 730
673 944
470 854
676 886
75 699
661 557
554 962
642 750
322 83
138 642
239 922
175 401
204 714
501 333
823 966
842 28
742 10
687 234
633 154
98 903
389 158
177 928
296 99
514 526
158 317
42 237
414 555
211 883
72 685
613 708
311 618
327 204
40 828
673 76
688 732
423 114
561 491
707 679
213 746
773 987
653 894
1063 424
890 812
157 722
690 106
659 205
442 776
163 125
976 436
27 509
429 282
282 987
646 89
594 334
303 896
383 534
33 585
194 362
360 187
321 646
8 433
739 138
224 822
81 463
686 448
786 770
596 689
669 385
433 287
104 965
386 337
950 212
120 353
344 711
579 217
879 63
2 881
300 597
745 203
982 431
21 248
297 815
767 72
986 190
455 403
724 478
7 290
559 380
375 868
391 244
208 647
369 232
783 834
680 543
957 295
1030 216
609 462
74 350
193 569
