
5000 1114
94 485
506 326
416 248
992 421
649 322
237 795
457 43
815 845
446 955
422 252
791 9
359 901
667 122
598 94
7 738
544 574
334 715
766 882
994 367
893 984
633 299
131 433
428 682
700 72
617 874
874 138
720 856
419 145
794 995
196 529
997 199
116 277
908 97
539 719
707 242
569 107
537 122
931 70
726 98
487 600
772 645
513 267
81 972
943 895
58 213
303 748
764 487
536 923
724 29
789 674
479 540
142 554
339 467
641 46
196 710
494 553
66 191
824 724
208 730
711 988
800 90
314 340
289 549
401 196
466 865
689 678
833 570
225 936
244 722
849 651
113 123
379 431
361 508
65 585
486 853
686 642
286 992
889 725
24 286
491 812
891 859
90 663
181 88
214 179
17 187
472 619
418 261
419 846
356 192
682 261
306 514
201 886
385 530
952 849
500 294
194 799
737 391
324 330
992 298
224 790
260 275
97 826
210 72
649 866
919 951
63 748
958 685
804 956
518 564
428 183
537 400
346 721
153 207
971 323
662 611
197 116
91 109
529 795
126 343
747 862
469 685
770 10
934 881
723 984
895 403
568 360
172 449
958 541
383 272
308 877
970 359
583 707
48 308
930 770
569 30
3 208
20 311
609 100
887 939
825 422
930 785
904 370
241 989
379 969
376 143
962 972
889 28
443 61
216 638
338 348
160 347
406 66
159 391
31 638
204 295
420 826
153 196
425 449
331 855
565 143
838 487
9 140
918 564
533 615
232 135
957 564
591 360
576 793
746 163
377 859
858 760
86 711
434 662
558 159
279 660
840 268
735 948
574 315
126 676
912 341
739 689
821 894
625 706
917 490
201 478
993 671
149 932
52 899
759 237
267 187
256 472
783 772
117 98
516 906
180 911
25 635
380 225
712 823
266 164
216 343
448 732
541 502
664 740
954 576
726 612
772 902
531 454
943 411
750 973
327 703
917 850
5 77
113 220
913 802
791 403
998 181
859 10
345 525
431 919
675 668
833 527
438 462
523 291
916 605
420 457
115 405
660 417
261 279
772 685
388 596
764 307
843 224
206 322
407 840
639 975
852 401
542 91
60 327
757 330
82 182
637 603
93 793
614 615
136 733
187 864
102 16
972 863
163 987
501 306
477 34
492 840
121 700
80 706
138 787
660 105
229 834
827 798
448 310
230 609
832 690
489 561
586 579
291 60
665 388
660 309
702 407
153 200
606 313
123 970
253 33
709 273
832 277
108 997
888 40
481 227
283 860
858 940
284 608
711 990
850 590
239 806
943 52
195 801
95 764
410 710
664 386
900 593
112 50
963 494
754 156
458 936
19 965
225 86
569 723
97 184
194 868
754 340
602 412
61 487
695 209
347 346
719 860
100 307
97 95
843 821
745 941
286 821
492 587
116 201
531 665
424 527
253 812
426 424
413 459
980 343
291 836
833 506
486 179
9 916
575 430
922 596
145 808
897 269
404 512
742 811
728 685
269 567
103 776
745 855
35 718
779 853
71 97
80 146
842 746
128 15
941 965
227 512
30 480
342 958
605 665
531 191
364 964
359 515
867 606
820 822
313 536
207 693
911 19
308 335
430 101
685 922
641 294
113 910
141 410
690 250
700 546
559 729
481 609
503 720
766 976
7 759
882 798
859 74
182 648
425 299
542 785
683 846
853 390
938 897
89 416
624 837
181 247
878 293
933 144
580 938
252 467
207 480
658 955
20 665
954 26
347 564
759 449
446 26
14 521
657 301
710 321
980 613
188 388
636 879
203 990
432 188
129 963
630 820
509 300
237 822
373 255
838 277
395 153
692 400
103 227
218 518
384 447
931 315
396 813
389 324
640 502
287 299
297 780
977 376
512 516
219 212
555 329
398 810
289 486
798 485
598 416
49 952
572 894
697 358
770 21
725 647
542 44
214 683
887 361
45 814
94 231
282 8
82 165
319 496
626 699
146 852
541 459
874 535
725 314
777 944
554 306
208 459
787 637
976 447
912 408
444 107
3 962
301 565
164 407
437 857
652 317
764 98
41 818
737 600
176 288
136 902
128 567
394 190
235 749
42 908
824 276
684 748
979 592
568 393
367 363
52 163
642 983
335 179
126 16
130 478
583 259
129 868
752 295
167 596
856 71
640 622
770 864
431 644
195 5
448 365
701 429
952 64
880 854
168 770
79 88
961 157
472 368
217 421
709 719
147 271
296 975
909 816
764 962
251 535
878 438
753 696
570 881
253 318
666 45
931 52
433 496
810 313
678 138
123 334
212 988
66 508
206 770
750 751
64 780
466 441
337 207
510 516
796 674
175 408
437 920
938 573
848 634
561 878
718 990
948 826
649 696
569 800
663 411
582 422
843 707
202 334
702 986
579 494
725 150
803 562
340 380
156 832
832 979
602 376
234 511
688 414
184 160
978 982
413 238
633 490
585 899
606 251
963 526
350 897
242 39
539 657
739 452
267 538
165 831
177 460
720 185
802 934
644 440
82 490
798 168
197 71
173 977
81 458
235 204
112 803
103 139
268 399
879 420
643 991
106 578
122 972
444 177
262 398
691 348
997 496
446 276
171 825
549 614
281 121
211 730
112 341
408 284
730 698
363 17
89 546
605 672
938 974
168 866
705 377
47 559
400 340
215 527
114 779
51 761
881 483
549 92
679 390
328 583
250 661
203 391
481 336
752 661
707 125
82 89
63 275
660 359
21 178
287 780
219 42
500 5
820 380
95 772
44 816
748 9
678 484
276 545
478 589
663 157
594 901
757 777
947 74
448 247
570 55
313 479
981 785
795 958
552 680
389 393
280 944
864 596
636 619
512 611
892 852
184 283
947 299
614 766
625 312
149 826
377 726
474 733
18 805
662 679
416 403
1 964
530 337
752 541
22 478
981 369
777 946
957 821
275 833
584 837
582 490
121 37
951 594
668 129
118 258
319 246
896 362
521 755
948 504
248 71
474 177
351 176
54 803
155 237
660 677
871 33
486 115
294 597
425 769
245 536
382 956
371 341
708 184
544 234
794 569
387 216
738 537
520 84
281 810
502 657
91 33
503 159
924 520
16 668
33 287
344 229
349 374
606 474
896 672
595 915
441 511
102 123
52 569
654 199
710 396
434 715
245 59
36 610
661 917
413 927
13 270
370 117
400 516
195 215
984 216
476 237
164 615
405 499
674 477
196 760
608 285
907 56
532 966
51 622
716 221
327 194
880 91
710 347
267 252
400 473
376 516
609 385
320 357
196 958
538 665
935 792
404 64
100 420
126 671
855 968
94 877
731 177
253 523
8 139
393 152
543 732
348 246
318 565
489 740
22 902
998 17
49 973
381 298
10 611
429 32
221 11
150 337
717 136
530 889
332 522
942 805
565 28
216 931
61 757
170 609
872 544
644 905
208 595
680 246
697 113
639 175
679 156
961 244
361 883
802 265
359 883
839 462
718 485
280 272
252 204
280 984
102 409
615 398
296 909
481 370
956 882
230 214
259 766
922 35
706 421
272 271
156 370
552 848
485 50
536 976
70 270
902 796
452 963
35 379
947 991
378 551
57 897
352 307
669 421
702 74
141 388
458 559
463 980
756 615
887 681
332 231
528 207
656 818
254 331
787 979
495 445
370 348
10 724
200 401
327 646
17 668
374 242
755 302
980 861
376 830
8 77
32 441
460 589
804 990
23 189
869 868
943 996
715 363
628 237
73 420
199 565
38 214
209 333
327 726
912 175
799 58
372 625
976 66
120 169
667 475
188 204
28 90
704 496
649 1
746 474
697 449
712 252
289 332
625 287
953 189
462 889
302 63
79 378
41 206
823 897
908 230
665 382
36 575
732 60
809 529
66 477
291 290
591 89
583 961
252 461
479 702
530 532
224 680
788 53
309 642
366 1000
352 891
402 822
545 152
113 324
967 633
454 267
723 381
14 272
20 506
308 419
644 461
713 526
482 978
336 468
289 729
496 795
326 581
530 383
167 226
522 421
830 386
91 273
116 484
747 676
395 107
958 229
756 902
262 962
703 105
511 84
481 991
449 701
888 689
599 655
306 600
492 538
803 499
445 881
316 981
889 473
785 383
765 679
491 573
589 589
124 480
741 145
898 624
725 923
682 915
131 232
398 974
906 735
753 678
312 640
790 644
301 212
945 123
447 253
197 943
27 18
573 916
589 327
934 640
209 615
529 470
899 655
15 288
592 401
92 840
575 633
814 707
354 424
127 682
374 194
566 855
594 190
973 728
645 178
603 275
712 88
32 367
298 544
561 738
906 963
626 460
143 266
504 727
836 33
361 442
431 628
554 384
24 244
416 482
735 765
243 446
454 247
932 913
494 560
648 528
357 594
596 935
788 462
536 621
759 660
200 564
566 302
741 936
217 592
219 724
832 118
819 299
487 251
473 129
241 96
64 167
516 169
857 381
218 976
490 767
504 837
707 407
342 203
475 387
175 735
786 706
171 335
232 40
888 821
866 131
976 159
253 978
619 53
642 849
460 478
218 19
218 230
667 453
949 336
89 931
488 588
568 449
526 566
860 272
4 883
772 731
734 80
259 213
270 177
6 872
424 626
204 940
313 150
159 379
205 833
25 517
951 724
721 973
635 581
293 839
712 272
410 412
465 839
366 492
74 553
23 718
416 738
764 839
49 390
817 588
507 523
152 630
256 770
562 746
495 49
414 369
78 537
912 115
59 215
259 971
258 602
841 551
137 40
590 494
383 252
869 158
939 72
282 177
880 667
479 483
454 815
730 19
556 745
195 339
409 614
580 302
99 319
913 670
798 513
318 566
790 27
344 322
80 645
468 210
922 841
179 925
347 521
231 975
597 269
607 929
903 478
310 970
223 684
10 231
845 673
905 348
58 232
93 727
759 597
912 397
906 539
43 907
76 892
552 699
670 408
671 361
353 789
837 529
12 190
889 880
912 236
377 715
56 718
585 439
852 814
715 902
421 658
330 410
51 412
840 90
697 678
848 951
826 37
198 593
341 737
274 211
740 134
339 847
875 490
400 95
603 435
474 737
126 860
973 310
973 548
581 984
788 660
629 86
799 635
475 941
959 56
80 372
917 650
91 964
783 735
773 682
712 151
655 283
953 773
279 643
701 898
706 817
147 269
355 731
100 507
498 841
261 207
591 752
630 318
374 126
960 153
917 101
406 560
759 743
618 816
981 980
641 1
131 82
920 886
534 377
453 465
397 753
51 842
301 547
197 580
910 754
211 37
851 548
42 896
919 656
30 537
674 78
979 540
764 597
937 314
656 845
590 361
337 930
997 654
643 841
652 810
632 98
827 814
659 898
56 237
97 236
304 397
771 468
680 160
344 168
561 189
632 123
666 783
235 991
71 775
327 565
824 906
1 604
948 233
851 693
780 209
603 279
380 231
84 675
684 370
757 814
605 276
304 238
358 710
294 931
742 879
37 492
4 81
707 347
131 417
660 582
89 801
455 195
303 403
680 247
970 356
934 627
951 858
404 803
446 236
349 572
93 485
672 586
158 748
772 235
891 859
532 788
621 345
347 861
227 342
555 779
16 595
303 963
941 260
833 366
190 835
622 733
345 834
893 442
192 773
430 880
160 873
767 793
170 173
810 402
318 60
690 628
224 19
52 146
411 685
203 138
785 593
219 202
61 500
919 89
191 433
711 63
294 514
937 865
253 393
103 269
316 111
625 614
639 272
641 973
139 609
45 236
316 496
218 24
293 871
747 227
879 420
633 850
10 127
356 170
665 224
536 722
823 189
603 597
392 286
258 22
771 957
820 536
139 221
566 281
229 238
325 531
804 449
786 735
983 670
847 646
388 272
632 605
253 394
405 508
137 537
283 955
678 477
659 969
706 692
786 963
313 829
143 638
713 206
244 185
489 187
844 129
896 300
602 114
210 305
930 199
692 916
457 839
241 899
950 452
229 185
212 561
222 848
32 191
747 830
869 860
245 873
575 649
818 591
204 974
584 974
822 452
198 397
942 350
942 597
899 13
375 392
327 343
479 756
66 387
950 924
464 188
286 68
573 552
294 166
137 435
557 14
423 797
427 254
95 300
715 431
403 367
453 197
735 233
1 149
145 62
782 38
848 69
456 425
490 810
679 878
461 503
844 308
70 798
599 437
888 798
395 36
733 583
795 412
368 195
94 878
114 388
46 438
795 532
583 3
321 268
714 417
332 277
257 229
906 445
301 380
277 974
651 248
218 433
109 1000
558 874
388 939
121 760
372 473
228 811
208 766
326 306
572 556
50 521
753 364
77 460
266 136
227 458
502 784
337 648
31 783
629 960
215 137
353 591
274 875
343 440
758 263
838 40
478 835
595 943
255 749
331 263
362 597
84 5
16 999
459 161
220 35
16 891
865 459
719 996
292 592
175 54
461 985
301 401
759 298
715 459
207 77
129 611
681 159
261 467
893 737
399 895
377 49
189 382
360 285
14 388
728 972
314 265
225 729
534 810
914 973
94 818
549 295
674 532
434 58
211 736
986 187
863 896
802 998
279 997
31 476
810 259
968 475
187 494
791 130
190 151
410 639
592 855
886 480
875 478
763 386
352 672
58 361
815 894
562 460
571 148
322 660
465 628
418 329
198 975
554 1
656 507
108 750
453 109
909 915
576 700
646 75
114 896
313 229
692 85
759 144
643 536
462 919
860 516
904 473
959 25
663 25
209 611
564 44
233 722
478 980
716 563
616 672
107 914
979 541
466 882
971 142
76 259
886 35
498 543
150 689
442 721
136 142
36 530
37 503
344 450
550 248
355 599
980 919
473 636
957 181
324 873
859 154
570 427
294 604
260 313
674 363
339 594
259 813
382 829
660 49
430 791
760 554
682 499
664 226
358 345
114 432
142 758
19 64
753 843
163 637
121 941
94 965
398 448
587 857
98 968
142 351
303 758
968 351
533 980
982 662
568 357
519 914
277 548
622 723
517 23
720 170
635 351
55 113
263 783
285 766
189 527
628 206
7 644
290 258
655 861
387 728
641 69
742 128
741 392
793 145
802 51
897 112
262 253
193 340
882 932
131 817
482 965
573 480
443 724
203 839
965 500
75 746
807 811
805 373
513 605
472 252
797 172
690 394
295 177
784 98
532 377
155 486
110 855
884 290
173 130
78 355
714 842
633 233
477 101
119 686
718 736
15 930
472 700
328 69
793 607
199 879
999 916
177 960
525 408
948 679
498 138
495 185
890 782
906 49
334 453
385 630
399 429
338 853
520 545
829 651
481 765
99 159
680 1000
87 179
802 717
890 885
839 32
339 838
883 186
67 470
544 185
357 921
457 376
444 986
642 934
152 171
59 645
616 46
59 681
987 43
353 234
530 103
958 496
613 389
838 931
85 579
86 132
569 908
479 772
683 677
400 343
370 703
882 139
146 344
116 387
760 909
407 539
447 304
388 655
41 378
658 92
119 862
28 411
457 362
198 397
17 290
432 152
321 611
427 173
205 137
344 946
563 365
304 475
47 982
694 920
91 802
961 66
644 778
109 744
959 464
969 313
42 341
108 685
648 331
49 85
228 676
929 91
527 534
967 166
316 51
582 966
840 841
575 625
503 114
911 16
305 113
989 826
836 506
369 738
587 564
232 455
452 735
900 264
952 548
81 738
995 853
562 575
739 569
705 365
5 620
557 264
490 193
294 21
361 373
900 84
47 250
205 288
145 132
846 151
658 419
849 521
680 974
148 655
96 648
210 737
690 298
19 187
831 981
679 965
726 954
528 166
15 248
564 636
847 560
721 563
9 24
700 896
446 803
858 16
699 274
271 714
977 449
533 229
154 280
756 423
871 868
912 124
727 970
968 231
569 935
163 808
618 23
685 210
650 88
807 151
393 770
276 555
304 613
911 866
233 223
42 303
400 305
162 306
51 900
734 964
933 397
366 898
16 59
177 628
360 225
742 537
725 612
868 633
489 314
501 478
632 981
365 904
196 819
496 108
744 179
145 152
501 598
880 349
248 80
683 762
500 314
389 513
620 205
91 584
721 652
859 894
665 198
416 143
481 671
320 302
865 611
126 631
757 526
963 526
781 403
240 231
330 830
518 283
824 864
935 755
51 159
309 220
18 447
863 800
1 833
749 805
658 791
577 412
579 857
509 408
154 895
923 360
397 827
687 971
959 961
617 519
637 335
623 238
174 883
775 222
608 886
306 708
1000 475
957 876
641 123
472 127
726 384
305 745
714 284
643 429
708 685
631 512
489 503
829 599
746 983
732 462
732 992
669 270
422 491
54 282
900 831
682 167
666 115
957 661
109 564
454 934
964 608
933 513
140 53
195 659
24 646
657 164
231 763
169 825
128 949
537 355
264 811
46 164
4 851
900 289
802 392
68 224
450 460
126 903
58 347
398 638
486 101
451 587
335 797
162 881
106 210
745 243
969 969
432 298
159 253
634 593
565 453
16 657
610 72
503 222
511 319
752 61
55 694
469 384
829 801
692 136
177 536
211 958
499 647
115 526
984 28
818 904
233 509
424 884
976 565
371 601
406 323
334 522
784 192
676 103
168 451
427 867
432 602
531 783
337 311
677 994
537 172
1000 51
379 389
103 237
785 721
943 597
412 492
572 331
828 380
771 259
939 726
594 55
19 501
500 459
376 790
689 4
776 634
474 117
575 601
953 808
143 544
510 542
221 590
615 827
599 817
567 617
545 32
727 879
558 692
307 685
564 88
331 911
568 546
881 580
649 997
746 937
393 988
237 351
517 661
521 630
213 360
820 908
199 203
813 479
14 251
803 162
448 905
207 167
86 862
123 369
220 181
158 765
944 251
424 909
311 645
399 568
59 847
253 538
233 540
312 99
790 423
849 246
202 165
552 544
653 52
788 131
893 372
113 471
498 625
442 684
929 378
86 534
12 73
318 540
258 671
524 127
579 412
424 972
468 823
364 663
81 784
399 588
896 496
151 170
626 153
367 199
837 152
640 258
124 283
572 289
408 608
358 463
895 180
884 329
523 221
438 294
278 125
25 625
729 427
996 796
956 151
188 867
519 122
35 370
311 840
195 115
829 875
784 912
904 85
99 969
443 714
738 971
713 743
109 198
388 635
836 41
261 640
693 731
453 222
489 536
514 165
70 311
334 124
711 773
634 923
135 280
271 257
452 961
669 267
128 238
284 810
524 171
143 288
989 389
994 566
280 74
392 813
473 49
231 175
895 754
943 457
548 897
677 512
840 68
358 236
541 574
758 893
542 615
689 857
16 538
721 72
618 292
958 916
265 804
547 656
252 379
605 67
263 280
735 361
178 984
416 271
441 489
398 256
7 882
4 225
27 529
639 510
413 1000
502 191
226 813
327 898
170 420
711 470
123 619
946 377
623 465
312 887
736 764
8 55
915 727
22 844
650 644
831 181
508 171
534 545
415 439
896 547
982 417
193 205
389 500
801 332
337 820
489 416
733 243
271 854
942 66
954 236
48 568
919 969
394 706
881 295
917 167
375 773
10 279
448 661
128 727
530 838
541 404
311 743
316 234
473 529
381 191
652 832
2 537
137 366
349 880
100 940
663 745
67 37
443 672
295 809
217 682
911 979
359 300
855 511
298 732
616 868
330 618
160 769
803 186
50 584
208 832
585 716
530 472
951 272
654 498
986 365
812 583
805 479
699 898
500 133
643 646
544 915
970 55
987 213
888 623
646 875
398 513
510 356
625 586
694 16
933 984
493 422
20 354
104 214
230 890
962 212
50 27
351 769
498 835
864 232
228 254
713 642
77 476
407 919
497 912
269 754
29 734
197 967
398 41
747 259
386 926
125 840
411 544
359 908
844 225
580 69
108 121
838 523
408 678
814 593
421 665
999 314
507 992
557 596
645 358
571 524
532 163
426 942
387 537
230 182
246 204
537 208
716 653
563 848
947 532
633 103
834 871
938 932
329 507
481 986
957 613
405 323
689 590
332 377
686 905
989 932
650 474
93 606
119 389
282 671
450 360
3 845
324 646
544 99
957 609
734 501
268 764
699 598
171 242
151 390
279 61
891 259
142 519
380 826
353 942
711 282
929 896
609 982
61 276
398 301
385 952
631 856
859 428
225 255
207 723
328 280
971 937
547 37
628 901
848 456
543 996
864 590
228 455
85 510
668 667
936 829
755 51
832 383
928 340
85 915
242 797
786 547
845 1000
480 335
250 785
247 797
188 299
415 343
495 281
149 282
755 264
850 78
14 134
661 126
223 862
649 190
790 340
761 724
418 271
959 701
627 464
668 405
429 230
698 153
486 923
309 813
734 686
751 925
389 21
339 58
572 295
2 900
873 956
257 86
965 346
412 427
546 221
435 202
886 417
378 424
805 943
927 883
587 290
333 47
622 269
685 775
249 379
668 121
885 362
7 534
371 828
899 388
549 908
305 394
66 282
118 432
920 443
297 737
427 584
422 206
244 328
271 848
533 805
2 337
624 488
222 519
335 362
575 230
415 393
617 353
758 275
265 845
187 377
174 202
220 971
311 431
82 508
270 825
682 226
946 719
637 540
962 973
102 480
677 347
139 536
647 842
877 640
766 211
578 687
619 579
922 168
35 678
758 244
229 479
516 749
902 49
559 177
368 805
308 345
625 569
55 926
912 273
60 743
882 885
769 816
594 151
304 75
632 863
755 636
600 645
424 859
91 817
412 355
971 930
588 850
759 282
550 549
134 115
710 394
113 465
356 153
985 650
339 615
992 846
725 184
955 15
961 304
156 437
63 943
631 929
770 535
546 388
988 523
999 515
88 45
870 657
248 748
667 49
302 369
344 374
536 140
195 282
477 816
655 463
187 527
384 533
955 747
720 921
709 699
31 318
853 854
15 938
999 663
941 360
158 188
979 685
736 709
683 825
437 150
614 332
382 577
731 739
699 755
883 614
693 497
904 519
650 439
598 960
694 644
962 761
718 310
719 654
464 973
599 641
727 551
694 465
139 624
315 214
437 435
992 383
304 449
72 354
554 628
712 855
585 25
702 34
251 561
158 68
894 914
756 333
591 294
587 768
86 448
564 698
85 742
122 32
993 671
42 716
98 83
137 163
389 953
205 671
640 657
357 748
541 799
629 289
712 248
425 30
147 749
722 740
105 353
999 644
382 808
859 72
213 422
260 376
60 952
908 883
698 707
664 619
89 664
854 866
663 161
963 894
614 707
914 143
146 607
105 321
411 87
830 899
160 65
686 162
212 651
14 458
845 579
979 203
158 281
939 108
527 429
718 782
675 86
935 863
239 750
317 250
458 311
623 320
615 337
412 21
431 596
639 993
180 997
857 961
640 807
497 881
557 127
398 985
670 523
262 617
425 47
175 994
832 614
850 259
149 986
207 564
651 1
603 787
867 204
295 993
444 156
987 87
820 579
879 226
99 709
25 177
535 985
450 951
985 32
611 801
406 800
54 61
530 701
343 61
967 429
57 695
988 230
981 42
233 487
717 527
950 112
726 249
994 334
524 75
985 599
991 525
783 510
835 826
666 100
526 721
580 843
443 374
165 48
531 285
879 645
667 938
595 888
744 527
1 579
55 779
588 680
865 716
508 977
436 417
37 850
381 974
197 972
376 524
107 902
170 156
363 225
926 344
894 737
52 615
214 292
760 451
934 648
494 529
760 773
691 724
817 699
374 422
439 73
566 700
954 956
717 500
392 481
602 910
163 135
20 52
397 804
834 31
68 850
184 32
952 581
316 520
768 556
423 309
277 441
111 57
543 455
552 488
379 695
387 518
110 679
671 290
811 111
75 83
728 42
149 926
47 462
5 201
712 167
283 143
532 78
480 849
36 305
752 517
768 168
756 101
283 43
478 174
195 203
405 51
151 644
377 358
282 523
720 387
524 978
175 89
799 421
156 814
182 48
504 926
418 319
298 87
486 705
918 483
226 618
749 475
366 756
934 773
388 753
514 370
607 360
53 815
707 609
433 405
218 607
868 495
661 233
289 72
356 388
812 110
548 545
959 391
271 574
50 742
810 76
23 362
847 781
595 163
955 447
633 386
170 426
873 357
246 97
157 443
495 456
867 170
108 739
383 818
679 991
328 829
719 456
59 590
327 237
589 748
740 803
185 321
499 685
713 387
825 901
306 118
292 202
672 283
831 333
896 122
491 241
389 551
192 816
361 660
995 436
445 435
89 865
69 438
858 660
770 13
865 727
659 99
831 204
422 494
832 763
927 529
421 666
827 312
552 824
503 239
687 967
897 446
695 668
56 677
945 755
600 208
162 491
325 152
429 756
913 358
971 585
128 876
163 293
416 322
860 550
655 530
335 201
36 713
825 240
143 282
190 975
277 432
426 39
980 719
784 4
269 80
469 874
799 568
615 887
735 667
456 644
805 258
646 717
539 199
860 371
71 704
411 531
15 576
754 733
964 477
942 50
62 295
930 50
71 223
679 578
5 351
478 87
191 435
378 1
304 764
852 287
161 53
830 779
705 860
601 241
912 599
513 929
153 15
245 935
678 558
229 203
93 913
669 698
471 514
558 529
561 356
932 904
532 75
538 235
400 560
976 688
877 959
879 678
993 685
203 283
182 233
599 687
851 661
87 746
474 337
358 775
626 100
280 748
859 168
722 143
238 801
678 830
559 986
834 451
59 876
624 906
796 523
296 257
867 64
761 787
740 108
382 392
773 640
885 845
49 862
708 659
73 291
812 655
914 100
216 429
562 745
14 978
475 498
227 525
418 237
494 192
577 993
786 233
120 451
383 312
699 210
395 476
317 897
105 710
410 680
675 849
953 591
532 397
321 889
406 807
779 112
66 726
565 675
519 485
854 113
521 896
229 536
866 524
596 983
95 504
938 92
897 42
455 179
460 511
480 651
620 83
34 54
594 881
923 422
151 488
348 663
704 858
970 380
343 825
692 234
58 928
799 419
389 660
389 696
978 606
653 982
417 310
483 987
522 780
680 349
607 182
452 200
623 529
880 162
5 6
872 477
583 756
453 776
122 331
9 882
819 220
691 964
632 130
715 138
829 252
56 78
59 179
28 464
859 195
145 446
160 967
453 164
866 917
400 465
622 315
830 557
859 701
152 970
359 125
221 887
872 245
646 347
663 115
711 836
271 538
530 572
44 513
573 684
550 450
955 512
268 1
937 799
117 295
294 805
105 866
29 526
86 818
656 137
352 275
914 487
712 298
150 719
388 590
142 736
47 813
28 410
567 176
76 273
989 643
794 487
618 805
768 532
732 944
504 821
520 254
8 366
825 961
803 621
550 796
531 597
810 43
381 667
589 363
853 985
424 296
440 893
382 378
801 397
686 475
427 449
124 431
93 444
167 352
259 184
237 262
313 686
211 167
899 239
9 824
63 658
738 272
484 979
777 237
964 267
678 750
285 794
784 244
949 166
117 814
467 358
853 496
635 319
893 454
281 906
375 970
239 697
782 928
497 396
671 531
798 205
699 6
585 395
665 617
277 439
112 629
831 241
202 734
877 989
973 684
501 416
283 742
520 969
641 476
181 622
620 703
137 188
23 551
844 954
993 672
472 363
260 434
931 694
176 188
931 548
358 789
745 853
769 454
198 983
734 319
858 660
500 244
907 390
758 740
34 322
598 238
578 911
684 945
378 121
251 678
370 734
29 220
842 660
909 368
181 774
98 638
684 497
395 248
216 367
781 538
199 359
618 112
183 286
956 789
817 46
576 641
165 17
973 149
451 19
451 742
130 538
424 972
953 363
381 150
706 289
16 709
215 516
51 1
436 124
441 419
540 401
33 632
888 201
843 934
386 860
79 950
272 736
573 983
347 916
694 571
511 507
330 408
477 807
523 917
876 710
191 590
935 830
251 446
56 273
210 649
473 125
285 963
75 827
900 280
591 241
555 457
458 606
959 240
215 570
328 208
108 992
401 755
213 184
530 146
823 205
599 819
773 488
57 490
359 831
58 958
865 478
190 158
472 344
845 824
190 962
204 910
694 484
716 134
732 389
418 397
547 290
5 695
986 258
175 893
561 817
146 539
149 959
884 21
451 317
957 237
385 75
789 36
768 625
91 827
54 904
96 908
624 595
713 730
396 223
491 705
196 789
153 996
39 928
97 50
177 424
781 443
955 961
830 180
877 600
506 941
88 556
630 644
24 901
727 360
766 427
889 387
12 517
451 636
786 709
962 497
581 557
545 302
279 216
754 420
178 743
351 833
133 918
225 719
113 235
962 980
830 194
750 806
398 184
707 720
571 626
681 510
972 728
788 793
586 652
487 359
993 937
483 714
187 402
582 547
678 409
406 715
318 432
36 190
533 535
317 356
350 259
179 477
513 943
147 537
200 641
616 449
368 699
325 893
268 845
119 787
316 916
520 601
586 537
944 983
629 872
662 236
358 43
837 907
896 931
418 585
997 27
513 886
267 216
438 158
949 681
905 11
550 895
884 209
840 57
414 413
138 607
362 483
473 24
473 114
29 450
891 382
556 525
157 779
724 413
381 608
554 683
41 879
600 870
509 816
130 699
499 653
233 630
228 509
169 948
533 856
973 791
157 716
522 693
210 58
929 269
284 168
614 46
801 564
126 782
864 233
885 5
169 1
957 516
345 872
115 996
107 248
427 447
746 711
883 325
139 849
789 220
519 362
55 560
943 796
84 859
208 722
341 529
53 127
2 986
308 486
346 725
513 39
875 341
670 50
587 74
300 283
429 759
747 362
407 84
709 109
151 488
937 325
854 212
316 738
101 742
594 844
612 585
945 335
986 509
918 185
430 905
257 124
283 874
284 299
979 445
353 346
259 745
241 582
467 514
688 790
393 628
30 997
483 549
209 461
498 108
950 946
447 412
222 192
605 279
205 145
294 537
710 479
50 458
465 202
122 775
367 999
874 23
805 374
156 421
59 566
242 870
169 367
3 576
735 835
735 732
530 618
486 714
527 936
506 280
152 389
61 527
875 426
652 355
762 939
779 308
621 341
931 717
435 869
550 137
352 18
19 653
144 888
69 917
370 474
318 647
368 907
712 326
386 417
932 764
754 607
76 320
178 566
930 704
625 359
28 346
869 343
911 829
923 319
688 983
458 783
954 42
413 743
697 648
414 274
621 71
168 119
242 124
166 709
316 992
991 442
640 49
778 640
950 856
174 237
691 970
26 829
714 965
532 142
898 489
381 920
963 784
513 927
674 27
172 926
789 867
624 90
920 81
795 704
685 530
174 324
985 203
848 975
475 685
936 716
201 492
914 647
683 98
936 962
744 739
914 6
647 84
553 826
350 757
157 83
14 33
366 632
192 46
103 433
128 693
486 108
696 727
944 571
912 545
986 997
744 238
923 247
912 600
757 23
263 275
154 317
639 190
11 335
482 318
59 207
6 817
498 667
75 44
549 400
686 154
123 420
766 809
619 511
747 50
521 5
70 493
495 35
523 351
384 803
844 689
216 469
1000 814
631 612
104 977
468 675
705 16
358 954
285 817
686 737
492 791
832 375
417 97
736 855
55 575
650 544
610 242
849 968
73 375
129 396
961 272
17 318
478 143
351 852
794 176
887 929
944 154
935 986
426 377
890 927
334 899
356 283
183 596
372 458
8 377
29 671
555 22
847 199
432 844
44 269
137 811
132 723
298 151
689 298
166 986
919 790
396 750
179 24
608 629
92 745
294 671
367 208
594 727
580 521
947 499
278 171
246 621
328 771
878 915
155 562
320 592
244 872
381 900
474 611
409 967
141 928
969 229
466 557
794 599
43 704
3 334
371 120
524 380
191 838
584 9
448 215
150 463
894 553
766 570
318 439
86 623
99 203
76 240
763 407
30 42
384 968
325 307
671 544
928 731
845 879
293 590
341 684
178 586
663 917
2 900
691 201
235 346
138 926
995 92
821 461
795 947
439 238
508 94
709 480
862 286
910 241
752 605
798 591
985 255
868 73
221 148
163 429
563 274
158 46
883 715
717 833
781 1000
676 396
165 722
346 660
546 360
959 682
77 154
422 698
983 777
810 511
643 745
197 422
699 500
259 221
327 467
894 776
472 740
987 88
994 483
209 264
776 750
234 797
673 818
953 681
928 283
179 277
401 172
531 89
911 43
686 73
171 960
109 829
567 802
408 645
465 262
423 311
283 21
388 143
879 440
100 649
119 219
773 286
10 947
298 1
955 677
105 229
908 597
957 637
416 512
95 911
997 902
927 886
840 719
169 362
987 529
587 182
465 315
259 398
371 193
877 475
75 53
585 629
829 950
251 308
277 184
876 10
771 104
142 480
187 641
733 540
561 56
537 236
50 432
192 642
6 547
656 867
610 662
978 149
394 136
106 269
483 7
891 251
205 599
928 634
368 543
260 80
550 873
963 806
454 774
978 892
73 68
705 725
981 766
873 722
175 790
751 485
245 929
88 564
122 503
184 696
170 957
531 290
461 345
644 993
393 898
3 2
239 537
345 788
872 615
784 70
905 341
582 56
657 194
936 195
459 837
634 62
862 175
524 14
442 779
873 752
294 517
145 382
645 829
830 917
790 703
620 351
42 176
994 529
633 222
693 219
677 260
715 351
328 505
276 504
554 132
829 824
602 518
799 334
253 660
324 979
477 896
905 815
561 515
55 413
402 377
660 720
181 584
759 120
204 158
632 396
56 399
765 813
73 168
857 645
341 595
446 723
631 7
348 156
543 123
418 120
936 503
169 926
902 318
593 932
414 892
490 631
592 209
876 147
631 479
282 119
209 13
961 33
9 728
927 986
2 75
663 685
222 387
665 521
669 394
773 488
465 518
544 603
630 172
799 317
383 70
984 81
787 215
321 504
23 279
792 163
213 368
529 513
242 123
526 565
197 759
472 760
922 503
972 246
151 199
865 816
790 883
158 453
177 908
577 533
652 256
97 628
156 524
229 840
374 281
869 183
938 377
182 479
213 868
460 819
350 971
95 407
640 96
704 225
670 408
333 76
382 79
528 306
180 510
54 333
455 675
259 618
368 517
242 690
798 113
42 518
831 926
61 335
233 195
874 488
55 704
306 568
335 271
351 48
584 584
416 245
192 595
986 538
187 558
889 837
321 19
516 780
166 804
22 460
317 830
344 46
462 583
147 630
380 118
156 410
612 646
721 515
487 694
744 283
144 200
606 787
641 252
564 471
888 48
878 553
287 646
166 711
33 146
61 874
600 854
417 412
12 748
778 781
446 216
255 953
178 672
110 929
979 16
320 781
368 726
210 947
436 495
496 927
996 452
684 32
569 645
156 426
413 336
298 164
898 349
613 624
950 689
44 851
643 45
123 217
259 651
486 510
112 205
90 211
337 73
811 411
41 277
368 272
618 243
435 791
135 225
388 869
519 288
381 556
684 982
528 431
875 370
781 270
335 908
392 437
358 22
447 559
213 867
896 347
959 299
193 376
672 208
858 459
113 128
868 801
268 167
109 859
606 360
243 902
564 103
686 779
814 583
179 498
233 411
786 757
977 403
945 836
667 477
425 965
864 837
14 726
781 515
149 537
39 736
718 442
333 692
136 600
590 334
339 326
441 105
609 564
803 80
966 975
978 326
495 81
760 236
359 494
308 688
131 493
635 110
295 344
676 38
834 704
256 857
845 47
696 161
849 619
873 453
165 948
722 381
911 115
678 320
450 342
325 56
589 444
357 487
381 162
21 352
904 375
458 36
410 602
899 391
630 198
343 398
754 400
415 728
900 685
37 998
699 930
91 664
574 585
905 430
609 476
990 815
503 994
407 506
561 635
302 695
371 842
426 360
888 670
68 305
812 188
666 993
591 397
692 932
194 280
499 327
2 316
649 960
761 515
628 239
139 358
437 148
142 153
653 46
363 27
62 261
482 93
751 982
178 132
418 113
181 493
968 983
265 700
572 85
611 400
164 272
839 262
115 756
418 865
428 845
984 787
897 121
986 19
354 304
167 483
970 376
115 524
498 362
317 872
697 403
570 108
555 920
119 112
581 913
3 157
675 768
819 234
737 367
247 170
302 907
354 645
239 360
792 25
416 786
616 637
812 806
920 763
109 195
439 840
679 369
61 777
183 60
407 835
706 140
567 790
944 220
1 271
503 100
320 785
603 54
646 159
83 954
394 665
943 302
700 241
989 894
900 585
875 979
577 778
623 347
357 675
43 198
789 532
12 960
47 86
433 167
988 218
672 451
365 210
780 740
825 184
219 917
868 249
836 716
620 765
326 834
797 470
475 765
196 738
291 951
641 838
341 763
293 985
456 284
235 251
408 730
963 8
212 810
1 845
612 416
597 454
352 372
755 145
956 262
330 699
16 159
706 460
19 862
78 257
903 355
418 327
191 595
534 919
862 785
543 18
977 590
423 762
404 652
163 730
147 988
235 819
470 850
958 876
144 418
563 150
745 562
196 577
702 932
485 158
506 334
403 859
263 383
791 644
813 864
713 276
323 924
17 63
827 286
473 931
126 798
479 955
169 743
247 231
408 216
452 404
311 557
591 235
744 585
392 249
430 154
177 259
16 673
979 867
241 621
719 427
644 339
167 221
156 348
157 716
314 307
129 11
536 457
192 728
418 39
159 797
52 679
471 275
630 640
843 707
701 100
85 538
299 311
6 415
94 198
252 165
62 394
69 408
896 832
722 478
360 302
399 883
35 4
751 336
434 428
301 778
410 159
653 779
713 86
824 687
259 106
62 20
162 776
638 174
356 940
17 343
238 897
117 104
559 675
14 127
119 289
534 573
686 2
420 225
337 515
179 910
855 570
105 799
745 442
168 563
416 251
698 272
353 925
821 864
435 689
558 490
273 220
505 919
851 89
815 19
695 994
904 259
157 275
712 9
968 539
958 224
832 375
31 166
124 805
866 798
748 354
180 63
53 568
195 29
126 208
360 274
112 984
190 576
162 616
407 701
889 879
605 564
71 781
613 876
571 77
176 623
614 282
412 193
542 994
240 787
275 50
420 283
862 608
382 682
746 15
281 409
234 395
352 945
962 345
689 478
834 210
724 415
957 20
26 356
608 773
803 212
894 77
720 771
55 246
559 908
569 387
844 305
799 682
588 340
429 975
509 792
278 127
570 905
645 278
275 341
23 381
40 461
162 179
70 28
879 447
771 27
10 456
587 279
330 385
844 72
308 723
463 526
746 617
845 562
161 786
57 262
208 847
21 2
124 578
636 868
800 646
870 523
330 689
138 713
649 315
813 242
67 729
945 205
698 459
394 630
638 998
49 69
886 790
363 327
952 980
52 750
24 448
197 680
509 851
781 865
703 228
811 414
845 949
113 943
795 729
612 656
552 364
648 989
885 343
688 135
570 678
324 430
843 64
307 885
535 643
616 493
49 337
33 279
639 659
617 82
824 120
408 741
243 433
816 113
386 293
656 462
613 924
446 377
539 667
805 991
148 659
438 496
785 197
947 474
677 798
575 481
501 83
473 160
562 842
271 871
552 108
294 522
863 282
288 409
358 899
215 889
143 680
685 846
805 965
606 483
179 92
165 80
894 511
212 655
122 233
399 155
243 889
919 189
250 796
604 516
671 543
364 552
429 630
80 676
33 324
94 341
252 951
817 251
848 663
332 556
431 891
982 759
775 959
694 667
690 614
256 429
690 912
456 768
642 569
235 628
15 262
598 373
285 268
22 879
382 447
798 931
925 428
478 297
985 219
600 578
789 116
375 80
492 781
192 620
218 5
491 444
61 744
618 487
306 176
143 230
668 948
93 753
704 591
229 363
580 544
465 276
533 162
916 929
992 143
448 793
912 238
874 806
710 413
856 742
63 805
986 854
591 489
198 490
643 834
981 587
444 651
924 821
584 67
109 652
178 380
243 619
1 727
949 648
695 194
769 183
256 16
226 322
162 523
876 130
915 648
108 172
398 950
37 195
72 941
917 221
887 223
454 61
649 30
320 197
66 794
579 998
432 716
899 238
465 477
916 516
996 956
965 322
573 872
777 328
753 42
416 529
241 397
796 36
180 221
135 482
389 122
586 478
556 207
289 798
400 243
146 525
970 332
292 274
989 578
283 384
393 967
594 163
638 361
978 372
110 946
654 337
227 124
929 124
832 412
39 670
716 274
697 496
25 210
644 446
762 746
345 505
370 688
230 375
746 560
827 696
618 375
594 872
161 951
21 732
384 895
259 427
968 261
693 154
596 339
923 500
625 36
772 797
169 641
682 441
583 293
644 429
61 369
645 617
690 12
10 793
415 595
88 831
104 833
131 951
648 763
988 975
837 435
226 384
682 390
153 733
195 684
824 239
643 140
292 250
722 130
26 768
115 166
778 144
345 425
295 323
305 502
963 371
834 131
879 519
801 155
223 663
177 330
116 657
648 4
468 462
597 578
412 261
630 674
181 873
446 522
308 241
26 472
276 220
252 425
710 934
713 28
400 452
798 226
980 512
424 749
375 769
640 866
610 291
68 444
229 654
19 478
871 213
969 525
850 6
56 296
868 425
360 237
504 766
253 545
395 872
870 203
802 696
654 821
968 599
531 784
454 115
68 308
835 933
704 601
219 445
561 476
196 803
368 41
851 779
122 578
773 636
199 137
898 837
595 944
339 156
685 442
924 221
750 285
909 131
308 407
490 6
860 346
531 545
909 790
381 94
241 289
263 217
623 189
137 598
891 126
879 655
488 190
331 62
884 504
664 324
737 285
995 860
83 534
404 510
797 366
235 907
718 683
453 106
834 226
349 214
123 44
519 612
278 248
552 260
450 854
209 467
586 765
34 834
476 786
36 192
978 871
511 871
254 555
818 717
651 563
688 337
166 157
175 631
723 780
133 626
780 885
403 389
660 669
243 447
898 733
270 256
441 211
702 244
772 862
386 387
167 629
616 723
993 381
276 803
85 638
239 436
383 680
427 710
276 487
930 524
546 800
799 453
702 335
380 752
485 671
330 35
58 941
528 312
638 425
730 453
198 473
242 558
518 260
556 369
555 656
868 486
695 193
330 457
517 39
429 134
843 306
366 247
40 765
627 876
715 796
564 776
907 635
234 188
405 708
995 291
632 116
995 586
69 916
804 897
769 807
718 233
756 76
953 500
492 746
919 4
147 418
303 825
920 654
188 851
185 709
548 656
726 463
860 210
880 611
145 264
176 651
777 600
340 728
192 174
580 976
790 651
859 272
718 220
225 760
34 654
397 90
546 123
832 333
635 428
732 284
652 539
36 743
459 268
749 307
814 744
834 563
438 437
925 994
262 133
409 515
337 400
381 383
657 201
291 490
36 499
310 411
97 222
578 46
9 298
437 976
688 126
291 814
866 694
679 555
282 183
765 356
590 15
86 673
542 862
18 922
284 907
281 115
701 669
757 278
869 551
487 244
841 846
794 807
22 666
37 383
215 311
129 495
155 527
498 459
517 117
451 865
981 656
226 624
756 427
467 737
981 973
376 209
574 538
925 809
934 925
313 82
800 96
449 720
22 954
191 642
641 27
320 722
260 271
428 423
241 693
622 61
739 666
274 862
330 503
134 959
261 364
673 297
146 631
73 507
369 461
673 929
407 428
143 675
846 986
155 459
89 598
123 732
332 49
555 692
602 536
986 103
681 217
472 896
705 672
724 843
834 765
778 420
498 387
73 366
325 719
43 401
919 787
101 627
389 438
710 362
650 698
845 355
741 370
363 226
984 342
71 902
699 749
592 616
391 29
181 40
286 41
968 356
351 64
170 22
705 502
656 441
253 417
482 696
549 874
516 635
691 934
334 775
266 41
574 840
545 550
902 813
366 932
431 937
327 920
420 465
931 67
508 447
631 289
783 890
285 213
793 656
855 332
965 169
961 501
569 793
381 25
743 577
327 76
315 786
888 8
536 688
49 627
206 543
693 453
958 429
193 728
86 916
80 811
943 593
334 613
203 574
382 283
229 208
479 806
569 806
905 972
378 807
93 193
330 166
451 609
324 397
989 485
901 195
425 592
273 428
564 381
986 131
97 159
684 238
824 420
556 78
380 335
550 322
373 441
285 983
708 75
365 526
861 906
532 322
662 231
263 780
190 354
330 125
321 522
479 295
72 508
736 368
757 638
735 868
476 855
730 535
141 125
580 764
885 538
110 620
84 3
893 302
730 630
85 679
67 624
548 951
210 105
609 96
169 389
370 899
934 567
565 729
73 619
270 866
625 641
432 790
351 185
615 422
211 999
601 86
10 517
61 689
233 335
283 937
27 319
971 521
382 845
514 793
348 267
879 486
798 923
596 875
762 677
352 832
525 520
881 101
595 668
599 283
315 706
123 127
800 937
558 324
98 222
726 492
660 631
555 706
934 268
544 183
978 410
877 872
419 421
82 248
98 66
797 879
603 534
500 351
540 199
143 654
957 677
508 797
674 963
102 724
238 376
111 943
586 917
626 929
11 963
942 68
698 282
469 963
812 912
443 908
354 124
89 884
11 814
488 528
749 781
499 958
314 212
94 151
287 570
411 257
696 980
371 148
975 433
681 969
564 507
386 762
54 773
761 370
544 925
799 154
903 135
279 565
975 83
16 913
868 36
163 819
638 86
964 381
246 987
662 14
398 74
655 870
269 925
283 268
632 862
148 687
492 997
246 605
159 752
313 523
206 408
704 74
137 972
806 242
83 820
480 798
294 987
861 683
27 530
883 878
943 909
267 202
569 565
220 610
925 412
462 105
144 147
483 684
216 566
63 272
244 688
54 676
866 161
310 255
841 510
979 161
812 664
682 129
223 552
997 182
18 16
64 620
548 801
597 176
936 447
592 223
627 402
448 809
87 492
84 471
385 237
659 368
491 143
507 795
66 805
182 925
454 379
165 472
165 30
747 873
565 21
579 894
22 331
170 327
2 878
4 915
910 33
666 171
589 526
480 270
132 715
786 610
802 235
195 576
460 920
620 409
752 366
751 258
21 905
8 114
175 962
47 319
265 882
794 847
572 284
319 690
108 118
910 500
488 523
196 91
782 390
41 96
939 56
75 732
730 645
10 936
757 670
605 530
99 861
256 82
110 210
300 125
891 908
857 278
268 874
870 960
533 747
452 815
63 237
185 289
929 574
21 680
276 995
896 226
886 169
479 559
97 929
816 939
416 569
146 791
394 929
875 121
660 129
889 618
129 481
41 244
877 350
73 252
808 918
792 673
210 507
49 98
881 770
659 62
701 943
154 532
567 101
709 884
458 698
312 942
431 642
960 752
997 327
973 77
484 425
697 178
345 932
41 57
233 107
536 870
893 37
347 598
270 24
529 609
366 317
344 96
167 313
189 413
47 764
922 911
569 818
296 611
157 156
560 992
760 967
879 553
389 456
463 778
969 598
981 241
46 18
4 523
272 142
922 172
540 864
727 553
635 203
447 460
865 48
244 16
130 765
167 932
499 538
184 775
886 235
365 338
616 694
138 121
115 274
941 909
835 521
53 293
859 95
113 263
372 110
341 668
248 76
283 703
475 967
547 567
502 585
210 672
237 446
213 653
210 546
701 12
785 947
308 495
48 466
31 917
92 503
267 382
99 591
475 316
402 776
662 549
215 130
965 625
780 527
948 358
942 250
614 969
511 687
996 956
492 583
706 908
235 854
219 417
655 93
895 495
642 709
738 498
534 681
548 115
460 336
833 750
161 357
27 685
115 73
507 53
797 422
517 877
472 947
354 447
634 744
212 874
364 343
37 187
946 274
403 133
875 128
983 728
842 787
230 323
867 50
246 197
967 803
550 53
750 471
62 681
347 985
232 351
101 309
392 957
841 516
449 397
9 259
528 81
931 768
937 629
820 720
994 696
321 218
882 602
631 244
815 108
481 733
893 299
629 177
375 75
279 544
172 429
26 14
727 882
237 448
951 514
829 576
179 912
628 101
978 660
71 272
117 352
719 430
441 518
37 606
563 695
252 318
643 963
65 19
350 168
701 460
817 707
263 77
859 687
781 90
924 640
393 424
615 288
945 703
717 774
760 719
902 497
834 883
321 787
746 247
924 784
906 424
137 217
928 634
762 886
553 421
242 440
229 645
663 200
307 420
113 588
223 735
288 696
803 702
775 992
26 589
69 963
125 814
485 172
285 409
311 732
870 162
174 515
767 127
84 811
102 871
399 966
837 554
250 288
794 470
771 691
976 226
769 254
199 214
989 855
752 824
956 458
633 511
690 918
263 714
509 920
609 831
871 190
718 340
982 180
320 336
224 278
265 286
241 339
452 594
893 769
696 444
461 983
181 408
682 34
707 128
207 157
125 3
480 634
505 55
4 781
959 585
178 872
529 708
211 794
620 539
231 559
655 748
93 958
594 461
871 409
197 966
257 709
818 315
52 878
151 742
886 477
74 607
962 433
555 614
402 319
92 411
149 196
181 282
593 335
48 717
962 578
164 762
924 414
577 882
927 122
823 90
566 451
722 78
75 406
166 889
781 61
29 616
732 508
524 813
706 969
91 90
99 380
303 217
547 38
997 126
536 515
265 268
447 751
657 602
688 745
873 80
387 894
197 586
613 534
205 546
818 17
952 889
569 884
113 204
510 42
256 801
181 139
263 402
437 452
591 749
65 500
363 76
87 132
918 740
459 217
225 577
15 183
777 41
447 553
742 599
172 326
566 239
553 662
62 74
776 733
262 587
771 250
288 2
323 239
326 432
745 975
391 387
655 288
640 1
836 45
895 821
300 659
928 728
772 700
516 207
92 572
18 552
727 270
141 718
161 412
276 437
983 212
641 548
565 913
94 930
253 706
189 836
321 810
77 523
512 810
852 758
855 928
10 283
859 595
141 877
488 725
116 184
107 62
766 705
756 216
14 602
283 149
395 829
745 531
576 176
867 260
491 227
274 357
520 334
630 245
280 55
401 940
142 240
427 504
178 104
411 910
840 352
695 414
749 148
8 525
408 377
525 464
458 818
399 436
659 181
3 138
587 112
462 960
886 176
910 714
699 113
724 503
491 361
432 72
267 623
279 282
562 403
55 458
93 712
562 988
801 232
941 28
638 208
818 379
270 114
681 201
74 943
346 415
995 846
507 221
90 801
769 770
438 912
620 1000
414 432
320 711
775 798
869 676
252 764
163 170
128 2
580 221
508 782
148 8
213 114
853 574
477 527
515 452
382 311
305 761
897 484
554 262
127 231
550 91
419 336
291 769
791 728
848 1
672 912
878 274
408 510
158 525
534 619
166 623
928 338
644 481
714 523
719 605
274 445
157 477
641 427
805 296
975 929
523 123
960 369
300 316
417 125
755 618
172 228
546 413
378 225
20 223
994 694
491 661
184 156
366 866
40 969
91 925
799 698
154 999
126 46
726 620
236 441
837 799
87 145
444 556
349 575
390 785
165 134
30 118
881 625
348 845
883 677
695 454
513 143
84 238
444 878
471 127
312 835
348 157
631 433
287 836
506 747
449 477
574 197
136 243
719 542
265 863
505 970
939 319
569 465
404 390
828 196
879 781
192 33
711 691
165 94
61 741
706 702
840 532
78 963
900 386
18 508
565 625
713 896
390 826
411 537
24 744
945 522
913 597
298 650
902 917
573 244
999 770
991 585
834 294
565 467
63 955
362 398
346 909
869 285
89 613
896 11
901 234
512 250
499 889
755 386
290 374
921 184
896 684
978 680
240 404
297 490
454 207
999 711
635 879
187 256
215 209
883 891
922 914
566 519
257 810
562 802
995 594
171 587
584 644
449 938
914 285
537 321
197 561
192 178
261 942
619 483
518 922
904 574
277 864
862 442
710 764
705 578
773 336
443 424
868 312
600 398
112 592
867 737
285 717
528 610
667 888
643 778
886 964
68 146
673 280
331 425
275 637
265 456
582 978
679 442
641 357
301 654
78 203
192 181
25 28
852 256
992 39
777 556
131 923
212 521
581 149
455 202
342 287
798 671
294 368
949 244
65 182
531 23
846 180
543 939
935 102
335 366
297 186
324 42
66 341
452 438
753 718
126 757
660 178
731 797
586 672
731 481
374 996
164 111
98 377
146 505
73 808
144 436
373 184
837 155
729 995
749 226
124 920
911 174
198 719
231 846
413 344
943 934
575 984
815 537
366 205
504 616
525 449
124 519
500 580
103 41
317 239
200 36
534 224
16 489
108 524
822 426
669 131
36 579
715 706
51 561
48 306
902 806
956 677
646 701
452 243
562 99
163 389
122 778
912 3
474 632
905 166
950 604
658 110
674 163
319 67
51 286
639 598
827 289
773 61
16 333
271 17
195 464
178 547
558 549
899 88
692 118
823 872
525 380
8 373
914 900
545 85
713 366
153 268
770 226
133 118
260 634
371 558
802 89
255 862
77 656
726 904
483 986
645 755
758 543
784 201
322 264
88 212
684 457
816 278
564 897
110 583
355 224
713 246
366 240
216 807
927 24
22 100
51 362
256 219
74 954
611 262
943 563
247 84
126 264
926 468
229 843
139 712
638 871
195 103
406 793
306 478
304 473
20 221
935 591
3 624
901 371
603 60
566 900
92 214
331 51
441 621
448 385
375 304
649 923
860 790
642 445
771 965
936 254
477 530
492 958
487 610
119 330
342 113
880 273
962 558
821 716
516 145
459 348
168 812
839 936
274 717
307 184
477 196
256 429
425 495
598 785
47 415
898 695
640 633
689 174
75 708
688 785
177 594
864 424
692 600
32 213
226 975
570 543
591 605
922 76
957 298
21 303
494 557
863 265
368 605
796 888
785 126
337 11
341 49
674 71
536 109
340 980
292 213
680 234
551 348
537 872
168 242
774 437
178 625
795 755
392 837
938 269
346 925
866 683
398 800
605 660
662 964
367 911
402 748
224 776
552 980
738 396
831 778
176 768
497 596
687 751
673 118
145 302
860 433
771 529
718 653
927 345
206 615
607 300
621 350
651 720
55 152
386 462
86 641
587 209
523 222
823 676
27 196
357 372
809 54
9 20
680 178
441 474
448 349
385 589
697 619
654 790
103 358
734 971
302 634
878 101
785 232
165 102
974 63
13 848
662 601
929 269
248 791
620 866
480 465
598 230
129 735
277 291
526 94
312 676
37 580
808 365
585 207
953 121
588 650
306 796
628 799
788 954
147 269
602 33
605 730
862 789
955 501
62 265
962 729
19 624
563 888
986 465
808 925
426 751
433 773
517 920
573 4
483 511
20 932
25 892
917 976
623 427
175 96
985 856
526 203
499 318
53 479
848 869
10 216
845 643
345 916
453 658
631 377
675 143
433 483
938 724
568 523
891 134
237 353
345 111
346 285
822 203
99 627
328 384
673 195
785 545
704 10
753 29
379 237
758 836
430 165
106 493
724 957
828 754
532 677
984 452
295 468
782 511
150 864
297 80
167 264
716 586
651 502
413 917
505 587
845 171
462 919
717 569
442 192
377 593
211 741
902 250
810 40
453 569
861 218
780 325
346 800
254 388
145 39
205 849
835 979
154 965
161 449
976 538
152 752
662 951
18 589
56 65
405 154
723 637
784 884
238 237
396 939
736 907
766 321
423 679
532 528
575 743
671 491
263 487
177 665
918 949
823 485
882 458
594 585
806 856
666 665
520 402
822 531
700 937
651 873
793 422
103 586
158 496
801 389
954 17
691 605
227 441
508 394
287 487
271 44
976 950
964 211
738 292
809 690
401 175
20 362
289 169
221 239
478 769
83 417
325 135
797 479
327 643
721 560
356 966
94 778
811 920
991 624
404 898
188 363
495 617
140 133
387 170
704 378
710 486
808 199
33 872
329 284
851 673
201 616
806 75
880 325
657 581
55 646
633 398
633 811
429 933
145 342
32 17
108 31
774 337
910 500
211 234
84 453
683 188
545 49
667 214
842 646
91 973
166 626
676 284
92 521
952 360
287 823
901 341
439 131
879 799
149 885
241 692
186 837
429 335
393 755
647 995
917 302
338 963
320 807
147 559
996 923
548 916
587 27
668 431
966 803
730 870
108 810
513 252
312 767
543 220
986 867
383 799
307 319
491 140
202 274
148 900
198 763
318 777
686 739
417 905
396 532
547 385
976 275
122 884
614 101
276 559
597 745
455 119
157 171
519 847
467 529
492 302
597 646
125 916
964 405
54 304
409 980
422 90
894 243
303 794
991 578
502 850
981 186
788 296
116 811
229 815
525 79
736 200
728 490
571 651
814 639
415 428
323 331
178 995
590 890
819 849
566 704
645 65
91 820
403 13
842 498
462 330
769 925
569 90
225 390
551 254
922 173
577 465
436 220
862 802
448 227
285 963
803 685
155 7
985 999
527 731
376 272
852 19
602 215
249 783
376 116
418 418
956 815
388 48
392 680
421 241
146 449
92 942
332 756
325 786
487 46
328 673
132 457
726 348
472 325
902 663
884 612
783 448
602 787
902 358
446 436
845 86
79 537
399 399
152 31
909 751
33 143
555 770
15 487
50 966
747 416
384 588
355 834
507 188
143 811
343 758
772 903
729 30
90 620
720 697
290 158
93 123
353 912
389 229
133 716
432 379
172 975
791 925
286 797
232 161
696 157
889 185
478 386
401 174
93 154
692 24
128 671
753 241
925 657
942 281
532 64
579 45
967 271
852 424
96 411
397 776
132 129
813 417
614 759
991 126
319 758
944 91
579 928
147 675
568 840
583 939
854 494
823 591
291 939
110 138
422 21
949 999
81 740
204 692
683 757
23 138
23 641
12 717
755 950
910 36
364 508
646 256
15 717
979 322
865 598
938 285
329 915
546 148
631 526
229 960
653 753
159 221
58 340
151 518
402 144
13 915
465 868
283 777
557 404
393 180
244 592
913 727
860 428
105 592
879 625
315 201
207 602
174 231
679 622
768 933
481 55
168 880
874 664
252 900
41 755
764 916
642 860
827 369
954 132
42 496
62 761
452 707
739 779
674 614
592 268
822 272
965 658
612 666
419 666
593 804
198 106
763 671
378 333
249 740
821 418
83 157
928 851
2 587
363 362
873 471
307 534
296 334
388 906
389 346
247 240
920 942
583 134
645 348
561 676
878 880
522 28
258 290
715 775
42 798
37 902
544 12
652 644
563 101
609 552
247 934
488 231
907 525
993 33
195 338
594 561
876 7
728 259
737 701
20 23
990 451
733 955
382 378
249 669
772 812
146 489
444 657
386 939
565 488
740 993
140 64
74 4
704 70
610 815
563 237
551 506
209 86
285 900
122 739
410 730
676 757
47 727
810 550
45 91
986 862
600 86
597 757
298 764
629 267
992 341
663 93
993 368
433 792
656 217
982 427
647 514
2 177
353 97
862 49
713 292
916 91
117 452
745 296
904 592
927 13
485 859
42 943
178 522
152 763
296 824
234 557
975 401
840 804
494 315
835 840
300 283
268 297
946 20
855 889
106 375
340 344
775 5
611 537
556 904
108 561
899 53
274 410
604 691
424 441
150 983
504 244
324 500
781 689
915 219
55 713
737 75
986 19
233 255
928 966
137 200
704 261
451 940
366 250
999 840
697 951
117 875
867 893
188 730
242 319
725 561
77 566
649 582
148 580
81 102
92 566
820 543
416 849
305 414
286 326
747 103
798 904
414 239
524 73
136 440
295 56
2 804
959 281
20 748
154 576
142 332
550 593
612 859
649 836
9 68
476 145
302 378
420 923
543 262
958 860
876 682
544 722
199 978
867 517
924 559
705 90
402 580
691 482
577 910
366 893
528 165
942 725
941 821
51 626
736 605
490 835
659 83
264 258
110 98
56 835
586 539
136 397
857 739
175 815
32 995
201 907
574 275
882 949
971 466
817 706
194 927
41 505
340 73
180 599
956 718
973 299
546 197
83 634
524 793
316 487
975 499
953 272
152 301
27 62
755 935
855 438
756 333
639 861
390 736
461 513
932 910
885 318
526 459
948 749
870 540
636 279
306 58
546 329
292 564
742 933
968 88
85 454
877 707
319 125
445 95
911 407
650 558
307 892
77 989
659 676
75 260
573 433
891 620
902 102
365 717
296 254
610 703
688 352
568 217
522 168
700 813
911 604
264 347
752 175
868 916
474 155
632 520
466 205
704 708
897 730
121 933
700 663
211 133
819 724
312 682
719 454
668 557
750 149
625 169
187 447
555 729
963 101
30 90
177 175
154 741
788 317
841 409
883 726
405 355
263 97
689 639
950 197
310 763
632 146
418 623
988 369
769 767
622 495
155 933
297 822
682 95
62 452
789 910
966 717
976 700
899 332
704 896
721 537
933 385
704 622
650 463
835 416
280 179
5 494
588 94
21 258
461 159
422 641
910 6
11 719
224 626
301 889
911 541
38 384
293 863
469 998
968 463
523 732
208 893
573 841
144 613
509 78
198 34
401 699
273 371
444 397
88 506
479 611
815 243
596 870
427 291
716 838
218 386
35 182
29 13
260 270
186 109
305 475
782 866
493 819
61 422
818 437
334 496
665 952
496 147
831 517
185 982
550 777
467 359
206 125
289 9
980 836
82 131
206 851
152 597
673 252
536 810
460 673
641 977
129 20
784 881
557 232
507 742
863 40
315 508
950 819
827 88
227 764
630 179
227 507
562 797
703 457
143 65
829 152
325 780
836 528
310 433
436 706
5 379
174 148
712 879
337 853
353 821
981 882
485 648
846 470
101 615
876 337
831 965
601 995
202 621
476 581
801 256
921 735
20 543
972 352
20 512
402 926
385 922
756 145
922 705
688 775
403 546
252 490
424 473
164 736
208 804
523 899
346 857
93 123
625 35
23 926
896 161
673 284
72 922
580 403
88 276
756 881
60 747
18 100
900 167
92 871
751 305
836 859
340 127
512 933
237 117
42 531
596 840
456 125
54 579
809 904
696 319
853 857
949 26
589 220
884 565
184 817
83 903
405 61
76 558
467 201
941 595
842 136
325 89
735 289
779 463
491 291
402 377
169 402
925 892
904 356
472 680
784 816
884 783
897 601
434 249
263 660
672 888
88 296
9 129
226 662
625 106
944 759
922 50
109 130
694 197
84 907
703 16
286 485
474 348
988 988
81 372
144 431
714 587
418 551
113 908
534 997
424 237
784 599
432 706
129 161
640 921
420 987
598 323
78 864
670 688
967 776
494 815
136 129
598 959
287 403
528 382
451 28
368 865
579 138
37 183
409 719
606 40
804 211
463 167
747 629
651 343
955 409
990 144
252 677
98 398
375 132
87 705
337 855
410 511
990 112
50 877
438 143
374 666
253 185
518 430
19 351
983 446
173 750
438 856
39 88
759 955
323 662
462 738
740 692
342 121
26 403
675 117
279 289
703 558
19 546
314 238
126 215
711 266
653 776
727 30
927 737
783 665
46 67
479 654
592 298
353 521
215 59
418 827
245 271
831 219
107 123
338 955
250 478
258 804
62 567
735 152
453 563
657 681
974 489
820 242
200 347
776 22
325 201
74 124
296 96
971 825
560 12
941 314
736 439
68 460
293 509
353 955
814 690
281 99
969 605
94 111
565 271
998 267
177 696
669 939
603 646
743 643
397 47
635 52
706 423
152 200
551 101
491 526
346 457
475 792
680 758
360 781
679 301
44 234
422 54
428 190
437 99
685 657
736 74
48 682
107 826
175 213
202 549
350 568
379 246
188 181
126 389
511 441
85 1000
179 110
83 146
251 400
915 401
832 810
490 565
202 954
428 523
501 257
839 317
540 510
700 962
223 141
193 70
107 212
776 621
637 223
464 6
403 385
239 342
220 874
9 986
468 757
421 761
989 677
916 214
378 612
277 672
405 262
908 491
732 341
902 547
929 272
72 504
282 985
321 307
724 928
56 738
783 141
301 740
842 536
904 409
402 599
172 223
584 698
387 795
204 232
331 883
772 546
755 155
63 86
819 1000
602 366
699 963
222 860
220 11
77 830
808 595
368 56
26 250
927 995
229 494
414 973
383 196
961 542
257 533
692 21
520 90
608 115
633 866
257 326
91 180
29 42
286 434
34 345
169 91
725 364
435 757
197 693
260 996
39 201
401 292
96 874
674 960
677 737
762 146
337 422
776 306
876 30
854 263
183 83
423 744
653 442
797 540
364 439
241 986
555 915
417 291
590 128
379 37
77 149
695 838
971 973
568 35
945 537
957 554
664 273
292 992
700 102
501 659
416 6
44 881
743 197
283 717
373 126
236 677
992 911
499 723
691 487
126 667
264 610
252 867
387 181
284 324
716 693
126 839
149 142
11 418
42 651
178 811
799 61
792 544
870 613
595 747
206 116
364 441
560 588
201 724
3 442
696 179
818 325
707 373
509 6
87 565
124 774
250 586
597 913
460 288
668 683
704 872
774 547
481 125
551 815
713 341
746 831
129 797
280 934
548 534
282 67
959 207
635 456
210 266
983 549
837 462
889 736
700 38
34 263
855 920
390 591
583 121
679 477
93 137
601 443
807 194
436 390
946 158
479 736
637 776
190 861
937 517
616 69
614 866
211 161
829 340
894 394
363 771
439 399
626 97
976 747
571 608
635 978
464 632
479 359
552 840
67 190
194 10
403 929
824 956
622 384
232 614
225 827
948 919
196 184
799 24
362 413
787 166
682 244
479 636
412 55
283 637
644 673
737 4
347 532
53 580
588 466
703 749
783 674
437 978
1 121
466 605
698 520
347 221
292 761
473 620
113 363
933 918
361 643
259 540
81 106
79 80
34 817
599 857
855 624
587 213
68 381
857 737
238 162
730 789
587 774
669 918
721 771
720 428
693 612
579 140
761 262
324 243
657 583
389 873
200 507
558 150
336 19
182 351
85 556
343 204
726 575
302 864
676 385
423 934
260 715
252 573
271 708
723 377
56 201
399 116
74 929
31 557
250 968
272 339
925 502
987 768
502 198
153 228
795 343
644 982
180 974
491 164
206 826
61 237
341 610
553 193
555 189
552 418
687 434
228 898
686 680
196 925
469 50
991 615
785 991
250 161
187 99
264 381
111 712
320 527
295 206
286 963
448 676
549 853
289 895
162 341
45 230
2 668
152 868
82 36
40 520
710 626
513 330
423 88
566 486
134 655
816 101
104 373
727 159
592 767
737 835
620 18
274 996
789 877
913 240
780 507
199 215
703 827
406 346
798 62
954 471
728 747
990 340
606 868
489 80
422 316
873 485
635 345
848 636
623 110
826 529
807 471
194 125
320 959
500 237
119 505
736 417
520 208
637 263
643 725
399 707
272 67
576 501
796 344
117 301
615 508
92 864
159 762
518 887
11 558
446 95
953 491
558 77
698 137
955 984
967 334
759 550
154 193
214 500
838 522
298 209
31 370
268 970
953 230
443 400
789 504
950 564
171 692
153 970
673 909
593 48
785 751
728 371
783 633
324 604
726 560
760 265
19 639
302 963
759 950
357 494
144 308
451 733
610 778
906 529
96 729
765 192
209 661
561 823
462 384
749 264
309 66
388 551
318 37
16 106
566 191
647 706
357 409
391 615
390 326
297 480
907 133
230 553
150 832
931 34
301 966
652 410
258 64
251 969
66 729
956 84
441 462
201 458
165 256
556 86
398 740
515 869
68 117
643 304
166 367
889 661
725 790
704 490
527 573
757 700
420 668
675 904
439 126
97 242
690 155
337 393
67 74
829 590
438 685
193 241
691 66
767 43
355 522
52 653
702 992
917 851
353 422
310 813
800 635
453 806
299 241
547 597
942 625
89 162
194 714
720 823
62 48
527 389
516 105
990 600
409 248
874 707
785 893
653 573
503 846
17 677
737 769
341 360
824 194
837 197
734 623
98 506
128 554
111 617
733 128
449 310
193 224
346 275
586 466
744 891
229 727
107 991
852 447
995 63
398 41
287 961
387 228
89 379
537 728
577 449
257 547
834 179
961 408
431 798
614 324
457 453
16 399
166 124
549 781
585 716
574 372
130 522
302 575
686 494
680 854
67 965
45 53
227 375
328 121
523 536
958 469
41 791
975 512
325 931
41 287
837 742
355 566
63 658
90 913
725 556
540 722
43 848
816 994
714 559
485 491
790 46
658 272
358 982
43 43
78 371
517 966
421 82
134 197
742 286
796 870
940 548
490 296
802 415
919 183
601 76
907 855
377 276
556 595
606 164
112 195
218 357
840 61
425 604
397 594
522 952
908 35
162 659
546 695
859 809
60 5
812 636
281 186
95 722
851 381
465 164
346 825
67 307
919 510
359 54
717 478
463 876
382 824
6 256
792 555
764 391
625 923
222 63
197 317
160 919
19 447
767 909
749 359
42 458
796 809
527 716
870 312
72 375
751 450
320 312
92 838
182 494
807 534
459 365
490 982
525 577
414 623
394 98
795 295
775 366
629 560
358 676
302 794
953 912
627 282
784 753
441 915
23 365
525 441
494 120
627 876
890 128
191 735
491 574
602 437
230 106
422 490
362 21
172 427
194 953
790 582
375 901
445 231
813 782
612 344
770 919
668 446
618 614
947 462
819 104
249 379
603 959
279 303
982 537
204 113
291 944
471 566
924 143
208 619
61 171
283 475
50 195
594 178
551 185
643 371
926 308
602 163
611 322
39 942
688 265
827 290
581 243
123 965
229 767
988 596
857 912
837 750
529 397
825 10
157 245
21 13
37 609
916 668
117 534
788 312
47 118
182 561
980 264
499 769
369 406
431 852
865 643
128 162
203 765
113 354
666 67
292 882
206 381
817 352
172 527
623 265
951 94
803 487
542 225
779 325
121 832
72 993
345 483
682 207
824 385
109 155
663 113
435 812
215 612
227 446
807 618
353 928
607 996
145 380
575 698
45 798
197 800
26 150
904 177
458 781
829 981
394 671
938 424
568 455
455 969
429 358
863 852
27 658
761 705
811 695
384 23
34 906
559 798
309 262
42 863
658 105
943 317
318 384
926 213
533 734
512 847
512 111
336 985
265 774
769 544
817 740
337 479
480 193
797 469
209 357
247 913
285 731
512 890
830 233
832 746
514 957
502 635
426 241
605 765
705 115
583 661
806 153
712 943
243 810
502 690
929 468
250 271
568 276
533 439
375 689
643 34
157 41
527 3
58 199
256 756
212 617
221 480
874 388
844 523
217 746
53 500
649 860
483 541
920 219
20 500
651 783
647 614
377 956
551 511
539 681
881 64
635 279
446 504
416 38
484 803
845 506
278 601
33 326
381 630
657 898
281 661
883 618
487 333
503 264
609 543
571 204
266 718
363 817
256 399
494 705
396 860
32 644
107 218
41 56
651 48
324 241
217 185
837 374
164 537
139 159
152 671
143 442
200 149
949 486
378 58
601 224
118 296
308 17
429 491
9 949
184 704
124 320
410 85
345 848
969 874
211 527
553 963
112 148
292 367
495 171
960 932
498 260
268 266
644 4
45 226
780 243
331 966
40 118
126 190
360 315
600 631
6 108
746 136
963 622
726 455
894 551
279 522
152 926
99 908
493 628
672 394
256 517
20 284
45 163
186 61
202 654
97 760
773 787
598 372
948 348
741 455
691 813
651 490
329 634
17 89
737 584
301 710
434 499
429 780
46 865
491 786
685 244
834 676
678 496
175 72
869 781
788 636
160 722
875 820
741 876
154 393
317 664
201 833
789 348
856 426
52 87
502 822
761 878
921 652
709 893
841 355
66 729
940 836
572 887
950 234
798 777
556 570
770 316
296 586
355 453
763 290
71 350
305 70
459 235
687 414
527 170
451 137
3 934
874 672
938 997
255 999
95 125
725 446
542 363
881 151
583 823
478 485
860 130
899 459
452 914
336 202
472 632
960 357
438 738
135 366
394 908
446 482
952 852
320 909
702 382
668 255
274 82
25 535
460 776
537 969
19 962
487 465
725 287
153 476
457 577
938 102
999 474
677 192
11 660
411 251
340 816
787 242
188 273
588 334
395 289
826 97
556 781
715 533
200 393
395 738
23 284
970 774
380 56
783 708
753 290
348 218
46 151
892 134
820 721
921 556
184 9
871 642
989 124
226 6
475 904
468 830
384 918
483 681
225 335
857 175
742 113
240 383
863 814
476 327
605 83
691 118
272 451
417 751
692 795
907 614
888 893
794 344
895 261
224 365
966 252
415 168
516 328
858 827
841 429
373 93
353 310
909 212
295 572
810 361
104 413
695 31
526 57
315 73
179 726
287 565
826 570
404 64
227 695
894 821
894 713
343 388
934 763
485 501
51 828
753 260
129 210
656 286
248 884
768 711
500 670
277 93
423 852
727 935
253 774
160 232
977 484
541 255
722 850
154 822
324 538
762 58
966 275
523 559
15 575
793 434
640 755
24 527
459 879
405 654
41 893
746 611
118 213
302 788
986 257
874 941
349 992
554 362
118 561
989 367
567 127
977 336
16 5
394 336
722 159
868 752
449 720
275 328
532 950
59 9
819 193
108 619
346 504
674 563
651 379
278 624
443 826
149 402
195 319
284 215
841 503
4 543
293 943
57 965
788 71
545 354
827 899
545 667
394 709
566 907
232 525
932 112
599 285
66 461
990 638
427 808
167 404
591 906
13 767
220 494
885 740
697 332
445 472
786 501
980 134
597 69
507 60
52 943
437 915
524 566
460 740
251 124
372 238
962 178
886 458
793 412
489 294
831 885
495 281
397 413
876 405
645 933
32 518
452 462
470 688
99 974
497 657
656 253
982 964
694 779
783 456
237 30
390 195
35 69
756 872
503 599
1000 892
163 300
611 815
495 869
160 875
23 997
515 312
269 782
679 973
667 105
816 305
929 811
785 67
356 630
265 284
810 641
285 661
413 936
272 145
435 767
488 345
934 223
469 442
143 73
225 105
307 149
299 309
188 909
9 609
587 777
55 170
102 371
233 31
947 188
779 570
408 133
811 776
432 605
870 753
107 341
80 161
672 496
660 119
263 465
718 792
817 367
461 8
738 917
55 535
640 549
674 827
388 625
70 353
529 270
952 900
852 208
551 276
707 79
199 748
420 821
695 289
190 194
210 603
633 219
622 755
399 579
126 944
73 136
813 903
161 521
7 529
450 831
603 829
990 775
243 454
603 915
829 923
559 830
715 410
332 239
172 851
742 225
954 515
246 33
409 861
516 426
110 558
164 354
583 40
299 507
870 832
843 981
55 648
534 491
635 824
408 847
475 506
580 892
327 129
665 593
222 370
165 664
705 479
421 332
293 100
366 546
391 483
138 623
217 236
729 114
325 850
815 13
143 541
974 100
860 157
315 161
150 770
480 847
901 126
409 990
619 833
616 272
591 499
203 325
14 196
674 847
892 497
872 970
223 985
456 929
45 102
791 101
152 923
519 287
374 245
238 182
629 281
967 110
414 686
469 496
825 986
778 964
11 336
194 991
775 835
602 932
237 284
304 949
203 704
212 985
136 577
910 571
883 354
432 893
818 636
843 303
130 549
624 569
404 775
996 75
368 271
791 367
443 912
930 598
168 91
535 681
764 593
930 315
714 991
56 42
589 744
29 603
193 690
655 776
966 667
771 761
19 170
884 615
779 944
999 11
929 933
435 707
268 884
98 276
103 780
13 671
911 942
359 385
774 491
318 711
789 307
767 857
180 369
128 330
774 924
259 121
528 1
939 494
909 281
251 161
756 167
513 426
426 767
520 2
738 683
265 755
734 488
901 210
95 142
789 479
480 545
295 882
916 713
137 879
326 824
269 706
536 581
962 890
78 647
143 827
728 296
885 211
129 421
35 384
649 289
848 531
934 881
528 378
802 136
117 633
250 692
772 347
921 377
917 846
687 292
254 363
674 342
676 456
373 34
76 424
56 781
429 571
790 180
979 575
132 755
209 116
328 166
30 114
613 321
163 555
51 181
616 641
870 775
886 692
981 970
21 253
356 517
793 790
486 409
76 249
111 86
545 487
552 266
531 520
474 652
646 936
631 56
506 351
474 385
446 309
196 869
714 818
490 792
922 866
873 214
501 330
207 633
818 622
685 122
732 774
755 169
730 771
709 270
741 44
73 960
750 120
872 554
787 6
229 61
316 722
264 63
64 506
994 148
689 117
876 476
340 716
188 611
135 852
464 831
308 207
708 458
587 708
753 797
443 426
344 925
630 919
840 626
244 880
693 578
150 599
18 142
60 437
494 906
942 720
199 112
297 991
294 349
458 119
114 60
396 862
615 483
512 568
987 831
999 982
703 861
120 481
836 66
344 251
382 575
755 122
355 915
77 671
53 333
731 571
590 333
331 637
499 116
765 530
591 822
686 42
31 597
973 63
699 408
996 382
420 834
775 269
921 190
557 4
233 726
734 185
465 964
560 452
376 843
537 281
934 272
634 696
457 483
629 21
421 257
485 435
548 67
242 620
343 367
362 978
969 869
190 974
280 375
479 697
62 32
818 233
477 495
353 291
462 1
585 187
818 21
867 809
400 438
321 463
931 756
493 19
318 377
677 582
254 390
449 131
962 311
879 496
897 644
486 753
749 195
659 964
725 340
343 523
836 381
364 410
184 932
667 563
822 446
110 154
504 833
502 429
605 949
783 873
698 872
406 449
680 33
983 996
659 443
468 77
941 534
969 314
643 808
40 550
677 227
348 758
480 569
704 655
524 988
505 176
377 732
562 819
60 609
684 229
123 249
150 666
466 185
942 564
401 163
541 77
237 268
64 32
727 415
585 114
359 573
174 880
742 178
252 690
817 235
90 854
720 711
15 295
14 783
373 475
27 561
350 299
788 738
149 504
253 769
729 268
233 482
43 220
152 636
282 249
889 912
546 777
231 373
542 600
332 366
207 598
322 644
594 526
461 179
415 801
563 342
121 370
474 190
469 730
890 257
35 412
90 100
58 810
413 630
420 855
929 896
707 474
529 369
827 812
176 607
656 590
760 464
46 746
756 627
967 639
534 166
193 447
456 770
923 840
754 280
625 765
851 764
988 947
322 669
320 703
354 423
688 597
505 539
765 410
200 273
90 990
285 135
861 193
587 731
22 611
793 676
762 483
727 291
257 700
588 322
329 479
624 981
791 101
153 770
888 88
693 145
888 644
549 576
977 674
435 140
228 89
908 460
610 318
356 534
938 265
892 22
667 741
248 517
63 998
400 12
683 798
427 758
842 974
821 990
553 813
917 258
550 801
553 91
872 225
204 187
560 431
342 153
556 951
794 436
992 59
716 592
155 520
989 948
552 466
956 559
152 594
713 708
802 253
900 878
381 513
83 151
960 36
235 575
310 817
923 387
912 265
381 768
621 19
73 528
352 629
677 244
439 489
742 121
990 40
507 189
281 297
251 538
963 325
615 381
688 314
401 580
938 354
452 953
17 130
609 481
29 490
868 411
976 401
154 801
718 49
664 779
542 790
9 949
348 14
262 276
589 88
339 814
353 727
709 679
873 389
207 397
314 504
718 445
793 774
507 286
729 119
766 160
41 478
2 146
740 62
984 197
190 785
357 45
377 599
232 484
230 903
338 616
920 665
985 364
929 437
847 754
425 20
229 506
216 884
920 766
892 130
324 459
523 791
413 402
760 458
899 479
454 274
530 671
416 605
606 845
927 3
256 709
334 379
565 818
735 674
224 2
29 711
51 808
737 367
300 414
430 225
704 326
646 68
94 211
288 974
256 929
958 672
801 413
513 989
774 127
583 826
468 969
178 535
714 70
45 836
602 784
134 5
456 442
416 113
355 906
167 493
443 190
768 192
571 222
120 479
3 791
912 522
162 330
684 640
652 723
574 656
658 893
892 669
43 763
767 963
458 841
983 882
228 240
932 639
518 768
366 790
553 842
332 700
714 901
25 155
912 880
776 60
738 565
453 766
151 730
826 114
61 933
740 235
539 733
121 983
472 659
192 516
686 263
279 742
138 4
338 52
475 1
53 808
136 539
360 244
723 825
110 453
994 374
887 663
104 50
473 467
315 407
385 195
986 155
231 655
365 122
366 487
599 583
947 717
93 51
845 726
756 740
254 951
534 559
480 289
284 911
485 236
60 955
292 818
46 96
399 932
91 422
504 106
949 991
883 649
72 65
772 139
95 776
199 18
99 46
630 375
484 942
495 261
463 494
231 232
407 466
194 800
508 212
8 48
565 151
634 50
606 280
868 690
179 976
323 693
116 900
307 8
811 991
1000 746
319 799
193 434
353 478
30 177
608 891
383 400
829 716
711 531
507 617
721 130
257 87
640 492
674 162
252 596
603 364
204 447
495 630
337 793
224 351
257 872
924 982
425 725
934 220
438 104
676 458
952 46
476 860
652 981
334 998
595 692
151 411
679 179
419 281
829 630
186 188
551 608
269 147
708 974
605 245
908 58
156 636
481 438
383 127
178 570
236 526
102 95
615 214
702 549
378 219
45 860
940 199
225 406
432 689
256 61
95 975
322 375
956 388
494 42
166 751
705 129
187 726
819 193
743 952
155 177
556 55
23 787
539 872
313 415
218 943
286 731
249 182
6 367
941 723
732 231
787 524
489 535
911 610
56 878
497 322
946 426
1000 760
563 615
241 276
159 611
955 832
65 365
513 408
95 457
927 544
839 638
637 192
442 221
27 978
784 207
761 89
721 874
602 511
154 300
288 94
887 458
915 106
38 429
502 460
884 451
11 760
19 935
708 724
891 880
757 260
499 507
171 891
515 858
812 441
934 803
692 871
339 592
573 757
503 929
762 168
194 607
57 241
517 998
908 106
725 309
943 105
430 259
909 763
873 773
717 505
503 699
11 485
23 614
440 385
150 578
457 756
394 950
387 604
917 134
172 260
117 435
634 567
8 127
828 290
294 844
444 73
404 664
235 687
27 378
655 437
301 771
803 583
489 856
638 823
857 547
636 827
415 995
923 152
950 352
893 713
551 446
363 232
354 883
166 829
181 302
777 435
740 590
113 608
874 349
442 659
473 291
91 262
359 136
875 728
927 274
537 168
745 573
124 454
955 961
739 410
7 296
745 215
664 124
354 12
886 642
220 54
46 298
41 900
980 967
409 196
445 131
885 142
478 566
55 207
190 299
809 839
84 581
958 66
894 343
48 485
67 11
339 548
277 803
200 713
83 760
368 532
369 828
327 771
476 751
123 697
440 183
283 968
137 289
583 704
712 257
709 618
542 279
938 862
884 904
915 558
620 121
397 834
509 40
330 735
445 177
105 768
243 423
470 412
352 482
352 77
343 507
248 355
383 513
374 6
861 776
230 705
765 543
127 184
62 123
975 992
286 142
362 763
192 967
148 137
35 423
958 660
326 515
385 25
662 727
953 704
154 120
701 815
556 765
430 77
446 597
598 276
552 91
957 256
824 521
995 332
314 877
107 460
30 389
462 167
558 22
234 863
241 151
150 167
845 498
294 270
564 228
597 556
887 784
134 868
234 613
75 871
446 281
948 246
25 108
622 664
594 645
687 407
719 818
623 734
637 631
885 6
490 232
208 918
142 427
430 36
248 525
512 186
188 678
581 279
550 941
772 557
495 627
422 379
746 650
926 87
776 855
97 245
579 143
762 852
155 29
223 728
953 653
48 158
402 976
130 348
858 541
50 371
227 699
891 424
670 158
207 689
11 418
832 281
799 545
862 592
301 62
108 691
135 234
284 879
79 883
529 703
508 792
261 665
768 435
387 224
972 393
371 477
379 23
213 553
240 729
913 459
734 404
69 267
388 39
174 287
541 843
445 944
493 295
379 290
792 535
937 162
713 623
781 364
562 578
799 747
912 830
70 977
627 718
748 339
400 200
490 656
652 525
356 743
34 201
586 821
842 122
499 495
101 124
931 20
885 613
631 919
20 22
837 983
565 908
895 826
419 147
507 418
647 323
830 50
168 954
430 990
512 63
245 181
572 890
431 103
861 25
182 603
768 210
630 927
766 831
638 868
558 738
396 661
976 611
735 812
778 565
906 540
329 484
545 524
769 115
368 881
525 275
536 839
837 429
632 931
337 781
760 219
763 966
644 710
128 826
879 290
89 869
72 533
103 287
226 65
728 828
188 513
269 773
365 610
23 103
737 153
566 232
271 658
558 581
422 694
206 399
720 418
60 142
800 784
1 567
973 497
515 39
165 394
485 417
834 896
478 831
209 714
990 796
965 959
491 717
925 661
168 599
28 683
928 292
971 635
876 154
671 858
586 719
553 414
693 237
174 37
624 283
42 784
452 426
205 266
556 972
104 511
349 123
139 803
802 302
49 516
488 995
162 25
704 394
105 545
1000 677
900 68
462 341
359 132
874 573
469 778
31 470
810 758
907 370
567 519
729 420
504 880
262 443
915 179
596 870
865 900
508 599
944 876
17 474
415 837
37 204
14 218
901 741
207 672
33 93
747 807
250 315
684 59
385 579
329 11
579 457
301 158
820 779
145 711
271 322
448 549
255 260
701 783
880 345
928 611
899 36
314 213
581 750
566 868
911 640
466 990
349 620
32 607
262 268
773 921
650 66
627 909
884 707
146 614
462 712
198 8
23 942
565 758
283 378
429 727
987 595
416 192
616 9
131 796
222 71
359 438
387 584
719 245
535 479
826 70
102 469
746 492
86 186
650 131
577 247
795 459
422 722
463 214
596 365
867 973
565 433
436 105
31 612
408 920
136 11
301 241
667 528
941 856
497 194
184 977
424 458
926 122
224 829
115 906
242 481
658 492
356 493
789 556
784 737
9 475
34 66
157 645
69 460
409 85
720 920
334 976
860 499
339 563
136 239
411 677
238 755
750 2
631 609
296 768
542 327
8 776
78 84
384 994
971 883
455 859
116 280
672 538
472 47
277 161
159 496
22 381
359 780
650 759
937 309
724 487
267 431
203 961
80 97
318 873
60 393
580 257
668 243
603 929
991 393
785 288
489 378
525 330
920 325
691 126
584 160
633 447
833 629
872 437
244 990
107 519
314 487
553 57
869 929
167 532
685 982
954 846
895 767
766 559
724 922
207 960
951 738
79 44
854 431
809 897
506 981
475 470
418 901
284 213
905 954
636 32
214 523
937 560
506 508
811 159
686 746
23 457
374 673
454 253
186 815
874 903
938 687
832 722
24 311
605 700
75 78
522 147
708 724
468 260
912 765
988 225
600 949
525 296
33 604
665 899
292 92
72 111
212 845
141 544
399 11
951 445
49 38
602 797
919 387
935 634
427 142
167 299
903 281
107 611
907 151
725 862
854 868
656 335
251 111
162 201
394 510
182 967
891 329
5 85
466 124
598 771
561 998
631 612
874 923
488 433
59 829
437 516
699 632
999 516
618 530
776 640
741 451
165 119
760 502
659 372
474 110
498 344
483 280
220 543
342 15
173 864
272 581
145 776
838 705
679 527
618 779
199 438
963 588
655 197
453 346
395 162
850 602
984 910
397 667
833 221
978 548
969 768
633 101
773 21
464 801
256 142
466 748
550 665
743 634
316 283
444 562
626 892
787 947
505 674
426 427
238 907
612 961
731 445
62 977
869 173
12 787
335 153
226 168
45 453
263 488
372 161
733 948
916 630
115 452
276 406
632 9
171 755
399 11
169 291
9 41
640 933
619 846
667 683
530 636
541 438
573 114
587 294
782 940
15 605
269 309
12 548
170 643
463 736
871 883
197 242
874 676
365 668
407 861
873 846
84 123
466 616
240 5
690 428
699 449
826 120
244 78
128 188
896 101
451 210
46 195
200 435
325 125
914 229
348 908
349 286
391 452
111 123
746 600
21 354
887 439
192 871
321 58
440 7
603 283
53 567
779 494
295 478
346 375
190 222
481 918
974 913
318 969
540 383
399 550
547 81
523 745
626 327
59 677
507 308
855 388
569 925
834 473
289 307
673 995
954 755
148 58
618 280
857 416
771 419
428 176
620 120
490 636
852 788
893 586
851 791
833 330
214 993
360 879
1 965
348 900
673 888
451 305
136 495
237 546
375 603
597 378
203 918
665 917
87 803
682 112
873 221
683 363
23 56
346 543
797 21
180 997
200 245
486 317
853 907
729 746
339 627
720 420
487 98
534 473
262 224
758 152
716 515
955 480
873 674
367 181
284 504
29 970
270 679
270 483
62 501
169 940
33 955
814 523
210 582
776 200
815 383
999 287
462 87
719 280
942 620
389 275
13 871
688 114
241 446
381 542
654 347
354 399
105 741
617 312
408 533
716 528
500 65
643 98
929 833
647 26
450 275
603 973
802 67
581 171
912 831
779 277
380 301
786 823
664 251
659 5
469 502
367 452
888 837
878 110
883 316
773 70
844 775
197 920
372 153
200 104
299 121
526 37
890 242
979 523
71 885
959 476
675 520
455 830
218 794
883 906
759 253
561 665
761 177
300 686
727 820
528 420
398 364
673 197
288 249
474 740
504 195
274 42
17 533
35 416
636 609
505 977
797 887
53 937
618 615
210 755
580 601
423 810
905 224
463 589
286 652
58 342
829 564
37 314
840 367
212 375
483 411
169 482
291 746
943 31
528 272
533 297
812 77
483 447
973 148
983 583
606 252
931 391
293 299
692 863
376 262
402 603
553 398
342 464
15 416
840 182
493 882
672 416
923 640
152 252
458 81
920 966
889 585
442 578
705 892
239 692
185 758
60 912
628 16
782 65
704 886
688 985
767 818
27 327
768 104
934 264
610 187
888 91
469 413
364 396
786 583
609 480
513 866
149 996
869 78
186 795
675 219
463 85
959 871
569 70
500 966
5 65
374 235
384 818
64 411
102 557
726 394
901 88
899 7
410 38
133 100
545 636
207 506
537 321
497 14
568 651
761 448
338 818
93 24
855 870
296 858
476 21
275 57
267 808
385 532
839 641
515 667
694 927
289 423
451 875
317 462
438 506
78 146
809 829
636 244
989 559
513 933
344 455
695 931
654 261
81 484
134 902
1 615
328 256
784 833
356 431
559 116
13 683
147 861
423 77
805 220
300 413
779 677
946 954
494 888
5 25
945 366
191 555
910 50
580 72
862 562
254 392
829 117
324 513
65 895
965 209
234 81
807 95
479 620
823 921
261 190
12 100
641 933
698 350
134 700
559 398
57 764
105 904
891 38
482 300
862 33
600 425
119 263
142 220
15 460
987 99
23 98
19 22
630 776
144 824
758 69
17 641
580 187
19 337
102 431
731 215
476 623
554 185
681 628
772 389
548 792
25 251
310 640
917 102
7 925
336 688
205 644
918 47
796 109
608 745
28 130
679 148
37 165
372 618
944 46
14 797
250 222
267 647
415 493
860 434
457 278
906 586
856 681
552 136
486 734
634 847
250 45
771 546
320 236
352 117
145 545
762 288
624 196
42 315
125 92
854 516
789 959
253 361
782 255
222 658
248 365
614 267
348 348
592 370
741 105
240 300
239 602
22 61
682 123
501 178
941 49
958 404
197 464
430 823
890 606
825 107
