
100 2547
585 485
194 94
426 326
606 506
348 248
516 416
521 421
1092 992
422 322
749 649
895 795
337 237
143 43
557 457
945 845
915 815
1055 955
546 446
352 252
522 422
109 9
891 791
1001 901
459 359
222 122
767 667
194 94
698 598
838 738
107 7
674 574
644 544
815 715
434 334
982 882
866 766
467 367
1094 994
1084 984
993 893
399 299
733 633
533 433
231 131
782 682
528 428
172 72
800 700
974 874
717 617
238 138
974 874
956 856
820 720
245 145
519 419
1095 995
894 794
629 529
296 196
299 199
1097 997
377 277
216 116
197 97
1008 908
819 719
639 539
342 242
807 707
207 107
669 569
222 122
637 537
170 70
1031 931
198 98
826 726
700 600
587 487
745 645
872 772
367 267
613 513
1072 972
181 81
995 895
1043 943
313 213
158 58
848 748
403 303
587 487
864 764
1023 923
636 536
129 29
824 724
774 674
889 789
599 439
956 917
344 38
485 95
1063 467
310 813
821 73
719 539
637 239
509 549
777 227
913 656
268 742
981 288
879 429
1017 94
571 239
269 393
316 852
1078 893
975 166
196 269
556 572
1027 825
984 882
204 337
398 45
158 397
836 845
117 226
531 656
425 804
574 722
189 452
420 130
746 798
369 334
456 122
868 148
398 448
614 468
526 23
856 468
602 322
277 946
1032 209
161 623
1002 140
387 861
191 45
216 535
949 626
768 910
135 542
251 102
469 155
891 543
270 594
305 965
929 747
155 267
1066 39
314 38
450 15
965 104
199 427
344 703
151 315
528 232
1062 421
933 684
112 124
646 750
605 317
816 194
107 121
1003 801
467 642
759 861
384 233
655 650
331 484
266 542
1001 514
1052 17
796 616
1002 126
1080 553
503 441
264 718
1043 23
860 412
674 854
877 207
184 866
430 855
612 64
945 388
831 895
117 299
