500 736400
482 485
257 326
286 248
517 421
404 322
713 795
45 43
924 845
873 955
160 252
1 9
838 901
40 122
58 94
676 738
627 574
766 715
862 882
405 367
923 984
379 299
461 433
612 682
133 72
813 874
97 138
908 856
165 145
996 995
623 529
220 199
298 277
157 97
723 719
144 242
48 107
129 122
148 70
35 98
644 600
632 645
272 267
1040 972
977 895
312 213
778 748
567 487
965 923
1 29
616 674
569 540
628 554
493 467
76 46
733 710
575 553
288 191
775 724
723 730
912 988
64 90
354 340
565 549
210 196
922 865
775 678
566 570
934 936
626 722
742 651
194 123
485 431
483 508
617 585
876 853
653 642
896 992
652 725
220 286
727 812
900 859
563 663
56 88
157 179
280 187
537 619
284 261
920 846
124 192
239 261
459 514
931 886
504 530
910 849
382 294
795 799
485 391
351 330
289 298
865 790
250 275
738 826
75 72
788 866
947 951
651 748
595 685
993 956
663 564
265 183
338 400
637 721
206 207
328 323
618 611
64 116
139 109
806 795
412 343
912 862
715 685
1 10
929 881
1025 984
410 403
273 360
507 449
450 541
174 272
882 877
427 359
787 707
355 308
734 770
1 30
248 208
397 311
159 100
874 939
449 422
857 785
286 370
976 989
908 969
103 143
1071 972
1 28
117 61
697 638
424 348
439 347
74 66
442 391
568 638
195 295
854 826
281 196
433 449
845 855
224 143
487 487
181 140
496 564
690 615
124 135
575 564
374 360
766 793
149 163
776 859
793 760
674 711
696 662
90 159
732 660
214 268
935 948
228 315
619 676
349 341
734 689
964 894
644 706
484 490
491 478
628 671
1009 932
944 899
315 237
92 187
554 472
757 772
88 98
952 906
818 911
628 635
316 225
818 823
255 164
432 343
763 732
490 502
721 740
587 576
530 612
992 902
491 454
343 411
880 973
645 703
761 850
152 77
241 220
727 802
352 403
246 181
1 10
479 525
958 919
749 668
551 527
538 462
319 291
580 605
501 457
487 405
349 417
252 279
731 685
637 596
339 307
257 224
271 322
740 840
1002 975
404 401
190 91
254 327
277 330
100 182
648 603
810 793
535 615
702 733
855 864
76 16
773 863
917 987
279 306
123 34
922 840
613 700
658 706
705 787
101 105
807 834
883 798
358 310
634 609
786 690
618 561
644 579
141 60
466 388
340 309
495 407
283 200
352 313
886 970
95 33
291 273
217 277
1007 997
1 40
219 227
764 860
1025 940
600 608
895 990
690 590
738 806
1 52
772 801
727 764
774 710
340 386
503 593
1 50
432 494
228 156
993 936
1058 965
130 86
821 723
189 184
943 868
343 340
404 412
560 487
196 209
418 346
782 860
314 307
59 95
778 821
979 941
828 821
584 587
122 201
741 665
566 527
760 812
385 424
395 459
250 343
789 836
492 506
261 179
914 916
380 430
537 596
731 808
361 269
473 512
737 811
708 685
635 567
804 776
827 855
695 718
756 853
57 97
178 146
688 746
1 15
871 965
415 512
510 480
1057 958
764 665
193 191
905 964
583 515
696 606
887 822
444 536
741 693
12 19
313 335
81 101
828 922
354 294
981 910
499 410
283 250
545 546
635 729
540 609
689 720
946 976
730 759
703 798
14 74
644 648
241 299
793 785
912 846
461 390
801 897
424 416
744 837
272 247
338 293
193 144
987 938
432 467
505 480
944 955
653 665
38 26
468 564
461 449
1 26
576 521
329 301
274 321
701 613
432 388
851 879
915 990
137 188
927 963
903 820
373 300
770 822
160 255
285 277
231 153
366 400
317 227
423 518
420 447
216 315
772 813
271 324
566 502
243 299
725 780
390 376
491 516
225 212
392 329
781 810
434 486
535 485
368 416
938 952
946 894
353 358
1 21
707 647
143 44
630 683
364 361
822 814
147 231
54 8
91 165
431 496
606 699
917 852
553 459
473 535
222 314
954 944
369 306
413 459
717 637
491 447
447 408
44 107
994 962
518 565
448 407
931 857
369 317
181 98
815 818
655 600
267 288
960 902
611 567
271 190
771 749
993 908
359 276
810 748
563 592
360 393
264 363
199 163
1074 983
131 179
41 16
423 478
197 259
779 868
344 295
536 596
140 71
669 622
938 864
715 644
67 5
321 365
434 429
19 64
928 854
759 770
178 88
160 157
277 368
467 421
653 719
330 271
966 975
817 816
1045 962
508 535
492 438
743 696
884 881
259 318
56 45
1 52
421 496
270 313
99 138
429 334
1004 988
8176 6457
9376 9955
7224 9293
6625 8508
5884 7956
7172 9941
9266 8476
9802 8780
5768 9919
6843 9992
6901 5752
7447 7155
6301 9540
5001 9086
8880 8788
6451 5857
5888 7240
6297 9624
9021 8138
7615 6287
6752 9441
9623 7075
9305 6788
5955 7184
7617 9577
7183 9009
6383 8388
9696 6105
5454 6763
8985 8649
5919 8446
9129 9984
8411 7927
5851 5302
9976 7764
9743 6414
6748 5160
6736 5498
7346 8540
8217 5705
8988 6945
9859 7110
7440 9342
8617 5328
5167 6877
8582 6263
5604 6264
8127 7533
9455 9760
5998 5986
5488 9566
8560 9562
7149 5563
7070 6661
6633 8964
9089 7460
9050 9726
5643 5828
9091 5537
6932 9186
7636 7417
5830 6130
9994 9734
7226 9881
9604 7221
7078 8513
7185 6798
6658 5447
8557 5635
7502 5643
9247 5121
7491 6064
8601 6275
6671 5727
8532 6171
8667 8419
6947 8108
8275 8711
8152 5641
7777 8856
9172 9337
5926 5070
7346 5132
5262 8980
7816 8128
6857 5029
8527 6936
5145 9792
8161 5814
5841 8254
8489 8426
7694 8186
8862 6182
8848 7436
6645 8567
9449 7906
9788 7598
7830 7359
5642 5745
7504 9493
6700 5440
7531 9646
6615 7617
7485 9554
9758 9994
7185 6368
8218 7121
5155 6314
6803 6918
9494 5941
6219 7243
9114 7079
7647 7000
8737 7686
8998 6333
9309 8185
8265 5152
9362 8491
6269 9269
9341 7368
9036 7400
7986 6191
7045 6278
7447 5622
6356 9171
6021 7072
9035 5873
7587 8939
6827 9906
8042 9391
6940 5380
7294 7642
7848 7525
8568 5199
9394 5209
9329 7804
7821 5268
5369 8938
9609 9553
7130 9431
8676 5537
7262 8683
5291 8470
8523 9491
9854 9574
9467 8225
6301 6534
9276 9628
5718 7638
7585 5509
9618 6585
5127 8546
6072 5721
5542 5129
7358 7615
7802 9419
7570 7851
8261 7529
7309 5831
8710 7007
6806 6547
6924 7431
8093 5855
9394 6612
7192 7317
9421 7283
5430 5228
9136 6161
7075 9461
5096 7305
6989 5899
8073 5647
6262 6147
7132 9389
5463 5878
5278 7458
7172 9269
9014 8668
8720 5582
5848 8555
9719 8997
6224 7290
6420 8889
7733 7840
9034 6150
7375 6450
7211 7776
8570 5587
8469 6992
7226 9132
9602 5806
8683 9092
8643 8542
8645 9002
6368 8602
9270 8828
7002 9960
5636 6990
9198 6507
7685 7808
5882 7380
6024 9528
6137 8553
5822 7651
9060 5893
9848 7596
5753 7429
7615 7921
9748 9419
9535 7249
6054 7134
6502 9713
9197 7677
8334 5531
7652 6339
8103 6938
9306 8538
8266 6400
6541 9404
7745 6795
8105 8530
9087 8781
6924 7407
7604 9544
7272 7846
9550 6280
6465 6199
7317 7560
9634 8213
9858 5323
7369 6073
6923 6627
8435 8410
8100 9193
5578 7930
6086 9939
7478 6129
7980 6270
5490 7670
8049 8634
7580 9641
5576 7577
8629 6313
6164 5819
5907 8383
8313 9808
8285 6035
5216 5200
7213 7098
6426 9216
8969 8261
9605 6845
6690 8340
9963 5306
5835 9723
5491 7084
5933 7483
5008 6939
5797 6957
5301 8879
6282 9734
9746 8102
7713 5815
7134 8553
5997 7681
7174 5886
9878 7517
7913 8773
5621 8060
9454 5996
6418 5583
7654 9247
6399 7567
5291 9212
9517 7113
9980 5270
6572 6313
8961 6810
9158 5676
9902 6378
6477 8589
8323 7804
9927 7131
9524 5422
8380 5783
8435 5185
7124 7315
7006 7263
5286 9078
9461 8316
5371 5921
5721 7768
9338 6570
8815 6339
9661 7600
9010 7940
7263 6367
9635 9019
9681 7457
9266 6475
5528 5960
7495 5202
6287 7393
8490 7412
9970 6900
7829 6189
6901 5368
9825 9191
7139 6281
9523 8589
8169 7935
7328 7104
9628 5455
5851 6370
6028 6391
9169 9420
6905 7890
9861 5849
8316 6405
7071 5585
9515 6777
9077 5736
5828 9430
5997 7805
6197 9280
7137 7634
9104 9279
6341 6013
5607 9246
7868 7931
9193 5429
7153 8132
6564 5036
9317 8125
8054 6628
8969 5824
7773 6268
6979 5880
6160 7929
7322 7196
7725 9316
5494 9119
9486 5213
8492 8255
7070 9216
9696 8413
8100 5020
7897 9367
7615 9027
8078 7409
7145 6088
6360 7571
7613 7157
6263 8816
9073 5488
9042 8182
6712 9378
7436 5416
7734 6391
8036 8696
7051 7832
8572 6704
5457 7795
8511 9838
8012 7448
7469 7422
5567 7458
9093 8731
7582 8967
8113 6388
6185 5401
8427 6596
7005 8640
6939 5987
8809 9229
7157 7569
5682 9109
9570 6283
6151 5161
6052 9244
6307 7470
7673 5403
9458 6172
8549 9759
6289 7199
5415 8865
7648 8354
6171 7631
7660 5201
9829 8998
5877 9215
5494 9406
7125 6868
9306 8770
5270 7839
5573 8276
9003 6159
7772 6243
9751 5395
8851 9190
9633 5585
7153 6804
5716 5517
6839 6150
9239 9952
7875 7255
9929 9992
5576 7518
8723 9590
5228 5056
8498 6467
7988 7677
8990 5203
7272 8826
8961 5160
9546 6073
8342 8910
7657 5745
7773 6096
9971 7624
9894 5605
8672 9109
5644 9035
9612 7573
7652 8101
5454 6139
9168 8761
6663 7150
6348 8153
9605 9282
7826 8786
5364 8149
5288 7880
6806 9801
7779 9666
7803 7983
9628 8980
9126 7272
9897 6825
7766 8869
9388 7084
7743 7212
8476 5827
6138 8086
7589 8210
9467 5835
7460 8692
6367 8818
5219 7229
7573 6783
5129 5102
5818 9726
6397 5399
6048 9012
9577 5688
9046 7746
6763 6756
6017 6954
5352 9527
8890 6441
5205 7179
5466 7592
6170 5346
6706 6315
5996 7256
8495 7167
6856 6658
8062 7513
8015 6846
9061 7106
6667 8177
5172 9513
8839 7799
9068 7765
6516 6057
6661 5974
5810 5765
9938 5621
7424 5195
8350 7547
9652 6903
7684 5927
9592 8624
8068 5582
9943 9974
7801 9746
6542 5597
7067 9796
6822 6315
9570 8866
6889 9997
7003 7545
8799 8583
7870 8703
5629 6474
7374 6235
6002 7492
8443 6882
6216 6179
8986 6345
