
5000 640400
94 485
506 326
416 248
992 421
649 322
237 795
457 43
815 845
446 955
422 252
791 9
359 901
667 122
598 94
7 738
544 574
334 715
766 882
994 367
893 984
633 299
131 433
428 682
700 72
617 874
874 138
720 856
419 145
794 995
196 529
997 199
116 277
908 97
539 719
707 242
569 107
537 122
931 70
726 98
487 600
772 645
513 267
81 972
943 895
58 213
303 748
764 487
536 923
724 29
789 674
479 540
142 554
339 467
641 46
196 710
494 553
66 191
824 724
208 730
711 988
800 90
314 340
289 549
401 196
466 865
689 678
833 570
225 936
244 722
849 651
113 123
379 431
361 508
65 585
486 853
686 642
286 992
889 725
24 286
491 812
891 859
90 663
181 88
214 179
17 187
472 619
418 261
419 846
356 192
682 261
306 514
201 886
385 530
952 849
500 294
194 799
737 391
324 330
992 298
224 790
260 275
97 826
210 72
649 866
919 951
63 748
958 685
804 956
518 564
428 183
537 400
346 721
153 207
971 323
662 611
197 116
91 109
529 795
126 343
747 862
469 685
770 10
934 881
723 984
895 403
568 360
172 449
958 541
383 272
308 877
970 359
583 707
48 308
930 770
569 30
3 208
20 311
609 100
887 939
825 422
930 785
904 370
241 989
379 969
376 143
962 972
889 28
443 61
216 638
338 348
160 347
406 66
159 391
31 638
204 295
420 826
153 196
425 449
331 855
565 143
838 487
9 140
918 564
533 615
232 135
957 564
591 360
576 793
746 163
377 859
858 760
86 711
434 662
558 159
279 660
840 268
735 948
574 315
126 676
912 341
739 689
821 894
625 706
917 490
201 478
993 671
149 932
52 899
759 237
267 187
256 472
783 772
117 98
516 906
180 911
25 635
380 225
712 823
266 164
216 343
448 732
541 502
664 740
954 576
726 612
772 902
531 454
943 411
750 973
327 703
917 850
5 77
113 220
913 802
791 403
998 181
859 10
345 525
431 919
675 668
833 527
438 462
523 291
916 605
420 457
115 405
660 417
261 279
772 685
388 596
764 307
843 224
206 322
407 840
639 975
852 401
542 91
60 327
757 330
82 182
637 603
93 793
614 615
136 733
187 864
102 16
972 863
163 987
501 306
477 34
492 840
121 700
80 706
138 787
660 105
229 834
827 798
448 310
230 609
832 690
489 561
586 579
291 60
665 388
660 309
702 407
153 200
606 313
123 970
253 33
709 273
832 277
108 997
888 40
481 227
283 860
858 940
284 608
711 990
850 590
239 806
943 52
195 801
95 764
410 710
664 386
900 593
112 50
963 494
754 156
458 936
19 965
225 86
569 723
97 184
194 868
754 340
602 412
61 487
695 209
347 346
719 860
100 307
97 95
843 821
745 941
286 821
492 587
116 201
531 665
424 527
253 812
426 424
413 459
980 343
291 836
833 506
486 179
9 916
575 430
922 596
145 808
897 269
404 512
742 811
728 685
269 567
103 776
745 855
35 718
779 853
71 97
80 146
842 746
128 15
941 965
227 512
30 480
342 958
605 665
531 191
364 964
359 515
867 606
820 822
313 536
207 693
911 19
308 335
430 101
685 922
641 294
113 910
141 410
690 250
700 546
559 729
481 609
503 720
766 976
7 759
882 798
859 74
182 648
425 299
542 785
683 846
853 390
938 897
89 416
624 837
181 247
878 293
933 144
580 938
252 467
207 480
658 955
20 665
954 26
347 564
759 449
446 26
14 521
657 301
710 321
980 613
188 388
636 879
203 990
432 188
129 963
630 820
509 300
237 822
373 255
838 277
395 153
692 400
103 227
218 518
384 447
931 315
396 813
389 324
640 502
287 299
297 780
977 376
512 516
219 212
555 329
398 810
289 486
798 485
598 416
49 952
572 894
697 358
770 21
725 647
542 44
214 683
887 361
45 814
94 231
282 8
82 165
319 496
626 699
146 852
541 459
874 535
725 314
777 944
554 306
208 459
787 637
976 447
912 408
444 107
3 962
301 565
164 407
437 857
652 317
764 98
41 818
737 600
176 288
136 902
128 567
394 190
235 749
42 908
824 276
684 748
979 592
568 393
367 363
52 163
642 983
335 179
126 16
130 478
583 259
129 868
752 295
167 596
856 71
640 622
770 864
431 644
195 5
448 365
701 429
952 64
880 854
168 770
79 88
961 157
472 368
217 421
709 719
147 271
296 975
909 816
764 962
251 535
878 438
753 696
570 881
253 318
666 45
931 52
433 496
810 313
678 138
123 334
212 988
66 508
206 770
750 751
64 780
466 441
337 207
510 516
796 674
175 408
437 920
938 573
848 634
561 878
718 990
948 826
649 696
569 800
663 411
582 422
843 707
202 334
702 986
579 494
725 150
803 562
340 380
156 832
832 979
602 376
234 511
688 414
184 160
978 982
413 238
633 490
585 899
606 251
963 526
350 897
242 39
539 657
739 452
267 538
165 831
177 460
720 185
802 934
644 440
82 490
798 168
197 71
173 977
81 458
235 204
112 803
103 139
268 399
879 420
643 991
106 578
122 972
444 177
262 398
691 348
997 496
446 276
171 825
549 614
281 121
211 730
112 341
408 284
730 698
363 17
89 546
605 672
938 974
168 866
705 377
47 559
400 340
215 527
114 779
51 761
881 483
549 92
679 390
328 583
250 661
203 391
481 336
752 661
707 125
82 89
63 275
660 359
21 178
287 780
219 42
500 5
820 380
95 772
44 816
748 9
678 484
276 545
478 589
663 157
594 901
757 777
947 74
448 247
570 55
313 479
981 785
795 958
552 680
389 393
280 944
864 596
636 619
512 611
892 852
184 283
947 299
614 766
625 312
149 826
377 726
474 733
18 805
662 679
416 403
1 964
530 337
752 541
22 478
981 369
777 946
957 821
275 833
584 837
582 490
121 37
951 594
668 129
118 258
319 246
896 362
521 755
948 504
248 71
474 177
351 176
54 803
155 237
660 677
871 33
486 115
294 597
425 769
245 536
382 956
371 341
708 184
544 234
794 569
387 216
738 537
520 84
281 810
502 657
91 33
503 159
924 520
16 668
33 287
344 229
349 374
606 474
896 672
595 915
441 511
102 123
52 569
654 199
710 396
434 715
245 59
36 610
661 917
413 927
13 270
370 117
400 516
195 215
984 216
476 237
164 615
405 499
674 477
196 760
608 285
907 56
532 966
51 622
716 221
327 194
880 91
710 347
267 252
400 473
376 516
609 385
320 357
196 958
538 665
935 792
404 64
100 420
126 671
855 968
94 877
731 177
253 523
8 139
393 152
543 732
348 246
318 565
489 740
22 902
998 17
49 973
381 298
10 611
429 32
221 11
150 337
717 136
530 889
332 522
942 805
565 28
216 931
61 757
170 609
872 544
644 905
208 595
680 246
697 113
639 175
679 156
961 244
361 883
802 265
359 883
839 462
718 485
280 272
252 204
280 984
102 409
615 398
296 909
481 370
956 882
230 214
259 766
922 35
706 421
272 271
156 370
552 848
485 50
536 976
70 270
902 796
452 963
35 379
947 991
378 551
57 897
352 307
669 421
702 74
141 388
458 559
463 980
756 615
887 681
332 231
528 207
656 818
254 331
787 979
495 445
370 348
10 724
200 401
327 646
17 668
374 242
755 302
980 861
376 830
8 77
32 441
460 589
804 990
23 189
869 868
943 996
715 363
628 237
73 420
199 565
38 214
209 333
327 726
912 175
799 58
372 625
976 66
120 169
667 475
188 204
28 90
704 496
649 1
746 474
697 449
712 252
289 332
625 287
953 189
462 889
302 63
79 378
41 206
823 897
908 230
665 382
36 575
732 60
809 529
66 477
291 290
591 89
583 961
252 461
479 702
530 532
224 680
788 53
309 642
366 1000
352 891
402 822
545 152
113 324
967 633
454 267
723 381
14 272
20 506
308 419
644 461
713 526
482 978
336 468
289 729
496 795
326 581
530 383
167 226
522 421
830 386
91 273
116 484
747 676
395 107
958 229
756 902
262 962
703 105
511 84
481 991
449 701
888 689
599 655
306 600
492 538
803 499
445 881
316 981
889 473
785 383
765 679
491 573
589 589
124 480
741 145
898 624
725 923
682 915
131 232
398 974
906 735
753 678
312 640
790 644
301 212
945 123
447 253
197 943
27 18
573 916
589 327
934 640
209 615
529 470
899 655
15 288
592 401
92 840
575 633
814 707
354 424
127 682
374 194
566 855
594 190
973 728
645 178
603 275
712 88
32 367
298 544
561 738
906 963
626 460
143 266
504 727
836 33
361 442
431 628
554 384
24 244
416 482
735 765
243 446
454 247
932 913
494 560
648 528
357 594
596 935
788 462
536 621
759 660
200 564
566 302
741 936
217 592
219 724
832 118
819 299
487 251
473 129
241 96
64 167
516 169
857 381
218 976
490 767
504 837
707 407
342 203
475 387
175 735
786 706
171 335
232 40
888 821
866 131
976 159
253 978
619 53
642 849
460 478
218 19
218 230
667 453
949 336
89 931
488 588
568 449
526 566
860 272
4 883
772 731
734 80
259 213
270 177
6 872
424 626
204 940
313 150
159 379
205 833
25 517
951 724
721 973
635 581
293 839
712 272
410 412
465 839
366 492
74 553
23 718
416 738
764 839
49 390
817 588
507 523
152 630
256 770
562 746
495 49
414 369
78 537
912 115
59 215
259 971
258 602
841 551
137 40
590 494
383 252
869 158
939 72
282 177
880 667
479 483
454 815
730 19
556 745
195 339
409 614
580 302
99 319
913 670
798 513
318 566
790 27
344 322
80 645
468 210
922 841
179 925
347 521
231 975
597 269
607 929
903 478
310 970
223 684
10 231
845 673
905 348
58 232
93 727
759 597
912 397
906 539
43 907
76 892
552 699
670 408
671 361
353 789
837 529
12 190
889 880
912 236
377 715
56 718
585 439
852 814
715 902
421 658
330 410
51 412
840 90
697 678
848 951
826 37
198 593
341 737
274 211
740 134
339 847
875 490
400 95
603 435
474 737
126 860
973 310
973 548
581 984
788 660
629 86
799 635
475 941
959 56
80 372
917 650
91 964
783 735
773 682
712 151
655 283
953 773
279 643
701 898
706 817
147 269
355 731
100 507
498 841
261 207
591 752
630 318
374 126
960 153
917 101
406 560
759 743
618 816
981 980
641 1
131 82
920 886
534 377
453 465
397 753
51 842
301 547
197 580
910 754
211 37
851 548
42 896
919 656
30 537
674 78
979 540
764 597
937 314
656 845
590 361
337 930
997 654
643 841
652 810
632 98
827 814
659 898
56 237
97 236
304 397
771 468
680 160
344 168
561 189
632 123
666 783
235 991
71 775
327 565
824 906
1 604
948 233
851 693
780 209
603 279
380 231
84 675
684 370
757 814
605 276
304 238
358 710
294 931
742 879
37 492
4 81
707 347
131 417
660 582
89 801
455 195
303 403
680 247
970 356
934 627
951 858
404 803
446 236
349 572
93 485
672 586
158 748
772 235
891 859
532 788
621 345
347 861
227 342
555 779
16 595
303 963
941 260
833 366
190 835
622 733
345 834
893 442
192 773
430 880
160 873
767 793
170 173
810 402
318 60
690 628
224 19
52 146
411 685
203 138
785 593
219 202
61 500
919 89
191 433
711 63
294 514
937 865
253 393
103 269
316 111
625 614
639 272
641 973
139 609
45 236
316 496
218 24
293 871
747 227
879 420
633 850
10 127
356 170
665 224
536 722
823 189
603 597
392 286
258 22
771 957
820 536
139 221
566 281
229 238
325 531
804 449
786 735
983 670
847 646
388 272
632 605
253 394
405 508
137 537
283 955
678 477
659 969
706 692
786 963
313 829
143 638
713 206
244 185
489 187
844 129
896 300
602 114
210 305
930 199
692 916
457 839
241 899
950 452
229 185
212 561
222 848
32 191
747 830
869 860
245 873
575 649
818 591
204 974
584 974
822 452
198 397
942 350
942 597
899 13
375 392
327 343
479 756
66 387
950 924
464 188
286 68
573 552
294 166
137 435
557 14
423 797
427 254
95 300
715 431
403 367
453 197
735 233
1 149
145 62
782 38
848 69
456 425
490 810
679 878
461 503
844 308
70 798
599 437
888 798
395 36
733 583
795 412
368 195
94 878
114 388
46 438
795 532
583 3
321 268
714 417
332 277
257 229
906 445
301 380
277 974
651 248
218 433
109 1000
558 874
388 939
121 760
372 473
228 811
208 766
326 306
572 556
50 521
753 364
77 460
266 136
227 458
502 784
337 648
31 783
629 960
215 137
353 591
274 875
343 440
758 263
838 40
478 835
595 943
255 749
331 263
362 597
84 5
16 999
459 161
220 35
16 891
865 459
719 996
292 592
175 54
461 985
301 401
759 298
715 459
207 77
129 611
681 159
261 467
893 737
399 895
377 49
189 382
360 285
14 388
728 972
314 265
225 729
534 810
914 973
94 818
549 295
674 532
434 58
211 736
986 187
863 896
802 998
279 997
31 476
810 259
968 475
187 494
791 130
190 151
410 639
592 855
886 480
875 478
763 386
352 672
58 361
815 894
562 460
571 148
322 660
465 628
418 329
198 975
554 1
656 507
108 750
453 109
909 915
576 700
646 75
114 896
313 229
692 85
759 144
643 536
462 919
860 516
904 473
959 25
663 25
209 611
564 44
233 722
478 980
716 563
616 672
107 914
979 541
466 882
971 142
76 259
886 35
498 543
150 689
442 721
136 142
36 530
37 503
344 450
550 248
355 599
980 919
473 636
957 181
324 873
859 154
570 427
294 604
260 313
674 363
339 594
259 813
382 829
660 49
430 791
760 554
682 499
664 226
358 345
114 432
142 758
19 64
753 843
163 637
121 941
94 965
398 448
587 857
98 968
142 351
303 758
968 351
533 980
982 662
568 357
519 914
277 548
622 723
517 23
720 170
635 351
55 113
263 783
285 766
189 527
628 206
7 644
290 258
655 861
387 728
641 69
742 128
741 392
793 145
802 51
897 112
262 253
193 340
882 932
131 817
482 965
573 480
443 724
203 839
965 500
75 746
807 811
805 373
513 605
472 252
797 172
690 394
295 177
784 98
532 377
155 486
110 855
884 290
173 130
78 355
714 842
633 233
477 101
119 686
718 736
15 930
472 700
328 69
793 607
199 879
999 916
177 960
525 408
948 679
498 138
495 185
890 782
906 49
334 453
385 630
399 429
338 853
520 545
829 651
481 765
99 159
680 1000
87 179
802 717
890 885
839 32
339 838
883 186
67 470
544 185
357 921
457 376
444 986
642 934
152 171
59 645
616 46
59 681
987 43
353 234
530 103
958 496
613 389
838 931
85 579
86 132
569 908
479 772
683 677
400 343
370 703
882 139
146 344
116 387
760 909
407 539
447 304
388 655
41 378
658 92
119 862
28 411
457 362
198 397
17 290
432 152
321 611
427 173
205 137
344 946
563 365
304 475
47 982
694 920
91 802
961 66
644 778
109 744
959 464
969 313
42 341
108 685
648 331
49 85
228 676
929 91
527 534
967 166
316 51
582 966
840 841
575 625
503 114
911 16
305 113
989 826
836 506
369 738
587 564
232 455
452 735
900 264
952 548
81 738
995 853
562 575
739 569
705 365
5 620
557 264
490 193
294 21
361 373
900 84
47 250
205 288
145 132
846 151
658 419
849 521
680 974
148 655
96 648
210 737
690 298
19 187
831 981
679 965
726 954
528 166
15 248
564 636
847 560
721 563
9 24
700 896
446 803
858 16
699 274
271 714
977 449
533 229
154 280
756 423
871 868
912 124
727 970
968 231
569 935
163 808
618 23
685 210
650 88
807 151
393 770
276 555
304 613
911 866
233 223
42 303
400 305
162 306
51 900
734 964
933 397
366 898
16 59
177 628
360 225
742 537
725 612
868 633
489 314
501 478
632 981
365 904
196 819
496 108
744 179
145 152
501 598
880 349
248 80
683 762
500 314
389 513
620 205
91 584
721 652
859 894
665 198
416 143
481 671
320 302
865 611
126 631
757 526
963 526
781 403
240 231
330 830
518 283
824 864
935 755
51 159
309 220
18 447
863 800
1 833
749 805
658 791
577 412
579 857
509 408
154 895
923 360
397 827
687 971
959 961
617 519
637 335
623 238
174 883
775 222
608 886
306 708
1000 475
957 876
641 123
472 127
726 384
305 745
714 284
643 429
708 685
631 512
489 503
829 599
746 983
732 462
732 992
669 270
422 491
54 282
900 831
682 167
666 115
957 661
109 564
454 934
964 608
933 513
140 53
195 659
24 646
657 164
231 763
169 825
128 949
537 355
264 811
46 164
4 851
900 289
802 392
68 224
450 460
126 903
58 347
398 638
486 101
451 587
335 797
162 881
106 210
745 243
969 969
432 298
159 253
634 593
565 453
16 657
610 72
503 222
511 319
752 61
55 694
469 384
829 801
692 136
177 536
211 958
499 647
115 526
984 28
818 904
233 509
424 884
976 565
371 601
406 323
334 522
784 192
676 103
168 451
427 867
432 602
531 783
337 311
677 994
537 172
1000 51
379 389
103 237
785 721
943 597
412 492
572 331
828 380
771 259
939 726
594 55
19 501
500 459
376 790
689 4
776 634
474 117
575 601
953 808
143 544
510 542
221 590
615 827
599 817
567 617
545 32
727 879
558 692
307 685
564 88
331 911
568 546
881 580
649 997
746 937
393 988
237 351
517 661
521 630
213 360
820 908
199 203
813 479
14 251
803 162
448 905
207 167
86 862
123 369
220 181
158 765
944 251
424 909
311 645
399 568
59 847
253 538
233 540
312 99
790 423
849 246
202 165
552 544
653 52
788 131
893 372
113 471
498 625
442 684
929 378
86 534
12 73
318 540
258 671
524 127
579 412
424 972
468 823
364 663
81 784
399 588
896 496
151 170
626 153
367 199
837 152
640 258
124 283
572 289
408 608
358 463
895 180
884 329
523 221
438 294
278 125
25 625
729 427
996 796
956 151
188 867
519 122
35 370
311 840
195 115
829 875
784 912
904 85
99 969
443 714
738 971
713 743
109 198
388 635
836 41
261 640
693 731
453 222
489 536
514 165
70 311
334 124
711 773
634 923
135 280
271 257
452 961
669 267
128 238
284 810
524 171
143 288
989 389
994 566
280 74
392 813
473 49
231 175
895 754
943 457
548 897
677 512
840 68
358 236
541 574
758 893
542 615
689 857
16 538
721 72
618 292
958 916
265 804
547 656
252 379
605 67
263 280
735 361
178 984
416 271
441 489
398 256
7 882
4 225
27 529
639 510
413 1000
502 191
226 813
327 898
170 420
711 470
123 619
946 377
623 465
312 887
736 764
8 55
915 727
22 844
650 644
831 181
508 171
534 545
415 439
896 547
982 417
193 205
389 500
801 332
337 820
489 416
733 243
271 854
942 66
954 236
48 568
919 969
394 706
881 295
917 167
375 773
10 279
448 661
128 727
530 838
541 404
311 743
316 234
473 529
381 191
652 832
2 537
137 366
349 880
100 940
663 745
67 37
443 672
295 809
217 682
911 979
359 300
855 511
298 732
616 868
330 618
160 769
803 186
50 584
208 832
585 716
530 472
951 272
654 498
986 365
812 583
805 479
699 898
500 133
643 646
544 915
970 55
987 213
888 623
646 875
398 513
510 356
625 586
694 16
933 984
493 422
20 354
104 214
230 890
962 212
50 27
351 769
498 835
864 232
228 254
713 642
77 476
407 919
497 912
269 754
29 734
197 967
398 41
747 259
386 926
125 840
411 544
359 908
844 225
580 69
108 121
838 523
408 678
814 593
421 665
999 314
507 992
557 596
645 358
571 524
532 163
426 942
387 537
230 182
246 204
537 208
716 653
563 848
947 532
633 103
834 871
938 932
329 507
481 986
957 613
405 323
689 590
332 377
686 905
989 932
650 474
93 606
119 389
282 671
450 360
3 845
324 646
544 99
957 609
734 501
268 764
699 598
171 242
151 390
279 61
891 259
142 519
380 826
353 942
711 282
929 896
609 982
61 276
398 301
385 952
631 856
859 428
225 255
207 723
328 280
971 937
547 37
628 901
848 456
543 996
864 590
228 455
85 510
668 667
936 829
755 51
832 383
928 340
85 915
242 797
786 547
845 1000
480 335
250 785
247 797
188 299
415 343
495 281
149 282
755 264
850 78
14 134
661 126
223 862
649 190
790 340
761 724
418 271
959 701
627 464
668 405
429 230
698 153
486 923
309 813
734 686
751 925
389 21
339 58
572 295
2 900
873 956
257 86
965 346
412 427
546 221
435 202
886 417
378 424
805 943
927 883
587 290
333 47
622 269
685 775
249 379
668 121
885 362
7 534
371 828
899 388
549 908
305 394
66 282
118 432
920 443
297 737
427 584
422 206
244 328
271 848
533 805
2 337
624 488
222 519
335 362
575 230
415 393
617 353
758 275
265 845
187 377
174 202
220 971
311 431
82 508
270 825
682 226
946 719
637 540
962 973
102 480
677 347
139 536
647 842
877 640
766 211
578 687
619 579
922 168
35 678
758 244
229 479
516 749
902 49
559 177
368 805
308 345
625 569
55 926
912 273
60 743
882 885
769 816
594 151
304 75
632 863
755 636
600 645
424 859
91 817
412 355
971 930
588 850
759 282
550 549
134 115
710 394
113 465
356 153
985 650
339 615
992 846
725 184
955 15
961 304
156 437
63 943
631 929
770 535
546 388
988 523
999 515
88 45
870 657
248 748
667 49
302 369
344 374
536 140
195 282
477 816
655 463
187 527
384 533
955 747
720 921
709 699
31 318
853 854
15 938
999 663
941 360
158 188
979 685
736 709
683 825
437 150
614 332
382 577
731 739
699 755
883 614
693 497
904 519
650 439
598 960
694 644
962 761
718 310
719 654
464 973
599 641
727 551
694 465
139 624
315 214
437 435
992 383
304 449
72 354
554 628
712 855
585 25
702 34
251 561
158 68
894 914
756 333
591 294
587 768
86 448
564 698
85 742
122 32
993 671
42 716
98 83
137 163
389 953
205 671
640 657
357 748
541 799
629 289
712 248
425 30
147 749
722 740
105 353
999 644
382 808
859 72
213 422
260 376
60 952
908 883
698 707
664 619
89 664
854 866
663 161
963 894
614 707
914 143
146 607
105 321
411 87
830 899
160 65
686 162
212 651
14 458
845 579
979 203
158 281
939 108
527 429
718 782
675 86
935 863
239 750
317 250
458 311
623 320
615 337
412 21
431 596
639 993
180 997
857 961
640 807
497 881
557 127
398 985
670 523
262 617
425 47
175 994
832 614
850 259
149 986
207 564
651 1
603 787
867 204
295 993
444 156
987 87
820 579
879 226
99 709
25 177
535 985
450 951
985 32
611 801
406 800
54 61
530 701
343 61
967 429
57 695
988 230
981 42
233 487
717 527
950 112
726 249
994 334
524 75
985 599
991 525
783 510
835 826
666 100
526 721
580 843
443 374
165 48
531 285
879 645
667 938
595 888
744 527
1 579
55 779
588 680
865 716
508 977
436 417
37 850
381 974
197 972
376 524
107 902
170 156
363 225
926 344
894 737
52 615
214 292
760 451
934 648
494 529
760 773
691 724
817 699
374 422
439 73
566 700
954 956
717 500
392 481
602 910
163 135
20 52
397 804
834 31
68 850
184 32
952 581
316 520
768 556
423 309
277 441
111 57
543 455
552 488
379 695
387 518
110 679
671 290
811 111
75 83
728 42
149 926
47 462
5 201
712 167
283 143
532 78
480 849
36 305
752 517
768 168
756 101
283 43
478 174
195 203
405 51
151 644
377 358
282 523
720 387
524 978
175 89
799 421
156 814
182 48
504 926
418 319
298 87
486 705
918 483
226 618
749 475
366 756
934 773
388 753
514 370
607 360
53 815
707 609
433 405
218 607
868 495
661 233
289 72
356 388
812 110
548 545
959 391
271 574
50 742
810 76
23 362
847 781
595 163
955 447
633 386
170 426
873 357
246 97
157 443
495 456
867 170
108 739
383 818
679 991
328 829
719 456
59 590
327 237
589 748
740 803
185 321
499 685
713 387
825 901
306 118
292 202
672 283
831 333
896 122
491 241
389 551
192 816
361 660
995 436
445 435
89 865
69 438
858 660
770 13
865 727
659 99
831 204
422 494
832 763
927 529
421 666
827 312
552 824
503 239
687 967
897 446
695 668
56 677
945 755
600 208
162 491
325 152
429 756
913 358
971 585
128 876
163 293
416 322
860 550
655 530
335 201
36 713
825 240
143 282
190 975
277 432
426 39
980 719
784 4
269 80
469 874
799 568
615 887
735 667
456 644
805 258
646 717
539 199
860 371
71 704
411 531
15 576
754 733
964 477
942 50
62 295
930 50
71 223
679 578
5 351
478 87
191 435
378 1
304 764
852 287
161 53
830 779
705 860
601 241
912 599
513 929
153 15
245 935
678 558
229 203
93 913
669 698
471 514
558 529
561 356
932 904
532 75
538 235
400 560
976 688
877 959
879 678
993 685
203 283
182 233
599 687
851 661
87 746
474 337
358 775
626 100
280 748
859 168
722 143
238 801
678 830
559 986
834 451
59 876
624 906
796 523
296 257
867 64
761 787
740 108
382 392
773 640
885 845
49 862
708 659
73 291
812 655
914 100
216 429
562 745
14 978
475 498
227 525
418 237
494 192
577 993
786 233
120 451
383 312
699 210
395 476
317 897
105 710
410 680
675 849
953 591
532 397
321 889
406 807
779 112
66 726
565 675
519 485
854 113
521 896
229 536
866 524
596 983
95 504
938 92
897 42
455 179
460 511
480 651
620 83
34 54
594 881
923 422
151 488
348 663
704 858
970 380
343 825
692 234
58 928
799 419
389 660
389 696
978 606
653 982
417 310
483 987
522 780
680 349
607 182
452 200
623 529
880 162
5 6
872 477
583 756
453 776
122 331
9 882
819 220
691 964
632 130
715 138
829 252
56 78
59 179
28 464
859 195
145 446
160 967
453 164
866 917
400 465
622 315
830 557
859 701
152 970
359 125
221 887
872 245
646 347
663 115
711 836
271 538
530 572
44 513
573 684
550 450
955 512
268 1
937 799
117 295
294 805
105 866
29 526
86 818
656 137
352 275
914 487
712 298
150 719
388 590
142 736
47 813
28 410
567 176
76 273
989 643
794 487
618 805
768 532
732 944
504 821
520 254
8 366
825 961
803 621
550 796
531 597
810 43
381 667
589 363
853 985
424 296
440 893
382 378
801 397
686 475
427 449
124 431
93 444
167 352
259 184
237 262
313 686
211 167
899 239
9 824
63 658
738 272
484 979
777 237
964 267
678 750
285 794
784 244
949 166
117 814
467 358
853 496
635 319
893 454
281 906
375 970
239 697
782 928
497 396
671 531
798 205
699 6
585 395
665 617
277 439
112 629
831 241
202 734
877 989
973 684
501 416
283 742
520 969
641 476
181 622
620 703
137 188
23 551
844 954
993 672
472 363
260 434
931 694
176 188
931 548
358 789
745 853
769 454
198 983
734 319
858 660
500 244
907 390
758 740
34 322
598 238
578 911
684 945
378 121
251 678
370 734
29 220
842 660
909 368
181 774
98 638
684 497
395 248
216 367
781 538
199 359
618 112
183 286
956 789
817 46
576 641
165 17
973 149
451 19
451 742
130 538
424 972
953 363
381 150
706 289
16 709
215 516
51 1
436 124
441 419
540 401
33 632
888 201
843 934
386 860
79 950
272 736
573 983
347 916
694 571
511 507
330 408
477 807
523 917
876 710
191 590
935 830
251 446
56 273
210 649
473 125
285 963
75 827
900 280
591 241
555 457
458 606
959 240
215 570
328 208
108 992
401 755
213 184
530 146
823 205
599 819
773 488
57 490
359 831
58 958
865 478
190 158
472 344
845 824
190 962
204 910
694 484
716 134
732 389
418 397
547 290
5 695
986 258
175 893
561 817
146 539
149 959
884 21
451 317
957 237
385 75
789 36
768 625
91 827
54 904
96 908
624 595
713 730
396 223
491 705
196 789
153 996
39 928
97 50
177 424
781 443
955 961
830 180
877 600
506 941
88 556
630 644
24 901
727 360
766 427
889 387
12 517
451 636
786 709
962 497
581 557
545 302
279 216
754 420
178 743
351 833
133 918
225 719
113 235
962 980
830 194
750 806
398 184
707 720
571 626
681 510
972 728
788 793
586 652
487 359
993 937
483 714
187 402
582 547
678 409
406 715
318 432
36 190
533 535
317 356
350 259
179 477
513 943
147 537
200 641
616 449
368 699
325 893
268 845
119 787
316 916
520 601
586 537
944 983
629 872
662 236
358 43
837 907
896 931
418 585
997 27
513 886
267 216
438 158
949 681
905 11
550 895
884 209
840 57
414 413
138 607
362 483
473 24
473 114
29 450
891 382
556 525
157 779
724 413
381 608
554 683
41 879
600 870
509 816
130 699
499 653
233 630
228 509
169 948
533 856
973 791
157 716
522 693
210 58
929 269
284 168
614 46
801 564
126 782
864 233
885 5
169 1
957 516
345 872
115 996
107 248
427 447
746 711
883 325
139 849
789 220
519 362
55 560
943 796
84 859
208 722
341 529
53 127
2 986
308 486
346 725
513 39
875 341
670 50
587 74
300 283
429 759
747 362
407 84
709 109
151 488
937 325
854 212
316 738
101 742
594 844
612 585
945 335
986 509
918 185
430 905
257 124
283 874
284 299
979 445
353 346
259 745
241 582
467 514
688 790
393 628
30 997
483 549
209 461
498 108
950 946
447 412
222 192
605 279
205 145
294 537
710 479
50 458
465 202
122 775
367 999
874 23
805 374
156 421
59 566
242 870
169 367
3 576
735 835
735 732
530 618
486 714
527 936
506 280
152 389
61 527
875 426
652 355
762 939
779 308
621 341
931 717
435 869
550 137
352 18
19 653
144 888
69 917
370 474
318 647
368 907
712 326
386 417
932 764
754 607
76 320
178 566
930 704
625 359
28 346
869 343
911 829
923 319
688 983
458 783
954 42
413 743
697 648
414 274
621 71
168 119
242 124
166 709
316 992
991 442
640 49
778 640
950 856
174 237
691 970
26 829
714 965
532 142
898 489
381 920
963 784
513 927
674 27
172 926
789 867
624 90
920 81
795 704
685 530
174 324
985 203
848 975
475 685
936 716
201 492
914 647
683 98
936 962
744 739
914 6
647 84
553 826
350 757
157 83
14 33
366 632
192 46
103 433
128 693
486 108
696 727
944 571
912 545
986 997
744 238
923 247
912 600
757 23
263 275
154 317
639 190
11 335
482 318
59 207
6 817
498 667
75 44
549 400
686 154
123 420
766 809
619 511
747 50
521 5
70 493
495 35
523 351
384 803
844 689
216 469
1000 814
631 612
104 977
468 675
705 16
358 954
285 817
686 737
492 791
832 375
417 97
736 855
55 575
650 544
610 242
849 968
73 375
129 396
961 272
17 318
478 143
351 852
794 176
887 929
944 154
935 986
426 377
890 927
334 899
356 283
183 596
372 458
8 377
29 671
555 22
847 199
432 844
44 269
137 811
132 723
298 151
689 298
166 986
919 790
396 750
179 24
608 629
92 745
294 671
367 208
594 727
580 521
947 499
278 171
246 621
328 771
878 915
155 562
320 592
244 872
381 900
474 611
409 967
141 928
969 229
466 557
794 599
43 704
3 334
371 120
524 380
191 838
584 9
448 215
150 463
894 553
766 570
318 439
86 623
99 203
76 240
763 407
30 42
384 968
325 307
671 544
928 731
845 879
293 590
341 684
178 586
663 917
2 900
691 201
235 346
138 926
995 92
821 461
795 947
439 238
508 94
709 480
862 286
910 241
752 605
798 591
985 255
868 73
221 148
163 429
563 274
158 46
883 715
717 833
781 1000
676 396
165 722
346 660
546 360
959 682
77 154
422 698
983 777
810 511
643 745
197 422
699 500
259 221
327 467
894 776
472 740
987 88
994 483
209 264
776 750
234 797
673 818
953 681
928 283
179 277
401 172
531 89
911 43
686 73
171 960
109 829
567 802
408 645
465 262
423 311
283 21
388 143
879 440
100 649
119 219
773 286
10 947
298 1
955 677
105 229
908 597
957 637
416 512
95 911
997 902
927 886
840 719
169 362
987 529
587 182
465 315
259 398
371 193
877 475
75 53
585 629
829 950
251 308
277 184
876 10
771 104
142 480
187 641
733 540
561 56
537 236
50 432
192 642
6 547
656 867
610 662
978 149
394 136
106 269
483 7
891 251
205 599
928 634
368 543
260 80
550 873
963 806
454 774
978 892
73 68
705 725
981 766
873 722
175 790
751 485
245 929
88 564
122 503
184 696
170 957
531 290
461 345
644 993
393 898
3 2
239 537
345 788
872 615
784 70
905 341
582 56
657 194
936 195
459 837
634 62
862 175
524 14
442 779
873 752
294 517
145 382
645 829
830 917
790 703
620 351
42 176
994 529
633 222
693 219
677 260
715 351
328 505
276 504
554 132
829 824
602 518
799 334
253 660
324 979
477 896
905 815
561 515
55 413
402 377
660 720
181 584
759 120
204 158
632 396
56 399
765 813
73 168
857 645
341 595
446 723
631 7
348 156
543 123
418 120
936 503
169 926
902 318
593 932
414 892
490 631
592 209
876 147
631 479
282 119
209 13
961 33
9 728
927 986
2 75
663 685
222 387
665 521
669 394
773 488
465 518
544 603
630 172
799 317
383 70
984 81
787 215
321 504
23 279
792 163
213 368
529 513
242 123
526 565
197 759
472 760
922 503
972 246
151 199
865 816
790 883
158 453
177 908
577 533
652 256
97 628
156 524
229 840
374 281
869 183
938 377
182 479
213 868
460 819
350 971
95 407
640 96
704 225
670 408
333 76
382 79
528 306
180 510
54 333
455 675
259 618
368 517
242 690
798 113
42 518
831 926
61 335
233 195
874 488
55 704
306 568
335 271
351 48
584 584
416 245
192 595
986 538
187 558
889 837
321 19
516 780
166 804
22 460
317 830
344 46
462 583
147 630
380 118
156 410
612 646
721 515
487 694
744 283
144 200
606 787
641 252
564 471
888 48
878 553
287 646
166 711
33 146
61 874
600 854
417 412
12 748
778 781
446 216
255 953
178 672
110 929
979 16
320 781
368 726
210 947
436 495
496 927
996 452
684 32
569 645
156 426
413 336
298 164
898 349
613 624
950 689
44 851
643 45
123 217
259 651
486 510
112 205
90 211
337 73
811 411
41 277
368 272
618 243
435 791
135 225
388 869
519 288
381 556
684 982
528 431
875 370
781 270
335 908
392 437
358 22
447 559
213 867
896 347
959 299
193 376
672 208
858 459
113 128
868 801
268 167
109 859
606 360
243 902
564 103
686 779
814 583
179 498
233 411
786 757
977 403
945 836
667 477
425 965
864 837
14 726
781 515
149 537
39 736
718 442
333 692
136 600
590 334
339 326
441 105
609 564
803 80
966 975
978 326
495 81
760 236
359 494
308 688
131 493
635 110
295 344
676 38
834 704
256 857
845 47
696 161
849 619
873 453
165 948
722 381
911 115
678 320
450 342
325 56
589 444
357 487
381 162
21 352
904 375
458 36
410 602
899 391
630 198
343 398
754 400
415 728
900 685
37 998
699 930
91 664
574 585
905 430
609 476
990 815
503 994
407 506
561 635
302 695
371 842
426 360
888 670
68 305
812 188
666 993
591 397
692 932
194 280
499 327
2 316
649 960
761 515
628 239
139 358
437 148
142 153
653 46
363 27
62 261
482 93
751 982
178 132
418 113
181 493
968 983
265 700
572 85
611 400
164 272
839 262
115 756
418 865
428 845
984 787
897 121
986 19
354 304
167 483
970 376
115 524
498 362
317 872
697 403
570 108
555 920
119 112
581 913
3 157
675 768
819 234
737 367
247 170
302 907
354 645
239 360
792 25
416 786
616 637
812 806
920 763
109 195
439 840
679 369
61 777
183 60
407 835
706 140
567 790
944 220
1 271
503 100
320 785
603 54
646 159
83 954
394 665
943 302
700 241
989 894
900 585
875 979
577 778
623 347
357 675
43 198
789 532
12 960
47 86
433 167
988 218
672 451
365 210
780 740
825 184
219 917
868 249
836 716
620 765
326 834
797 470
475 765
196 738
291 951
641 838
341 763
293 985
456 284
235 251
408 730
963 8
212 810
1 845
612 416
597 454
352 372
755 145
956 262
330 699
16 159
706 460
19 862
78 257
903 355
418 327
191 595
534 919
862 785
543 18
977 590
423 762
404 652
163 730
147 988
235 819
470 850
958 876
144 418
563 150
745 562
196 577
702 932
485 158
506 334
403 859
263 383
791 644
813 864
713 276
323 924
17 63
827 286
473 931
126 798
479 955
169 743
247 231
408 216
452 404
311 557
591 235
744 585
392 249
430 154
177 259
16 673
979 867
241 621
719 427
644 339
167 221
156 348
157 716
314 307
129 11
536 457
192 728
418 39
159 797
52 679
471 275
630 640
843 707
701 100
85 538
299 311
6 415
94 198
252 165
62 394
69 408
896 832
722 478
360 302
399 883
35 4
751 336
434 428
301 778
410 159
653 779
713 86
824 687
259 106
62 20
162 776
638 174
356 940
17 343
238 897
117 104
559 675
14 127
119 289
534 573
686 2
420 225
337 515
179 910
855 570
105 799
745 442
168 563
416 251
698 272
353 925
821 864
435 689
558 490
273 220
505 919
851 89
815 19
695 994
904 259
157 275
712 9
968 539
958 224
832 375
31 166
124 805
866 798
748 354
180 63
53 568
195 29
126 208
360 274
112 984
190 576
162 616
407 701
889 879
605 564
71 781
613 876
571 77
176 623
614 282
412 193
542 994
240 787
275 50
420 283
862 608
382 682
746 15
281 409
234 395
352 945
962 345
689 478
834 210
724 415
957 20
26 356
608 773
803 212
894 77
720 771
55 246
559 908
569 387
844 305
799 682
588 340
429 975
509 792
278 127
570 905
645 278
275 341
23 381
40 461
162 179
70 28
879 447
771 27
10 456
587 279
330 385
844 72
308 723
463 526
746 617
845 562
161 786
57 262
208 847
21 2
124 578
636 868
800 646
870 523
330 689
138 713
649 315
813 242
67 729
945 205
698 459
394 630
638 998
49 69
886 790
363 327
952 980
52 750
24 448
197 680
509 851
781 865
703 228
811 414
845 949
113 943
795 729
612 656
552 364
648 989
885 343
688 135
570 678
324 430
843 64
307 885
535 643
616 493
49 337
33 279
639 659
617 82
824 120
408 741
243 433
816 113
386 293
656 462
613 924
446 377
539 667
805 991
148 659
438 496
785 197
947 474
677 798
575 481
501 83
473 160
562 842
271 871
552 108
294 522
863 282
288 409
358 899
215 889
143 680
685 846
805 965
606 483
179 92
165 80
894 511
212 655
122 233
399 155
243 889
919 189
250 796
604 516
671 543
364 552
429 630
80 676
33 324
94 341
252 951
817 251
848 663
332 556
431 891
982 759
775 959
694 667
690 614
256 429
690 912
456 768
642 569
235 628
15 262
598 373
285 268
22 879
382 447
798 931
925 428
478 297
985 219
600 578
789 116
375 80
492 781
192 620
218 5
491 444
61 744
618 487
306 176
143 230
668 948
93 753
704 591
229 363
580 544
465 276
533 162
916 929
992 143
448 793
912 238
874 806
710 413
856 742
63 805
986 854
591 489
198 490
643 834
981 587
444 651
924 821
584 67
109 652
178 380
243 619
1 727
949 648
695 194
769 183
256 16
226 322
162 523
876 130
915 648
108 172
398 950
37 195
72 941
917 221
887 223
454 61
649 30
320 197
66 794
579 998
432 716
899 238
465 477
916 516
996 956
965 322
573 872
777 328
753 42
416 529
241 397
796 36
180 221
135 482
389 122
586 478
556 207
289 798
400 243
146 525
970 332
292 274
989 578
283 384
393 967
594 163
638 361
978 372
110 946
654 337
227 124
929 124
832 412
39 670
716 274
697 496
25 210
644 446
762 746
345 505
370 688
230 375
746 560
827 696
618 375
594 872
161 951
21 732
384 895
259 427
968 261
693 154
596 339
923 500
625 36
772 797
169 641
682 441
583 293
644 429
61 369
645 617
690 12
10 793
415 595
88 831
104 833
131 951
648 763
988 975
837 435
226 384
682 390
153 733
195 684
824 239
643 140
292 250
722 130
26 768
115 166
778 144
345 425
295 323
305 502
963 371
834 131
879 519
801 155
223 663
177 330
116 657
648 4
468 462
597 578
412 261
630 674
181 873
446 522
308 241
26 472
276 220
252 425
710 934
713 28
400 452
798 226
980 512
424 749
375 769
640 866
610 291
68 444
229 654
19 478
871 213
969 525
850 6
56 296
868 425
360 237
504 766
253 545
395 872
870 203
802 696
654 821
968 599
531 784
454 115
68 308
835 933
704 601
219 445
561 476
196 803
368 41
851 779
122 578
773 636
199 137
898 837
595 944
339 156
685 442
924 221
750 285
909 131
308 407
490 6
860 346
531 545
909 790
381 94
241 289
263 217
623 189
137 598
891 126
879 655
488 190
331 62
884 504
664 324
737 285
995 860
83 534
404 510
797 366
235 907
718 683
453 106
834 226
349 214
123 44
519 612
278 248
552 260
450 854
209 467
586 765
34 834
476 786
36 192
978 871
511 871
254 555
818 717
651 563
688 337
166 157
175 631
723 780
133 626
780 885
403 389
660 669
243 447
898 733
270 256
441 211
702 244
772 862
386 387
167 629
616 723
993 381
276 803
85 638
239 436
383 680
427 710
276 487
930 524
546 800
799 453
702 335
380 752
485 671
330 35
58 941
528 312
638 425
730 453
198 473
242 558
518 260
556 369
555 656
868 486
695 193
330 457
517 39
429 134
843 306
366 247
40 765
627 876
715 796
564 776
907 635
234 188
405 708
995 291
632 116
995 586
69 916
804 897
769 807
718 233
756 76
953 500
492 746
919 4
147 418
303 825
920 654
188 851
185 709
548 656
726 463
860 210
880 611
145 264
176 651
777 600
340 728
192 174
580 976
790 651
859 272
718 220
225 760
34 654
397 90
546 123
832 333
635 428
732 284
652 539
36 743
459 268
749 307
814 744
834 563
438 437
925 994
262 133
409 515
337 400
381 383
657 201
291 490
36 499
310 411
97 222
578 46
9 298
437 976
688 126
291 814
866 694
679 555
282 183
765 356
590 15
86 673
542 862
18 922
284 907
281 115
701 669
757 278
869 551
487 244
841 846
794 807
22 666
37 383
215 311
129 495
155 527
498 459
517 117
451 865
981 656
226 624
756 427
467 737
981 973
376 209
574 538
925 809
934 925
313 82
800 96
449 720
22 954
191 642
641 27
320 722
260 271
428 423
241 693
622 61
739 666
274 862
330 503
134 959
261 364
673 297
146 631
73 507
369 461
673 929
407 428
143 675
846 986
155 459
89 598
123 732
332 49
555 692
602 536
986 103
681 217
472 896
705 672
724 843
834 765
778 420
498 387
73 366
325 719
43 401
919 787
101 627
389 438
710 362
650 698
845 355
741 370
363 226
984 342
71 902
699 749
592 616
391 29
181 40
286 41
968 356
351 64
170 22
705 502
656 441
253 417
482 696
549 874
516 635
691 934
334 775
266 41
574 840
545 550
902 813
366 932
431 937
327 920
420 465
931 67
508 447
631 289
783 890
285 213
793 656
855 332
965 169
961 501
569 793
381 25
743 577
327 76
315 786
888 8
536 688
49 627
206 543
693 453
958 429
193 728
86 916
80 811
943 593
334 613
203 574
382 283
229 208
479 806
569 806
905 972
378 807
93 193
330 166
451 609
324 397
989 485
901 195
425 592
273 428
564 381
986 131
97 159
684 238
824 420
556 78
380 335
550 322
373 441
285 983
708 75
365 526
861 906
532 322
662 231
263 780
190 354
330 125
321 522
479 295
72 508
736 368
757 638
735 868
476 855
730 535
141 125
580 764
885 538
110 620
84 3
893 302
730 630
85 679
67 624
548 951
210 105
609 96
169 389
370 899
934 567
565 729
73 619
270 866
625 641
432 790
351 185
615 422
211 999
601 86
10 517
61 689
233 335
283 937
27 319
971 521
382 845
514 793
348 267
879 486
798 923
596 875
762 677
352 832
525 520
881 101
595 668
599 283
315 706
123 127
800 937
558 324
98 222
726 492
660 631
555 706
934 268
544 183
978 410
877 872
419 421
82 248
98 66
797 879
603 534
500 351
540 199
143 654
957 677
508 797
674 963
102 724
238 376
111 943
586 917
626 929
11 963
942 68
698 282
469 963
812 912
443 908
354 124
89 884
11 814
488 528
749 781
499 958
314 212
94 151
287 570
411 257
696 980
371 148
975 433
681 969
564 507
386 762
54 773
761 370
544 925
799 154
903 135
279 565
975 83
16 913
868 36
163 819
638 86
964 381
246 987
662 14
398 74
655 870
269 925
283 268
632 862
148 687
492 997
246 605
159 752
313 523
206 408
704 74
137 972
806 242
83 820
480 798
294 987
861 683
27 530
883 878
943 909
267 202
569 565
220 610
5850 5073
5123 8523
9113 9269
9696 9017
7234 9243
7393 7103
9212 7732
7645 9185
6497 8527
7382 9436
6443 5068
6174 6124
7247 9028
8166 9679
5580 7045
9987 8142
6863 9063
6363 6595
5682 9167
6226 8406
7445 6023
7412 6576
5218 9180
7030 6817
6863 7807
8878 9298
7832 7285
6060 8862
6571 7885
8255 8232
6206 9287
5398 5169
5897 8660
9031 6165
7739 6536
7927 9119
6080 8081
6885 8945
5278 7201
5287 8394
9605 8875
6226 9473
5753 8954
7136 9344
6291 6404
8013 9333
9144 7849
9576 6154
9953 9025
7945 9808
8330 5614
9719 8234
5805 7321
8987 6818
9009 7269
5555 8779
7873 8488
8324 7354
6466 5309
6337 9740
7123 5758
7100 7194
7160 8256
9043 9602
7809 7102
7119 7728
9192 7446
9804 5456
5721 5464
6964 7130
9948 6282
8487 6801
5306 5515
8756 7082
9768 8362
7218 9595
8151 9533
7790 6437
9301 7298
7189 9816
6556 8603
6920 9781
7113 8973
8704 5879
8555 9079
7461 8774
5837 6959
9557 8967
7774 7595
8359 8846
9264 9158
8058 8771
7106 6481
5092 6907
6054 6064
9504 5087
5872 9034
8685 7530
6383 8347
7726 7229
5286 8461
7786 7579
7309 8284
5687 7259
5426 8660
9272 5544
7937 9947
5423 9139
5307 5921
5907 8085
5849 7561
5951 8216
7004 6234
9365 9123
9121 6313
5740 6593
7255 6879
9306 6287
7362 8869
9072 6680
9589 7602
5728 6296
9301 7301
7740 8668
5895 8527
6333 7148
9942 8907
6671 5284
8931 9628
6189 9371
9238 7044
7159 7037
9116 6952
7126 7885
9768 9852
8159 9961
9156 8271
8503 9817
9960 8145
8812 7398
6097 7321
8160 7367
9982 8212
5257 7276
5638 7768
5621 7464
6132 9440
9297 8835
6880 5872
6201 6159
5699 9970
6769 6842
5690 9601
9104 8487
6004 5529
6334 9233
5994 6936
7306 9123
9979 5778
6743 7556
6088 8212
7130 8263
8023 5838
7975 6412
8217 7702
5965 8892
6685 8779
9862 5076
7493 5294
7955 5024
5390 5446
7467 7600
6511 5166
7083 8829
8091 9438
9088 7068
9247 9727
7234 9813
7903 6999
7430 5926
8651 6886
8299 7589
9960 5675
6755 9091
7334 8443
9154 5481
9543 6377
5780 6607
8108 9672
6403 7771
6094 7461
5380 5915
8994 8859
8692 7045
6369 6394
5328 9364
9783 5641
6330 7578
5433 8965
7182 6266
6850 8710
7977 7092
8926 5261
6914 6227
8250 6599
5693 7974
6454 8716
8712 7798
5356 8756
8637 7487
5290 9677
9046 5747
9147 9025
7723 5406
7889 7181
8668 5965
5949 8934
7835 6942
5375 8413
9384 6961
7615 9795
7503 6893
9230 7557
5598 5437
8228 7865
5929 5861
6622 6545
5082 8709
5255 7608
6087 9851
6023 9179
9008 9728
9809 8139
5087 7094
7000 8749
8531 7197
7818 9171
8319 7519
9817 7347
5349 6569
6394 8645
5995 9059
7835 8003
6439 9927
7539 8828
5418 5691
6953 9754
7082 8508
6309 6739
5188 9318
6192 5987
9140 9422
7497 8916
8997 7315
5901 6439
5479 7893
7121 6706
9406 5780
7543 8449
6447 8715
9299 9463
8753 6315
8726 8941
6762 9291
7625 7174
7369 8157
8095 6879
7369 6788
9381 7542
6462 6933
5528 5125
6780 8515
5310 8718
5944 6713
8270 8903
9174 7339
7323 9864
9910 6046
6476 7180
9827 9229
8395 7358
5845 6863
5465 9649
9390 6849
6594 7782
6926 8655
8878 6519
7892 8299
7389 6660
5026 9642
8525 9108
9090 9725
8166 5932
6600 8240
5584 7121
5055 5548
8484 7648
5872 9833
9679 5304
7018 6747
5847 9653
7365 6472
5079 7240
8107 9437
7646 8321
7082 8758
8370 5627
6162 6475
9515 6808
6932 7946
9077 9311
5604 7155
8431 8285
8552 6107
6302 8269
5082 8610
9255 7172
6322 9890
7091 8290
6852 7349
9143 7950
5562 7535
7692 8704
6625 6874
6437 8564
6898 9557
7547 7988
5286 7775
5828 6619
6827 9229
5478 5564
8270 7822
7380 5509
5601 5127
5434 6225
5146 5927
9425 6041
6221 6780
8807 6230
8115 9889
8482 6861
9794 5878
7982 5151
8787 6325
7177 8475
8592 7242
6955 7976
9012 8478
6450 8687
8566 5837
8484 8378
8163 6467
5498 9797
9953 9479
9413 6670
5543 9985
8729 6473
6075 5942
8686 9663
8220 7583
6551 9516
6244 9121
7953 8436
6774 9039
6974 6309
9632 6920
7318 5421
8506 8710
8395 6839
8216 6564
6271 7731
8958 7856
6148 5542
5857 5743
5547 7245
5473 8096
8349 8065
9402 5885
6491 9717
9446 7471
9031 8870
8109 5127
7975 6865
6231 8156
5419 7638
6428 6439
5660 9959
6360 8461
8629 9502
5984 5832
7632 7186
5311 6735
7583 9239
5935 9817
9110 6054
6839 7625
9243 9883
6847 5268
6042 9934
7238 6736
5998 6399
7851 9347
5724 7599
5669 9605
5994 8309
7782 7737
8304 7068
8212 7275
8069 8454
9272 6645
9649 7838
5137 7712
8485 8752
6404 7757
6102 5312
6699 9578
6182 8687
9702 8440
8475 5607
8206 6403
9829 5440
5341 8527
5117 7928
5064 8383
8628 7958
8498 7051
6799 6210
8487 9381
9416 9104
5044 9587
7889 7931
8231 7459
5179 9614
8127 8993
6107 9723
7275 8369
5936 5458
5186 6300
7815 5530
5055 6802
5787 9881
7399 7849
5372 6257
6921 5622
9205 6255
8125 5671
9299 7042
8878 6484
7699 6430
9915 7694
5405 6586
6578 9140
9401 7476
6375 5192
8782 9828
9117 6527
5150 6785
9996 8637
9038 6973
6617 8161
9538 9545
6300 7353
9061 7010
5530 5026
8322 7290
6847 6706
7899 5796
6538 8397
7876 7146
8404 7856
6828 5896
6041 9707
6127 6169
9693 8693
7610 9020
6895 7815
6167 9001
5957 5380
7614 6364
7672 9270
5357 5132
9128 8682
9753 8090
9042 9682
9854 5060
9662 7181
5916 8670
9673 9507
7065 7915
8718 8825
5401 6564
5580 7686
7629 6488
7744 7107
8979 5733
9953 9743
5270 5937
5017 8778
7210 5230
5557 9570
5402 7698
8455 8993
9788 8078
6545 8974
9881 6927
7326 9767
9696 5870
7371 7103
8273 7406
9804 9433
8236 5221
8654 7951
9080 5560
7180 8601
7051 9318
7528 9112
7860 9513
7278 6966
6204 5053
8748 6354
9753 9898
5272 8258
8909 9699
6812 9894
8037 7270
8360 6723
9661 5477
5811 6184
7278 5167
5933 6040
8754 7025
9117 5341
7236 5615
7255 8367
8547 7871
5877 8929
7990 9809
6721 7550
5720 5357
7455 9331
8799 6246
9048 7542
5221 5988
8932 8712
9186 9030
7530 5131
5784 8422
5692 8531
9912 6735
7473 7752
7569 9797
9721 9826
6476 9130
5894 8186
6036 7519
9262 8490
9657 8299
7026 9521
9575 6126
5249 8010
9047 8372
7920 8945
5428 5664
8234 9675
8963 9271
6026 5970
6150 7341
8081 8146
6954 7235
7772 7800
5461 9801
6329 6773
5621 8827
9434 8285
7526 7980
6560 9938
6069 6177
7638 6147
7859 8858
5213 7108
7062 5454
5353 7426
5700 6325
5273 8330
9914 6020
6780 7887
5201 6984
7019 5037
6230 8212
5909 9217
6776 8566
7177 7518
5424 8419
8071 7764
8306 7780
5714 6821
5695 6734
6530 6429
6858 7998
9144 8025
5697 8878
7883 8366
5179 6217
7541 7251
7715 5835
8797 6006
7656 7945
9092 5815
7549 7080
9629 6324
5546 8779
5460 7821
7246 7091
6297 6279
5162 7226
8713 7415
7113 6725
5644 5311
5572 6385
9611 7569
9464 6970
7548 8162
9914 8921
7332 8934
7682 9308
9017 6351
9695 7362
7606 9784
9160 6162
5241 5500
8116 9033
9905 9749
6662 8609
5421 9340
5125 5971
8937 6222
5466 8595
7568 9924
9962 6884
6203 8045
6290 6355
5371 6612
9608 5812
6951 8770
6954 6096
7867 5252
8552 9851
9165 5667
8218 6862
6674 7859
5211 9753
9250 9377
7415 9317
8093 5536
9464 7885
7610 6228
9011 8346
5670 9539
8851 6809
7005 7902
9720 7070
6768 9048
9218 8101
5599 6057
9448 5904
6277 5942
5871 8922
6981 9551
9974 7098
8617 8405
5443 9270
7733 5339
5682 7295
9637 9150
7168 8309
5345 9321
7569 6487
6012 6371
7607 6076
5324 6198
8064 5356
5098 6923
5830 7141
8951 5475
8333 7288
6431 9433
6644 6069
7216 5365
6807 7747
8430 9377
6902 8729
7005 7361
6895 6575
8209 7062
8611 5020
7239 5118
7772 7201
5173 8042
6853 6947
6746 9961
9987 6312
6792 7665
5440 8504
9891 5914
6330 8479
8631 7765
9289 9612
5236 7204
5083 8921
8914 5185
8501 5811
9864 5835
9406 9101
8081 6082
9479 6245
6993 7996
5080 7949
8256 7028
7964 8017
5177 6853
7329 5889
8108 5666
8005 5486
7626 7365
5814 5583
7533 6199
8646 8695
6423 7468
9800 9677
7040 7960
6609 6929
7893 7978
6920 9545
8868 8105
9043 9703
8251 6352
5897 9895
8272 5953
6899 6457
7389 9048
8080 7363
5920 9750
8587 7861
5772 5064
7929 9272
6353 5660
5460 9486
7483 5631
5516 8082
9638 6069
7171 9590
9760 8531
6674 9479
6784 8324
7078 5253
9101 5479
8386 9637
7273 5009
9074 7711
7505 9810
6920 5660
9860 7313
6902 9264
6419 8925
8035 8237
6756 6622
7891 7561
8120 9792
6698 5374
9167 9576
7565 8696
7353 7636
9004 9120
7799 8893
8261 5994
5212 9149
8714 7307
7679 6076
8201 7977
8994 6635
6402 5984
7677 5540
9703 6825
8477 9447
7421 8283
9930 8583
6907 7447
5061 6099
9881 5812
9877 8666
5070 6005
9859 5218
5657 5498
7758 9516
8741 5905
5798 9842
7683 9179
5227 8612
9350 8102
9322 9809
9664 7218
7123 8829
7815 7178
7991 6543
5354 5987
6092 7681
9846 7261
5481 6943
5648 9596
8106 9424
9114 8747
8159 9283
5665 8424
9969 7412
7115 5741
7904 7231
7219 5232
6601 9566
5643 8927
8113 7714
7477 8683
6280 5115
7158 7589
5621 8037
7429 6569
6990 6298
9578 7637
9438 6726
6159 9910
5406 5516
6864 7765
6561 9598
9145 9428
9663 9201
5886 7357
7111 5788
9353 6128
8711 9753
7057 9369
9660 9924
6989 5873
9740 7794
9243 7469
7685 9300
7125 5639
6596 5081
8085 7094
9212 5346
6813 8972
7707 9677
5079 6848
5700 5925
7241 9849
8237 7919
8578 8356
6282 5999
9507 6600
7867 9690
5511 7909
5793 5554
9144 7494
6284 9634
5293 5963
9826 9586
9378 5704
5607 6437
6026 9446
9889 6666
9117 6451
8513 7315
5290 5431
9758 5068
6281 7705
9926 7934
7932 8079
6985 6947
8539 6376
6817 9571
5115 6402
8642 8593
9644 6330
5733 8632
7685 5070
5012 5293
9394 9007
6750 9228
6109 7987
7288 5109
6027 7674
7306 9470
6578 6132
7328 9089
6012 7127
9589 9206
8111 5998
5088 8306
8577 8155
6965 6826
5294 9038
8537 7312
5205 7963
5840 6878
5265 6012
6842 5262
7741 9842
8498 8925
7653 9829
6047 6000
8689 8503
7281 6489
6402 9911
6753 8498
5569 7216
9402 6259
5027 5705
8132 6484
8832 8294
9007 5112
8964 5237
8124 9378
7087 8289
5156 7045
7001 5971
9390 6566
9285 8766
9703 8150
5574 8716
8840 9214
6598 6398
9956 7370
5710 7655
8516 7886
5188 6420
6032 9662
5470 6703
6651 8132
7164 7437
5472 9536
9191 7350
6151 8406
7863 8817
9994 9814
6671 7375
8896 9093
5260 9919
5343 6185
7232 8400
7846 9317
8078 6184
9971 9783
9437 6232
7585 8811
6646 5870
6904 5546
7426 6515
6835 5693
7491 5428
9232 7797
7089 8732
7246 7763
9329 8371
5986 5624
9904 5098
5567 5620
8863 6125
8751 9314
5748 8815
8880 6653
9663 9322
7282 7483
7137 9480
7949 8185
8934 6254
5077 5802
9814 6107
9943 7841
9932 9351
5598 5308
9308 8074
6959 5929
7895 6456
5883 5065
5116 5770
9342 9613
8535 5613
9299 7617
8535 5837
7755 7628
7152 7885
7656 7989
9703 5331
5400 5743
7230 5065
8242 8603
9296 7226
6288 9743
6337 5896
5339 7184
6679 7064
7087 5988
8575 7969
6108 8150
7761 8146
9617 5022
8232 9415
6014 8223
6280 9132
6355 9649
9393 7042
8307 5392
6265 8584
8639 5668
5921 9238
9421 8305
5444 9869
9804 6339
5622 8875
8797 6064
6895 8498
9985 6571
7916 6404
9944 7338
9104 5005
8550 8735
8391 7292
8089 9081
9619 5279
5995 6870
6130 9241
9274 9428
9147 6975
8367 5828
8455 9020
7709 7271
7139 6557
7096 5822
6131 6485
7870 7857
9272 6504
7226 9272
8828 6064
8594 7159
8953 5073
6043 6808
6803 8144
7723 9095
7535 7033
5593 5010
7920 7922
5208 8753
6326 8099
7077 5715
6727 6115
8058 7726
6472 7885
8807 7250
8323 9757
7108 5024
9035 7539
9086 7170
7626 7040
8544 6579
5485 5766
8313 7252
9114 5020
9532 9577
5811 6230
5809 8195
8177 9361
8600 7963
8581 8762
9552 5348
9890 5589
6732 6821
8887 6336
7914 7195
7618 9914
5949 6058
7338 6751
6618 8528
8614 5377
6409 9530
9957 8705
7459 6970
8268 9358
7837 8384
7719 6286
8838 6185
6572 7095
8120 5391
5925 6511
8100 6981
5619 9787
9399 7106
9464 5637
7361 7382
6458 6436
9182 7810
8551 6353
7952 6259
6199 6570
6122 5937
6265 9812
6623 8348
5517 8386
9559 7277
9986 5436
9776 9267
9114 7833
9002 5359
8247 9976
7761 5326
6875 6058
6916 8138
5649 7203
7159 8095
7633 9935
7945 5090
6506 5377
6911 8870
8379 6927
8429 6640
8401 9889
8486 8986
7173 5907
7630 8579
9386 8915
6568 7409
6821 7420
7226 6929
9679 6746
9505 7980
6903 9115
9701 7298
9653 9813
5013 7896
9965 8911
6780 9136
8009 7498
9497 7022
9145 6593
7326 9440
6244 6523
5942 5645
6868 7302
7027 7211
6820 5354
5708 6158
6905 5356
6800 7087
6849 5739
6633 6207
6611 5232
7848 9468
9270 9972
9766 9735
9884 8749
9250 8147
8020 5687
5964 5674
7963 5453
8227 7733
5006 9244
7964 6298
7036 8039
9497 7373
7795 9351
6081 8746
7184 9275
6071 5480
5045 9566
8148 6735
8191 8128
9356 8710
6277 5712
7246 7774
6921 5910
8980 8263
6078 6018
9233 6376
5485 9343
5219 7205
5601 6123
6410 9447
9052 8930
9451 6563
7174 5020
9975 8647
6512 8097
5541 5452
7233 8265
9280 8991
6480 8041
9961 5416
5843 6834
6717 5158
8364 5307
5384 8897
9906 5892
7340 5600
8775 7185
5880 7217
7925 9720
8897 8210
8227 5509
7459 7022
6701 5160
8470 8577
5284 6648
6653 6965
9514 7405
9054 6504
6880 7015
8479 7680
8594 7947
9574 9310
5843 6309
6153 7123
9249 6814
6160 9859
8344 8157
8822 5655
6048 7761
5040 5939
5534 9844
8255 5539
6066 5611
6174 9361
7077 8393
9126 6873
7073 5836
7479 5434
7815 8889
5013 7733
9573 6525
7070 7007
5559 8373
9489 8243
6353 7435
5605 9320
9847 6225
6394 9218
7501 8842
7853 8952
6184 7437
6373 6560
8448 6467
9011 7727
6425 8895
7331 5665
8196 9724
6547 5339
6364 5391
7989 6646
8780 9097
6183 7679
7518 6874
8254 5641
6240 9344
8132 8446
6836 6025
9696 7254
5266 6693
8295 7889
8124 8742
5193 7651
9930 6272
5537 9641
8031 6283
9821 5592
6104 7933
9842 6255
8579 5990
6339 9656
5450 6664
7130 7757
6602 9024
8690 5980
5932 7199
6023 6718
6501 8188
5839 6818
9622 8176
5126 7533
5733 8179
8775 9901
9411 5965
8862 7157
8507 8216
7921 8875
7122 9753
5065 8501
5252 9570
6106 8612
7066 7948
6911 8964
6464 9909
8412 8697
7441 7501
8767 6270
6982 8718
5820 8958
5130 6932
9974 9361
5943 8516
8321 7798
9911 7084
5592 9823
5840 8209
9322 5649
6691 8844
5437 9846
7076 8535
7884 5090
5202 9179
7208 8323
8902 5975
9364 5340
7753 9553
9643 7443
8608 6264
9126 5964
9020 5178
7710 5677
6086 7536
9417 6358
6845 5124
8539 6280
7777 9609
9710 6456
9768 7611
9060 5249
9003 6685
5599 5143
6454 6130
5563 5616
9118 5153
9564 8870
7892 6698
9869 5756
8032 5285
9784 5251
8549 9956
8198 8031
9299 8658
8566 8244
7058 5687
6559 9343
5214 5060
8194 5035
6116 5164
9205 9005
7785 8674
5325 9379
9458 8229
5560 7896
6969 6496
9363 8200
7372 9722
5636 9278
9943 9393
8369 9746
5965 9905
6094 8230
7650 8355
5212 9139
6762 9996
5978 7231
5365 7820
6835 7586
8470 5552
9235 8841
5400 7430
6262 8156
5710 7290
8352 8504
6200 7682
5619 8609
7093 8432
9276 8463
8791 7471
8642 5744
5275 8704
6526 6591
6226 9283
6985 5606
8075 8392
8230 5667
9108 6541
7667 6321
8313 8979
8739 7406
6063 7251
5735 9603
7864 5559
9391 8750
6074 5730
8547 8129
6011 5158
8948 6681
8548 5600
8518 7117
6784 6556
5012 6013
6677 5860
5671 6177
6816 5171
5713 7612
8004 7963
5540 7187
8950 9323
6734 9957
5584 8387
8688 7323
9008 9205
6590 5412
5033 5688
7828 8974
8728 9122
5593 5230
8141 9761
5973 7172
7747 7362
9514 8128
6022 7994
5773 5005
9349 6355
9933 8953
8112 6084
6364 5249
6462 8579
8754 6563
9023 6191
6592 8069
9530 9645
9334 6643
9516 5247
7553 5290
9655 5774
9488 6905
6182 9084
5522 5094
9432 8344
6902 7623
9395 8846
5344 8080
5971 9292
6604 9450
8395 5332
8277 6218
8544 7335
9101 9766
8847 7764
6986 8537
5174 7148
9993 8298
8560 7336
7002 6078
7867 5540
5588 7584
9964 6779
6543 8659
7944 7804
7895 8819
8060 5224
7994 9454
5317 6284
7011 5246
9387 5651
7576 7377
9490 6114
8954 7336
6450 9283
8120 5503
6781 6566
5035 8051
6662 6661
6371 5334
7333 7820
7125 6566
5896 6676
5574 5976
6821 6330
8215 9942
8917 8413
5961 7218
5398 5372
5457 8986
9725 9191
8655 7439
8018 8105
7420 8615
7468 8270
6811 6634
7743 8233
5401 8243
5346 5115
6941 6092
9932 9938
8171 7553
9689 6580
5279 5502
7666 6135
5609 5263
7233 7818
5966 7746
6363 9425
6816 7572
5676 7589
7288 5049
6353 7428
6633 9619
8031 5895
6425 5426
6049 9042
8551 8001
5018 6442
8779 9975
6339 7910
6809 9622
7542 9266
8565 7649
9231 7977
6516 7824
8071 5114
7183 5250
9039 5697
6770 5234
8133 8919
7853 6761
9572 8448
7199 9207
5341 6719
5969 7699
5398 8494
9909 5039
6596 7830
6970 8321
8129 7997
5601 6094
6674 5901
8303 9691
5116 7956
7949 5319
9934 8757
9984 7254
5669 8009
6124 5706
7139 5068
9790 5060
6202 9513
9262 7013
8364 7121
5710 7717
5388 7688
6614 6126
6318 8325
6623 6460
6339 8864
8343 8787
9644 5832
9239 5710
9610 5917
7553 5639
7279 8046
9980 7152
8345 8918
9468 6430
7970 9280
7831 7503
9201 7014
5340 7221
5424 5976
8728 7108
8114 5314
5366 9588
9615 7265
7369 6304
5558 5411
8663 8909
9224 7468
5631 9457
5222 5822
9046 7677
9234 8776
7210 5616
6236 6821
6139 7992
7526 8709
5218 8742
5031 5910
5320 8116
8826 8533
6128 6023
8697 6456
7961 9622
8337 9372
5814 7437
9933 6854
6329 9207
8697 6116
6256 5588
6251 9970
6198 7848
7402 8424
8829 8785
5962 5126
6200 8502
7724 6212
7556 6535
9473 6604
7534 9934
8083 6683
7009 6111
6365 5862
7128 5394
9532 9510
9617 7313
7204 5682
9399 9300
8950 7396
6812 9421
5626 9054
6906 9986
7754 5517
5208 8551
5169 8910
6791 7956
6526 8234
8109 6975
9868 5884
5830 7709
6150 6027
9649 6781
8917 5953
6426 5907
5843 9126
5309 7423
9882 9443
6368 6612
8023 6836
9839 6483
5872 5185
8224 5519
6922 6119
9071 6539
8732 9270
9494 6883
8948 5298
7209 8907
6534 9527
7107 7641
8132 8520
9093 6548
6561 8487
5131 7780
6814 8291
9102 6722
8718 7764
6457 6248
7622 6745
6597 6490
9449 7544
7040 9192
9176 9284
9155 9116
5222 9958
7879 6648
9932 9937
9270 7372
9815 6283
9262 6612
7382 8349
7949 8148
5622 6344
9793 9561
9118 8765
7242 9095
9825 7634
9065 9087
6918 9141
6833 6982
6833 9884
6051 9374
6453 8557
9586 6017
7254 8205
6769 6285
9677 9915
7765 9382
8639 5845
7980 7003
7154 5452
9441 8049
9822 7988
9709 9443
8750 8679
5393 6535
7041 8246
8529 6750
9804 8885
6385 9082
9364 8688
7084 5638
6856 5765
6787 6085
5686 5065
6840 7384
5643 5818
9284 9857
8209 7894
5133 8274
9107 6491
9777 5714
8003 8044
6557 7140
5245 6577
7020 6554
8175 5373
5615 9035
8120 5839
7618 9256
5825 6142
7658 5153
5324 8821
9567 5998
9229 9097
7177 8524
6202 5503
9583 9935
5943 7168
6871 8311
8183 9724
6183 8054
6867 7301
9309 5049
6121 7723
8709 5483
6664 5403
7314 5196
8436 5930
6374 6760
6533 9081
6485 5153
9859 8661
8557 9004
5707 7226
9084 6458
7076 9573
6173 9286
7356 6326
5708 7018
9553 6714
6192 9751
9522 5036
8464 8368
8016 5766
9719 7929
5175 9487
5970 7956
5042 6096
6476 8328
7627 6938
6077 6434
7524 7032
5915 7747
8546 9244
5182 7040
9065 8950
6112 7028
5869 8908
6380 7505
5944 6979
6241 9185
5758 7071
7139 7252
5984 7898
9694 9959
6847 9242
5180 9705
5981 7002
8999 5132
9601 6441
6705 9301
7948 8797
9095 5896
8448 7138
9513 5394
5324 6354
6208 8918
7481 6704
6663 8438
5477 5266
5590 7954
6469 7277
7939 8082
6697 7153
6209 7304
9263 8776
5501 8386
5872 5580
8618 9149
7112 8866
6811 9625
6379 8636
7539 7293
6334 8977
6490 7212
7042 9208
7948 8527
8478 7319
7389 8615
8824 7448
8281 6238
9461 9058
9849 9379
5518 5355
6141 9951
6846 7377
7102 9548
6792 8798
8405 8683
7799 9229
8710 6785
9138 6520
8673 9443
9036 8654
8093 6771
7717 7237
7934 9594
6224 7968
8246 6098
8844 8579
6223 9878
8869 5003
5256 9519
5378 9202
5147 9126
6291 6756
6256 9220
8249 7294
5290 9765
7967 5913
7221 6703
8942 8079
9436 6264
7775 9406
9568 5783
7847 5467
7572 9326
5926 5549
7935 8902
8825 5111
9319 7975
8819 6811
5932 7909
8714 7202
6016 7105
6388 9374
7480 5558
8498 5838
9604 6868
9659 5641
8102 8808
6769 6806
9961 9357
6632 8120
6241 8677
7599 7718
7725 5965
8559 5582
9949 9615
9287 9834
6913 7037
8122 5665
5413 5053
9909 5211
6780 7909
9737 6373
6019 5745
7447 7039
6138 6588
6515 9738
6270 8045
8642 5980
7917 9386
9282 8899
5097 9165
8224 5062
7642 5637
7408 7429
8312 8118
5085 9423
5891 7652
7998 9960
5265 8562
6496 6861
9832 5610
7081 8961
9358 8108
5811 5566
8338 7068
6749 5619
5278 8563
7795 9691
5669 7667
8874 6570
6094 6737
6287 7876
7081 5039
5469 5999
7947 8880
8419 7315
9090 8656
5815 5971
6072 5488
6967 7899
9846 5978
9087 7174
6818 7523
5308 6668
5025 7650
7442 7645
7046 7808
9278 8654
8578 6012
8437 5660
6039 8594
8837 6328
7574 6535
7607 6158
7919 5273
6535 5220
9180 5563
5757 7820
5365 6137
8763 8277
7537 8935
8650 9134
5825 5654
9059 8570
9951 8870
8871 8018
7928 8323
9005 5351
9292 9698
6912 6044
9120 9354
6598 9680
9439 9733
6830 6408
9452 5976
7920 8924
9566 7132
5462 9569
5746 6603
7325 8525
7377 6033
8284 6373
5479 8593
5605 5916
9238 6819
9047 5136
6036 9330
6385 9392
5888 6190
6179 5673
9139 5489
6674 9946
5738 5716
6511 5040
5291 9802
7937 7528
5221 5801
6237 7149
7241 5868
7209 7460
7442 7315
6839 5652
7948 6212
6641 9751
7249 9710
7707 6008
7244 9068
7495 5365
7080 6493
6387 9982
6464 7822
8283 6906
6685 8176
5563 7416
7167 6249
9545 7883
5715 9239
9189 8859
5326 7064
5794 7808
6267 6776
9201 5429
7712 7852
6865 5507
5442 5654
7957 6821
8342 5391
7488 7025
6520 6161
8193 7528
7520 5335
8557 8844
7176 8735
5605 7669
9674 5975
8400 7410
9192 7030
5484 7163
7322 5436
6173 9339
7753 6480
5381 6973
5758 6269
6541 7249
6663 7793
7617 8630
7860 9094
9571 7936
8964 8848
8737 9341
7318 7795
8353 8719
9551 5099
6868 5817
8602 7277
7762 8049
5824 6668
7480 5958
7012 6646
8599 7033
6110 5098
9448 7887
6076 6641
8449 5825
7765 9035
9700 6518
8255 5266
5541 8678
9723 6956
7871 7295
9197 8509
8999 9516
6797 7189
5550 9256
9933 6018
8926 7522
6756 6028
6195 7309
9564 7074
5991 5970
5705 6344
8305 9353
6182 6143
8330 6110
6301 7100
8643 6891
5823 5341
8763 5693
8468 5958
8779 8911
6461 6407
8767 5207
7589 7523
9457 9418
5562 6533
6068 6394
7820 7832
5338 8938
7739 7562
5943 7214
9849 7739
6022 7360
7575 7101
6037 9257
7925 5140
6947 6531
5232 5521
9682 6668
8292 7681
6800 7226
5777 9956
6409 6703
8224 6776
6910 8923
6004 7927
7491 8221
5172 5518
8123 6432
5687 8469
5025 8397
8095 6207
6642 7455
7323 7180
7684 9796
6270 9899
8829 9702
8814 7491
9788 9640
7229 9193
6046 6658
8489 8790
9050 6449
7065 9142
8577 9431
6938 6607
7469 6099
8164 6913
8237 7236
6254 5900
7050 7567
5555 6288
5739 9234
5382 5806
5224 9725
6405 8333
8653 8820
5201 9614
6999 9077
6882 7243
5920 6897
6102 6286
9860 5271
6460 6428
6586 7784
9807 8529
7769 5369
5575 9408
9780 9815
7773 9389
5301 7772
8546 5655
8390 6790
9106 8244
8404 7706
5834 6933
5393 7039
7257 6188
9295 5239
8886 6217
7565 6441
9070 8231
6364 9714
8185 5994
9735 9976
5474 5795
8654 5057
6257 5332
8665 8222
9113 8162
7579 8818
8891 9216
8571 7286
7027 9135
9580 8491
9244 5931
8489 5752
8730 5341
9461 8192
6925 9428
7147 9150
6655 7935
6950 9481
7466 7807
9395 6892
8408 6065
9857 5995
9484 8166
8546 7403
8547 9431
6359 6364
6301 8302
7106 6885
5157 5054
7340 7930
6369 7631
9231 7445
5516 9252
6619 6395
8139 9336
7702 9599
8576 7050
6526 6790
5066 5930
7725 5959
8707 8394
7986 9968
5607 6092
8755 7200
5643 7988
8018 7502
9418 8717
7600 5140
8626 5064
9392 7637
8184 6782
5563 5188
7540 9264
7506 8239
5977 9749
8291 9153
5468 5427
5918 5083
8196 7086
5346 8054
6871 8383
9577 8500
8893 9074
5861 8297
6818 8554
5518 6894
5044 7459
8773 5767
5040 6848
7383 6065
9147 9919
5598 6390
8002 5341
8986 7169
7258 9853
8876 5016
6875 9868
6589 6768
6223 9920
6677 5649
9344 8659
9543 9213
7408 9612
6835 6846
6440 7340
9503 6952
7436 6108
7022 7358
8515 9530
9857 5566
6586 8095
9874 5440
5687 5040
6236 7127
9799 8383
7678 8958
7532 7011
9922 5685
7208 6821
6221 5923
8698 5613
9692 9149
6011 6267
9892 9299
9007 6490
8800 9314
8106 6818
7238 8122
8388 8265
6176 9506
7423 7624
8741 5801
5560 7173
6506 7073
8678 9872
8278 9612
5418 8373
8631 6979
6920 9977
5963 9236
5914 5436
6472 7638
9042 5574
5746 6622
5477 6752
9126 6235
9393 7189
9788 5424
9672 6035
8004 6843
5710 7028
5081 7759
9614 9177
9499 6193
5725 8162
9458 6492
5279 5790
5111 7294
5195 8371
6161 7035
5207 7507
9213 6863
7559 7545
5077 9357
6923 9458
5859 9159
9931 5660
6686 6770
8318 6695
6545 8023
6483 5814
7428 7492
7231 8376
6118 6470
6288 5260
5380 5975
5828 6111
6632 5266
7996 9137
5133 8811
8063 7834
8920 9774
5425 5261
8620 9821
8652 6187
7648 9019
6806 6528
9386 6904
9469 5106
5918 5587
8907 8006
5763 5133
9311 8383
5041 6656
9357 6101
5751 7974
9067 9519
9429 7127
7797 6287
5151 8524
7313 6757
5565 6760
5620 7904
7899 5862
5388 7863
8620 7278
8351 9081
9061 5069
5684 5781
5837 7435
9810 9409
6032 7060
9611 6361
9138 7357
9922 9371
7705 9460
8547 5498
7758 5951
6509 9125
7820 5295
9067 8032
6495 7127
7125 6393
8728 8388
9468 8251
5222 9561
7366 7890
9513 9294
6874 7891
8155 9730
5275 7081
9609 7335
5916 7809
5653 5132
8319 9022
7109 8782
9490 7771
8002 8796
9305 8067
7852 5339
5907 7567
8816 5029
9892 8220
8532 8058
7215 6977
5242 8994
8161 9902
7171 6996
8604 7826
9049 5631
8483 9255
6593 9162
6984 6651
7928 9032
8832 6973
5847 8948
9807 7028
7605 6137
5178 6368
6006 5224
5895 5405
7427 6445
9585 9673
6428 5362
5931 9474
6163 7049
9959 8206
9752 8634
5199 7025
6593 7096
7530 9739
7716 5016
7239 6139
7320 5589
5417 5596
6976 9816
5153 8427
8876 6792
8540 7765
6249 6380
8987 7549
9598 6595
8594 6868
8632 5383
6477 5100
9888 6543
5292 7323
5749 9006
7613 5367
8323 9865
5926 7331
8118 7739
8649 9982
8554 7317
8049 7762
7581 7126
5390 7166
5470 9917
6166 6753
5190 6286
8519 5784
7594 9857
8619 5139
6895 5245
9442 6885
5934 6711
6076 5526
6174 6598
7179 5318
5216 7851
7231 9113
9158 6688
6718 8281
8512 9040
9115 7236
6215 6270
5650 5484
5813 6369
5767 7337
5089 8184
6750 8466
8357 7169
6981 8272
6220 6316
5490 5348
6349 5514
8051 5082
8905 5652
9012 8078
8901 8900
6370 6174
8224 7524
7514 9038
9439 6859
5213 6476
8756 8580
8950 5024
6089 7159
8954 8052
9925 5477
5612 5483
6317 8839
7036 5392
9343 6479
7949 9453
9245 7245
9874 9721
5357 8247
7382 7927
7675 7607
6713 7597
8711 8249
6442 6351
6467 7437
6224 9843
5297 6671
7458 5214
8940 7652
5642 5328
8945 9160
7388 5337
6619 6468
7317 7621
5301 5954
9402 9585
7645 7500
8761 5101
7616 8723
9943 6144
6754 7823
8898 9552
8109 7179
9919 7887
5153 7886
7711 7448
8469 5028
9213 6720
6235 7315
6542 8265
8593 6268
5063 9064
5214 6223
7451 8235
7106 8610
7229 5176
8274 6412
6440 7522
8796 9584
8688 8416
5773 6296
8891 7713
5488 5396
9316 7630
6500 6321
7976 7875
6963 7230
5148 5406
6239 9398
7415 7015
9080 5972
7293 5705
5211 9693
9630 5952
6473 5949
9317 8980
7378 8803
9626 7850
8274 6674
6475 6644
7896 5535
6294 8332
6767 7178
7872 8707
6374 5901
9248 9337
9045 5411
5379 8389
8522 6530
7559 5596
5944 8551
8319 5181
9869 7625
6744 9276
5351 8135
5720 5988
8383 9832
6283 6898
6069 6995
6761 5910
6079 7584
7100 9289
9120 8745
8136 6177
5285 6233
8717 7493
8558 6737
6818 9289
8082 9203
6682 9346
9867 9383
6701 8611
5824 8800
6317 9468
5984 8040
5021 5322
8518 6309
8845 9893
9989 9077
8197 5001
6156 9263
7403 7060
6353 9313
5034 7534
6502 8337
5914 9461
5603 6895
7359 5416
5243 7788
8726 5736
5194 6841
5080 5672
5262 7817
7109 9589
9824 5555
5473 5294
5649 9704
8741 7194
5029 5648
8161 6904
7669 7174
6808 7233
8110 8658
9663 7061
5472 6739
7518 6654
7234 8909
9117 9500
6258 8696
8942 6999
7663 6044
7786 5378
6766 6537
8148 9435
6650 5270
8662 7889
8999 7760
5859 9249
6369 6297
5096 5109
8553 8093
6732 6699
7293 5155
6381 6626
8844 6778
7418 7132
6980 7927
9657 5455
7158 9176
6814 5176
7330 6988
9948 7578
7392 8146
8879 9664
6686 5061
7961 8610
6475 5280
6293 6377
7874 8526
8734 6285
9286 5598
9587 6186
9337 6277
8098 9234
9019 8909
7545 7898
6720 6314
8983 6812
6943 8750
9503 8836
5632 9264
8973 6116
8630 8826
6816 6289
6287 6926
7997 6256
8187 6324
7065 5740
6836 5794
7555 8619
9008 5154
5336 6516
6716 7316
7462 7502
7774 9011
5926 5728
9117 6192
6039 7220
8309 7058
5111 8312
8347 9162
8800 9204
8320 8940
9897 6154
6182 6401
6564 6934
9092 9307
8339 8076
6583 6336
9871 7242
5437 5577
6577 7581
8580 7829
6881 8128
8872 7436
9872 7711
7806 7661
6593 8882
7428 6495
6313 5183
5202 5770
6096 8617
6805 9118
9168 6136
5388 6421
8595 5450
8186 6822
6118 7606
7185 6343
9842 7928
5283 8579
7915 5894
7462 8361
8732 8436
6609 8165
9497 8517
5420 9199
9583 6938
9559 6130
9362 6637
5178 6800
9647 5096
6866 5031
6034 9057
6760 5138
5944 5599
6975 5720
8808 9389
8583 8246
7393 5060
5765 8871
7685 9068
7988 5383
7275 6456
6261 9185
8942 8001
8163 9049
6579 9174
5904 9557
8262 6149
7890 9527
5971 5332
5900 8232
8584 9819
8174 8689
8879 7164
9322 7192
8574 9196
8833 8265
8602 7548
5745 5438
7538 7811
8137 5247
8189 5800
7432 5877
7271 8074
9603 6534
7078 7707
9825 8701
7462 9250
9758 9344
8592 9651
7978 7228
7259 7424
9843 5520
5851 7558
7143 10000
7298 7747
7411 6747
7143 5430
6508 6171
8889 5729
6710 5307
6174 8011
9243 9332
5387 8853
5845 5465
5615 6755
7552 7329
8916 9888
9286 8033
6799 6368
7406 7430
5734 9531
7643 6936
7285 6748
7442 7174
7296 6816
6732 5138
8618 9140
6605 6113
5542 8670
7867 5889
8438 6790
6958 6859
7438 5053
6883 7611
8429 9807
6403 8327
7898 7774
9127 8172
6114 7000
5974 7370
7423 7188
7984 7105
6725 7919
5303 9684
9528 7653
5381 8679
8580 8434
5789 6531
8804 6925
9496 7193
7720 7433
8919 7374
8273 8123
7628 8194
8880 5803
6949 9380
5210 5222
8448 8731
7098 7706
8303 8868
5142 7594
8635 9096
8852 9057
7764 6269
7311 6354
5497 7081
8162 7234
9169 9943
8181 5442
6070 5292
7872 7002
5031 5861
8760 5791
5219 5449
7685 6332
6663 8030
5376 8756
8310 7184
6554 9308
8816 5453
7956 9246
7553 8457
9510 7643
8755 8208
7205 6162
8558 5248
6709 7898
7377 8553
5422 5585
6990 8562
7887 8500
5929 7563
6024 7814
8511 8812
7106 9114
8101 9439
5853 6210
9811 7006
6722 8274
7164 8872
9396 5766
9148 8428
7462 5302
7806 9566
7734 7159
7639 5232
8741 9206
8714 7288
5919 8513
7339 5256
6474 6419
6218 9517
7207 7215
5671 6681
6235 5554
6989 5079
8934 6496
5839 5962
6922 7647
9938 8318
8370 6641
8671 7366
5311 5732
8959 8430
9876 7335
5792 7816
6022 7824
6423 7840
9869 8039
6593 5847
8147 6002
9012 6003
5625 9007
9796 9058
9466 5361
9892 7145
7885 5578
9062 7396
7083 6346
7317 7404
7678 9419
5223 8632
8186 5223
5109 7521
9583 5895
7265 6794
6952 9796
8569 6927
8784 6679
9420 8633
7975 8952
6713 6939
7513 6827
8509 7284
5807 9869
8103 6702
5986 9380
6743 7984
9736 8419
5313 8200
9330 9507
6808 6841
8069 9831
9099 6098
6314 8839
5534 7093
6987 7174
7057 5901
6583 5068
8245 9668
8215 6094
9730 5262
6271 5484
5569 5750
6616 6882
6330 5898
6926 9604
9364 5426
6672 8364
8728 7270
8622 8667
9363 9747
9182 8642
6492 5887
9245 5270
8679 9010
9977 7515
7912 7829
6416 8563
9855 9138
6138 8810
6444 9663
7243 9152
6312 7386
7655 9895
7261 9765
8500 6844
7475 5399
7301 8999
7307 6157
7514 9040
9796 8750
8470 6677
6989 9068
8535 7070
6365 7327
8843 5085
9566 5782
5580 8887
9533 9229
7501 6632
7843 6787
8923 8456
5317 7828
5801 9119
9928 7583
5388 9943
6716 7251
7327 7154
9667 6072
9376 8348
7390 6380
8706 5664
6557 6019
6452 9751
7023 6483
6769 7207
8520 5765
9769 9858
5206 7784
8410 5985
7491 8101
5241 5269
9817 9673
5493 6839
5047 8524
5748 5562
8881 8599
7472 8258
6616 5805
7134 5785
8447 9317
7805 6007
6806 9302
8755 5078
6490 7921
6154 5447
8685 8258
8562 5059
7533 9260
6490 5552
6501 8842
5931 9335
6228 9330
8948 5876
7000 5271
6947 8400
7053 8766
8031 7177
8427 9818
6457 5398
7691 6339
6625 5018
8259 8883
6738 5496
9539 5938
6019 8934
9372 5826
7255 8947
6085 6608
9712 6851
9403 6015
7477 9693
6037 6405
9082 9240
8332 6787
7155 6819
8498 6765
5736 6596
6472 7166
7986 8447
8216 5725
6227 6525
8842 8916
6675 8500
6095 7596
9071 5609
9570 5726
8344 7280
8463 9301
6645 9863
8128 5993
5086 5561
8019 7581
8634 7659
8661 7140
8617 6434
6798 8245
8057 5923
8205 8684
8170 6400
7086 7331
7292 7109
5356 6561
7685 8224
6944 7815
6248 6333
8253 5406
5294 9770
6124 8802
8916 5416
6008 7651
5947 6738
9156 9981
5358 9820
5456 7286
6767 7571
7912 8182
7153 6877
9731 5433
7098 9874
9393 6410
6696 5521
9474 6464
5127 9296
5045 9235
8853 9274
8161 8333
8720 8795
8908 5465
7958 6054
7070 8129
6119 7724
7927 9853
7934 5382
7567 8887
7737 5456
5866 8207
7946 9623
8294 5854
5953 8751
6840 9449
7711 7627
9349 8794
5874 5222
9982 8531
8160 8064
7373 8346
7072 9942
9658 8346
5479 6524
7353 7746
6835 8965
8483 8109
8541 7019
8993 6704
7005 8526
5579 8200
9192 8929
9387 6291
5025 8328
9876 8983
8899 9863
6663 8883
7973 7842
5130 9479
5106 7856
7360 7649
9166 6529
9839 9688
8972 5645
6928 9295
6056 9634
7297 6128
8262 5524
7941 6767
7945 7180
6654 6383
8662 6764
9503 5693
8721 7450
7527 8193
7797 5822
9102 5570
5420 6934
6352 5421
7392 6289
5317 6025
6745 8763
6931 9486
5474 7513
9691 6344
6775 9964
8494 9768
8806 6787
5364 6345
6509 9015
8726 6892
5797 6452
8383 8771
5215 9568
8744 6055
9849 6459
9326 7612
7352 9194
8730 5995
9495 6726
7071 7027
5426 6277
6289 7894
5897 7050
6464 6920
8297 6996
6663 5062
8022 8165
8791 8165
6122 5666
7973 8351
7697 5892
5927 8880
8344 9992
9287 5184
8693 7464
5535 8749
7649 9774
6557 5023
6798 6555
8060 7404
9765 8651
6172 8723
8897 5677
6391 9846
7373 8495
9411 6133
7553 5984
6217 6416
7197 5984
7204 7266
7822 7155
7333 9396
5204 7278
7903 8924
8234 9095
5390 7032
9826 7487
7864 5546
6963 5345
7347 6723
8579 9048
7936 8391
8064 7667
5216 5827
9776 7117
8782 9994
6499 7671
7469 5212
5121 8865
8617 9082
6899 5508
7750 9277
6343 9857
8573 7437
8063 6451
7218 9312
5881 9035
8559 6716
6351 6334
7600 7951
8704 8512
8635 5411
6570 5029
9451 5055
9722 6503
5460 5819
5755 6742
6711 8312
6197 7294
8905 8579
7359 5169
5929 5200
9498 8591
7706 9802
9214 9224
9870 8173
5535 8482
8428 6997
6057 8161
8221 6366
8143 8096
5668 7918
5785 9886
5858 7611
9101 7629
7593 6809
8142 6459
7274 5383
7397 7714
5450 9038
7935 5539
7393 7181
6588 7430
5935 7710
9880 8512
7530 9068
8023 8071
6046 8154
5824 5973
5900 6615
8543 8063
5141 5455
9569 7875
9103 8678
5149 7637
6233 8513
5772 9403
5985 7584
9895 7190
9292 6171
9127 8460
8284 9306
8639 5992
7680 5975
7148 9762
6773 6514
9565 6370
9430 5047
7137 7779
6083 7475
9458 9192
9006 5876
7430 6704
8357 9437
9980 6890
6456 7188
7617 5561
9753 6598
5726 8847
7142 6625
5472 6904
5171 6694
9532 7844
8944 7152
9671 6724
8872 5272
7287 8974
7171 5074
8384 6556
5929 8977
9896 6061
8622 6242
6555 5301
7566 7989
7309 7068
6419 8537
8247 9848
7577 5966
9670 5338
8257 5822
7728 7404
6540 6071
6575 7610
8248 7422
6492 6696
5087 9085
5209 8172
5715 8583
6893 5194
5690 9761
5630 8120
5843 9742
8236 8098
7079 5258
5918 8053
5980 7685
5723 9445
8645 5165
6792 6846
8286 5496
7554 8416
5320 8450
7559 5912
9836 6273
7234 5046
7824 6913
9571 9434
5649 5862
9609 8521
7625 6552
8083 7707
7627 9409
8407 6254
8618 9277
6213 9626
8759 8503
8699 7252
9212 8534
8503 7403
9379 6001
8422 5492
6490 5149
8936 6960
5021 6274
7105 9729
6917 6918
7917 6823
5933 9090
5982 9322
5409 6491
7262 6916
5158 6739
8027 7599
9970 8871
9416 5331
7224 7677
6263 9912
9330 5645
8725 7389
6312 8105
5544 9621
6076 9526
9045 6474
5566 5256
7446 8120
6509 8916
9414 9039
7182 7125
5631 9646
6727 5346
6054 6169
8647 5737
6292 7732
5086 5898
9290 5767
9727 5573
8693 8466
6105 6170
9423 7814
7242 5917
7259 8441
9291 6583
9802 7653
5369 5950
5198 6035
6559 8077
9823 8844
5294 6014
7952 5874
6671 7940
6093 5428
5151 6325
7496 8832
5376 7203
5214 5587
7221 8433
8620 9975
6507 7816
5876 5871
6035 7591
7123 8107
5537 8503
9504 7826
8699 7276
9838 5409
6940 9816
5418 5288
9462 8348
8981 6243
8827 5766
5815 8463
8430 9629
9309 7378
8185 7380
9847 6976
5014 8473
9197 6697
8431 6465
7603 7094
7368 9810
5271 5786
5576 7365
6106 8548
6756 8867
8794 6589
6961 6148
5425 7886
8471 7818
6875 9338
9416 7515
9658 6988
8698 8112
8098 9836
7380 5856
7640 8610
6669 8360
5977 5613
9828 5515
5839 7184
8220 7993
5414 8552
7311 6715
8101 5767
9695 6119
6791 9242
7047 7156
6932 8976
8407 6779
5850 8258
9730 9219
6769 9531
9595 9785
9999 8485
5143 8933
9772 6552
5448 7010
5459 6044
9592 5839
7309 8718
6539 7245
6996 8394
9426 6888
9185 8689
6258 7811
9871 9236
7326 8048
9298 9652
6461 7621
9525 5352
6851 7975
8335 5974
5157 9097
9006 5872
6653 7283
7127 9396
9628 7458
9905 8370
6361 9350
8093 8988
9617 6030
6932 6874
9061 5587
6397 8113
9931 5237
9262 9631
7980 9574
9530 9435
6609 8099
7493 5388
8631 7176
5485 7931
7192 6222
6772 6166
5759 6523
5819 8833
7952 8427
7221 9164
6114 8237
6846 5250
6430 6370
7591 7049
8836 9896
7340 9931
8908 8437
5668 6353
6152 8015
8338 9608
7147 8794
5454 9443
6855 8308
9822 9080
9014 6777
9718 5779
5043 9920
6542 5920
7799 5058
5987 5481
8688 8160
5306 6715
6699 7145
6668 7281
9449 6204
7684 6498
8521 6745
7956 5260
5468 7038
7592 7004
5162 9414
9428 5446
6687 5310
5391 6818
7300 9264
6631 5197
9155 9849
7548 7828
7008 9764
8114 6048
6567 8023
5200 9773
9077 7617
7750 9161
8939 6345
7673 6249
5260 5993
6160 9623
8474 9131
9618 5407
8595 6241
7328 6115
5669 5397
5385 8347
5813 7963
9588 5619
8966 6822
9474 5547
9384 6926
6160 9342
7528 7591
7416 8733
9218 5197
8189 6522
5671 7177
7778 6602
6937 7003
9933 9601
8853 5407
5017 7559
9385 5995
6215 8736
6901 6145
7130 6573
8317 5297
9584 9617
6821 6818
5537 5698
7442 7131
5768 9204
6189 5298
5316 5633
5735 5017
8503 6367
6843 7821
9192 6762
5935 8813
6006 7287
5400 9541
5919 7323
9004 8492
6527 6007
7231 6751
7963 9092
5637 6691
7919 7542
5120 9219
7782 7049
5904 9504
9854 5202
8471 5161
9484 6301
7577 5389
5885 5614
5026 8873
8887 9938
8743 8337
5293 9111
6064 8041
9225 5992
7498 8780
7770 8094
7846 8209
8128 8484
9988 5843
9367 9881
8761 6106
5428 7342
5117 5318
6434 7627
9394 5305
6051 7418
6530 7135
6187 8392
5965 5807
8823 8725
9761 5546
8015 7134
6135 8410
8364 6344
6140 9943
7045 8086
5209 7086
5081 9782
8016 5429
9454 8456
8375 8032
8606 7420
5256 8195
8540 8799
6897 5856
5447 8411
8099 5692
7446 9491
5221 7927
9491 7477
6933 5881
8392 5821
9675 8650
9620 9470
8747 8643
8172 7503
8651 9718
7485 5300
9606 5526
8853 8935
9086 7339
5385 5572
7355 6562
6859 8411
8574 7204
6950 8067
7397 6963
6517 8695
5877 6337
9073 5050
9948 7075
9037 6308
9490 6704
5185 6357
8405 9231
8498 7843
7286 5309
9923 6859
7494 9521
9418 8337
9130 9157
6366 8423
7786 8719
8778 7043
5517 5437
6997 7433
6977 7010
9004 5954
9808 6395
9317 7465
6308 7536
7629 5336
8064 7589
7027 8784
6519 5599
7847 9922
5131 9408
6088 5733
9522 8416
8480 7973
6654 7839
8189 8759
6446 7541
5699 8348
9309 8141
5224 6012
9136 8978
8431 5977
5107 9650
8585 7367
9879 7121
8372 9997
7908 6309
5468 9106
5822 5956
7354 7686
9691 5770
6451 6152
5876 9718
6393 6097
5548 5159
6148 5959
8276 8756
6742 6229
9204 9126
9298 5755
7230 6507
5012 9654
5829 7771
8115 8012
9406 6715
8017 5020
8065 9803
9136 9171
5169 6410
5766 9487
9154 7671
5290 7256
8286 9283
6957 9507
8266 5950
6291 5828
8952 6724
9670 7794
6535 6285
8025 9550
5845 7460
8783 9008
7666 8419
8475 9965
5289 9154
6435 7181
5440 5238
9758 9547
8333 9482
5703 7816
7312 5194
8877 7975
6462 5142
8872 9387
8033 9372
5148 7705
9109 5091
8049 8045
8752 9999
7765 5831
8787 6957
6058 6199
9759 8886
7385 9547
5063 5121
5602 5832
7559 7124
6265 6398
8316 5691
5840 7080
5716 7015
7109 9399
9608 9155
5203 7055
8922 8827
6778 6700
7714 5440
5367 8837
9945 5971
9202 8453
6804 9735
8388 9299
5354 5881
6201 9613
8391 9406
5784 9646
5767 6655
8252 8133
7478 7122
9449 5313
5412 6973
9159 8624
7247 6509
8574 5274
5314 9397
6975 6831
9401 6452
8774 9431
5791 5671
8807 7118
5664 8374
6180 5022
5302 5445
7317 8215
7443 5798
5119 8638
7276 7558
9993 5878
9511 6373
8589 5831
7457 5054
6103 7221
7279 7758
7430 9648
5468 5605
6628 7567
9903 8230
8057 7991
9958 8881
5713 6072
9159 5444
8317 7268
6946 8738
6917 7681
7411 9257
9693 9698
5193 6921
9676 7200
5534 8104
7887 6971
9107 5679
6640 9979
9749 7301
9846 9375
5437 9648
9233 9153
8959 9354
7412 7027
9812 8599
5623 9143
6443 9635
5215 7416
8223 5550
5300 6424
7699 6549
8703 9193
6320 6362
9441 7608
9287 8067
8799 6582
7907 7617
9358 7502
6153 5028
7864 9400
7217 5828
9215 6161
9930 9734
5453 7332
8916 8984
8474 6365
9654 8960
5105 9500
6974 8645
5465 9692
8283 6449
7791 9939
5194 7354
9905 6538
7071 9627
6159 7967
6822 6499
9632 5783
9153 6671
5092 9018
6700 8689
6132 9591
5288 7674
5003 7021
8870 7700
5381 8162
8219 8228
5688 5695
9127 8369
8246 8652
9809 6475
8638 7959
7874 7170
7575 7932
6467 5660
8425 6828
8415 9830
5762 6407
7322 9067
9078 9141
7221 8650
7158 9144
8391 7623
5430 8253
8770 6812
9314 7472
9669 9185
6736 7832
9738 6431
7602 8732
7049 5177
8125 7516
8544 9931
5258 5084
6541 8068
5100 9306
6341 5295
5407 8892
8606 5364
8522 7917
8958 8004
7460 6517
8966 5802
9355 6708
9687 5691
9308 5390
7248 8181
7439 5541
9724 6003
6231 8091
5257 7333
9104 5492
5258 8741
9331 7600
7560 5628
7638 6317
7649 7328
6943 5241
5861 6885
8482 8325
7152 9573
9817 7786
8051 8491
6221 9389
8959 7352
9576 6351
9087 8106
8274 6752
8762 7688
5973 5569
9511 9701
9350 7338
9898 9228
9145 5555
9932 6945
6292 9214
8718 8698
9114 5859
6125 9029
5844 5310
6540 6952
8571 6202
9888 8242
9177 6186
5145 8079
6448 9356
5383 7270
7507 6257
6009 5852
7064 8348
7141 7712
5815 5773
5252 8228
9198 7178
6376 5895
9225 6263
6018 7286
8899 5339
6247 6720
8736 8291
5985 9992
7545 6007
6559 7414
6157 8379
8616 5285
5554 7570
5275 9372
8456 9302
7276 5557
8879 9580
5913 5582
9266 8489
9974 8594
5160 7629
8701 5821
9786 9374
5104 9872
7412 7443
9062 9032
9197 6360
9258 6529
7240 9042
8865 9541
9513 6873
5308 7876
8668 9565
6889 5037
6690 8439
6058 6793
6850 6739
6308 7513
8409 9891
7133 6742
9302 9011
5155 5620
6246 5146
7497 5132
7811 7413
8462 9481
6161 6243
8953 6123
5852 8780
5060 6605
6901 6148
9474 9265
6800 8156
8088 8056
9388 6389
6383 6418
6155 8122
6096 6752
8071 9352
5039 5446
5714 9547
8082 7342
9568 7641
9106 9855
9696 6438
7193 5731
7028 7991
8897 5421
9750 9777
9287 8128
8421 6551
5815 5480
5221 8197
9651 5611
5601 5154
7272 8513
5894 5412
8222 6731
8732 5139
7001 7682
7361 9107
7353 9302
5435 7959
8522 6159
9291 6338
6647 7243
6116 6606
6631 8484
9790 5432
9542 9389
7820 5682
8882 6391
7568 8364
7990 7938
9310 7981
5879 6590
7827 6677
8823 9189
8463 8203
9425 7486
9534 7712
7081 8901
8775 7513
9374 9038
9752 6102
5971 6513
7981 9207
6239 5374
6542 7952
9383 9689
8254 6470
6784 9429
8887 6089
5557 8261
8208 7114
9125 7525
7727 5217
9368 9701
8571 6859
6724 7757
9009 7318
7623 6350
8838 8094
9895 7848
9361 6773
5347 7466
7478 6231
7728 8431
6985 5713
5757 7040
7341 8715
8152 9324
6913 7205
7894 9860
7163 8337
5311 9188
5133 5466
8179 8432
7563 5485
5202 7588
8741 6823
5053 5885
6608 8904
6154 9921
7316 5566
6019 9361
6274 5770
8567 5455
9819 9652
9010 7769
5645 6217
5794 7971
5628 6960
9424 6110
7151 9113
5840 9290
6700 6268
8690 8227
5115 7671
9314 8453
9493 5277
6970 7794
6336 9596
6230 7887
7156 5808
6926 6239
8516 7644
5751 5711
6492 8933
8304 7083
5301 5925
5159 7890
6972 9239
7360 8836
9240 6657
8776 6733
6635 5592
9311 7005
7630 6387
7682 8036
8965 5168
5004 5259
6019 5510
8601 7583
9882 8474
6010 9155
7511 8634
9781 5337
5748 5726
9081 9941
7440 7024
8780 9043
6167 7369
6617 7678
5972 5363
9956 6012
7785 5075
5358 9507
6370 7330
6825 7955
8748 7914
9626 9791
8820 5561
9563 7394
6576 9326
7826 8095
7910 5974
9725 6176
9007 8864
6722 5943
7089 9827
9512 6156
5724 7447
6643 8203
7356 5911
5312 7476
7450 6099
8402 5093
6470 7848
9800 5713
7130 8109
9901 6520
8297 6641
5786 5214
8747 7004
5888 7109
6250 8620
6761 9045
6466 6666
8399 9554
5463 7644
5066 8010
9227 8945
9384 6570
7029 5663
9937 9430
6522 8752
6264 5943
8383 6734
7568 7400
6136 5108
9478 6580
6333 7210
5035 6271
5931 7249
6465 7007
9888 5701
8672 7616
9002 6981
8796 8043
6490 8000
6567 9225
7718 6343
9292 7863
5485 9461
6625 9886
5773 5007
8223 9464
7668 5608
6940 8150
9496 5538
5102 9305
5987 7433
5601 8098
6448 8117
6205 7319
7417 7499
7175 7070
5459 8301
6157 7238
8721 8096
5243 8101
7908 9807
9451 9738
7774 5374
6349 9295
9566 8506
8086 5738
9212 5567
7987 6776
9324 5560
9515 6624
8050 7030
9188 5918
9065 5918
6300 8858
9053 9523
5779 7677
5169 8216
7873 7265
6971 9076
8026 9241
8802 8836
7996 6694
8174 9760
7327 5165
8182 7844
7403 8837
9021 9262
7727 9316
5276 8995
7464 9838
8471 5052
7102 7984
6434 5643
9499 8934
7816 9280
7532 8055
9133 9944
7145 8409
6920 6068
6575 6061
8370 9690
5562 7354
7059 9750
6518 5847
5111 5073
9836 8004
5525 5833
9797 9680
9642 8948
8302 5479
7835 5300
6835 6555
7345 7950
6726 9158
6771 8379
5822 5850
9529 5782
5566 7224
6796 8835
8438 8896
6712 9363
6125 6985
9750 9380
5407 6301
6716 9530
6643 5020
5262 6223
6985 8924
9224 6026
5488 8942
6102 6023
5572 8470
5166 9840
7667 9011
6097 8549
5542 7947
7722 8481
8143 9632
6395 5368
8184 8397
5281 6593
7878 6590
6994 9131
8354 9984
7101 5586
9088 7840
9513 5036
8853 6633
9411 6243
8407 9971
8557 9325
5210 9049
6512 6659
5663 7935
7234 6278
8543 5580
7266 7340
9398 9892
8411 8119
8027 5969
7493 9868
5867 6009
7342 9863
6085 9677
9632 8453
9848 9939
9637 6019
6782 7597
8908 5223
5699 7533
6196 6691
8274 8114
8341 9262
5362 5782
7428 8555
9757 7152
6152 7314
9367 5243
7453 7238
7735 8230
9008 6816
6528 8040
9306 5452
6785 9557
5283 5148
8041 6212
9256 9557
8511 8407
6393 6260
6206 7719
9220 8706
6033 6391
6646 8625
7642 7057
7445 8145
5375 6533
9531 8007
6320 5528
7834 5486
9344 5631
5930 5774
8955 7926
9211 9623
9951 9696
9303 6705
5939 5214
6621 8666
8823 7080
9562 9866
7938 9444
8113 7459
8481 7044
5829 6721
8457 8720
5819 8060
9891 7136
9340 5075
8623 7761
8278 8690
6252 7004
9164 6442
6620 7084
9372 6824
5651 5417
7225 6441
6228 5758
9149 8778
8341 7270
8496 6067
5526 7396
8013 8442
5009 8944
5601 7093
8362 8796
8565 7553
9647 6429
9776 9918
7269 7768
7877 8711
7757 9914
5401 9142
6273 9226
6368 8793
8456 5617
7016 5318
9337 6542
9195 6072
5691 9574
6862 8637
6326 5931
7451 8348
6261 7547
5965 8021
6465 7961
7069 8601
7833 7994
9838 9117
5674 6062
7062 6685
9285 6657
5173 9138
6952 9152
9737 7732
5219 8101
8461 7662
9640 9346
7727 7363
6841 5081
6210 6168
6081 7924
9996 9493
5399 9813
9963 5684
6245 8248
9322 6801
6763 7850
7744 7661
7702 6525
8073 5789
8846 8710
8419 5205
8363 6599
5860 6751
7153 5264
5507 7699
9960 5374
7067 7787
7754 7254
5425 8010
7207 6613
5759 5334
6718 5184
7294 9089
5672 8512
7572 7525
7868 7637
5322 9996
7021 5217
5676 6165
7811 5710
9256 7995
6536 8982
5556 7430
9916 9451
7690 6657
5060 5310
9188 9773
7452 8260
9651 8343
9582 8950
5137 6484
6139 9645
8464 6217
6229 6898
9412 9131
6234 7310
5144 8482
9260 6378
5288 5466
5110 5988
5002 5224
9323 7984
5050 8675
6015 7590
7814 9941
9717 9623
7346 5869
6038 5263
9348 7580
9009 8453
9503 6216
8010 8479
5611 5960
8085 9060
9355 9529
9891 8631
8464 5417
6729 9025
6584 9182
5944 5253
9725 9857
7534 5533
7891 6633
7933 9914
8685 9919
9999 5651
6561 5676
5631 7546
8856 7379
5887 8203
9242 5700
9652 6662
6155 6344
9766 8867
6130 8381
7205 7424
9629 8304
5167 7805
6786 7762
5299 5719
7873 5797
5116 5614
5736 8364
6028 9852
6320 7147
5230 6958
6727 8319
5343 8984
6407 6016
9253 8592
5753 7725
5127 6490
5324 7653
9345 7766
8883 7363
7934 6746
7763 5276
9066 9007
5544 6071
8677 6784
6744 8804
5647 9478
7741 5065
8991 7078
5987 5690
7002 6605
5263 5515
6055 6913
5035 8403
9347 8708
5531 8428
8716 6151
5095 9183
8140 7186
7601 8867
7200 7484
5104 8933
6638 5449
7217 5248
8619 5631
9473 6309
5810 8851
7908 6434
5785 8704
5237 9806
8549 9688
8694 9317
9937 8575
8549 6273
9972 6141
8568 6738
7482 9938
9458 6825
8203 5878
5969 8479
8437 5718
8659 9289
6957 9168
9738 7021
7499 9577
8102 6978
6281 6501
7157 5055
9298 8239
8082 8785
9264 9425
8592 5989
9064 5320
8874 7446
6823 6264
5789 8596
6974 5426
5950 8682
8941 7204
8596 8471
7190 5110
5860 6429
9566 7077
6218 5706
7810 6674
7243 9202
8745 9807
8360 9412
5459 7938
7589 9881
5416 6710
8571 8016
9672 8247
5258 8641
7629 5430
6938 8728
7796 6544
9715 9621
7131 9014
8369 8328
7488 6103
7171 7371
6990 5281
7933 5620
8188 8007
6918 9875
7744 8800
7935 8303
8424 7692
5090 5058
5021 8506
7409 9279
9687 5904
9229 8852
7626 8265
5986 7423
8942 8309
7776 8533
8892 7759
6098 9817
7731 9925
7853 9356
6185 7058
6668 8834
9784 5527
9131 8636
5211 5501
9882 7829
6637 5849
9485 6100
7594 7065
5628 8201
8849 8366
9932 5168
9404 5641
9475 7674
5225 7541
6759 7278
5891 9142
5122 6080
7601 9794
8469 6738
6757 6690
8832 8344
8102 5706
7167 5452
9327 8026
7737 8632
9224 5674
8692 8574
5744 5276
7622 6186
5843 6239
9707 6566
5184 5552
7865 7326
9479 8534
9427 5327
6025 7925
9036 9626
8734 5636
8739 9044
9693 8497
7871 6684
5897 5408
5232 7364
6324 6719
6168 7742
7000 5722
5426 6905
8522 8251
6555 9457
5884 5644
8005 7650
9759 7360
6106 8055
6029 7778
7408 8159
5461 6648
6326 7985
8576 6187
9938 9226
5526 8298
9008 5016
7298 8277
5169 9815
6827 9127
5100 5765
5387 6152
7509 6728
9359 9602
5422 8009
8234 8238
6696 8282
7291 9998
5907 7070
8038 5462
7597 6777
6575 7759
6216 5809
8952 5693
9489 5683
7338 9603
9304 5177
5610 5667
7444 5196
6789 7856
6745 5479
5418 5747
6360 6266
7369 5725
7857 6540
8864 5497
8604 6715
9384 9134
9567 9455
6553 9686
5779 9374
9350 5090
9459 6004
5040 9906
5986 9272
8916 9452
9656 5174
8175 9172
9121 6747
5362 9164
5879 7990
6843 5608
5611 6038
7013 7704
9930 6252
7517 9771
6280 9318
8389 9291
9258 6503
9677 9433
6686 6732
8221 5135
5060 9990
5016 8723
8978 6739
6562 9228
5636 9036
8603 6837
5068 5739
7328 6332
9520 6061
9111 5758
7187 7148
6352 7998
6490 5713
7813 6871
7907 5624
5986 6949
6751 6710
7110 8343
7486 5453
9624 8048
6427 9654
9202 5910
9741 6536
9700 7081
7863 7474
8701 9346
6192 8778
6562 9911
6490 9935
5927 5374
7373 6682
5684 8528
8119 9359
7875 7250
8011 5930
6512 6135
9158 9083
7016 8225
6809 9090
9643 9937
9521 9024
8986 7559
7839 9749
9096 5500
5476 5675
6888 5908
5199 9951
6960 5367
9140 6202
6364 8289
5454 7281
9690 5036
6245 5008
7924 8638
8653 5559
5687 6425
8264 8557
5512 7740
5340 9778
5132 8712
5699 7010
8100 7340
6967 6521
6145 5554
9301 5647
9338 9392
7843 9805
5724 6559
5954 8504
9123 8798
7059 5483
7096 8860
5293 6961
8284 8753
5898 8522
9069 6726
8996 6463
8658 5318
7887 6194
7323 5270
8617 6318
9788 8413
9197 5644
8539 7356
5946 6439
9239 5102
8394 6178
5912 5089
9425 8239
8198 5273
7556 8715
5245 8546
9558 8632
6677 8961
9888 8703
5544 5487
8466 6352
5069 7959
7865 7959
7825 7101
6635 9618
6239 5702
9362 6389
8779 9636
8809 6374
6603 8610
8517 9744
8192 9473
7802 5351
8641 8841
8950 9057
8363 5737
9118 5320
6412 6167
5082 9967
6627 6240
6830 7388
7929 8192
6846 8820
5793 7902
9981 9123
7906 6487
7028 7142
7028 6380
9542 5786
7904 8197
9158 5604
5633 8081
8520 5864
7507 9686
7068 8181
9029 5350
6347 5338
5499 8364
7077 5589
6314 9117
8270 7973
8231 6542
7936 6105
6564 9351
9373 7810
6873 9271
5793 9732
8184 8951
7913 7979
8130 6009
6202 6935
5748 8762
8332 6641
9765 8934
5727 6491
7694 6668
5996 8890
8979 5192
7653 7760
5870 9846
9471 8218
9467 7857
5969 8344
8385 7629
6228 5112
9740 9404
7171 6377
5421 9143
8503 8957
5931 7786
8104 7272
6060 7382
7366 6273
8314 6231
9264 5627
5607 8772
7993 5070
6551 6922
9781 9171
7520 6695
6682 7788
6782 7813
8684 5008
9519 7235
6293 7096
5909 9858
6656 5900
6081 9629
5577 7509
5315 8922
8973 5936
9344 5712
6866 5802
7814 7514
8887 9128
7649 7537
7044 6456
6692 5718
6319 5321
6212 8966
7634 8134
6810 6453
5153 8064
5054 5957
9265 9096
8077 8413
5502 8759
7809 7053
7808 5805
8289 5667
7801 7235
7127 6904
7606 6163
9657 8128
6857 7680
6506 5790
9553 6863
8942 6080
6861 6547
5007 6905
9485 6398
