200 615000
94 485
506 326
416 248
992 421
649 322
237 795
457 43
815 845
446 955
422 252
791 9
359 901
667 122
598 94
7 738
544 574
334 715
766 882
994 367
893 984
633 299
131 433
428 682
700 72
617 874
874 138
720 856
419 145
794 995
196 529
997 199
116 277
908 97
539 719
707 242
569 107
537 122
931 70
726 98
487 600
772 645
513 267
81 972
943 895
58 213
303 748
764 487
536 923
724 29
789 674
479 540
142 554
339 467
641 46
196 710
494 553
66 191
824 724
208 730
711 988
800 90
314 340
289 549
401 196
466 865
689 678
833 570
225 936
244 722
849 651
113 123
379 431
361 508
65 585
486 853
686 642
286 992
889 725
24 286
491 812
891 859
90 663
181 88
214 179
17 187
472 619
418 261
419 846
356 192
682 261
306 514
201 886
385 530
952 849
500 294
194 799
737 391
324 330
992 298
224 790
260 275
97 826
210 72
649 866
919 951
63 748
958 685
804 956
518 564
428 183
537 400
346 721
153 207
971 323
662 611
197 116
91 109
529 795
126 343
747 862
469 685
770 10
934 881
723 984
895 403
568 360
172 449
958 541
383 272
308 877
970 359
583 707
48 308
930 770
569 30
3 208
20 311
609 100
887 939
825 422
930 785
904 370
241 989
379 969
376 143
962 972
889 28
443 61
216 638
338 348
160 347
406 66
159 391
31 638
204 295
420 826
153 196
425 449
331 855
565 143
838 487
9 140
918 564
533 615
232 135
957 564
591 360
576 793
746 163
377 859
858 760
86 711
434 662
558 159
279 660
840 268
735 948
574 315
126 676
912 341
739 689
821 894
625 706
917 490
201 478
993 671
149 932
52 899
759 237
267 187
256 472
783 772
117 98
516 906
180 911
25 635
380 225
712 823
266 164
216 343
5415 9083
8451 6853
8408 9174
6309 5219
8983 5382
9453 8470
5268 7549
9587 5553
5155 7299
6749 8547
5916 6022
8735 5244
5459 6173
6216 9969
7508 5310
8951 8852
6578 7161
6939 9195
8795 7825
5502 6309
9713 8607
9373 5388
6280 5041
9541 8090
6259 5801
9682 7413
6826 6017
5227 7352
9291 7141
6642 5445
9721 8417
9794 8896
7807 6578
8959 6798
6236 7961
5251 7151
9729 9888
7949 6116
9310 6287
9862 6233
8927 5265
8789 7943
8904 8360
9444 7127
8452 7781
9409 9473
6638 7778
9971 8364
9139 8348
6149 5673
8280 8532
5932 9632
5079 7706
9585 9667
6769 9280
9277 5412
7555 9350
8548 8403
8286 9681
7223 9130
6855 7454
8459 5166
9301 8918
7610 8008
5760 8654
9767 6965
6767 9710
8475 6489
8592 7483
8071 7181
9772 9574
8496 6204
9913 7108
6092 6605
8994 7799
8428 7671
9164 8342
5271 8641
7292 5053
8209 7200
8017 6099
6239 6961
9654 9262
8627 6327
6400 8680
6322 8357
6111 6108
7142 8680
6875 6835
9698 5616
9558 5417
9255 9409
6444 5135
7648 9594
5910 5766
6197 7160
7227 8507
9557 7372
8750 6796
9802 7337
7254 5472
5290 5155
5310 8159
9329 5873
5185 8296
5799 6565
8061 7215
8991 5279
5508 9925
6122 5974
8991 9944
8824 5405
6864 8626
7553 7496
5125 5204
9067 7036
9697 8775
5309 8300
8263 5144
5800 7692
7776 5871
9332 6322
6947 9356
8133 9261
9365 8002
6766 5417
9205 5407
5122 9116
7002 5105
5697 5912
6829 5007
8865 7426
7634 6389
7537 8165
7476 7527
5810 8581
5229 5392
5284 7838
8712 8981
5559 7039
6334 5831
5523 5884
5333 7656
7589 8780
7975 7216
6076 6101
6407 7628
6657 6073
5161 9519
5768 7200
7527 7548
6660 7869
8709 6948
7765 5932
9673 5173
9414 8884
9783 8888
8800 7560
8294 8496
5894 7286
6076 9491
8646 8208
7131 8434
7268 8867
6242 6195
9766 5224
8556 9836
8779 9230
9175 6222
7960 6782
7344 8421
5846 9213
5191 8154
5867 8881
8467 5325
5821 7490
6908 9595
7176 7294
6250 5510
8423 6138
9214 6298
5142 6188
8881 9672
7693 8460
8246 8873
5585 7294
6791 5970
9308 7020
5360 9723
7610 6251
6767 9320
8981 9176
5585 6098
7322 5382
8605 7332
7528 8466
5961 7968
8166 7633
9717 8711
6775 6014
