2000 951000
94 485
506 326
416 248
992 421
649 322
237 795
457 43
815 845
446 955
422 252
791 9
359 901
667 122
598 94
7 738
544 574
334 715
766 882
994 367
893 984
633 299
131 433
428 682
700 72
617 874
874 138
720 856
419 145
794 995
196 529
997 199
116 277
908 97
539 719
707 242
569 107
537 122
931 70
726 98
487 600
772 645
513 267
81 972
943 895
58 213
303 748
764 487
536 923
724 29
789 674
479 540
142 554
339 467
641 46
196 710
494 553
66 191
824 724
208 730
711 988
800 90
314 340
289 549
401 196
466 865
689 678
833 570
225 936
244 722
849 651
113 123
379 431
361 508
65 585
486 853
686 642
286 992
889 725
24 286
491 812
891 859
90 663
181 88
214 179
17 187
472 619
418 261
419 846
356 192
682 261
306 514
201 886
385 530
952 849
500 294
194 799
737 391
324 330
992 298
224 790
260 275
97 826
210 72
649 866
919 951
63 748
958 685
804 956
518 564
428 183
537 400
346 721
153 207
971 323
662 611
197 116
91 109
529 795
126 343
747 862
469 685
770 10
934 881
723 984
895 403
568 360
172 449
958 541
383 272
308 877
970 359
583 707
48 308
930 770
569 30
3 208
20 311
609 100
887 939
825 422
930 785
904 370
241 989
379 969
376 143
962 972
889 28
443 61
216 638
338 348
160 347
406 66
159 391
31 638
204 295
420 826
153 196
425 449
331 855
565 143
838 487
9 140
918 564
533 615
232 135
957 564
591 360
576 793
746 163
377 859
858 760
86 711
434 662
558 159
279 660
840 268
735 948
574 315
126 676
912 341
739 689
821 894
625 706
917 490
201 478
993 671
149 932
52 899
759 237
267 187
256 472
783 772
117 98
516 906
180 911
25 635
380 225
712 823
266 164
216 343
448 732
541 502
664 740
954 576
726 612
772 902
531 454
943 411
750 973
327 703
917 850
5 77
113 220
913 802
791 403
998 181
859 10
345 525
431 919
675 668
833 527
438 462
523 291
916 605
420 457
115 405
660 417
261 279
772 685
388 596
764 307
843 224
206 322
407 840
639 975
852 401
542 91
60 327
757 330
82 182
637 603
93 793
614 615
136 733
187 864
102 16
972 863
163 987
501 306
477 34
492 840
121 700
80 706
138 787
660 105
229 834
827 798
448 310
230 609
832 690
489 561
586 579
291 60
665 388
660 309
702 407
153 200
606 313
123 970
253 33
709 273
832 277
108 997
888 40
481 227
283 860
858 940
284 608
711 990
850 590
239 806
943 52
195 801
95 764
410 710
664 386
900 593
112 50
963 494
754 156
458 936
19 965
225 86
569 723
97 184
194 868
754 340
602 412
61 487
695 209
347 346
719 860
100 307
97 95
843 821
745 941
286 821
492 587
116 201
531 665
424 527
253 812
426 424
413 459
980 343
291 836
833 506
486 179
9 916
575 430
922 596
145 808
897 269
404 512
742 811
728 685
269 567
103 776
745 855
35 718
779 853
71 97
80 146
842 746
128 15
941 965
227 512
30 480
342 958
605 665
531 191
364 964
359 515
867 606
820 822
313 536
207 693
911 19
308 335
430 101
685 922
641 294
113 910
141 410
690 250
700 546
559 729
481 609
503 720
766 976
7 759
882 798
859 74
182 648
425 299
542 785
683 846
853 390
938 897
89 416
624 837
181 247
878 293
933 144
580 938
252 467
207 480
658 955
20 665
954 26
347 564
759 449
446 26
14 521
657 301
710 321
980 613
188 388
636 879
203 990
432 188
129 963
630 820
509 300
237 822
373 255
838 277
395 153
692 400
103 227
218 518
384 447
931 315
396 813
389 324
640 502
287 299
297 780
977 376
512 516
219 212
555 329
398 810
289 486
798 485
598 416
49 952
572 894
697 358
770 21
725 647
542 44
214 683
887 361
45 814
94 231
282 8
82 165
319 496
626 699
146 852
541 459
874 535
725 314
777 944
554 306
208 459
787 637
976 447
912 408
444 107
3 962
301 565
164 407
437 857
652 317
764 98
41 818
737 600
176 288
136 902
128 567
394 190
235 749
42 908
824 276
684 748
979 592
568 393
367 363
52 163
642 983
335 179
126 16
130 478
583 259
129 868
752 295
167 596
856 71
640 622
770 864
431 644
195 5
448 365
701 429
952 64
880 854
168 770
79 88
961 157
472 368
217 421
709 719
147 271
296 975
909 816
764 962
251 535
878 438
753 696
570 881
253 318
666 45
931 52
433 496
810 313
678 138
123 334
212 988
66 508
206 770
750 751
64 780
466 441
337 207
510 516
796 674
175 408
437 920
938 573
848 634
561 878
718 990
948 826
649 696
569 800
663 411
582 422
843 707
202 334
702 986
579 494
725 150
803 562
340 380
156 832
832 979
602 376
234 511
688 414
184 160
978 982
413 238
633 490
585 899
606 251
963 526
350 897
242 39
539 657
739 452
267 538
165 831
177 460
720 185
802 934
644 440
82 490
798 168
197 71
173 977
81 458
235 204
112 803
103 139
268 399
879 420
643 991
106 578
122 972
444 177
262 398
691 348
997 496
446 276
171 825
549 614
281 121
211 730
112 341
408 284
730 698
363 17
89 546
605 672
938 974
168 866
705 377
47 559
400 340
215 527
114 779
51 761
881 483
549 92
679 390
328 583
250 661
203 391
481 336
752 661
707 125
82 89
63 275
660 359
21 178
287 780
219 42
500 5
820 380
95 772
44 816
748 9
678 484
276 545
478 589
663 157
594 901
757 777
947 74
448 247
570 55
313 479
981 785
795 958
552 680
389 393
280 944
864 596
636 619
512 611
892 852
184 283
947 299
614 766
625 312
149 826
377 726
474 733
18 805
662 679
416 403
1 964
530 337
752 541
22 478
981 369
777 946
957 821
275 833
584 837
582 490
121 37
951 594
668 129
118 258
319 246
896 362
521 755
948 504
248 71
474 177
351 176
54 803
155 237
660 677
871 33
486 115
294 597
425 769
245 536
382 956
371 341
708 184
544 234
794 569
387 216
738 537
520 84
281 810
502 657
91 33
503 159
924 520
16 668
33 287
344 229
349 374
606 474
896 672
595 915
441 511
102 123
52 569
654 199
710 396
434 715
245 59
36 610
661 917
413 927
13 270
370 117
400 516
195 215
984 216
476 237
164 615
405 499
674 477
196 760
608 285
907 56
532 966
51 622
716 221
327 194
880 91
710 347
267 252
400 473
376 516
609 385
320 357
196 958
538 665
935 792
404 64
100 420
126 671
855 968
94 877
731 177
253 523
8 139
393 152
543 732
348 246
318 565
489 740
22 902
998 17
49 973
381 298
10 611
429 32
221 11
150 337
717 136
530 889
332 522
942 805
565 28
216 931
61 757
170 609
872 544
644 905
208 595
680 246
697 113
639 175
679 156
961 244
361 883
802 265
359 883
839 462
718 485
280 272
252 204
280 984
102 409
615 398
296 909
481 370
956 882
230 214
259 766
922 35
706 421
272 271
156 370
552 848
485 50
536 976
70 270
902 796
452 963
35 379
947 991
378 551
57 897
352 307
669 421
702 74
141 388
458 559
463 980
756 615
887 681
332 231
528 207
656 818
254 331
787 979
495 445
370 348
10 724
200 401
327 646
17 668
374 242
755 302
980 861
376 830
8 77
32 441
460 589
804 990
23 189
869 868
943 996
715 363
628 237
73 420
199 565
38 214
209 333
327 726
912 175
799 58
372 625
976 66
120 169
667 475
188 204
28 90
704 496
649 1
746 474
697 449
712 252
289 332
625 287
953 189
462 889
302 63
79 378
41 206
823 897
908 230
665 382
36 575
732 60
809 529
66 477
291 290
591 89
583 961
252 461
479 702
530 532
224 680
788 53
309 642
366 1000
352 891
402 822
545 152
113 324
967 633
454 267
723 381
14 272
20 506
308 419
644 461
713 526
482 978
336 468
289 729
496 795
326 581
530 383
167 226
522 421
830 386
91 273
116 484
747 676
395 107
958 229
756 902
262 962
703 105
511 84
481 991
449 701
888 689
599 655
306 600
492 538
803 499
445 881
316 981
889 473
785 383
765 679
491 573
589 589
124 480
741 145
898 624
725 923
682 915
131 232
398 974
906 735
753 678
312 640
790 644
301 212
945 123
447 253
197 943
27 18
573 916
589 327
934 640
209 615
529 470
899 655
15 288
592 401
92 840
575 633
814 707
354 424
127 682
374 194
566 855
594 190
973 728
645 178
603 275
712 88
32 367
298 544
561 738
906 963
626 460
143 266
504 727
836 33
361 442
431 628
554 384
24 244
416 482
735 765
243 446
454 247
932 913
494 560
648 528
357 594
596 935
788 462
536 621
759 660
200 564
566 302
741 936
217 592
219 724
832 118
819 299
487 251
473 129
241 96
64 167
516 169
857 381
218 976
490 767
504 837
707 407
342 203
475 387
175 735
786 706
171 335
232 40
888 821
866 131
976 159
253 978
619 53
642 849
460 478
218 19
218 230
667 453
949 336
89 931
488 588
568 449
526 566
860 272
4 883
772 731
734 80
259 213
270 177
6 872
424 626
204 940
313 150
159 379
205 833
25 517
951 724
721 973
635 581
293 839
712 272
410 412
465 839
366 492
74 553
23 718
416 738
764 839
49 390
817 588
507 523
152 630
256 770
562 746
495 49
414 369
78 537
912 115
59 215
259 971
258 602
841 551
137 40
590 494
383 252
869 158
939 72
282 177
880 667
479 483
454 815
730 19
556 745
195 339
409 614
580 302
99 319
913 670
798 513
318 566
790 27
344 322
80 645
468 210
922 841
179 925
347 521
231 975
597 269
607 929
903 478
310 970
223 684
10 231
845 673
905 348
58 232
93 727
759 597
912 397
906 539
43 907
76 892
552 699
670 408
671 361
353 789
837 529
12 190
889 880
912 236
377 715
56 718
585 439
852 814
715 902
421 658
330 410
51 412
840 90
697 678
848 951
826 37
198 593
341 737
274 211
740 134
339 847
875 490
400 95
603 435
474 737
126 860
973 310
973 548
581 984
788 660
629 86
799 635
475 941
959 56
80 372
917 650
91 964
783 735
773 682
712 151
655 283
953 773
279 643
701 898
706 817
147 269
355 731
100 507
498 841
261 207
591 752
630 318
374 126
960 153
917 101
406 560
759 743
618 816
981 980
641 1
131 82
920 886
534 377
453 465
397 753
51 842
301 547
197 580
910 754
211 37
851 548
42 896
919 656
30 537
674 78
979 540
764 597
937 314
656 845
590 361
337 930
997 654
643 841
652 810
632 98
827 814
659 898
56 237
97 236
304 397
771 468
680 160
344 168
561 189
632 123
666 783
235 991
71 775
327 565
824 906
1 604
948 233
851 693
780 209
603 279
380 231
84 675
684 370
757 814
605 276
304 238
358 710
294 931
742 879
37 492
4 81
707 347
131 417
660 582
89 801
455 195
303 403
680 247
970 356
934 627
951 858
404 803
446 236
349 572
93 485
672 586
158 748
772 235
891 859
532 788
621 345
347 861
227 342
555 779
16 595
303 963
941 260
833 366
190 835
622 733
345 834
893 442
192 773
430 880
160 873
767 793
170 173
810 402
318 60
690 628
224 19
52 146
411 685
203 138
785 593
219 202
61 500
919 89
191 433
711 63
294 514
937 865
253 393
103 269
316 111
625 614
639 272
641 973
139 609
45 236
316 496
218 24
293 871
747 227
879 420
633 850
10 127
356 170
665 224
536 722
823 189
603 597
392 286
258 22
771 957
820 536
139 221
566 281
229 238
325 531
804 449
786 735
983 670
847 646
388 272
632 605
253 394
405 508
137 537
283 955
678 477
659 969
706 692
786 963
313 829
143 638
713 206
244 185
489 187
844 129
896 300
602 114
210 305
930 199
692 916
457 839
241 899
950 452
229 185
212 561
222 848
32 191
747 830
869 860
245 873
575 649
818 591
204 974
584 974
822 452
198 397
942 350
942 597
899 13
375 392
327 343
479 756
66 387
950 924
464 188
286 68
573 552
294 166
137 435
557 14
423 797
427 254
95 300
715 431
403 367
453 197
735 233
1 149
145 62
782 38
848 69
456 425
490 810
679 878
461 503
844 308
70 798
599 437
888 798
395 36
733 583
795 412
368 195
94 878
114 388
46 438
795 532
583 3
321 268
714 417
332 277
257 229
906 445
301 380
277 974
651 248
218 433
109 1000
558 874
388 939
121 760
372 473
228 811
208 766
326 306
572 556
50 521
753 364
77 460
266 136
227 458
502 784
337 648
31 783
629 960
215 137
353 591
274 875
343 440
758 263
838 40
478 835
595 943
255 749
331 263
362 597
84 5
16 999
459 161
220 35
16 891
865 459
719 996
292 592
175 54
461 985
301 401
759 298
715 459
207 77
129 611
681 159
261 467
893 737
399 895
377 49
189 382
360 285
14 388
728 972
314 265
225 729
534 810
914 973
94 818
549 295
674 532
434 58
211 736
986 187
863 896
802 998
279 997
31 476
810 259
968 475
187 494
791 130
190 151
410 639
592 855
886 480
875 478
763 386
352 672
58 361
815 894
562 460
571 148
322 660
465 628
418 329
198 975
554 1
656 507
108 750
453 109
909 915
576 700
646 75
114 896
313 229
692 85
759 144
643 536
462 919
860 516
904 473
959 25
663 25
209 611
564 44
233 722
478 980
716 563
616 672
107 914
979 541
466 882
971 142
76 259
886 35
498 543
150 689
442 721
136 142
36 530
37 503
344 450
550 248
355 599
980 919
473 636
957 181
324 873
859 154
570 427
294 604
260 313
674 363
339 594
259 813
382 829
660 49
430 791
760 554
682 499
664 226
358 345
114 432
142 758
19 64
753 843
163 637
121 941
94 965
398 448
587 857
98 968
142 351
303 758
968 351
533 980
982 662
568 357
519 914
277 548
622 723
517 23
720 170
635 351
55 113
263 783
285 766
189 527
628 206
7 644
290 258
655 861
387 728
641 69
742 128
741 392
793 145
802 51
897 112
262 253
193 340
882 932
131 817
482 965
573 480
443 724
203 839
965 500
75 746
807 811
805 373
513 605
472 252
797 172
690 394
295 177
784 98
532 377
155 486
110 855
884 290
173 130
78 355
714 842
633 233
477 101
119 686
718 736
15 930
472 700
328 69
793 607
199 879
999 916
177 960
525 408
948 679
498 138
495 185
890 782
906 49
334 453
385 630
399 429
338 853
520 545
829 651
481 765
99 159
680 1000
87 179
802 717
890 885
839 32
339 838
883 186
67 470
544 185
357 921
457 376
444 986
642 934
152 171
59 645
616 46
59 681
987 43
353 234
530 103
958 496
613 389
838 931
85 579
86 132
569 908
479 772
683 677
400 343
370 703
882 139
146 344
116 387
760 909
407 539
447 304
388 655
41 378
658 92
119 862
28 411
457 362
198 397
17 290
432 152
321 611
427 173
205 137
344 946
563 365
304 475
47 982
694 920
91 802
961 66
644 778
109 744
959 464
969 313
42 341
108 685
648 331
49 85
228 676
929 91
527 534
967 166
316 51
582 966
840 841
575 625
503 114
911 16
305 113
989 826
836 506
369 738
587 564
232 455
452 735
900 264
952 548
81 738
995 853
562 575
739 569
705 365
5 620
557 264
490 193
294 21
361 373
900 84
47 250
205 288
145 132
846 151
658 419
849 521
680 974
148 655
96 648
210 737
690 298
19 187
831 981
679 965
726 954
528 166
15 248
564 636
847 560
721 563
9 24
700 896
446 803
858 16
699 274
271 714
977 449
533 229
154 280
756 423
871 868
912 124
727 970
968 231
569 935
163 808
618 23
685 210
650 88
807 151
393 770
276 555
304 613
911 866
233 223
42 303
400 305
162 306
51 900
734 964
933 397
366 898
16 59
177 628
360 225
742 537
725 612
868 633
489 314
501 478
632 981
365 904
196 819
496 108
744 179
145 152
501 598
880 349
248 80
683 762
500 314
389 513
620 205
91 584
721 652
859 894
665 198
416 143
481 671
320 302
865 611
126 631
757 526
963 526
781 403
240 231
330 830
518 283
824 864
935 755
51 159
309 220
18 447
863 800
1 833
749 805
658 791
577 412
579 857
509 408
154 895
923 360
397 827
687 971
959 961
617 519
637 335
623 238
174 883
775 222
608 886
306 708
1000 475
957 876
641 123
472 127
726 384
305 745
714 284
643 429
708 685
631 512
489 503
829 599
746 983
732 462
732 992
669 270
422 491
54 282
900 831
682 167
666 115
957 661
109 564
454 934
964 608
933 513
140 53
195 659
24 646
657 164
231 763
169 825
128 949
537 355
264 811
46 164
4 851
900 289
802 392
68 224
450 460
126 903
58 347
398 638
486 101
451 587
335 797
162 881
106 210
745 243
969 969
432 298
159 253
634 593
565 453
16 657
610 72
503 222
511 319
752 61
55 694
469 384
829 801
692 136
177 536
211 958
499 647
115 526
984 28
818 904
233 509
424 884
976 565
371 601
406 323
334 522
784 192
676 103
168 451
427 867
432 602
531 783
337 311
677 994
537 172
1000 51
379 389
103 237
785 721
943 597
412 492
572 331
828 380
771 259
939 726
594 55
19 501
500 459
376 790
689 4
776 634
474 117
575 601
953 808
143 544
510 542
221 590
615 827
599 817
567 617
545 32
727 879
558 692
307 685
564 88
331 911
568 546
881 580
649 997
746 937
393 988
237 351
517 661
521 630
213 360
820 908
199 203
813 479
14 251
803 162
448 905
207 167
86 862
123 369
220 181
158 765
944 251
424 909
311 645
399 568
59 847
253 538
233 540
312 99
790 423
849 246
202 165
552 544
653 52
788 131
893 372
113 471
498 625
442 684
929 378
86 534
12 73
318 540
258 671
524 127
579 412
424 972
468 823
364 663
81 784
399 588
896 496
151 170
626 153
367 199
837 152
640 258
124 283
572 289
408 608
358 463
895 180
884 329
523 221
438 294
278 125
25 625
729 427
996 796
956 151
188 867
519 122
35 370
311 840
195 115
829 875
784 912
904 85
99 969
443 714
7837 5603
9407 5361
9409 5506
5078 6061
9795 8513
7137 8700
5976 8068
7748 8117
7309 7705
7628 9582
7642 6912
6291 5980
5011 5472
8961 7017
5112 9171
6728 5340
6595 6474
8189 7321
9710 6723
7229 6079
6325 9859
5296 8220
6942 9566
6142 9807
7864 6702
8448 6786
6704 9572
7518 6684
5761 7436
7937 7402
5672 8716
5041 8700
5753 5424
6260 5040
6931 7472
9286 9881
9300 7807
8323 9447
8036 5867
6160 6297
5442 6742
7443 9540
7064 5699
9230 5691
8450 9474
7233 5113
7863 9839
5708 7588
7612 9279
8762 5395
9429 5703
5363 9426
8482 7763
7570 7515
8374 7892
9827 8683
7299 7803
9575 9749
6564 8140
5858 7473
6510 9752
9789 6560
8119 7801
7530 9725
9557 6592
9692 9189
7966 5159
5223 9071
8542 6730
9714 5263
8450 5555
7756 5983
7519 7536
7223 7541
8602 9041
5960 8713
6150 7303
9636 9727
8533 6036
9479 8028
9457 5194
7779 6442
9945 9815
7224 8241
5127 9950
7316 7948
6118 5846
7176 5487
9373 8935
8338 9334
7614 9979
7643 7687
7827 6163
9543 6046
8513 6596
7522 7079
7838 9661
9932 8100
5287 5337
8985 6890
5705 8175
7953 6873
5256 8755
9093 6580
9390 6493
6066 9456
5931 9359
8263 6846
5774 8120
5452 6742
8018 7136
5830 8340
6820 8603
6276 5909
7947 5542
7128 8168
6954 6211
5664 6306
5167 6720
6843 6601
5942 7300
8895 7227
5951 8315
9409 8235
8727 6237
6506 5417
9177 8929
7325 9682
7499 5486
9261 8212
9306 6180
7951 8620
8414 5404
7432 8933
7581 6363
7520 9418
5625 5109
5667 7985
5139 8963
7262 8269
6430 5347
9570 8025
6441 6611
6805 8149
9415 6169
7417 9005
9138 6814
8347 9337
8715 6703
7640 7330
6228 6809
8038 8365
7283 6056
9127 8734
5959 6510
8063 9656
6615 5397
9860 9004
9801 6369
8499 7231
7432 6859
6871 7826
6687 8518
9154 8641
7720 6706
8028 5065
8635 9064
9174 9354
7907 7579
6726 6313
7763 9654
7965 9255
6606 9904
8426 6832
9112 5804
6583 9078
6949 9124
8659 5722
8655 7912
8104 5718
7605 7390
9995 6252
7097 6827
9099 9847
7103 7235
5179 6674
7392 6089
8092 7138
7401 9221
9976 5383
5119 5177
6501 7927
6535 8910
8211 5532
7950 9875
9536 9042
6376 9831
7634 6722
9505 7937
9457 6802
6410 9005
5104 5231
8041 7389
9187 5664
6350 6888
9525 5504
8011 6348
8487 7621
6363 7297
7580 6425
8552 6946
8525 6429
8874 7993
6741 9221
6087 5827
6479 8575
6981 8931
6881 5654
5111 5586
9528 8847
5755 5585
9659 6648
6897 8504
6796 9887
8695 6941
7488 5087
8577 5775
6856 6961
7614 6766
6597 9826
7725 5404
9231 8532
6027 9662
6032 9498
9624 6250
7541 8787
9084 7089
6552 8966
9242 7160
9328 9599
5932 9245
6811 8280
7565 7502
5440 5593
8331 9620
5282 6591
6853 8502
6505 8706
5943 5333
5817 8890
7797 6657
8935 9708
7193 7674
6260 9293
8097 8441
9005 8025
8723 8308
5690 6599
8678 9603
9923 5339
6210 7488
8463 9738
5148 7958
9219 6252
6627 8707
5062 9388
9069 7393
9335 7960
5370 7948
7678 6425
7553 5082
6027 9946
6864 8636
7366 8555
7120 5203
9379 5413
8530 5520
9492 9889
7299 8197
6148 5687
6149 7142
5287 9735
5852 8005
7460 6618
8347 9463
5046 6148
5826 9183
6385 6136
8502 7282
7138 7680
6633 6038
9273 9603
5166 9144
5958 7292
9413 9270
6030 7719
6974 9835
9441 6761
5950 9905
8305 7262
6130 9288
8164 6435
7386 6921
8068 5432
6656 8596
7266 7189
6940 8471
8763 7097
7122 8809
6660 5044
6609 8076
9075 5944
7165 6663
6765 7408
5929 9225
6069 6823
6963 5694
9829 7774
6726 7276
9169 5067
9705 5833
9918 7606
9539 7792
5050 5528
7752 9191
9249 5205
8515 7093
7617 5608
9461 7847
6060 7530
7420 5275
5891 5463
6254 8276
8432 7320
7146 6756
6394 7270
7018 5782
8143 5450
6139 5860
7798 8119
6468 8797
8105 8532
5486 5071
6831 7263
8552 9541
7433 8983
7202 7233
8481 7130
9284 7705
7604 9668
7406 8884
6555 9883
6780 7542
7363 8159
8993 5808
5286 7989
8576 5700
6467 9603
7647 7562
6906 8896
8445 5151
9607 9406
7709 5250
9989 6576
7187 5457
9346 6483
5906 5362
7738 7435
6662 7382
8684 6419
9730 5383
5969 5799
8050 6729
7699 6592
5702 7366
6283 7097
6377 7922
6198 8763
5458 6558
8094 6649
5149 5444
8189 5949
9122 7022
6865 7315
9381 5723
6803 8865
6473 5132
6459 6547
9708 9721
8226 8328
5806 5119
5511 7032
6474 7715
6999 7541
8867 6752
9062 7803
6225 7466
8341 9465
9362 9973
6045 8644
9465 5042
6015 7768
7450 8472
6496 5147
8289 7201
9681 6952
6840 7664
9930 9367
7578 5252
6504 6677
5950 5151
6481 5180
7489 6682
8894 8420
5860 8605
6492 5076
7367 9983
9015 7406
8057 6139
5138 7692
6814 8051
5444 5177
8088 9682
9076 6735
8270 8442
5061 8034
6157 5590
6370 7107
7534 8253
6821 5638
9562 8685
5065 9274
9101 5983
6353 6854
8229 5059
7069 9602
6227 8368
6088 6102
8911 8053
6305 7647
5690 6831
8295 8118
6926 9426
9247 5227
6242 8089
8347 6662
9601 6397
7719 5734
8776 6647
9438 9273
8181 6544
8143 9473
5028 5506
6682 9287
7925 7844
9431 7728
9423 9940
8232 9769
8999 5388
8758 10000
6565 9665
6487 7742
6888 5826
8415 9474
7171 9475
5606 9608
6671 9030
9121 5360
9536 6019
9420 9071
7045 9370
5857 9538
8673 8153
7031 8702
5923 9351
5044 6703
8988 7086
8114 6572
8355 9834
8249 8280
8118 8581
5255 9403
7689 8992
5161 6412
8592 5132
5008 6808
7294 6253
8437 7663
9473 5188
7047 7192
7191 8614
8891 5819
8889 7440
8669 8926
6987 7119
5206 7392
6518 9567
9425 9402
7813 8301
5214 9730
6325 9128
7019 6554
9264 9881
5309 8488
8062 9497
5686 5452
9762 7535
9942 5925
5186 9652
8027 9375
6869 5089
7124 8018
6452 6207
8696 7580
8945 6130
5041 6844
7254 7725
6671 6002
7958 9465
9779 6380
5476 7938
5725 8087
5839 6841
6068 5062
5908 8626
5331 5242
8426 9823
5644 5424
6402 9196
5806 8393
5564 9127
9560 6819
6651 5735
5352 7591
9293 6346
9045 6745
5390 6566
8194 7065
7929 8113
9746 5536
5035 6531
7672 9188
5711 7568
8116 5605
7360 9798
7030 5442
7119 5185
6901 8465
9504 8573
6704 6587
7236 7986
6186 8424
7350 6250
6544 6330
7945 8090
9299 9934
6574 8309
5638 5052
6893 8084
5674 6730
7879 6085
6908 5054
8137 9085
8202 8096
8314 9644
7324 9036
8056 7048
7443 9868
7562 6883
8489 7795
7676 5430
9560 7496
5744 6937
9247 6818
6964 9749
5522 7921
8169 6178
7536 7645
9482 5089
9597 5347
8127 7134
7298 5240
6941 7484
9542 9202
8250 5759
8952 8216
5502 6061
7201 9481
9419 8280
5003 7602
7513 9582
8945 6373
7992 7603
6317 5771
6621 8380
6089 7391
7959 8904
9861 8937
7513 5409
6111 6232
8743 6554
6225 9531
7070 8958
6811 8838
6492 6510
8427 6713
5738 5434
8133 9585
5737 5914
8628 8379
7358 5838
5349 8049
7886 8959
7139 7058
6918 7029
5993 6354
8178 6299
5462 9565
7826 7096
9553 8891
9024 6130
5350 7063
6086 8427
5417 6186
8790 6454
9769 9808
9125 7496
5171 5104
6628 6133
8274 7178
6440 7737
5801 7313
6942 6787
8453 6599
6577 7554
7864 8371
8831 7175
9943 6390
7637 6164
5624 5428
7001 8591
8081 7923
7621 5673
7951 6845
8595 8020
6565 7212
5386 6245
8896 6595
7190 5333
5328 8147
6335 6211
8371 5172
7557 5517
6737 6314
5470 5352
7613 7806
7372 5849
7380 6769
7300 5126
9656 5311
5764 6334
8877 9045
7873 8494
9644 6558
6181 8155
5901 9935
5814 5959
7424 8904
9351 6906
6796 5757
9737 7594
5983 8393
7902 5477
7850 8527
8713 8360
6098 7459
8726 8286
8295 5970
7616 5965
7087 8129
6919 5751
8075 6174
7217 9161
9631 8179
8876 8501
8044 9051
5957 7928
5472 6343
8835 7324
9151 5428
7748 7044
7405 9333
7211 5915
9378 5267
8655 6521
9017 5554
5995 9315
5367 8737
7074 6742
5532 5128
8512 7154
5502 9017
7463 8314
6873 7089
7239 8961
6903 5522
7959 6374
6988 7448
7977 7859
9638 8745
9786 9417
6936 6655
9724 6801
6499 8342
7455 7629
5540 6676
9319 8021
7524 9768
9243 8500
9395 7272
5414 6770
6236 8789
6845 9257
8551 7883
8228 5183
5275 9050
7438 5386
5507 7472
5784 6916
5815 9913
5692 6607
9108 9616
6286 8493
8280 6097
7715 9511
7322 5993
7109 5589
8415 7290
5302 6941
8277 9050
9476 5270
6289 9659
8139 9802
8538 8745
9048 5995
7858 7590
9262 8532
8983 8042
5961 7329
5066 6972
9305 6124
8999 9260
6724 8918
6487 9040
9678 7921
8235 6467
7449 8559
6570 6560
8102 5590
6296 5722
5590 7936
9389 7912
9240 5436
5554 7010
5804 7374
8496 9764
5344 6189
6001 6425
8488 5409
6657 6273
5842 8028
5314 6454
9319 5593
7173 8819
8746 8350
9395 5825
7816 5153
8274 9038
6212 8014
8195 5417
5310 9928
7290 7097
7017 9344
8070 8542
6730 7237
7983 9451
5168 8923
9297 9664
8013 7595
8331 9943
6514 7485
9009 7723
9741 8210
7672 6545
8810 7330
7020 6379
7394 7428
9356 5443
8795 9160
6462 9762
8250 6762
9396 9841
5545 8307
6208 6070
9637 9279
7834 5380
5380 9312
5387 5084
9467 7103
6690 8619
6839 5985
5513 9952
7929 9177
6338 6427
7377 6131
5792 9196
8463 6355
9493 9469
5143 9473
7304 9285
5162 8467
9822 6933
9129 7726
6962 7511
8813 8052
9823 6718
5899 8894
5763 7842
8444 7534
5704 7714
6665 6632
5988 9837
6082 6336
7683 8291
8957 9942
5023 6084
8578 9991
8266 8479
7343 9858
5875 7314
8771 7953
6312 9827
6423 7457
6470 9895
9663 9920
8153 7099
7949 9701
8609 8719
6562 6467
7307 5120
8217 5662
7897 9784
9819 9415
7082 6691
7403 6499
9871 8913
7335 5104
6704 6977
6940 5019
6130 8120
9913 6029
9948 5064
8989 6551
6378 6546
5432 8455
6875 8938
9776 7818
5196 8478
7645 8006
8494 5094
7464 9831
5132 8646
7680 5187
5985 6741
5179 7883
8000 6729
8760 9849
9826 8981
8706 8509
9387 6206
9654 7367
5360 9265
9105 5228
7269 6971
8387 9647
9238 6787
8382 7543
7434 6196
8617 9415
7694 9017
7483 7701
5842 5634
6082 6554
5764 8473
5237 9916
5864 7831
7029 9141
9412 5431
8825 5245
5436 5166
7590 7758
9664 6977
5743 6841
6676 9994
7237 9500
7792 8204
5113 8022
7708 6154
7909 7455
5212 7630
9786 9370
9529 8856
7400 5246
6531 5616
9027 5292
5232 9691
6398 8995
6575 6118
8858 8756
7385 7872
5562 9851
8190 7169
7354 5154
6639 6533
9136 9920
6177 6219
8742 5702
5898 7778
7465 9215
6320 9134
7814 8249
9651 6658
5653 7177
7421 5515
6419 9086
5216 6062
5023 5636
5118 6400
9680 7754
9674 5392
8025 6790
6241 9604
8378 6415
7722 7724
8588 5943
5949 6106
7032 8749
7678 7827
7602 8161
6811 8500
5159 9983
9478 8547
5143 7831
9592 5456
5610 5779
9559 8223
8652 6630
7802 9206
8765 7257
6804 9697
9328 9335
6341 6099
5774 6445
9529 9667
5773 8860
5478 8651
6669 5426
6410 5497
5967 8294
8928 8241
7177 7613
8605 8477
8436 7322
8499 8300
8628 8053
7097 7271
7653 8675
8198 9726
5265 8174
8492 6743
7938 5502
7487 7891
6506 9600
6454 7638
9127 5556
7526 7412
6227 6852
9684 6461
6160 5552
9660 8785
7213 9104
5256 7724
5424 8323
7892 8089
5427 6504
6311 8448
7170 6982
6520 9694
6589 5940
8466 5186
9946 8702
6874 6878
7615 8296
5685 7090
6347 6391
5130 6556
8336 6847
9885 8131
9718 7494
7048 8431
5070 7367
5241 7975
8443 9966
5851 5543
6671 9718
8912 6617
8210 5057
9451 9995
6976 7318
5082 5101
6100 6811
7468 5806
9754 5548
7727 9737
8271 7573
9646 6885
8428 5471
6775 5618
5836 7333
9025 9696
8411 7023
8628 9713
6948 8312
6307 7614
7774 6977
6875 5609
8382 6222
9148 8717
7818 9709
8410 7283
9672 8179
6322 5175
9102 9468
5607 9395
7083 7627
5387 8919
7602 7319
9276 8738
5599 9471
7287 8515
8793 7411
6228 7099
8693 8665
7104 9353
6399 8006
9087 8360
5956 8354
9979 9835
7974 8517
6563 5340
8371 9865
9726 6336
6138 5770
7341 8723
7635 6163
8768 8588
7173 6685
8237 6436
5528 9590
9153 8132
8406 5133
6927 5467
7751 8340
5684 7366
7568 6740
7267 5853
7819 7518
8498 6908
9763 6437
5641 8965
7339 8616
9365 9140
8157 6242
6636 8047
6367 5932
8736 8682
9437 7912
7439 5712
8426 9267
5275 8824
7736 9147
5968 8873
8111 6422
7911 5326
5304 7733
9711 5566
6679 6508
9902 8507
7301 6432
8875 6132
7437 8720
7549 5664
8379 5216
7189 5859
5546 6397
9834 5298
8506 7590
6470 5085
5028 5003
6482 8456
9646 8742
8048 7405
6902 7531
8401 9179
8676 5068
5481 8545
5304 7868
9006 5188
9418 9693
5872 9864
6645 7583
5712 7138
7013 6311
7462 7812
8842 5777
9916 7262
6289 8138
6906 9016
6901 5088
7283 9919
9504 9915
7263 5106
6728 5778
9454 9907
8948 8037
5111 6860
9256 6220
8001 7102
6055 6889
8243 7600
6287 7840
8215 8062
6097 9628
6000 7587
8158 6227
5979 6414
7643 9711
5376 8927
6098 9922
7461 7340
8301 8506
5820 8725
9482 6599
5083 9668
5563 9172
9881 5376
9501 7346
5867 8447
5988 5010
5940 6334
8964 5581
5761 9929
7428 7643
7235 5203
9396 7577
5385 9052
7987 9416
9225 8371
9647 6741
7984 9525
6590 7382
7383 9766
6600 6790
8164 6856
8860 5067
7104 7207
9749 5481
5561 9873
9493 8197
7762 8368
9694 6234
6664 7660
8197 7231
7331 9372
7619 9068
6388 5318
9493 6865
7952 6244
5684 7246
7060 7226
8932 8408
5204 9096
9065 5196
8540 7727
5390 6692
5178 6874
6244 9144
7589 8362
8962 5551
8400 8958
6423 7876
6554 5676
8515 7651
7132 7118
6551 5693
5623 7502
7738 8806
5384 9845
7451 9849
6117 9639
9116 8204
5279 5139
8656 7959
9341 9230
8256 9775
8204 7416
6302 9104
6538 9621
8704 6217
5565 7119
5012 7771
6377 9950
8912 7968
6277 5227
9525 8345
8023 8600
7212 6878
5145 9841
5684 6058
9207 9115
8058 7328
6749 5886
5776 8564
8932 5756
6976 7241
9015 8497
9335 9308
6741 8604
9829 5141
7096 8254
9789 5325
7683 7160
5688 9616
7927 5289
6019 9295
9124 8204
9930 9301
7246 9220
8764 7710
6314 8759
6977 8612
5770 6056
9477 9303
5309 7156
8397 5841
6823 9392
6693 9043
6377 8598
7190 5004
5410 9523
9349 8243
8071 6204
9032 9101
9169 7208
8923 9756
5403 5144
5311 9654
7997 5634
9172 6886
8918 5372
6410 9381
6908 8144
5381 5964
7005 9967
8019 8506
7169 7838
7053 9112
8425 8505
7265 5496
8509 8176
5086 6920
7996 9593
6783 8362
7138 6849
5930 7934
8644 7484
8837 9386
6866 7486
6030 9406
5239 5515
9986 8927
8569 6204
6406 9835
8945 6386
7115 9119
7281 8979
7225 5993
5085 7941
8083 5589
5206 7230
8417 9026
5585 7276
7828 6807
8708 8594
9296 9554
5816 7450
5207 8479
9659 8460
5621 9374
7262 7294
7877 5287
5950 7977
9811 5530
8352 6220
5693 6480
9312 9356
6562 5471
7007 9610
6672 5052
5873 9745
7248 8796
8998 6739
9233 5820
9941 7996
8901 8900
8895 6949
5753 7579
5047 9856
9974 8803
7062 9612
9653 7032
6952 5498
7002 9421
5697 5474
6005 7090
8996 6963
9623 7788
9225 5044
8400 5042
9699 6153
6009 7804
8809 5918
9006 7119
5999 7509
7112 8164
8315 5052
6359 6933
9946 7061
5212 7087
9845 7794
7832 7861
9426 8093
6672 8379
8412 8561
6838 8683
8999 5242
8461 7800
8530 5725
6408 8538
5718 7659
9868 5873
9813 9928
5077 7531
6515 5427
7478 6293
9328 5489
6992 5373
9130 8317
7167 5542
8222 7995
5196 5860
9787 8838
7281 6325
7403 9660
9011 7129
7838 5049
8652 8767
6717 9990
8124 8277
5722 6608
6540 6541
7676 6562
6367 5022
9238 7692
9986 5946
6272 9681
6781 5512
9495 6289
5763 6499
9369 8325
6974 7573
7987 9404
7451 6440
8528 6210
5854 9997
9364 8454
7447 9526
7183 8896
7046 8532
6996 9740
9137 6069
5582 7139
5754 5666
6018 8384
7563 5643
9825 8202
5304 9081
9150 5727
7292 8626
5107 9955
7512 9971
6319 9042
9510 9128
9521 9110
7933 8859
9509 7118
9505 8104
9163 5679
8420 5169
9665 5610
7688 6403
9002 6416
6899 8392
5087 8013
6457 7721
9021 5708
6239 9843
7891 8700
7623 9419
5643 9710
9858 6177
8273 9094
5301 8745
9923 5993
7552 5886
9429 5419
5900 7109
8450 8582
6582 5233
5389 6976
6176 8515
5222 6473
9643 9017
8486 5196
5633 6823
6674 6862
7681 8287
5851 5159
7537 8733
5149 9492
7293 5252
9627 6772
6708 8088
6619 7161
6034 8550
8534 8445
9137 8537
6863 9694
5217 8038
8002 7452
8136 9888
8368 8882
5863 6914
9574 9162
7360 6637
8380 5482
6688 6879
6935 9331
9686 7312
7788 7816
5538 9054
9523 5657
9074 6742
8848 5361
9003 8095
7774 7248
9735 8314
9964 6265
8342 6536
8717 6520
8332 8545
6659 5583
7943 7217
7580 7150
7329 6059
6620 8848
5928 5771
9313 9443
8457 5030
9568 9519
7156 7561
9274 7848
6408 7523
7599 7346
7274 5634
9086 5926
8300 7067
9514 5684
7749 9419
5823 8091
6781 6339
9932 5890
7667 5170
9714 6351
8376 5883
9151 6224
7220 7230
9949 7446
9744 7984
5866 9414
6576 7567
5602 7278
9652 6232
7087 9044
8812 5669
7461 8189
5346 6926
9557 6615
6068 7070
7337 5804
7292 6861
8361 9013
5483 7572
5239 6529
8030 7036
5485 9995
9820 8089
8882 6117
6135 5908
9679 5842
8812 8693
7860 7448
9553 6559
7697 8053
7448 8304
8546 5736
7653 8653
8068 9332
8172 5860
7819 6886
8038 9371
8385 7220
6121 7365
8132 9904
7560 6555
9702 9792
6640 8828
7858 9226
7232 5055
9774 5635
9465 5473
7440 5978
7847 8452
8965 9512
8523 8550
6210 7268
6875 7650
9979 9676
8615 9331
5100 5299
9724 9562
9715 7244
6508 7322
7464 6724
5770 8848
6322 5940
6944 9867
5149 6882
8464 7798
6873 5962
6771 7196
6192 5668
5159 7785
9493 9899
9079 8013
9086 7284
9236 9322
8315 9221
8135 8668
7441 7804
8770 6763
6329 6637
5104 8695
5720 6251
5253 5512
9220 5291
9230 6178
8485 9160
7416 5887
6479 8018
8730 9743
5287 5044
7208 7501
9979 9702
5826 9079
9389 8576
7715 6774
9875 9911
6457 9574
6073 9408
7264 8687
7437 6686
9389 9962
6702 8217
9940 5859
7697 9240
9106 7965
5725 5209
8749 7303
9217 5628
7016 7867
5405 6191
5143 5095
7403 6617
8333 7004
6405 7897
9612 9851
8124 9115
5633 8285
8636 9690
6592 9045
5888 6080
5702 8810
5255 8762
7322 9345
5802 9489
6411 5166
8429 8765
7427 7037
7983 9330
7019 6763
7174 9593
7213 5346
9544 7220
6971 5824
7276 7714
5196 5274
8784 8925
8962 9154
8613 7109
5236 9546
7070 9070
8077 5852
6621 6266
8633 9432
5605 7444
9878 9926
5889 7073
8692 9186
5280 9730
6936 8242
6113 7723
6595 8629
8664 7334
9858 6808
9925 9982
6578 7104
9905 6752
7916 8507
5476 8200
6788 6981
5752 5258
9815 8873
9816 8408
6815 7404
7375 8785
7057 7389
7450 5347
7877 5609
7995 6019
5008 5048
7511 7081
8471 8621
6345 5933
5636 5742
7791 7597
6420 8739
6166 6110
9837 5244
7105 8561
5396 7886
5862 5482
8638 9774
9772 6323
5375 8350
9109 7160
7591 8227
8000 9580
5907 5728
9588 5724
9971 9644
5038 8681
7965 5181
7194 6601
5916 7287
9840 9245
8483 9089
8646 6629
8362 9422
7879 9878
9018 8205
9536 9649
9671 9145
6584 7523
6135 8819
6439 6247
6320 8185
7772 8382
8419 9184
9054 5576
7274 7248
7771 5023
7259 9774
5543 9507
9020 7830
8409 6921
9889 5543
7496 8470
7972 6248
7059 9838
6756 9568
8564 9033
8782 9011
7937 6920
7350 7368
6511 5380
9687 5103
7937 7548
7021 7748
5090 9214
6908 5564
9699 8552
6054 5344
7773 8487
7263 8448
6248 5205
9584 6991
8713 7121
7905 7858
6884 6751
6488 5028
7504 9378
7385 8181
8839 8182
7199 6296
5174 9720
6085 6196
5390 6069
9130 9058
6646 5854
5593 9985
8184 8572
5854 5895
9430 7289
9560 8883
5035 9150
6198 5329
6264 6883
6335 6132
9984 5367
7519 6658
5500 5634
9350 9687
5200 8776
8765 6123
6084 7508
7487 8956
5865 9025
9788 7484
7012 5745
6289 5983
6815 7472
9229 7769
9173 5929
8518 6004
5958 5722
5254 7522
8725 8106
7116 6223
9479 6638
6561 6063
9000 5826
9159 7331
6827 9790
7428 7760
8848 9043
7720 9428
7120 5001
5668 5560
6739 6355
7570 5507
7891 7932
7719 7993
7305 8676
7271 8874
5669 5919
7512 5227
8717 7881
8740 6264
6461 7978
5700 6868
9580 8854
5153 6564
8711 7702
9534 8111
8260 6611
9163 6822
6989 8342
5972 7883
9116 8842
5639 8882
9753 8538
9786 7481
7088 5057
7426 6563
5906 5061
5325 9306
7463 5108
8713 6374
7504 6262
8790 8386
5133 9548
5762 9271
9913 8709
8855 9216
5921 5166
6055 5707
6449 9917
6246 6285
7416 9864
6330 7760
6057 5096
9901 6886
9270 7555
7383 8303
5087 8308
7790 9768
7672 7321
5252 9052
6189 8723
6428 8745
9730 5781
9710 5512
9364 9201
7444 5296
9788 6295
6322 6488
9591 5834
6990 6007
9974 9242
5280 9741
6763 6014
6733 8922
7168 5576
7830 7864
7730 6269
8473 8132
7869 7269
9862 6819
6590 5813
9294 5881
7247 6846
5234 5448
5945 8776
5375 6047
6071 7637
6970 8207
6789 7760
6936 5241
9783 8039
9866 9133
6660 6521
9079 5825
8859 8495
8837 8452
7148 6479
9329 9108
8275 9581
8653 9782
5874 9542
6710 8536
9638 7897
9014 8991
5313 5395
7593 8772
5718 8324
5563 5105
7913 8577
8664 9097
9504 9470
7082 5760
7067 7333
8473 9411
8503 6190
6662 7166
6078 8655
8949 7409
5450 8356
7849 8615
5293 5159
8821 6549
9258 5267
5927 5965
9941 5619
5092 6370
7195 6363
7108 8882
8128 5648
9187 7311
6147 6115
7061 6645
7328 9183
5750 6484
9302 9851
9857 5039
5500 9510
5173 7721
8606 7899
9093 6238
8047 8827
9971 9412
8244 7972
6424 9744
9520 7727
6109 6412
5300 8256
9562 7359
8633 5357
9111 7423
7526 8830
7364 7713
8431 8557
9677 5132
8839 6713
5306 8847
8096 7763
9569 8259
6543 5898
8974 7176
7531 5486
8137 8868
9741 8489
7890 5059
7705 7108
6408 9133
6846 8699
6727 8321
8070 9153
6164 6356
6425 5644
9815 9179
7447 5527
9889 9059
6565 7600
8407 5821
5301 7203
9640 5832
9239 8974
9795 8397
7626 5779
9636 6858
9265 7320
8345 6776
9777 7591
9746 6672
7561 9452
7507 7092
7893 7514
6292 9524
8938 5856
7727 9559
9430 7165
7451 5667
6048 9012
5129 6067
7722 6539
6780 5838
8734 5183
7291 9386
8102 9621
9934 6276
7141 5992
6572 9145
5250 5755
7655 7364
9528 7580
6998 7896
8841 8790
6528 5947
7766 9861
6231 9976
9892 6345
9881 7097
5906 8792
6750 9324
9536 5043
5575 6762
7028 9821
5546 8064
6357 7200
