
500 519200
482 485
257 326
286 248
517 421
404 322
713 795
45 43
924 845
873 955
160 252
1 9
838 901
40 122
58 94
676 738
627 574
766 715
862 882
405 367
923 984
379 299
461 433
612 682
133 72
813 874
97 138
908 856
165 145
996 995
623 529
220 199
298 277
157 97
723 719
144 242
48 107
129 122
148 70
35 98
644 600
632 645
272 267
1040 972
977 895
312 213
778 748
567 487
965 923
1 29
616 674
569 540
628 554
493 467
76 46
733 710
575 553
288 191
775 724
723 730
912 988
64 90
354 340
565 549
210 196
922 865
775 678
566 570
934 936
626 722
742 651
194 123
485 431
483 508
617 585
876 853
653 642
896 992
652 725
220 286
727 812
900 859
563 663
56 88
157 179
280 187
537 619
284 261
920 846
124 192
239 261
459 514
931 886
504 530
910 849
382 294
795 799
485 391
351 330
289 298
865 790
250 275
738 826
75 72
788 866
947 951
651 748
595 685
993 956
663 564
265 183
338 400
637 721
206 207
328 323
618 611
64 116
139 109
806 795
412 343
912 862
715 685
1 10
929 881
1025 984
410 403
273 360
507 449
450 541
174 272
882 877
427 359
787 707
355 308
734 770
1 30
248 208
397 311
159 100
874 939
449 422
857 785
286 370
976 989
908 969
103 143
1071 972
1 28
117 61
697 638
424 348
439 347
74 66
442 391
568 638
195 295
854 826
281 196
433 449
845 855
224 143
487 487
181 140
496 564
690 615
124 135
575 564
374 360
766 793
149 163
776 859
793 760
674 711
696 662
90 159
732 660
214 268
935 948
228 315
619 676
349 341
734 689
964 894
644 706
484 490
491 478
628 671
1009 932
944 899
315 237
92 187
554 472
757 772
88 98
952 906
818 911
628 635
316 225
818 823
255 164
432 343
763 732
490 502
721 740
587 576
530 612
992 902
491 454
343 411
880 973
645 703
761 850
152 77
241 220
727 802
352 403
246 181
1 10
479 525
958 919
749 668
551 527
538 462
319 291
580 605
501 457
487 405
349 417
252 279
731 685
637 596
339 307
257 224
271 322
740 840
1002 975
404 401
190 91
254 327
277 330
100 182
648 603
810 793
535 615
702 733
855 864
76 16
773 863
917 987
279 306
123 34
922 840
613 700
658 706
705 787
101 105
807 834
883 798
358 310
634 609
786 690
618 561
644 579
141 60
466 388
340 309
495 407
283 200
352 313
886 970
95 33
291 273
217 277
1007 997
1 40
219 227
764 860
1025 940
600 608
895 990
690 590
738 806
1 52
772 801
727 764
774 710
340 386
503 593
1 50
432 494
228 156
993 936
1058 965
130 86
821 723
189 184
943 868
343 340
404 412
560 487
196 209
418 346
782 860
314 307
59 95
778 821
979 941
828 821
584 587
122 201
741 665
566 527
760 812
385 424
395 459
250 343
789 836
492 506
261 179
914 916
380 430
537 596
731 808
361 269
473 512
737 811
708 685
635 567
804 776
827 855
695 718
756 853
57 97
178 146
688 746
1 15
871 965
415 512
510 480
1057 958
764 665
193 191
905 964
583 515
696 606
887 822
444 536
741 693
12 19
313 335
81 101
828 922
354 294
981 910
499 410
283 250
545 546
635 729
540 609
689 720
946 976
730 759
703 798
14 74
644 648
241 299
793 785
912 846
461 390
801 897
424 416
744 837
272 247
338 293
193 144
987 938
432 467
505 480
944 955
653 665
38 26
468 564
461 449
1 26
576 521
329 301
274 321
701 613
432 388
851 879
915 990
137 188
927 963
903 820
373 300
770 822
160 255
285 277
231 153
366 400
317 227
423 518
420 447
216 315
772 813
271 324
566 502
243 299
725 780
390 376
491 516
225 212
392 329
781 810
434 486
535 485
368 416
938 952
946 894
353 358
1 21
707 647
143 44
630 683
364 361
822 814
147 231
54 8
91 165
431 496
606 699
917 852
553 459
473 535
222 314
954 944
369 306
413 459
717 637
491 447
447 408
44 107
994 962
518 565
448 407
931 857
369 317
181 98
815 818
655 600
267 288
960 902
611 567
271 190
771 749
993 908
359 276
810 748
563 592
360 393
264 363
199 163
1074 983
131 179
41 16
423 478
197 259
779 868
344 295
536 596
140 71
669 622
938 864
715 644
67 5
321 365
434 429
19 64
928 854
759 770
178 88
160 157
277 368
467 421
653 719
330 271
966 975
817 816
1045 962
508 535
492 438
743 696
884 881
259 318
56 45
1 52
421 496
270 313
99 138
429 334
1004 988
7155 5900
9961 5189
5144 9094
8592 8938
6421 5107
8909 6466
5337 5582
8778 7986
9358 6972
9316 9610
9937 9244
7203 6699
6489 8122
7731 8689
9703 9722
9049 9874
7798 9100
9697 5546
8339 7964
7270 5407
6341 6049
7759 8152
9841 5462
8965 7328
9020 5876
9147 8619
6258 7469
5622 5347
5170 7766
9748 6517
8542 6712
9422 8945
5295 5100
6097 9088
9976 9950
6832 9760
6205 7296
6060 6277
8138 9092
5901 5708
9061 9291
8130 7243
8620 6796
8177 7222
8064 7475
8163 5836
6772 6376
9787 9605
9162 5184
7095 5723
6336 6949
8269 7728
9840 5499
9965 8609
6196 8317
6910 5057
8914 5918
7753 6664
5070 9983
5599 9579
8803 5172
6122 9700
7044 5272
9205 5136
7201 9455
6675 8258
7031 7100
9701 8035
8057 5200
5401 6186
5217 5719
8715 7639
5659 9894
7843 9718
6657 8463
5636 5627
7436 5963
7864 8738
8940 7187
5421 5151
6974 7659
5322 8662
9324 5280
6120 9158
5660 9733
8259 7896
7649 7720
5701 9349
8967 9005
5100 5400
9143 7300
7438 7668
5744 7293
8595 5191
6786 7795
7601 5622
7567 8134
9080 8810
7567 9502
7652 9642
9522 7410
6920 8677
5508 5934
5543 9747
7621 7586
5935 5035
9105 6316
6313 9312
6227 5877
6277 5852
7661 5811
9329 8734
6437 5232
6938 7554
6912 7240
6466 5710
9365 6920
9775 7626
6373 6191
5898 9154
7669 9359
5874 9244
5916 9761
5718 9949
9604 5449
5184 8746
7782 7405
9106 5579
7157 6639
9531 7440
5470 7552
9304 5430
8675 8304
7166 5596
7367 7264
5102 6632
5618 8868
6228 7099
6827 8180
9756 7608
7525 8064
6222 6421
6651 8879
6795 6714
6527 6466
8828 9855
5345 7556
5699 6898
7770 9772
8877 7676
6908 8068
6447 9704
7156 5174
5384 7594
7725 8887
5459 9143
6041 7325
8382 9597
6675 5306
6589 6856
7502 5723
9729 9556
8313 5892
5262 7331
9379 9118
9459 5838
6817 8202
5085 9698
8511 5744
6762 8034
7405 6966
8757 7697
5097 8879
8732 6127
8105 5225
5238 6926
5041 6520
5184 8461
6845 9573
8926 5100
8786 9727
5985 6694
7960 5137
8046 9224
9182 6512
7066 9561
6561 8520
7909 6667
7853 5492
6758 8437
8534 8297
7846 5373
9373 9622
8148 8555
8509 8398
8097 8576
5900 7662
7961 7921
6629 6472
5893 8088
5478 7940
7143 8159
8259 7659
8525 7223
8298 5883
7435 6010
7678 7891
6435 9534
8213 5768
6096 6392
9347 8906
6664 7924
9874 9549
5126 6154
7835 5327
8953 5898
6758 6897
9893 7486
6244 7585
6883 8424
6793 6737
8822 9466
5887 5094
5729 7162
7937 9600
7726 8407
9220 6422
9571 7094
9449 5236
6830 8217
6826 5320
7303 5002
7350 5904
5101 6792
9215 9460
6676 6846
5337 7602
7532 6247
9524 8121
8532 8886
7094 9982
8378 9201
6926 7346
8898 7844
7879 9164
7844 8294
8958 8463
5980 7483
9664 5026
9341 7591
9574 9410
8356 6092
5106 7712
8140 5285
5414 5361
7112 7858
7915 8393
5241 7297
5990 6598
7832 7684
8109 8542
6877 8321
5150 8417
6131 9387
9677 8839
5493 7245
7435 7619
9413 5569
5375 6515
7966 5030
8384 5725
9013 8528
8974 7892
8623 9884
8358 9319
8515 5182
6595 9104
9831 5519
7646 8126
5180 6342
5395 5587
6365 6651
9692 8261
5269 8670
9381 6677
5612 9105
9148 6351
9507 6296
6733 6642
5335 9789
7254 6526
8849 9081
7778 9769
6753 6845
5340 9139
7842 9357
6734 5386
5901 9694
8389 7746
5742 8406
9220 7173
9576 8294
8966 8652
7375 5224
9905 7740
8739 7302
7024 7631
9369 5777
6776 6615
8344 7389
6225 6523
7342 8915
5292 8327
6876 6534
7686 8255
5938 7134
6135 9668
7577 8954
7863 7026
8617 9010
5612 7331
8242 7398
6474 8546
7517 5891
7758 6206
6645 9567
7890 5109
8464 5188
6892 6411
7489 6642
8997 9218
9026 6367
6297 8917
8386 7396
8450 5923
9018 6898
6906 9443
5206 7914
6263 7359
5900 5983
6713 5803
8449 5996
6932 5860
9329 9609
8885 9765
5169 5233
8706 6510
5069 7868
7934 9383
9552 5471
8317 6654
7574 5238
6079 5534
9441 9965
8389 7334
8852 8388
7726 6772
6109 7180
9073 9630
8778 9341
5995 5597
5447 7786
8776 5520
5939 8416
9314 9869
5036 8947
7689 8653
6282 7567
6177 8913
8890 6139
7126 8244
8650 7717
5564 8702
7445 9442
8708 6373
9664 9525
6730 6158
7276 7409
6205 5440
6347 5512
6617 6470
6622 5642
5100 5969
8212 9494
5129 8282
6247 6719
9563 9826
9241 5834
9399 9092
5466 7733
8682 8313
6803 7741
9095 7698
8461 8457
6047 8852
7614 9917
9533 8440
7127 6830
5935 5785
8737 6397
7609 6269
7705 7378
8676 8010
9641 5477
5337 5883
9031 9369
6515 7658
5024 5055
5095 5789
8820 6502
5710 8930
8100 8281
6120 8022
5046 8056
7674 6106
6320 8951
9883 8969
6789 9223
9507 8493
6776 7402
7694 7312
8849 8325
8975 9726
6484 6436
7714 8012
7924 5964
7642 7721
6145 8903
7190 7205
7995 7248
5535 8151
8605 8010
9239 8646
9629 6363
8006 7129
9094 6835
5453 8221
7212 9237
7986 9429
9431 9262
6747 9752
8143 6055
7111 8160
6138 5495
7629 5389
6536 5944
6811 5203
8474 5879
6309 5174
6231 7419
9146 9079
7256 5932
6327 9122
5253 7252
7022 8611
6792 5027
5759 5841
9117 9842
5332 9008
6350 8139
7129 7141
6090 8177
5132 7474
9392 5905
9225 7580
9157 5796
8482 9930
7610 5857
9607 8810
6261 9369
6431 6516
6227 6959
5699 8600
6752 9093
6523 9136
7847 5247
8134 6434
6104 9815
9581 6997
7772 5443
6249 6300
6481 8645
9293 5200
8601 7881
5453 6255
8095 5975
5855 9054
5636 7943
9801 6818
7977 6292
9610 6360
7528 7245
5423 7327
7096 6537
6735 7615
5072 7089
8482 7398
5223 5383
5850 9473
5770 9116
