200 893900
585 485
194 94
426 326
606 506
348 248
516 416
521 421
1092 992
422 322
749 649
895 795
337 237
143 43
557 457
945 845
915 815
1055 955
546 446
352 252
522 422
109 9
891 791
1001 901
459 359
222 122
767 667
194 94
698 598
838 738
107 7
674 574
644 544
815 715
434 334
982 882
866 766
467 367
1094 994
1084 984
993 893
399 299
733 633
533 433
231 131
782 682
528 428
172 72
800 700
974 874
717 617
238 138
974 874
956 856
820 720
245 145
519 419
1095 995
894 794
629 529
296 196
299 199
1097 997
377 277
216 116
197 97
1008 908
819 719
639 539
342 242
807 707
207 107
669 569
222 122
637 537
170 70
1031 931
198 98
826 726
700 600
587 487
745 645
872 772
367 267
613 513
1072 972
181 81
995 895
1043 943
313 213
158 58
848 748
403 303
587 487
864 764
1023 923
636 536
129 29
824 724
774 674
889 789
640 540
579 479
654 554
242 142
567 467
439 339
146 46
741 641
810 710
296 196
653 553
594 494
291 191
166 66
824 724
924 824
830 730
308 208
1088 988
811 711
190 90
900 800
440 340
414 314
649 549
389 289
296 196
501 401
965 865
566 466
778 678
789 689
670 570
933 833
1036 936
325 225
822 722
344 244
751 651
949 849
223 123
213 113
531 431
479 379
608 508
461 361
685 585
165 65
953 853
586 486
742 642
786 686
1092 992
386 286
825 725
989 889
386 286
124 24
912 812
591 491
959 859
991 891
763 663
190 90
188 88
281 181
279 179
314 214
287 187
117 17
719 619
572 472
361 261
518 418
946 846
519 419
292 192
456 356
361 261
782 682
614 514
406 306
986 886
301 201
630 530
485 385
949 849
1052 952
394 294
600 500
899 799
294 194
491 391
837 737
430 330
424 324
398 298
1092 992
890 790
324 224
6020 7816
8330 7065
7702 5444
9890 6363
7060 6711
9176 5059
7432 5028
5914 9422
9110 6229
7296 8193
8176 7428
5036 7944
9345 9966
8967 7994
9118 5228
8886 6092
5950 9714
5596 6485
7536 5456
7470 6661
8206 5421
7002 6095
7417 7501
5218 5109
8103 6831
8490 8122
7295 8907
6783 9146
7317 5426
7017 6823
5715 9757
7718 9142
5927 7236
8560 8656
6397 9554
6307 6045
9075 7129
6805 5825
7641 6546
6080 5904
5043 5481
7284 7573
8617 8539
5488 9126
8775 6137
9607 7608
6558 9739
6101 6139
6688 5002
5329 7733
5730 9354
6075 7582
9052 8394
6302 6469
7678 9710
5841 7413
8725 7588
8855 8178
7482 9337
8186 7637
7610 6375
6685 5196
7077 5715
5409 7018
7572 9947
6770 8575
5807 7861
6382 5399
7670 6935
5216 5180
9128 5809
8112 8713
6669 8312
6586 7259
5399 9363
6347 6544
6298 8509
8710 5140
7506 5098
7435 8744
7198 6670
5612 8329
8635 8624
7216 9778
9993 8809
7267 5939
8744 6471
6846 6868
8196 8122
9776 6457
6459 8035
9198 8292
9431 6535
6102 8644
6817 8375
7491 5268
5145 9941
9104 9877
9772 9146
6951 5511
8416 5199
5749 6442
8351 8753
9575 8339
6887 5825
9192 8989
6864 7138
7618 7073
7695 7740
8197 8013
8671 7305
5035 8180
7519 5815
8914 5268
9944 8174
8828 7350
6471 6546
8733 5016
7971 9170
6231 8272
7948 8613
6662 8640
5889 5312
8037 5691
8057 7553
7067 6210
6020 5835
9955 5556
8466 7667
7923 7427
7571 9922
8547 6906
6859 7605
8757 9522
6271 5371
5080 7095
6212 6833
6952 9286
6239 9583
9161 5214
5925 6276
8953 7496
6010 5374
8045 5041
7682 7702
5725 8684
5002 8187
5334 7717
6678 7192
7002 7273
9669 5060
7978 6451
8492 9498
9815 5399
8370 5518
6090 9289
5409 5243
9350 5312
5572 9389
8443 9120
7782 6822
7378 9782
5631 5202
5334 7005
9771 7822
8431 5235
5738 7347
9912 6401
6852 7492
8248 5318
8773 8951
7878 7385
9003 7748
6990 6054
8678 8995
9867 8477
9176 5242
5071 6101
7637 5890
8224 9971
8024 7759
5035 7350
7512 6506
7573 9987
5097 7233
6118 5688
5039 5010
5724 5160
9189 6792
8024 6086
9983 9253
7492 9315
6897 9305
6527 7763
9811 7989
8272 5547
5260 5862
9441 6438
7976 7360
5439 8982
