
100 900900
94 485
506 326
416 248
992 421
649 322
237 795
457 43
815 845
446 955
422 252
791 9
359 901
667 122
598 94
7 738
544 574
334 715
766 882
994 367
893 984
633 299
131 433
428 682
700 72
617 874
874 138
720 856
419 145
794 995
196 529
997 199
116 277
908 97
539 719
707 242
569 107
537 122
931 70
726 98
487 600
772 645
513 267
81 972
943 895
58 213
303 748
764 487
536 923
724 29
789 674
479 540
142 554
339 467
641 46
196 710
494 553
66 191
824 724
208 730
711 988
800 90
314 340
289 549
401 196
466 865
689 678
833 570
225 936
244 722
849 651
113 123
379 431
361 508
65 585
486 853
686 642
286 992
889 725
24 286
491 812
891 859
90 663
181 88
214 179
17 187
472 619
418 261
419 846
356 192
682 261
306 514
201 886
385 530
952 849
500 294
194 799
737 391
324 330
992 298
224 790
5761 6262
5401 6758
8270 6929
8167 8762
9249 7336
6385 7610
6682 8159
6005 9047
6617 5352
8743 6852
5096 5429
8323 8644
8165 9657
7076 8625
9433 9191
9338 6067
5751 5914
9529 5166
5787 8649
9387 9954
8132 7660
8452 7394
7398 6017
5635 6425
8106 7821
9490 9679
8300 9414
5864 5872
6576 7187
9226 6812
8611 6636
7682 5669
6163 9374
6463 5114
9434 6524
8213 6080
7825 8919
6289 8660
9036 7699
9006 5282
9055 7176
5519 8787
5697 7220
8973 5877
5772 6306
5496 7098
7865 8155
7448 9982
6904 6613
5950 6249
5690 7287
5412 8109
7345 8607
7643 6367
6467 7630
7054 8401
8563 6115
8017 9393
6914 9629
8629 9398
7512 6844
6956 6467
8764 9201
5313 8994
7068 6529
7611 9705
5208 7260
8519 5067
7021 8774
7746 8834
7657 7007
8534 7754
6985 8882
9888 9941
6365 6804
5893 8252
7701 6390
6240 7932
5878 5179
6946 6831
9208 7418
6527 6690
9524 7639
9107 7049
8620 5761
5639 8648
5170 8097
7751 8454
6690 5366
5282 9863
5643 6118
8297 6121
5359 6366
5340 8755
6548 7318
7474 7961
8326 8938
8530 7813
6640 8683
9839 8625
