
1000 595700
94 485
506 326
416 248
992 421
649 322
237 795
457 43
815 845
446 955
422 252
791 9
359 901
667 122
598 94
7 738
544 574
334 715
766 882
994 367
893 984
633 299
131 433
428 682
700 72
617 874
874 138
720 856
419 145
794 995
196 529
997 199
116 277
908 97
539 719
707 242
569 107
537 122
931 70
726 98
487 600
772 645
513 267
81 972
943 895
58 213
303 748
764 487
536 923
724 29
789 674
479 540
142 554
339 467
641 46
196 710
494 553
66 191
824 724
208 730
711 988
800 90
314 340
289 549
401 196
466 865
689 678
833 570
225 936
244 722
849 651
113 123
379 431
361 508
65 585
486 853
686 642
286 992
889 725
24 286
491 812
891 859
90 663
181 88
214 179
17 187
472 619
418 261
419 846
356 192
682 261
306 514
201 886
385 530
952 849
500 294
194 799
737 391
324 330
992 298
224 790
260 275
97 826
210 72
649 866
919 951
63 748
958 685
804 956
518 564
428 183
537 400
346 721
153 207
971 323
662 611
197 116
91 109
529 795
126 343
747 862
469 685
770 10
934 881
723 984
895 403
568 360
172 449
958 541
383 272
308 877
970 359
583 707
48 308
930 770
569 30
3 208
20 311
609 100
887 939
825 422
930 785
904 370
241 989
379 969
376 143
962 972
889 28
443 61
216 638
338 348
160 347
406 66
159 391
31 638
204 295
420 826
153 196
425 449
331 855
565 143
838 487
9 140
918 564
533 615
232 135
957 564
591 360
576 793
746 163
377 859
858 760
86 711
434 662
558 159
279 660
840 268
735 948
574 315
126 676
912 341
739 689
821 894
625 706
917 490
201 478
993 671
149 932
52 899
759 237
267 187
256 472
783 772
117 98
516 906
180 911
25 635
380 225
712 823
266 164
216 343
448 732
541 502
664 740
954 576
726 612
772 902
531 454
943 411
750 973
327 703
917 850
5 77
113 220
913 802
791 403
998 181
859 10
345 525
431 919
675 668
833 527
438 462
523 291
916 605
420 457
115 405
660 417
261 279
772 685
388 596
764 307
843 224
206 322
407 840
639 975
852 401
542 91
60 327
757 330
82 182
637 603
93 793
614 615
136 733
187 864
102 16
972 863
163 987
501 306
477 34
492 840
121 700
80 706
138 787
660 105
229 834
827 798
448 310
230 609
832 690
489 561
586 579
291 60
665 388
660 309
702 407
153 200
606 313
123 970
253 33
709 273
832 277
108 997
888 40
481 227
283 860
858 940
284 608
711 990
850 590
239 806
943 52
195 801
95 764
410 710
664 386
900 593
112 50
963 494
754 156
458 936
19 965
225 86
569 723
97 184
194 868
754 340
602 412
61 487
695 209
347 346
719 860
100 307
97 95
843 821
745 941
286 821
492 587
116 201
531 665
424 527
253 812
426 424
413 459
980 343
291 836
833 506
486 179
9 916
575 430
922 596
145 808
897 269
404 512
742 811
728 685
269 567
103 776
745 855
35 718
779 853
71 97
80 146
842 746
128 15
941 965
227 512
30 480
342 958
605 665
531 191
364 964
359 515
867 606
820 822
313 536
207 693
911 19
308 335
430 101
685 922
641 294
113 910
141 410
690 250
700 546
559 729
481 609
503 720
766 976
7 759
882 798
859 74
182 648
425 299
542 785
683 846
853 390
938 897
89 416
624 837
181 247
878 293
933 144
580 938
252 467
207 480
658 955
20 665
954 26
347 564
759 449
446 26
14 521
657 301
710 321
980 613
188 388
636 879
203 990
432 188
129 963
630 820
509 300
237 822
373 255
838 277
395 153
692 400
103 227
218 518
384 447
931 315
396 813
389 324
640 502
287 299
297 780
977 376
512 516
219 212
555 329
398 810
289 486
798 485
598 416
49 952
572 894
697 358
770 21
725 647
542 44
214 683
887 361
45 814
94 231
282 8
82 165
319 496
626 699
146 852
541 459
874 535
725 314
777 944
554 306
208 459
787 637
976 447
912 408
444 107
3 962
301 565
164 407
437 857
652 317
764 98
41 818
737 600
176 288
136 902
128 567
394 190
235 749
42 908
824 276
684 748
979 592
568 393
367 363
52 163
642 983
335 179
126 16
130 478
583 259
129 868
752 295
167 596
856 71
640 622
770 864
431 644
195 5
448 365
701 429
952 64
880 854
168 770
79 88
961 157
472 368
217 421
709 719
147 271
296 975
909 816
764 962
251 535
878 438
753 696
570 881
253 318
666 45
931 52
433 496
810 313
678 138
123 334
212 988
66 508
206 770
750 751
64 780
466 441
337 207
510 516
796 674
175 408
437 920
938 573
848 634
561 878
718 990
948 826
649 696
569 800
663 411
582 422
843 707
202 334
702 986
579 494
725 150
803 562
340 380
156 832
832 979
602 376
234 511
688 414
184 160
978 982
413 238
633 490
585 899
606 251
963 526
350 897
242 39
539 657
739 452
267 538
165 831
177 460
720 185
802 934
644 440
82 490
798 168
197 71
173 977
81 458
235 204
112 803
103 139
268 399
879 420
643 991
106 578
122 972
444 177
262 398
691 348
997 496
446 276
171 825
549 614
281 121
211 730
112 341
408 284
730 698
363 17
89 546
605 672
938 974
168 866
705 377
47 559
400 340
215 527
114 779
51 761
881 483
549 92
679 390
328 583
250 661
203 391
481 336
752 661
707 125
82 89
63 275
660 359
21 178
287 780
219 42
500 5
820 380
95 772
44 816
748 9
678 484
276 545
478 589
663 157
594 901
757 777
947 74
448 247
570 55
313 479
981 785
795 958
552 680
389 393
280 944
864 596
636 619
512 611
892 852
184 283
947 299
614 766
625 312
149 826
377 726
474 733
18 805
662 679
416 403
1 964
530 337
752 541
22 478
981 369
777 946
957 821
275 833
584 837
582 490
121 37
951 594
668 129
118 258
319 246
896 362
521 755
948 504
248 71
474 177
351 176
54 803
155 237
660 677
871 33
486 115
294 597
425 769
245 536
382 956
371 341
708 184
544 234
794 569
387 216
738 537
520 84
281 810
502 657
91 33
503 159
924 520
16 668
33 287
344 229
349 374
606 474
896 672
595 915
441 511
102 123
52 569
654 199
710 396
434 715
245 59
36 610
661 917
413 927
13 270
370 117
400 516
195 215
984 216
476 237
164 615
405 499
674 477
196 760
608 285
907 56
532 966
51 622
716 221
327 194
880 91
710 347
267 252
400 473
376 516
609 385
320 357
196 958
538 665
935 792
404 64
100 420
126 671
855 968
94 877
731 177
253 523
8 139
393 152
543 732
348 246
318 565
489 740
22 902
998 17
49 973
381 298
10 611
429 32
221 11
150 337
717 136
530 889
332 522
942 805
565 28
216 931
61 757
170 609
872 544
644 905
208 595
680 246
697 113
639 175
679 156
961 244
361 883
802 265
359 883
839 462
718 485
280 272
252 204
280 984
102 409
615 398
296 909
481 370
956 882
230 214
259 766
922 35
706 421
272 271
156 370
552 848
485 50
536 976
70 270
902 796
452 963
35 379
947 991
378 551
57 897
352 307
669 421
702 74
141 388
458 559
463 980
756 615
887 681
332 231
528 207
656 818
254 331
787 979
495 445
370 348
10 724
200 401
327 646
17 668
374 242
755 302
980 861
376 830
8 77
32 441
460 589
804 990
23 189
869 868
943 996
715 363
628 237
73 420
199 565
38 214
209 333
327 726
912 175
799 58
372 625
976 66
120 169
667 475
188 204
28 90
704 496
649 1
746 474
697 449
712 252
289 332
625 287
953 189
462 889
302 63
79 378
41 206
823 897
908 230
665 382
36 575
732 60
809 529
66 477
291 290
591 89
583 961
252 461
479 702
530 532
224 680
788 53
309 642
366 1000
352 891
402 822
545 152
113 324
967 633
454 267
723 381
14 272
20 506
308 419
644 461
713 526
482 978
336 468
289 729
496 795
326 581
530 383
167 226
522 421
830 386
91 273
116 484
747 676
395 107
958 229
756 902
262 962
703 105
511 84
481 991
449 701
888 689
599 655
306 600
492 538
803 499
445 881
316 981
889 473
785 383
765 679
491 573
589 589
124 480
741 145
898 624
725 923
682 915
131 232
398 974
906 735
753 678
312 640
790 644
301 212
945 123
447 253
197 943
27 18
573 916
589 327
934 640
209 615
529 470
899 655
15 288
592 401
92 840
575 633
814 707
354 424
127 682
374 194
566 855
594 190
973 728
645 178
603 275
712 88
32 367
298 544
561 738
906 963
626 460
143 266
504 727
836 33
361 442
431 628
554 384
24 244
416 482
735 765
243 446
454 247
932 913
494 560
648 528
357 594
596 935
788 462
536 621
759 660
200 564
566 302
741 936
217 592
219 724
832 118
819 299
487 251
473 129
241 96
64 167
516 169
857 381
218 976
490 767
504 837
707 407
342 203
475 387
175 735
786 706
171 335
232 40
888 821
866 131
976 159
253 978
619 53
642 849
460 478
218 19
218 230
667 453
949 336
89 931
488 588
568 449
526 566
8647 6215
6277 5139
5529 6392
6695 6344
8431 6408
6189 8284
8259 8587
8559 5415
6780 7392
9368 8521
7307 6744
9635 9344
8860 9233
8900 7352
6412 7298
5412 8634
5274 5431
6807 6186
8906 7436
5746 9610
6944 6002
7318 8748
9988 7030
6958 7026
6745 8996
8174 5599
7390 9699
9527 6822
7158 9311
7051 8507
5690 5030
5330 8320
8227 8197
6857 7120
9222 8886
5318 8683
7032 7611
7941 5510
8148 6762
9697 6288
9177 8352
5335 9351
5210 5307
7337 5809
8961 5580
6259 9130
7145 7244
8652 6832
5754 7415
7824 8082
9348 6550
8298 8431
7301 7035
5891 7248
5308 7251
9225 6234
7207 9299
7488 6875
5076 6591
7415 9371
6500 8326
7451 5747
6697 7426
6067 9542
6942 8570
9866 5503
6200 8297
8492 5793
9171 5363
7689 5298
8928 7022
5408 9177
5515 5752
8578 7369
8821 7034
5887 9336
9865 8562
8701 6044
7635 9181
7705 8673
9768 8195
9840 7578
6924 8528
6814 6972
8462 8521
7594 6207
7358 7691
8259 8687
9116 8799
9003 5713
8141 5248
6223 6849
5015 6559
7902 9579
5256 9814
9970 9067
8406 5669
6566 6211
7239 7239
8979 7132
8998 7733
7934 6781
5706 5512
6181 6537
9692 6830
5175 7719
7688 5247
7412 5273
7699 8855
6533 8766
7499 5610
7658 9119
5717 9844
5253 9547
5314 6940
6824 8004
6890 5613
8134 9786
8721 7131
7371 6411
8267 6839
8881 9411
9344 9149
5477 8255
8005 8458
7515 9577
9928 6232
7555 6538
9188 9801
8980 5702
8061 5174
8748 8403
7174 6665
6661 6592
7298 5718
8439 7252
9978 5396
9889 5780
7447 7922
5052 6334
7809 8999
7979 5880
7099 5061
9496 5108
9430 9984
8369 8985
7655 9274
9181 8617
7939 5213
7464 5165
9920 5976
8921 6407
6724 8028
9285 5298
5290 8127
8790 6418
5834 9138
7516 9492
7470 9819
9374 8973
7472 5763
5589 9494
7354 7836
7361 9840
9374 8017
9874 9259
9171 9097
9976 8636
5606 9981
8426 7508
7783 7288
8833 5169
8972 5324
7066 6651
6271 8520
8089 6023
8111 5578
8936 5174
7762 5144
8779 9814
5726 6557
6512 8999
7464 8540
7496 5258
8779 7126
8521 9714
9843 6460
8350 6580
6264 5751
8984 7023
6269 7425
9716 5141
7643 6406
7595 6941
7517 8378
6613 7860
9585 7745
9203 6774
8577 7521
9722 9253
6582 7167
9684 9013
8505 9669
5549 7160
7271 8661
8873 6126
6016 5261
6056 5862
8900 6353
8065 7253
9862 6208
8836 9565
7601 6512
7889 5280
5817 5010
9591 8769
8953 8787
7497 8711
6120 8016
7318 5598
9585 7965
6305 9786
7104 8853
6735 7289
5048 9844
5444 6173
8715 7668
7441 9242
6400 8715
7693 6100
6660 8737
5458 8077
9436 7642
6963 5782
5447 6697
8531 5216
7594 5086
6341 8041
7843 7089
8575 5930
9651 6601
7960 6438
9330 9225
7407 8245
6563 7493
6888 5854
6986 7290
9853 6182
8597 8853
8930 5284
6636 5631
5427 8945
7214 7650
8492 8404
6808 7697
7079 5268
7474 9208
5093 9172
7621 5639
7913 7522
5724 6799
7291 5494
9423 5001
9316 7708
9700 6060
9768 5550
6609 9281
9134 6941
9731 5390
5383 6989
7656 6188
7634 7377
5234 6364
6265 7591
6174 6664
5174 6831
7141 7994
6793 7600
8977 6519
8632 5715
5302 6833
6408 9785
8306 6017
7940 6365
5372 5465
5685 7594
9752 7781
5162 8120
9198 5470
9111 9980
5056 5261
6380 5791
7018 9608
6078 9275
7534 5924
8391 7310
8646 6670
6279 5823
6152 9009
9531 7632
5234 5790
5479 5493
5059 7893
9248 6387
7127 9498
8032 5094
9466 7109
8187 5965
5146 8134
9947 7056
9478 9713
6041 7748
9829 8327
6129 8603
9486 6430
5634 7471
7877 7123
7415 5906
8097 5393
9537 9510
5691 7849
8055 6850
7335 8145
6115 6920
8127 5691
6949 8778
6025 6545
9234 7759
9239 7431
6168 9008
8317 7838
5533 5362
9777 5315
6306 9970
5648 6634
9997 9239
5090 8897
6839 9507
7498 6682
8846 7143
7611 5837
9991 8043
6188 7222
9202 8351
8088 8159
9987 6886
8557 9481
5117 6149
6067 6063
7309 7500
6811 8013
9428 7875
6784 7197
7890 5076
8953 7308
9685 6873
8762 7953
6951 6352
6848 9277
6368 8844
6953 6577
7647 5048
8013 9590
8286 8300
7792 5123
9126 9140
6062 7987
8819 9378
5849 6976
8522 6039
5293 9872
6236 9485
8308 8181
9034 8381
5932 8500
8170 8558
5541 5976
9359 5663
7146 9212
8995 8391
5061 5500
6477 6946
9310 9325
8882 8255
7090 7541
6744 7355
5215 5599
9478 9054
9745 9430
6147 5214
9654 7300
6861 7241
9752 8784
9403 5434
5386 9409
5982 7656
7244 9678
5466 7718
7794 6778
9549 7053
9094 5131
5870 7688
5309 7789
8877 5284
9443 9495
8598 7983
8716 6009
7456 5663
9130 7975
5072 9888
8392 5955
8407 8483
5597 9853
9302 9113
6788 6673
6052 6012
7994 6305
8124 8089
6701 9127
6059 7652
6624 7463
7549 8960
6845 7130
6860 8776
8443 5576
7869 5755
8848 8274
6186 6939
8265 5535
6380 7090
6605 5448
6608 8959
7430 8195
6888 7691
7258 8425
8480 7493
7172 8564
9017 8280
8677 9952
5808 7573
7323 5920
6438 7253
9209 5088
7850 5657
8401 6777
9668 5240
5317 8762
6827 6051
5060 8967
5284 7229
6839 6136
6285 5861
8662 5705
5672 7115
7659 7441
6704 5237
7380 8489
6854 7997
5302 9845
5693 6152
5105 8360
6008 6031
5021 6975
7040 8683
9123 5230
5638 5552
7174 8566
7489 8685
5489 5677
6560 6014
5704 5267
7611 8461
8451 7964
8602 7432
9424 9999
5513 7013
7954 9871
9514 8916
5518 7753
6152 5887
5306 5602
8655 7306
5620 5545
9757 6322
7971 6359
5201 5925
7964 6809
8895 5856
9536 6169
5211 9261
5745 5560
6852 9707
9706 8104
7670 5707
6909 5660
6428 9981
7682 5083
7377 7524
6031 5297
8751 6173
7003 9196
5948 9714
9597 7643
6293 9932
6317 8632
6146 9226
8277 6200
7823 7691
9849 8891
8057 7916
5590 7724
6998 6129
5738 6807
9950 5379
6753 8412
7495 6645
7892 7789
7035 6295
6165 5590
9626 5232
8321 8491
6163 7785
7321 8928
9847 7683
8801 9022
5243 6835
7673 5321
9433 9716
7667 6153
8080 7409
6443 9748
6043 6218
9654 6135
7469 5903
9201 8172
5527 8966
5316 7609
8947 8281
6669 9177
7677 7285
7452 5539
6938 7357
6997 6791
7243 6384
8706 6758
6823 5372
5055 5654
5987 5113
9646 7420
9219 9203
8834 7663
7662 5987
7673 5306
8344 6271
5147 5802
9179 6158
6443 6671
5174 8585
8512 6188
9898 7552
8446 5389
5824 7431
6437 7107
7285 9643
7115 7262
8194 7880
9354 6711
7885 9189
7280 7136
6593 9642
9908 9382
7651 8206
6775 7942
6780 5285
6626 8020
7842 9671
5344 5829
7555 7309
7091 6334
7438 9536
9899 8953
9518 9281
7469 7144
5597 5704
5550 9370
8751 5638
6259 7411
9860 6172
9425 9553
5067 5229
6230 7033
7138 7510
5439 7527
9004 9080
6239 9206
8335 6106
8375 8765
9191 7891
6100 5561
8477 7040
7842 6281
7634 6081
8668 6508
9307 9692
6121 9913
9486 7537
9443 8791
9838 7044
8234 5337
9195 6768
8352 9206
8133 6251
7038 9090
7385 6812
5133 9970
5357 7195
9047 9925
9460 9108
5885 6512
9195 9545
5523 5457
5704 6957
7917 8679
9131 8479
8741 5955
6883 7469
9675 8286
6615 6308
7366 8239
5958 7953
9558 6958
8580 8202
7498 9979
9872 9341
5484 8540
8902 5511
5903 9771
5328 8684
6541 5074
6254 8976
7452 9255
9945 9104
7937 5446
6101 7295
9537 9613
8348 8676
5127 6083
9898 7572
7533 5927
5240 6916
5764 8347
6166 5722
5664 9212
5188 6776
6730 8509
9139 7025
8677 8433
6650 9407
6242 8620
6992 8912
8386 5310
5866 9005
5413 9520
9742 8554
8084 8173
9494 6942
9341 5152
7456 8691
5619 9515
6378 5199
7867 6629
8973 5441
6494 9088
7830 6822
7718 9206
7647 7111
5344 6449
8265 7906
6175 8028
5749 8608
9542 8115
9409 6385
7319 8276
5772 6856
7259 6125
6630 5744
9706 7715
7070 8807
5128 6148
8919 5616
9286 6993
5567 8957
7970 9173
8926 7259
6876 5900
6936 5050
8051 8907
8202 9358
9631 7562
7318 9465
8349 6675
7217 9954
9894 7027
6659 6744
7371 5307
5137 6728
5469 5678
9665 7805
7793 5203
6408 8905
7985 8774
7355 9372
8626 9729
8795 6298
8787 7377
7571 9813
5043 6380
7608 8948
9069 5586
7467 9073
8124 5485
8505 9976
9291 7956
6155 9075
6211 7945
5625 7291
6711 7578
7508 7653
7143 5735
7665 9543
5511 8780
9440 5206
9993 6039
9138 5230
8365 8846
8772 9345
5700 5457
6977 9577
9111 7790
8780 7528
8757 6892
5068 8135
5483 6356
5770 5430
8066 9639
6144 9179
5190 7000
8216 6603
6281 6214
8488 9921
5293 7815
5193 5877
7197 9966
8033 9366
5133 5566
6420 9261
6929 7586
8489 9790
7778 8653
8491 8989
9639 5043
6823 7638
6481 6306
7999 8560
6328 6004
6852 9530
7922 7721
5775 7650
6485 6528
9798 5025
5453 6801
5867 5681
5821 8216
8702 8648
8939 7326
9767 7609
9016 6342
5723 8828
6255 6170
6740 9160
6009 7860
8339 6964
6486 5019
6264 5262
7938 5105
5556 5617
5759 7731
8121 5240
7429 5856
6507 9883
5413 5315
9748 6302
6767 6807
7612 5097
5921 7940
5098 8597
9540 7615
8463 5465
6892 8998
8622 8975
8399 8521
6136 8763
5052 9185
9209 6847
7800 5955
9941 9955
6062 6055
6210 8249
7167 8076
8925 5578
9352 7149
6142 7118
8191 7411
5784 6099
5948 6001
7808 6899
8717 7616
9225 5060
5276 9374
9800 5542
8383 7137
9033 5208
8970 5766
6689 9217
8671 6827
5489 5055
8097 5047
5828 6231
5298 9267
7968 7942
6157 5042
8965 8336
6454 7502
5599 7936
7741 5044
8695 7753
8964 8674
5463 8213
8749 7249
5606 8681
5097 8260
8158 7206
9067 6488
6622 7937
6020 8937
7817 8604
5275 7952
8743 7868
7684 7106
7673 9280
6864 8621
7425 5377
8466 9467
7577 7691
6802 5297
7317 7668
8873 5646
8479 5780
5646 8592
5941 7872
6542 6437
6876 7292
7828 8082
7695 7421
7688 7225
7172 5148
7009 9894
6327 6477
6983 8558
6098 5577
5339 7299
8792 8114
5352 9450
5096 7348
9260 7633
5451 6677
5454 6896
8871 8047
7483 9225
6530 5548
6779 8955
8662 7255
6039 8034
8302 7106
7567 5431
9368 8599
5896 6803
7928 9733
7831 5534
8466 5835
8316 8090
5268 8861
7787 8944
6610 9084
5011 6122
8759 8927
7522 7872
9784 7272
5661 7575
6085 8962
9056 9642
8539 6494
7222 7595
9614 8073
8055 8695
7231 5219
5614 5704
8365 5734
7543 8602
8628 5377
8602 6033
7829 6914
8761 8196
6057 8207
7141 7519
5096 7671
7466 8707
7805 7405
9839 5385
8417 6590
5173 5727
5339 7902
9689 8150
7798 8992
9890 6255
8375 9830
7277 7489
8677 5210
9951 7429
7439 9947
6920 6375
6357 9125
8622 5225
7015 6453
7568 7256
8066 9798
9045 5393
6393 6909
8567 5095
8275 7044
7101 5683
9984 5227
7317 9476
6878 9565
7557 7229
8417 7064
7652 8232
5741 5416
5085 5210
6386 7846
8425 7356
5083 8157
9423 8314
7160 8340
9996 8512
5531 7020
9834 8786
9576 6735
7235 6465
6241 7801
7929 8726
8928 6397
6541 8686
6986 6391
5672 5851
5721 8655
6649 8137
8104 6120
7300 9100
8029 7691
5096 9445
5789 5657
6428 5037
6807 7440
6284 8473
8117 6880
5795 7894
5377 5616
5462 9651
8629 6220
7534 8690
9286 5812
9440 8784
6484 5992
5222 9629
6652 5865
5096 7509
9310 9384
6797 8617
9861 6890
6709 8228
9385 9158
6357 9124
7532 9336
5846 7574
9327 7011
5752 8241
7126 7595
9827 5481
6996 6524
