200 630800
585 485
194 94
426 326
606 506
348 248
516 416
521 421
1092 992
422 322
749 649
895 795
337 237
143 43
557 457
945 845
915 815
1055 955
546 446
352 252
522 422
109 9
891 791
1001 901
459 359
222 122
767 667
194 94
698 598
838 738
107 7
674 574
644 544
815 715
434 334
982 882
866 766
467 367
1094 994
1084 984
993 893
399 299
733 633
533 433
231 131
782 682
528 428
172 72
800 700
974 874
717 617
238 138
974 874
956 856
820 720
245 145
519 419
1095 995
894 794
629 529
296 196
299 199
1097 997
377 277
216 116
197 97
1008 908
819 719
639 539
342 242
807 707
207 107
669 569
222 122
637 537
170 70
1031 931
198 98
826 726
700 600
587 487
745 645
872 772
367 267
613 513
1072 972
181 81
995 895
1043 943
313 213
158 58
848 748
403 303
587 487
864 764
1023 923
636 536
129 29
824 724
774 674
889 789
640 540
579 479
654 554
242 142
567 467
439 339
146 46
741 641
810 710
296 196
653 553
594 494
291 191
166 66
824 724
924 824
830 730
308 208
1088 988
811 711
190 90
900 800
440 340
414 314
649 549
389 289
296 196
501 401
965 865
566 466
778 678
789 689
670 570
933 833
1036 936
325 225
822 722
344 244
751 651
949 849
223 123
213 113
531 431
479 379
608 508
461 361
685 585
165 65
953 853
586 486
742 642
786 686
1092 992
386 286
825 725
989 889
386 286
124 24
912 812
591 491
959 859
991 891
763 663
190 90
188 88
281 181
279 179
314 214
287 187
117 17
719 619
572 472
361 261
518 418
946 846
519 419
292 192
456 356
361 261
782 682
614 514
406 306
986 886
301 201
630 530
485 385
949 849
1052 952
394 294
600 500
899 799
294 194
491 391
837 737
430 330
424 324
398 298
1092 992
890 790
324 224
9313 6079
8546 6972
5345 5932
5238 9125
8243 8153
6871 6459
5634 9204
5278 5711
6273 9222
9049 9479
8282 6276
8524 9068
7978 5794
5429 9695
6427 8801
6265 5664
9328 5430
6721 7025
9926 5503
9748 8824
7472 9614
7396 7997
6699 7822
5615 9947
7259 7001
6198 8418
5660 8783
7927 5952
8008 7942
7269 6317
7468 9460
7611 8316
9512 5408
7870 7879
5372 8360
5394 9152
5689 7563
6627 8946
9623 6018
8235 5359
5712 5288
7107 5892
6506 5616
8169 5381
8035 8105
9473 6601
5897 6874
9947 5207
9451 7009
9076 7492
8724 8521
8094 8932
5280 8502
8121 8256
8178 7904
5425 9423
7204 5630
8727 7991
8574 6440
6312 5191
7379 7775
8431 5338
9049 6256
9802 8194
9019 8979
7593 5352
7739 7693
7053 7663
7662 9948
8077 7892
6843 5148
6370 7998
8472 9335
7343 5591
7557 8237
8535 8200
6600 8902
7960 8590
8539 6774
8509 9168
7053 8323
9117 5779
9805 5137
5706 5953
7216 8212
6974 8657
8317 7683
5678 6094
7250 8639
9570 7162
5482 6182
6150 7800
5883 7533
5708 6432
6715 7720
7612 5216
5969 8609
7678 6018
5379 5860
6612 6878
8721 6116
8808 7921
8370 5139
9576 8581
7548 9852
5733 7033
5343 7368
7530 9785
8202 6483
6225 9572
6105 5248
9873 5812
7760 5394
9356 6586
9076 5163
7315 9221
6553 7729
7380 5184
6838 9510
8046 6102
6446 5480
7512 6970
6914 8919
8569 6333
6296 6387
7306 9900
7232 7893
8801 6742
9445 9686
5527 8452
5111 9995
8812 8623
5858 5544
9498 7559
9115 6460
8376 6074
5868 9786
9585 8619
8949 5231
9183 7685
8839 7919
8270 8748
9101 7438
8032 5044
8593 8626
6733 6334
8811 9239
6192 6794
8152 6503
9442 5417
6772 6736
5101 5811
6402 6542
6930 9992
6158 9403
6983 6182
8455 8422
7876 5421
5261 8516
8000 6650
7099 7781
5613 7943
5361 9992
5891 7537
9956 7372
6118 5265
7743 9109
6944 5902
5050 7464
6474 7963
7685 8452
6352 7036
9251 6061
7010 9331
8965 7502
5943 5544
6663 6494
8653 6232
9345 9208
8239 8952
8272 9522
6776 8385
9823 8449
9942 6032
7064 7625
8474 9043
5355 8014
9067 8318
8060 9072
5104 7580
5592 6462
9798 6759
6586 7756
6773 5054
6443 6900
5765 5605
6310 8400
8220 9945
6181 7591
5992 7165
