
1000 985600
585 485
194 94
426 326
606 506
348 248
516 416
521 421
1092 992
422 322
749 649
895 795
337 237
143 43
557 457
945 845
915 815
1055 955
546 446
352 252
522 422
109 9
891 791
1001 901
459 359
222 122
767 667
194 94
698 598
838 738
107 7
674 574
644 544
815 715
434 334
982 882
866 766
467 367
1094 994
1084 984
993 893
399 299
733 633
533 433
231 131
782 682
528 428
172 72
800 700
974 874
717 617
238 138
974 874
956 856
820 720
245 145
519 419
1095 995
894 794
629 529
296 196
299 199
1097 997
377 277
216 116
197 97
1008 908
819 719
639 539
342 242
807 707
207 107
669 569
222 122
637 537
170 70
1031 931
198 98
826 726
700 600
587 487
745 645
872 772
367 267
613 513
1072 972
181 81
995 895
1043 943
313 213
158 58
848 748
403 303
587 487
864 764
1023 923
636 536
129 29
824 724
774 674
889 789
640 540
579 479
654 554
242 142
567 467
439 339
146 46
741 641
810 710
296 196
653 553
594 494
291 191
166 66
824 724
924 824
830 730
308 208
1088 988
811 711
190 90
900 800
440 340
414 314
649 549
389 289
296 196
501 401
965 865
566 466
778 678
789 689
670 570
933 833
1036 936
325 225
822 722
344 244
751 651
949 849
223 123
213 113
531 431
479 379
608 508
461 361
685 585
165 65
953 853
586 486
742 642
786 686
1092 992
386 286
825 725
989 889
386 286
124 24
912 812
591 491
959 859
991 891
763 663
190 90
188 88
281 181
279 179
314 214
287 187
117 17
719 619
572 472
361 261
518 418
946 846
519 419
292 192
456 356
361 261
782 682
614 514
406 306
986 886
301 201
630 530
485 385
949 849
1052 952
394 294
600 500
899 799
294 194
491 391
837 737
430 330
424 324
398 298
1092 992
890 790
324 224
375 275
360 260
926 826
197 97
172 72
310 210
966 866
749 649
1051 951
1019 919
848 748
163 63
785 685
1058 958
1056 956
904 804
664 564
618 518
283 183
528 428
500 400
637 537
821 721
446 346
307 207
253 153
423 323
1071 971
711 611
762 662
216 116
297 197
209 109
191 91
895 795
629 529
443 343
226 126
962 862
847 747
785 685
569 469
110 10
870 770
981 881
1034 934
1084 984
823 723
503 403
995 895
460 360
668 568
549 449
272 172
641 541
1058 958
372 272
483 383
977 877
408 308
459 359
1070 970
807 707
683 583
408 308
148 48
870 770
1030 930
130 30
669 569
308 208
103 3
411 311
120 20
200 100
709 609
1039 939
987 887
522 422
925 825
885 785
1030 930
470 370
1004 904
1089 989
341 241
1069 969
479 379
243 143
476 376
1072 972
1062 962
128 28
989 889
161 61
543 443
738 638
316 216
448 348
438 338
447 347
260 160
166 66
506 406
491 391
259 159
738 638
131 31
395 295
304 204
926 826
520 420
296 196
253 153
549 449
525 425
955 855
431 331
243 143
665 565
587 487
938 838
240 140
109 9
664 564
1018 918
715 615
633 533
235 135
332 232
664 564
1057 957
460 360
691 591
893 793
676 576
263 163
846 746
959 859
477 377
860 760
958 858
811 711
186 86
762 662
534 434
259 159
658 558
760 660
379 279
368 268
940 840
1048 948
835 735
415 315
674 574
776 676
226 126
441 341
1012 912
789 689
839 739
994 894
921 821
806 706
725 625
590 490
1017 917
578 478
301 201
771 671
1093 993
1032 932
249 149
999 899
152 52
337 237
859 759
287 187
367 267
572 472
356 256
872 772
883 783
198 98
217 117
1006 906
616 516
1011 911
280 180
735 635
125 25
325 225
480 380
923 823
812 712
264 164
366 266
443 343
316 216
832 732
548 448
602 502
641 541
840 740
764 664
676 576
1054 954
712 612
826 726
1002 902
872 772
554 454
631 531
511 411
1043 943
1073 973
850 750
803 703
427 327
950 850
1017 917
177 77
105 5
320 220
213 113
902 802
1013 913
503 403
891 791
281 181
1098 998
110 10
959 859
625 525
445 345
1019 919
531 431
768 668
775 675
627 527
933 833
562 462
538 438
391 291
623 523
705 605
1016 916
557 457
520 420
505 405
215 115
517 417
760 660
379 279
361 261
785 685
872 772
696 596
488 388
407 307
864 764
324 224
943 843
422 322
306 206
940 840
507 407
1075 975
739 639
501 401
952 852
191 91
642 542
427 327
160 60
430 330
857 757
282 182
182 82
703 603
737 637
893 793
193 93
715 615
714 614
833 733
236 136
964 864
287 187
116 16
202 102
963 863
1072 972
1087 987
263 163
406 306
601 501
134 34
577 477
940 840
592 492
800 700
221 121
806 706
180 80
887 787
238 138
205 105
760 660
934 834
329 229
898 798
927 827
410 310
548 448
709 609
330 230
790 690
932 832
661 561
589 489
679 579
686 586
160 60
391 291
488 388
765 665
409 309
760 660
507 407
802 702
300 200
253 153
413 313
706 606
1070 970
223 123
133 33
353 253
373 273
809 709
377 277
932 832
1097 997
208 108
140 40
988 888
327 227
581 481
960 860
383 283
1040 940
958 858
708 608
384 284
1090 990
811 711
690 590
950 850
906 806
339 239
152 52
1043 943
901 801
295 195
864 764
195 95
810 710
510 410
486 386
764 664
693 593
1000 900
150 50
212 112
594 494
1063 963
256 156
854 754
1036 936
558 458
1065 965
119 19
186 86
325 225
823 723
669 569
284 184
197 97
968 868
294 194
440 340
854 754
512 412
702 602
587 487
161 61
309 209
795 695
446 346
447 347
960 860
819 719
407 307
200 100
195 95
197 97
921 821
943 843
1041 941
845 745
921 821
386 286
687 587
592 492
301 201
216 116
765 665
631 531
627 527
524 424
912 812
353 253
524 424
526 426
559 459
513 413
443 343
1080 980
936 836
391 291
606 506
933 833
279 179
586 486
1016 916
109 9
530 430
675 575
696 596
1022 922
908 808
245 145
369 269
997 897
612 512
504 404
911 811
842 742
785 685
828 728
667 567
369 269
876 776
203 103
955 855
845 745
818 718
135 35
953 853
879 779
197 97
171 71
246 146
180 80
846 746
942 842
115 15
228 128
1065 965
1041 941
612 512
327 227
580 480
130 30
1058 958
442 342
765 665
705 605
291 191
631 531
1064 964
464 364
615 515
459 359
706 606
967 867
922 822
920 820
636 536
413 313
793 693
307 207
119 19
1011 911
435 335
408 308
201 101
530 430
1022 922
785 685
394 294
741 641
1010 910
213 113
510 410
241 141
350 250
790 690
646 546
800 700
829 729
659 559
709 609
581 481
820 720
603 503
1076 976
866 766
859 759
107 7
898 798
982 882
174 74
959 859
748 648
282 182
399 299
525 425
885 785
642 542
946 846
783 683
490 390
953 853
997 897
1038 938
516 416
189 89
937 837
724 624
347 247
281 181
393 293
978 878
244 144
1033 933
1038 938
680 580
567 467
352 252
580 480
307 207
1055 955
758 658
765 665
120 20
126 26
1054 954
664 564
447 347
549 449
859 759
126 26
546 446
621 521
114 14
401 301
757 657
421 321
810 710
713 613
1080 980
488 388
288 188
979 879
736 636
1090 990
303 203
288 188
532 432
1063 963
229 129
920 820
730 630
400 300
609 509
922 822
337 237
355 255
473 373
377 277
938 838
253 153
495 395
500 400
792 692
327 227
203 103
618 518
318 218
547 447
484 384
415 315
1031 931
913 813
496 396
424 324
489 389
602 502
740 640
399 299
387 287
880 780
397 297
476 376
1077 977
616 516
612 512
312 212
319 219
429 329
655 555
910 810
498 398
586 486
389 289
585 485
898 798
516 416
698 598
1052 952
149 49
994 894
672 572
458 358
797 697
121 21
870 770
747 647
825 725
144 44
642 542
783 683
314 214
461 361
987 887
914 814
145 45
331 231
194 94
108 8
382 282
265 165
182 82
596 496
419 319
799 699
726 626
952 852
246 146
559 459
641 541
635 535
974 874
414 314
825 725
1044 944
877 777
406 306
654 554
559 459
308 208
737 637
887 787
547 447
1076 976
508 408
1012 912
207 107
544 444
1062 962
103 3
665 565
401 301
507 407
264 164
957 857
537 437
417 317
752 652
198 98
864 764
918 818
141 41
700 600
837 737
388 288
276 176
1002 902
236 136
667 567
228 128
290 190
494 394
849 749
335 235
1008 908
142 42
376 276
924 824
848 748
784 684
692 592
1079 979
493 393
668 568
463 363
467 367
263 163
152 52
1083 983
742 642
279 179
435 335
116 16
226 126
578 478
230 130
359 259
683 583
968 868
229 129
395 295
852 752
696 596
267 167
171 71
956 856
722 622
740 640
964 864
870 770
744 644
531 431
105 5
295 195
465 365
548 448
529 429
801 701
164 64
1052 952
954 854
980 880
870 770
268 168
188 88
179 79
257 157
1061 961
468 368
572 472
521 421
317 217
819 719
809 709
371 271
247 147
1075 975
396 296
916 816
1009 909
1062 962
864 764
635 535
351 251
538 438
978 878
796 696
853 753
981 881
670 570
418 318
353 253
145 45
766 666
152 52
1031 931
596 496
533 433
413 313
910 810
238 138
778 678
434 334
223 123
1088 988
312 212
5027 5121
9397 6653
8242 6492
9933 6573
8831 6730
5172 6002
6562 9005
7689 6698
5782 8639
9226 7561
5440 8564
7940 5086
6814 7274
7038 8926
8270 5224
5509 6114
6394 8219
5139 9026
8957 9526
5096 8122
8279 6476
8292 9714
6700 6238
9205 5666
9626 9846
8713 6276
6302 6941
9811 5932
5112 8887
5313 7900
6203 9791
6498 9805
8854 8232
9406 6789
8196 6059
6593 9103
9322 6424
7413 8639
5945 7314
7836 8512
6524 6293
9309 5979
9647 7218
7299 7039
8577 9790
6609 5738
6623 6722
5255 5607
9472 7327
5909 5191
6100 5621
9243 9258
7978 5545
5090 6940
9806 8483
8848 6597
8361 9557
9269 6221
7553 8617
8697 9800
8754 7566
8985 7510
9237 9994
6627 6523
9932 5144
5495 7210
7431 5979
8131 9269
6247 6672
7289 9717
8029 8641
8923 8056
9647 9210
5188 6868
8851 5070
5602 8586
6871 8710
5411 6629
7970 8047
7610 5177
7222 9231
6643 6240
9142 8193
5466 7668
8248 5821
6304 9677
8922 8818
9938 6129
7851 6710
9034 6374
9827 6572
6706 6368
9013 9096
8967 6783
6225 7354
9360 7572
7391 6724
5381 9837
7136 5547
8373 9015
5876 5976
5028 6061
8069 6548
9801 8639
7521 7285
7237 6992
8684 6628
9059 8594
6878 8553
9622 8411
8990 9759
5690 5827
8918 9939
9031 5450
7014 5497
8822 9299
9938 8263
5624 6335
9606 5976
9113 5273
6631 6025
6141 6854
8599 6433
5515 7117
5677 7808
6862 7245
7246 9030
6731 9512
6688 8108
7976 6861
5158 9722
8320 8854
7597 6713
5961 7907
6912 6253
6407 8861
7093 9029
9833 8343
9965 6466
6022 8385
5949 6568
7617 6873
5767 6636
7943 8605
9415 8763
5876 5307
7049 7037
9897 9510
6336 8523
5032 9130
5417 9039
8009 5921
6600 6949
8782 7926
6267 7400
9095 6385
9270 8255
5785 5937
7497 7508
6282 5192
6835 5691
6951 9074
5347 5961
6339 7103
8801 8690
7703 9791
5298 6175
8379 8641
5152 7924
5446 8628
7038 9650
7779 7122
5650 8670
9391 6381
8598 7644
5695 9605
7152 5141
9749 8152
5067 8749
8174 7348
6932 6551
5692 7566
7930 5520
9526 6420
6488 7578
5197 6882
9103 5385
8766 9786
5483 8132
5440 8094
5377 7888
5286 6368
9855 6455
6238 6437
6469 9059
6279 5481
6540 8360
6666 9211
5599 8518
9270 9086
6591 6956
6951 7882
6964 5460
5994 8649
7405 8039
6550 8529
5111 8380
6885 8929
9537 7995
8627 8221
9058 8848
5907 8163
9349 8493
9203 7875
5447 5100
9606 6277
9735 5418
9346 7427
6684 5894
6359 8015
8600 9282
6158 8530
6406 6446
7324 5432
9071 8741
9911 8780
7112 8031
9547 5249
6357 5715
6112 5829
7262 5752
9101 6704
9131 8530
5795 8397
7831 9749
8473 9067
8531 7109
9398 5406
6973 5618
8813 5187
8108 8339
6219 5511
8362 7494
5714 5101
9332 6204
5306 8915
9792 8968
5313 6361
8539 5795
8183 6911
6597 8900
6946 6685
5773 7270
6830 8335
5691 8752
5642 9549
6816 7646
6532 5346
8961 8944
5465 7876
7878 6062
8061 6835
6009 8145
5487 5126
7866 7298
9779 8729
5204 6245
6899 8529
9688 6760
9819 5625
7517 8201
7663 7678
9027 6994
7555 8345
5803 6168
7329 5712
9397 8991
9638 7626
7132 9146
6677 9604
5047 9346
9476 9035
6860 9319
6933 7382
9650 8924
7814 6195
8651 7654
9608 9280
6659 6017
8107 8490
9502 8370
6544 8234
9465 5627
5677 7755
7257 9474
8125 5170
9231 6229
6595 9025
9392 5801
9053 7855
7683 6772
6502 9019
6684 8368
8417 5802
6942 5582
5497 7102
8880 9535
6375 8076
7522 9072
8503 5879
9689 8752
6067 6337
7868 8179
5839 5558
7428 6600
6061 7856
9910 5213
9234 8672
8389 8152
8632 5313
6280 7303
7163 8562
6296 6812
8542 6123
5039 7290
6243 8876
5008 9886
9077 6654
9723 5613
7466 5215
7175 9227
6648 7374
9825 5038
7816 7475
9529 9708
6859 5250
6120 6126
8915 9846
6653 9382
9413 7876
5493 5926
9373 7178
5018 9682
9237 8108
9566 7326
5364 9833
6684 7305
8482 5849
5716 6624
6745 7412
7030 9042
5266 5737
8367 7666
9090 9198
6302 5767
8448 9671
7004 8395
6808 6946
6497 5977
5389 6730
9095 8675
7820 7825
8178 9803
8293 9541
8700 5156
8372 5278
7505 8415
5883 5676
7231 5360
8351 6500
5500 9418
8764 8590
8719 7445
7959 5427
8547 7180
8965 8128
6041 8778
9736 5792
6531 7626
7334 8584
6299 6969
6031 8353
9834 6785
5406 8833
8073 7708
7807 6975
7487 9702
5435 7108
8536 9195
6663 7212
9139 9523
7601 6061
6895 8403
6277 5569
6097 8276
8494 7710
7824 8276
5156 7848
5127 5893
6020 6959
5363 7769
9843 8029
7135 6268
8919 9037
8849 5591
7876 9391
5197 8490
6242 5001
9275 5564
8801 9692
5493 9911
6560 9439
6659 6013
6637 8382
7832 5046
9463 8128
8911 9399
7423 5670
6969 5470
5155 8979
9622 7425
7679 6651
7456 8668
8534 9391
8661 7624
9719 6898
9590 8561
9976 7788
8312 9772
7789 8405
7015 6278
5037 7835
6321 6876
7640 8857
7064 5913
5377 9325
9285 6923
9402 7260
5794 5152
8724 8960
7313 7635
8105 8066
9825 5553
8914 7376
7610 9831
9648 6299
5475 6090
8878 9336
9987 8039
6809 5040
8175 7630
8198 7385
5126 8623
8963 7864
7872 7328
5652 6338
9934 5104
7771 9499
5891 7583
7693 7400
9214 9981
8434 6507
5658 6593
6026 9985
8892 7103
9501 5568
6618 6115
9187 9709
9745 9470
9335 8374
7069 8975
7997 7860
8435 5148
7596 6844
9136 5353
9724 6447
7298 7583
5321 6403
7754 8077
8707 7126
9525 5186
9760 5028
7745 7538
6241 6671
8994 9373
6834 6521
7672 6230
7518 6796
6505 5646
8897 9889
9929 9059
9495 8491
6449 6476
7286 8559
6720 5954
9330 9396
6687 6681
7232 9073
5571 5026
7433 9325
5556 9681
8756 6461
9798 8267
5506 5872
6897 8126
7233 8213
7137 7276
9437 7812
7533 8967
6120 9956
6677 5896
8501 9489
6469 7315
6427 6148
9847 9092
6181 8546
8139 7792
7698 9320
7193 7971
6093 9222
7082 7368
5182 9604
7965 6270
5800 5662
5263 5235
7885 5057
9937 9992
7372 5678
8927 5072
8299 5005
6435 9865
5780 5011
5257 8660
8962 6355
6212 5071
5213 6468
5563 8673
7074 9517
5829 8383
8033 8908
7785 9541
8916 9739
8725 6012
8107 7913
8684 7792
7776 9709
8068 5053
7062 5655
9114 9274
5439 6226
5018 5342
5599 7996
7782 9833
7106 8540
8651 8976
6922 8634
6136 9958
5462 6270
9107 5633
7484 9586
6390 5125
6694 7621
7708 5417
7346 9716
7664 6599
7164 7199
5898 7145
5093 7830
8354 7511
9492 9440
7609 8070
8585 8095
5798 6259
5534 8604
5765 9184
7598 9947
9970 6329
9629 8113
6516 6363
7606 9306
9010 8339
6744 8745
5292 8699
5397 8355
9783 6954
5192 7230
8459 8592
8917 7582
6985 7703
8090 7677
5039 6555
7940 9249
5775 7631
8523 6353
5594 6672
5875 8535
9112 5173
6635 5864
7822 8340
7071 6653
9501 6513
6024 5843
5352 5021
8030 6841
6326 6955
9142 8239
9908 5142
8692 9120
9186 5332
8511 7541
6281 7700
6024 7790
7589 6666
9961 5562
5954 5242
5710 8887
9414 9820
5691 8473
6935 6038
9837 7750
8118 8856
8589 6526
9404 8078
8062 5282
6275 5444
9736 6025
9368 5294
6867 7911
7203 7680
5141 8746
8726 8865
8527 7960
7111 7506
9771 9961
5693 9531
8405 9211
6638 7542
7548 5346
7259 9400
8914 7593
7183 8965
8101 9534
7762 5801
7223 8732
6894 6162
5269 5868
7214 5514
6901 8277
6636 5577
5219 6592
6253 5833
5392 7569
8335 5186
6203 9263
8193 8459
6548 7492
5076 8558
6588 6245
7401 6063
7440 7571
5574 7860
8291 6657
8047 6038
7949 8071
8139 5090
9782 9239
5194 6520
5505 6730
5585 7724
6485 7094
6710 5376
9879 5466
7830 9709
7663 9252
8685 9516
8681 9259
9379 8081
8422 9406
6937 8835
9084 8076
9779 5568
7771 5831
7292 9281
6878 5884
9102 5006
6672 7680
9037 5237
5376 8946
9023 5221
7822 8804
9795 7753
8739 7998
5803 5572
9554 8465
6271 6525
5838 8872
7268 9413
6972 9479
8483 9815
7869 7864
5857 9754
6741 8201
9693 9858
5256 5053
5776 5090
8370 7454
8500 6644
8439 9227
6198 6286
8424 8288
7375 7833
7201 8932
6089 5959
6257 8100
9517 6755
8450 7141
9427 6988
6944 7038
8903 8325
6895 9148
9842 5293
5732 5369
8021 8297
6640 6920
7172 9854
7007 9717
8553 6234
7351 8605
5678 8659
8554 7960
6426 5688
9673 9401
5750 9475
7680 9965
7805 8787
7156 9186
9046 8443
7273 9399
9026 6086
9580 6097
8478 7271
8373 8566
6650 7440
6332 6245
6704 6674
6023 5378
6570 6692
8869 8169
5054 9531
8136 5873
8963 6679
6738 6529
8950 9357
7458 7809
8369 9701
6384 8382
7348 7190
5843 8799
5372 6637
5430 8662
8886 7326
6708 6660
5398 5000
5827 7998
6584 7542
9276 5436
9705 8982
6804 9335
7032 7840
5902 7733
6914 6579
9949 8557
5712 9100
6184 5696
5595 9763
6085 5402
6804 7173
9821 5681
8713 6717
5337 9128
8483 7115
6012 6740
8059 5161
8001 5957
7616 7525
9963 6518
7468 8190
5557 5085
8122 8322
7916 5666
9384 6651
7246 6874
5503 8800
7916 6661
6389 8916
6198 6992
5500 8045
9152 8693
9349 6619
8830 6194
6795 6232
5888 6663
8970 8367
6428 6518
5283 5994
9173 8807
7791 8580
6241 7209
6484 5623
8510 5537
5126 7539
9114 8221
9285 6100
5626 9682
8827 5300
6109 5286
7999 5888
6549 9142
8727 6482
6485 7874
8324 9661
8205 6804
9434 8134
9481 9919
9906 6817
9282 5847
6012 9229
6859 9568
6443 9212
9691 8415
5744 7969
8815 7612
9556 6649
8458 6920
6201 9085
6483 8814
9477 6171
7205 7084
6044 7948
8816 5767
7523 7026
5531 8189
5440 5508
5737 6377
5277 9174
7375 8530
5188 8758
9984 8026
6037 5313
6561 5581
5367 5605
7024 9077
5795 7749
7440 9170
7306 5711
8072 5868
5117 9763
5081 8093
7905 5357
7526 5590
6533 9132
8301 9413
9426 9043
6091 8212
8752 7818
8147 9216
6731 9153
5288 8731
7931 8528
5636 8553
7538 5371
9180 7358
8246 5660
7301 8711
9314 7369
8649 7505
6047 8512
8453 8633
7403 5945
5328 8122
9356 9941
9348 8999
9078 8614
5215 5625
9617 9494
8417 5048
5186 9290
7029 6097
9995 7964
7560 9292
7103 5107
5085 6999
8300 9856
6265 6300
8881 6031
6102 9857
8467 5382
7782 7671
6896 6155
9600 5054
7471 8944
8408 5509
6634 8329
6458 8975
5502 5554
9573 8050
5089 6275
6895 5251
9694 8046
6914 6472
5733 6766
6494 9104
9933 5383
7867 9751
8141 5892
6129 7313
9131 6492
6200 9587
9543 7305
7677 7050
8116 6678
6660 5519
8942 7531
5877 5692
6728 7385
9164 8100
6718 6576
5301 5084
7864 8628
8815 6794
5847 9041
9840 9004
5622 8903
7208 6865
7046 5988
9007 8534
7873 9208
6267 6778
8892 5342
7266 6529
7814 9024
8142 9068
8109 6172
6507 8130
9863 9526
6554 9395
6924 6273
5280 5383
8700 7364
6410 7209
7319 9215
7168 8902
9216 7052
6961 6494
6429 9867
6341 7545
8199 7523
7819 5234
8684 9535
5223 6130
6822 8393
7968 5930
6542 8634
8190 6478
5558 5077
9421 9347
5866 5030
9906 6734
7610 6008
8071 9743
8476 6501
8378 8898
8814 6252
9659 8914
9804 5649
8895 7232
6717 6538
8202 8484
7114 9420
8602 8020
7477 7998
9808 7001
9851 6282
7752 5247
7374 6464
9199 8082
7351 9008
9292 6215
9122 6060
6056 9856
5841 7383
5781 5455
7587 9993
7933 9958
7903 7223
6456 6023
8002 9490
6348 9584
6846 8271
7366 9000
