
2000 943800
94 485
506 326
416 248
992 421
649 322
237 795
457 43
815 845
446 955
422 252
791 9
359 901
667 122
598 94
7 738
544 574
334 715
766 882
994 367
893 984
633 299
131 433
428 682
700 72
617 874
874 138
720 856
419 145
794 995
196 529
997 199
116 277
908 97
539 719
707 242
569 107
537 122
931 70
726 98
487 600
772 645
513 267
81 972
943 895
58 213
303 748
764 487
536 923
724 29
789 674
479 540
142 554
339 467
641 46
196 710
494 553
66 191
824 724
208 730
711 988
800 90
314 340
289 549
401 196
466 865
689 678
833 570
225 936
244 722
849 651
113 123
379 431
361 508
65 585
486 853
686 642
286 992
889 725
24 286
491 812
891 859
90 663
181 88
214 179
17 187
472 619
418 261
419 846
356 192
682 261
306 514
201 886
385 530
952 849
500 294
194 799
737 391
324 330
992 298
224 790
260 275
97 826
210 72
649 866
919 951
63 748
958 685
804 956
518 564
428 183
537 400
346 721
153 207
971 323
662 611
197 116
91 109
529 795
126 343
747 862
469 685
770 10
934 881
723 984
895 403
568 360
172 449
958 541
383 272
308 877
970 359
583 707
48 308
930 770
569 30
3 208
20 311
609 100
887 939
825 422
930 785
904 370
241 989
379 969
376 143
962 972
889 28
443 61
216 638
338 348
160 347
406 66
159 391
31 638
204 295
420 826
153 196
425 449
331 855
565 143
838 487
9 140
918 564
533 615
232 135
957 564
591 360
576 793
746 163
377 859
858 760
86 711
434 662
558 159
279 660
840 268
735 948
574 315
126 676
912 341
739 689
821 894
625 706
917 490
201 478
993 671
149 932
52 899
759 237
267 187
256 472
783 772
117 98
516 906
180 911
25 635
380 225
712 823
266 164
216 343
448 732
541 502
664 740
954 576
726 612
772 902
531 454
943 411
750 973
327 703
917 850
5 77
113 220
913 802
791 403
998 181
859 10
345 525
431 919
675 668
833 527
438 462
523 291
916 605
420 457
115 405
660 417
261 279
772 685
388 596
764 307
843 224
206 322
407 840
639 975
852 401
542 91
60 327
757 330
82 182
637 603
93 793
614 615
136 733
187 864
102 16
972 863
163 987
501 306
477 34
492 840
121 700
80 706
138 787
660 105
229 834
827 798
448 310
230 609
832 690
489 561
586 579
291 60
665 388
660 309
702 407
153 200
606 313
123 970
253 33
709 273
832 277
108 997
888 40
481 227
283 860
858 940
284 608
711 990
850 590
239 806
943 52
195 801
95 764
410 710
664 386
900 593
112 50
963 494
754 156
458 936
19 965
225 86
569 723
97 184
194 868
754 340
602 412
61 487
695 209
347 346
719 860
100 307
97 95
843 821
745 941
286 821
492 587
116 201
531 665
424 527
253 812
426 424
413 459
980 343
291 836
833 506
486 179
9 916
575 430
922 596
145 808
897 269
404 512
742 811
728 685
269 567
103 776
745 855
35 718
779 853
71 97
80 146
842 746
128 15
941 965
227 512
30 480
342 958
605 665
531 191
364 964
359 515
867 606
820 822
313 536
207 693
911 19
308 335
430 101
685 922
641 294
113 910
141 410
690 250
700 546
559 729
481 609
503 720
766 976
7 759
882 798
859 74
182 648
425 299
542 785
683 846
853 390
938 897
89 416
624 837
181 247
878 293
933 144
580 938
252 467
207 480
658 955
20 665
954 26
347 564
759 449
446 26
14 521
657 301
710 321
980 613
188 388
636 879
203 990
432 188
129 963
630 820
509 300
237 822
373 255
838 277
395 153
692 400
103 227
218 518
384 447
931 315
396 813
389 324
640 502
287 299
297 780
977 376
512 516
219 212
555 329
398 810
289 486
798 485
598 416
49 952
572 894
697 358
770 21
725 647
542 44
214 683
887 361
45 814
94 231
282 8
82 165
319 496
626 699
146 852
541 459
874 535
725 314
777 944
554 306
208 459
787 637
976 447
912 408
444 107
3 962
301 565
164 407
437 857
652 317
764 98
41 818
737 600
176 288
136 902
128 567
394 190
235 749
42 908
824 276
684 748
979 592
568 393
367 363
52 163
642 983
335 179
126 16
130 478
583 259
129 868
752 295
167 596
856 71
640 622
770 864
431 644
195 5
448 365
701 429
952 64
880 854
168 770
79 88
961 157
472 368
217 421
709 719
147 271
296 975
909 816
764 962
251 535
878 438
753 696
570 881
253 318
666 45
931 52
433 496
810 313
678 138
123 334
212 988
66 508
206 770
750 751
64 780
466 441
337 207
510 516
796 674
175 408
437 920
938 573
848 634
561 878
718 990
948 826
649 696
569 800
663 411
582 422
843 707
202 334
702 986
579 494
725 150
803 562
340 380
156 832
832 979
602 376
234 511
688 414
184 160
978 982
413 238
633 490
585 899
606 251
963 526
350 897
242 39
539 657
739 452
267 538
165 831
177 460
720 185
802 934
644 440
82 490
798 168
197 71
173 977
81 458
235 204
112 803
103 139
268 399
879 420
643 991
106 578
122 972
444 177
262 398
691 348
997 496
446 276
171 825
549 614
281 121
211 730
112 341
408 284
730 698
363 17
89 546
605 672
938 974
168 866
705 377
47 559
400 340
215 527
114 779
51 761
881 483
549 92
679 390
328 583
250 661
203 391
481 336
752 661
707 125
82 89
63 275
660 359
21 178
287 780
219 42
500 5
820 380
95 772
44 816
748 9
678 484
276 545
478 589
663 157
594 901
757 777
947 74
448 247
570 55
313 479
981 785
795 958
552 680
389 393
280 944
864 596
636 619
512 611
892 852
184 283
947 299
614 766
625 312
149 826
377 726
474 733
18 805
662 679
416 403
1 964
530 337
752 541
22 478
981 369
777 946
957 821
275 833
584 837
582 490
121 37
951 594
668 129
118 258
319 246
896 362
521 755
948 504
248 71
474 177
351 176
54 803
155 237
660 677
871 33
486 115
294 597
425 769
245 536
382 956
371 341
708 184
544 234
794 569
387 216
738 537
520 84
281 810
502 657
91 33
503 159
924 520
16 668
33 287
344 229
349 374
606 474
896 672
595 915
441 511
102 123
52 569
654 199
710 396
434 715
245 59
36 610
661 917
413 927
13 270
370 117
400 516
195 215
984 216
476 237
164 615
405 499
674 477
196 760
608 285
907 56
532 966
51 622
716 221
327 194
880 91
710 347
267 252
400 473
376 516
609 385
320 357
196 958
538 665
935 792
404 64
100 420
126 671
855 968
94 877
731 177
253 523
8 139
393 152
543 732
348 246
318 565
489 740
22 902
998 17
49 973
381 298
10 611
429 32
221 11
150 337
717 136
530 889
332 522
942 805
565 28
216 931
61 757
170 609
872 544
644 905
208 595
680 246
697 113
639 175
679 156
961 244
361 883
802 265
359 883
839 462
718 485
280 272
252 204
280 984
102 409
615 398
296 909
481 370
956 882
230 214
259 766
922 35
706 421
272 271
156 370
552 848
485 50
536 976
70 270
902 796
452 963
35 379
947 991
378 551
57 897
352 307
669 421
702 74
141 388
458 559
463 980
756 615
887 681
332 231
528 207
656 818
254 331
787 979
495 445
370 348
10 724
200 401
327 646
17 668
374 242
755 302
980 861
376 830
8 77
32 441
460 589
804 990
23 189
869 868
943 996
715 363
628 237
73 420
199 565
38 214
209 333
327 726
912 175
799 58
372 625
976 66
120 169
667 475
188 204
28 90
704 496
649 1
746 474
697 449
712 252
289 332
625 287
953 189
462 889
302 63
79 378
41 206
823 897
908 230
665 382
36 575
732 60
809 529
66 477
291 290
591 89
583 961
252 461
479 702
530 532
224 680
788 53
309 642
366 1000
352 891
402 822
545 152
113 324
967 633
454 267
723 381
14 272
20 506
308 419
644 461
713 526
482 978
336 468
289 729
496 795
326 581
530 383
167 226
522 421
830 386
91 273
116 484
747 676
395 107
958 229
756 902
262 962
703 105
511 84
481 991
449 701
888 689
599 655
306 600
492 538
803 499
445 881
316 981
889 473
785 383
765 679
491 573
589 589
124 480
741 145
898 624
725 923
682 915
131 232
398 974
906 735
753 678
312 640
790 644
301 212
945 123
447 253
197 943
27 18
573 916
589 327
934 640
209 615
529 470
899 655
15 288
592 401
92 840
575 633
814 707
354 424
127 682
374 194
566 855
594 190
973 728
645 178
603 275
712 88
32 367
298 544
561 738
906 963
626 460
143 266
504 727
836 33
361 442
431 628
554 384
24 244
416 482
735 765
243 446
454 247
932 913
494 560
648 528
357 594
596 935
788 462
536 621
759 660
200 564
566 302
741 936
217 592
219 724
832 118
819 299
487 251
473 129
241 96
64 167
516 169
857 381
218 976
490 767
504 837
707 407
342 203
475 387
175 735
786 706
171 335
232 40
888 821
866 131
976 159
253 978
619 53
642 849
460 478
218 19
218 230
667 453
949 336
89 931
488 588
568 449
526 566
860 272
4 883
772 731
734 80
259 213
270 177
6 872
424 626
204 940
313 150
159 379
205 833
25 517
951 724
721 973
635 581
293 839
712 272
410 412
465 839
366 492
74 553
23 718
416 738
764 839
49 390
817 588
507 523
152 630
256 770
562 746
495 49
414 369
78 537
912 115
59 215
259 971
258 602
841 551
137 40
590 494
383 252
869 158
939 72
282 177
880 667
479 483
454 815
730 19
556 745
195 339
409 614
580 302
99 319
913 670
798 513
318 566
790 27
344 322
80 645
468 210
922 841
179 925
347 521
231 975
597 269
607 929
903 478
310 970
223 684
10 231
845 673
905 348
58 232
93 727
759 597
912 397
906 539
43 907
76 892
552 699
670 408
671 361
353 789
837 529
12 190
889 880
912 236
377 715
56 718
585 439
852 814
715 902
421 658
330 410
51 412
840 90
697 678
848 951
826 37
198 593
341 737
274 211
740 134
339 847
875 490
400 95
603 435
474 737
126 860
973 310
973 548
581 984
788 660
629 86
799 635
475 941
959 56
80 372
917 650
91 964
783 735
773 682
712 151
655 283
953 773
279 643
701 898
706 817
147 269
355 731
100 507
498 841
261 207
591 752
630 318
374 126
960 153
917 101
406 560
759 743
618 816
981 980
641 1
131 82
920 886
534 377
453 465
397 753
51 842
301 547
197 580
910 754
211 37
851 548
42 896
919 656
30 537
674 78
979 540
764 597
937 314
656 845
590 361
337 930
997 654
643 841
652 810
632 98
827 814
659 898
56 237
97 236
304 397
771 468
680 160
344 168
561 189
632 123
666 783
235 991
71 775
327 565
824 906
1 604
948 233
851 693
780 209
603 279
380 231
84 675
684 370
757 814
605 276
304 238
358 710
294 931
742 879
37 492
4 81
707 347
131 417
660 582
89 801
455 195
303 403
680 247
970 356
934 627
951 858
404 803
446 236
349 572
93 485
672 586
158 748
772 235
891 859
532 788
621 345
347 861
227 342
555 779
16 595
303 963
941 260
833 366
190 835
622 733
345 834
893 442
192 773
430 880
160 873
767 793
170 173
810 402
318 60
690 628
224 19
52 146
411 685
203 138
785 593
219 202
61 500
919 89
191 433
711 63
294 514
937 865
253 393
103 269
316 111
625 614
639 272
641 973
139 609
45 236
316 496
218 24
293 871
747 227
879 420
633 850
10 127
356 170
665 224
536 722
823 189
603 597
392 286
258 22
771 957
820 536
139 221
566 281
229 238
325 531
804 449
786 735
983 670
847 646
388 272
632 605
253 394
405 508
137 537
283 955
678 477
659 969
706 692
786 963
313 829
143 638
713 206
244 185
489 187
844 129
896 300
602 114
210 305
930 199
692 916
457 839
241 899
950 452
229 185
212 561
222 848
32 191
747 830
869 860
245 873
575 649
818 591
204 974
584 974
822 452
198 397
942 350
942 597
899 13
375 392
327 343
479 756
66 387
950 924
464 188
286 68
573 552
294 166
137 435
557 14
423 797
427 254
95 300
715 431
403 367
453 197
735 233
1 149
145 62
782 38
848 69
456 425
490 810
679 878
461 503
844 308
70 798
599 437
888 798
395 36
733 583
795 412
368 195
94 878
114 388
46 438
795 532
583 3
321 268
714 417
332 277
257 229
906 445
301 380
277 974
651 248
218 433
109 1000
558 874
388 939
121 760
372 473
228 811
208 766
326 306
572 556
50 521
753 364
77 460
266 136
227 458
502 784
337 648
31 783
629 960
215 137
353 591
274 875
343 440
758 263
838 40
478 835
595 943
255 749
331 263
362 597
84 5
16 999
459 161
220 35
16 891
865 459
719 996
292 592
175 54
461 985
301 401
759 298
715 459
207 77
129 611
681 159
261 467
893 737
399 895
377 49
189 382
360 285
14 388
728 972
314 265
225 729
534 810
914 973
94 818
549 295
674 532
434 58
211 736
986 187
863 896
802 998
279 997
31 476
810 259
968 475
187 494
791 130
190 151
410 639
592 855
886 480
875 478
763 386
352 672
58 361
815 894
562 460
571 148
322 660
465 628
418 329
198 975
554 1
656 507
108 750
453 109
909 915
576 700
646 75
114 896
313 229
692 85
759 144
643 536
462 919
860 516
904 473
959 25
663 25
209 611
564 44
233 722
478 980
716 563
616 672
107 914
979 541
466 882
971 142
76 259
886 35
498 543
150 689
442 721
136 142
36 530
37 503
344 450
550 248
355 599
980 919
473 636
957 181
324 873
859 154
570 427
294 604
260 313
674 363
339 594
259 813
382 829
660 49
430 791
760 554
682 499
664 226
358 345
114 432
142 758
19 64
753 843
163 637
121 941
94 965
398 448
587 857
98 968
142 351
303 758
968 351
533 980
982 662
568 357
519 914
277 548
622 723
517 23
720 170
635 351
55 113
263 783
285 766
189 527
628 206
7 644
290 258
655 861
387 728
641 69
742 128
741 392
793 145
802 51
897 112
262 253
193 340
882 932
131 817
482 965
573 480
443 724
203 839
965 500
75 746
807 811
805 373
513 605
472 252
797 172
690 394
295 177
784 98
532 377
155 486
110 855
884 290
173 130
78 355
714 842
633 233
477 101
119 686
718 736
15 930
472 700
328 69
793 607
199 879
999 916
177 960
525 408
948 679
498 138
495 185
890 782
906 49
334 453
385 630
399 429
338 853
520 545
829 651
481 765
99 159
680 1000
87 179
802 717
890 885
839 32
339 838
883 186
67 470
544 185
357 921
457 376
444 986
642 934
152 171
59 645
616 46
59 681
987 43
353 234
530 103
958 496
613 389
838 931
85 579
86 132
569 908
479 772
683 677
400 343
370 703
882 139
146 344
116 387
760 909
407 539
447 304
388 655
41 378
658 92
119 862
28 411
457 362
198 397
17 290
432 152
321 611
427 173
205 137
344 946
563 365
304 475
47 982
694 920
91 802
961 66
644 778
109 744
959 464
969 313
42 341
108 685
648 331
49 85
228 676
929 91
527 534
967 166
316 51
582 966
840 841
575 625
503 114
911 16
305 113
989 826
836 506
369 738
587 564
232 455
452 735
900 264
952 548
81 738
995 853
562 575
739 569
705 365
5 620
557 264
490 193
294 21
361 373
900 84
47 250
205 288
145 132
846 151
658 419
849 521
680 974
148 655
96 648
210 737
690 298
19 187
831 981
679 965
726 954
528 166
15 248
564 636
847 560
721 563
9 24
700 896
446 803
858 16
699 274
271 714
977 449
533 229
154 280
756 423
871 868
912 124
727 970
968 231
569 935
163 808
618 23
685 210
650 88
807 151
393 770
276 555
304 613
911 866
233 223
42 303
400 305
162 306
51 900
734 964
933 397
366 898
16 59
177 628
360 225
742 537
725 612
868 633
489 314
501 478
632 981
365 904
196 819
496 108
744 179
145 152
501 598
880 349
248 80
683 762
500 314
389 513
620 205
91 584
721 652
859 894
665 198
416 143
481 671
320 302
865 611
126 631
757 526
963 526
781 403
240 231
330 830
518 283
824 864
935 755
51 159
309 220
18 447
863 800
1 833
749 805
658 791
577 412
579 857
509 408
154 895
923 360
397 827
687 971
959 961
617 519
637 335
623 238
174 883
775 222
608 886
306 708
1000 475
957 876
641 123
472 127
726 384
305 745
714 284
643 429
708 685
631 512
489 503
829 599
746 983
732 462
732 992
669 270
422 491
54 282
900 831
682 167
666 115
957 661
109 564
454 934
964 608
933 513
140 53
195 659
24 646
657 164
231 763
169 825
128 949
537 355
264 811
46 164
4 851
900 289
802 392
68 224
450 460
126 903
58 347
398 638
486 101
451 587
335 797
162 881
106 210
745 243
969 969
432 298
159 253
634 593
565 453
16 657
610 72
503 222
511 319
752 61
55 694
469 384
829 801
692 136
177 536
211 958
499 647
115 526
984 28
818 904
233 509
424 884
976 565
371 601
406 323
334 522
784 192
676 103
168 451
427 867
432 602
531 783
337 311
677 994
537 172
1000 51
379 389
103 237
785 721
943 597
412 492
572 331
828 380
771 259
939 726
594 55
19 501
500 459
376 790
689 4
776 634
474 117
575 601
953 808
143 544
510 542
221 590
615 827
599 817
567 617
545 32
727 879
558 692
307 685
564 88
331 911
568 546
881 580
649 997
746 937
393 988
237 351
517 661
521 630
213 360
820 908
199 203
813 479
14 251
803 162
448 905
207 167
86 862
123 369
220 181
158 765
944 251
424 909
311 645
399 568
59 847
253 538
233 540
312 99
790 423
849 246
202 165
552 544
653 52
788 131
893 372
113 471
498 625
442 684
929 378
86 534
12 73
318 540
258 671
524 127
579 412
424 972
468 823
364 663
81 784
399 588
896 496
151 170
626 153
367 199
837 152
640 258
124 283
572 289
408 608
358 463
895 180
884 329
523 221
438 294
278 125
25 625
729 427
996 796
956 151
188 867
519 122
35 370
311 840
195 115
829 875
784 912
904 85
99 969
443 714
9243 6370
9738 7183
9599 5078
9983 5054
7921 7044
9415 8953
6972 6010
6271 8660
8613 9503
6248 5417
6435 6175
8419 6010
6145 5884
6345 7823
9856 8007
5471 8129
8162 9447
5387 8331
5355 7398
9550 5519
5372 8140
8453 7292
8866 9584
5305 5697
6955 6101
9475 7781
7114 6532
9692 5892
7055 7498
5500 8836
9488 6057
9141 9449
6846 6874
9805 5144
6280 6198
9879 5439
8847 9835
9950 8733
9822 6611
7125 7623
5729 6475
9551 5290
8409 5764
6703 8435
7568 7264
5498 5611
8826 9681
9914 6428
9071 5284
9728 9646
9504 6459
5072 7868
5127 7776
5001 9075
8229 6891
7347 7096
8958 7951
8201 7801
6901 6464
5112 5821
5726 5508
9947 6495
8083 6211
5857 5100
5186 7786
8024 7880
9367 5597
8155 9089
7141 7640
5832 7974
7524 8425
5760 8429
5088 7050
9233 7326
5501 6417
8228 8694
8951 5881
8142 7766
7915 7928
8194 5714
5628 7561
7727 7480
7587 6924
7306 8712
6843 5382
8830 8794
10000 7773
9986 5903
8040 8168
6741 9801
6373 9028
9349 5943
6713 9715
9108 7586
6270 5595
6974 9877
8819 7212
7761 5252
6321 5502
5989 9209
8199 9174
5747 6331
8909 7119
8183 6260
5000 9060
7667 9736
9904 5461
9687 6655
8222 7881
9611 8396
7129 9050
6782 8930
7668 9449
6542 5078
7045 6558
8487 5637
7064 5004
6263 7297
6231 7502
8511 7699
9920 9355
6731 8141
5165 6844
9656 5025
6468 7576
5029 9136
6903 9402
6629 6527
7504 6643
5319 8903
9572 8744
9889 5303
8196 7503
8393 5673
7499 5989
6702 5174
6258 6019
9177 5451
8462 7260
5549 5697
6804 6057
5084 6522
5855 5647
7450 9780
5491 9461
7588 9350
7900 8008
9545 8861
7917 6224
8005 5638
9408 9779
8231 8349
9929 7242
9987 9052
5299 5531
9898 5456
6090 7664
8769 5306
5009 5661
5372 6751
5052 9363
7530 5733
5451 6182
8240 5243
8772 5230
5924 8381
6339 5120
6341 5739
8182 8654
5051 6802
8568 7284
5086 8243
6262 5878
9804 9199
8811 5830
9393 9606
5358 6672
8275 9040
7204 7361
6587 7755
5133 5837
5267 5183
8664 5071
8425 7711
9040 7869
5141 9394
5844 5013
5057 7137
6188 9248
5328 6765
7786 5878
6962 9888
7040 8370
9839 9492
6851 8025
8964 9709
8318 5185
6762 7584
9761 8512
5951 6813
7594 8523
8227 6195
8662 6124
8122 7731
8983 8926
6031 8102
8877 6250
6085 5637
7662 5054
8582 7969
5409 9001
6949 9445
9436 9074
6820 9016
6517 9835
9104 8819
8401 5544
9717 9416
6893 9764
8468 5227
9348 9678
8688 9019
5628 5825
5464 6417
6916 7220
8499 6030
5933 7221
5077 5152
8339 7082
8542 6375
6220 8884
8066 9116
6146 5889
5683 8474
8880 6391
5057 6534
9739 8613
6973 8522
5860 7483
6820 9590
9325 7348
6688 9713
7242 9000
7538 7378
7218 8222
5676 8864
8392 6297
8501 5083
5408 7215
5208 8165
6587 9550
8172 7159
9833 7533
6331 6894
9600 8163
7778 6133
6105 5682
8341 6498
7764 8635
9126 8218
9532 6161
5409 7517
5584 6916
8586 5562
5741 5328
7361 5604
7967 8833
5976 7179
8685 6996
6680 5094
7264 5374
6419 9307
8790 6883
7213 5503
9348 5589
5780 9555
5703 6382
5034 6625
6931 6870
9542 8420
5311 7849
7491 9864
7933 9625
8595 6179
7889 7863
5382 5680
5954 8751
7573 5544
8374 5957
9650 6358
6944 7078
7217 5442
8720 6683
5860 5607
5017 7602
5262 8641
5113 8477
5441 9629
9086 6035
9316 7096
7706 6184
8099 5245
6879 8387
9575 8018
7476 5473
6962 5528
8282 5001
6858 7692
8103 7008
8586 6777
5230 6286
5459 7382
9627 8755
8361 6122
8847 7275
6644 5804
6658 5594
7661 9013
5549 7287
6799 6398
9440 7878
9933 8787
7882 8251
9340 5257
9466 9905
8562 5288
7516 6377
7209 6911
8149 5232
5111 5111
6287 6155
5490 5141
5649 7898
7927 6025
5802 8441
7169 7274
6579 7489
8352 9243
5185 7466
6493 9032
9695 8197
7233 8075
5341 8797
7195 8711
9571 8344
9928 9387
5846 6829
7429 9219
6003 6019
9877 5163
5920 9742
8832 8220
6630 9321
6241 9578
5998 8892
6646 5744
7116 8445
7796 8232
5456 8220
5579 6068
6055 5009
8209 9244
6369 6360
5260 6371
7334 8997
8317 5891
9243 9448
6349 6323
7099 8706
9747 7088
8429 7960
7724 6485
7073 7448
9033 8096
8577 5572
5097 6397
8121 7774
5056 5203
8809 9264
7937 8963
6401 8180
7455 9572
5788 7010
9686 8306
9200 6682
5025 8976
7824 8549
5143 5419
8590 5908
5287 6654
9997 8203
7895 5598
7153 8574
6371 6603
7936 8732
5426 6086
6320 7925
9251 8355
9809 8078
7995 5703
9253 8964
9302 5536
9026 5165
5950 8554
7085 6646
8420 6447
5140 6877
5641 7616
7232 9308
9171 5653
9037 7112
8104 7253
8823 5506
5576 8792
6469 5165
9149 7176
8410 8139
5970 7305
5212 8707
8625 5877
9636 8937
5610 8414
5789 7884
7937 8975
5762 8863
9616 5883
8841 6040
5261 6605
7273 9928
6875 8373
8798 6665
7463 7469
7118 5617
8610 8076
5507 6041
7684 9735
5708 9556
5070 5521
6106 7091
7793 8306
8318 7751
9709 7057
9912 6223
8035 7329
5530 8899
5208 8356
5624 5013
6809 8795
5981 7177
9580 6892
6574 9933
7408 7282
8841 5946
9828 8918
9189 6767
6458 6352
5748 7014
5254 5728
5919 7324
5828 5171
5837 8537
5302 6735
5215 8395
8564 9100
9849 9070
8713 8410
6496 9928
8178 5051
6852 5401
7785 8399
6108 5143
6499 9734
8421 5525
8783 9591
7515 7351
6864 6114
5166 5223
6131 5858
7381 9377
9319 7341
6308 7427
7435 9551
9418 5105
7097 7506
9280 7483
7171 9362
7378 8341
5968 9121
7850 8855
7558 6298
8080 8120
8821 7077
8566 8901
7766 5885
9657 5163
9662 6128
7591 6836
5519 7176
6292 7012
9718 9245
5213 7846
7052 9365
8412 9101
6141 9047
8068 5272
5094 8391
9408 6757
6494 6919
7585 5297
6340 8604
7474 5829
7573 8217
6055 7862
9490 9869
9636 8925
8876 6329
9299 8712
5825 5359
5216 9115
9917 6683
6174 7888
5338 9052
8370 5962
9153 7108
5725 9262
7904 7726
7381 7820
7496 6185
9681 9162
9912 6907
7005 6266
5198 5019
9532 9263
5555 6771
9574 7077
7409 8052
7334 8655
8255 5369
5536 6475
6347 7056
6004 9200
5346 9941
8667 6119
8201 5059
8230 9628
8230 9500
7019 7715
8876 8442
9487 7900
5517 6184
5199 6132
5264 7017
6778 6663
5076 6933
5649 7295
5216 7413
9627 6963
9211 7227
6228 9938
8497 9914
7415 8444
5549 6329
9608 6457
7440 6347
6311 5857
9437 9990
7257 5919
7721 5577
8283 8072
9463 7246
7845 5354
8807 6227
8736 6745
8667 7349
8744 8649
6069 9377
5616 6820
7990 7503
5907 6207
9731 9016
9437 9633
8126 9527
6550 5032
7201 7060
8656 9790
7064 9825
7581 9411
7649 8237
5092 5230
5390 5225
8768 6909
6060 9341
7142 5010
6131 5736
8849 6642
8141 5980
7728 8348
9746 8858
5284 9125
7258 9120
6889 9840
6844 6516
7069 9761
7909 9286
9470 7011
6986 9563
5805 9780
9123 5602
7634 8648
7534 5455
6978 5463
8439 7963
8180 9600
7676 7860
7274 5185
5563 9305
9016 9885
8652 5731
6801 6165
7795 9835
9740 8434
9709 7112
9900 8429
7166 6753
5265 8871
5975 9682
7012 9674
8376 8194
9957 5879
8431 9540
5101 5099
9086 7090
7092 5000
6389 6544
5062 5327
6644 6502
7779 7963
5968 7210
7164 7792
9107 5276
6387 5694
7646 6621
6481 5178
8387 5096
8053 5964
8919 5955
9037 9228
6643 6866
6487 9505
5884 7816
8363 9521
5061 7970
7855 9635
9367 8710
8621 5073
5411 8516
7659 8244
7083 7860
7047 6334
5826 9883
6765 9333
9804 8098
7513 7357
9270 8386
5659 8537
8834 5062
7965 5413
9098 7528
8176 8656
6101 5033
8851 5885
7174 6648
5839 9340
8572 7924
8129 8728
5257 5244
6621 7963
5508 5476
9756 5769
5146 5188
8525 5653
5502 7971
6371 8184
5872 6073
9216 5179
6260 9460
8490 6794
9555 7247
7903 9841
9690 6681
9988 7951
8280 7008
6930 5292
6292 5174
9083 7393
7501 6366
6908 9711
9401 5452
9512 7926
7540 8039
9877 8691
9354 9613
7987 5798
7268 7621
7055 6438
8457 6847
6906 5029
6754 8846
6297 8549
8640 8107
5027 6167
6045 9027
9240 8336
8031 8591
8555 8839
5051 6577
9435 9826
9520 7697
7522 8181
9953 7737
6504 8680
7370 5090
6868 9541
6933 6410
9263 7053
8964 7397
7670 9067
5445 5880
9466 5721
6305 7199
9312 6602
7882 5712
7984 9378
8563 9098
9173 5362
7187 7557
6294 8307
7875 9241
9706 8282
6215 6014
6596 5101
7930 7090
9359 9656
6303 6306
7707 8498
7453 5606
6872 5700
8426 9456
6509 5200
7471 9686
8116 7075
8333 5430
6807 5292
8239 7007
6181 5246
6300 9204
5051 9044
5350 8991
6989 7229
6517 6599
6255 8471
6406 6052
5768 5836
5926 6465
5531 8850
6654 9052
8254 6264
9697 8602
5778 5945
5831 8493
5911 8341
7683 9192
6426 6056
9811 5349
5976 8038
9674 7969
7192 6041
9071 7530
9960 9950
9115 5926
9702 9086
7162 7384
7567 6164
5302 6665
5646 6275
9345 7404
9588 8353
5187 6975
8118 6547
5578 9537
7063 7068
8974 6409
7148 6825
8865 6168
8169 8676
5789 7784
5622 8521
5839 9104
7391 5167
6652 5781
8597 9087
7709 5882
5714 5417
6829 6911
9102 7107
8365 9957
5766 7666
8820 9607
7714 9849
8690 6088
6635 8612
5568 7674
5644 5853
9971 6450
9090 8955
9756 6408
6392 9115
5024 8519
5154 9824
6121 8564
7590 9311
5164 6682
9526 9806
6014 9074
5863 5757
5001 8042
8457 6131
5566 8198
8909 7420
9018 6719
8234 5850
7919 8704
7850 6666
9872 6426
7640 5952
5714 7719
7106 9699
8885 7635
9058 6457
6344 5753
8340 5326
6097 9231
9343 8119
6983 7871
9350 5441
6469 8473
5470 9382
9836 9181
5185 5807
9109 8536
6056 8348
9370 8710
5316 7271
8152 6663
8447 5986
8652 9531
5692 5304
5450 8588
8070 7912
8942 9749
7494 6688
9418 7923
9835 9622
8508 6725
8699 9309
6645 8430
6210 7896
8324 6490
9416 5228
6394 6106
7790 6257
9932 6336
6907 7841
9059 9856
8690 6247
6443 9665
5925 8913
7815 8246
8242 8481
7805 7293
7184 5487
8818 9351
5678 5422
9174 6982
8199 9580
8430 5762
9757 5655
7076 9460
7752 8176
9349 9177
7427 8390
8071 7794
8440 6600
5848 7623
8343 7561
6103 9819
7772 5661
7418 9903
5997 6655
5907 5877
6099 6315
9795 5806
6988 6498
5451 6876
7197 6229
7927 7299
6663 7006
5719 5585
6446 5929
5913 9958
9524 6615
5836 8418
5944 8143
6081 7449
8887 5302
9970 9747
6237 5558
7853 7607
9906 9634
5490 7278
7381 6432
6014 9909
8078 6817
6687 6540
5378 8599
9566 6307
5677 5066
5774 5226
9620 6932
5274 9110
8086 9721
5915 7796
9707 5155
7678 5787
6885 9317
7539 9110
9541 6702
8808 9073
7784 9202
9086 6565
5181 8576
7345 5608
8483 9595
5918 6067
9939 7705
7318 5393
5018 7572
8888 5907
8806 7042
8528 8775
5742 8970
6705 7752
7518 6554
8944 9375
5594 7941
5340 9292
5082 9382
8071 5604
8266 5226
9179 5129
6908 7113
6698 9312
8537 9203
6042 9859
9884 7284
8648 6084
5976 8665
7312 6099
7946 7737
6384 7756
5881 5890
5244 7455
6162 6070
6162 6759
5697 5463
8695 9937
8765 6652
9946 9611
5820 6789
7306 5119
7915 6421
7693 9694
5451 8602
5585 6790
5939 8381
8458 5697
6540 5003
5834 9465
8722 6051
6735 5008
9650 9523
6203 7004
5735 7558
5536 7828
7959 8320
7264 8907
9313 6991
9248 9322
5405 7698
6474 7979
8506 5731
8435 6189
8676 5438
9389 6242
8439 9850
9893 8692
8362 5041
7028 9663
6445 8334
7443 9454
9204 8368
9905 7672
8453 6134
9864 6343
6486 9799
5479 5640
6647 8682
8198 5162
6039 9040
8359 6960
5790 5751
9987 7013
6328 6178
7873 9965
9210 7571
6994 5201
5715 8397
8569 7903
7747 9720
7335 7525
5296 6661
6571 7949
9280 6718
6561 9171
8662 9586
8259 6632
5045 7308
6948 5476
9304 7525
8598 7104
5612 6291
6227 9796
5052 8695
9222 9773
9461 8322
8916 6887
9689 5360
8544 5679
5113 7681
6299 7605
8363 6792
5893 5103
8975 5111
6370 6967
6659 6158
5536 5370
6203 6304
9314 5651
9048 8117
6185 6133
8152 7259
6160 9397
8012 6585
9117 6252
5716 5935
6940 8617
7113 7054
7005 8021
5395 7592
9424 9144
8414 6188
9712 8762
7419 5013
9830 5678
6435 5598
7044 8595
6298 8675
8498 9334
8775 6502
9057 7603
5244 5866
6269 8041
9711 5960
9900 9990
7547 7899
5860 7368
7913 8056
6283 6192
9916 8254
5470 9962
7925 7043
6311 9561
5850 7518
6586 6330
8963 5303
8275 7116
8091 7657
7502 8237
8987 9675
7453 7685
7361 7548
6253 7029
7730 8265
8256 8006
7689 7684
7832 5155
9251 7570
8709 5424
9959 9495
6929 7632
5937 5735
9942 9392
7478 9296
8541 5590
6536 7792
9531 9007
5633 9033
9014 6274
9931 8353
6086 5157
5649 6032
6383 7718
5755 6970
8821 9503
6312 6333
5289 5749
7159 5971
7966 9034
7728 7637
6647 5132
7057 6257
8228 5608
7813 8586
8331 7145
7077 9207
7438 9307
9340 6907
8066 9879
8418 5911
5373 9243
5190 9201
6130 9130
9439 6398
6903 7622
5114 6883
9331 7567
7669 9080
8939 7715
9740 7817
8990 9958
6061 6036
9555 5877
6664 5923
9647 9530
9528 6958
8966 5259
8460 8151
8705 6502
7498 6051
8333 6647
8684 5142
5969 5807
5952 9960
7761 7569
6306 7553
7392 9111
5884 7194
6589 6738
7565 8974
7536 6989
6977 9498
6599 9304
6398 7554
6399 6830
8536 8271
8829 8837
5743 9473
9918 7208
5393 7297
6818 6980
6963 7132
9312 5638
9076 5105
7791 9703
6566 9509
6949 6992
7928 8900
8279 5679
9796 8090
6463 8102
5374 6774
8468 7019
9760 9868
5758 8369
5503 7937
7420 6422
8850 7105
8826 9221
8502 8037
5107 8017
5068 9694
7187 6511
8192 7685
8446 7133
7024 6533
7748 5150
6805 5033
8636 9451
5778 6916
8749 9396
7901 7427
6643 7621
6349 9317
7496 5073
5429 9918
6736 9408
5796 7951
5099 7767
6740 7160
8756 8175
6070 5709
6275 7132
9207 8231
7113 7625
6371 7052
8756 7186
6737 6636
7807 9771
5440 9599
5520 8900
9221 9162
9845 8070
9361 9301
7799 8532
9541 6132
6234 6216
6979 5266
7170 8634
8600 5887
7579 8356
8033 8631
9151 9917
5619 6494
7988 7251
8282 9440
5984 9735
9298 8442
7273 5219
6203 9998
7720 9577
5295 7874
9725 9570
5608 8499
6197 7782
9677 7718
6155 9798
9302 8398
7844 7343
8709 8516
7561 9863
7742 5402
8488 9745
5211 5088
7328 6578
6621 5561
5198 8508
7905 5889
8048 8313
5830 5011
6917 9885
7062 7981
5992 8425
8984 9769
7348 6134
9066 8147
7954 5892
9593 7043
5391 9958
5507 9907
8802 7204
6259 8779
5476 8697
5336 5125
8071 9379
9048 6003
8190 6956
5448 5583
9556 5948
7974 9630
7356 5552
8163 9163
9624 9897
9831 6168
8290 9387
8203 7497
5953 6611
9258 5216
8471 5025
9178 9183
5707 5391
7111 7630
9302 7435
5052 7270
5356 8831
8230 6448
5979 6587
8611 8910
6872 6047
6315 9047
5232 8036
9121 7802
7484 5957
6492 8317
8185 5980
5493 6340
7442 6051
5569 9878
5868 7843
8481 7241
8497 5087
6705 8622
5319 5439
5806 8735
8411 6099
8932 5084
5727 8925
6966 9642
9859 8839
8585 8223
5761 6342
9821 6103
9425 7096
8904 9538
5312 6624
5055 6041
7315 6164
9175 5640
9893 7238
9393 6281
6101 6868
9994 8884
7774 5823
7097 5689
8089 9016
6072 5998
5681 7568
8089 7746
9418 8616
6730 6504
9914 6648
6514 8457
7554 5933
9517 7158
5999 5194
5109 5108
8600 9005
6171 6063
7653 8251
9119 6596
5574 6774
9116 6028
8461 8890
9216 5824
7122 5209
8167 8933
5913 7426
6451 7291
6531 8002
6426 9415
8256 9467
5928 5571
6468 7057
7930 7727
8979 5413
6639 9476
7640 8359
6396 8584
9295 7917
9987 8511
7259 5010
9982 8480
5580 7335
8416 8528
9829 8197
8170 6020
9151 9799
6535 8417
8757 8375
9036 8377
7694 8725
9181 6512
9042 8604
9312 7147
5080 8969
5357 9929
9662 9669
5688 8892
7528 7406
5931 5245
9127 9477
6759 9719
7963 7698
8928 6747
9005 9474
10000 5241
9589 8806
9863 8080
7481 9209
5199 8341
8481 7004
7705 8407
8905 8836
5019 6815
6939 8591
7261 5248
6633 8167
7532 9159
5300 8713
6706 7648
8033 7016
5548 9004
7822 7010
9534 7364
7058 9752
6519 9627
6298 7201
9905 7099
7557 9174
5170 6094
7847 9622
5826 9429
7171 6473
6658 8313
9451 8562
5521 9627
8113 7963
6010 6571
9576 6586
6452 9137
6154 7674
6577 7345
6267 9952
7178 6076
9464 6146
8278 5091
6051 5625
6345 8367
5860 7103
6867 5301
5648 7543
6088 8895
9761 6175
6028 6237
9262 6745
7358 7582
8517 5278
6410 7789
8934 9334
6040 8233
8770 9220
9398 6721
8111 5843
8476 6942
8950 9378
6081 8330
7995 7864
6250 7860
8614 6705
6950 5229
7492 9312
7359 8609
6177 7063
8925 7268
5370 7712
8465 9786
5911 7394
5550 6918
8216 6036
5615 6127
6459 7877
9828 5468
6079 6974
9219 9549
5816 7039
9555 7466
9806 9804
5626 9653
5498 5642
8225 6368
9596 7001
6432 5704
9176 9942
7880 5446
9772 8401
6940 6470
9773 6803
6093 7910
9816 5621
9542 9331
5015 6403
7893 8000
9820 8711
9241 9477
6125 5829
7239 5602
9627 6024
5358 8483
5533 5506
7935 5825
8173 6664
7260 7352
5537 6171
5955 9544
6786 5687
7651 5157
9070 5187
5977 7769
6713 8930
9441 5767
8603 9009
6570 6722
6371 8215
8869 8653
9372 9228
6584 6569
9687 6652
9497 5923
6416 8465
9228 8975
8701 7749
7793 6189
8769 9549
8801 7551
6927 5945
9849 6706
8242 7911
8315 8253
6384 8861
7132 5480
6927 6491
7952 8119
8561 8409
5235 7764
7401 6372
9446 6820
5307 9580
6273 5187
5284 7857
7742 6902
9066 7752
6253 8329
6397 7961
5921 8336
6858 5339
9670 9933
6555 6413
9723 8964
5323 8328
9239 8552
5159 5699
5862 6058
7521 5117
6513 8153
7637 7988
5572 8489
9965 7670
6425 9909
5069 6046
9944 6038
9231 8356
6998 5971
9089 8587
7769 6003
8216 7900
7265 5781
8447 7156
5204 5417
5669 8019
8246 9150
9888 6525
6219 6763
9455 5361
5719 5088
8120 7721
6869 9712
7734 7354
8930 5615
8539 9023
9637 6557
9417 9106
7153 7914
9549 7163
6753 8176
5916 5917
6317 5979
8829 9849
9438 9072
5328 6033
9209 5642
8296 8664
8410 8373
6141 8407
6369 9527
7942 5600
8367 5030
7144 9833
6100 6663
5454 8021
8719 5067
5295 6168
9639 8144
6327 9518
6783 5034
8763 8010
9477 5405
5166 9359
5019 8295
5121 6798
9045 6135
8652 6607
7176 7387
5484 5997
6636 9146
6323 8194
7027 5450
6727 5461
6392 6516
9363 5690
7278 8113
5128 9783
7292 7781
5736 6915
7173 8444
6758 9451
5282 8486
9434 7456
9412 9996
5191 7208
9238 9340
9656 5941
5919 9882
9114 9493
8178 5524
7746 6816
6116 9877
6792 7700
8111 5369
5142 9658
5724 5473
5586 8293
8853 7890
6118 5022
7889 5694
9127 7072
8309 7363
9003 6137
7620 9030
8884 7217
5737 6805
9272 9287
6157 5876
7279 6844
6226 8356
5085 8330
9848 5151
7914 9643
9262 9003
5384 7926
6989 7375
5761 6419
7724 9149
5281 5936
8244 9596
8524 8747
8080 5818
9323 5954
8559 9748
6411 9228
5772 6660
7043 5314
8194 9183
7155 5717
8194 6026
9948 8637
7269 9053
6306 8563
7515 8880
8926 9983
8037 5101
9745 9171
7653 7162
9077 7294
5006 7682
8127 6642
7975 7575
6534 9929
6528 5097
6733 9022
5982 9003
8314 9985
7207 7604
6988 5612
6869 8867
7211 8727
9046 9120
5367 7801
5894 7186
5318 9189
9463 9420
6659 9427
6925 6413
6735 8511
8689 7071
8533 5587
5307 5466
9155 6821
7868 9617
5020 6988
8284 5173
6278 6553
6886 6596
5364 9620
9980 9464
8476 7686
8479 5139
5441 9459
5427 6147
7307 6404
9045 9192
7615 9165
6494 5303
8927 8762
6493 6435
8747 6222
8913 5902
9443 6312
7707 5267
5910 6058
8619 7519
6642 9947
8113 8490
5974 5036
5406 9934
5626 8650
9318 9609
8165 6649
9327 9054
6872 7866
9909 5600
7690 9333
7665 9316
9805 9469
6983 7586
6893 6334
7075 6890
9657 7699
5421 6112
9199 8824
5648 5038
8380 10000
5101 8820
5789 9010
7440 6133
5698 7130
9166 5089
7374 8423
9316 8502
7529 8438
6427 7516
6591 6490
8069 9319
9664 6921
5417 9331
6244 7746
9786 7381
7355 5314
7447 9177
5564 5597
9861 5306
6416 9577
6869 8332
9847 8261
7798 5475
8627 7212
7501 9840
5427 6401
7252 5464
7167 8775
9630 7572
5452 9297
5670 5614
6918 6101
8819 7494
7419 9166
7031 9004
5696 7705
7355 8385
9457 8355
7382 8095
7534 7433
6641 8380
9543 9216
9443 8621
5725 6956
5518 5247
5904 9909
6555 7747
6412 5668
7905 7702
7331 6804
8976 8301
5711 7894
6302 5893
6267 6422
9488 6182
6044 5429
6968 9267
9670 8287
9168 6661
8998 8411
9644 9564
9659 8598
8998 9655
9993 6513
8158 5710
9275 9527
7024 5379
7673 7985
6050 6759
7191 8219
6879 6634
9710 9780
6980 9327
8612 9142
6156 6788
6773 9816
7311 6877
5691 8308
8863 7000
9962 8036
6397 8906
6149 9605
9740 8067
6854 6197
5285 6384
7685 8367
5810 6339
8968 5840
9090 6812
5841 7153
6542 6514
7849 5544
6789 8048
9393 5978
8906 6539
7147 9137
6890 6990
7728 7365
5719 9783
5383 7927
7442 7425
5936 8872
6816 5600
7707 9341
9513 9552
9050 7479
8561 9132
9654 7384
6145 9385
5470 8915
8897 5383
5159 8101
5625 6395
8847 5346
9247 7357
9673 9100
9487 5760
8745 5407
9206 6094
8532 7187
6195 6004
7402 8279
7762 5199
9652 5941
8168 8595
6150 6740
5307 9872
9493 9336
7603 5208
9920 8289
9268 5648
9110 6429
8711 7615
6564 7867
6653 8170
9372 7512
6791 7881
7994 8989
9346 8732
9216 6262
6999 8013
8817 8298
7961 5779
5036 8662
6026 7481
5572 8159
8959 8044
5489 7779
5846 7281
5874 5689
7926 5345
8765 8826
5948 6011
5922 9434
9566 7562
7871 7502
7395 7909
5795 8985
6103 5740
7888 7336
7861 5562
9496 9781
9948 8530
6024 5087
9242 9748
6911 8907
5725 8353
8256 7994
8993 9554
9144 6058
9422 7117
8478 8803
5307 8862
6959 6384
5121 9264
8864 8315
5563 7014
8782 5549
8419 7477
5098 5900
6554 6257
8859 9801
6137 8432
9055 5845
5512 7173
6977 8374
9855 5425
6966 6312
6140 9549
8524 7910
9572 9316
6804 9924
7049 7515
9055 8873
8867 5409
7228 6030
9262 8851
8372 8940
7981 6482
8036 6339
6981 9178
7081 9881
9466 5523
9806 9312
5249 9446
9348 6196
8496 7012
7330 9152
9938 7929
5730 5344
6788 7537
7376 8042
8090 5403
7603 7317
8933 8129
5383 8015
9700 7909
8383 5019
9293 9395
8487 6491
9688 6399
8218 9237
8499 5521
8229 9134
9674 6569
8432 5344
6932 6663
7367 5179
6982 5266
8739 7526
7456 6169
5212 7674
6859 6952
5822 7514
5411 9891
6041 6710
7230 9904
5531 7974
5299 7315
7754 5389
