5000 821700
585 485
194 94
426 326
606 506
348 248
516 416
521 421
1092 992
422 322
749 649
895 795
337 237
143 43
557 457
945 845
915 815
1055 955
546 446
352 252
522 422
109 9
891 791
1001 901
459 359
222 122
767 667
194 94
698 598
838 738
107 7
674 574
644 544
815 715
434 334
982 882
866 766
467 367
1094 994
1084 984
993 893
399 299
733 633
533 433
231 131
782 682
528 428
172 72
800 700
974 874
717 617
238 138
974 874
956 856
820 720
245 145
519 419
1095 995
894 794
629 529
296 196
299 199
1097 997
377 277
216 116
197 97
1008 908
819 719
639 539
342 242
807 707
207 107
669 569
222 122
637 537
170 70
1031 931
198 98
826 726
700 600
587 487
745 645
872 772
367 267
613 513
1072 972
181 81
995 895
1043 943
313 213
158 58
848 748
403 303
587 487
864 764
1023 923
636 536
129 29
824 724
774 674
889 789
640 540
579 479
654 554
242 142
567 467
439 339
146 46
741 641
810 710
296 196
653 553
594 494
291 191
166 66
824 724
924 824
830 730
308 208
1088 988
811 711
190 90
900 800
440 340
414 314
649 549
389 289
296 196
501 401
965 865
566 466
778 678
789 689
670 570
933 833
1036 936
325 225
822 722
344 244
751 651
949 849
223 123
213 113
531 431
479 379
608 508
461 361
685 585
165 65
953 853
586 486
742 642
786 686
1092 992
386 286
825 725
989 889
386 286
124 24
912 812
591 491
959 859
991 891
763 663
190 90
188 88
281 181
279 179
314 214
287 187
117 17
719 619
572 472
361 261
518 418
946 846
519 419
292 192
456 356
361 261
782 682
614 514
406 306
986 886
301 201
630 530
485 385
949 849
1052 952
394 294
600 500
899 799
294 194
491 391
837 737
430 330
424 324
398 298
1092 992
890 790
324 224
375 275
360 260
926 826
197 97
172 72
310 210
966 866
749 649
1051 951
1019 919
848 748
163 63
785 685
1058 958
1056 956
904 804
664 564
618 518
283 183
528 428
500 400
637 537
821 721
446 346
307 207
253 153
423 323
1071 971
711 611
762 662
216 116
297 197
209 109
191 91
895 795
629 529
443 343
226 126
962 862
847 747
785 685
569 469
110 10
870 770
981 881
1034 934
1084 984
823 723
503 403
995 895
460 360
668 568
549 449
272 172
641 541
1058 958
372 272
483 383
977 877
408 308
459 359
1070 970
807 707
683 583
408 308
148 48
870 770
1030 930
130 30
669 569
308 208
103 3
411 311
120 20
200 100
709 609
1039 939
987 887
522 422
925 825
885 785
1030 930
470 370
1004 904
1089 989
341 241
1069 969
479 379
243 143
476 376
1072 972
1062 962
128 28
989 889
161 61
543 443
738 638
316 216
448 348
438 338
447 347
260 160
166 66
506 406
491 391
259 159
738 638
131 31
395 295
304 204
926 826
520 420
296 196
253 153
549 449
525 425
955 855
431 331
243 143
665 565
587 487
938 838
240 140
109 9
664 564
1018 918
715 615
633 533
235 135
332 232
664 564
1057 957
460 360
691 591
893 793
676 576
263 163
846 746
959 859
477 377
860 760
958 858
811 711
186 86
762 662
534 434
259 159
658 558
760 660
379 279
368 268
940 840
1048 948
835 735
415 315
674 574
776 676
226 126
441 341
1012 912
789 689
839 739
994 894
921 821
806 706
725 625
590 490
1017 917
578 478
301 201
771 671
1093 993
1032 932
249 149
999 899
152 52
337 237
859 759
287 187
367 267
572 472
356 256
872 772
883 783
198 98
217 117
1006 906
616 516
1011 911
280 180
735 635
125 25
325 225
480 380
923 823
812 712
264 164
366 266
443 343
316 216
832 732
548 448
602 502
641 541
840 740
764 664
676 576
1054 954
712 612
826 726
1002 902
872 772
554 454
631 531
511 411
1043 943
1073 973
850 750
803 703
427 327
950 850
1017 917
177 77
105 5
320 220
213 113
902 802
1013 913
503 403
891 791
281 181
1098 998
110 10
959 859
625 525
445 345
1019 919
531 431
768 668
775 675
627 527
933 833
562 462
538 438
391 291
623 523
705 605
1016 916
557 457
520 420
505 405
215 115
517 417
760 660
379 279
361 261
785 685
872 772
696 596
488 388
407 307
864 764
324 224
943 843
422 322
306 206
940 840
507 407
1075 975
739 639
501 401
952 852
191 91
642 542
427 327
160 60
430 330
857 757
282 182
182 82
703 603
737 637
893 793
193 93
715 615
714 614
833 733
236 136
964 864
287 187
116 16
202 102
963 863
1072 972
1087 987
263 163
406 306
601 501
134 34
577 477
940 840
592 492
800 700
221 121
806 706
180 80
887 787
238 138
205 105
760 660
934 834
329 229
898 798
927 827
410 310
548 448
709 609
330 230
790 690
932 832
661 561
589 489
679 579
686 586
160 60
391 291
488 388
765 665
409 309
760 660
507 407
802 702
300 200
253 153
413 313
706 606
1070 970
223 123
133 33
353 253
373 273
809 709
377 277
932 832
1097 997
208 108
140 40
988 888
327 227
581 481
960 860
383 283
1040 940
958 858
708 608
384 284
1090 990
811 711
690 590
950 850
906 806
339 239
152 52
1043 943
901 801
295 195
864 764
195 95
810 710
510 410
486 386
764 664
693 593
1000 900
150 50
212 112
594 494
1063 963
256 156
854 754
1036 936
558 458
1065 965
119 19
186 86
325 225
823 723
669 569
284 184
197 97
968 868
294 194
440 340
854 754
512 412
702 602
587 487
161 61
309 209
795 695
446 346
447 347
960 860
819 719
407 307
200 100
195 95
197 97
921 821
943 843
1041 941
845 745
921 821
386 286
687 587
592 492
301 201
216 116
765 665
631 531
627 527
524 424
912 812
353 253
524 424
526 426
559 459
513 413
443 343
1080 980
936 836
391 291
606 506
933 833
279 179
586 486
1016 916
109 9
530 430
675 575
696 596
1022 922
908 808
245 145
369 269
997 897
612 512
504 404
911 811
842 742
785 685
828 728
667 567
369 269
876 776
203 103
955 855
845 745
818 718
135 35
953 853
879 779
197 97
171 71
246 146
180 80
846 746
942 842
115 15
228 128
1065 965
1041 941
612 512
327 227
580 480
130 30
1058 958
442 342
765 665
705 605
291 191
631 531
1064 964
464 364
615 515
459 359
706 606
967 867
922 822
920 820
636 536
413 313
793 693
307 207
119 19
1011 911
435 335
408 308
201 101
530 430
1022 922
785 685
394 294
741 641
1010 910
213 113
510 410
241 141
350 250
790 690
646 546
800 700
829 729
659 559
709 609
581 481
820 720
603 503
1076 976
866 766
859 759
107 7
898 798
982 882
174 74
959 859
748 648
282 182
399 299
525 425
885 785
642 542
946 846
783 683
490 390
953 853
997 897
1038 938
516 416
189 89
937 837
724 624
347 247
281 181
393 293
978 878
244 144
1033 933
1038 938
680 580
567 467
352 252
580 480
307 207
1055 955
758 658
765 665
120 20
126 26
1054 954
664 564
447 347
549 449
859 759
126 26
546 446
621 521
114 14
401 301
757 657
421 321
810 710
713 613
1080 980
488 388
288 188
979 879
736 636
1090 990
303 203
288 188
532 432
1063 963
229 129
920 820
730 630
400 300
609 509
922 822
337 237
355 255
473 373
377 277
938 838
253 153
495 395
500 400
792 692
327 227
203 103
618 518
318 218
547 447
484 384
415 315
1031 931
913 813
496 396
424 324
489 389
602 502
740 640
399 299
387 287
880 780
397 297
476 376
1077 977
616 516
612 512
312 212
319 219
429 329
655 555
910 810
498 398
586 486
389 289
585 485
898 798
516 416
698 598
1052 952
149 49
994 894
672 572
458 358
797 697
121 21
870 770
747 647
825 725
144 44
642 542
783 683
314 214
461 361
987 887
914 814
145 45
331 231
194 94
108 8
382 282
265 165
182 82
596 496
419 319
799 699
726 626
952 852
246 146
559 459
641 541
635 535
974 874
414 314
825 725
1044 944
877 777
406 306
654 554
559 459
308 208
737 637
887 787
547 447
1076 976
508 408
1012 912
207 107
544 444
1062 962
103 3
665 565
401 301
507 407
264 164
957 857
537 437
417 317
752 652
198 98
864 764
918 818
141 41
700 600
837 737
388 288
276 176
1002 902
236 136
667 567
228 128
290 190
494 394
849 749
335 235
1008 908
142 42
376 276
924 824
848 748
784 684
692 592
1079 979
493 393
668 568
463 363
467 367
263 163
152 52
1083 983
742 642
279 179
435 335
116 16
226 126
578 478
230 130
359 259
683 583
968 868
229 129
395 295
852 752
696 596
267 167
171 71
956 856
722 622
740 640
964 864
870 770
744 644
531 431
105 5
295 195
465 365
548 448
529 429
801 701
164 64
1052 952
954 854
980 880
870 770
268 168
188 88
179 79
257 157
1061 961
468 368
572 472
521 421
317 217
819 719
809 709
371 271
247 147
1075 975
396 296
916 816
1009 909
1062 962
864 764
635 535
351 251
538 438
978 878
796 696
853 753
981 881
670 570
418 318
353 253
145 45
766 666
152 52
1031 931
596 496
533 433
413 313
910 810
238 138
778 678
434 334
223 123
1088 988
312 212
608 508
166 66
870 770
306 206
851 751
850 750
880 780
164 64
541 441
566 466
307 207
437 337
616 516
610 510
774 674
896 796
508 408
275 175
1020 920
537 437
673 573
1038 938
734 634
948 848
978 878
661 561
1090 990
818 718
926 826
1048 948
796 696
749 649
900 800
669 569
511 411
763 663
522 422
682 582
807 707
943 843
434 334
302 202
1086 986
802 702
594 494
679 579
250 150
825 725
662 562
903 803
480 380
440 340
932 832
256 156
1079 979
932 832
476 376
702 602
611 511
334 234
514 414
788 688
260 160
284 184
1082 982
1078 978
338 238
513 413
590 490
733 633
999 899
685 585
351 251
706 606
626 526
1063 963
997 897
450 350
139 39
342 242
757 657
639 539
552 452
839 739
638 538
367 267
931 831
265 165
560 460
277 177
285 185
820 720
1034 934
902 802
540 440
744 644
590 490
182 82
268 168
898 798
171 71
297 197
1077 977
273 173
558 458
181 81
304 204
335 235
903 803
212 112
239 139
203 103
499 399
368 268
520 420
979 879
1091 991
743 643
678 578
206 106
1072 972
222 122
277 177
544 444
498 398
362 262
448 348
791 691
596 496
1097 997
376 276
546 446
925 825
271 171
714 614
649 549
221 121
381 281
830 730
311 211
441 341
212 112
384 284
508 408
798 698
830 730
117 17
463 363
646 546
189 89
772 672
705 605
1074 974
1038 938
966 866
268 168
477 377
805 705
659 559
147 47
440 340
500 400
627 527
315 215
879 779
214 114
861 761
151 51
583 483
981 881
192 92
649 549
490 390
779 679
683 583
428 328
761 661
350 250
491 391
303 203
436 336
581 481
761 661
852 752
225 125
807 707
189 89
182 82
375 275
163 63
459 359
760 660
278 178
121 21
880 780
387 287
142 42
319 219
105 5
600 500
480 380
920 820
872 772
195 95
916 816
144 44
109 9
848 748
584 484
778 678
645 545
376 276
689 589
578 478
257 157
763 663
1001 901
694 594
877 777
857 757
174 74
1047 947
347 247
548 448
155 55
670 570
579 479
413 313
885 785
1081 981
1058 958
895 795
780 680
652 552
493 393
489 389
1044 944
380 280
696 596
964 864
719 619
736 636
711 611
612 512
952 852
992 892
383 283
284 184
399 299
1047 947
866 766
714 614
412 312
725 625
926 826
249 149
826 726
477 377
833 733
574 474
905 805
118 18
779 679
762 662
503 403
516 416
1064 964
101 1
437 337
630 530
641 541
852 752
578 478
122 22
469 369
1081 981
1046 946
877 777
921 821
1057 957
933 833
375 275
937 837
684 584
590 490
682 582
137 37
221 121
694 594
1051 951
229 129
768 668
358 258
218 118
346 246
419 319
462 362
996 896
855 755
621 521
604 504
1048 948
171 71
348 248
277 177
574 474
276 176
451 351
903 803
154 54
337 237
255 155
777 677
760 660
133 33
971 871
215 115
586 486
697 597
394 294
869 769
525 425
636 536
345 245
1056 956
482 382
441 341
471 371
284 184
808 708
334 234
644 544
669 569
894 794
316 216
487 387
637 537
838 738
184 84
620 520
910 810
381 281
757 657
602 502
133 33
191 91
259 159
603 503
620 520
1024 924
768 668
116 16
387 287
133 33
329 229
444 344
474 374
449 349
574 474
706 606
772 672
996 896
1015 915
695 595
611 511
541 441
223 123
202 102
669 569
152 52
299 199
754 654
496 396
810 710
815 715
534 434
159 59
345 245
710 610
136 36
1017 917
761 661
1027 927
513 413
370 270
113 13
217 117
470 370
616 516
500 400
315 215
295 195
316 216
1084 984
337 237
576 476
715 615
264 164
599 499
505 405
577 477
774 674
860 760
296 196
385 285
708 608
156 56
1007 907
1066 966
632 532
722 622
151 51
321 221
816 716
294 194
427 327
191 91
980 880
447 347
810 710
352 252
367 267
573 473
500 400
616 516
476 376
485 385
709 609
457 357
420 320
1058 958
296 196
765 665
638 538
892 792
1035 935
164 64
504 404
520 420
200 100
771 671
226 126
1068 968
955 855
977 877
194 94
277 177
831 731
623 523
353 253
239 139
108 8
252 152
493 393
832 732
643 543
346 246
448 348
665 565
418 318
840 740
589 489
1002 902
122 22
117 17
1098 998
1073 973
149 49
398 298
481 381
711 611
110 10
132 32
529 429
111 11
321 221
437 337
250 150
236 136
817 717
989 889
630 530
622 522
432 332
905 805
1042 942
128 28
665 565
1031 931
316 216
857 757
161 61
709 609
270 170
644 544
972 872
1005 905
744 644
695 595
308 208
346 246
780 680
213 113
797 697
275 175
739 639
256 156
779 679
344 244
1061 961
983 883
461 361
365 265
902 802
983 883
459 359
562 462
939 839
585 485
818 718
372 272
380 280
304 204
352 252
1084 984
380 280
509 409
202 102
498 398
715 615
1009 909
396 296
470 370
581 481
982 882
1056 956
314 214
330 230
866 766
359 259
135 35
1022 922
521 421
806 706
371 271
372 272
470 370
256 156
948 848
652 552
150 50
585 485
1076 976
636 536
370 270
170 70
896 796
1002 902
1063 963
552 452
479 379
135 35
1091 991
1047 947
651 551
478 378
997 897
157 57
407 307
452 352
521 421
769 669
174 74
802 702
488 388
241 141
659 559
558 458
1080 980
563 463
715 615
856 756
781 681
987 887
331 231
432 332
307 207
628 528
918 818
756 656
431 331
354 254
1079 979
887 787
545 445
595 495
448 348
470 370
824 724
110 10
501 401
300 200
746 646
427 327
768 668
117 17
342 242
474 374
402 302
855 755
961 861
1080 980
930 830
476 376
177 77
108 8
541 441
132 32
689 589
560 460
1090 990
904 804
289 189
123 23
968 868
969 869
1096 996
1043 943
463 363
815 715
337 237
728 628
520 420
173 73
665 565
299 199
314 214
138 38
433 333
309 209
826 726
427 327
275 175
1012 912
158 58
899 799
725 625
472 372
166 66
1076 976
269 169
220 120
575 475
767 667
304 204
288 188
190 90
128 28
596 496
804 704
101 1
749 649
574 474
846 746
549 449
797 697
352 252
812 712
432 332
389 289
387 287
725 625
289 189
1053 953
989 889
562 462
163 63
402 302
478 378
179 79
306 206
141 41
997 897
923 823
330 230
1008 908
482 382
765 665
675 575
136 36
160 60
832 732
629 529
909 809
577 477
166 66
390 290
391 291
189 89
691 591
1061 961
683 583
561 461
352 252
802 702
579 479
632 532
630 530
780 680
324 224
153 53
888 788
742 642
409 309
1100 1000
466 366
991 891
452 352
922 822
502 402
252 152
645 545
424 324
213 113
733 633
1067 967
367 267
554 454
481 381
823 723
372 272
114 14
606 506
120 20
519 419
408 308
561 461
744 644
626 526
813 713
1078 978
582 482
568 468
436 336
829 729
389 289
895 795
596 496
681 581
426 326
483 383
630 530
326 226
267 167
521 421
622 522
486 386
930 830
373 273
191 91
584 484
216 116
776 676
847 747
207 107
495 395
329 229
1058 958
1002 902
856 756
1062 962
362 262
205 105
803 703
184 84
611 511
1091 991
581 481
801 701
549 449
789 689
988 888
755 655
699 599
700 600
406 306
638 538
592 492
599 499
903 803
981 881
545 445
1081 981
416 316
573 473
989 889
483 383
885 785
779 679
865 765
673 573
591 491
689 589
689 589
580 480
224 124
245 145
841 741
724 624
998 898
1023 923
825 725
1015 915
782 682
332 232
231 131
1074 974
498 398
835 735
1006 906
778 678
853 753
740 640
412 312
744 644
890 790
312 212
401 301
223 123
1045 945
353 253
547 447
1043 943
297 197
118 18
127 27
1016 916
673 573
427 327
689 589
740 640
1034 934
715 615
309 209
570 470
629 529
755 655
999 899
388 288
115 15
501 401
692 592
940 840
192 92
733 633
675 575
807 707
914 814
524 424
454 354
782 682
227 127
294 194
474 374
955 855
666 566
290 190
694 594
828 728
1073 973
278 178
745 645
375 275
703 603
188 88
812 712
467 367
132 32
644 544
398 298
838 738
661 561
1063 963
1006 906
560 460
726 626
366 266
243 143
827 727
604 504
133 33
936 836
542 442
461 361
728 628
531 431
484 384
654 554
344 244
124 24
582 482
516 416
865 765
835 735
546 446
343 243
347 247
554 454
1013 913
1032 932
660 560
594 494
628 528
748 648
694 594
457 357
1035 935
696 596
562 462
888 788
721 621
636 536
760 660
859 759
664 564
300 200
402 302
666 566
1036 936
841 741
692 592
317 217
824 724
319 219
218 118
932 832
399 299
919 819
351 251
587 487
229 129
573 473
196 96
341 241
267 167
164 64
269 169
616 516
481 381
957 857
1076 976
318 218
867 767
590 490
937 837
604 504
507 407
807 707
303 203
442 342
487 387
575 475
835 735
275 175
806 706
886 786
435 335
271 171
140 40
332 232
921 821
988 888
231 131
966 866
259 159
1076 976
1078 978
353 253
153 53
719 619
949 849
742 642
578 478
560 460
119 19
318 218
330 230
318 218
553 453
767 667
436 336
1049 949
1031 931
189 89
688 588
588 488
549 449
668 568
666 566
626 526
372 272
960 860
983 883
104 4
831 731
872 772
180 80
834 734
313 213
359 259
277 177
370 270
972 872
106 6
726 626
524 424
1040 940
304 204
250 150
413 313
479 379
259 159
933 833
305 205
617 517
125 25
824 724
1051 951
1073 973
821 721
681 581
735 635
939 839
393 293
372 272
812 712
512 412
510 410
939 839
565 465
592 492
466 366
653 553
174 74
818 718
123 23
838 738
516 416
939 839
864 764
490 390
149 49
688 588
917 817
623 523
607 507
730 630
252 152
870 770
356 256
846 746
662 562
149 49
595 495
469 369
514 414
637 537
178 78
215 115
1012 912
315 215
159 59
1071 971
359 259
702 602
358 258
651 551
941 841
140 40
237 137
594 494
690 590
352 252
483 383
258 158
969 869
172 72
1039 939
277 177
382 282
767 667
980 880
583 483
579 479
915 815
554 454
119 19
830 730
845 745
656 556
439 339
295 195
714 614
509 409
402 302
680 580
419 319
199 99
770 670
1013 913
613 513
898 798
666 566
418 318
127 27
890 790
422 322
444 344
745 645
180 80
310 210
568 468
941 841
1022 922
1025 925
279 179
621 521
447 347
1075 975
331 231
369 269
697 597
1029 929
707 607
578 478
1003 903
1070 970
410 310
784 684
323 223
331 231
110 10
773 673
945 845
448 348
1005 905
332 232
158 58
827 727
193 93
697 597
859 759
497 397
1012 912
639 539
1006 906
1007 907
143 43
992 892
176 76
799 699
652 552
508 408
770 670
461 361
771 671
889 789
453 353
629 529
937 837
290 190
112 12
980 880
989 889
336 236
1012 912
815 715
477 377
818 718
156 56
539 439
685 585
914 814
952 852
1002 902
815 715
758 658
521 421
510 410
430 330
512 412
151 51
190 90
940 840
778 678
797 697
1051 951
948 848
137 37
926 826
693 593
298 198
837 737
441 341
311 211
374 274
234 134
840 740
947 847
439 339
590 490
975 875
195 95
500 400
535 435
703 603
837 737
574 474
960 860
226 126
410 310
1073 973
648 548
1073 973
1084 984
681 581
760 660
888 788
186 86
729 629
735 635
899 799
1041 941
575 475
156 56
1059 959
472 372
180 80
750 650
1017 917
1064 964
191 91
835 735
883 783
782 682
873 773
251 151
812 712
383 283
755 655
873 773
1053 953
743 643
379 279
998 898
801 701
917 817
806 706
369 269
247 147
831 731
455 355
607 507
200 100
941 841
598 498
307 207
361 261
852 752
691 591
418 318
730 630
226 126
474 374
253 153
1060 960
201 101
1017 917
660 560
506 406
843 743
859 759
916 816
718 618
1080 980
1081 981
101 1
741 641
182 82
231 131
986 886
1020 920
477 377
634 534
565 465
553 453
853 753
497 397
942 842
151 51
647 547
401 301
680 580
297 197
854 754
1010 910
137 37
311 211
648 548
951 851
996 896
142 42
756 656
1019 919
637 537
130 30
178 78
774 674
640 540
1079 979
697 597
864 764
414 314
1037 937
945 845
756 656
461 361
690 590
1030 930
437 337
754 654
1097 997
941 841
743 643
910 810
752 652
198 98
732 632
914 814
927 827
998 898
759 659
337 237
156 56
336 236
197 97
497 397
404 304
568 468
871 771
260 160
780 680
268 168
444 344
289 189
661 561
223 123
732 632
883 783
766 666
1091 991
335 235
875 775
171 71
665 565
427 327
1006 906
924 824
704 604
101 1
333 233
1048 948
793 693
951 851
309 209
880 780
379 279
703 603
331 231
480 380
775 675
184 84
470 370
784 684
914 814
857 757
376 276
705 605
338 238
404 304
810 710
458 358
1031 931
394 294
979 879
842 742
592 492
137 37
181 81
104 4
447 347
807 707
517 417
231 131
682 582
760 660
901 801
189 89
295 195
555 455
503 403
403 303
347 247
780 680
456 356
1070 970
727 627
1034 934
958 858
1051 951
903 803
504 404
336 236
546 446
672 572
449 349
585 485
193 93
686 586
772 672
848 748
258 158
335 235
872 772
959 859
991 891
888 788
632 532
445 345
721 621
961 861
447 347
442 342
327 227
879 779
655 555
695 595
116 16
1063 963
403 303
360 260
1041 941
466 366
933 833
935 835
290 190
833 733
722 622
934 834
445 345
542 442
993 893
873 773
292 192
980 880
530 430
973 873
260 160
893 793
867 767
273 173
270 170
502 402
910 810
160 60
418 318
728 628
790 690
119 19
324 224
246 146
152 52
785 685
511 411
238 138
303 203
693 593
885 785
302 202
319 219
600 500
161 61
189 89
1019 919
533 433
291 191
163 63
811 711
614 514
394 294
965 865
1037 937
493 393
353 253
369 269
203 103
211 111
416 316
714 614
725 625
372 272
739 639
1073 973
741 641
709 609
239 139
336 236
145 45
596 496
416 316
124 24
318 218
971 871
393 293
327 227
847 747
520 420
979 879
950 850
733 633
227 127
110 10
270 170
456 356
324 224
765 665
822 722
636 536
289 189
923 823
697 597
703 603
386 286
492 392
122 22
358 258
1057 957
871 771
636 536
920 820
321 221
239 139
381 281
666 566
338 238
329 229
631 531
425 325
549 449
904 804
835 735
886 786
770 670
1083 983
746 646
947 847
372 272
488 388
705 605
732 632
494 394
353 253
608 508
505 405
637 537
237 137
1055 955
383 283
577 477
778 678
1069 969
759 659
792 692
806 706
1063 963
886 786
929 829
413 313
738 638
243 143
306 206
813 713
285 185
344 244
287 187
589 489
229 129
944 844
400 300
996 896
214 114
702 602
405 305
310 210
299 199
1030 930
1016 916
792 692
939 839
557 457
999 899
341 241
552 452
1050 950
285 185
329 229
661 561
312 212
948 848
322 222
291 191
132 32
930 830
847 747
960 860
969 869
973 873
345 245
749 649
675 575
691 591
918 818
1074 974
304 204
1074 974
684 584
552 452
922 822
497 397
298 198
450 350
1042 942
697 597
1042 942
113 13
999 899
492 392
475 375
443 343
427 327
856 756
579 479
487 387
166 66
1024 924
1050 950
288 188
564 464
168 68
386 286
652 552
673 573
266 166
394 294
535 435
237 137
114 14
657 557
897 797
523 423
354 254
527 427
400 300
195 95
531 431
815 715
467 367
503 403
297 197
553 453
333 233
835 735
249 149
101 1
162 62
245 145
138 38
882 782
169 69
948 848
525 425
556 456
910 810
590 490
978 878
779 679
603 503
561 461
408 308
944 844
898 798
170 70
537 437
699 599
898 798
988 888
136 36
495 395
683 583
833 733
512 412
895 795
295 195
468 368
978 878
194 94
488 388
214 114
538 438
146 46
632 532
895 795
103 3
683 583
368 268
421 321
517 417
814 714
377 277
432 332
329 229
357 257
545 445
1006 906
480 380
401 301
1074 974
377 277
348 248
751 651
533 433
318 218
1100 1000
209 109
974 874
658 558
1039 939
488 388
860 760
221 121
573 473
472 372
911 811
328 228
866 766
308 208
406 306
426 326
656 556
672 572
621 521
150 50
464 364
853 753
560 460
177 77
236 136
366 266
558 458
327 227
884 784
602 502
748 648
437 337
883 783
131 31
1060 960
729 629
237 137
315 215
691 591
453 353
975 875
374 274
540 440
443 343
363 263
858 758
140 40
938 838
935 835
578 478
1043 943
695 595
849 749
355 255
363 263
431 331
697 597
462 362
105 5
184 84
1099 999
116 16
261 161
559 459
135 35
320 220
991 891
116 16
559 459
965 865
1096 996
819 719
692 592
392 292
154 54
275 175
1085 985
561 461
501 401
401 301
398 298
859 759
559 459
815 715
177 77
307 207
711 611
229 129
259 159
781 681
567 467
361 261
837 737
993 893
995 895
499 399
149 49
477 377
482 382
289 189
385 285
460 360
488 388
114 14
1072 972
828 728
365 265
414 314
829 729
325 225
910 810
634 534
1073 973
1014 914
918 818
194 94
395 295
649 549
632 532
774 674
158 58
534 434
836 736
311 211
287 187
1086 986
996 896
963 863
1098 998
902 802
1097 997
379 279
576 476
131 31
359 259
910 810
575 475
1068 968
594 494
287 187
230 130
891 791
251 151
290 190
739 639
510 410
955 855
692 592
580 480
986 886
578 478
975 875
486 386
863 763
772 672
452 352
461 361
158 58
994 894
915 815
560 460
662 562
248 148
671 571
760 660
422 322
728 628
565 465
429 329
518 418
1075 975
298 198
101 1
654 554
607 507
756 656
850 750
208 108
209 109
553 453
1015 915
1009 909
800 700
676 576
175 75
746 646
996 896
214 114
329 229
413 313
185 85
792 692
244 144
859 759
636 536
743 643
1019 919
562 462
616 516
960 860
573 473
1004 904
125 25
1059 959
125 25
763 663
711 611
309 209
144 44
664 564
822 722
333 233
1080 980
578 478
663 563
816 716
772 672
716 616
1014 914
207 107
641 541
1079 979
982 882
566 466
242 142
1071 971
359 259
176 76
135 35
986 886
643 543
598 498
789 689
250 150
821 721
542 442
242 142
236 136
630 530
136 36
603 503
137 37
550 450
444 344
348 248
650 550
699 599
455 355
1019 919
1080 980
736 636
573 473
281 181
1057 957
973 873
424 324
254 154
959 859
527 427
670 570
704 604
394 294
413 313
360 260
463 363
774 674
694 594
439 339
913 813
359 259
929 829
482 382
149 49
760 660
891 791
530 430
654 554
860 760
599 499
782 682
326 226
764 664
445 345
458 358
532 432
214 114
858 758
242 142
164 64
119 19
943 843
853 753
737 637
263 163
1041 941
221 121
1065 965
194 94
548 448
498 398
957 857
687 587
1068 968
198 98
451 351
242 142
858 758
403 303
451 351
1068 968
1080 980
633 533
762 662
1082 982
457 357
668 568
1014 914
619 519
648 548
377 277
823 723
722 622
123 23
617 517
270 170
820 720
451 351
735 635
213 113
155 55
883 783
363 263
866 766
385 285
627 527
289 189
306 206
728 628
744 644
107 7
358 258
390 290
961 861
755 655
828 728
487 387
169 69
741 641
228 128
842 742
492 392
841 741
245 145
893 793
151 51
902 802
212 112
997 897
353 253
362 262
440 340
293 193
1032 932
982 882
917 817
231 131
1065 965
582 482
580 480
673 573
824 724
543 443
939 839
303 203
600 500
1065 965
846 746
175 75
911 811
907 807
473 373
905 805
705 605
613 513
352 252
572 472
272 172
897 797
494 394
790 690
277 177
395 295
198 98
884 784
477 377
632 532
586 486
255 155
955 855
210 110
390 290
984 884
230 130
273 173
455 355
178 78
942 842
814 714
333 233
733 633
201 101
577 477
786 686
219 119
836 736
818 718
1030 930
115 15
800 700
572 472
169 69
428 328
707 607
893 793
979 879
299 199
1016 916
1099 999
1060 960
277 177
508 408
625 525
779 679
1048 948
238 138
598 498
285 185
595 495
882 782
990 890
149 49
1006 906
553 453
434 334
730 630
485 385
529 429
499 399
953 853
438 338
645 545
620 520
751 651
929 829
865 765
581 481
259 159
199 99
1100 1000
780 680
279 179
187 87
817 717
902 802
985 885
990 890
132 32
939 839
938 838
439 339
286 186
983 883
570 470
167 67
285 185
644 544
1021 921
457 357
476 376
557 457
1086 986
544 444
1034 934
742 642
271 171
252 152
745 645
159 59
146 46
716 616
781 681
159 59
143 43
1087 987
334 234
453 353
203 103
630 530
596 496
1058 958
489 389
713 613
1031 931
938 838
679 579
185 85
232 132
186 86
1008 908
669 569
872 772
579 479
777 677
783 683
443 343
500 400
803 703
470 370
239 139
982 882
444 344
246 146
487 387
216 116
1009 909
860 760
639 539
507 407
404 304
547 447
755 655
488 388
478 378
141 41
192 92
758 658
962 862
219 119
511 411
128 28
462 362
557 457
497 397
298 198
390 290
117 17
252 152
532 432
711 611
421 321
273 173
527 427
237 137
305 205
1046 946
444 344
465 365
663 563
575 475
404 304
1082 982
147 47
1020 920
794 694
902 802
191 91
166 66
1061 961
878 778
744 644
844 744
209 109
564 464
1059 959
413 313
1069 969
441 341
142 42
785 685
208 108
431 331
748 648
185 85
149 49
776 676
328 228
191 91
1029 929
634 534
627 527
266 166
1067 967
151 51
416 316
1066 966
682 582
941 841
940 840
725 625
675 575
214 114
603 503
116 16
1011 911
213 113
405 305
926 826
1089 989
606 506
936 836
838 738
469 369
664 564
687 587
555 455
332 232
835 735
552 452
364 264
1000 900
648 548
1052 952
838 738
181 81
953 853
1095 995
675 575
662 562
669 569
839 739
465 365
805 705
720 620
105 5
364 264
657 557
293 193
590 490
121 21
394 294
473 373
461 361
184 84
1000 900
350 250
147 47
388 288
305 205
232 132
245 145
251 151
946 846
519 419
758 658
621 521
949 849
1074 974
780 680
755 655
248 148
748 648
196 96
837 737
310 210
398 298
790 690
287 187
119 19
1081 981
931 831
1065 965
779 679
1054 954
826 726
266 166
628 528
348 248
115 15
736 636
664 564
660 560
947 847
663 563
821 721
124 24
109 9
996 896
800 700
903 803
546 446
116 16
958 858
374 274
799 699
814 714
371 271
549 449
1077 977
329 229
633 533
380 280
254 154
523 423
856 756
968 868
971 871
224 124
1012 912
1070 970
827 727
331 231
1068 968
1035 935
669 569
908 808
263 163
123 23
718 618
310 210
785 685
188 88
750 650
251 151
907 807
870 770
493 393
655 555
376 276
713 613
404 304
966 866
1011 911
323 223
333 233
403 303
142 42
405 305
500 400
406 306
262 162
1000 900
151 51
1064 964
834 734
497 397
1033 933
998 898
466 366
159 59
116 16
728 628
277 177
325 225
460 360
637 537
842 742
712 612
825 725
733 633
968 868
414 314
589 489
578 478
601 501
1081 981
732 632
1004 904
465 365
919 819
296 196
208 108
596 496
279 179
844 744
252 152
245 145
698 598
601 501
449 349
980 880
180 80
348 248
862 762
783 683
414 314
600 500
613 513
489 389
305 205
720 620
684 584
191 91
752 652
821 721
994 894
959 859
298 198
765 665
243 143
516 416
771 671
581 481
402 302
420 320
711 611
965 865
731 631
226 126
626 526
857 757
626 526
1063 963
503 403
881 781
331 231
340 240
930 830
430 330
383 283
618 518
964 864
924 824
855 755
1035 935
259 159
151 51
320 220
409 309
547 447
118 18
900 800
963 863
933 833
101 1
905 805
849 749
891 791
758 658
512 412
677 577
957 857
679 579
508 408
609 509
995 895
254 154
460 360
1023 923
927 827
497 397
1071 971
787 687
1061 961
1059 959
619 519
717 617
435 335
737 637
338 238
723 623
983 883
274 174
322 222
875 775
986 886
708 608
808 708
406 306
575 475
1100 1000
976 876
1057 957
223 123
741 641
227 127
572 472
484 384
826 726
845 745
405 305
384 284
814 714
529 429
743 643
785 685
808 708
612 512
731 631
603 503
589 489
699 599
929 829
1083 983
846 746
562 462
832 732
1092 992
832 732
370 270
769 669
591 491
522 422
382 282
154 54
931 831
1000 900
267 167
782 682
215 115
766 666
761 661
1057 957
664 564
209 109
1034 934
554 454
708 608
1064 964
613 513
1033 933
153 53
240 140
759 659
295 195
746 646
124 24
264 164
757 657
863 763
331 231
925 825
269 169
1049 949
228 128
455 355
637 537
911 811
364 264
264 164
146 46
951 851
104 4
389 289
1000 900
492 392
902 802
324 224
168 68
560 460
550 450
1003 903
226 126
447 347
158 58
738 638
498 398
201 101
586 486
687 587
551 451
897 797
435 335
981 881
262 162
310 210
206 106
343 243
845 745
1069 969
1069 969
398 298
532 432
353 253
259 159
693 593
734 634
553 453
665 565
757 657
116 16
172 72
710 610
322 222
603 503
419 319
611 511
161 61
852 752
794 694
155 55
484 384
569 469
901 801
929 829
236 136
792 692
636 536
277 177
1058 958
311 211
747 647
599 499
626 526
215 115
128 28
1084 984
1004 904
918 818
609 509
333 233
984 884
524 424
665 565
1076 976
701 601
471 371
423 323
506 406
622 522
434 334
292 192
884 784
203 103
776 676
551 451
268 168
967 867
527 427
702 602
532 432
883 783
631 531
411 311
437 337
1094 994
777 677
272 172
637 537
151 51
1100 1000
489 389
479 379
337 237
203 103
821 721
885 785
697 597
1043 943
592 492
512 412
431 331
672 572
480 380
928 828
359 259
871 771
826 726
1039 939
155 55
694 594
601 501
119 19
559 459
600 500
890 790
476 376
104 4
789 689
734 634
876 776
217 117
574 474
701 601
675 575
908 808
1053 953
644 544
243 143
642 542
610 510
690 590
321 221
927 827
715 615
917 817
699 599
717 617
667 567
132 32
645 545
979 879
827 727
792 692
658 558
785 685
407 307
188 88
664 564
1011 911
431 331
646 546
668 568
680 580
981 881
1097 997
749 649
1037 937
846 746
1088 988
493 393
451 351
337 237
761 661
617 517
730 630
621 521
460 360
313 213
1008 908
920 820
303 203
299 199
579 479
913 813
351 251
114 14
262 162
903 803
1005 905
548 448
267 167
307 207
962 862
186 86
469 369
223 123
281 181
320 220
865 765
258 158
351 251
1044 944
1009 909
524 424
745 645
411 311
668 568
499 399
947 847
159 59
638 538
353 253
640 540
333 233
199 99
412 312
523 423
890 790
346 246
949 849
265 165
302 202
644 544
652 552
152 52
753 653
231 131
888 788
472 372
993 893
571 471
213 113
725 625
598 498
784 684
542 442
478 378
1029 929
634 534
186 86
173 73
112 12
640 540
418 318
771 671
358 258
227 127
624 524
512 412
679 579
1072 972
524 424
923 823
568 468
763 663
464 364
884 784
181 81
688 588
499 399
596 496
996 896
270 170
251 151
253 153
726 626
299 199
467 367
252 152
937 837
358 258
740 640
383 283
224 124
389 289
672 572
708 608
508 408
563 463
458 358
280 180
995 895
429 329
984 884
321 221
623 523
394 294
538 438
225 125
378 278
725 625
125 25
527 427
829 729
896 796
1096 996
251 151
1056 956
967 867
288 188
222 122
619 519
470 370
135 35
940 840
411 311
215 115
295 195
975 875
929 829
1012 912
884 784
185 85
1004 904
1069 969
199 99
814 714
543 443
1071 971
838 738
843 743
813 713
298 198
209 109
735 635
488 388
141 41
936 836
740 640
361 261
831 731
793 693
322 222
553 453
636 536
589 489
265 165
614 514
411 311
170 70
224 124
434 334
873 773
811 711
1023 923
734 634
380 280
235 135
357 257
371 271
1061 961
552 452
367 267
769 669
338 238
228 128
910 810
384 284
271 171
624 524
388 288
243 143
489 389
1089 989
666 566
1094 994
174 74
380 280
913 813
492 392
149 49
573 473
275 175
331 231
854 754
995 895
557 457
1043 943
997 897
648 548
612 512
777 677
168 68
940 840
336 236
458 358
674 574
641 541
993 893
858 758
715 615
642 542
957 857
789 689
638 538
116 16
172 72
821 721
392 292
718 618
1016 916
1058 958
904 804
365 265
756 656
647 547
479 379
352 252
167 67
705 605
380 280
363 263
461 361
835 735
1084 984
278 178
371 271
516 416
589 489
541 441
356 256
498 398
982 882
107 7
325 225
104 4
629 529
127 27
610 510
739 639
1100 1000
513 413
291 191
602 502
913 813
326 226
998 898
427 327
520 420
270 170
570 470
811 711
719 619
223 123
477 377
1046 946
565 465
723 623
987 887
412 312
864 764
836 736
155 55
108 8
827 727
1015 915
944 844
122 22
744 644
750 650
281 181
931 831
271 171
608 508
645 545
634 534
539 439
515 415
647 547
996 896
517 417
1082 982
305 205
293 193
600 500
489 389
432 332
901 801
920 820
437 337
516 416
589 489
343 243
833 733
954 854
371 271
166 66
1042 942
336 236
1054 954
668 568
148 48
1069 969
1019 919
806 706
494 394
395 295
981 881
267 167
1017 917
873 773
475 375
379 279
110 10
761 661
548 448
827 727
228 128
938 838
630 530
504 404
641 541
843 743
411 311
334 234
416 316
629 529
573 473
291 191
481 381
932 832
752 652
637 537
102 2
466 366
237 137
980 880
449 349
1040 940
200 100
845 745
763 663
137 37
167 67
772 672
543 443
909 809
395 295
782 682
317 217
1079 979
1011 911
400 300
459 359
611 511
955 855
832 732
398 298
968 868
716 616
718 618
430 330
869 769
260 160
286 186
903 803
684 584
150 50
932 832
308 208
816 716
685 585
572 472
630 530
372 272
1051 951
598 498
754 654
465 365
1086 986
683 583
912 812
579 479
905 805
998 898
799 699
233 133
600 500
746 646
743 643
1015 915
644 544
155 55
1070 970
313 213
1087 987
723 623
988 888
975 875
746 646
613 513
498 398
456 356
610 510
686 586
725 625
116 16
794 694
1084 984
1033 933
522 422
593 493
454 354
120 20
314 214
204 104
990 890
330 230
312 212
1062 962
127 27
150 50
869 769
451 351
935 835
598 498
332 232
964 864
354 254
328 228
742 642
813 713
576 476
177 77
1019 919
507 407
1012 912
597 497
854 754
369 269
834 734
129 29
1067 967
297 197
141 41
498 398
359 259
847 747
1026 926
486 386
940 840
225 125
644 544
511 411
1008 908
459 359
325 225
944 844
169 69
680 580
221 121
208 108
623 523
938 838
778 678
508 408
693 593
914 814
765 665
521 421
414 314
1099 999
1092 992
607 507
696 596
657 557
458 358
745 645
624 524
671 571
263 163
632 532
1042 942
526 426
637 537
487 387
282 182
330 230
304 204
346 246
308 208
637 537
753 653
816 716
948 848
663 563
632 532
1047 947
203 103
733 633
971 871
934 834
1032 932
1038 938
607 507
429 329
1086 986
581 481
713 613
1057 957
423 323
505 405
690 590
789 689
477 377
432 332
1005 905
786 686
1032 932
1089 989
574 474
750 650
706 606
193 93
489 389
219 119
771 671
382 282
460 360
550 450
945 845
103 3
746 646
424 324
199 99
644 544
709 609
1057 957
601 501
834 734
864 764
368 268
698 598
799 699
342 242
271 171
490 390
251 151
161 61
379 279
359 259
991 891
619 519
242 142
926 826
480 380
1042 942
453 353
382 282
811 711
996 896
1029 929
1082 982
709 609
376 276
161 61
401 301
498 398
1052 952
485 385
956 856
731 631
528 428
959 859
355 255
325 225
823 723
307 207
380 280
428 328
1037 937
1071 971
137 37
647 547
1001 901
728 628
556 456
948 848
1096 996
643 543
690 590
964 864
555 455
328 228
610 510
185 85
767 667
768 668
929 829
1036 936
151 51
855 755
483 383
932 832
440 340
1028 928
1015 915
185 85
897 797
342 242
647 547
886 786
1100 1000
945 845
435 335
580 480
885 785
350 250
897 797
347 247
399 299
288 188
443 343
515 415
381 281
595 495
382 282
249 149
364 264
855 755
178 78
950 850
234 134
114 14
226 126
761 661
962 862
323 223
290 190
749 649
440 340
890 790
824 724
861 761
371 271
518 418
801 701
1059 959
564 464
727 627
505 405
768 668
330 230
529 429
253 153
798 698
1023 923
586 486
913 813
409 309
786 686
834 734
1025 925
851 751
121 21
489 389
158 58
439 339
395 295
672 572
1000 900
102 2
1056 956
973 873
186 86
357 257
446 346
1065 965
527 427
512 412
321 221
646 546
302 202
535 435
517 417
986 886
524 424
478 378
1043 943
905 805
983 883
1027 927
390 290
687 587
147 47
433 333
369 269
722 622
875 775
785 685
479 379
349 249
221 121
768 668
462 362
985 885
634 534
107 7
928 828
471 371
488 388
999 899
1008 908
649 549
494 394
405 305
382 282
166 66
532 432
218 118
543 443
1020 920
837 737
397 297
684 584
527 427
306 206
522 422
428 328
344 244
948 848
371 271
905 805
633 533
437 337
102 2
588 488
724 624
619 519
322 222
462 362
435 335
330 230
675 575
493 393
515 415
453 353
717 617
375 275
858 758
945 845
365 265
477 377
287 187
302 202
274 174
1071 971
320 220
531 431
411 311
608 508
182 82
925 825
370 270
326 226
782 682
819 719
1046 946
640 540
737 637
1073 973
1062 962
580 480
202 102
447 347
777 677
636 536
239 139
942 842
747 647
740 640
977 877
311 211
866 766
787 687
678 578
679 579
719 619
268 168
1022 922
778 678
135 35
344 244
858 758
579 479
329 229
849 749
616 516
149 49
1002 902
277 177
659 559
905 805
468 368
445 345
408 308
669 569
725 625
1026 926
155 55
373 273
1012 912
843 743
160 60
985 885
982 882
916 816
869 769
251 151
694 594
175 75
404 304
963 863
732 632
736 636
855 755
745 645
700 600
959 859
524 424
917 817
191 91
455 355
512 412
1030 930
1071 971
950 850
688 588
382 282
859 759
649 549
650 550
215 115
234 134
494 394
810 710
565 465
213 113
253 153
456 356
750 650
1085 985
715 615
439 339
946 846
1092 992
284 184
825 725
115 15
1055 955
404 304
1061 961
537 437
256 156
1043 943
163 63
1029 929
731 631
635 535
870 770
488 388
646 546
623 523
1088 988
615 515
1099 999
145 45
188 88
757 657
970 870
848 748
348 248
149 49
767 667
469 369
402 302
474 374
444 344
240 140
636 536
382 282
295 195
916 816
577 477
563 463
755 655
627 527
287 187
633 533
484 384
847 747
1055 955
1021 921
820 720
799 699
809 709
418 318
131 31
954 854
953 853
1038 938
115 15
763 663
1099 999
460 360
1041 941
288 188
258 158
785 685
1079 979
809 709
836 736
925 825
783 683
250 150
537 437
432 332
714 614
677 577
482 382
839 739
831 731
855 755
799 699
714 614
983 883
597 497
793 693
619 519
1004 904
539 439
750 650
1060 960
698 598
744 644
794 694
861 761
1062 962
410 310
818 718
754 654
819 719
1073 973
564 464
741 641
699 599
651 551
827 727
565 465
794 694
724 624
239 139
314 214
415 315
535 435
537 437
483 383
1092 992
549 449
404 304
454 354
172 72
728 628
654 554
955 855
812 712
125 25
685 585
134 34
802 702
661 561
351 251
168 68
258 158
1014 914
994 894
433 333
856 756
394 294
691 591
868 768
687 587
548 448
186 86
798 698
664 564
842 742
185 85
132 32
222 122
771 671
1093 993
816 716
142 42
183 83
198 98
263 163
237 137
1053 953
489 389
771 671
305 205
757 657
740 640
848 748
457 357
899 799
641 541
389 289
729 629
348 248
812 712
130 30
525 425
849 749
247 147
840 740
822 722
453 353
205 105
744 644
1099 999
908 808
482 382
172 72
959 859
522 422
313 213
476 376
360 260
1052 952
160 60
983 883
1008 908
807 707
798 698
719 619
764 664
764 664
189 89
966 866
954 854
261 161
763 663
994 894
1063 963
807 707
714 614
243 143
1014 914
707 607
246 146
421 321
205 105
187 87
511 411
999 899
930 830
165 65
260 160
262 162
786 686
751 651
312 212
558 458
114 14
679 579
945 845
303 203
1079 979
381 281
258 158
208 108
1039 939
529 429
627 527
882 782
818 718
186 86
775 675
963 863
1035 935
850 750
339 239
350 250
417 317
411 311
558 458
420 320
723 623
437 337
715 615
121 21
512 412
696 596
531 431
1093 993
739 639
1097 997
280 180
1061 961
957 857
907 807
740 640
981 881
597 497
227 127
657 557
1085 985
498 398
623 523
770 670
717 617
362 262
147 47
525 425
1094 994
275 175
9272 6383
5321 5772
8001 5582
6067 8498
6644 6641
8079 8954
9993 8070
6066 7448
8525 6813
9779 8805
7528 7880
5834 7824
8697 8838
7895 5335
8483 9433
5151 6045
9563 8164
6319 9661
8152 6605
6789 8930
5842 8192
8842 9864
7454 6802
5506 5138
9483 9897
7005 9112
8147 6087
9937 8601
7935 6592
8136 6148
8547 8726
6903 5917
6343 5376
8629 5673
5825 9445
9445 8151
6637 6541
9529 8411
8935 5055
6150 9754
5478 7805
9331 7344
6689 9248
5168 8681
5971 6997
7513 8974
6719 7131
9771 6527
5671 6924
8136 9792
5732 9061
6946 5850
7439 9950
5395 7058
7932 8089
7471 8207
6719 6547
7066 9350
9191 9455
5139 6351
7501 9092
6708 5799
6391 8314
9760 9450
8154 9135
7054 5924
5957 8495
9435 7593
7479 9577
6323 6048
9674 7245
8856 6130
6810 7536
5719 7551
6863 7736
5510 9773
5930 6831
9196 7222
7549 5672
8009 5338
7306 7125
5635 7827
6243 7074
7379 8497
6382 7864
5129 6680
8204 8839
8443 8365
8547 8404
7722 8606
6865 6275
7583 9317
6583 9439
7882 9224
6486 8947
6361 5660
7877 8544
5885 7017
8552 8373
9104 7686
7108 7025
6191 9829
5206 8447
8588 9440
7798 8540
6003 5826
5485 8467
7774 6034
8706 5990
8109 6768
7225 6155
5140 7643
9692 9422
5574 6678
9553 6311
8912 7782
9950 5112
7645 6806
8123 5881
8371 9445
5263 8860
8636 8382
7605 6026
9672 8525
5400 8406
9622 9628
8110 5237
8432 5291
5962 5664
7577 5695
9445 8766
7455 8346
6177 7547
6927 8311
6410 8711
6421 5897
8028 9774
9510 6424
9795 9832
8769 6743
9369 5652
8484 6137
5157 7296
5230 6767
5263 5835
6576 8243
6549 8883
5504 6468
9960 9293
5876 6558
6953 9570
7052 8812
9680 9493
5652 9661
5825 6162
7292 7920
7214 5407
7503 6582
7607 5060
9685 8935
8115 5081
9350 8833
6278 8747
8870 5039
8145 7596
9852 6387
7200 6320
7802 5818
6649 5816
9504 9947
5649 5309
9591 9362
6426 8326
8297 8585
9915 7532
9128 8477
7260 9914
7837 8121
8910 8548
9818 7212
5055 8708
7375 9578
6634 6151
5450 5440
6757 9708
8556 9381
6059 7579
8712 9456
5861 5176
9472 6162
7566 5323
9487 6699
7364 7856
9279 5132
7356 8681
7872 7724
5590 9368
8668 9973
7399 8905
8935 6479
9747 9708
5575 5051
5558 5746
7206 5281
7319 8280
9197 6479
7601 9809
7851 5191
8113 9274
5032 7499
6472 5555
6692 8652
7186 7769
6242 9539
5676 7710
9286 6037
7211 6592
7488 7105
6779 5774
5097 6219
7624 8432
5028 5441
6655 5866
7703 5391
6576 8281
5007 5109
6101 6933
7286 8440
6268 8131
5201 8477
6862 9880
8151 7009
8963 6617
8458 8120
9982 9611
9503 8906
6727 7927
7363 5980
7250 6655
6007 8910
5017 8320
6015 9178
7807 5713
5750 9143
7738 5287
9117 7471
8124 5648
5045 9827
9750 8148
6202 5804
9372 9168
9461 6192
6606 9228
6063 6830
5323 8196
6382 7661
6281 7322
7143 5132
5946 5999
5274 8754
6167 8956
8714 8545
9671 6153
7660 6910
8714 9676
7986 5578
5542 8323
7738 8729
8821 9535
8145 9184
6073 5203
9819 9379
7107 9571
5631 8446
9124 7773
8400 6947
6181 8481
5515 6101
9708 5428
5412 9214
7184 6969
5334 8305
6057 9355
8169 8326
9428 5736
8646 8140
5452 5162
6614 7024
5726 6798
5527 9985
6640 9216
5751 9931
5207 7953
5772 7852
7510 5328
8944 9523
8461 9489
5769 6050
9680 7910
6574 5429
7863 6350
8932 5436
7644 8733
7552 7133
8014 6214
6900 5185
9608 7678
8283 5371
8200 7637
8004 6928
6500 9579
8061 9074
9783 7860
5851 6819
5632 8654
7528 6334
6149 9936
5133 6426
8583 8281
7665 6972
8245 8092
7123 6796
9076 7644
7322 8408
6063 7436
9814 7851
7335 5352
8149 8144
6583 7978
7972 8601
6706 8684
7007 9869
7384 9887
7914 5618
5879 8741
6950 5436
7990 5401
6911 9874
6950 5637
9207 6384
6801 9822
8360 6552
7760 8553
7011 7617
8227 7722
7662 8147
6090 9744
7330 6297
9482 8070
9664 9799
8407 5366
8454 5098
6204 7827
6553 7113
6971 8370
9275 5140
6107 8279
6709 7607
7840 8218
9265 9454
5688 8751
5196 6179
5767 8353
8747 7149
8361 5905
6587 5875
6378 8509
6483 9419
8441 9556
5853 8983
8488 5680
9017 8904
7174 6090
6200 7130
5264 7262
8133 5013
5287 8532
5479 6830
8584 9689
8303 5057
7583 9025
6940 9310
7200 7810
9907 8956
5968 7301
6130 5230
6194 6671
8778 8674
9538 7132
6655 7735
7573 8561
5924 5527
8751 6172
6744 7615
5569 7612
8341 9569
9307 9023
8146 6339
6319 7894
5631 8766
5331 6827
7477 8018
8851 6480
7555 7024
5997 6193
8825 9726
8585 5183
8170 5294
7724 9588
9396 5115
8868 8326
6207 8270
6983 5378
7809 8798
6136 5236
9557 5608
7867 5333
7607 6232
9762 9868
6333 8417
8085 8962
7887 7135
8337 6887
8859 7486
8847 7598
9383 7367
5238 6587
9831 9418
9780 9617
8447 8794
7807 6806
7877 6579
8824 7365
9489 5969
9216 8655
8468 5902
5769 7916
6152 5754
8837 8015
7949 8284
9934 6015
6482 6184
7498 6316
7760 9324
7357 9151
8814 8289
8225 5634
8628 7683
9012 6216
9749 8201
7441 5719
6400 6729
6161 9345
5558 5825
9475 9521
8952 8798
9295 6428
9807 7477
9322 9088
6205 8691
7339 8206
7075 6684
6636 5799
5878 8114
8220 9193
8338 6080
8299 9411
5942 7491
8164 9947
5967 9495
8185 6235
7929 9953
9385 5827
8039 8355
6246 7726
6470 9965
8544 8336
5739 5736
8384 7076
5107 6892
6199 7106
6803 9559
6352 6534
6209 6388
6262 9322
6761 9834
5091 7076
5290 9842
6723 6200
8331 8925
9874 6271
9731 8441
6293 6712
7221 9944
5875 9946
7504 9163
5872 5904
5333 7546
7120 7784
6178 6946
5739 8231
5964 8274
6992 9537
5282 6948
5807 7782
8237 7394
7750 6615
6918 9593
6338 7075
7886 8285
5689 7913
9244 8479
9215 9314
9108 8606
9031 6138
5896 7188
8713 9633
7702 5042
6031 6274
5219 6864
5727 7926
6446 7525
5787 9290
7816 8888
8556 9137
6848 7956
9103 5759
7248 6338
9642 9087
8687 8630
7546 7155
6235 6882
9367 5942
9789 9501
6212 7106
9182 8060
6603 6202
8082 7321
7239 5633
5053 7124
7393 9353
6710 5013
6812 7752
8755 8719
9201 7340
8205 8058
6596 5195
6207 5017
6265 5775
5557 5513
8768 8747
6847 7715
5885 8367
9724 7069
6917 7100
8427 7814
9806 5625
5775 7380
7284 5234
5138 6818
8203 7794
6130 9596
8761 5819
5035 5210
6242 6397
8528 7310
6227 9057
7641 8102
6991 5638
9066 7568
9382 5706
7984 9875
6114 7984
7610 7936
9304 8792
9072 5148
5706 9032
7566 6299
7248 7500
7307 8892
5679 8782
9268 5654
8616 9864
9792 9067
8555 6772
5180 5577
7144 7104
8991 6926
8057 5384
5232 7873
8644 9270
7197 8687
5979 6349
9651 8923
7007 9267
5091 9282
5101 6744
9265 6733
5373 9862
6524 9891
6334 8134
5336 5817
8574 9779
8938 8460
5947 8437
7551 7906
8480 8506
7879 6914
7456 8213
7889 6959
5960 7202
9888 6821
7989 9544
5240 7183
8601 7315
8032 7336
7843 8680
8520 5611
9204 6940
8638 6055
8797 5710
6750 6198
8727 8751
8126 6413
6235 5013
8974 5271
9920 7399
9867 7951
7120 9242
9076 7015
9965 8422
7208 7432
9544 8843
5982 7132
6208 5015
8886 7974
7869 9093
7322 8560
7352 9521
9646 9548
8065 8367
6027 6253
5291 7204
9506 6112
5647 5845
9406 7692
5728 8829
5293 6561
8226 7691
8347 8323
8338 8747
5781 8658
8135 6071
7077 8168
6255 7382
5349 6284
5236 9845
5667 9091
7255 7878
6351 6885
5769 8484
8696 7133
8107 5386
5178 7360
7035 6286
6841 8226
7960 10000
7008 7575
9348 7941
7817 8767
6830 8066
6573 8223
9215 7717
6669 9497
7622 8110
7376 9005
8373 9725
8681 5040
9072 7097
7876 9710
6583 6488
7898 7328
7409 9240
5850 9141
6752 9515
8743 5550
8080 5868
5119 9208
5863 6976
5440 9715
7282 9709
6093 5312
9094 7084
7415 5634
8870 6080
9593 8790
7078 7979
6413 6728
9743 6547
7783 7414
5998 6871
8925 5435
8984 8289
8846 6095
8981 7132
8226 8346
9565 7746
8175 9398
9247 9306
9648 5396
6467 8867
6869 5301
9353 8031
7230 6394
6179 5630
7460 5255
5340 8336
7923 7536
7565 8816
8217 7641
7530 8771
7662 6206
6107 5265
9770 7794
8572 6575
8491 9614
7569 7830
7853 5826
5973 9515
7275 6757
8829 6956
8560 7576
7758 9740
9024 8601
6940 7960
9618 9601
8050 8249
6849 9605
8352 7037
9701 5911
8518 8645
9844 5170
6442 9533
7935 6280
7938 6958
5415 8395
8679 9527
5902 8533
6254 6913
9010 6278
6437 6252
9233 6694
5623 8591
5501 7964
8186 6188
8865 7437
7854 7345
8796 6644
6808 5015
5786 5873
7344 7287
8673 8481
7287 5238
6090 8337
8967 7145
6087 7229
8103 8043
5723 5867
7844 7115
9913 6217
9745 8575
7838 6592
5697 9171
5552 5737
6905 9667
5279 9550
5697 5889
6643 9429
6413 8036
7048 7733
8229 9865
5619 7492
7288 9914
9291 7673
9873 5426
5265 5074
8306 8192
5695 6189
5076 5140
9543 9622
9459 5146
7497 7892
6769 5933
8012 9209
5905 9155
5180 5736
5469 8503
8455 8506
7825 8520
6944 7657
5923 8013
7483 5461
7243 5451
6262 6643
6082 5908
9679 9664
5921 7935
9127 7670
6814 5869
7003 8398
5996 5709
9673 9020
8820 7790
8303 7173
8413 8891
5813 8192
9768 8117
5940 7620
7492 7433
5915 5198
8098 9881
9910 5098
8965 8733
6642 5566
8321 7084
9529 9869
7071 6820
8995 9392
8843 6744
6621 9505
6581 8864
7518 5058
6979 7440
5710 5816
5178 6172
9505 8069
5715 6548
9215 8808
5770 7279
5116 6158
7417 7619
6016 5289
9670 5061
9591 8607
6681 9336
6211 6437
6354 7484
5038 9285
6381 6436
8892 6926
8638 6342
9580 7182
5691 9397
9284 5205
9567 8622
5089 7321
7389 7490
9459 6546
7545 7383
9004 9895
8494 7060
7856 5477
8966 5838
5195 5117
6241 7576
8294 9350
5416 5975
5674 6872
8604 9293
8463 9550
8921 6895
7161 9912
9644 8040
8008 6542
7183 9626
7321 9086
8095 8547
5409 5068
8381 5051
9263 8512
8713 6521
8355 8780
7292 6593
9416 6334
5570 5430
6177 6705
9182 8243
9352 9262
5963 8121
7084 6773
8393 5775
8865 5083
5007 7348
8968 9662
7069 5238
6828 7498
7284 6951
6093 6760
8317 6671
6651 8066
6218 8892
6943 8493
8906 7157
7871 8902
7278 8280
9348 9177
6714 7300
8005 8702
7110 9707
8791 8360
7347 6822
8060 5154
8644 9238
6633 5596
7955 7279
9777 9696
8589 9111
5147 6256
8743 7940
7190 7008
7561 6090
8707 8196
6263 5116
9045 8538
7589 6538
6251 8248
8994 9336
9889 8725
7252 7431
7900 5359
8088 6838
8630 6315
9014 9711
9689 8881
9663 5813
5774 9104
7255 6092
6036 5979
7538 8620
9356 5646
9799 5506
5540 7415
6375 8010
7016 7431
6149 8465
8003 5233
8420 8231
6973 9554
8526 7261
8060 6198
5559 5736
7503 7946
7665 7106
8380 5727
9876 9201
6789 6149
6671 6657
9066 6998
9204 7269
8852 6205
9123 5298
5584 9703
6554 7231
9625 9651
8730 6078
8501 6919
5150 6485
5869 8748
8359 8523
6622 5351
5635 9872
9354 6885
5439 9394
9835 8104
7688 8984
7869 9773
6065 6830
9052 9398
6401 5367
7119 8639
9491 7683
5612 5056
5132 5869
9748 8747
5604 8485
5734 9881
8464 9323
7043 7806
9805 6594
8070 6554
6814 5878
7978 8568
7605 7307
5210 8995
7863 9082
9976 8305
5436 9144
8965 8236
7228 6684
6751 9686
7292 5882
8075 9447
5224 5997
5601 8257
7372 8956
6101 8872
7291 6607
9993 9058
8676 8665
7945 6808
8229 5762
6662 7541
7152 7579
5395 6337
8075 6164
5593 6916
8085 7486
7687 5516
8796 7830
6145 5692
7264 9232
8922 9915
9743 8063
6887 9359
9996 6961
8423 5235
7736 6772
8783 7913
7631 8632
6143 5123
5411 8944
7540 5433
6800 8788
8035 7049
8279 6389
7005 9413
8449 9508
6362 8816
5513 8189
5732 9897
9866 6768
5954 5114
8419 7286
8160 6748
9378 7918
7267 8413
7254 5462
6781 7320
5326 6897
8251 7129
8845 9812
7229 7905
7357 5046
8219 8699
7423 6581
5134 8647
5910 9665
5200 6873
7658 8037
5014 5041
7963 5117
6465 7824
9693 7151
5671 7415
7111 7115
5300 5721
9809 9340
5046 5626
8410 5155
5854 5619
7929 9845
9824 7700
7642 5243
5975 9875
5102 6543
8099 8745
8938 7905
6098 9478
6443 6608
9901 5327
5393 7800
6281 5684
7546 7721
6095 6790
6547 5250
5282 6705
6889 6449
5576 6182
8616 8037
7733 8666
5942 8510
7639 9094
5410 7194
8356 6323
9738 6870
5547 9218
5831 7067
7674 9547
7478 7932
9903 8790
5786 9054
6988 7236
5639 6362
5121 7575
6513 8776
5035 6245
8788 8294
6463 7668
7319 5295
9496 8218
8649 5361
8539 5081
5357 5869
8651 6126
6398 9519
9222 8721
6809 5777
8549 7931
7956 7280
7179 9991
5054 5743
6329 9640
8587 7442
7512 7645
7509 8354
7829 9750
5794 8418
7832 8893
5632 9783
5031 6608
9660 6894
8859 8486
6683 9693
7591 9855
8198 9689
6618 7781
5552 6397
8415 7781
5451 6657
6913 5464
9605 5324
6564 8051
6254 8565
9660 8482
7077 8550
6713 7465
9046 6518
9451 9746
8291 7270
9696 7340
9217 5855
8413 7132
5610 5212
7310 7754
5420 5939
9811 6578
7430 6174
6096 7276
7261 7164
7911 9636
9253 9752
7182 6219
6419 5820
8715 6212
8842 5401
5908 6196
7404 9144
7894 5839
6590 9485
6564 6315
7336 9338
8001 6133
6745 8164
8750 6947
5126 7971
7335 7783
5102 8285
9042 5187
8409 7076
5283 8635
9885 5528
5626 5545
8980 9793
8639 6508
9828 9583
7529 8607
9286 6327
9015 8819
9388 5832
7654 9496
5198 6750
9400 9414
6206 9372
8950 9415
8595 7304
9997 7762
7013 5706
5170 7394
5180 8143
6995 9761
5857 6764
9686 6728
8931 7718
9482 6721
8206 7558
9614 8332
9302 6843
5309 7233
9762 6893
8014 6941
9690 6097
7961 9614
6374 8516
9448 7315
5644 6920
6818 5587
7330 8941
9931 6353
5503 7235
7359 7638
6711 7786
5470 7209
5246 9855
9675 9698
5338 8001
9637 6250
9379 5681
6778 8239
6370 9613
7356 6056
8731 6952
9490 5899
6697 5198
8840 6066
8949 5202
9667 6406
7311 6626
6715 7006
5021 7509
6720 9695
8026 7549
6345 9982
8770 6594
5383 5972
8527 6772
5790 6690
9367 6646
5323 7687
6307 5142
7727 8888
6293 5352
5297 9604
5356 9460
8996 8758
6256 6228
9333 5280
8679 7909
5937 7701
9255 9309
8814 9757
8894 5187
5810 7892
7296 9320
5664 7475
9913 8770
6612 9745
8903 5080
5099 8623
6319 5419
5101 9794
9283 5606
6050 5443
9076 6403
6136 7052
6990 5892
7748 7315
5894 5491
7830 8678
7425 8798
8490 5871
9893 6009
7401 6859
5760 5239
6873 8999
9635 5333
5556 7931
6329 8752
5048 7102
5640 9344
5342 5708
7918 6130
6762 8275
5933 5649
6146 6019
8116 6371
5324 5888
7589 6663
8748 5035
6659 7253
7741 7680
7231 8585
6409 7514
8426 5674
9621 5188
6389 6179
8454 7249
5504 5791
6341 6974
5481 8256
5889 7438
9841 8340
9806 6900
5982 7940
8063 5703
7546 5394
6755 8853
8071 9030
6252 9364
9666 7920
8182 8606
6057 7629
9054 5968
9664 5354
9617 7083
8639 7809
7894 5891
8205 7241
5328 7853
5397 6892
9950 5529
5499 8975
5113 6814
6032 8089
6000 7770
7592 9591
7026 8169
5135 6824
6578 8769
8265 5166
5786 7898
8877 7879
7542 6684
5076 6346
7454 8410
6195 6098
9251 7740
9249 5571
8912 7284
7204 8616
5564 5544
6795 7456
6597 6657
8063 6056
9024 5920
8747 9055
9171 6497
9727 6403
9158 5465
8312 8355
6261 6746
9589 6128
7366 5479
6549 5720
7754 6640
7172 7173
8737 9651
9424 8955
7864 7352
7158 6632
7165 9196
8540 7852
7583 8227
5716 8364
6676 7504
9569 6931
7725 8637
7674 8944
7099 6603
9962 5304
8381 5253
8124 9288
7429 8615
9021 5376
9594 9351
7754 8638
9934 9374
5453 8774
8064 7346
9615 5903
5989 7976
6465 6992
5763 9117
9676 6888
7768 7830
6894 5551
7178 9585
6358 5149
7596 8342
8713 7159
6988 7321
6874 7983
5204 5284
5685 8575
8998 7598
8555 7549
7588 5171
7836 7919
7781 8696
6442 9994
6360 5323
5119 8304
5289 9485
6901 7910
8457 9825
5993 9371
7330 8457
7583 5120
8113 6661
9279 9845
8156 5824
8266 8478
6795 6027
5569 8331
5741 6885
9934 8771
9424 9809
6809 5968
9204 6203
6684 6945
9835 7697
5579 9747
5779 9217
6718 9848
9206 8124
9524 7994
7811 8875
7878 7467
9789 5487
7525 6057
9334 5780
7705 8627
7200 9296
8140 6227
7101 8261
9635 6417
8952 5466
5897 5498
5710 5805
6105 5101
5940 7046
5498 6470
9204 5788
7616 9902
5713 8778
6995 8263
7407 5044
8549 9895
5449 9325
9195 6091
7247 6470
8701 9911
7685 9964
5027 9416
6894 6097
5962 6028
5149 7738
9725 7396
5207 9968
5549 6612
7908 9804
5562 6165
7769 5396
6332 7322
8593 7111
8080 7071
6693 9343
8898 5861
5963 8034
8317 6515
7274 6883
7632 8633
7305 5242
7104 9701
9299 9736
5130 8584
6749 9778
9552 9663
7824 9454
9896 6092
5565 6821
8591 6140
9834 6330
8634 6444
8258 7549
6651 9966
9388 5255
7952 7624
6965 6330
9597 7428
8640 9325
5097 7311
5045 8326
5508 8488
6692 5531
8286 5280
8764 8278
7689 7563
5248 5655
5342 7593
7034 7552
8233 8483
6395 8797
6515 7203
5715 7380
9641 7023
8094 5826
7384 7877
8897 8947
8445 7320
5045 6585
8721 7480
5253 9621
5371 6464
7158 6110
8955 5097
9795 9248
6908 7308
6738 7649
7307 9321
9277 6767
5012 6712
9066 9134
5895 7483
7189 6208
5379 7656
6639 8897
7158 9379
8444 6006
7586 9930
7873 9673
5956 9521
6130 7428
7020 9701
5745 7603
6022 7842
8480 7919
8845 7418
7736 5419
8987 9711
8380 5455
9373 7677
8627 5236
9447 8871
9756 5873
7062 9458
7730 6749
8165 6433
5944 7434
8169 5893
6210 7079
9515 7747
9411 8769
7374 8857
6380 8129
8810 6461
5558 9411
9614 7318
6185 7040
7267 9659
7130 7206
8183 7278
9491 8593
7709 8970
7260 6540
9502 9356
7838 9297
9395 5682
8096 6734
8603 7355
5445 9894
6818 9701
6331 6565
5441 6878
6398 9760
5786 5898
6870 8534
9852 7921
7369 9554
9030 7319
6314 6381
8270 5876
6232 7100
9178 8416
6761 8082
7531 7521
8359 8110
9923 5080
9612 5242
6917 5700
5833 6967
8879 6647
6087 9930
7186 5872
6965 9915
8174 8561
7633 6237
9126 7541
7775 8994
7220 6548
5201 9004
9641 6540
7289 9849
7393 9304
9863 5131
5372 6786
7243 5251
5158 9819
6763 9231
8909 5215
6471 6707
6644 6592
8193 9227
7109 9598
9432 7384
5531 5057
6425 7362
7621 8870
8659 9549
9549 6883
8621 6755
6974 8774
5762 6085
9942 6191
5703 8656
6041 5334
9941 9083
9533 9683
6628 9194
8837 8168
6799 5672
9914 5288
6446 6488
6656 8611
9288 8189
5335 7399
6093 5749
8546 7337
9781 9533
5054 6474
8705 9955
8161 8405
9153 7523
6441 7883
9755 7460
7356 6748
6902 8836
7425 9926
9685 5428
6013 8822
7693 7586
6747 9983
9797 6694
5959 6272
8165 9738
5427 6757
9329 6478
6449 6444
9048 9227
5040 5423
5933 5231
9390 5551
9694 6333
5863 7147
6634 5408
9505 9534
7782 5899
6215 8769
5706 6938
7655 9127
5878 6058
7528 8478
9008 5218
7905 9265
6069 8789
9095 8509
7526 5292
5231 9496
6912 9380
7417 9283
5303 8156
6595 7936
8386 8084
9018 8119
5948 8871
8566 6286
5297 7971
9352 9067
5558 7666
8408 8711
7149 8817
8796 7247
7509 8088
7997 8415
7070 7704
9645 6757
7896 6249
7461 7595
6618 5930
8868 9721
7110 7678
9778 7271
8902 6004
6493 8842
5613 8262
7189 9501
6829 6514
5128 9564
6086 5249
7495 9247
8357 6794
8924 6221
6877 9353
9176 8999
6748 5996
5315 7218
9571 7037
8559 6160
9687 7907
7877 5380
9858 6839
7104 9225
5240 7189
5872 7342
5719 8561
7619 8226
5375 5041
7585 8926
7444 5589
5530 8391
5653 9608
7532 5503
7356 9758
9504 6398
9630 8394
5624 8564
7173 6074
8231 6559
8546 6931
9849 8978
6381 5224
6405 7166
5339 6782
8131 5334
5059 6202
9998 7380
5125 9521
6574 9788
9443 8596
9055 8865
6823 8729
9966 6972
8006 5724
9202 9182
8505 8897
7043 7129
5791 5819
6109 8619
5549 6457
7880 9569
8206 9472
5856 6166
9551 5810
8336 6512
8424 6393
8691 7758
9883 6341
7917 8878
8027 5188
5442 5689
8293 5107
5301 5800
5758 7863
6638 9713
7601 9692
6061 5780
8809 6674
9843 9600
6070 5521
5614 9582
9105 8832
5816 6231
5133 9034
5345 8407
7759 7068
8911 5904
6932 8411
7719 6008
5284 6992
9083 8880
9116 9041
5594 5349
8410 6340
6207 5258
5899 7392
7872 9680
7633 8273
9373 7040
6528 5995
7487 7656
8098 9980
9882 7497
9218 9492
6700 5641
6726 6333
8939 8995
7710 7873
6261 7567
7435 9157
7469 9396
6964 9031
5073 9691
5596 8755
7147 8243
9963 7739
9887 6484
9438 8533
5508 9650
6985 6771
8995 6108
7267 9772
8682 8701
5657 7456
6154 8881
9055 6277
8470 6662
8624 7637
5942 5942
7321 9606
7185 9407
9474 5168
7016 6680
5091 6966
8585 8657
9745 9011
9523 6709
6976 7577
5295 8538
8477 9103
8885 7965
7980 5251
5357 7072
7717 5479
9208 7116
7740 9519
9764 7511
7398 5168
7437 8642
8814 7591
6439 5378
8274 6846
7588 5615
5966 8811
7139 9933
5897 5583
5219 5352
5438 6702
7642 5332
6568 9288
6214 7478
8365 7713
7719 8427
8871 9576
8562 6127
6501 5618
8232 6049
5174 6293
6186 7867
5734 6112
9112 7310
5534 7960
7375 7893
8679 5160
6170 6964
8753 7103
7996 8408
8969 9033
5862 9918
7601 5786
9908 7314
5540 6457
5826 7059
6605 7711
8625 9265
7157 5714
9033 6840
8334 6606
6980 5457
9773 7617
9463 9251
7979 7592
8055 6974
5287 9396
8673 5420
9423 5941
6929 6389
6233 7563
6699 7479
7771 5711
6813 8438
5516 8004
8509 6260
6783 5081
6539 8073
7593 8627
9872 9913
6829 7740
5392 7436
9065 9523
7264 8689
5690 5954
9873 6723
9520 7532
7258 9328
9202 7649
9893 5894
9880 9386
9737 9709
9967 7963
8481 7558
7697 8444
8027 5319
6234 9188
5629 7610
7075 5723
9845 9729
7569 5169
6857 9626
7929 6507
6609 8068
5435 5642
8227 7156
7641 7573
5091 6535
8562 6979
6463 7284
8853 7617
5881 5735
7686 5080
8530 9336
9862 6522
8029 9001
8864 8421
9777 6071
7354 7388
7044 9510
7225 8276
9539 9495
6229 7966
9815 5885
6936 6985
8711 5728
8993 6773
7078 7902
9010 8801
7896 9370
7545 7361
5217 9328
5806 5035
7799 5036
7611 9106
9449 9615
9187 5767
9760 5996
8887 7940
5627 6204
7101 8957
9171 9654
9502 5267
8349 7775
8229 7158
6627 8818
6938 9702
9237 8138
7015 9975
5041 5976
7653 9981
7634 9613
7521 5871
8511 5996
8505 7400
9520 6705
8175 7946
5843 8093
9186 7346
5160 5720
6608 5422
8103 8506
7679 7152
7298 8788
7871 8286
8227 6679
7630 9065
6578 6737
9446 6380
7488 6747
9389 6330
7597 9770
7934 8019
9405 5507
9517 9860
5206 6958
9013 5680
9138 7650
5687 9919
5730 7211
6419 9384
8351 6120
6284 5478
5221 9415
8097 7655
5531 8915
7273 7832
7349 7633
5609 9824
6899 5483
9564 8504
8003 9052
6270 7693
7059 5660
6319 5190
7509 5857
6372 6331
7799 6196
8431 8391
5278 8184
6862 7520
8268 6904
9029 9658
9256 8739
7062 8101
5617 5960
7737 5932
6601 6973
5073 9608
8999 5734
8604 7994
7060 9057
8989 6624
9878 9625
9654 8709
5341 9511
9937 7776
7092 8999
6115 5514
7720 5261
9722 7005
9310 5834
9481 5031
5205 8200
6940 6700
6647 6779
9613 8867
8522 8111
5722 5102
5907 9839
5299 8693
7450 6219
8947 8500
5814 7681
5379 9532
9877 8672
5765 9747
5632 6423
9902 9991
7313 5293
5387 9926
6644 8416
8712 7235
5077 5834
5059 8515
7041 5400
6729 6850
6325 7943
5918 9149
7095 7561
5492 5703
6983 6479
6036 7410
6948 6399
6143 5200
8544 5871
5613 9866
6446 5277
6454 9040
6246 6272
8453 8661
8135 6982
7681 8134
9490 9654
8881 8372
6408 8609
7830 6134
9072 7214
7773 9180
6926 5439
6294 5406
9125 9461
9450 5593
7531 8386
8244 8855
6286 7857
6391 8120
8219 7494
7619 5332
7295 8213
9211 5812
8059 9469
9438 6545
6744 8854
8658 6529
8603 7143
6883 9099
7148 6758
5546 7988
7556 5622
8343 5565
8623 7546
6105 7472
7968 9155
7947 5596
8009 6966
8386 8333
5018 5837
8874 8655
6368 6798
7058 5714
5730 9917
9400 8042
9246 7622
8534 9119
6762 8714
7113 7240
9265 8829
6295 7937
7516 5873
7813 8204
8766 5987
7323 6067
7142 8764
9384 8212
6197 5923
5121 8291
8068 7457
7225 8169
8656 7324
7027 9793
5463 9289
6802 8438
5980 8993
6405 8024
9936 5313
5067 7193
9169 7066
7446 8925
8711 7553
6809 9049
6925 9711
8442 6312
8110 5349
6464 7449
5323 7022
6535 5130
6209 8518
7821 6173
5030 7103
5456 8005
8535 5069
6660 9098
9651 9307
7115 7990
9758 9052
6218 9172
7142 9905
7972 7859
7922 8567
5981 9247
5929 5964
6319 8940
5120 8223
9882 7198
7585 6034
8395 6682
5172 5136
9537 9183
7333 7896
9071 5875
6392 5974
7018 8399
8386 6775
8549 7746
9633 6259
5254 8999
7456 9235
9349 8352
7006 7563
8626 5724
9180 8077
8049 8426
9801 6748
8764 6168
7423 5073
9451 9230
5596 5313
6425 8394
7632 9079
9686 6807
5743 8318
8185 8564
8212 7797
7988 9174
7523 8026
5573 7276
7291 9802
8475 9043
7478 9529
6084 7636
9984 9116
5358 9293
5748 5574
7161 5758
7081 8658
9099 6690
7166 5066
6010 9504
5589 6351
5105 7903
5683 5942
6428 5648
6492 5607
9411 5764
7607 5070
9008 8866
9818 8363
5807 8659
6039 6644
6090 5260
9323 5528
9488 6795
6094 9184
8314 9610
7571 9662
7727 9608
6965 6910
5342 5119
7262 8911
6590 7410
7367 7624
6600 9125
8152 9373
5595 7680
9780 8506
5966 5853
9193 6738
7257 5895
9088 9114
5856 5610
5322 8708
6519 8283
7988 8708
9293 6814
5171 6473
6799 9047
5303 7169
8756 9741
9684 5673
6525 6452
9585 7846
9140 9024
8296 9875
7571 9935
7000 8715
7980 8446
9899 9588
6279 6894
6090 7465
9058 9128
9713 5627
5744 9768
9747 7488
7682 7777
8926 7464
5990 7691
6800 7450
7770 8622
5790 8233
9817 9311
9743 9461
6421 9626
7548 7734
9553 9975
6353 7624
9660 5478
6598 6476
5764 8133
6342 7907
8218 5267
8785 5805
5196 8405
5033 5854
5556 6097
9064 6085
9351 5024
7828 9197
9203 7891
8154 8205
7238 5776
8109 7985
6235 6324
9244 9199
6931 8618
9459 9975
5963 9933
5338 8961
6135 5128
7848 7171
6363 6392
7536 9434
9232 5273
7721 5029
6070 5035
5183 5782
8388 7823
5636 6744
6359 9663
8302 7343
5859 5261
7874 7273
9349 9028
7007 9540
5157 6458
6605 5582
9299 8154
7867 6595
7667 5365
6086 8639
9799 5054
8689 5588
6759 6910
6415 5975
9458 5352
8623 5165
9741 8966
7636 9144
9535 9836
7943 6636
7002 5856
5166 8577
9053 9859
5455 7402
5187 7160
5028 6687
8364 5535
6875 9780
7618 8742
5674 5660
7273 5016
9084 5891
6045 7526
7953 9749
6073 9638
9880 9564
8797 7718
5075 5597
6226 8073
6112 6512
5234 7797
8321 9001
9421 8751
6743 6788
9607 6065
6375 6304
6462 8979
7612 6024
6358 6299
8971 8200
6257 8865
7600 8601
7357 5815
9635 5611
8707 9565
8005 7743
9239 5704
6930 8560
5129 7179
6887 5370
6991 7171
5000 8724
7716 9749
6588 9561
6078 9482
5488 8593
6731 7469
8520 7900
6903 6945
7061 9594
8082 6987
7189 8879
6235 6644
5006 7383
7830 6646
6142 6488
5384 9303
8015 8981
7747 8349
7682 7639
7593 6163
6375 6891
8399 5287
7574 6133
6124 8102
8368 9785
7195 5096
9981 8241
9974 8489
8259 5863
9876 8588
9464 6206
7921 7718
9855 5846
9015 7955
5531 5453
5634 5591
6938 7864
6089 6137
5972 7250
7156 8907
6922 6076
8186 5459
8866 7488
9773 7793
8906 5208
8920 7620
9702 7799
8771 5638
8130 9937
7762 6735
7424 6427
7559 6964
7077 5867
8625 6680
8531 7834
6578 8757
9096 6464
9033 9940
9436 9995
8616 8470
9352 7116
6244 9951
9669 8931
9202 5040
9890 8875
5003 9686
7219 8703
7300 8686
7163 8383
5110 8575
9849 5080
8366 7206
9123 9705
7174 8443
8895 8148
9443 7936
8704 6216
6872 9144
5580 5721
9693 5835
6599 5441
9231 6479
9676 9334
5872 7499
5450 9300
6035 7107
9685 7793
6191 8341
5569 8604
7703 5414
9794 9365
7112 6130
5591 6809
9956 7347
7188 5143
7221 8253
5104 6974
5675 5597
6418 8784
9361 8773
7034 8358
5083 8664
6498 9008
7614 5223
6705 7185
5859 5477
7146 7345
8981 6318
9542 8987
5116 8438
6057 6273
5474 6257
6677 9270
9174 7117
8773 5040
8873 8809
7484 9824
5289 6790
8419 5235
9330 5028
8168 8277
5777 5527
8823 6872
7826 9506
5084 5459
9829 6562
8065 6427
9918 7073
7478 5557
6466 9883
8125 7548
6132 8891
6010 6215
8887 9659
5976 8091
8402 8626
6887 7499
9414 6872
7340 5021
6581 5612
9062 6678
6411 6280
8676 5964
6638 7486
5065 8720
6143 7106
9650 9278
9752 5469
7378 7636
5552 7891
6567 6352
9167 6428
8016 5487
5421 6885
7793 8956
5826 6209
8715 8561
8890 5106
7499 8754
6032 8667
6227 9814
8850 5842
8347 6781
5497 6052
5494 5009
6536 8921
8113 7815
8263 8307
7149 6900
6809 6831
6126 6565
9363 7182
6270 9766
9391 5288
5022 6938
6914 6688
8398 8013
7469 7390
8835 7768
6358 8958
6370 7672
6595 5113
6478 9258
6310 8939
8898 8759
5207 5293
9052 8553
8285 5168
5022 6886
6207 6138
8160 8320
9200 5576
9560 7920
7322 8046
8127 7800
5314 7493
9127 6654
7792 9441
7957 8225
8766 6666
7019 9326
8635 6782
9626 9075
5852 5571
9814 7209
5534 7925
9683 5626
7779 9178
9938 5044
8410 9475
9700 8177
9136 6596
6002 7789
8274 6814
7936 9015
8257 7868
8654 7783
8658 7047
8673 7861
5868 7341
6257 5462
9096 5257
8762 6489
5789 6168
9616 7911
9067 8243
5747 6922
6656 5800
7125 8309
7003 7802
6473 9145
8624 9137
9840 7537
7553 6061
5617 5678
8917 6564
7717 6760
5903 9724
8491 7828
6565 8412
6598 5372
7849 5406
8989 6212
8910 6970
7336 5007
9289 9252
8591 8836
6276 7465
6458 9033
7863 5266
7710 7144
8023 8313
5460 7241
6705 8657
5223 9311
5258 9624
6951 6611
6330 5734
8215 9838
9048 7155
6935 6382
6121 7328
8875 7442
6505 8287
6001 6405
7430 8393
8491 7372
9561 7484
9694 6637
9896 6282
7380 8542
6283 5057
5170 9523
9459 5278
5056 8265
9773 8363
5424 7301
9439 6674
5398 8200
6727 8115
5208 8421
5841 9887
7440 6537
8010 6689
6680 7829
8748 8396
7590 6960
9797 6928
8753 5788
8511 7679
6866 9967
5049 9756
6528 5203
7396 9392
8044 7909
7724 8427
8694 8635
6877 7031
7151 7186
9743 5264
5627 7730
7286 8331
9737 5769
8648 9461
9167 6831
7583 7062
5701 9533
7461 9531
8770 8225
9959 8668
5066 6673
5149 9690
8265 8275
7315 6940
9040 6600
9116 7627
6707 5135
8225 6846
9788 8383
5379 6086
7607 8261
7608 7081
8584 5315
5921 8745
9838 9831
9701 9656
6255 5145
6070 9152
5059 5687
9277 8616
7840 7234
6504 7068
9648 8426
7434 5579
5537 7550
9651 8946
6084 8995
8904 9466
8704 5362
9027 9180
5092 6512
8723 7469
5387 8829
5340 8346
8558 5664
7166 9176
8143 6413
8777 8025
6936 7846
9774 5372
5317 7589
9694 6321
5067 7581
8369 5635
6192 7422
6021 7845
6116 5976
9153 7755
6083 5027
9510 8840
5676 7693
6105 9753
8709 6658
6015 7630
6430 8654
9607 8935
9786 7685
6066 5531
6104 7777
5534 9403
7607 9758
8309 9354
7426 7490
6831 9452
9959 7925
5143 6233
6751 5616
7964 5469
6702 9322
7354 6293
7127 8865
5854 5998
8433 7166
8645 7835
8575 5771
6808 9342
9393 5170
6369 5991
7205 7559
9527 5872
5774 9484
6419 6392
8157 7649
7685 9769
7056 9388
6484 6501
6389 5735
8115 6847
5225 5543
9211 7843
5859 7389
7666 8281
5045 5632
5446 9292
9890 5438
9393 5782
6601 8092
6404 8140
5918 6423
5945 9388
9729 9458
5638 7137
9204 9081
8021 5362
7087 7742
5623 8569
8731 6791
6558 8433
9474 9364
9621 7167
6421 7842
7138 9402
5185 5330
8856 5006
5836 7812
5837 5696
6684 6140
5097 9122
7200 6831
8078 7391
8664 9623
8246 6430
5049 9383
8243 7654
9721 7425
9717 9940
6405 7652
6106 7611
7227 5747
6077 9801
7154 9107
7183 6748
7163 7357
8339 9149
6663 5127
5311 7620
6288 5132
7079 6109
6158 6856
9250 5236
6644 9213
7442 9404
9136 8224
6964 7355
7730 7725
6265 9242
9103 5023
6530 9733
9166 9276
7146 6328
7021 7508
7919 5769
7592 6466
8293 8500
7240 7693
8266 5470
8659 5651
7843 8302
7999 9735
6797 9426
6634 5662
8927 8863
9648 5592
9315 5330
8954 7502
8960 6191
6336 8649
6825 9105
8653 7078
5998 9636
9006 6088
9044 5288
6541 9732
9180 9895
7311 8275
8900 9827
5126 9206
7662 7487
8529 8629
6319 5453
5460 5606
8769 6684
7025 6625
8071 8299
5577 5499
6706 5385
8174 7317
7743 5225
9652 5804
8113 5248
5882 9391
7814 5196
8067 8779
7295 5648
6590 9585
5080 6927
5086 7447
7134 8229
6459 9532
7159 9350
5735 7147
6836 8813
5460 7764
7362 8741
9373 5882
6205 6194
8100 7874
5220 6805
6976 9250
5167 5532
6971 7809
7904 7857
9746 9856
7367 9763
7855 6145
5673 9813
7054 7867
7302 8002
5488 6142
9523 7807
8964 6252
7162 7899
9024 9048
7086 5052
6956 9001
6799 8120
8915 8259
5936 7983
5471 8054
8374 6737
7461 7504
9759 7020
6399 6842
9700 9968
7622 6933
7973 5102
6783 6571
9348 9071
8742 6886
8494 8195
9911 9459
9213 7068
7857 5643
7338 8686
8443 7562
5688 9767
6977 7792
8000 9024
8606 7908
9286 6636
9638 6823
6398 6952
5893 5960
7483 8298
9334 9727
7372 6776
6484 7977
6877 8446
6506 8630
6343 7242
7973 8783
9745 8376
5730 5495
8033 7998
9033 6820
8957 6895
9390 8287
7956 5197
6737 7664
5780 8202
6260 7023
9231 7523
6329 8727
6405 7909
5330 8601
9860 6234
7933 6510
8493 5228
5275 7098
9185 8941
7614 5246
6424 7497
9318 9401
9380 7713
5832 9361
9963 8692
9731 7048
9480 5354
6465 7377
9462 5349
9898 9227
7005 7734
8858 9307
5802 6441
9931 8262
7297 8883
9419 5725
6628 5463
7601 9678
9678 8650
5476 5858
9466 9899
8704 5009
7833 5090
7826 6983
8814 7422
9483 6926
7552 6514
9181 5575
5203 5394
6239 9757
7633 6499
9001 8098
8283 9321
6757 5925
7443 5429
5146 6383
6793 7148
7447 9351
7770 8683
9476 8626
9500 5496
5591 9901
8804 7097
8272 8381
8515 7255
9234 9331
9450 9373
7822 5242
6216 9495
7950 5824
6419 7369
5467 6388
6871 9349
9831 7135
6675 7446
7201 8015
6789 6065
8499 9683
7116 9719
9626 9919
6977 9258
7252 5441
6950 9304
9649 8121
7505 8810
5386 6646
7982 9311
9239 7200
6561 5244
7319 8104
5105 9811
6910 6646
7531 7990
7050 7451
5112 6610
8018 6059
6054 6149
8774 9707
5577 8400
7228 8578
9729 7285
9551 6189
8857 9419
8318 7322
8742 8675
9298 9576
7726 8559
8681 9507
7849 9628
5761 5814
5156 5202
8099 6148
6635 7081
5050 5673
6752 9980
5823 9839
6032 6753
8292 5527
8988 8976
7051 8043
9764 8393
9136 9631
6795 8987
8400 9581
7909 9381
6312 7985
8489 5820
6942 6347
6742 8025
9297 9075
7863 5980
5357 7817
9445 5165
7473 6590
7461 7128
9974 7912
7082 8733
8960 5798
7431 5301
7192 6782
7075 8988
8025 8135
9284 5654
6541 8777
7387 8405
8097 7280
7211 9555
5811 5023
8124 6319
9189 7771
8034 6645
6472 5188
9403 5937
9460 9558
5769 6503
7784 8037
8234 8809
5128 5874
9264 7172
7292 6075
9854 5260
5448 6441
9258 8805
6091 6876
7413 5294
8878 5595
5648 8222
5868 8782
8117 9390
9580 7979
6502 7048
6255 6942
6830 7861
8689 7745
8165 6436
7908 9094
6522 6190
8793 9026
5651 9396
5666 8786
7067 7025
9575 9870
8544 8906
5460 9492
8079 5676
9283 6047
8055 8352
9035 5158
7424 8625
6662 5659
9993 5078
6173 7308
8089 6985
8643 8724
8196 9375
7505 8606
6743 7466
5151 9845
6496 5349
8423 9707
9003 6570
8720 5388
6379 7922
8235 9413
8487 8878
6906 5914
7642 7339
6583 5806
8585 8544
7233 5523
9709 6761
6156 7070
9869 7443
9153 6830
7507 6118
7105 5079
6282 8823
6396 5943
9209 6650
5939 6318
8605 5794
5480 6758
7360 6585
9188 8861
9399 6920
6179 8123
8633 5202
8614 5393
6135 6368
8646 9151
9308 5733
5989 9991
5197 7551
8263 5320
6004 9787
6102 8726
6192 5925
5190 8027
5105 6756
8472 5541
8941 7097
8565 7659
7686 8804
9919 5167
7976 6326
8440 9698
9250 7117
6805 9327
6838 6025
6629 6275
7153 7671
5108 9852
5410 6413
9569 8006
8171 6074
8267 7119
6894 6064
9842 5788
7723 9856
8849 7171
5199 8209
7025 9879
9310 9106
6121 8037
9170 8933
5215 8979
9901 8928
7502 6768
9415 7882
8042 6253
5805 9113
6034 6183
7985 8024
7368 5688
6531 9539
9901 7144
9336 5013
5686 5089
8948 7108
7630 5364
9273 5184
6325 7232
7761 7339
5496 5524
5887 5735
8496 8801
6481 8023
9104 5600
6501 6355
5183 6356
7944 7176
7453 9798
9641 6066
5381 8006
9306 5363
5458 9683
7773 5441
5879 7543
9691 8719
7040 7712
6311 8283
5977 9420
7865 8058
6605 5430
9647 6016
9466 6371
6015 8364
6249 9465
7157 9473
8147 8300
8057 5358
7598 6123
8783 7222
9094 9629
5424 6964
8623 6912
9257 9386
6095 8995
8995 7540
7203 5480
6200 9110
5470 5903
5571 5494
9732 5363
9574 5411
5379 9398
6095 6552
8972 9006
6375 7038
7630 7753
7234 5065
6496 6997
9448 5752
7821 7007
6236 9238
8787 9346
6699 5040
5159 9098
6918 9770
9334 7323
8802 7254
5469 8168
5902 6528
6153 5509
6727 6913
9396 9845
5875 5245
9247 9879
8709 5493
5949 8997
6509 7228
7554 5820
6962 7786
8022 6982
7070 9346
9935 5734
7897 5206
5985 6760
7139 7794
6732 8141
6144 5675
9486 9132
7570 7848
8803 8797
9322 7570
8341 8376
9727 9722
7206 6577
7955 9145
7324 6522
8896 6562
5568 5719
8342 8443
6997 6826
8745 5695
8750 6909
9241 6727
7365 8616
7918 9972
7396 7834
5863 6043
8240 8151
7677 5467
7357 9550
5400 5212
6112 8563
9708 5603
8924 8543
5668 9632
8682 9173
7829 9068
6287 6093
9261 6217
9775 7539
9008 6410
7491 7248
9822 5634
7783 8628
6533 7171
7783 9004
8863 6297
7144 9999
8304 6376
5216 9453
8655 7355
6642 5060
7429 6439
7335 7423
7127 8664
9145 8608
9171 9195
5768 8292
5711 7779
7616 8457
8323 6604
5469 6418
9331 6973
5970 8208
9209 9663
6947 7285
9295 6007
8823 8162
6003 9269
9244 9555
6816 7817
5797 6808
9565 9365
6207 9668
8611 9632
5983 9533
8454 5415
5156 7596
9749 9134
9965 7890
7534 9468
9885 7404
8155 9513
5269 7167
5357 7812
5084 8553
8298 7686
6784 6089
9757 7638
9374 5229
7719 7342
8855 9832
8799 5833
7769 6688
9117 6981
8814 9367
7034 7639
7071 9330
6839 5277
7850 9291
9556 6012
9176 9025
5262 7298
6310 8087
5723 5938
8448 8406
5455 9672
6845 8179
6641 5503
9574 7862
5377 6999
9554 6672
6052 7570
6770 9704
8952 6748
9059 9261
8499 9555
5480 6782
7809 7996
7851 5295
7827 8960
7101 5899
8790 7998
7357 5619
6567 8140
8438 9315
5779 6888
6462 6109
8341 8729
7190 9098
7692 9344
9937 7431
5904 9797
7745 7110
7308 6420
8933 9079
5188 5287
7948 6443
9631 6862
7228 6535
7831 9672
5792 7137
8727 9715
5771 5280
9281 6323
8307 6481
6832 6981
5407 8973
9331 6671
6675 6227
9753 8561
8343 8521
5509 7203
8313 7688
6967 8860
5402 6519
9435 9887
5372 8074
9914 6735
9168 7246
7477 9006
8938 6697
8180 6255
5826 9386
9422 9913
5622 9431
7234 5073
5145 6375
9951 9716
6670 8880
8349 7442
7910 8444
7065 9798
6042 7167
7429 8953
7913 8177
8357 7417
6700 9691
7584 9623
6570 6713
5232 6108
7898 8144
8138 8053
9049 7116
7501 6034
7737 9684
8236 8350
8896 7810
6740 6194
6417 8814
7104 8405
7753 7671
5302 8321
9858 5368
6707 5825
8734 7178
8101 6468
6906 6506
6539 5709
7776 6171
5996 7057
9992 7813
7182 8710
8564 9358
9234 7638
5318 5242
7365 8720
6851 7803
9513 8934
9866 9434
5165 9531
9327 8741
9241 8217
8226 9088
5479 5665
8736 9485
6464 8317
5256 9364
7431 7352
6586 8486
7037 8210
8461 8015
7043 6631
5458 6431
5010 9482
7424 7455
7509 6215
9977 8485
7819 7365
5051 9499
9166 9186
8390 6429
9131 5073
5552 5511
9754 5032
7552 7195
8336 7168
5766 9226
6641 9490
6345 5949
5828 5762
8896 5192
7943 5039
7855 7920
6527 7846
7792 8810
6911 7454
6976 9779
6865 8596
9980 5577
6562 9298
5833 5066
5145 6976
5533 6728
7904 9795
7915 5839
6882 7046
8933 8298
7906 6830
5566 8379
6044 6399
5876 7896
6993 7140
5883 5459
7275 7505
8946 7725
5275 9714
5924 8839
8068 7585
8953 9686
7307 8519
5696 9705
8154 9469
6326 7095
5707 8824
8323 8181
5837 8308
5027 6850
6324 9822
9688 5350
6471 7293
7309 7509
5690 5753
5347 6159
8094 9035
8019 7604
5798 5178
6619 7115
7158 5326
7802 8171
8625 6502
9833 6474
8654 7188
9385 9674
9956 5078
6680 5376
6056 7626
5411 9924
5610 5990
6729 6004
5353 8798
9261 5189
9088 8825
7117 6783
5328 7502
5462 9817
9484 5216
5841 5494
8347 7097
9113 6254
8071 9771
8036 6088
6327 9796
8460 7735
5728 7289
6345 8154
7936 7988
9582 5066
9674 7363
5586 7484
6187 8504
9570 9431
8909 5081
5454 7633
5041 5158
8561 8127
6982 9721
8622 9130
8727 7424
6754 8979
9485 9371
6878 8160
8102 5271
8993 6494
7669 8647
6159 8823
8746 6732
8285 8509
8729 6058
6308 6129
7614 8766
9839 8156
6269 5763
6780 6601
7186 5927
5871 7583
6135 5854
8813 9709
9054 6655
7934 5369
5142 9313
8826 9552
5925 6006
5300 6416
8266 9006
9056 6117
9622 7006
9428 9353
6430 9156
6611 7697
8672 5844
9190 9693
7738 7475
5769 8114
5925 7128
5222 5357
7666 5861
7137 8805
8112 5777
8784 6040
8268 9062
7429 6757
6689 8911
8151 8426
9616 7607
7969 9994
6221 8087
5925 5687
9053 7500
5594 9989
7098 6697
5138 9287
5624 9272
7948 7996
7795 7570
7064 5746
8422 7210
8809 9906
7563 9272
5479 8741
7063 6095
6746 7989
7863 8872
6556 7080
7545 6713
9522 6066
9304 7830
5897 6106
6877 5358
8343 5098
9939 8244
6699 9654
5190 9550
9308 7665
5478 9321
7149 7242
6480 9993
9786 8527
8896 5195
9913 9230
5117 8930
6676 5470
6905 7855
8811 9550
9071 5853
9366 5717
9596 6944
9816 8757
6193 5445
7178 9359
5283 6655
5906 5135
5353 5032
7925 8355
5629 7010
9939 8659
5455 6938
7364 5611
9239 9530
5189 9118
6917 9381
5931 7438
5786 6484
7495 8042
5110 9783
9641 8021
6788 5272
7232 9116
6117 8515
6681 7186
6797 7724
5318 9754
6403 6580
7190 6273
9435 8890
6931 9717
9975 9137
5316 9835
8393 8615
6379 8161
8040 6592
5567 8530
9010 7762
9253 7149
7684 5451
7611 8616
5188 8387
7500 9266
6527 9825
5597 8084
8312 9675
8786 5590
6014 8133
8776 9975
8820 7841
5594 5060
7776 7578
5832 5464
5597 6843
5225 8522
8580 6196
8860 9143
7979 5781
8607 6307
9709 5599
5040 7139
9977 9066
5564 9242
7725 5834
8880 7551
7384 5512
9678 9492
8282 9722
8823 5214
8468 7296
5342 6205
5771 8443
6457 8462
8327 5793
5638 8070
6833 5508
7604 7697
6836 9443
5715 5851
8681 7636
5788 7580
9323 6971
9435 7450
7099 8799
5646 8871
7944 7294
9553 5045
7238 6187
6045 7072
6307 8252
6684 9399
9608 7151
7853 8796
9382 5047
8030 5884
9870 9640
5821 6001
5080 7107
6611 7714
9806 9238
9018 8217
9400 8489
5392 5717
8636 9833
7150 7059
6316 5016
6506 9585
9933 5413
7007 5979
6324 8851
8976 7586
5876 7489
6373 5326
6161 5083
7176 5900
6128 8104
8076 5577
6289 9919
6450 6454
8949 5927
5011 9314
7246 9232
5748 8302
8532 5315
8585 5254
9406 7893
5003 6858
5281 6736
5536 9262
9142 5783
8512 9144
7137 6673
5857 9064
9431 8231
7744 8581
8052 7313
7768 5132
6805 7569
8508 9110
9569 8183
9647 5086
8937 5234
9219 6732
6581 7974
9578 5038
9141 9570
6713 7205
5965 5777
7560 6286
8320 9966
6924 6392
7278 5187
9315 9022
8143 5807
8496 6002
5029 8484
5041 7426
9563 8737
7283 6624
8982 9253
7512 7126
9790 6913
7700 9516
9412 9531
7280 8127
6125 8701
7318 7955
7405 6798
6022 5632
8507 9833
6222 7237
5792 5398
8002 8233
7610 5191
7180 7452
6049 5519
6137 6749
9369 9177
6075 5079
5277 6824
7720 5193
6722 9786
7898 7040
5759 9648
6963 7816
9654 8768
7160 6806
8534 6625
6706 6794
9177 9148
7574 5021
5547 6493
9905 9779
6347 8411
8635 9409
8038 7307
7991 8777
7871 7480
8247 6879
6973 6732
8956 5670
6218 7053
5196 5274
8161 5417
9127 5863
5830 5158
9433 8769
6454 8561
5494 9537
7091 7562
8923 9953
9332 6278
9447 8742
8596 8340
5435 6409
5713 8831
6009 6512
7992 9389
5986 5091
6073 7440
8544 8816
8901 9160
7270 9161
6089 6168
7092 7727
7099 5981
7112 7554
7815 9264
6299 9832
6117 9815
5724 5096
7309 9419
5051 9054
7498 8055
8508 7608
6465 8802
5851 6380
5747 8470
6766 6121
9254 9780
7930 5225
9131 5181
8882 7937
7038 9719
9015 6007
5939 7983
6503 5957
8960 6043
6371 6964
9824 9742
5928 7494
8378 5774
9374 7079
9218 6801
5612 5044
5262 5198
7111 7742
7232 7578
8445 5390
5310 7213
8354 6011
6145 7837
8390 6174
5474 8554
6716 6086
9922 8809
8646 5171
5725 9344
6365 7440
9375 6006
5279 7632
6315 6620
6542 5766
7053 9791
9192 5461
9000 7618
6875 7274
5119 6426
9595 5038
9639 9259
6487 5831
5902 5014
8222 9025
6372 6866
7569 7194
8311 7396
6734 8379
7639 5162
5093 5683
8196 8016
7602 5093
6782 6033
7828 5634
5638 7758
6985 6138
7414 6542
9654 6463
6542 7314
6616 8535
9305 6103
7875 9888
7865 8339
7412 6317
8560 5449
8411 7135
5615 6955
9223 9135
5134 8055
5751 6738
9008 5764
9708 8775
7414 9238
7968 9517
6528 6608
9884 7965
8874 6394
9164 7072
7338 8313
9599 9386
8230 6030
7691 6303
9095 6965
8748 6994
8355 6710
7798 5480
8050 6500
9938 5959
5232 6893
7644 6725
6373 5134
6063 9670
7712 6314
7629 8218
5326 5159
6424 7371
8653 5611
9647 7285
5942 6184
5007 8315
9844 6098
7954 9998
6119 8576
9179 9871
7151 9301
7786 7509
5930 8799
9068 7434
9995 5902
6369 8626
5309 8631
6321 8185
7221 5532
8258 6312
8287 8285
6367 8714
9908 6643
5210 8469
5674 5841
9896 6093
7487 5536
6933 9142
9584 8543
5859 7378
6799 5196
6303 7628
8195 9564
8000 6922
7004 5659
5629 8177
7589 7966
6187 6481
7008 8274
9414 7224
5612 9865
6888 5256
7640 6364
9738 7935
6235 8397
8347 9994
8270 8735
9231 8530
5074 6412
9318 9381
9109 9824
8709 9464
9578 8936
6228 5443
6126 8315
5075 8548
6022 7401
6724 8967
5648 7806
5327 9769
9061 6666
6819 7666
5474 9990
6248 5556
5899 5691
5373 6945
5947 7652
8608 9122
9313 8524
5696 7043
7390 8376
5013 8719
6671 6193
7340 5104
5517 7723
6316 9819
8525 5234
6079 6601
8218 9819
5757 8987
5170 6265
6734 9615
9338 6834
8098 9422
8942 7728
7276 8343
5159 9628
7518 7728
9689 7072
7351 6192
9830 9038
6704 6525
9291 9188
7219 5682
6010 6253
6089 5852
9978 7005
7729 8184
8447 6986
7576 6175
7323 5313
7694 7777
9284 8645
7555 9468
8102 9866
7750 5401
5628 8329
5945 6369
6530 6625
9809 6028
9702 7641
8706 8217
6335 8044
7313 8276
8015 6527
7527 6929
5233 7686
5561 5513
8161 5912
7982 5013
9654 9796
5550 6918
5319 6320
9950 7280
7150 6796
8300 6573
8250 6882
7488 8618
7367 6244
6240 8430
5538 7548
8490 9104
9619 8764
9784 9318
6513 5494
6686 5254
9323 6610
8115 6312
5048 7771
7669 7285
5495 9024
8332 6717
5858 7954
5464 9441
7092 6244
9461 8268
5601 5201
6364 8837
5844 8978
7839 8438
8109 5487
5678 9454
9349 7955
6047 5422
8891 9112
8309 5560
9777 6928
8019 7831
7406 8877
5720 9972
8696 8831
8056 7283
8312 9251
6822 8869
6566 9189
9409 5729
5256 6130
8484 8233
5119 9585
5707 9767
5463 9473
8123 9595
9566 9320
5536 9253
8476 8241
5477 8415
7589 5740
6401 9620
8791 8009
6118 6143
5748 5497
9570 9861
8030 9802
9372 9754
6447 7173
5974 7336
8658 9465
5486 6667
9736 5045
5559 5245
7958 5337
5337 6698
9404 5014
5645 6160
6415 7052
7906 7033
7897 5356
7435 7553
8001 7306
5086 9502
6068 9031
9738 5297
8700 7700
6610 7015
9211 5237
5692 8900
6628 9436
8109 5842
8233 9722
6736 8800
8623 8242
5667 9525
9389 9417
5150 8537
5282 5821
9194 6832
8676 5397
6829 7628
8952 6723
9200 5815
8355 6840
9866 8037
5901 5502
5245 7161
6245 5928
6091 8467
9172 8362
9612 5075
9688 8271
9362 6118
5043 9422
6016 8395
6103 9434
8909 9653
7239 8612
9365 9193
9224 6214
5766 6181
9890 5628
8231 8003
5997 9870
7158 5606
5135 9273
6416 8770
6749 9092
9947 6360
7564 6406
9146 9430
8867 7422
9757 7128
5768 6556
9057 5757
8268 9112
9243 8739
9914 9741
9631 8828
9072 9825
7857 8841
7621 6274
6179 8685
7214 6539
5555 8437
7683 6883
7231 8247
6370 7357
8251 7338
8582 5839
9953 5457
7173 8019
5399 5070
8413 6014
6415 8996
8931 6370
7919 7266
6126 9047
7905 6759
5689 6821
6979 9565
7471 5669
7267 5790
8520 7098
5098 7452
6093 7262
7200 9460
8379 8458
8901 5697
9531 6841
9047 8391
6469 8345
8104 7025
8967 5516
9537 7289
9684 8367
8860 9183
7531 7534
9533 7580
8244 5185
9885 6964
7271 6231
9304 9773
8148 9359
9445 8697
7244 7594
6270 5420
6729 6750
7064 7345
6255 5388
5913 5008
5713 5279
9471 7693
7611 7908
7236 9274
8337 5884
9565 7464
8212 8915
7277 7801
9732 6388
5651 8931
5148 9255
8649 6791
5833 9064
7247 9642
9543 5571
6406 7433
8902 5947
7995 8500
6862 7860
7908 8166
5965 8504
6832 9152
9819 6974
6910 8003
9557 7786
9818 9494
8505 8044
9532 5468
6603 9694
5328 7425
8022 9759
7691 7459
6549 8221
9275 5034
7588 7541
9224 7611
9348 7712
8712 6496
8627 7405
6664 5910
6281 6233
9113 9411
7300 7094
5883 5794
5359 9053
6237 5641
8120 5966
9917 6311
9033 7402
9259 8753
7702 6179
6672 9915
8928 7318
5168 7993
6081 8214
8844 6364
5532 5751
5838 8022
8692 9243
9847 7874
5201 8183
7651 9746
5719 9001
9298 8669
8034 6356
6491 9005
7011 8334
7549 6674
8835 5730
5254 9869
6037 6475
5691 7877
5188 5252
9237 5439
5170 6822
7936 9264
8413 6178
9405 7760
6200 6603
9461 8110
7155 6396
9935 6925
5638 7364
7001 7868
5681 8530
8016 6216
5307 7108
5855 7017
8961 7013
5907 8524
8297 9927
7190 7082
5115 5180
8535 6041
8560 6409
6913 9910
6466 7088
6055 7620
8146 8984
6292 8278
7006 8150
8630 5458
8603 5766
8658 9073
7955 5017
8779 7090
6703 9855
5222 8364
6553 8667
7923 7291
5857 6812
8883 8082
6098 9452
5308 7212
8223 9435
9643 6577
5989 6621
8665 7627
5941 9417
9774 8941
6784 7625
8844 6607
7710 5722
8008 5076
6078 7703
9927 8252
7944 5455
10000 6275
9311 9095
8477 5961
8216 5853
7066 7595
6495 6337
6221 5036
7163 8835
9229 9584
6701 9466
6329 8451
6866 7097
7947 7686
9319 6643
8182 5882
5447 5296
5941 7105
8865 9927
5453 5959
6183 5782
5581 7012
7950 7645
5877 6640
7065 6260
7952 9167
5466 8120
7611 9803
6673 8078
8037 6936
7381 7036
6521 6269
8977 9265
8156 5651
9706 9131
9434 9182
5179 6337
9387 6344
6357 7880
6121 8994
8263 7477
7461 5923
8881 5367
9402 7774
8284 5543
5614 5418
6396 5617
7084 5592
6809 6932
7374 8972
6760 5215
6348 5895
5865 6294
7667 8958
8163 7876
8008 7197
5449 8019
5103 8384
5139 9687
8161 6124
5311 8994
5554 6747
7290 6030
7161 5475
7328 6948
8337 5945
7738 6960
8352 7697
7805 9788
6896 9420
9632 8550
8690 7188
6185 7898
9461 8408
7059 9764
6893 6100
7914 9331
9380 7035
8899 9037
6140 9824
5682 9688
8034 5744
8683 6134
5750 9492
6523 6591
6020 5580
8787 6524
6886 8466
8114 5288
6490 6587
7810 8740
5923 5137
7140 6068
5405 9616
8080 7404
7318 8216
6882 7152
5292 9261
7644 6193
8805 9601
6575 9030
9615 6492
7338 7712
6317 7298
7930 9097
8971 5880
8190 5096
8815 5772
7851 7610
5808 5808
9960 6713
7395 5042
5856 9194
5104 7474
7865 7656
8348 5277
6212 7626
9106 9398
7478 8007
8637 9377
9263 5666
7390 9806
7701 7858
7276 8636
7382 7629
6263 7273
6275 5357
5362 9023
7461 9479
5334 8112
7749 7849
9487 6809
8851 8163
6569 7375
9368 6836
5538 7629
8202 6907
9769 5330
7157 8906
6316 8866
7069 8263
9247 8693
7331 8768
9292 6958
7985 9328
8140 5508
5073 7236
7854 8922
6985 5100
7927 6305
7294 8615
8963 9116
7953 9132
8792 6457
9559 7210
9689 5563
6062 8357
5820 9471
7590 8331
6644 7564
9066 6609
8207 6387
9373 8774
5877 5354
6899 6805
9133 8020
8830 9170
7455 6470
6265 8937
9560 9584
8712 9084
5968 7459
6813 9694
9110 9139
6038 9826
7066 9931
5014 6719
6247 7307
7640 9617
5752 6519
8720 5094
6905 5330
5416 9207
8826 8043
6495 6604
9198 6112
7759 8092
8151 8329
6262 7524
8521 6531
5323 5206
7064 9346
5360 7454
5473 5842
6143 8362
7777 7416
8701 7647
9337 8592
8664 8023
7454 6990
8356 9081
7782 5550
5288 9846
5218 6565
6104 5518
8188 9603
6278 5014
8633 6795
5150 6605
8529 6404
8930 6493
5311 6672
6331 6275
8405 5069
7244 5122
9087 7617
6853 5016
5353 7554
8844 5364
5480 7961
8705 6876
5505 7345
7410 7252
5793 9117
6473 5065
9221 9171
5412 5553
8228 8688
6347 5703
7561 9587
6728 7133
7741 6834
7508 9782
6288 5799
8689 7778
7361 6006
5906 5525
9241 7223
8892 7837
8004 7278
7027 5831
5927 6610
5235 6864
8400 5191
5660 8361
8657 5857
5823 8730
8557 9909
5061 6753
5948 8178
5466 7737
8961 9785
8990 5009
6508 7953
8999 9080
6495 8884
6910 7974
5372 5652
7828 9186
9303 6372
7335 6128
9631 8827
6706 6418
8554 6135
7296 6818
9324 9530
6460 9127
5112 7585
8785 5684
5139 5513
6596 6328
9815 8953
9727 9229
7194 5739
7483 7713
5582 7396
5661 7867
6371 6156
8010 8717
5611 5199
8524 6765
7861 9001
8354 5385
7270 7551
8588 8486
9133 7169
6214 5376
6767 5755
8608 9569
8810 6155
5471 8664
8338 7779
5849 8897
8696 7436
8248 7311
7877 9340
9645 9387
5408 9508
9886 9294
7557 5401
6425 8199
9500 7406
6826 5901
7135 6138
9381 7377
5185 9906
6798 7412
9014 6380
8199 8855
9010 9738
9156 7140
5115 8372
5304 8983
7231 5892
9271 9609
8547 8254
9171 5500
9139 9937
6816 7452
7629 7938
7649 8516
6672 5145
9739 5221
6779 6125
5139 7970
6061 7098
8656 5761
9694 5601
8923 6806
5374 9425
6843 9177
6510 5236
5312 9304
9447 9629
8700 6683
6584 6727
9098 5058
6294 9756
9333 9900
6414 6740
8062 8886
9002 7440
8021 7128
6925 5097
5726 9881
5140 6295
8662 6624
7389 7908
6705 5972
6937 6616
7873 5414
8338 8224
5303 8549
8183 7051
6767 9437
5865 5896
9642 7410
8634 8544
9091 7689
9767 7445
7800 5565
8375 6051
7176 7008
9729 9339
6761 9051
8805 6213
8907 7492
5416 6422
5841 5760
8454 6280
8239 7665
5834 8670
7917 8965
6654 6160
9886 9344
5392 7395
8787 7528
5391 6089
5393 9038
8086 9055
5810 8225
7288 9173
6576 6714
9345 7698
8186 5330
8101 9859
8626 9433
9708 5173
9360 8685
5388 9108
8853 5750
8199 5393
7877 6684
7193 9263
5231 8583
9986 9178
5323 5982
5496 5658
6072 7039
9383 7118
7539 8755
9181 7592
6240 5955
5524 9307
9111 6376
5746 5145
9243 5400
7077 6021
7574 5884
6251 5710
5181 7302
5632 6947
7225 6628
9830 5542
7729 7520
8435 8166
5331 6104
7199 5949
7332 9486
8640 6968
7335 8499
7255 7379
5823 9272
6763 8666
8112 6592
7298 8397
6218 7904
5428 5308
9937 9414
7019 5645
7209 9786
7982 8705
6793 6417
8410 5201
7272 8489
8469 9853
9356 6415
5151 6241
8500 8637
6491 9017
9075 9840
5183 8343
6745 5584
9090 5987
7705 5376
5704 6227
5736 8188
8625 8504
6426 8870
9189 5066
7697 6385
8852 5985
7978 5244
5617 7894
8543 6206
6143 8302
7791 7939
6669 7532
7435 5897
8731 7020
6856 6355
5677 5347
9689 8365
9752 7871
8921 7526
5027 8702
8353 7700
7886 5807
5265 5943
6472 5657
5009 9296
6550 5982
9279 5758
9577 5745
5182 8920
5095 7081
5316 9971
7330 7266
8848 8565
9544 6192
7025 5966
8064 8472
9331 5179
6267 5471
6330 6091
6153 9517
5111 8625
5994 5960
9140 9480
7947 6798
8717 8094
8000 9216
9748 5679
5026 9809
7392 7714
7450 7240
9460 9748
