
5000 704200
94 485
506 326
416 248
992 421
649 322
237 795
457 43
815 845
446 955
422 252
791 9
359 901
667 122
598 94
7 738
544 574
334 715
766 882
994 367
893 984
633 299
131 433
428 682
700 72
617 874
874 138
720 856
419 145
794 995
196 529
997 199
116 277
908 97
539 719
707 242
569 107
537 122
931 70
726 98
487 600
772 645
513 267
81 972
943 895
58 213
303 748
764 487
536 923
724 29
789 674
479 540
142 554
339 467
641 46
196 710
494 553
66 191
824 724
208 730
711 988
800 90
314 340
289 549
401 196
466 865
689 678
833 570
225 936
244 722
849 651
113 123
379 431
361 508
65 585
486 853
686 642
286 992
889 725
24 286
491 812
891 859
90 663
181 88
214 179
17 187
472 619
418 261
419 846
356 192
682 261
306 514
201 886
385 530
952 849
500 294
194 799
737 391
324 330
992 298
224 790
260 275
97 826
210 72
649 866
919 951
63 748
958 685
804 956
518 564
428 183
537 400
346 721
153 207
971 323
662 611
197 116
91 109
529 795
126 343
747 862
469 685
770 10
934 881
723 984
895 403
568 360
172 449
958 541
383 272
308 877
970 359
583 707
48 308
930 770
569 30
3 208
20 311
609 100
887 939
825 422
930 785
904 370
241 989
379 969
376 143
962 972
889 28
443 61
216 638
338 348
160 347
406 66
159 391
31 638
204 295
420 826
153 196
425 449
331 855
565 143
838 487
9 140
918 564
533 615
232 135
957 564
591 360
576 793
746 163
377 859
858 760
86 711
434 662
558 159
279 660
840 268
735 948
574 315
126 676
912 341
739 689
821 894
625 706
917 490
201 478
993 671
149 932
52 899
759 237
267 187
256 472
783 772
117 98
516 906
180 911
25 635
380 225
712 823
266 164
216 343
448 732
541 502
664 740
954 576
726 612
772 902
531 454
943 411
750 973
327 703
917 850
5 77
113 220
913 802
791 403
998 181
859 10
345 525
431 919
675 668
833 527
438 462
523 291
916 605
420 457
115 405
660 417
261 279
772 685
388 596
764 307
843 224
206 322
407 840
639 975
852 401
542 91
60 327
757 330
82 182
637 603
93 793
614 615
136 733
187 864
102 16
972 863
163 987
501 306
477 34
492 840
121 700
80 706
138 787
660 105
229 834
827 798
448 310
230 609
832 690
489 561
586 579
291 60
665 388
660 309
702 407
153 200
606 313
123 970
253 33
709 273
832 277
108 997
888 40
481 227
283 860
858 940
284 608
711 990
850 590
239 806
943 52
195 801
95 764
410 710
664 386
900 593
112 50
963 494
754 156
458 936
19 965
225 86
569 723
97 184
194 868
754 340
602 412
61 487
695 209
347 346
719 860
100 307
97 95
843 821
745 941
286 821
492 587
116 201
531 665
424 527
253 812
426 424
413 459
980 343
291 836
833 506
486 179
9 916
575 430
922 596
145 808
897 269
404 512
742 811
728 685
269 567
103 776
745 855
35 718
779 853
71 97
80 146
842 746
128 15
941 965
227 512
30 480
342 958
605 665
531 191
364 964
359 515
867 606
820 822
313 536
207 693
911 19
308 335
430 101
685 922
641 294
113 910
141 410
690 250
700 546
559 729
481 609
503 720
766 976
7 759
882 798
859 74
182 648
425 299
542 785
683 846
853 390
938 897
89 416
624 837
181 247
878 293
933 144
580 938
252 467
207 480
658 955
20 665
954 26
347 564
759 449
446 26
14 521
657 301
710 321
980 613
188 388
636 879
203 990
432 188
129 963
630 820
509 300
237 822
373 255
838 277
395 153
692 400
103 227
218 518
384 447
931 315
396 813
389 324
640 502
287 299
297 780
977 376
512 516
219 212
555 329
398 810
289 486
798 485
598 416
49 952
572 894
697 358
770 21
725 647
542 44
214 683
887 361
45 814
94 231
282 8
82 165
319 496
626 699
146 852
541 459
874 535
725 314
777 944
554 306
208 459
787 637
976 447
912 408
444 107
3 962
301 565
164 407
437 857
652 317
764 98
41 818
737 600
176 288
136 902
128 567
394 190
235 749
42 908
824 276
684 748
979 592
568 393
367 363
52 163
642 983
335 179
126 16
130 478
583 259
129 868
752 295
167 596
856 71
640 622
770 864
431 644
195 5
448 365
701 429
952 64
880 854
168 770
79 88
961 157
472 368
217 421
709 719
147 271
296 975
909 816
764 962
251 535
878 438
753 696
570 881
253 318
666 45
931 52
433 496
810 313
678 138
123 334
212 988
66 508
206 770
750 751
64 780
466 441
337 207
510 516
796 674
175 408
437 920
938 573
848 634
561 878
718 990
948 826
649 696
569 800
663 411
582 422
843 707
202 334
702 986
579 494
725 150
803 562
340 380
156 832
832 979
602 376
234 511
688 414
184 160
978 982
413 238
633 490
585 899
606 251
963 526
350 897
242 39
539 657
739 452
267 538
165 831
177 460
720 185
802 934
644 440
82 490
798 168
197 71
173 977
81 458
235 204
112 803
103 139
268 399
879 420
643 991
106 578
122 972
444 177
262 398
691 348
997 496
446 276
171 825
549 614
281 121
211 730
112 341
408 284
730 698
363 17
89 546
605 672
938 974
168 866
705 377
47 559
400 340
215 527
114 779
51 761
881 483
549 92
679 390
328 583
250 661
203 391
481 336
752 661
707 125
82 89
63 275
660 359
21 178
287 780
219 42
500 5
820 380
95 772
44 816
748 9
678 484
276 545
478 589
663 157
594 901
757 777
947 74
448 247
570 55
313 479
981 785
795 958
552 680
389 393
280 944
864 596
636 619
512 611
892 852
184 283
947 299
614 766
625 312
149 826
377 726
474 733
18 805
662 679
416 403
1 964
530 337
752 541
22 478
981 369
777 946
957 821
275 833
584 837
582 490
121 37
951 594
668 129
118 258
319 246
896 362
521 755
948 504
248 71
474 177
351 176
54 803
155 237
660 677
871 33
486 115
294 597
425 769
245 536
382 956
371 341
708 184
544 234
794 569
387 216
738 537
520 84
281 810
502 657
91 33
503 159
924 520
16 668
33 287
344 229
349 374
606 474
896 672
595 915
441 511
102 123
52 569
654 199
710 396
434 715
245 59
36 610
661 917
413 927
13 270
370 117
400 516
195 215
984 216
476 237
164 615
405 499
674 477
196 760
608 285
907 56
532 966
51 622
716 221
327 194
880 91
710 347
267 252
400 473
376 516
609 385
320 357
196 958
538 665
935 792
404 64
100 420
126 671
855 968
94 877
731 177
253 523
8 139
393 152
543 732
348 246
318 565
489 740
22 902
998 17
49 973
381 298
10 611
429 32
221 11
150 337
717 136
530 889
332 522
942 805
565 28
216 931
61 757
170 609
872 544
644 905
208 595
680 246
697 113
639 175
679 156
961 244
361 883
802 265
359 883
839 462
718 485
280 272
252 204
280 984
102 409
615 398
296 909
481 370
956 882
230 214
259 766
922 35
706 421
272 271
156 370
552 848
485 50
536 976
70 270
902 796
452 963
35 379
947 991
378 551
57 897
352 307
669 421
702 74
141 388
458 559
463 980
756 615
887 681
332 231
528 207
656 818
254 331
787 979
495 445
370 348
10 724
200 401
327 646
17 668
374 242
755 302
980 861
376 830
8 77
32 441
460 589
804 990
23 189
869 868
943 996
715 363
628 237
73 420
199 565
38 214
209 333
327 726
912 175
799 58
372 625
976 66
120 169
667 475
188 204
28 90
704 496
649 1
746 474
697 449
712 252
289 332
625 287
953 189
462 889
302 63
79 378
41 206
823 897
908 230
665 382
36 575
732 60
809 529
66 477
291 290
591 89
583 961
252 461
479 702
530 532
224 680
788 53
309 642
366 1000
352 891
402 822
545 152
113 324
967 633
454 267
723 381
14 272
20 506
308 419
644 461
713 526
482 978
336 468
289 729
496 795
326 581
530 383
167 226
522 421
830 386
91 273
116 484
747 676
395 107
958 229
756 902
262 962
703 105
511 84
481 991
449 701
888 689
599 655
306 600
492 538
803 499
445 881
316 981
889 473
785 383
765 679
491 573
589 589
124 480
741 145
898 624
725 923
682 915
131 232
398 974
906 735
753 678
312 640
790 644
301 212
945 123
447 253
197 943
27 18
573 916
589 327
934 640
209 615
529 470
899 655
15 288
592 401
92 840
575 633
814 707
354 424
127 682
374 194
566 855
594 190
973 728
645 178
603 275
712 88
32 367
298 544
561 738
906 963
626 460
143 266
504 727
836 33
361 442
431 628
554 384
24 244
416 482
735 765
243 446
454 247
932 913
494 560
648 528
357 594
596 935
788 462
536 621
759 660
200 564
566 302
741 936
217 592
219 724
832 118
819 299
487 251
473 129
241 96
64 167
516 169
857 381
218 976
490 767
504 837
707 407
342 203
475 387
175 735
786 706
171 335
232 40
888 821
866 131
976 159
253 978
619 53
642 849
460 478
218 19
218 230
667 453
949 336
89 931
488 588
568 449
526 566
860 272
4 883
772 731
734 80
259 213
270 177
6 872
424 626
204 940
313 150
159 379
205 833
25 517
951 724
721 973
635 581
293 839
712 272
410 412
465 839
366 492
74 553
23 718
416 738
764 839
49 390
817 588
507 523
152 630
256 770
562 746
495 49
414 369
78 537
912 115
59 215
259 971
258 602
841 551
137 40
590 494
383 252
869 158
939 72
282 177
880 667
479 483
454 815
730 19
556 745
195 339
409 614
580 302
99 319
913 670
798 513
318 566
790 27
344 322
80 645
468 210
922 841
179 925
347 521
231 975
597 269
607 929
903 478
310 970
223 684
10 231
845 673
905 348
58 232
93 727
759 597
912 397
906 539
43 907
76 892
552 699
670 408
671 361
353 789
837 529
12 190
889 880
912 236
377 715
56 718
585 439
852 814
715 902
421 658
330 410
51 412
840 90
697 678
848 951
826 37
198 593
341 737
274 211
740 134
339 847
875 490
400 95
603 435
474 737
126 860
973 310
973 548
581 984
788 660
629 86
799 635
475 941
959 56
80 372
917 650
91 964
783 735
773 682
712 151
655 283
953 773
279 643
701 898
706 817
147 269
355 731
100 507
498 841
261 207
591 752
630 318
374 126
960 153
917 101
406 560
759 743
618 816
981 980
641 1
131 82
920 886
534 377
453 465
397 753
51 842
301 547
197 580
910 754
211 37
851 548
42 896
919 656
30 537
674 78
979 540
764 597
937 314
656 845
590 361
337 930
997 654
643 841
652 810
632 98
827 814
659 898
56 237
97 236
304 397
771 468
680 160
344 168
561 189
632 123
666 783
235 991
71 775
327 565
824 906
1 604
948 233
851 693
780 209
603 279
380 231
84 675
684 370
757 814
605 276
304 238
358 710
294 931
742 879
37 492
4 81
707 347
131 417
660 582
89 801
455 195
303 403
680 247
970 356
934 627
951 858
404 803
446 236
349 572
93 485
672 586
158 748
772 235
891 859
532 788
621 345
347 861
227 342
555 779
16 595
303 963
941 260
833 366
190 835
622 733
345 834
893 442
192 773
430 880
160 873
767 793
170 173
810 402
318 60
690 628
224 19
52 146
411 685
203 138
785 593
219 202
61 500
919 89
191 433
711 63
294 514
937 865
253 393
103 269
316 111
625 614
639 272
641 973
139 609
45 236
316 496
218 24
293 871
747 227
879 420
633 850
10 127
356 170
665 224
536 722
823 189
603 597
392 286
258 22
771 957
820 536
139 221
566 281
229 238
325 531
804 449
786 735
983 670
847 646
388 272
632 605
253 394
405 508
137 537
283 955
678 477
659 969
706 692
786 963
313 829
143 638
713 206
244 185
489 187
844 129
896 300
602 114
210 305
930 199
692 916
457 839
241 899
950 452
229 185
212 561
222 848
32 191
747 830
869 860
245 873
575 649
818 591
204 974
584 974
822 452
198 397
942 350
942 597
899 13
375 392
327 343
479 756
66 387
950 924
464 188
286 68
573 552
294 166
137 435
557 14
423 797
427 254
95 300
715 431
403 367
453 197
735 233
1 149
145 62
782 38
848 69
456 425
490 810
679 878
461 503
844 308
70 798
599 437
888 798
395 36
733 583
795 412
368 195
94 878
114 388
46 438
795 532
583 3
321 268
714 417
332 277
257 229
906 445
301 380
277 974
651 248
218 433
109 1000
558 874
388 939
121 760
372 473
228 811
208 766
326 306
572 556
50 521
753 364
77 460
266 136
227 458
502 784
337 648
31 783
629 960
215 137
353 591
274 875
343 440
758 263
838 40
478 835
595 943
255 749
331 263
362 597
84 5
16 999
459 161
220 35
16 891
865 459
719 996
292 592
175 54
461 985
301 401
759 298
715 459
207 77
129 611
681 159
261 467
893 737
399 895
377 49
189 382
360 285
14 388
728 972
314 265
225 729
534 810
914 973
94 818
549 295
674 532
434 58
211 736
986 187
863 896
802 998
279 997
31 476
810 259
968 475
187 494
791 130
190 151
410 639
592 855
886 480
875 478
763 386
352 672
58 361
815 894
562 460
571 148
322 660
465 628
418 329
198 975
554 1
656 507
108 750
453 109
909 915
576 700
646 75
114 896
313 229
692 85
759 144
643 536
462 919
860 516
904 473
959 25
663 25
209 611
564 44
233 722
478 980
716 563
616 672
107 914
979 541
466 882
971 142
76 259
886 35
498 543
150 689
442 721
136 142
36 530
37 503
344 450
550 248
355 599
980 919
473 636
957 181
324 873
859 154
570 427
294 604
260 313
674 363
339 594
259 813
382 829
660 49
430 791
760 554
682 499
664 226
358 345
114 432
142 758
19 64
753 843
163 637
121 941
94 965
398 448
587 857
98 968
142 351
303 758
968 351
533 980
982 662
568 357
519 914
277 548
622 723
517 23
720 170
635 351
55 113
263 783
285 766
189 527
628 206
7 644
290 258
655 861
387 728
641 69
742 128
741 392
793 145
802 51
897 112
262 253
193 340
882 932
131 817
482 965
573 480
443 724
203 839
965 500
75 746
807 811
805 373
513 605
472 252
797 172
690 394
295 177
784 98
532 377
155 486
110 855
884 290
173 130
78 355
714 842
633 233
477 101
119 686
718 736
15 930
472 700
328 69
793 607
199 879
999 916
177 960
525 408
948 679
498 138
495 185
890 782
906 49
334 453
385 630
399 429
338 853
520 545
829 651
481 765
99 159
680 1000
87 179
802 717
890 885
839 32
339 838
883 186
67 470
544 185
357 921
457 376
444 986
642 934
152 171
59 645
616 46
59 681
987 43
353 234
530 103
958 496
613 389
838 931
85 579
86 132
569 908
479 772
683 677
400 343
370 703
882 139
146 344
116 387
760 909
407 539
447 304
388 655
41 378
658 92
119 862
28 411
457 362
198 397
17 290
432 152
321 611
427 173
205 137
344 946
563 365
304 475
47 982
694 920
91 802
961 66
644 778
109 744
959 464
969 313
42 341
108 685
648 331
49 85
228 676
929 91
527 534
967 166
316 51
582 966
840 841
575 625
503 114
911 16
305 113
989 826
836 506
369 738
587 564
232 455
452 735
900 264
952 548
81 738
995 853
562 575
739 569
705 365
5 620
557 264
490 193
294 21
361 373
900 84
47 250
205 288
145 132
846 151
658 419
849 521
680 974
148 655
96 648
210 737
690 298
19 187
831 981
679 965
726 954
528 166
15 248
564 636
847 560
721 563
9 24
700 896
446 803
858 16
699 274
271 714
977 449
533 229
154 280
756 423
871 868
912 124
727 970
968 231
569 935
163 808
618 23
685 210
650 88
807 151
393 770
276 555
304 613
911 866
233 223
42 303
400 305
162 306
51 900
734 964
933 397
366 898
16 59
177 628
360 225
742 537
725 612
868 633
489 314
501 478
632 981
365 904
196 819
496 108
744 179
145 152
501 598
880 349
248 80
683 762
500 314
389 513
620 205
91 584
721 652
859 894
665 198
416 143
481 671
320 302
865 611
126 631
757 526
963 526
781 403
240 231
330 830
518 283
824 864
935 755
51 159
309 220
18 447
863 800
1 833
749 805
658 791
577 412
579 857
509 408
154 895
923 360
397 827
687 971
959 961
617 519
637 335
623 238
174 883
775 222
608 886
306 708
1000 475
957 876
641 123
472 127
726 384
305 745
714 284
643 429
708 685
631 512
489 503
829 599
746 983
732 462
732 992
669 270
422 491
54 282
900 831
682 167
666 115
957 661
109 564
454 934
964 608
933 513
140 53
195 659
24 646
657 164
231 763
169 825
128 949
537 355
264 811
46 164
4 851
900 289
802 392
68 224
450 460
126 903
58 347
398 638
486 101
451 587
335 797
162 881
106 210
745 243
969 969
432 298
159 253
634 593
565 453
16 657
610 72
503 222
511 319
752 61
55 694
469 384
829 801
692 136
177 536
211 958
499 647
115 526
984 28
818 904
233 509
424 884
976 565
371 601
406 323
334 522
784 192
676 103
168 451
427 867
432 602
531 783
337 311
677 994
537 172
1000 51
379 389
103 237
785 721
943 597
412 492
572 331
828 380
771 259
939 726
594 55
19 501
500 459
376 790
689 4
776 634
474 117
575 601
953 808
143 544
510 542
221 590
615 827
599 817
567 617
545 32
727 879
558 692
307 685
564 88
331 911
568 546
881 580
649 997
746 937
393 988
237 351
517 661
521 630
213 360
820 908
199 203
813 479
14 251
803 162
448 905
207 167
86 862
123 369
220 181
158 765
944 251
424 909
311 645
399 568
59 847
253 538
233 540
312 99
790 423
849 246
202 165
552 544
653 52
788 131
893 372
113 471
498 625
442 684
929 378
86 534
12 73
318 540
258 671
524 127
579 412
424 972
468 823
364 663
81 784
399 588
896 496
151 170
626 153
367 199
837 152
640 258
124 283
572 289
408 608
358 463
895 180
884 329
523 221
438 294
278 125
25 625
729 427
996 796
956 151
188 867
519 122
35 370
311 840
195 115
829 875
784 912
904 85
99 969
443 714
738 971
713 743
109 198
388 635
836 41
261 640
693 731
453 222
489 536
514 165
70 311
334 124
711 773
634 923
135 280
271 257
452 961
669 267
128 238
284 810
524 171
143 288
989 389
994 566
280 74
392 813
473 49
231 175
895 754
943 457
548 897
677 512
840 68
358 236
541 574
758 893
542 615
689 857
16 538
721 72
618 292
958 916
265 804
547 656
252 379
605 67
263 280
735 361
178 984
416 271
441 489
398 256
7 882
4 225
27 529
639 510
413 1000
502 191
226 813
327 898
170 420
711 470
123 619
946 377
623 465
312 887
736 764
8 55
915 727
22 844
650 644
831 181
508 171
534 545
415 439
896 547
982 417
193 205
389 500
801 332
337 820
489 416
733 243
271 854
942 66
954 236
48 568
919 969
394 706
881 295
917 167
375 773
10 279
448 661
128 727
530 838
541 404
311 743
316 234
473 529
381 191
652 832
2 537
137 366
349 880
100 940
663 745
67 37
443 672
295 809
217 682
911 979
359 300
855 511
298 732
616 868
330 618
160 769
803 186
50 584
208 832
585 716
530 472
951 272
654 498
986 365
812 583
805 479
699 898
500 133
643 646
544 915
970 55
987 213
888 623
646 875
398 513
510 356
625 586
694 16
933 984
493 422
20 354
104 214
230 890
962 212
50 27
351 769
498 835
864 232
228 254
713 642
77 476
407 919
497 912
269 754
29 734
197 967
398 41
747 259
386 926
125 840
411 544
359 908
844 225
580 69
108 121
838 523
408 678
814 593
421 665
999 314
507 992
557 596
645 358
571 524
532 163
426 942
387 537
230 182
246 204
537 208
716 653
563 848
947 532
633 103
834 871
938 932
329 507
481 986
957 613
405 323
689 590
332 377
686 905
989 932
650 474
93 606
119 389
282 671
450 360
3 845
324 646
544 99
957 609
734 501
268 764
699 598
171 242
151 390
279 61
891 259
142 519
380 826
353 942
711 282
929 896
609 982
61 276
398 301
385 952
631 856
859 428
225 255
207 723
328 280
971 937
547 37
628 901
848 456
543 996
864 590
228 455
85 510
668 667
936 829
755 51
832 383
928 340
85 915
242 797
786 547
845 1000
480 335
250 785
247 797
188 299
415 343
495 281
149 282
755 264
850 78
14 134
661 126
223 862
649 190
790 340
761 724
418 271
959 701
627 464
668 405
429 230
698 153
486 923
309 813
734 686
751 925
389 21
339 58
572 295
2 900
873 956
257 86
965 346
412 427
546 221
435 202
886 417
378 424
805 943
927 883
587 290
333 47
622 269
685 775
249 379
668 121
885 362
7 534
371 828
899 388
549 908
305 394
66 282
118 432
920 443
297 737
427 584
422 206
244 328
271 848
533 805
2 337
624 488
222 519
335 362
575 230
415 393
617 353
758 275
265 845
187 377
174 202
220 971
311 431
82 508
270 825
682 226
946 719
637 540
962 973
102 480
677 347
139 536
647 842
877 640
766 211
578 687
619 579
922 168
35 678
758 244
229 479
516 749
902 49
559 177
368 805
308 345
625 569
55 926
912 273
60 743
882 885
769 816
594 151
304 75
632 863
755 636
600 645
424 859
91 817
412 355
971 930
588 850
759 282
550 549
134 115
710 394
113 465
356 153
985 650
339 615
992 846
725 184
955 15
961 304
156 437
63 943
631 929
770 535
546 388
988 523
999 515
88 45
870 657
248 748
667 49
302 369
344 374
536 140
195 282
477 816
655 463
187 527
384 533
955 747
720 921
709 699
31 318
853 854
15 938
999 663
941 360
158 188
979 685
736 709
683 825
437 150
614 332
382 577
731 739
699 755
883 614
693 497
904 519
650 439
598 960
694 644
962 761
718 310
719 654
464 973
599 641
727 551
694 465
139 624
315 214
437 435
992 383
304 449
72 354
554 628
712 855
585 25
702 34
251 561
158 68
894 914
756 333
591 294
587 768
86 448
564 698
85 742
122 32
993 671
42 716
98 83
137 163
389 953
205 671
640 657
357 748
541 799
629 289
712 248
425 30
147 749
722 740
105 353
999 644
382 808
859 72
213 422
260 376
60 952
908 883
698 707
664 619
89 664
854 866
663 161
963 894
614 707
914 143
146 607
105 321
411 87
830 899
160 65
686 162
212 651
14 458
845 579
979 203
158 281
939 108
527 429
718 782
675 86
935 863
239 750
317 250
458 311
623 320
615 337
412 21
431 596
639 993
180 997
857 961
640 807
497 881
557 127
398 985
670 523
262 617
425 47
175 994
832 614
850 259
149 986
207 564
651 1
603 787
867 204
295 993
444 156
987 87
820 579
879 226
99 709
25 177
535 985
450 951
985 32
611 801
406 800
54 61
530 701
343 61
967 429
57 695
988 230
981 42
233 487
717 527
950 112
726 249
994 334
524 75
985 599
991 525
783 510
835 826
666 100
526 721
580 843
443 374
165 48
531 285
879 645
667 938
595 888
744 527
1 579
55 779
588 680
865 716
508 977
436 417
37 850
381 974
197 972
376 524
107 902
170 156
363 225
926 344
894 737
52 615
214 292
760 451
934 648
494 529
760 773
691 724
817 699
374 422
439 73
566 700
954 956
717 500
392 481
602 910
163 135
20 52
397 804
834 31
68 850
184 32
952 581
316 520
768 556
423 309
277 441
111 57
543 455
552 488
379 695
387 518
110 679
671 290
811 111
75 83
728 42
149 926
47 462
5 201
712 167
283 143
532 78
480 849
36 305
752 517
768 168
756 101
283 43
478 174
195 203
405 51
151 644
377 358
282 523
720 387
524 978
175 89
799 421
156 814
182 48
504 926
418 319
298 87
486 705
918 483
226 618
749 475
366 756
934 773
388 753
514 370
607 360
53 815
707 609
433 405
218 607
868 495
661 233
289 72
356 388
812 110
548 545
959 391
271 574
50 742
810 76
23 362
847 781
595 163
955 447
633 386
170 426
873 357
246 97
157 443
495 456
867 170
108 739
383 818
679 991
328 829
719 456
59 590
327 237
589 748
740 803
185 321
499 685
713 387
825 901
306 118
292 202
672 283
831 333
896 122
491 241
389 551
192 816
361 660
995 436
445 435
89 865
69 438
858 660
770 13
865 727
659 99
831 204
422 494
832 763
927 529
421 666
827 312
552 824
503 239
687 967
897 446
695 668
56 677
945 755
600 208
162 491
325 152
429 756
913 358
971 585
128 876
163 293
416 322
860 550
655 530
335 201
36 713
825 240
143 282
190 975
277 432
426 39
980 719
784 4
269 80
469 874
799 568
615 887
735 667
456 644
805 258
646 717
539 199
860 371
71 704
411 531
15 576
754 733
964 477
942 50
62 295
930 50
71 223
679 578
5 351
478 87
191 435
378 1
304 764
852 287
161 53
830 779
705 860
601 241
912 599
513 929
153 15
245 935
678 558
229 203
93 913
669 698
471 514
558 529
561 356
932 904
532 75
538 235
400 560
976 688
877 959
879 678
993 685
203 283
182 233
599 687
851 661
87 746
474 337
358 775
626 100
280 748
859 168
722 143
238 801
678 830
559 986
834 451
59 876
624 906
796 523
296 257
867 64
761 787
740 108
382 392
773 640
885 845
49 862
708 659
73 291
812 655
914 100
216 429
562 745
14 978
475 498
227 525
418 237
494 192
577 993
786 233
120 451
383 312
699 210
395 476
317 897
105 710
410 680
675 849
953 591
532 397
321 889
406 807
779 112
66 726
565 675
519 485
854 113
521 896
229 536
866 524
596 983
95 504
938 92
897 42
455 179
460 511
480 651
620 83
34 54
594 881
923 422
151 488
348 663
704 858
970 380
343 825
692 234
58 928
799 419
389 660
389 696
978 606
653 982
417 310
483 987
522 780
680 349
607 182
452 200
623 529
880 162
5 6
872 477
583 756
453 776
122 331
9 882
819 220
691 964
632 130
715 138
829 252
56 78
59 179
28 464
859 195
145 446
160 967
453 164
866 917
400 465
622 315
830 557
859 701
152 970
359 125
221 887
872 245
646 347
663 115
711 836
271 538
530 572
44 513
573 684
550 450
955 512
268 1
937 799
117 295
294 805
105 866
29 526
86 818
656 137
352 275
914 487
712 298
150 719
388 590
142 736
47 813
28 410
567 176
76 273
989 643
794 487
618 805
768 532
732 944
504 821
520 254
8 366
825 961
803 621
550 796
531 597
810 43
381 667
589 363
853 985
424 296
440 893
382 378
801 397
686 475
427 449
124 431
93 444
167 352
259 184
237 262
313 686
211 167
899 239
9 824
63 658
738 272
484 979
777 237
964 267
678 750
285 794
784 244
949 166
117 814
467 358
853 496
635 319
893 454
281 906
375 970
239 697
782 928
497 396
671 531
798 205
699 6
585 395
665 617
277 439
112 629
831 241
202 734
877 989
973 684
501 416
283 742
520 969
641 476
181 622
620 703
137 188
23 551
844 954
993 672
472 363
260 434
931 694
176 188
931 548
358 789
745 853
769 454
198 983
734 319
858 660
500 244
907 390
758 740
34 322
598 238
578 911
684 945
378 121
251 678
370 734
29 220
842 660
909 368
181 774
98 638
684 497
395 248
216 367
781 538
199 359
618 112
183 286
956 789
817 46
576 641
165 17
973 149
451 19
451 742
130 538
424 972
953 363
381 150
706 289
16 709
215 516
51 1
436 124
441 419
540 401
33 632
888 201
843 934
386 860
79 950
272 736
573 983
347 916
694 571
511 507
330 408
477 807
523 917
876 710
191 590
935 830
251 446
56 273
210 649
473 125
285 963
75 827
900 280
591 241
555 457
458 606
959 240
215 570
328 208
108 992
401 755
213 184
530 146
823 205
599 819
773 488
57 490
359 831
58 958
865 478
190 158
472 344
845 824
190 962
204 910
694 484
716 134
732 389
418 397
547 290
5 695
986 258
175 893
561 817
146 539
149 959
884 21
451 317
957 237
385 75
789 36
768 625
91 827
54 904
96 908
624 595
713 730
396 223
491 705
196 789
153 996
39 928
97 50
177 424
781 443
955 961
830 180
877 600
506 941
88 556
630 644
24 901
727 360
766 427
889 387
12 517
451 636
786 709
962 497
581 557
545 302
279 216
754 420
178 743
351 833
133 918
225 719
113 235
962 980
830 194
750 806
398 184
707 720
571 626
681 510
972 728
788 793
586 652
487 359
993 937
483 714
187 402
582 547
678 409
406 715
318 432
36 190
533 535
317 356
350 259
179 477
513 943
147 537
200 641
616 449
368 699
325 893
268 845
119 787
316 916
520 601
586 537
944 983
629 872
662 236
358 43
837 907
896 931
418 585
997 27
513 886
267 216
438 158
949 681
905 11
550 895
884 209
840 57
414 413
138 607
362 483
473 24
473 114
29 450
891 382
556 525
157 779
724 413
381 608
554 683
41 879
600 870
509 816
130 699
499 653
233 630
228 509
169 948
533 856
973 791
157 716
522 693
210 58
929 269
284 168
614 46
801 564
126 782
864 233
885 5
169 1
957 516
345 872
115 996
107 248
427 447
746 711
883 325
139 849
789 220
519 362
55 560
943 796
84 859
208 722
341 529
53 127
2 986
308 486
346 725
513 39
875 341
670 50
587 74
300 283
429 759
747 362
407 84
709 109
151 488
937 325
854 212
316 738
101 742
594 844
612 585
945 335
986 509
918 185
430 905
257 124
283 874
284 299
979 445
353 346
259 745
241 582
467 514
688 790
393 628
30 997
483 549
209 461
498 108
950 946
447 412
222 192
605 279
205 145
294 537
710 479
50 458
465 202
122 775
367 999
874 23
805 374
156 421
59 566
242 870
169 367
3 576
735 835
735 732
530 618
486 714
527 936
506 280
152 389
61 527
875 426
652 355
762 939
779 308
621 341
931 717
435 869
550 137
352 18
19 653
144 888
69 917
370 474
318 647
368 907
712 326
386 417
932 764
754 607
76 320
178 566
930 704
625 359
28 346
869 343
911 829
923 319
688 983
458 783
954 42
413 743
697 648
414 274
621 71
168 119
242 124
166 709
316 992
991 442
640 49
778 640
950 856
174 237
691 970
26 829
714 965
532 142
898 489
381 920
963 784
513 927
674 27
172 926
789 867
624 90
920 81
795 704
685 530
174 324
985 203
848 975
475 685
936 716
201 492
914 647
683 98
936 962
744 739
914 6
647 84
553 826
350 757
157 83
14 33
366 632
192 46
103 433
128 693
486 108
696 727
944 571
912 545
986 997
744 238
923 247
912 600
757 23
263 275
154 317
639 190
11 335
482 318
59 207
6 817
498 667
75 44
549 400
686 154
123 420
766 809
619 511
747 50
521 5
70 493
495 35
523 351
384 803
844 689
216 469
1000 814
631 612
104 977
468 675
705 16
358 954
285 817
686 737
492 791
832 375
417 97
736 855
55 575
650 544
610 242
849 968
73 375
129 396
961 272
17 318
478 143
351 852
794 176
887 929
944 154
935 986
426 377
890 927
334 899
356 283
183 596
372 458
8 377
29 671
555 22
847 199
432 844
44 269
137 811
132 723
298 151
689 298
166 986
919 790
396 750
179 24
608 629
92 745
294 671
367 208
594 727
580 521
947 499
278 171
246 621
328 771
878 915
155 562
320 592
244 872
381 900
474 611
409 967
141 928
969 229
466 557
794 599
43 704
3 334
371 120
524 380
191 838
584 9
448 215
150 463
894 553
766 570
318 439
86 623
99 203
76 240
763 407
30 42
384 968
325 307
671 544
928 731
845 879
293 590
341 684
178 586
663 917
2 900
691 201
235 346
138 926
995 92
821 461
795 947
439 238
508 94
709 480
862 286
910 241
752 605
798 591
985 255
868 73
221 148
163 429
563 274
158 46
883 715
717 833
781 1000
676 396
165 722
346 660
546 360
959 682
77 154
422 698
983 777
810 511
643 745
197 422
699 500
259 221
327 467
894 776
472 740
987 88
994 483
209 264
776 750
234 797
673 818
953 681
928 283
179 277
401 172
531 89
911 43
686 73
171 960
109 829
567 802
408 645
465 262
423 311
283 21
388 143
879 440
100 649
119 219
773 286
10 947
298 1
955 677
105 229
908 597
957 637
416 512
95 911
997 902
927 886
840 719
169 362
987 529
587 182
465 315
259 398
371 193
877 475
75 53
585 629
829 950
251 308
277 184
876 10
771 104
142 480
187 641
733 540
561 56
537 236
50 432
192 642
6 547
656 867
610 662
978 149
394 136
106 269
483 7
891 251
205 599
928 634
368 543
260 80
550 873
963 806
454 774
978 892
73 68
705 725
981 766
873 722
175 790
751 485
245 929
88 564
122 503
184 696
170 957
531 290
461 345
644 993
393 898
3 2
239 537
345 788
872 615
784 70
905 341
582 56
657 194
936 195
459 837
634 62
862 175
524 14
442 779
873 752
294 517
145 382
645 829
830 917
790 703
620 351
42 176
994 529
633 222
693 219
677 260
715 351
328 505
276 504
554 132
829 824
602 518
799 334
253 660
324 979
477 896
905 815
561 515
55 413
402 377
660 720
181 584
759 120
204 158
632 396
56 399
765 813
73 168
857 645
341 595
446 723
631 7
348 156
543 123
418 120
936 503
169 926
902 318
593 932
414 892
490 631
592 209
876 147
631 479
282 119
209 13
961 33
9 728
927 986
2 75
663 685
222 387
665 521
669 394
773 488
465 518
544 603
630 172
799 317
383 70
984 81
787 215
321 504
23 279
792 163
213 368
529 513
242 123
526 565
197 759
472 760
922 503
972 246
151 199
865 816
790 883
158 453
177 908
577 533
652 256
97 628
156 524
229 840
374 281
869 183
938 377
182 479
213 868
460 819
350 971
95 407
640 96
704 225
670 408
333 76
382 79
528 306
180 510
54 333
455 675
259 618
368 517
242 690
798 113
42 518
831 926
61 335
233 195
874 488
55 704
306 568
335 271
351 48
584 584
416 245
192 595
986 538
187 558
889 837
321 19
516 780
166 804
22 460
317 830
344 46
462 583
147 630
380 118
156 410
612 646
721 515
487 694
744 283
144 200
606 787
641 252
564 471
888 48
878 553
287 646
166 711
33 146
61 874
600 854
417 412
12 748
778 781
446 216
255 953
178 672
110 929
979 16
320 781
368 726
210 947
436 495
496 927
996 452
684 32
569 645
156 426
413 336
298 164
898 349
613 624
950 689
44 851
643 45
123 217
259 651
486 510
112 205
90 211
337 73
811 411
41 277
368 272
618 243
435 791
135 225
388 869
519 288
381 556
684 982
528 431
875 370
781 270
335 908
392 437
358 22
447 559
213 867
896 347
959 299
193 376
672 208
858 459
113 128
868 801
268 167
109 859
606 360
243 902
564 103
686 779
814 583
179 498
233 411
786 757
977 403
945 836
667 477
425 965
864 837
14 726
781 515
149 537
39 736
718 442
333 692
136 600
590 334
339 326
441 105
609 564
803 80
966 975
978 326
495 81
760 236
359 494
308 688
131 493
635 110
295 344
676 38
834 704
256 857
845 47
696 161
849 619
873 453
165 948
722 381
911 115
678 320
450 342
325 56
589 444
357 487
381 162
21 352
904 375
458 36
410 602
899 391
630 198
343 398
754 400
415 728
900 685
37 998
699 930
91 664
574 585
905 430
609 476
990 815
503 994
407 506
561 635
302 695
371 842
426 360
888 670
68 305
812 188
666 993
591 397
692 932
194 280
499 327
2 316
649 960
761 515
628 239
139 358
437 148
142 153
653 46
363 27
62 261
482 93
751 982
178 132
418 113
181 493
968 983
265 700
572 85
611 400
164 272
839 262
115 756
418 865
428 845
984 787
897 121
986 19
354 304
167 483
970 376
115 524
498 362
317 872
697 403
570 108
555 920
119 112
581 913
3 157
675 768
819 234
737 367
247 170
302 907
354 645
239 360
792 25
416 786
616 637
812 806
920 763
109 195
439 840
679 369
61 777
183 60
407 835
706 140
567 790
944 220
1 271
503 100
320 785
603 54
646 159
83 954
394 665
943 302
700 241
989 894
900 585
875 979
577 778
623 347
357 675
43 198
789 532
12 960
47 86
433 167
988 218
672 451
365 210
780 740
825 184
219 917
868 249
836 716
620 765
326 834
797 470
475 765
196 738
291 951
641 838
341 763
293 985
456 284
235 251
408 730
963 8
212 810
1 845
612 416
597 454
352 372
755 145
956 262
330 699
16 159
706 460
19 862
78 257
903 355
418 327
191 595
534 919
862 785
543 18
977 590
423 762
404 652
163 730
147 988
235 819
470 850
958 876
144 418
563 150
745 562
196 577
702 932
485 158
506 334
403 859
263 383
791 644
813 864
713 276
323 924
17 63
827 286
473 931
126 798
479 955
169 743
247 231
408 216
452 404
311 557
591 235
744 585
392 249
430 154
177 259
16 673
979 867
241 621
719 427
644 339
167 221
156 348
157 716
314 307
129 11
536 457
192 728
418 39
159 797
52 679
471 275
630 640
843 707
701 100
85 538
299 311
6 415
94 198
252 165
62 394
69 408
896 832
722 478
360 302
399 883
35 4
751 336
434 428
301 778
410 159
653 779
713 86
824 687
259 106
62 20
162 776
638 174
356 940
17 343
238 897
117 104
559 675
14 127
119 289
534 573
686 2
420 225
337 515
179 910
855 570
105 799
745 442
168 563
416 251
698 272
353 925
821 864
435 689
558 490
273 220
505 919
851 89
815 19
695 994
904 259
157 275
712 9
968 539
958 224
832 375
31 166
124 805
866 798
748 354
180 63
53 568
195 29
126 208
360 274
112 984
190 576
162 616
407 701
889 879
605 564
71 781
613 876
571 77
176 623
614 282
412 193
542 994
240 787
275 50
420 283
862 608
382 682
746 15
281 409
234 395
352 945
962 345
689 478
834 210
724 415
957 20
26 356
608 773
803 212
894 77
720 771
55 246
559 908
569 387
844 305
799 682
588 340
429 975
509 792
278 127
570 905
645 278
275 341
23 381
40 461
162 179
70 28
879 447
771 27
10 456
587 279
330 385
844 72
308 723
463 526
746 617
845 562
161 786
57 262
208 847
21 2
124 578
636 868
800 646
870 523
330 689
138 713
649 315
813 242
67 729
945 205
698 459
394 630
638 998
49 69
886 790
363 327
952 980
52 750
24 448
197 680
509 851
781 865
703 228
811 414
845 949
113 943
795 729
612 656
552 364
648 989
885 343
688 135
570 678
324 430
843 64
307 885
535 643
616 493
49 337
33 279
639 659
617 82
824 120
408 741
243 433
816 113
386 293
656 462
613 924
446 377
539 667
805 991
148 659
438 496
785 197
947 474
677 798
575 481
501 83
473 160
562 842
271 871
552 108
294 522
863 282
288 409
358 899
215 889
143 680
685 846
805 965
606 483
179 92
165 80
894 511
212 655
122 233
399 155
243 889
919 189
250 796
604 516
671 543
364 552
429 630
80 676
33 324
94 341
252 951
817 251
848 663
332 556
431 891
982 759
775 959
694 667
690 614
256 429
690 912
456 768
642 569
235 628
15 262
598 373
285 268
22 879
382 447
798 931
925 428
478 297
985 219
600 578
789 116
375 80
492 781
192 620
218 5
491 444
61 744
618 487
306 176
143 230
668 948
93 753
704 591
229 363
580 544
465 276
533 162
916 929
992 143
448 793
912 238
874 806
710 413
856 742
63 805
986 854
591 489
198 490
643 834
981 587
444 651
924 821
584 67
109 652
178 380
243 619
1 727
949 648
695 194
769 183
256 16
226 322
162 523
876 130
915 648
108 172
398 950
37 195
72 941
917 221
887 223
454 61
649 30
320 197
66 794
579 998
432 716
899 238
465 477
916 516
996 956
965 322
573 872
777 328
753 42
416 529
241 397
796 36
180 221
135 482
389 122
586 478
556 207
289 798
400 243
146 525
970 332
292 274
989 578
283 384
393 967
594 163
638 361
978 372
110 946
654 337
227 124
929 124
832 412
39 670
716 274
697 496
25 210
644 446
762 746
345 505
370 688
230 375
746 560
827 696
618 375
594 872
161 951
21 732
384 895
259 427
968 261
693 154
596 339
923 500
625 36
772 797
169 641
682 441
583 293
644 429
61 369
645 617
690 12
10 793
415 595
88 831
104 833
131 951
648 763
988 975
837 435
226 384
682 390
153 733
195 684
824 239
643 140
292 250
722 130
26 768
115 166
778 144
345 425
295 323
305 502
963 371
834 131
879 519
801 155
223 663
177 330
116 657
648 4
468 462
597 578
412 261
630 674
181 873
446 522
308 241
26 472
276 220
252 425
710 934
713 28
400 452
798 226
980 512
424 749
375 769
640 866
610 291
68 444
229 654
19 478
871 213
969 525
850 6
56 296
868 425
360 237
504 766
253 545
395 872
870 203
802 696
654 821
968 599
531 784
454 115
68 308
835 933
704 601
219 445
561 476
196 803
368 41
851 779
122 578
773 636
199 137
898 837
595 944
339 156
685 442
924 221
750 285
909 131
308 407
490 6
860 346
531 545
909 790
381 94
241 289
263 217
623 189
137 598
891 126
879 655
488 190
331 62
884 504
664 324
737 285
995 860
83 534
404 510
797 366
235 907
718 683
453 106
834 226
349 214
123 44
519 612
278 248
552 260
450 854
209 467
586 765
34 834
476 786
36 192
978 871
511 871
254 555
818 717
651 563
688 337
166 157
175 631
723 780
133 626
780 885
403 389
660 669
243 447
898 733
270 256
441 211
702 244
772 862
386 387
167 629
616 723
993 381
276 803
85 638
239 436
383 680
427 710
276 487
930 524
546 800
799 453
702 335
380 752
485 671
330 35
58 941
528 312
638 425
730 453
198 473
242 558
518 260
556 369
555 656
868 486
695 193
330 457
517 39
429 134
843 306
366 247
40 765
627 876
715 796
564 776
907 635
234 188
405 708
995 291
632 116
995 586
69 916
804 897
769 807
718 233
756 76
953 500
492 746
919 4
147 418
303 825
920 654
188 851
185 709
548 656
726 463
860 210
880 611
145 264
176 651
777 600
340 728
192 174
580 976
790 651
859 272
718 220
225 760
34 654
397 90
546 123
832 333
635 428
732 284
652 539
36 743
459 268
749 307
814 744
834 563
438 437
925 994
262 133
409 515
337 400
381 383
657 201
291 490
36 499
310 411
97 222
578 46
9 298
437 976
688 126
291 814
866 694
679 555
282 183
765 356
590 15
86 673
542 862
18 922
284 907
281 115
701 669
757 278
869 551
487 244
841 846
794 807
22 666
37 383
215 311
129 495
155 527
498 459
517 117
451 865
981 656
226 624
756 427
467 737
981 973
376 209
574 538
925 809
934 925
313 82
800 96
449 720
22 954
191 642
641 27
320 722
260 271
428 423
241 693
622 61
739 666
274 862
330 503
134 959
261 364
673 297
146 631
73 507
369 461
673 929
407 428
143 675
846 986
155 459
89 598
123 732
332 49
555 692
602 536
986 103
681 217
472 896
705 672
724 843
834 765
778 420
498 387
73 366
325 719
43 401
919 787
101 627
389 438
710 362
650 698
845 355
741 370
363 226
984 342
71 902
699 749
592 616
391 29
181 40
286 41
968 356
351 64
170 22
705 502
656 441
253 417
482 696
549 874
516 635
691 934
334 775
266 41
574 840
545 550
902 813
366 932
431 937
327 920
420 465
931 67
508 447
631 289
783 890
285 213
793 656
855 332
965 169
961 501
569 793
381 25
743 577
327 76
315 786
888 8
536 688
49 627
206 543
693 453
958 429
193 728
86 916
80 811
943 593
334 613
203 574
382 283
229 208
479 806
569 806
905 972
378 807
93 193
330 166
451 609
324 397
989 485
901 195
425 592
273 428
564 381
986 131
97 159
684 238
824 420
556 78
380 335
550 322
373 441
285 983
708 75
365 526
861 906
532 322
662 231
263 780
190 354
330 125
321 522
479 295
72 508
736 368
757 638
735 868
476 855
730 535
141 125
580 764
885 538
110 620
84 3
893 302
730 630
85 679
67 624
548 951
210 105
609 96
169 389
370 899
934 567
565 729
73 619
270 866
625 641
432 790
351 185
615 422
211 999
601 86
10 517
61 689
233 335
283 937
27 319
971 521
382 845
514 793
348 267
879 486
798 923
596 875
762 677
352 832
525 520
881 101
595 668
599 283
315 706
123 127
800 937
558 324
98 222
726 492
660 631
555 706
934 268
544 183
978 410
877 872
419 421
82 248
98 66
797 879
603 534
500 351
540 199
143 654
957 677
508 797
674 963
102 724
238 376
111 943
586 917
626 929
11 963
942 68
698 282
469 963
812 912
443 908
354 124
89 884
11 814
488 528
749 781
499 958
314 212
94 151
287 570
411 257
696 980
371 148
975 433
681 969
564 507
386 762
54 773
761 370
544 925
799 154
903 135
279 565
975 83
16 913
868 36
163 819
638 86
964 381
246 987
662 14
398 74
655 870
269 925
283 268
632 862
148 687
492 997
246 605
159 752
313 523
206 408
704 74
137 972
806 242
83 820
480 798
294 987
861 683
27 530
883 878
943 909
267 202
569 565
220 610
5148 5539
5909 8592
9374 7939
5626 6990
7520 9116
9184 9916
8410 7781
9394 9054
8813 6190
9893 8988
8527 8685
6445 9875
7136 9672
7752 8365
7348 8646
9643 8875
5655 7293
7159 8388
8404 8961
5627 8085
6092 9292
9080 9189
6195 7404
7651 9939
7150 5071
5745 5218
8967 9358
6431 6265
6064 9215
5322 9600
9887 8016
8163 9444
8244 6136
5719 9130
6292 8612
7579 7845
9326 5148
5209 7022
5225 8543
7999 9841
9832 9338
9534 5980
7608 6164
7473 8243
5822 6963
5183 9071
7327 9715
9786 9644
6779 7140
7796 6773
7316 8821
6075 8719
6095 8816
5720 9109
9703 6796
9668 7162
6121 9249
6212 6084
6658 9556
7651 8603
7079 9600
7620 5323
6809 6202
5353 5626
7810 7429
5485 7611
8717 6032
7106 6949
9824 8483
8243 6120
9452 6853
8269 9347
6361 5186
8367 9060
6897 7861
7663 8968
7689 8691
8665 8674
9520 9655
7527 7551
7476 7478
9784 9946
5079 9143
8935 8741
6317 7292
9609 8756
9412 5883
9897 6670
9356 5807
6648 8428
9810 7563
6571 7500
9751 9977
9787 6254
6358 9641
7179 7787
8368 9012
5968 7409
5048 6453
9691 8150
5439 7636
5360 6753
6006 5319
5562 8764
9317 7716
6771 6246
5248 6416
9041 6391
6504 9608
9121 8897
9580 8946
9855 5445
5183 6003
8239 7469
7434 9741
5251 5751
6982 6658
5353 8734
8375 8403
7532 8463
5084 9345
6429 7485
9604 7702
8495 6294
5191 6159
6558 8648
6904 5500
8826 9440
7092 9294
5186 7450
8081 7081
9887 5660
7251 9688
5167 5367
6012 6502
9273 7052
9952 6690
8007 8010
8950 9564
7889 6374
8866 9779
8884 5611
8000 5431
5404 7559
7729 8818
7743 5499
9189 9351
9144 6751
8699 8700
8962 9077
8308 5326
5464 9909
8390 6146
5946 8267
9370 5941
9336 8640
9852 9890
5643 8353
6553 9202
6999 9519
9590 8225
5082 8914
5759 8968
6188 9526
5208 6561
5258 6650
8687 6001
9685 9244
7092 7573
9963 8344
6629 7369
6540 5461
8800 9500
7372 7682
6715 7471
7905 6674
9740 5436
7215 9425
9212 7923
7071 5613
7455 5887
8545 5809
9253 7291
8489 6350
7997 7646
6423 7671
8174 7150
7649 7306
6638 6967
5773 5498
8607 9855
7666 8091
5420 8662
7945 9957
6527 8638
8747 7107
8146 6813
8712 9997
5335 5079
7398 9429
5069 7221
8524 9281
5586 8159
5612 5922
5359 5222
8968 7727
7231 6209
9587 6748
5181 8936
5331 9950
6930 9749
9335 8329
6395 5183
8108 7109
5531 8035
7136 8761
7082 9572
9791 8289
6067 9440
8492 5939
8050 6552
5256 9927
5339 6555
7865 8561
6794 7497
7781 9048
9565 7147
6268 5714
6785 8720
9915 8919
5901 8079
6912 7742
6127 6879
9987 9801
6444 6843
9234 9855
6133 9915
8083 8599
5694 6910
6307 8821
9804 8865
6299 8820
9810 8655
6087 7467
7599 5811
7355 6818
9035 8294
6551 9443
7569 7148
8297 8703
9504 8741
8700 8782
8389 6999
9456 8595
9158 8228
8371 5411
5680 6137
5411 5166
8647 9148
9899 9536
5298 7952
8596 9120
7821 8068
6240 5809
7056 7307
6567 5004
8031 6799
5896 5313
6712 8158
9931 7973
9964 8902
8332 8460
5262 6578
6852 6896
9432 5785
5724 5687
9255 8847
6310 6112
5041 6118
7200 5277
7673 7383
9860 5198
6125 6109
7868 9901
6707 9658
9522 9088
5531 8565
5162 7406
6661 8109
9783 9116
5162 6621
9146 7334
5287 7732
9714 9011
7726 8465
6805 8827
8612 8685
6874 5505
7824 5869
5786 9490
6354 8519
9279 7109
7675 5658
9319 6795
7940 5883
7328 5201
9483 6044
8341 8948
9538 6278
5852 6055
7627 7206
7858 5998
7890 6728
9921 7680
6517 9232
6708 9219
9578 7694
8133 5439
5781 9929
9595 8404
7124 6560
5559 9545
8864 8551
5916 6588
6674 7773
9960 9410
5181 5704
8499 5996
5978 8114
7178 9234
9130 5324
7802 8414
5753 9407
8742 7797
8318 9470
7774 5888
5246 5289
9712 7137
6050 7361
5283 9038
7520 5850
7592 7123
7789 6631
5713 7452
9639 6989
7157 5146
9811 7247
8130 5886
6024 7002
6687 7561
9999 8905
8676 6154
8314 5401
5227 8492
5293 5986
7012 8617
7335 7162
7879 7912
5575 6829
9251 9024
8484 7417
5259 7003
5902 7079
5630 9613
8286 9230
9252 8089
6903 9040
7002 9635
8549 5434
5452 6489
8077 8136
5465 5701
8036 7341
8728 5468
9751 8047
6987 8392
6913 6924
8336 7771
6971 8569
6094 6377
8979 9252
6478 8537
8413 6193
7563 6681
6444 8407
7872 6992
9925 7261
5143 5163
9816 6273
5086 6747
8279 7537
6984 8522
9066 8761
9943 5900
6728 9306
6974 9777
8129 7573
5952 5208
9956 9801
7271 5232
8270 9701
5746 8340
9993 9972
9339 9493
8729 7033
6976 8860
7635 9783
6254 6863
8700 7825
5653 7666
9570 9286
9034 6138
7313 6090
9071 9875
7489 9337
5022 9288
6496 8330
9948 8545
9392 9939
9938 5625
5256 9726
9242 8621
7627 6074
5847 5882
8569 9723
5051 7799
9295 9973
9282 8633
7565 9599
7614 8857
5154 5575
7831 5133
6939 5286
7299 8348
8034 9330
6690 9916
8013 8378
5802 6240
7652 9204
7715 9786
9276 5188
5400 6538
6520 8136
5441 7383
7129 9419
6540 6882
5031 7252
6414 6562
7379 9117
5403 9021
9130 7993
5410 9315
5166 8589
9426 5289
5038 8537
8617 5155
7749 5821
6002 5952
6537 7726
9930 5227
9858 9656
6431 9736
6394 8267
6810 7963
7404 6910
6594 8146
5391 6212
6888 7238
5300 8729
7510 6123
7806 6202
7893 8084
9434 7951
8894 5657
6608 6786
8785 7903
6117 8672
9057 6270
8476 6610
8584 8920
8223 9894
9884 7495
8189 7689
8483 6642
8229 5880
7915 9946
5426 7451
9701 8770
8140 5737
9064 5021
5270 8948
9145 6880
7001 7714
6740 8537
8790 8464
5536 5853
9891 7560
8927 8839
7368 7345
5065 7880
6140 6340
8912 5867
9176 5623
6233 8188
8374 5000
7837 9248
6966 6825
5759 7981
9906 5204
6048 8909
8357 6933
5437 6280
8421 5270
9213 8132
6108 7853
6778 6216
6664 6340
9945 5853
6205 5911
6380 9066
7018 8136
9510 8262
5460 8450
5551 6704
9996 5352
6497 9661
9293 7010
6058 6616
9704 6408
7021 7773
6366 9023
5982 5913
6884 9013
6363 9599
8291 5381
7730 8394
6024 5183
8352 5901
8962 8308
8924 9247
8881 6866
8048 6388
7587 5218
6522 5376
8007 6962
7529 7301
8545 8926
7468 8283
5781 5582
8726 5581
9178 5683
9828 5055
8185 5309
7438 5241
7209 6223
7445 7089
5084 9519
8542 8211
8794 6786
7760 6085
5448 8673
6372 8755
6950 7343
6800 7954
9060 5325
7382 9747
9837 5519
7635 8690
5612 9382
7336 7306
8483 7746
8797 8094
5322 8395
6263 5538
7028 9632
5652 6417
6195 7567
7860 7089
8742 6292
8384 7548
8555 6439
9998 6043
6092 7952
9108 9898
7824 8579
8886 9114
8637 7404
8600 9643
9124 8584
7583 5561
5095 8596
7419 9302
9583 9787
9695 5487
6381 6501
6200 6039
8144 6990
5539 5335
9398 6885
9819 9031
5974 8529
6667 9468
8948 9615
5204 8706
6156 8082
7527 7453
6144 9567
9393 8110
7893 8604
9645 5712
5204 8773
9546 6997
6539 6960
8638 9387
8797 6762
9224 9013
9711 7756
8315 8986
7033 7115
8726 6850
8827 7554
7190 8070
8595 7732
9126 7739
5401 8168
6236 7010
6659 5191
8776 6659
5732 8340
9665 8937
8350 9034
7709 5519
9690 7079
6213 7382
7696 8946
6252 8767
5618 7777
8516 8244
9279 5230
5795 8129
6338 7912
5860 5275
9408 7593
8726 8947
7850 7511
9397 8271
9288 5754
7865 5832
8849 6681
7847 5935
9454 9142
9855 8907
5361 8925
5177 8073
5309 6054
8448 8498
5477 5545
5575 8364
7951 5608
9828 7042
5405 5882
8822 5345
5450 9205
9069 8454
7320 9872
9554 6687
5408 6226
9705 6695
8689 8385
8617 5764
5223 6413
9377 9709
5590 6502
9274 8887
5163 9919
6691 5814
8429 6976
6934 9026
7009 9940
7937 9396
7233 8476
9908 5948
9513 7406
6757 6033
5667 5061
9283 6552
7918 5859
9246 6208
8888 6996
8986 6170
7349 6785
9254 6288
8307 5378
7419 5114
8132 8235
9362 8134
9959 5776
8266 9108
5295 6214
6371 8420
5628 6808
9735 9834
9539 6035
9616 5398
8647 7586
9470 9944
6349 5117
7738 7822
8291 8651
6482 9486
7052 6575
7067 7179
5064 5855
6032 8845
7578 8159
7245 8158
8248 5148
8562 6172
8656 8350
5209 5544
9915 5509
7922 9366
6779 7183
7243 8423
9321 5548
8880 9017
6437 7573
7121 8270
5805 6872
5200 6445
7457 8438
7790 7935
8595 7224
5634 7424
5077 6134
8243 5757
9472 8061
5361 8750
6156 7899
6589 9085
9886 9140
9512 6232
5187 6856
8842 8566
5234 7945
5422 8016
6162 9396
8835 5793
6993 7570
8180 6272
5249 8747
9607 8100
6910 8649
6191 7939
5334 7110
6735 6094
7481 8497
7525 5988
9637 8859
9555 7744
9231 8035
9297 9738
9917 8327
8783 8004
6296 7986
7357 5540
7112 6172
7408 9514
9129 9382
7172 8303
7060 7665
8446 7185
6947 8103
5374 8743
9372 9959
9537 5817
8355 7966
7476 5068
6150 8391
8170 7491
5992 8935
5420 9340
7218 7122
6125 9340
5638 5929
5946 9722
5085 5155
7303 7954
9486 6853
7073 5182
6281 5578
5048 8525
8184 7093
9130 8989
6701 6459
6546 6133
6839 7097
8005 5975
5205 9479
8039 6174
5245 6224
8276 5835
8599 6656
7007 7007
7159 9274
6719 7935
8468 7497
6050 9828
7491 5269
9537 6917
8649 7453
9977 7239
6220 7081
6556 7045
8858 8879
6909 8415
9644 9527
9772 9947
8125 6256
8489 8822
5096 6172
5301 6311
9982 5999
7834 8022
9561 9222
5055 9168
5250 7739
7622 9101
5284 5490
6247 5891
9776 7727
8601 6480
5616 5734
8943 6120
8524 5741
5103 9646
5168 6431
9905 5258
5528 8335
9208 9214
5928 9837
6999 9124
8602 8718
5706 8545
7552 6338
6302 9693
8609 8219
7770 9615
6929 9968
9896 9671
6256 7412
6543 5927
6165 5278
8954 6712
5284 9141
5670 5855
6966 8054
9826 8418
9192 8103
6173 9470
7562 5199
6190 6420
9789 6523
8288 7417
5210 9261
6849 6924
7924 8355
5908 9004
6190 8173
6891 5901
8015 5691
9720 8423
6617 8116
6446 7103
5326 5516
6463 7355
5125 5698
6075 8310
7798 7609
7861 7817
9040 5059
5072 8767
5920 8845
8104 7508
9186 5556
5162 7314
5314 7780
7628 5940
7687 6468
8028 5208
7277 6439
7178 9068
5369 5009
6044 5337
6420 7243
9508 9804
5745 9986
6172 7021
8639 9983
6385 6564
9983 7474
6555 7192
8162 8357
9475 6751
9175 6091
6095 5758
5966 6941
6840 7589
5111 6024
9983 9008
6306 6483
8115 9198
8311 7321
7796 9535
6961 5783
9293 5311
5247 8290
9996 6626
5140 6769
8543 9911
6228 6174
8674 8978
9212 7652
7922 8433
6897 5371
9725 5307
6370 5680
6699 6478
6723 9624
8402 5798
8573 7972
6024 6030
6729 6573
8829 9782
6543 6344
6382 9847
9115 5222
7942 6611
5976 6003
5282 6500
5705 8975
5204 6933
9707 7199
5378 5063
8984 6316
6624 6614
5245 9356
8040 7176
8702 9163
9453 9269
7548 8334
6158 5232
5111 9063
6429 8771
9997 6803
6591 6350
7769 6797
5121 8777
8211 9342
5754 7340
9740 5350
6842 5032
6342 6619
8568 8156
8397 6218
5739 9622
7961 7792
6363 8004
9804 9293
6443 6408
6086 6697
9594 5724
5222 9050
9286 5526
6833 8311
5613 8732
8208 9916
8297 7793
9400 5433
8611 5669
7555 9121
8326 9265
7007 7745
8307 8648
9748 9178
5181 9080
7844 7605
8003 9716
6869 5537
9807 5487
8332 9717
7087 9894
5991 9497
7775 8328
9571 7995
8332 7535
5913 5599
5609 8314
9430 5907
9450 7160
5747 8486
9660 8336
8185 6221
9345 8206
6037 5212
8822 6509
8260 6455
9929 7140
9819 7375
9434 9082
5518 5425
5277 7984
5683 6522
5528 6651
8282 5535
8549 5808
5928 5248
7537 7324
8492 9694
6405 7450
9196 6260
5972 7618
5195 7147
6379 9375
7570 8979
7677 7127
7552 9694
7581 7442
7396 5004
6636 6676
9116 5003
5862 5599
6667 7401
6601 8824
8293 6484
9527 6964
5464 6356
5950 9191
6276 6420
8095 7311
9930 6833
8352 8673
5761 6456
8692 7205
6740 6166
9980 6617
8651 5696
7329 9045
5398 9770
8873 8541
5445 8934
7860 7889
5475 5085
9011 9665
8816 5361
8693 7085
7725 8121
9519 8384
9661 6312
7351 8385
9305 9736
9763 9797
7233 9905
8921 5784
9991 5687
9914 7027
5812 8896
6411 6786
5572 9119
7765 6471
8175 6200
9530 8489
9839 7137
6047 8837
9287 9819
6813 6689
9942 9963
9827 5355
9617 5207
6173 6169
7270 7189
8162 7422
7589 6498
8727 7189
8298 9126
6011 5061
5561 6084
5855 6402
7647 5245
7958 9405
5677 7676
7208 6770
9808 8698
9163 9334
5591 9575
7709 5412
8957 8626
8438 8608
9901 9291
6149 6251
6592 8240
8306 6450
9366 9799
9247 7309
9015 9614
8118 9948
5097 8879
6124 5521
7110 6715
8125 8171
7712 6354
9206 6918
6576 6701
7161 7416
6252 7125
5894 8612
8611 6639
7178 6519
8389 6270
5116 8445
7884 5623
6157 5455
9374 9261
6616 9895
6049 8203
7899 9481
7574 6233
6122 8390
7454 8787
9469 8158
5802 5142
6999 8814
8890 6851
7232 5015
9942 7113
6163 9830
5173 6507
7451 5002
7573 7429
7207 8591
8685 6034
8973 5990
9022 7056
5399 6561
8847 9488
7419 9125
8211 6093
9504 5889
8608 5823
7953 7211
5694 5392
9986 9780
5722 6446
7071 9136
7516 6244
6879 9456
6162 5460
7491 8949
6042 5555
5333 8863
5135 6781
8224 6665
8903 5949
9332 6783
8143 5544
5954 7533
5892 9824
9186 8504
7941 7552
7771 9720
9249 9319
7890 9677
9479 6611
7286 6774
6094 7864
5180 6577
5768 5493
6802 9518
7994 9564
7884 8074
7376 5154
7332 6278
7467 9103
9957 8176
9249 8419
7039 7363
7753 7932
8195 6540
5856 7583
8599 9277
5952 5606
6330 7415
7889 6012
5124 9075
8798 8601
7866 6995
8535 7459
9716 6984
9744 6510
5024 6244
8796 5635
5723 5668
9613 5111
6936 6111
7114 9758
6630 9283
7464 5478
7129 5341
9831 5974
9675 9197
7196 6713
5672 8278
5128 8404
9746 7717
8050 6050
7144 5652
8087 7396
8129 8790
5794 5606
8559 6048
5664 6209
7908 6345
5277 8824
6687 7664
7060 6886
8419 6675
7481 9278
9237 9977
9351 6628
6085 8347
9791 7927
9093 9765
9125 6153
8255 6825
8006 7629
6183 5268
6064 5348
9865 5824
6162 5532
5381 9702
6134 8434
6531 5773
8037 5072
9876 6575
6496 9817
9192 9778
6337 8241
6960 9559
7558 7041
5567 8526
6357 8919
8166 6726
8297 6435
5384 9632
9551 6791
9931 6318
5346 8440
6637 8484
6203 8569
8760 9152
8054 9570
8187 8552
6755 6782
6795 6579
8429 9838
6086 8868
6777 5495
6829 7495
6963 7865
8136 5647
6183 8164
8175 7069
5669 6735
7275 7042
8486 5368
6613 6952
9816 8421
9149 9454
6278 5598
8728 9939
6573 9804
9787 7519
7608 5706
9176 7444
6912 6130
8345 9073
6457 9419
5784 7590
7557 9474
9069 7077
9836 6536
8989 7542
7391 5991
8082 7572
5714 5143
8473 5905
9899 8944
6035 9124
7300 7018
8082 7292
6823 8949
6259 5858
7023 6328
8401 5766
7867 9595
8561 8895
6131 8774
5672 9041
6704 6937
6192 7989
7313 9527
8497 8588
8508 5954
8022 9765
5624 8881
7510 7815
6819 7277
5161 8253
9114 5671
7922 9387
6234 5458
7616 8426
8539 9354
6677 5590
5044 9744
9489 9695
8298 7574
5652 9511
6324 7316
5503 7606
6579 7412
9747 9334
5813 9985
8737 5636
7081 6341
7310 7251
7286 5183
8006 8683
7501 5774
7786 7222
7152 8312
6179 6956
7149 5777
9548 8901
6816 8514
5489 7287
7334 7945
6779 6401
5549 6193
8213 6942
5529 9437
8942 6900
7360 9199
5437 7093
9437 7741
6403 9279
6456 9866
8070 8836
7408 8103
9358 5124
5801 5640
6210 8181
5516 6959
5722 7922
8799 7567
9889 9983
5545 6350
5288 9116
6347 6338
5427 6245
6190 8394
7051 6389
7295 5547
6070 8744
5648 9436
8933 9309
5877 7189
9960 5244
6255 7751
9876 8087
5400 5750
9329 7792
7915 9403
7924 5896
9706 5969
8912 8478
8054 9183
7544 6543
7184 8504
6188 7408
9759 6448
8368 8597
6760 9732
8816 5047
7418 7451
9223 9324
7565 8261
8468 5303
9372 6177
5323 8524
8216 6109
6198 5508
8345 5185
8165 9525
6907 8310
9628 6524
6260 7338
6561 7855
7077 7540
5168 5272
8534 6363
9327 8855
8627 5014
6523 7747
5147 8678
5415 6676
7518 6494
8260 9365
9011 6123
7171 8074
9856 5924
6050 5906
5444 8696
8153 5689
5546 5222
5379 6933
5188 6667
9226 8160
7854 8071
7273 8912
7618 6682
8863 9315
7499 6683
7680 9686
8150 9730
7439 9824
8913 9612
6244 5516
7132 7480
9430 5673
5307 6391
5325 6614
7398 7827
6598 8808
7022 7576
5753 6614
7637 7022
7293 7179
7425 5523
7914 9278
9448 6035
6317 8070
5208 5609
6970 8759
9603 5612
9897 7198
6098 7429
9945 5801
9803 5342
6159 5711
8291 6412
8913 7756
6047 6324
7033 5179
8519 8980
8717 8007
5265 9024
5780 6740
5431 5663
7008 9461
8639 6914
8264 9665
5673 9630
5437 5456
7326 8414
9490 6271
5460 8005
8018 8334
9194 6449
9357 8264
8589 7734
7352 8300
7201 9764
5606 7413
6387 8444
9457 5335
9018 8629
7264 9123
6996 9841
6153 5209
5704 8887
8050 5307
6548 9687
9620 6321
5803 7044
5290 5993
6965 8049
7126 6773
8075 7680
5810 5031
6699 7266
6083 6486
5037 6219
9949 6710
5256 9731
9803 9169
5368 6218
8038 9209
8405 6926
5188 5088
7822 6122
7656 5843
6692 5757
9751 5518
9209 8991
6064 6210
6729 8809
9736 9047
8467 5849
5960 9457
5167 7318
6423 6329
5802 7817
5254 7599
6243 6642
5014 5435
6149 7072
5731 8505
8698 7566
9289 8041
7299 5079
9711 7415
5036 7158
6431 8378
8181 5416
6421 7913
6569 7468
9979 6514
5236 7127
9009 8782
9078 9858
7840 6250
5333 6980
7148 8345
6827 9481
5028 6284
6169 7120
7344 9541
8214 5657
7699 6609
8613 8247
6794 8566
9145 6327
7579 6642
8085 7440
7142 7715
7802 5911
6565 6211
7867 7731
9234 5513
7064 8903
7478 8759
8710 8960
7932 9393
5691 8264
9102 8702
7443 7276
8103 6930
8976 9603
8318 9028
5212 7542
6196 5360
8625 7371
9089 5134
9601 8210
8838 5045
9675 6566
5041 5516
9384 5433
8912 8085
6233 9594
5377 9706
5115 6644
9701 7756
6298 5472
9963 9468
7039 9749
5604 9785
6842 9748
8559 6421
8836 8111
7334 9144
7299 7520
8750 5861
9258 9709
7489 6927
6315 6384
5546 5856
7954 5496
7201 5969
6685 5691
6668 6271
5768 6311
8957 5670
7870 9355
5140 7995
7529 7506
5744 9102
6372 8379
5011 5643
9327 5653
6473 8184
5693 6071
8538 5749
7570 9637
5716 6767
9315 6915
7423 7957
6180 5763
5034 5245
8264 8163
8067 6544
7900 5752
6233 5923
6740 5842
6890 7366
7268 5957
8041 6579
8555 5979
7305 9757
9002 5408
9318 5394
6622 9930
9721 8876
5127 6871
6731 7226
8564 5234
8918 9792
7895 5152
7996 8804
7646 6228
8601 7786
7124 8549
7243 9096
7688 9022
7915 7666
5608 5211
7955 5122
9904 7521
8627 8429
7788 8221
6048 6203
6811 7130
5882 7096
9572 5301
6233 9675
9223 6864
5945 7349
8865 5509
9706 7382
6181 6564
8792 5870
7932 7172
9856 9319
8390 9833
9625 9902
8884 9632
7352 7910
7548 6596
6297 6959
7878 5621
9087 8487
8834 9702
7520 8291
8125 8195
6996 6336
8043 7983
7286 7427
6135 6291
9238 7126
8914 8076
9123 5139
6566 9590
9220 7585
5203 5407
5783 6092
8113 9660
8639 6162
6266 7028
7155 6729
6892 8435
8743 8533
7772 8621
9315 6565
9799 9203
5267 8218
7959 5176
7667 8772
6602 6153
7683 5296
8245 8884
7177 6253
7206 8018
5471 6527
7460 5304
7646 8465
9859 8682
9370 5899
5412 5672
8588 6231
8829 6325
6027 7221
5715 9767
6894 9188
7122 5859
5098 6038
7579 6941
8283 8975
8151 8623
7424 8391
6598 6605
6289 7944
5143 8925
8894 8306
7073 6641
9989 6688
9692 5553
5094 8078
8049 7556
8737 8663
6149 5990
9658 5831
5638 9413
5244 8934
6797 9619
9102 7843
8515 5114
9834 8640
7913 7505
9666 7331
8440 5522
5441 8814
6773 6027
8478 6778
6989 5668
9811 8199
8113 5411
8286 5425
7956 7243
7716 9322
8087 7243
7181 8741
5683 8592
8113 5915
6736 7798
9801 6955
9764 5890
8513 7895
7153 9320
6382 7773
6382 9901
7726 6438
7878 5860
7971 7040
9674 5717
9612 7022
8602 5528
9177 7570
7833 5012
5760 5457
9582 6132
9446 8657
7608 6270
8100 6273
9311 9221
5962 9205
9004 8313
9677 7533
7307 6160
7900 6954
5700 7972
7951 7110
9107 5745
9537 9169
7598 5099
6465 7047
5869 5169
5097 6473
8799 9561
7232 5672
9455 9203
6756 5552
7886 8780
7890 7034
7124 5245
7322 9638
5969 5074
8278 8424
9028 5471
7727 5574
5294 5517
8553 6327
6194 9396
8962 9056
5554 6146
8640 6284
9267 9505
6146 9363
8859 6620
9144 8356
9892 9764
7452 9181
6143 6253
8921 8675
8515 5666
9761 8617
9465 9197
9867 6398
9753 6378
8900 9085
5289 5064
5470 7445
5789 8490
8675 6296
9239 8924
6880 8425
7320 8201
7006 6852
7223 8427
8253 6781
9617 5014
8003 9743
7689 7789
9701 6713
9165 8385
8786 8693
8143 6212
7954 6370
5565 8737
9382 8527
7887 7304
7763 7136
9617 7137
9407 9520
6182 5990
5990 9950
6496 5440
5413 7221
8987 9592
6119 7086
9463 6364
9318 5565
7523 9772
9010 5675
9452 5801
6550 6999
6238 5054
7498 7306
6601 6313
8425 5409
7821 7980
6000 5878
8920 5890
6680 8307
7262 9179
8530 5071
9336 5012
7840 8998
7662 7960
9042 9077
5103 5736
6417 6473
7400 7351
8219 6373
8698 9346
9009 8910
5527 8672
9678 6729
6912 7327
6715 9153
6276 9982
5977 8761
5481 7938
8751 7748
8997 8367
6606 5188
5897 5175
7366 5623
8015 7619
6012 9220
8765 8661
8074 7064
6505 7364
8254 6165
9806 7204
6076 9163
8644 9234
6733 5508
6372 9918
5140 7466
9208 7790
5437 5558
6204 8582
9002 7167
6706 5713
7084 9406
5601 9615
6880 5585
9405 6927
5432 9086
5414 5079
7338 5509
8061 7802
8975 7190
7667 6933
9354 8170
7907 7164
5894 9364
5456 6059
5022 8577
6096 7025
5428 9889
8964 7233
6527 8297
7681 7329
7024 5735
6709 7282
5472 8973
7328 9235
6787 6124
6071 9555
7915 5901
9037 8881
9760 9544
6556 7925
6440 5953
7161 6345
6205 5353
5467 7267
7489 5584
6761 6623
7120 6666
8927 6833
8679 9988
6895 9792
8207 7680
9455 6966
6030 7226
7577 7155
6204 8253
6047 9695
5238 9935
8780 7303
5787 7701
8086 7871
5509 8204
5207 7297
9676 8386
5541 8709
9557 9529
8106 8578
5078 6156
8570 5470
9734 8505
6216 8417
8189 9504
5072 7711
8900 8419
7669 7493
7968 8324
5334 5215
6218 9868
6407 6700
9151 8127
9227 9937
8627 8207
8618 6538
9224 6093
9239 5701
6912 5530
6908 5490
7602 5218
8269 5655
6896 5883
8090 7627
5986 6598
9119 7094
7905 8253
8936 9095
9324 5403
8367 7401
7930 7651
9464 8924
8287 9289
6914 6176
9927 5045
8662 6233
9223 5231
6675 6761
5593 8917
7727 5446
7086 7719
7206 8024
6249 6479
7934 8365
8160 8984
7987 7788
6126 7340
6648 8367
6529 7853
8455 9229
6903 7114
8628 6637
6981 6047
9682 6070
6672 5201
9429 9530
7667 6634
5603 7859
5653 5029
5673 5982
7435 9384
7328 8782
8039 9455
9459 9613
8258 8444
5756 6709
8427 5352
8021 5345
9719 9275
7004 7421
5141 8361
9699 8492
9381 7993
6751 6130
6396 5039
8280 5915
9427 8439
6998 5850
5074 6849
9806 5646
5624 8722
6870 5032
9147 7670
7700 6433
8592 8954
6518 7900
5504 5385
5404 9721
5323 6455
6448 5932
8405 7064
8058 9398
6783 5331
5868 5231
7171 5770
5319 8608
7200 5884
5819 9013
7101 5663
8881 8548
7596 7958
7216 7525
7251 8566
8965 9392
5160 5126
6621 9750
8828 6203
5530 8538
8760 8376
5162 8519
6579 5865
9067 7918
9763 6002
8119 8553
9584 5874
6629 5476
5773 8582
9434 9855
6637 5457
8323 9494
6248 9956
6538 9682
9044 7747
6866 6033
7058 7335
8410 7906
6982 9488
6021 7321
6104 8314
8338 6407
6614 7990
6277 9888
7546 9665
8527 6406
9476 6527
8511 8179
8309 5495
9730 9486
8584 8194
6913 9867
6705 5943
5765 9724
9518 9712
9350 8910
6165 8907
9018 8436
6208 8566
6359 5752
5055 7080
5264 9017
6891 9925
7449 6493
8084 7400
8492 8922
8933 8906
7760 9574
5410 7722
7488 7032
5103 5804
9813 7437
8539 8488
6864 9356
8566 6295
6611 9775
7976 8434
6652 9926
6686 9473
5137 7303
8673 9846
7718 5895
5724 8850
8078 8759
5209 7774
6498 9962
5483 6678
9560 9946
7758 7129
5677 8165
7036 9767
6644 9679
5373 6871
9534 8161
6080 6779
8893 6926
5408 5728
6871 7210
6821 8916
6275 8156
9271 9686
5232 9377
5679 5064
5498 5340
9222 6664
9828 6701
7390 9100
5422 9663
8280 8358
9258 6466
6284 9703
8761 6683
5206 5880
8070 5520
9362 5745
7518 9581
9484 8983
7501 9466
9595 9729
6113 9102
8720 9281
5534 8970
9547 7714
8001 8960
6365 7434
6710 9723
5440 6872
6710 9427
6261 9436
5488 6675
9461 9641
8831 7255
8994 7545
7371 7029
9173 8794
6725 6239
6479 5861
9378 9430
8952 8929
5740 7846
7306 9402
6583 7247
7207 9098
8385 7811
8077 7278
5987 7138
6742 7919
5228 8055
7646 5854
8604 9785
7625 5177
9836 7374
5143 7248
5663 8385
8164 5569
6371 6532
7651 5423
6261 6790
6814 6291
9223 5184
6509 9930
9967 5124
6980 5773
5144 9994
5395 8174
5342 7943
9039 8899
7545 7397
5846 8995
7312 8717
5474 6273
7066 9153
7914 5129
9916 9027
8810 5351
5063 7193
7758 7564
8281 9102
6986 5895
5478 5870
5371 5116
5432 9227
6535 8834
7963 7580
5424 7374
7883 8889
5392 9295
6423 8127
6200 6751
6134 8237
7036 7290
5592 5826
9407 8118
9112 8794
6669 9927
8565 7100
8577 8284
8408 6315
8083 9179
7750 9225
6825 5198
7520 5560
7617 7208
6293 5917
7512 8268
7343 6770
9285 9932
6377 9566
8222 6997
8859 9435
5501 7283
9892 5193
8856 5868
6273 8735
9053 5880
5857 8744
8473 8900
8769 7203
9494 6645
9151 8483
6151 5289
5169 6131
9636 9111
5247 5213
5895 6962
6213 9601
5004 7540
6274 6823
8552 9699
6333 7384
5924 6705
9262 6803
9349 8755
6625 8742
9835 5202
6397 6610
9437 8954
7477 9075
8906 6182
5038 9725
9048 5023
8359 9302
7737 6423
6682 7124
9143 8647
7075 6416
5046 5923
8071 6371
5311 7206
7418 8428
5503 9013
5663 5235
7570 5793
8470 8535
6494 8085
5757 5442
9928 9534
7582 9510
9552 7060
5641 5176
8063 5269
7047 6310
7495 7350
7600 5334
5109 8136
8869 7956
5929 9977
9443 5221
8741 5134
5595 9655
7748 5996
9635 9353
9404 7396
8727 5870
5495 5490
7679 5062
8431 8769
8654 9562
5555 8135
5210 6201
9238 8049
5981 5739
6807 9776
9129 5580
5736 8675
9594 6730
7303 7220
9152 9223
6593 5194
6865 6873
7760 6056
8963 5722
9800 6951
5913 8287
9103 6572
7197 6969
8804 7425
5442 8213
9210 5226
9385 8279
8662 5997
6993 7814
9371 8619
5226 6543
9880 8560
8388 9933
6659 7507
6963 9342
8983 8737
7795 7452
8253 9751
7157 5246
5611 9277
9387 9544
6055 6578
9288 6212
9500 6362
8129 6870
9261 6974
7010 9412
7933 5155
5775 7951
9924 7981
6367 5308
8086 7461
5259 5297
5743 9352
5586 8794
9454 9573
9619 6562
7895 5209
9616 5851
8931 5535
9506 7363
6133 8042
5351 7964
8095 5135
7483 6257
8553 5246
9062 7828
8136 5021
6431 8535
5395 5986
9029 6250
5663 9383
9320 6010
9064 8996
8614 6974
9153 5119
8462 6132
8562 6076
7592 5425
8085 5698
8895 6224
9429 5914
9450 5583
5135 7358
6130 7309
8668 8608
9163 7213
6509 9169
9485 5537
9151 8198
6737 9481
6507 7422
5485 9268
5481 8225
6342 9321
5782 5460
8574 9049
6507 6159
8275 6714
6389 8702
6807 8235
7013 7535
7930 7377
7457 8372
9930 9339
6232 6882
9289 6209
5130 5546
9042 8897
6179 6170
9365 5215
6946 7133
7374 6360
8740 8243
5697 5413
5912 7700
9611 8350
6428 6349
5241 5101
9793 9861
6674 7699
9875 6915
8907 7938
6975 9137
7272 6249
8638 8059
6439 7120
7330 6605
5299 5901
9690 6977
7774 6447
5296 5619
5325 5690
6924 7650
7533 7800
7495 8986
9375 8237
8477 8758
5141 5371
9760 6714
5620 9065
9007 6250
9430 6344
5611 5485
8902 6331
8685 9677
5054 7170
5943 7034
8217 7697
7608 5060
5139 9609
8431 9442
6422 9152
6237 5454
8237 9248
9138 7918
9620 5005
7449 6885
5614 9660
9451 6979
9014 5937
6965 9404
9489 9939
6279 5911
7757 6306
9897 7130
6872 8073
6926 9936
9149 5372
9393 7434
6878 5087
6950 7764
5687 7590
7332 7500
6893 5728
6607 6473
5468 6882
7989 6314
9492 5616
9481 5542
7039 8933
5493 9894
6754 8199
8441 6416
7529 8751
7929 7182
7851 9216
7351 9291
5184 9109
5822 8572
5520 7297
6972 8781
8032 9893
9417 6032
8219 6088
9878 5806
7702 9422
6903 6444
6105 7567
5538 6776
5607 8140
6560 6785
6390 8219
8638 7687
9445 7387
9006 9133
5445 9511
5992 8082
8396 8530
9240 9428
6587 9891
5126 8458
6241 9502
7083 9054
9038 5258
5152 9408
8629 9736
6441 8328
9755 7022
9809 5353
9210 9631
8427 8411
9625 7409
9067 7908
5469 6924
7310 9745
8438 9027
7230 6100
7511 9043
6596 5674
6858 8923
6718 9269
5249 7683
7708 6915
6219 8574
5843 6114
8177 9609
8123 5004
7949 8683
7524 7785
6174 6377
7290 5560
7397 6428
5155 5874
8116 8479
6870 8441
5516 7714
9105 9056
9894 8130
8994 7174
9145 9843
8540 5246
6826 6885
7253 7625
9650 9118
7333 8518
7806 6019
6024 7280
6494 9259
9374 6563
8423 9600
5577 5478
8638 9326
9094 5483
5718 6511
5999 7121
7176 8741
8319 9391
8712 8822
9879 8595
9839 7851
6626 9827
7681 8832
5587 5738
8924 5858
9100 7365
9974 9422
6393 5510
9741 6183
7226 5913
9701 8432
9914 6999
8326 9311
5363 9416
7069 9874
8918 7267
5450 8531
6605 8139
7066 8927
6897 9395
5864 7391
8319 6409
9238 5677
9732 7880
7003 5574
5624 6989
9117 6381
6455 9525
9585 9186
8381 7627
9191 7484
9052 6290
6418 5809
7823 7683
7885 9344
6595 5508
6639 7529
5313 9776
7715 9307
5789 9109
8354 9828
8147 9485
8458 8110
8188 9742
6777 9379
5202 9477
5432 6019
8150 9102
9276 7328
7104 6890
7377 5418
7747 7532
5522 8518
6877 7583
6627 5374
6581 5006
6578 7294
6455 6448
7176 9462
7513 9665
9682 9599
6984 5858
5271 8487
7204 8123
7963 6133
6252 9687
8777 8609
8801 5175
7846 7666
5506 6085
5433 8444
9818 7105
6596 5341
7673 8563
7075 7675
9035 5703
7381 9451
5682 5535
6968 9948
8467 6454
8188 7136
7223 9298
9783 6792
5306 5664
7355 9706
6883 5251
7469 5902
6645 7866
9258 5234
7158 8151
6294 6862
6651 5667
8322 6893
8313 7430
8072 5310
5987 6294
9272 7899
8141 9444
9212 6905
5135 8858
7517 6031
7819 7413
6577 5262
7209 9220
9132 7598
8436 7139
5237 8852
8781 8585
5859 9976
9436 8025
6861 9596
6012 5728
7075 6518
5961 8405
6298 7565
8320 7392
8798 5831
7763 9888
7527 5001
5261 9611
7701 9475
6300 5525
8993 8364
9028 9821
8077 7393
9270 9845
8871 5800
9377 6294
7512 5935
9187 6840
9554 6580
8310 5897
9824 6104
6094 7416
6538 7072
9324 9771
7903 8847
6517 8148
8848 5749
8025 9858
7317 9311
5308 8389
6823 8788
8636 9212
5149 9525
9957 9019
7652 5323
8803 9913
5537 9346
7138 7252
7150 7452
5002 5739
6813 9532
7649 9633
6336 7769
8176 7916
9576 5754
6690 9067
6287 5915
6102 5993
6136 9920
5637 8108
8271 6335
9172 6610
6160 7274
7158 5925
9453 8381
9756 6743
8774 8385
7856 6602
6234 6014
5618 9074
7339 8267
8186 9766
6389 6623
8939 8882
6153 6092
9449 7547
8957 9575
8003 7708
6899 5193
5237 6100
6767 8045
7292 9130
8602 6395
9010 6435
6060 9859
9798 8194
8812 7215
7125 6398
6721 7659
6200 7480
6599 7786
6554 7930
9888 5978
7655 9140
5121 7162
8145 5998
6856 8292
8863 9525
9761 7285
8185 8246
7642 5912
5127 7442
7957 9006
7890 6595
9653 5753
8448 5978
6841 8890
6386 9988
8057 5737
6806 5600
5464 7472
8169 6880
7655 8438
7469 7860
7111 9381
5202 8869
7404 6461
8581 5311
7350 5328
5136 6984
6757 8741
9224 8410
8013 7191
6924 8634
9186 9213
5177 7241
8269 6845
6445 9182
5227 8142
9713 6959
5119 8298
8888 8676
5205 8776
5109 6864
9954 9532
7018 7176
8480 8125
6551 6004
9490 7930
9347 9066
7268 5941
9817 6611
9710 5499
9993 8215
7550 7755
8218 6562
9219 9218
9220 7018
8027 6307
9827 5131
6448 8826
7629 6346
9532 7960
6460 6225
7615 9579
7497 7176
9470 9380
6974 9676
9792 9861
5251 7983
7226 6178
5960 9190
5616 5813
9857 6620
8879 7988
8334 9177
6393 6876
5907 9612
6151 8835
5665 6847
5695 9700
5999 6100
5237 5978
5652 5073
5885 7417
9528 8645
6181 5405
5691 6750
9353 9897
8922 5235
9293 8894
5754 9482
7155 8941
6150 8539
7579 7542
9390 5893
9683 5596
9871 6540
9542 7196
9443 8554
8807 9306
5373 6453
6452 5180
6128 5777
6849 9130
6109 5678
9928 5849
6723 9174
9481 7443
9106 5158
5116 7530
6397 7226
5258 5168
9278 7945
5891 9178
9039 5893
6386 5605
7106 9722
6922 5827
9667 8408
7495 5332
7962 8042
5335 7015
6765 5687
9252 8913
8478 6809
5059 6747
8042 5640
9934 7166
9605 5984
6460 8922
7779 8622
6420 5270
8368 9776
5013 7500
8965 7279
7686 8376
8030 9707
6518 5723
6765 7604
9652 7923
5861 7610
7419 5459
6095 9220
9964 7878
7387 8252
8207 7233
9866 6135
6507 6451
8414 5548
9404 8755
9808 6016
8600 8260
6335 5489
5786 6248
7286 8313
9278 7003
8570 7712
5972 9256
7764 6874
5468 9844
5790 6632
8377 9344
5442 6089
9261 8489
6230 5626
7576 8272
9512 7225
5118 6322
8908 9445
5457 8235
8979 6945
9304 5357
9573 8638
6276 6344
6174 5358
8921 7520
8868 6374
9680 5156
7147 8142
8911 7581
8551 5865
6561 6481
7606 7768
5343 6696
7410 8654
5373 5124
9949 8910
6577 5067
6408 9839
5240 6438
7993 7826
5739 9650
6099 6184
7111 6914
7516 5024
9553 5415
5166 5237
5993 7218
6067 5884
6921 7855
6587 8079
9654 6096
5478 5759
7253 9097
9380 7918
8481 5474
5536 7063
6632 7478
5270 6916
7403 5002
9276 6605
7490 6218
8400 7399
8664 9606
5157 6159
9246 9271
6391 5571
6969 5437
8035 7578
5641 8742
6921 7632
7190 6382
8724 5708
6275 8939
7023 5674
6273 6739
6869 6475
8668 6260
8873 7404
6418 9866
6979 8862
9379 8269
6884 9805
7377 6490
9234 9109
8679 7796
8695 8529
7475 5416
5802 7362
7563 6852
6561 5612
7411 8947
9116 8221
5457 8123
9128 6822
5476 8944
8974 7357
7460 9013
7815 9317
7084 9425
7645 9758
9462 9841
5664 8444
8136 6535
5165 7076
8915 8647
9152 5423
8238 8682
9575 6139
7829 5500
6869 8812
7440 7192
6530 6709
5175 6030
5925 7453
5859 5615
7130 6864
7117 5417
7170 8611
7182 5810
6146 5415
5003 5714
6559 8555
7124 5765
8437 8410
6671 6201
5192 7136
8790 7433
6587 5447
6099 6368
6492 6359
9153 6409
7578 5723
8466 5867
7753 6744
6951 7829
5623 7634
5889 5276
5637 5117
8808 7883
8460 6453
7231 5715
7234 9831
6780 9952
7574 9332
5402 5967
9764 8535
9120 5231
9674 6259
6597 8295
7431 9520
9582 5158
6188 9446
7988 7032
5755 6959
6840 6211
6695 7259
9635 5959
7130 5558
5146 7788
6676 6780
5827 5466
7688 9113
7585 6113
6280 9185
5704 5846
7612 6473
6065 9788
8155 9676
5516 7832
5150 6399
6621 6857
5817 6050
5028 5238
7150 7097
9642 9924
5169 8115
9110 7212
9902 9597
7253 6119
7377 7942
8660 8256
9725 8600
9855 7812
6365 9626
5689 7146
6154 9776
6229 6334
9098 5197
5889 6077
5051 8205
5977 9631
7339 7149
5963 9325
6286 9376
5583 8550
5806 5464
9839 7991
9255 8112
7072 5584
6619 9927
5602 5361
8415 7016
7729 5039
7489 5382
9078 6397
7152 8359
9123 8903
9155 9261
9433 5623
9317 5168
6557 7945
7450 7623
9334 8055
6212 7584
6379 9997
6150 5450
5154 7433
6165 7654
8397 8921
9934 9642
7022 8255
9157 9388
6485 8481
5662 8772
9235 6078
6961 7758
7012 6998
6636 7512
5299 6388
7191 5667
7046 8625
7188 8209
7493 5379
7266 8090
5672 7152
8149 7489
8399 9198
8184 8470
6242 7629
6727 5242
5986 5319
9187 9377
8304 5113
7530 7810
7545 7053
8412 5591
5017 6011
8608 9753
9581 9711
5008 9549
5810 5107
8713 9455
6786 9200
5512 7298
5482 7778
7358 8814
8931 6829
7934 6542
9574 5543
9345 7525
8000 7333
9240 8609
5389 5560
8282 6018
5956 5888
9797 5247
6139 5131
7885 5225
6656 9020
7223 7524
6591 8385
7966 5251
8158 5848
7618 6244
6192 6662
5295 8867
7616 9841
9108 7998
5386 8226
5952 6563
5913 9546
5222 8153
6519 6158
6825 6664
9920 9244
7771 7620
9670 8514
7934 5448
8869 9211
9997 9334
5523 5803
7760 8340
6864 7393
8871 7133
7796 9162
5819 7961
9358 9023
7978 5303
8927 9850
6896 8594
5360 5105
7072 6529
7991 8053
5262 7251
8109 5406
8731 7134
5583 7872
9437 9466
6595 5766
8952 6192
7239 5498
9462 7668
8992 9901
9854 9873
9225 5109
7818 5881
5524 7764
8379 7017
5485 6686
9687 6157
8001 6404
6530 6090
9369 7295
9212 8941
9923 6067
9137 9283
9637 5028
6882 9476
5482 7918
6255 5927
7747 7387
6596 8067
9452 9870
5166 6001
7782 6316
9399 8166
7378 9734
6880 8253
5421 8530
9739 9939
8334 9286
8614 8140
8618 5320
8588 9621
5681 6743
5980 9975
7719 7702
6237 9596
6305 8857
7272 9831
6686 5978
9511 6562
6572 7354
8161 9236
5204 6373
9584 8469
7307 8151
7722 7778
5047 8407
6771 7011
7801 5181
6856 9370
9620 9521
6234 9089
8529 9434
6123 7890
7569 6649
5494 6731
5679 7329
5637 5238
7797 8645
5106 8314
6476 7338
7833 9461
5118 8531
7991 6790
5745 7737
7300 9923
7132 9546
6014 7630
5098 8158
5943 6382
7467 8797
5481 8334
5142 7530
7938 9899
8966 6148
7023 5938
7420 5245
7872 5564
9076 9212
7998 5183
8509 6765
8458 9372
6622 9803
9088 8778
6617 7145
7243 9890
9063 7180
7318 5731
9033 5119
6585 8243
7372 9347
7893 7589
8333 9512
6549 9205
8124 8688
6190 8295
7506 6505
5630 6005
6445 5851
9088 6789
6791 8706
9225 7605
5742 7289
7257 8355
8401 5660
8182 9111
8994 8229
9993 9603
8973 7757
9538 6284
8031 8307
7075 8589
9468 8218
9736 8424
8621 6361
7334 6308
7329 9012
8751 8380
6660 9842
9973 7591
6289 9921
6019 7945
9412 9919
9229 5740
7430 7290
9082 5518
7850 8831
5542 8594
7649 5737
5320 7605
8286 7746
8988 7034
8956 9645
6355 8767
9422 6426
6335 9165
9966 7412
5543 5747
7575 6571
8045 8203
6336 6899
8828 6500
9826 6187
8357 6416
9836 7813
8389 7712
8775 5202
8272 9770
7252 8244
5734 8272
5639 9765
8085 5519
9031 7185
6920 8520
5025 5370
8587 9739
6338 8174
5514 7681
8862 8496
6338 8547
8319 7225
5902 8608
9682 8544
8077 7428
9824 7361
8182 5437
6698 9678
8316 7824
5716 9271
9342 7901
6369 7030
7013 9327
5599 5743
6473 9984
7052 8146
9366 9067
7285 8198
5703 9158
5378 5796
7531 9972
5435 7408
9074 8817
5959 7584
5353 5557
6764 8789
7806 7778
9669 9024
9056 7981
8656 9567
8890 9175
8882 7313
5656 8037
5214 6948
8711 6021
6561 8498
6949 8004
7753 9367
5489 5521
7954 7700
6363 9244
6312 8404
9893 8804
7643 8442
5032 9425
9343 6857
5259 6022
6934 8374
8444 7254
7827 5933
7010 5635
6599 6180
5360 5507
5522 8909
7736 8466
5546 7278
6401 8574
8444 8219
6455 5837
7268 6737
6156 8978
8783 9837
9034 8501
6555 9501
8193 5697
9319 9627
7165 6061
6431 8624
9193 7611
6065 6030
8564 5192
5350 7976
7077 5257
9101 9716
5487 7450
9463 7466
5860 6761
8057 9651
8164 8150
9504 8139
7447 8816
6208 9200
8324 7660
9440 8659
7868 9721
5632 5201
7566 7417
8083 9526
7822 6613
9041 9407
8951 5619
5658 7710
5972 8356
8536 5199
6694 8413
5512 7964
5284 7256
7278 5817
6477 6622
5630 9111
7454 9284
6708 6823
8029 9340
5359 9101
7124 5371
5311 7821
6366 5976
9520 9544
7940 6942
6203 9038
5222 6088
9941 5470
5930 7452
8473 5829
7857 8344
5080 5542
5489 6062
9340 7746
5909 5498
8890 9250
6147 8142
8723 5245
6937 6166
6163 6215
8751 8848
5272 9545
8493 7682
9738 8159
5115 7528
9069 6132
7989 6542
6796 7122
6680 7617
8446 8451
9248 7931
5914 5810
9260 6742
9794 6833
8861 8108
5172 9214
9546 5101
7682 5803
8580 9240
5746 6610
5773 5438
5324 6588
6827 8549
6757 5569
5890 7278
8604 8702
9721 7554
5092 5861
8015 6713
7557 9961
7195 7265
5180 9683
9779 9205
8305 7059
9705 5994
6484 5259
9331 5078
8100 5545
8233 5869
7479 8197
9817 8661
5802 6904
6407 8178
8769 9194
6651 7156
5442 7874
9266 7188
6472 9151
6179 9626
7206 5277
6394 8926
5389 7843
9668 5737
9684 9462
6925 6345
9310 6464
7144 8689
8136 7155
9674 6136
6428 8931
9480 8308
6111 9527
9238 5906
8289 8935
7686 5486
8516 6990
7374 5575
7205 8538
8916 7365
5535 8929
6099 7587
8566 8188
5256 9509
5173 5387
6717 8706
5748 8638
7372 7263
6871 9514
9206 7815
6470 7767
6605 8707
5736 7762
8497 7475
7174 6148
9300 6291
5561 9727
8771 5272
7060 9612
5029 8968
8618 9814
6426 5347
7557 7839
6517 9176
9059 6629
9518 9555
7317 9244
8156 8229
6735 5724
6112 6374
9098 6723
6815 8586
8658 5240
8409 8654
7834 5280
9857 8061
8647 5230
7613 9647
8374 5155
8638 5778
6985 6683
6690 5495
6617 7750
6498 7281
6556 7693
9663 6422
8541 7972
9865 5700
5738 9218
5491 8309
6367 9636
8252 8241
5359 8984
6603 8170
9665 8347
8643 7773
6785 6261
7106 8153
5573 6466
7724 7388
5787 5281
5710 7453
9748 5968
5735 7382
6076 8622
8714 6625
6846 7052
7811 8619
6093 5502
6962 7546
7933 5509
9348 9975
8596 7829
6962 9947
8549 6601
5591 9782
7493 6187
9824 6150
7666 6651
9639 9608
7655 6715
8977 9188
8465 5113
8500 7042
8617 9738
5003 7341
7311 7171
9628 7080
8392 9950
9771 7106
6296 5700
9097 9234
9109 8461
5143 5041
7899 6555
8831 7807
6859 9235
8216 6923
5967 6906
5472 6427
9480 5552
5217 7551
6628 5795
8611 7618
5763 7691
9987 7459
8732 8138
6229 7372
7079 8734
6831 8371
8914 6461
9037 9784
8824 9751
8236 7068
9355 8438
5951 7463
7344 8934
8622 5919
6078 5377
6448 7207
5657 6940
6957 8718
8019 7323
9143 8208
7218 5418
5505 7867
7223 8216
9697 9943
9906 6028
9256 9246
8115 5381
9968 9574
7701 9333
5662 7240
9483 6826
9198 9547
5276 5798
9108 7646
7376 8869
6464 5216
7851 9994
9122 5024
9494 6275
10000 9831
7405 8648
9535 6386
8850 5767
6282 9808
8468 5537
8201 5912
7849 6368
8478 9181
6561 5389
5550 8490
8034 6302
7200 6910
5150 9815
5238 9883
5976 6740
9601 9114
9250 5995
6555 7466
6179 6462
8552 5487
8836 6011
6105 9354
9232 7542
9337 9992
9671 5803
7132 5784
5178 9359
9695 5625
8817 8464
6699 8490
7437 6212
9266 7949
7709 6138
8938 6306
7962 6170
9647 8807
6857 9857
9807 6444
6080 9359
9025 7647
8257 5283
9661 5796
5410 7500
7339 6472
6388 7078
7260 6833
8299 6622
6846 5776
9112 7823
5555 9322
7161 6505
5229 9436
6642 8988
6794 5357
7172 8345
9484 8599
9918 5662
8625 9115
9887 9546
5109 9890
7557 6000
7206 8415
8631 9427
8692 8537
6699 8242
7466 9959
5064 8441
5225 9086
8400 7437
9082 8817
5397 9542
5909 5330
7965 9228
5569 6489
6012 7199
8730 8464
9678 9198
8609 5407
7728 5023
9190 8842
6230 7363
8693 8869
6244 5218
7616 9930
6208 7243
5719 9997
8369 5155
7556 6300
6375 7332
9712 7553
5488 5505
7364 8934
8207 7174
6646 5176
7427 9537
9465 9077
5969 6669
8979 9926
6005 9715
5365 7548
9571 6560
7145 5314
6191 8663
5769 9186
7931 5007
8065 8860
5714 5384
9233 7868
6753 7702
7075 5891
7859 8667
9779 8653
7530 6384
5778 5049
7700 8415
5640 6097
6483 5235
7237 8915
7017 8030
8748 9832
8222 8196
5713 5200
5915 8808
5530 6805
5260 6788
5278 6923
9568 8608
7041 7804
8382 8111
9808 5603
9900 6180
6625 9353
9335 8348
5145 7075
8343 6136
7728 6405
9493 5037
7109 6091
9143 5692
6316 8363
9332 8671
8198 5609
7247 9105
6509 7492
5774 7539
9576 9091
7390 6655
6700 6652
7722 5993
8346 5854
8729 5968
7414 6748
7537 8641
7629 9251
6254 9413
9758 8395
8823 8212
9669 8830
9045 7829
9046 6325
6857 8374
5759 5765
7947 5702
6192 7478
5063 7417
8365 6228
8095 9961
9582 9867
7223 7795
7834 5214
9123 8351
7054 7249
5250 6147
8117 6258
6519 5359
9260 7713
5183 5725
6102 6245
7187 5522
8312 6861
6765 7697
8566 5704
7386 9540
8494 6519
5690 9105
8539 7551
7960 9189
8148 7491
7907 9432
8134 8674
5304 6592
9951 6157
6411 8700
7807 5233
8018 9752
9160 7275
7875 6042
8211 5614
7302 8368
5018 9643
6277 5646
5411 6640
5155 5777
7444 9640
8801 5030
8969 7438
5220 5433
7927 5599
5959 5312
9024 9687
9277 8434
6261 9010
6473 7245
8449 5433
8316 9129
5070 5152
9217 9538
5075 7069
6142 8641
5993 6346
9376 9114
8843 8951
8344 5069
8351 6557
8330 7665
8916 6578
6208 6874
5865 7019
9409 7448
5960 6789
6925 6492
8660 5641
5406 8420
5905 7134
7650 9501
5640 5460
7852 5388
8781 9309
7765 9216
8668 5809
8674 5705
7566 8156
5016 5778
5633 5157
5068 5384
8250 7199
8343 9963
7790 7455
6324 9914
9793 5244
9289 6056
8232 6654
6948 6736
7751 8385
6224 6513
6806 9470
5008 6561
9141 9855
9065 9225
9053 9209
7332 8210
9762 8950
7917 9762
6438 7470
8555 6218
8504 5114
7674 7815
7653 6999
7514 8781
8700 9064
9837 5279
5765 8629
9659 9651
5066 9254
7912 7564
7899 5293
8638 8818
9761 9693
9571 9903
7492 7144
6401 5580
6873 9614
6161 8343
5202 7099
6658 6026
9341 9180
6633 9478
6346 6368
9776 7700
6795 6487
5698 7279
7031 5206
9111 9475
5437 7113
6109 9145
8898 8597
5748 8607
8948 5806
6429 6421
5862 9764
7356 7244
7102 9226
8043 9522
9940 5093
7715 8028
6929 5715
7207 5752
9250 7221
8842 5756
6410 9739
7600 5377
7589 5328
7181 5556
9739 9735
6956 9377
7029 6345
8686 8215
6228 7851
5607 5075
5803 9495
9688 9207
7927 6831
8319 5352
7639 5636
9292 7548
8352 9039
9855 7575
6695 9037
6468 7051
5530 5353
7787 7320
9042 9564
5299 5207
8496 7372
7447 7512
6639 6399
7393 9086
8149 9371
6469 6277
5894 5016
5207 7741
5091 5524
5856 6107
5781 8758
9671 6846
5562 6788
8402 5520
6620 5422
6998 8903
6195 8048
5515 9226
6842 7305
6816 6571
5036 5986
9630 8303
7225 5084
9915 9149
8172 6167
8463 9521
7653 7631
6329 8267
9176 6752
7970 7439
8589 8499
9685 5175
8905 8912
9423 9857
9181 6770
9833 6241
8618 9612
9874 5931
5143 8324
8071 5041
9668 8175
5847 5479
7673 5216
7074 7723
5689 6333
6455 6210
9575 8963
5247 7673
8929 6514
5835 9022
8435 8630
7284 9458
5087 9267
6677 7871
9850 8456
8621 9192
9171 6211
5523 8342
5015 8991
9268 7341
6499 5939
5509 6872
8564 9889
8091 8167
5927 5620
6248 6195
5714 7731
6861 5562
6717 7456
7015 5306
6967 7424
7007 7720
9257 9601
8789 9854
8355 9457
9256 8907
5874 6591
9215 9376
5904 9634
6867 8717
9384 7660
6781 6191
9103 9682
7859 5427
8721 7599
8586 6386
6875 6403
8606 6439
6124 9641
5601 5212
5234 8821
7425 6388
8697 9894
5457 5136
9715 9340
6899 7559
9453 6277
6182 5137
8732 6606
6031 8579
5728 6010
9402 9818
5697 8992
8810 7814
8127 5578
9059 7099
6200 7389
6217 7194
5515 6399
6061 7673
8040 6603
5831 6158
6701 8710
5268 7481
6687 8504
5236 7534
8401 9188
9152 9572
8339 8357
5693 7425
6547 6477
9444 6812
5041 7063
7265 9133
7498 9046
8098 8989
6413 8411
9335 8896
6396 5515
5532 9589
8921 9950
9626 8393
6037 9181
6318 9285
8099 6017
5309 6966
8207 9142
7107 6749
5702 9398
6989 5296
8717 7076
8639 6401
6423 6389
6776 5732
6922 7685
5761 7958
7234 8453
5396 8698
7814 8515
5719 6120
7323 9118
9138 9138
8211 9016
8327 7323
7130 8962
8451 8559
6727 8973
8040 6820
5656 7315
5520 8699
5257 6117
7561 8848
5291 8812
5239 8711
5153 9377
8490 9838
8669 7652
6035 9804
7879 5674
7176 7648
8289 5532
6128 7029
6945 6397
6093 5550
5475 8894
6335 6514
6736 7342
7353 8246
9977 8596
8793 6833
6610 9543
8317 5399
8658 5899
5363 8475
9871 8996
9003 7905
9944 9219
9352 8434
8597 7528
7155 8901
5222 7922
5709 5768
7903 8092
9625 7620
6663 7372
8782 7881
7584 7427
5873 9574
5168 5391
8492 7033
9815 9047
9570 7297
9493 7302
9582 6522
8884 7942
9024 6510
8301 7659
8342 7872
5974 6462
6346 7746
6853 5563
5310 5012
9839 5060
6372 6793
7378 8580
8627 5974
8135 8910
5216 9927
6677 5217
7981 8972
9938 5279
8789 6344
5937 8357
6420 8557
8870 5552
6581 5588
6171 5721
5687 6576
6794 9383
7408 5766
9795 5715
7589 9025
6664 8652
7020 6848
5939 9669
6589 5923
8162 7923
6494 9549
5820 5127
5067 6757
8701 7124
9021 9776
9207 6313
7224 7923
7475 8310
9183 7293
8740 8891
6161 6222
7770 5914
5346 7830
9120 5755
7274 6970
7306 6561
5632 8082
5918 9190
6588 8296
8746 6887
8948 6851
8302 9354
9550 6960
5647 5557
6312 8996
7268 9677
6600 6840
9616 7300
8354 6114
6542 8034
8256 9130
8545 7805
8995 7722
9475 8479
5630 6719
5047 8777
9923 9449
7166 7580
7144 6330
7117 9950
8330 6563
7341 8955
6559 5233
7544 7046
6936 7183
9614 5153
8381 5694
6566 5141
7137 9453
7221 5102
9185 6645
6230 5905
5060 9090
9204 5751
7913 7276
5312 7029
9051 7260
7563 7618
7112 6697
8625 5300
8640 5677
5448 7621
5932 7434
8315 8737
7194 6016
5430 8695
5640 5139
8968 5802
5951 5650
5397 9534
6444 7402
8445 7536
6692 9155
8126 9119
9325 9017
8204 8081
7317 9764
5365 5456
5753 6186
7660 6268
8704 6886
9624 8578
9959 6677
7979 9428
8283 9641
7908 6155
6171 6504
7069 7175
7054 9484
8820 5568
9657 5547
6868 7818
7285 8847
7362 5158
9700 9089
8943 5946
8653 7822
9809 9702
5733 9164
6178 9087
7411 7791
8436 8568
6551 5651
9240 9176
6538 9739
9318 9352
9625 5091
6890 5310
5618 6387
8825 9583
6199 9694
7741 5492
7187 8276
5501 6203
8312 8780
5617 5578
8312 6418
5674 8904
7789 5585
9111 5295
5952 9516
5169 5560
7468 7820
8829 5277
9350 7111
8475 5995
6747 9262
9009 9115
9961 9370
7630 9896
7171 5144
9938 8160
6901 6430
5710 5552
6982 8373
8956 6554
6279 9433
5533 6958
6098 5301
8148 5984
8374 7709
6151 5909
5081 5096
6689 9805
8987 7785
9928 7883
9047 7656
5253 5201
7665 7189
5426 5970
8905 9048
9620 7739
9185 6272
7116 8943
5576 7752
5127 8304
5796 9084
9681 8923
9741 7577
7394 8556
7424 8876
8537 8536
5189 9151
9252 7550
9720 7870
8229 8232
9447 9745
7636 9127
6780 8008
8060 6300
6671 5537
5245 6537
7498 9956
9044 8110
5947 5615
9936 5557
5424 8422
9561 7422
7962 5261
8859 9659
6953 6771
8552 7944
9438 7867
7592 8069
7474 5668
7314 8094
9586 7690
6688 5245
6871 8462
9995 9552
9468 5408
8035 7383
6191 5792
7827 6757
5791 6354
7114 8296
7948 8249
8186 7964
7604 6303
6968 7758
9441 6239
6996 9194
7969 6617
5008 5286
6387 7409
6237 8826
9978 6639
5440 5980
7475 9312
9189 7238
9332 9510
5739 8693
5727 8894
7379 7119
6136 9637
6832 5264
9653 6302
9502 6607
7711 9706
7513 7808
5665 8709
9844 8857
8190 5198
7599 6205
8269 7883
7506 8398
6093 9159
5598 9681
5483 7840
8573 6872
9183 8722
9796 6746
7927 8337
6137 6525
9024 6544
7787 6209
6540 8463
6915 9581
6783 6753
5724 9653
6476 7180
9995 9620
5809 8300
8505 7725
8483 9828
5561 9660
5382 6586
8314 5327
8339 9311
7840 6522
5481 9646
6585 6799
8868 9203
6449 5912
7617 9932
8387 8269
9081 7974
8968 9117
6081 9517
6004 7373
8380 8196
9289 9729
8353 7505
6970 8509
5245 9008
5190 8320
7403 5696
9502 5386
7267 8387
9832 8357
8348 8670
8735 6903
5721 5883
7182 5394
8275 9831
9048 5199
6181 5486
7192 5265
6325 9824
7705 5524
6940 9446
8069 7709
6807 7464
7418 5028
9053 5202
6335 5194
6232 6826
9363 6394
9004 9577
8858 7062
9685 5887
5423 9239
7908 9800
6896 5159
9308 6599
8929 8685
8734 8108
6320 9598
8271 7048
9356 7426
6862 9841
9873 7447
6951 7786
9779 6306
5253 6878
8046 5806
6062 7535
5414 7165
6966 5972
7867 8727
6414 6383
6307 8624
5749 8860
6970 7830
8776 7430
5668 5772
7017 7324
9611 9385
8635 6506
8086 9336
9980 9470
9777 5998
7518 5268
9610 6145
6927 9824
8292 7776
8107 6578
7000 6681
7460 9239
5067 6687
5897 7963
7422 6537
8286 6207
5269 8633
9055 8719
8008 9996
6189 5932
7097 6826
5245 7549
5021 5555
7036 6869
9889 5493
9109 6575
5476 5303
6719 7369
8465 6780
5067 6862
7352 9685
8635 8510
5512 7903
7183 6550
6776 7391
5546 9971
9566 7803
5319 8734
9384 5295
8005 5366
5182 5821
7046 5265
8419 7619
9989 5065
9636 6586
7198 7540
5200 6425
8960 9402
6503 5874
8628 9059
7929 6480
8951 7860
5853 8066
7305 9306
9637 6353
9029 8949
8800 7907
6007 5831
9499 5693
8964 6129
9880 9493
6648 8988
5467 6855
6697 5391
5867 9267
8593 8533
8435 5051
6683 8155
6919 6328
7273 9022
5622 9051
5823 8207
7760 7761
5358 7246
9658 6600
8518 9852
9744 5079
6094 8758
9012 8588
8166 6232
6796 7568
5668 6013
5354 8353
7138 7255
9856 5269
5848 7793
8423 6271
8815 8598
9283 7013
6634 5550
7202 6969
7943 7179
7941 6420
9298 7134
9128 7664
5144 5532
7655 9804
5802 8611
9292 6354
7018 6239
5208 8533
6699 5671
8661 6997
7138 6939
9886 8228
9770 8747
6782 5481
7735 9383
8368 7498
5330 7359
5942 5990
8712 7877
6145 5799
9371 8183
9385 6195
9166 8267
8662 7650
8712 9934
6836 6845
8922 5344
5903 6240
5077 9110
8416 6389
5235 7853
5611 8010
7324 8991
7057 5189
6021 7628
6727 7674
8697 5677
7620 8960
8961 9121
6909 6180
5812 6162
9700 7379
5008 9415
8539 8684
7663 5123
5200 6715
5355 5579
7084 5631
7704 8388
9113 8500
6957 7066
9268 7052
8438 7597
6672 8631
8354 6092
5054 5217
8237 7997
8053 7522
6597 8238
9466 6156
7143 6199
5178 9016
8704 8966
9301 8824
9216 8686
7019 9693
5310 5009
9706 7856
9897 5519
6409 6049
5443 8107
7123 5766
5980 6313
5256 7562
5282 8277
7135 9827
5645 7819
9590 6396
6586 7576
7678 9679
9965 7942
8021 9454
7304 5222
8166 6863
5537 8456
7769 7250
6806 5648
7985 8554
8078 6226
6566 5291
5209 9899
5363 9173
6837 5681
7997 5221
8204 9462
9880 5169
8464 5339
5887 8581
8195 6541
9756 7035
6402 6291
6387 8782
8711 6174
8229 8636
9871 6112
6319 6455
5093 5425
8600 9791
7623 9822
9023 5164
7298 8149
7529 6818
9373 8440
9966 8950
8861 7055
8872 6651
8919 5082
8687 8543
8500 7152
8577 6877
5016 8426
7239 8063
8095 8002
7485 8423
6167 5190
9541 8047
5004 6582
5560 9571
6923 8314
7496 7190
6504 8331
5874 7022
9671 8164
6009 7396
7102 5537
9527 5266
5280 5632
6110 8732
9114 6565
6847 6829
9185 5960
7413 6645
8245 6336
6297 5107
5294 8974
5714 8115
8720 7796
5769 7614
6592 6420
7118 9328
6829 8054
9154 6373
9521 8932
6697 7861
5156 7684
6457 6434
9899 7995
7496 8345
7446 5266
7521 9851
9592 8520
6137 7925
6900 8527
7828 5713
5625 6574
7987 6878
8508 9370
5289 8878
9252 8512
9407 9268
9454 9755
6704 6841
8870 6776
6416 9628
7098 7487
9762 8494
7762 8161
7102 9581
8674 7116
8009 7956
8450 8507
6289 7128
9955 7852
7891 8671
9139 6604
7041 5260
7287 8202
7355 9011
7344 7119
5896 9058
5974 5904
5292 6741
7082 9933
7219 5021
8170 6155
8237 8219
6921 7786
9100 5021
6576 7687
5138 8599
7305 7371
9063 5291
9514 7259
6865 8441
9230 6478
5948 6749
5399 8938
9397 7507
7227 8179
6629 6096
5388 7699
6460 7330
8358 6160
7566 8936
9037 6793
8393 7558
7659 8919
5110 8140
8626 6634
5538 5463
9927 5036
5007 7297
8596 9604
6160 5619
6958 7425
7373 9384
7072 5845
5567 7727
7494 7872
6971 5758
9440 9155
8733 6666
9761 9925
6408 5351
9726 6942
5503 8335
6222 5811
8184 8998
5167 6785
5195 5542
6336 7870
5068 8759
7711 8823
8267 9380
9657 8959
7468 6147
5701 6394
5940 6123
5909 5324
5280 9030
5249 6028
9905 5689
5583 6437
7313 5479
9217 9286
9557 5722
7559 6893
6215 8190
8723 5741
8282 5315
6841 7034
5879 7010
8676 8596
8119 9747
7098 9833
6697 5276
6476 6567
9662 5432
6615 5986
9086 5340
8593 5496
5569 6597
7332 8896
9625 7407
9695 6087
9146 5821
