
500 708500
482 485
257 326
286 248
517 421
404 322
713 795
45 43
924 845
873 955
160 252
1 9
838 901
40 122
58 94
676 738
627 574
766 715
862 882
405 367
923 984
379 299
461 433
612 682
133 72
813 874
97 138
908 856
165 145
996 995
623 529
220 199
298 277
157 97
723 719
144 242
48 107
129 122
148 70
35 98
644 600
632 645
272 267
1040 972
977 895
312 213
778 748
567 487
965 923
1 29
616 674
569 540
628 554
493 467
76 46
733 710
575 553
288 191
775 724
723 730
912 988
64 90
354 340
565 549
210 196
922 865
775 678
566 570
934 936
626 722
742 651
194 123
485 431
483 508
617 585
876 853
653 642
896 992
652 725
220 286
727 812
900 859
563 663
56 88
157 179
280 187
537 619
284 261
920 846
124 192
239 261
459 514
931 886
504 530
910 849
382 294
795 799
485 391
351 330
289 298
865 790
250 275
738 826
75 72
788 866
947 951
651 748
595 685
993 956
663 564
265 183
338 400
637 721
206 207
328 323
618 611
64 116
139 109
806 795
412 343
912 862
715 685
1 10
929 881
1025 984
410 403
273 360
507 449
450 541
174 272
882 877
427 359
787 707
355 308
734 770
1 30
248 208
397 311
159 100
874 939
449 422
857 785
286 370
976 989
908 969
103 143
1071 972
1 28
117 61
697 638
424 348
439 347
74 66
442 391
568 638
195 295
854 826
281 196
433 449
845 855
224 143
487 487
181 140
496 564
690 615
124 135
575 564
374 360
766 793
149 163
776 859
793 760
674 711
696 662
90 159
732 660
214 268
935 948
228 315
619 676
349 341
734 689
964 894
644 706
484 490
491 478
628 671
1009 932
944 899
315 237
92 187
554 472
757 772
88 98
952 906
818 911
628 635
316 225
818 823
255 164
432 343
763 732
490 502
721 740
587 576
530 612
992 902
491 454
343 411
880 973
645 703
761 850
152 77
241 220
727 802
352 403
246 181
1 10
479 525
958 919
749 668
551 527
538 462
319 291
580 605
501 457
487 405
349 417
252 279
731 685
637 596
339 307
257 224
271 322
740 840
1002 975
404 401
190 91
254 327
277 330
100 182
648 603
810 793
535 615
702 733
855 864
76 16
773 863
917 987
279 306
123 34
922 840
613 700
658 706
705 787
101 105
807 834
883 798
358 310
634 609
786 690
618 561
644 579
141 60
466 388
340 309
495 407
283 200
352 313
886 970
95 33
291 273
217 277
1007 997
1 40
219 227
764 860
1025 940
600 608
895 990
690 590
738 806
1 52
772 801
727 764
774 710
340 386
503 593
1 50
432 494
228 156
993 936
1058 965
130 86
821 723
189 184
943 868
343 340
404 412
560 487
196 209
418 346
782 860
314 307
59 95
778 821
979 941
828 821
584 587
122 201
741 665
566 527
760 812
385 424
395 459
250 343
789 836
492 506
261 179
914 916
380 430
537 596
731 808
361 269
473 512
737 811
708 685
635 567
804 776
827 855
695 718
756 853
57 97
178 146
688 746
1 15
871 965
415 512
510 480
1057 958
764 665
193 191
905 964
583 515
696 606
887 822
444 536
741 693
12 19
313 335
81 101
828 922
354 294
981 910
499 410
283 250
545 546
635 729
540 609
689 720
946 976
730 759
703 798
14 74
644 648
241 299
793 785
912 846
461 390
801 897
424 416
744 837
272 247
338 293
193 144
987 938
432 467
505 480
944 955
653 665
38 26
468 564
461 449
1 26
576 521
329 301
274 321
701 613
432 388
851 879
915 990
137 188
927 963
903 820
373 300
770 822
160 255
285 277
231 153
366 400
317 227
423 518
420 447
216 315
772 813
271 324
566 502
243 299
725 780
390 376
491 516
225 212
392 329
781 810
434 486
535 485
368 416
938 952
946 894
353 358
1 21
707 647
143 44
630 683
364 361
822 814
147 231
54 8
91 165
431 496
606 699
917 852
553 459
473 535
222 314
954 944
369 306
413 459
717 637
491 447
447 408
44 107
994 962
518 565
448 407
931 857
369 317
181 98
815 818
655 600
267 288
960 902
611 567
271 190
771 749
993 908
359 276
810 748
563 592
360 393
264 363
199 163
1074 983
131 179
41 16
423 478
197 259
779 868
344 295
536 596
140 71
669 622
938 864
715 644
67 5
321 365
434 429
19 64
928 854
759 770
178 88
160 157
277 368
467 421
653 719
330 271
966 975
817 816
1045 962
508 535
492 438
743 696
884 881
259 318
56 45
1 52
421 496
270 313
99 138
429 334
1004 988
6985 8504
8290 6552
9200 5543
5199 9305
5865 7023
9823 9400
6402 6238
8622 9222
7289 5244
7353 5900
9613 9043
6880 7321
7613 8350
5019 7478
6842 9484
9276 9540
8440 5234
5362 6508
8810 7201
9141 6139
8927 8021
5970 6651
5162 9963
9700 8083
9942 8012
9806 8354
6952 9345
8421 7341
8934 6986
8010 9267
9039 6130
6465 7197
8728 8486
8870 6001
7534 6090
6498 6578
8197 8333
5025 9549
5575 8815
8007 7327
8869 7935
8309 5080
6634 9779
9075 8501
8857 7017
9780 9310
6473 9591
7381 5284
7112 9769
5452 7426
9328 6661
7816 5821
6714 5060
6668 9195
6686 8996
6409 5465
9322 5156
6903 6225
5236 9469
9613 6853
6324 7061
5484 8651
9648 9412
6503 6069
6516 7333
9945 5432
9182 9326
8763 9249
5629 7876
9138 6652
5886 8573
6427 8862
5836 7628
7306 8930
8563 6253
8521 8762
9854 6160
9034 9371
9256 9778
7470 9713
5632 9512
6154 7389
6025 5255
7780 5217
9441 6556
9901 8616
9709 6708
7162 9068
9156 5173
7016 7745
6946 7664
5343 5136
5018 7405
8521 7912
7884 6949
6008 6412
8591 7766
9869 6788
5701 8036
5909 7207
9895 6488
8452 6486
9396 6131
8900 8340
7869 9186
8037 9663
9785 6116
5615 7489
7178 9518
5698 7599
6083 7172
8696 7408
7814 9193
6345 9564
6112 7317
7708 5883
7472 8715
9070 5783
6600 6233
9889 6730
7448 8993
5412 5250
8054 6509
6563 6786
8317 8122
5218 5500
7322 7884
7779 7310
8939 6081
8965 7886
8528 9724
7693 7534
7734 9330
5946 8717
9936 9997
7753 7971
8304 7938
6217 7679
9361 7341
7433 6133
5751 7511
8176 6213
8656 9731
9940 6487
8889 5469
9849 5457
8289 8209
7358 7923
9597 8889
8362 8539
6325 5790
9131 8624
6564 5407
5288 7830
5291 7804
7023 5529
9604 8341
6593 7369
5872 9778
7444 8616
9284 8717
6212 7565
7858 5366
5028 8896
5387 7364
8688 7574
7658 5315
9718 7738
6568 5643
8788 8811
5884 6759
8712 9138
9524 5255
7040 5429
8638 9120
6304 8326
5926 7774
9080 9387
9258 8504
7152 8730
5521 6682
7534 8104
9255 6513
8055 7265
8166 8780
7914 9669
7074 7269
6952 6293
9924 5400
7258 6133
7873 9045
7576 8059
9770 6890
5529 9817
9927 6555
5175 6376
9894 7537
8241 6057
9073 7067
7698 5881
9064 7738
8995 7468
5688 5180
5528 6055
5106 5455
7968 7130
8232 8437
5350 8416
8893 6044
7707 6235
5971 6629
8372 8609
9537 6748
6613 5907
9940 5759
6764 5721
8103 8560
8071 8762
9644 6760
5736 5119
6833 6320
6026 6810
9327 8572
7120 5652
6654 9777
8100 5470
8174 6225
7042 5009
8969 7904
6059 7244
6922 7238
7145 5787
9156 6264
8312 9927
6813 5188
7113 8270
5018 5715
5310 8028
5660 9650
9155 9523
5456 9869
5172 8249
7281 8537
8924 9816
5501 7818
6257 5762
9022 9348
9417 9803
9851 5677
5857 6651
6545 9245
9394 5866
6534 9262
9851 6605
7627 8566
7882 5859
5906 6785
8214 9935
8656 7064
6089 9599
5692 5041
5970 9711
5066 5316
6597 5419
7142 7807
6916 8543
5733 5344
8211 7184
6031 7956
6190 8292
9221 5269
8590 6276
5822 7701
9603 6158
8973 7910
8485 5057
6993 6237
8191 8155
8464 9610
8999 5439
5883 5866
7131 7156
6119 7454
5490 9962
7066 8276
9480 9001
5299 5374
5228 9237
7040 9205
5778 7690
8508 9119
9117 8101
5279 7241
9387 9566
5848 8891
6899 8987
8178 9638
6790 8788
7565 7005
9187 5454
9575 5330
6212 9444
5494 7691
5767 6096
7590 7591
5975 9815
6835 8187
5055 5945
9922 9245
9425 9680
7814 8497
7496 6341
7319 5451
6490 9579
9729 7741
6761 9444
9043 8370
8962 5961
5712 6886
9037 6971
9985 9838
6167 9534
6611 6948
8315 9203
5037 6715
7606 5613
9371 5520
6291 7469
8602 9783
8541 5755
8409 6188
6013 8309
9021 9027
5110 7942
6100 5883
5068 9487
6844 7839
8978 9481
5705 9934
6674 9412
8366 7605
6222 8757
5778 8936
9677 6047
6895 7770
7178 5105
7162 8243
9807 7281
8402 5724
5732 8795
8095 6067
6622 7088
7348 9280
5145 5336
5925 8695
5129 9104
7304 6867
7839 7748
5754 7416
5747 7180
9387 6747
7397 5422
8272 7892
9815 7687
5392 5075
8523 7489
9864 8904
9671 6322
8552 5885
5553 7679
6080 8598
8648 6441
8393 9136
8410 5122
5171 8100
6717 9905
9095 7050
5192 5232
8407 5187
6695 9129
7974 9714
6770 7713
7222 6928
9145 6291
6543 7507
6955 6633
7838 5690
6351 7522
9295 8424
6173 7156
7301 6186
8199 7186
5101 9249
8420 9298
6743 7710
6478 6881
9928 9281
6661 6192
8341 6556
7367 6755
9099 8948
8908 8639
9457 5922
6825 7106
8199 9363
8656 8901
7445 8284
5961 6081
8657 5084
7605 8278
6588 6651
6183 6266
6589 6888
8289 6650
9227 7763
8313 8815
9801 5508
7567 9364
9601 5337
9279 7414
7281 6453
6959 5439
8899 9015
8847 6814
9895 8800
5148 5495
8924 6962
6499 6614
8392 5579
7519 5940
6694 7011
5901 5228
5673 7148
8931 6099
8640 9640
6193 9923
8243 7163
5491 7531
8359 9779
5446 10000
8932 7941
8565 7110
9322 9591
8312 5604
9230 8931
5755 8717
9570 7252
6772 6400
9393 8471
7392 6830
7683 8390
6779 7399
7814 6541
6141 6547
7581 6733
6784 8764
8647 5854
7047 5721
7984 8635
8402 9745
5453 8301
7816 7185
7175 5967
7684 6723
6085 6714
7807 9808
7688 5519
6173 5503
5489 8753
8321 8530
9279 6105
6714 7113
9239 6029
7132 6792
8613 6863
5625 9638
9316 6364
9175 5927
9341 6873
6765 8976
6974 6883
5006 5517
7994 8114
5898 7184
8965 6712
9610 5695
7753 5277
5268 7206
8851 6641
9281 9951
9929 5636
6908 7219
5264 8795
7625 8632
6386 5329
7526 6714
7259 6863
8994 6231
7401 8713
7684 6596
