
200 778900
585 485
194 94
426 326
606 506
348 248
516 416
521 421
1092 992
422 322
749 649
895 795
337 237
143 43
557 457
945 845
915 815
1055 955
546 446
352 252
522 422
109 9
891 791
1001 901
459 359
222 122
767 667
194 94
698 598
838 738
107 7
674 574
644 544
815 715
434 334
982 882
866 766
467 367
1094 994
1084 984
993 893
399 299
733 633
533 433
231 131
782 682
528 428
172 72
800 700
974 874
717 617
238 138
974 874
956 856
820 720
245 145
519 419
1095 995
894 794
629 529
296 196
299 199
1097 997
377 277
216 116
197 97
1008 908
819 719
639 539
342 242
807 707
207 107
669 569
222 122
637 537
170 70
1031 931
198 98
826 726
700 600
587 487
745 645
872 772
367 267
613 513
1072 972
181 81
995 895
1043 943
313 213
158 58
848 748
403 303
587 487
864 764
1023 923
636 536
129 29
824 724
774 674
889 789
640 540
579 479
654 554
242 142
567 467
439 339
146 46
741 641
810 710
296 196
653 553
594 494
291 191
166 66
824 724
924 824
830 730
308 208
1088 988
811 711
190 90
900 800
440 340
414 314
649 549
389 289
296 196
501 401
965 865
566 466
778 678
789 689
670 570
933 833
1036 936
325 225
822 722
344 244
751 651
949 849
223 123
213 113
531 431
479 379
608 508
461 361
685 585
165 65
953 853
586 486
742 642
786 686
1092 992
386 286
825 725
989 889
386 286
124 24
912 812
591 491
959 859
991 891
763 663
190 90
188 88
281 181
279 179
314 214
287 187
117 17
719 619
572 472
361 261
518 418
946 846
519 419
292 192
456 356
361 261
782 682
614 514
406 306
986 886
301 201
630 530
485 385
949 849
1052 952
394 294
600 500
899 799
294 194
491 391
837 737
430 330
424 324
398 298
1092 992
890 790
324 224
9743 6664
6288 6867
8213 8602
6157 9751
8231 6417
9315 7330
7519 5113
5343 6092
8823 5130
8290 7311
6790 6565
6413 9554
5059 6317
6976 6316
8742 5384
8634 7008
9169 7964
9517 8821
5176 7376
6670 9372
5013 6146
7568 6602
9438 6928
8660 5206
6495 9599
5602 9975
5650 7889
8980 8275
8523 6423
5551 6132
7964 6138
9083 7683
7424 7762
8470 9898
5497 8515
6192 6273
7671 8727
7523 5823
8644 9950
5822 8270
8882 5960
8924 8483
7286 7366
9193 5135
7702 7261
7144 8505
5284 7966
9200 8493
7125 6605
8176 7764
5899 9647
6984 9446
9039 5325
5406 8007
7984 5295
8090 5582
7219 9356
9900 9818
8746 9366
5103 5685
8934 8642
5363 6804
9284 7349
9301 5848
5547 7939
6741 7272
9373 5027
8542 5027
5126 7742
7810 9897
9696 5424
5174 6881
5788 7855
9490 8742
7276 6540
7548 8272
8451 7006
9514 5162
6257 6316
7876 7889
8949 6419
6997 7137
8796 8063
5008 5182
5644 9991
9717 5647
6631 8663
8981 6985
9467 9969
7506 6824
9443 5836
8027 5654
5295 6041
8112 5762
5908 9371
6333 6355
6396 6202
5426 7056
5267 6258
8833 9107
5213 5441
8478 8605
8352 7113
7198 6851
5750 8637
9752 9025
9742 5474
9243 5760
8825 8278
7872 5716
6844 5624
9263 6277
5893 5210
5866 5073
8175 8069
6820 8421
5836 7577
5352 7723
6322 8818
6155 8928
6070 6451
7900 6089
7869 8255
8658 8364
6608 8468
6452 5196
6946 7397
7440 9860
5862 8711
7795 5638
7678 6128
6389 9264
9899 7140
9443 7837
8171 5982
7225 9627
9761 6384
7351 5482
8411 8184
7303 7622
7145 6075
5787 8751
5714 8298
7366 9293
5871 9284
8841 7120
5558 7619
5062 8834
9186 7008
7431 8229
9303 7751
9588 9266
7179 8236
7818 9914
6577 5736
5981 7988
5007 9070
7607 8580
5542 8888
6483 8668
6669 7103
5599 7504
9698 8639
6962 9670
9025 5199
5802 7158
5014 7905
7179 9560
7984 8352
8541 7765
6570 7892
7293 6701
5514 6773
6208 9045
6984 9414
8240 6299
5922 6402
6118 7143
5352 5884
8572 6145
8512 6212
5468 7759
6533 5196
6850 6486
6282 6379
7633 6368
5709 5207
6364 8428
8649 8596
6843 5062
7244 8140
5890 9342
6233 6696
7152 8610
5563 8123
5879 7779
5440 5537
9592 5641
7575 9284
8983 9264
