5000 695700
482 485
257 326
286 248
517 421
404 322
713 795
45 43
924 845
873 955
160 252
1 9
838 901
40 122
58 94
676 738
627 574
766 715
862 882
405 367
923 984
379 299
461 433
612 682
133 72
813 874
97 138
908 856
165 145
996 995
623 529
220 199
298 277
157 97
723 719
144 242
48 107
129 122
148 70
35 98
644 600
632 645
272 267
1040 972
977 895
312 213
778 748
567 487
965 923
1 29
616 674
569 540
628 554
493 467
76 46
733 710
575 553
288 191
775 724
723 730
912 988
64 90
354 340
565 549
210 196
922 865
775 678
566 570
934 936
626 722
742 651
194 123
485 431
483 508
617 585
876 853
653 642
896 992
652 725
220 286
727 812
900 859
563 663
56 88
157 179
280 187
537 619
284 261
920 846
124 192
239 261
459 514
931 886
504 530
910 849
382 294
795 799
485 391
351 330
289 298
865 790
250 275
738 826
75 72
788 866
947 951
651 748
595 685
993 956
663 564
265 183
338 400
637 721
206 207
328 323
618 611
64 116
139 109
806 795
412 343
912 862
715 685
1 10
929 881
1025 984
410 403
273 360
507 449
450 541
174 272
882 877
427 359
787 707
355 308
734 770
1 30
248 208
397 311
159 100
874 939
449 422
857 785
286 370
976 989
908 969
103 143
1071 972
1 28
117 61
697 638
424 348
439 347
74 66
442 391
568 638
195 295
854 826
281 196
433 449
845 855
224 143
487 487
181 140
496 564
690 615
124 135
575 564
374 360
766 793
149 163
776 859
793 760
674 711
696 662
90 159
732 660
214 268
935 948
228 315
619 676
349 341
734 689
964 894
644 706
484 490
491 478
628 671
1009 932
944 899
315 237
92 187
554 472
757 772
88 98
952 906
818 911
628 635
316 225
818 823
255 164
432 343
763 732
490 502
721 740
587 576
530 612
992 902
491 454
343 411
880 973
645 703
761 850
152 77
241 220
727 802
352 403
246 181
1 10
479 525
958 919
749 668
551 527
538 462
319 291
580 605
501 457
487 405
349 417
252 279
731 685
637 596
339 307
257 224
271 322
740 840
1002 975
404 401
190 91
254 327
277 330
100 182
648 603
810 793
535 615
702 733
855 864
76 16
773 863
917 987
279 306
123 34
922 840
613 700
658 706
705 787
101 105
807 834
883 798
358 310
634 609
786 690
618 561
644 579
141 60
466 388
340 309
495 407
283 200
352 313
886 970
95 33
291 273
217 277
1007 997
1 40
219 227
764 860
1025 940
600 608
895 990
690 590
738 806
1 52
772 801
727 764
774 710
340 386
503 593
1 50
432 494
228 156
993 936
1058 965
130 86
821 723
189 184
943 868
343 340
404 412
560 487
196 209
418 346
782 860
314 307
59 95
778 821
979 941
828 821
584 587
122 201
741 665
566 527
760 812
385 424
395 459
250 343
789 836
492 506
261 179
914 916
380 430
537 596
731 808
361 269
473 512
737 811
708 685
635 567
804 776
827 855
695 718
756 853
57 97
178 146
688 746
1 15
871 965
415 512
510 480
1057 958
764 665
193 191
905 964
583 515
696 606
887 822
444 536
741 693
12 19
313 335
81 101
828 922
354 294
981 910
499 410
283 250
545 546
635 729
540 609
689 720
946 976
730 759
703 798
14 74
644 648
241 299
793 785
912 846
461 390
801 897
424 416
744 837
272 247
338 293
193 144
987 938
432 467
505 480
944 955
653 665
38 26
468 564
461 449
1 26
576 521
329 301
274 321
701 613
432 388
851 879
915 990
137 188
927 963
903 820
373 300
770 822
160 255
285 277
231 153
366 400
317 227
423 518
420 447
216 315
772 813
271 324
566 502
243 299
725 780
390 376
491 516
225 212
392 329
781 810
434 486
535 485
368 416
938 952
946 894
353 358
1 21
707 647
143 44
630 683
364 361
822 814
147 231
54 8
91 165
431 496
606 699
917 852
553 459
473 535
222 314
954 944
369 306
413 459
717 637
491 447
447 408
44 107
994 962
518 565
448 407
931 857
369 317
181 98
815 818
655 600
267 288
960 902
611 567
271 190
771 749
993 908
359 276
810 748
563 592
360 393
264 363
199 163
1074 983
131 179
41 16
423 478
197 259
779 868
344 295
536 596
140 71
669 622
938 864
715 644
67 5
321 365
434 429
19 64
928 854
759 770
178 88
160 157
277 368
467 421
653 719
330 271
966 975
817 816
1045 962
508 535
492 438
743 696
884 881
259 318
56 45
1 52
421 496
270 313
99 138
429 334
1004 988
512 508
702 770
657 751
862 780
516 441
246 207
592 516
641 674
390 408
831 920
522 573
611 634
825 878
929 990
734 826
718 696
883 800
355 411
426 422
668 707
235 334
1080 986
397 494
137 150
648 562
342 380
799 832
1067 979
313 376
452 511
441 414
214 160
1059 982
260 238
579 490
897 899
316 251
526 526
909 897
139 39
634 657
384 452
577 538
840 831
509 460
262 185
934 934
513 440
556 490
97 168
107 71
937 977
370 458
193 204
802 803
134 139
390 399
439 420
1034 991
636 578
1008 972
191 177
429 398
445 348
483 496
347 276
769 825
540 614
212 121
789 730
317 341
381 284
714 698
24 17
570 546
771 672
1052 974
776 866
290 377
470 559
367 340
626 527
879 779
688 761
553 483
112 92
440 390
510 583
741 661
473 391
289 336
574 661
85 125
36 89
362 275
310 359
129 178
763 780
31 42
69 5
470 380
739 772
726 816
57 9
476 484
498 545
669 589
112 157
934 901
854 777
112 74
246 247
1 55
481 479
883 785
1051 958
763 680
417 393
900 944
573 596
601 619
588 611
900 852
327 283
199 299
847 766
240 312
862 826
635 726
680 733
806 805
767 679
495 403
870 964
259 337
476 541
512 478
467 369
1001 946
798 821
819 833
835 837
502 490
119 37
652 594
82 129
242 258
215 246
291 362
687 755
550 504
1 71
249 177
203 176
865 803
189 237
758 677
90 33
188 115
621 597
807 769
481 536
1031 956
349 341
222 184
260 234
551 569
245 216
631 537
183 84
873 810
656 657
5 33
137 159
579 520
656 668
373 287
232 229
352 374
428 474
598 672
943 915
582 511
120 123
573 569
218 199
347 396
628 715
1 59
642 610
959 917
983 927
186 270
60 117
513 516
143 215
234 216
290 237
597 615
452 499
521 477
837 760
267 285
20 56
1027 966
690 622
235 221
199 194
186 91
374 347
244 252
424 473
438 516
385 385
337 357
945 958
686 665
698 792
16 64
464 420
655 671
911 968
839 877
144 177
535 523
65 139
230 152
806 732
312 246
578 565
699 740
817 902
105 17
886 973
360 298
658 611
53 32
1 11
319 337
36 136
879 889
595 522
721 805
80 28
981 931
838 757
654 609
480 544
973 905
647 595
243 246
152 113
183 175
140 156
263 244
856 883
338 265
792 883
403 462
560 485
238 272
214 204
1011 984
453 409
330 398
819 909
469 370
882 882
279 214
811 766
82 35
341 421
271 271
397 370
876 848
128 50
1016 976
243 270
843 796
949 963
451 379
1091 991
594 551
867 897
353 307
471 421
100 74
401 388
591 559
884 980
607 615
651 681
209 231
133 207
741 818
372 331
950 979
403 445
419 348
780 724
345 401
618 646
766 668
335 242
288 302
795 861
777 830
117 77
541 441
499 589
1025 990
217 189
799 868
944 996
329 363
232 237
367 420
552 565
220 214
353 333
811 726
176 175
35 58
548 625
1 66
142 169
400 475
298 204
27 90
421 496
40 1
462 474
359 449
299 252
395 332
382 287
206 189
980 889
1 63
285 378
109 206
813 897
219 230
361 382
601 575
155 60
442 529
405 477
253 290
57 89
894 961
548 461
763 702
542 532
704 680
44 53
545 642
1018 1000
803 891
730 822
59 152
423 324
590 633
266 267
325 381
307 272
422 506
403 419
524 461
613 526
1033 978
403 468
820 729
777 795
631 581
298 383
302 226
505 421
461 386
351 273
556 484
638 676
152 107
236 229
831 902
882 962
38 105
100 84
1006 991
661 701
596 689
748 655
528 600
587 538
492 499
783 881
1017 981
546 473
368 383
618 679
662 573
563 589
553 480
161 145
612 624
926 923
972 915
249 232
948 974
662 735
735 678
682 640
722 644
146 212
75 123
276 253
890 943
1 18
1007 916
302 327
607 640
646 615
488 470
565 655
239 288
448 401
906 840
564 633
647 707
339 424
757 682
213 194
829 855
229 190
703 728
257 178
255 275
123 88
321 367
517 544
768 738
1040 963
439 460
282 266
739 727
128 33
471 442
714 628
467 384
298 244
411 482
760 765
435 446
245 247
865 913
658 560
457 528
694 594
882 935
415 462
555 621
705 660
525 564
276 302
871 936
582 592
639 724
181 118
200 299
201 251
35 129
5 96
85 167
239 169
359 381
948 976
771 767
804 837
457 407
284 203
485 387
803 735
629 706
358 335
13 40
808 821
68 131
96 159
956 978
101 53
767 849
577 478
1 19
278 230
388 453
318 336
847 931
592 588
494 449
615 566
265 272
806 883
754 731
94 80
113 213
203 177
896 872
712 626
1000 940
69 150
279 379
847 833
509 517
686 724
946 973
652 581
872 839
237 272
314 412
789 839
440 492
526 553
714 718
791 738
816 839
385 390
557 588
562 523
715 630
815 770
752 746
1 49
280 369
498 537
116 115
155 215
872 971
572 602
551 551
1 40
399 494
306 252
153 158
81 72
84 177
755 667
504 483
724 815
94 19
725 745
266 339
660 614
263 302
341 319
635 670
519 513
647 566
24 27
259 322
707 645
162 210
925 841
830 925
600 521
931 975
177 269
862 929
437 478
918 970
737 684
227 231
595 673
343 348
194 232
683 727
616 597
401 397
608 539
923 907
928 892
731 699
435 408
265 361
828 789
583 529
275 190
812 880
212 236
659 715
725 718
348 439
774 814
845 902
593 658
393 410
511 412
5 90
689 678
916 951
120 37
624 593
781 737
174 211
156 134
769 847
433 490
57 95
389 435
822 737
760 860
360 310
545 548
991 984
669 660
142 86
707 635
935 941
156 56
357 372
630 650
1041 964
734 735
730 682
166 151
223 283
834 773
648 643
918 898
781 817
362 269
760 731
454 507
853 841
294 207
779 752
407 318
86 126
182 153
49 101
623 560
786 743
765 816
981 980
29 1
69 82
914 886
448 377
476 465
752 753
847 842
609 547
660 580
700 754
1 37
616 548
963 896
735 656
615 537
143 78
582 540
525 597
253 314
877 845
321 361
988 930
562 654
866 841
754 810
193 98
846 814
977 898
220 237
310 236
375 397
512 468
112 160
176 168
262 189
123 123
826 783
1063 991
839 775
505 565
838 906
680 604
229 233
759 693
188 209
241 279
166 231
773 675
324 370
777 814
285 276
200 238
663 710
916 931
833 879
433 492
168 81
386 347
360 417
612 582
755 801
282 195
474 403
215 247
351 356
571 627
838 858
722 803
277 236
521 572
585 485
526 586
808 748
291 235
838 859
793 788
394 345
801 861
395 342
783 779
555 595
910 963
195 260
315 366
796 835
687 733
808 834
357 442
690 773
974 880
928 873
722 793
164 173
394 402
38 60
688 628
1 19
146 146
741 685
88 138
636 593
265 202
590 500
66 89
508 433
133 63
494 514
785 865
433 393
364 269
129 111
659 614
330 272
950 973
673 609
285 236
493 496
120 24
795 871
186 227
391 420
933 850
112 127
186 170
190 224
714 722
267 189
548 597
346 286
1 22
958 957
576 536
311 221
292 281
261 238
622 531
472 449
714 735
575 670
667 646
297 272
546 605
390 394
595 508
570 537
893 955
408 477
947 969
697 692
896 963
914 829
623 638
122 206
229 185
210 187
36 129
266 300
207 114
391 305
174 199
897 916
802 839
966 899
464 452
163 185
552 561
825 848
167 191
864 830
885 860
952 873
574 649
632 591
915 974
1037 974
471 452
364 397
331 350
671 597
34 13
405 392
273 343
844 756
438 387
888 924
174 188
1 68
581 552
112 166
406 435
3 14
782 797
186 254
228 300
483 431
346 367
220 197
237 233
249 149
51 62
1 38
106 69
430 425
855 810
834 878
484 503
240 308
781 798
394 437
805 798
23 36
527 583
418 412
182 195
783 878
347 388
478 438
435 532
18 3
332 268
373 417
282 277
273 229
486 445
358 380
884 974
329 248
491 433
1039 1000
781 874
889 939
813 760
538 473
721 811
810 766
236 306
558 556
527 521
377 364
467 460
230 136
537 458
839 784
623 648
693 783
922 960
42 137
524 591
845 875
503 440
310 263
91 40
916 835
863 943
726 749
214 263
621 597
59 5
1029 999
118 161
1 35
933 891
377 459
926 996
675 592
1 54
1080 985
444 401
259 298
383 459
144 77
617 611
169 159
392 467
821 737
887 895
135 49
482 382
347 285
326 388
1048 972
353 265
691 729
822 810
1056 973
867 818
349 295
566 532
126 58
758 736
113 187
923 896
1063 998
914 997
564 476
221 259
536 475
465 494
124 130
222 151
669 639
774 855
565 480
431 478
471 386
602 672
371 361
821 894
447 460
122 148
749 660
706 628
367 329
898 975
17 1
584 507
815 750
53 109
878 915
735 700
38 75
880 896
233 229
1 85
147 144
595 536
841 919
584 516
425 473
1 25
1 25
682 611
22 44
798 722
954 980
615 563
585 672
976 914
448 541
917 882
178 142
346 259
113 35
641 543
652 689
819 721
235 142
509 530
602 503
519 450
305 248
608 599
911 919
546 636
205 181
799 873
112 154
440 427
669 604
313 313
441 363
601 594
815 813
898 829
133 49
808 791
463 554
471 499
215 226
325 345
402 432
671 758
113 64
933 843
585 637
945 941
891 965
502 448
798 857
982 968
258 351
691 758
307 351
901 980
670 662
338 357
921 914
642 548
793 723
1 23
214 170
326 351
35 113
755 783
747 766
497 527
233 206
551 644
348 258
921 861
675 728
122 69
173 128
397 392
81 145
112 51
179 112
245 253
300 340
1027 932
832 817
970 965
493 480
633 724
812 839
549 500
726 746
767 811
450 373
641 605
351 252
162 172
388 394
229 177
84 98
325 377
518 486
792 855
382 290
146 130
426 355
885 842
255 233
81 101
671 686
676 736
844 930
748 700
92 69
696 607
949 879
904 916
1037 960
345 408
681 679
130 138
123 185
684 782
9 49
464 453
551 630
364 429
845 853
450 545
645 651
853 765
155 159
1007 1000
120 179
743 717
816 885
71 32
833 838
148 186
486 470
270 185
836 921
385 376
954 986
852 934
90 171
552 645
1 46
762 681
1 43
231 234
99 103
536 496
486 389
945 931
639 579
164 132
966 908
679 772
736 677
425 343
714 703
134 139
337 344
418 387
840 909
471 539
361 304
745 655
374 378
153 92
841 862
428 411
420 362
383 397
331 290
182 152
687 611
188 173
226 137
982 946
432 365
410 475
971 982
832 920
710 802
1 66
711 778
715 744
535 464
399 313
401 341
620 685
339 331
150 85
741 676
89 91
535 534
229 166
124 51
970 966
849 841
558 625
173 114
1 16
29 113
800 826
581 506
794 738
657 564
364 455
711 735
283 264
526 548
717 738
900 853
557 575
495 569
316 365
599 620
340 264
144 193
1 21
285 373
168 84
167 250
190 288
86 132
180 151
337 419
522 521
907 974
601 655
690 648
830 737
398 298
227 187
1017 981
870 965
979 954
149 166
330 248
655 636
565 560
624 563
11 24
813 896
821 803
1 16
291 274
809 714
406 449
192 229
188 280
494 423
769 868
115 124
945 970
312 231
859 935
809 808
61 23
110 210
149 88
192 151
742 770
600 555
580 613
771 866
230 223
258 303
383 305
312 306
951 900
962 964
467 397
966 898
63 59
571 628
182 225
473 537
624 612
619 633
275 314
551 478
1071 981
868 904
776 819
187 108
245 179
196 152
686 598
321 349
100 80
796 762
292 314
417 513
293 205
510 584
731 652
983 894
149 198
220 143
601 671
304 302
575 611
631 631
533 526
533 526
439 403
141 231
794 830
242 283
772 864
728 755
62 159
141 220
454 447
892 800
880 833
804 805
724 791
499 412
850 857
476 408
859 895
313 360
874 827
875 971
909 961
431 519
432 335
329 238
935 883
204 222
827 886
764 708
376 475
933 876
69 123
76 127
310 384
798 745
311 284
388 429
776 685
593 512
577 503
576 599
925 983
439 462
1064 992
236 270
393 491
267 282
766 831
146 167
28 115
579 661
539 564
902 934
527 608
586 513
1 53
725 659
706 646
120 164
752 763
828 825
887 949
321 355
775 811
188 164
766 851
253 289
483 392
130 224
419 460
886 903
440 347
579 638
45 101
666 587
736 797
792 881
219 210
194 243
938 969
225 298
161 253
576 593
439 453
663 657
172 72
225 222
402 319
1 61
750 694
448 384
739 801
218 136
522 536
1012 958
557 647
610 526
1 28
999 904
484 509
922 884
539 565
635 601
417 323
615 522
149 192
66 103
483 451
903 867
555 602
874 783
346 311
1027 994
187 172
1 51
332 389
193 237
796 721
561 597
417 492
248 331
358 380
190 259
653 726
54 55
496 501
395 459
729 790
1 4
715 634
170 117
666 601
711 808
457 544
504 542
598 590
829 827
864 817
657 617
1 32
815 879
593 692
709 685
90 88
820 911
553 546
528 580
948 997
1018 937
1069 988
433 351
563 661
617 630
367 360
897 908
263 203
545 479
270 251
212 162
967 905
227 167
779 862
346 369
86 181
684 765
291 251
992 909
712 645
664 568
896 847
547 538
466 540
193 99
438 423
323 246
88 165
549 544
120 52
218 131
273 372
500 471
651 625
696 684
432 378
542 534
46 73
458 540
639 671
207 127
507 412
1067 972
825 823
716 663
755 784
608 588
514 496
209 170
133 153
209 199
216 152
355 258
208 283
305 289
616 608
428 463
157 180
404 329
271 221
266 294
119 125
534 625
376 427
712 796
131 151
883 867
214 122
416 370
752 840
41 115
806 875
947 912
163 85
958 969
734 714
984 971
745 743
284 198
556 635
76 41
711 640
782 731
149 222
601 536
150 165
343 311
142 124
869 773
868 923
190 280
316 257
946 961
246 267
176 238
745 810
233 171
261 288
442 389
554 566
19 74
765 813
1 49
232 175
688 754
409 457
935 897
458 512
152 68
138 236
665 574
959 893
661 615
920 857
578 538
37 72
250 292
933 916
732 804
583 656
422 379
72 67
287 280
359 361
964 984
259 271
566 489
240 256
916 882
133 225
454 529
568 510
996 1000
282 191
741 813
976 898
444 420
510 470
629 619
307 377
472 465
926 887
746 764
43 55
705 727
835 844
700 644
188 181
126 171
475 545
473 439
558 547
430 417
151 205
463 500
365 332
775 820
330 416
328 243
811 854
138 66
170 236
520 568
1045 969
665 706
298 295
170 167
837 773
209 279
742 661
809 727
888 838
378 404
749 743
149 234
546 529
274 191
786 832
622 537
341 366
864 880
1011 940
830 745
1 37
725 672
805 809
680 682
1050 979
328 300
445 511
646 732
889 868
625 618
753 769
172 186
574 584
891 832
772 716
455 472
260 272
563 498
287 365
626 583
562 479
848 898
178 133
601 646
1014 915
135 55
222 213
630 623
878 875
437 513
286 356
588 586
1 16
1002 984
433 422
417 354
297 214
856 890
145 212
93 27
693 769
735 835
209 232
212 254
599 642
405 476
950 919
862 912
663 754
673 734
1042 967
1 41
251 259
927 926
808 840
567 544
895 908
235 225
145 69
164 121
601 523
742 678
633 593
590 665
250 314
930 992
590 596
320 358
470 524
80 163
882 942
628 537
230 182
200 204
235 208
582 653
830 848
571 532
166 103
934 871
906 932
508 507
908 986
674 613
298 323
675 590
386 377
980 905
869 932
561 474
661 606
297 389
761 671
325 360
850 845
706 646
143 99
566 609
509 501
807 764
553 598
258 242
367 390
1 61
309 259
551 519
845 826
1042 942
209 282
955 896
978 982
236 276
219 301
1018 952
761 856
452 428
223 255
681 723
298 280
861 937
1 37
818 901
418 456
981 996
682 590
461 455
580 510
648 667
921 829
80 51
448 383
380 340
838 915
734 797
616 547
930 1000
429 335
753 785
791 797
341 299
278 343
288 281
273 282
293 264
121 78
61 134
182 126
896 862
216 190
440 340
809 724
264 271
795 701
501 464
323 405
287 230
185 153
945 923
848 813
601 686
941 925
48 21
128 58
339 295
824 900
983 956
1 86
270 346
446 427
245 221
206 202
354 417
478 424
843 943
790 883
217 290
1 47
289 269
780 775
327 379
171 121
394 362
600 534
840 828
431 388
956 908
350 394
284 282
415 432
508 443
824 737
603 584
278 206
298 328
930 848
717 805
314 337
473 488
591 519
277 362
170 230
372 393
272 353
250 275
930 845
347 377
189 202
951 971
385 431
460 508
870 825
205 226
809 719
561 540
999 973
574 480
321 347
469 536
831 842
591 640
263 211
712 687
629 579
191 168
658 678
196 244
464 479
717 749
1 49
195 177
821 805
313 345
519 569
911 926
227 273
763 743
972 885
853 816
110 151
157 75
829 863
632 636
653 645
789 859
818 817
331 355
925 930
913 850
215 282
473 549
107 115
453 394
398 465
118 153
736 650
713 615
796 846
181 184
85 15
395 304
421 437
891 943
1015 929
473 535
475 388
619 523
569 515
132 45
657 657
752 748
1 49
377 369
461 374
128 140
189 282
776 816
482 463
552 527
512 533
794 747
993 921
678 699
364 318
839 854
1031 938
629 663
431 360
260 188
683 685
771 709
810 825
180 150
336 332
614 577
703 739
835 755
578 614
597 497
466 519
419 439
1035 960
649 644
730 761
258 310
581 654
972 973
580 641
541 551
558 465
714 624
162 214
423 435
471 383
530 449
293 354
721 628
854 855
58 25
1 34
628 561
162 68
826 914
324 333
372 294
746 768
374 448
712 698
742 742
1 32
595 671
771 716
181 83
126 163
928 953
650 671
601 657
699 748
814 799
338 289
341 248
1 30
727 749
709 740
260 353
718 644
750 808
16 72
325 422
355 376
1024 952
931 883
803 707
626 619
626 664
851 866
66 161
856 894
790 707
67 143
549 607
363 321
90 87
865 899
106 65
242 162
623 651
476 458
674 579
132 203
304 281
113 108
455 429
850 782
130 86
831 863
788 750
228 250
343 311
259 320
357 337
1 21
513 596
1043 993
1068 997
886 961
871 807
915 881
89 127
902 985
585 523
690 617
1 47
1090 994
554 614
333 259
981 986
534 564
1 1
885 787
120 204
1052 993
176 156
184 87
623 579
250 226
610 709
118 177
953 985
1031 951
1 32
758 801
855 800
48 61
634 701
8 61
403 429
625 695
203 230
1 42
472 487
517 527
44 112
243 249
287 334
169 75
610 599
502 525
424 510
867 826
112 100
660 721
874 843
427 374
22 48
213 285
656 645
840 938
795 888
464 527
678 579
702 779
635 680
658 716
909 977
394 417
919 850
983 974
919 972
511 524
820 902
109 156
199 225
343 344
649 737
538 615
208 292
519 451
704 648
523 529
853 773
629 724
670 699
479 422
170 73
679 700
866 956
543 500
464 481
991 910
89 135
50 52
815 804
1 31
775 850
97 32
571 581
522 520
536 556
353 309
523 441
154 57
447 455
526 488
671 695
614 518
749 679
277 290
135 111
153 83
1 42
956 926
417 462
239 201
200 167
203 143
44 78
822 849
404 305
610 517
118 168
72 101
1 43
88 174
201 203
148 51
610 644
312 358
576 523
402 387
894 978
105 89
353 421
871 814
138 48
887 926
255 319
8 87
636 705
449 483
660 618
563 475
714 756
847 773
824 753
467 370
442 360
782 815
511 609
462 405
511 607
428 495
220 233
16 72
298 388
150 110
505 545
490 391
503 574
783 742
40 76
299 362
691 781
119 163
385 447
433 386
405 426
343 357
51 97
389 443
518 456
243 170
770 739
896 818
1053 991
818 829
464 456
644 590
142 237
783 748
858 803
393 321
745 685
313 387
828 901
81 118
193 202
308 283
240 333
217 122
285 241
466 551
849 816
560 660
430 436
438 435
823 865
397 438
676 660
75 13
741 727
150 99
197 204
474 494
670 763
531 529
691 666
395 312
778 824
277 239
924 967
386 446
569 668
653 677
748 755
112 208
527 491
180 152
687 756
261 358
616 585
869 876
371 293
264 322
489 550
627 530
215 201
753 713
255 240
186 282
1058 975
380 432
53 39
804 719
87 4
1 80
944 874
510 568
858 887
642 667
609 644
199 258
752 717
239 199
272 371
757 704
547 531
572 576
792 733
519 477
31 50
295 295
1 50
171 223
584 578
398 351
145 87
422 435
1 1
822 764
346 287
83 53
864 779
955 860
310 241
681 599
997 929
1 15
1025 935
466 558
263 203
904 913
637 698
508 514
603 529
432 356
866 904
1 75
216 235
482 560
658 688
885 959
775 678
734 685
367 283
220 233
731 687
713 661
834 746
322 337
723 775
174 100
681 748
258 168
205 143
891 801
749 830
1024 986
394 451
909 876
963 906
447 523
280 257
69 64
850 787
196 108
485 392
699 640
858 845
916 862
754 659
333 291
751 655
63 100
400 429
814 745
922 978
538 498
464 525
225 237
291 192
1032 993
291 233
361 451
229 312
296 210
537 476
968 897
717 710
735 680
948 849
579 591
439 397
908 889
871 807
70 112
730 726
751 675
449 485
65 113
949 896
599 536
524 524
1007 983
493 504
77 92
119 42
234 179
585 511
648 651
167 83
15 54
819 881
454 422
510 488
661 663
874 858
304 380
893 825
225 234
886 928
507 419
576 660
680 696
581 606
912 982
286 310
1066 987
715 780
324 349
120 182
175 200
526 529
176 162
1 6
547 477
679 756
765 776
251 331
920 882
205 220
1027 964
205 130
71 138
209 252
75 78
204 179
437 464
167 195
374 446
878 967
226 164
852 917
383 465
246 315
579 557
785 701
996 970
188 125
910 887
147 245
288 347
50 115
751 836
635 538
543 572
511 513
740 684
351 450
571 512
1 1
848 799
348 295
791 805
874 866
491 526
802 818
80 137
286 275
544 487
337 298
779 719
657 590
825 736
806 813
439 410
136 176
339 273
628 643
466 487
735 805
604 532
1012 944
868 821
353 254
424 366
976 961
655 621
881 796
634 597
1 43
666 667
460 363
1079 985
255 296
934 893
290 378
472 397
453 475
440 449
366 431
475 444
315 352
151 184
196 262
727 686
75 167
183 239
860 824
636 658
232 272
1046 979
172 237
210 267
711 750
717 794
147 244
134 166
733 814
392 358
398 496
381 319
384 454
987 906
962 970
650 697
900 928
374 396
544 531
105 205
36 6
470 395
560 617
475 439
562 629
322 241
754 734
1004 989
695 684
402 416
796 742
888 969
495 476
539 622
703 703
258 188
596 551
875 954
716 672
364 363
419 434
788 694
229 188
544 548
819 789
808 853
354 454
964 983
338 319
598 660
343 244
427 390
779 740
276 322
184 238
939 911
984 945
151 121
763 678
656 734
204 220
649 660
456 368
677 774
681 638
582 497
336 248
350 367
574 538
340 359
76 112
293 286
795 789
90 46
602 641
1 17
163 149
91 19
665 742
561 538
906 972
333 363
53 150
267 289
652 709
609 516
24 1
123 124
458 419
372 401
538 632
237 201
1010 934
788 860
912 950
764 736
1017 983
893 916
662 571
469 507
360 408
715 807
983 917
775 710
571 590
893 830
406 446
252 273
569 649
193 125
1006 963
823 827
195 280
315 241
411 457
677 606
252 240
560 570
134 208
952 992
758 755
260 184
245 146
152 205
790 819
399 488
430 490
884 831
985 958
525 478
140 158
396 344
732 824
936 962
981 910
499 484
232 134
355 389
301 397
331 290
699 695
318 258
857 893
798 817
631 539
1055 959
1 21
350 317
297 237
112 75
41 36
557 625
779 827
887 904
809 908
536 595
760 730
256 223
626 705
794 789
1011 996
877 928
127 50
452 424
424 443
930 961
181 180
614 600
1028 941
625 556
662 644
838 901
289 360
335 427
309 387
593 517
691 636
749 709
597 497
645 557
312 302
295 216
356 420
653 743
904 833
930 918
641 719
160 235
914 980
281 194
862 806
167 184
758 720
581 626
471 510
823 728
883 793
673 652
322 359
884 937
757 714
305 402
482 547
503 409
737 715
371 432
240 190
548 535
257 356
352 259
551 477
847 943
620 537
628 641
524 449
726 699
972 893
889 845
841 787
999 916
649 601
534 537
1046 983
957 872
314 236
81 43
985 907
907 931
665 585
58 27
895 886
172 216
204 158
587 681
1 11
831 895
251 209
132 57
316 413
644 607
578 483
33 24
195 114
353 450
470 382
576 525
784 779
353 413
573 608
689 683
868 879
894 870
910 816
612 699
730 653
619 630
588 509
909 948
833 856
874 791
641 716
605 693
49 58
242 269
74 168
107 46
557 564
787 782
290 233
91 5
16 1
466 516
898 872
958 996
302 248
476 447
745 711
350 325
820 849
144 220
348 362
486 560
808 796
872 859
807 722
485 529
164 127
1044 986
502 486
708 725
72 39
375 341
1 50
78 74
232 283
688 759
326 362
91 84
85 109
573 488
413 325
263 212
727 738
756 742
845 844
488 585
384 335
483 509
181 185
850 905
178 124
853 874
273 299
494 445
389 346
749 745
609 582
553 514
797 790
723 628
1083 997
479 549
426 461
206 108
886 946
343 412
135 192
190 279
156 145
597 537
522 479
401 458
218 202
850 775
924 999
38 23
356 374
358 421
539 566
899 870
271 367
576 576
853 835
683 732
524 618
722 714
885 936
258 280
417 389
622 527
420 426
370 355
894 939
278 308
271 341
755 717
920 869
232 137
27 18
748 653
948 888
864 917
457 474
681 647
903 907
252 326
466 417
812 764
652 607
228 320
499 566
687 704
391 359
370 346
417 343
891 829
316 319
954 983
702 783
55 42
764 743
713 648
261 274
60 71
195 119
132 124
682 709
1018 992
386 442
1 49
712 640
780 856
282 237
971 970
818 829
975 965
227 142
527 489
820 920
838 784
873 927
1 27
963 926
767 867
1 90
174 81
799 704
589 530
259 324
141 203
968 975
784 685
717 716
501 492
555 647
30 98
1018 962
681 739
91 6
3 84
835 826
674 757
9 83
1 33
699 632
1 46
475 433
600 693
46 108
687 727
517 571
623 545
1004 997
322 238
216 247
639 600
64 23
213 275
221 317
106 190
386 335
226 318
174 207
891 817
641 667
57 44
470 400
124 154
472 420
840 809
547 511
145 50
1 5
491 493
6 35
403 351
816 803
667 689
534 469
894 814
678 612
963 977
668 675
47 16
859 954
891 817
806 737
745 791
313 375
73 97
823 855
488 575
527 544
296 242
1066 968
343 375
461 396
197 272
322 318
53 143
865 852
246 176
887 929
152 154
1042 986
337 377
996 927
835 899
217 283
528 596
449 458
377 377
712 671
10 22
266 199
770 844
250 269
741 811
798 723
103 151
315 298
976 986
848 790
758 750
91 24
589 629
724 745
590 671
304 208
719 727
516 521
528 499
172 171
561 621
673 771
925 915
558 562
518 592
874 872
904 900
547 611
1011 967
924 928
312 229
547 557
664 599
666 704
298 334
176 120
356 380
925 838
1 9
118 215
448 463
469 553
557 570
518 439
557 623
228 203
327 240
424 407
5 42
1052 968
223 307
452 544
790 731
823 879
506 590
622 684
685 586
927 917
891 900
183 201
345 346
959 926
47 92
439 461
993 947
229 238
36 94
397 480
239 286
169 241
539 605
598 591
203 255
169 73
221 148
425 429
183 274
13 46
653 715
893 833
908 1000
368 396
714 722
710 660
460 360
597 682
153 154
648 698
697 777
582 511
793 745
478 422
474 500
160 221
470 467
842 776
713 740
1 88
551 483
272 264
698 750
833 797
824 818
628 681
210 283
180 277
214 172
10 89
72 43
41 73
959 960
924 829
848 802
549 645
233 262
372 311
1 21
131 143
373 440
618 649
281 219
193 286
1021 947
1 1
753 677
135 229
664 597
714 637
539 512
883 911
840 902
971 886
745 719
306 362
612 529
140 182
378 315
407 398
153 193
487 475
1 53
567 629
858 950
213 308
167 184
10 10
12 104
441 480
648 641
520 540
155 56
297 236
445 432
695 642
596 547
848 867
591 662
100 149
98 136
246 269
86 7
277 251
635 599
721 634
476 543
135 80
968 873
895 806
720 774
905 892
1 68
806 725
777 766
650 722
829 790
461 485
998 929
467 564
592 503
626 696
936 957
306 290
253 345
1070 993
991 898
1 2
475 537
774 788
707 615
137 70
297 341
75 56
142 194
160 195
816 837
77 62
229 175
112 14
748 779
777 752
544 517
369 382
900 829
971 917
719 703
371 351
162 176
619 529
285 222
217 219
250 260
342 351
512 505
454 504
174 132
808 824
580 518
256 334
566 660
1025 979
916 896
781 815
523 515
454 413
304 377
692 720
572 584
151 120
248 158
410 396
476 399
889 813
157 168
711 645
592 595
769 723
1 7
249 156
85 123
54 120
413 503
1002 926
330 318
999 932
935 892
693 631
255 209
52 147
392 479
135 119
6 13
1 33
784 728
1046 986
95 75
626 685
301 387
520 521
414 394
544 488
508 518
506 603
103 172
231 317
61 70
34 81
310 215
444 504
299 279
103 163
320 368
549 513
210 123
495 565
812 759
695 760
462 503
345 246
247 199
835 816
942 883
429 453
906 908
489 533
277 256
603 628
429 524
743 840
193 281
85 183
431 377
477 479
823 868
900 819
1038 971
497 407
111 96
126 225
347 408
11 76
29 79
367 306
601 510
368 333
773 675
618 618
427 517
603 690
175 113
462 518
955 926
358 335
136 195
530 488
694 704
665 568
297 271
101 48
650 584
233 245
529 595
445 538
556 558
913 837
1 19
873 780
813 804
454 460
760 830
32 46
486 583
639 630
158 118
411 410
587 646
505 515
642 694
317 283
147 200
873 787
351 252
515 471
1 48
614 553
746 646
724 711
108 146
966 874
841 854
512 412
775 748
774 781
149 216
871 953
582 672
995 929
26 16
734 781
754 726
892 947
511 495
984 927
477 452
20 32
612 645
395 426
333 336
102 164
419 349
588 624
698 689
760 851
41 45
209 217
715 651
424 510
157 205
215 211
39 73
415 411
194 277
278 272
293 243
755 791
205 225
923 869
210 288
616 556
943 982
468 431
356 370
358 270
862 908
382 437
8 22
639 559
841 867
353 347
336 299
394 376
169 208
553 459
88 128
727 801
116 167
890 859
358 360
902 902
95 103
836 779
677 583
410 498
325 411
728 757
391 403
913 836
492 477
1053 965
918 837
807 726
554 515
624 537
647 736
484 442
617 692
536 600
249 334
398 326
74 105
485 564
129 80
879 975
370 326
125 81
169 236
432 494
766 688
562 493
73 110
283 344
31 38
623 704
839 857
64 47
134 161
670 619
473 453
878 948
285 381
122 115
276 320
309 342
117 56
423 444
565 487
244 162
275 352
376 375
74 36
696 602
328 391
288 198
308 398
360 400
702 728
654 685
1090 998
921 930
706 664
638 585
449 430
454 476
891 815
1031 994
533 506
588 635
750 695
896 842
448 360
673 670
322 305
112 188
902 993
460 397
882 932
245 280
321 327
229 316
943 960
560 515
190 239
442 358
123 148
113 153
88 46
69 27
236 261
22 93
980 982
163 132
89 113
449 493
1024 983
732 700
131 85
348 400
231 272
234 262
727 756
882 865
795 845
801 787
75 121
1 19
219 304
411 483
399 376
580 524
329 362
845 872
368 403
170 108
923 920
190 112
834 913
193 157
775 768
214 234
346 367
94 170
810 907
554 645
336 360
1 25
818 786
672 637
736 806
673 763
175 195
769 840
299 369
803 777
8 60
795 835
142 140
802 790
283 220
226 271
135 100
719 785
1 54
142 159
959 954
624 665
341 302
292 241
861 894
584 585
972 979
687 778
273 347
624 675
243 198
499 532
1021 960
108 86
113 167
220 218
394 451
177 210
759 740
223 184
912 917
210 249
750 716
718 765
770 834
466 470
716 765
837 738
1045 951
762 838
766 763
1008 985
315 284
194 251
689 730
92 8
774 810
760 845
404 416
524 454
306 372
245 145
315 262
662 699
243 159
550 460
839 862
267 257
401 355
371 327
635 595
858 919
736 785
19 18
495 590
839 762
749 652
662 730
1051 988
744 819
883 850
949 876
444 418
164 150
499 562
486 577
971 932
88 158
338 334
903 859
314 383
611 644
841 864
276 276
904 924
93 63
303 286
983 931
754 798
1040 955
727 743
279 231
240 216
473 404
600 557
174 235
604 585
301 249
129 154
199 259
763 673
828 867
671 621
419 427
417 339
231 221
367 348
671 716
318 307
13 11
517 457
783 728
1 39
844 797
751 679
214 275
571 640
792 707
42 100
521 538
378 311
315 415
279 198
99 165
448 394
420 408
903 832
538 478
347 302
852 883
1 4
276 336
454 428
847 778
108 159
851 779
47 86
746 687
185 106
1 20
834 776
138 174
872 940
314 343
875 897
33 104
714 675
48 127
256 289
625 573
1 2
251 225
480 515
957 910
513 570
883 799
358 442
660 563
346 251
307 272
926 925
794 864
776 689
499 490
243 220
942 919
1 89
61 19
967 994
183 259
308 275
1 9
614 539
275 224
398 375
230 166
759 805
708 798
416 354
135 63
476 568
1 29
300 208
346 274
1056 984
530 576
596 616
793 701
846 879
627 564
790 781
948 876
68 77
723 623
215 282
136 193
1050 994
746 787
14 50
192 283
552 608
596 682
7 15
503 409
328 395
924 945
347 345
487 478
258 210
432 415
1 20
426 356
737 773
282 212
16 77
865 771
163 246
841 908
425 387
373 305
638 682
381 340
949 975
778 792
135 127
882 905
262 278
390 341
380 381
535 461
192 179
1 28
497 447
108 27
452 456
185 279
456 385
61 72
729 723
491 526
702 617
601 562
817 786
343 262
862 847
1 2
575 578
818 868
707 646
600 523
677 689
621 713
329 315
233 242
641 729
231 205
458 459
552 630
1030 998
1 69
867 790
327 327
928 980
832 750
468 448
651 680
767 851
844 865
206 228
453 414
982 949
949 943
808 729
713 656
359 364
1043 989
254 343
211 135
704 678
379 430
71 64
857 885
635 643
509 493
346 337
238 279
674 659
46 82
114 120
792 741
428 433
186 113
301 293
495 462
827 924
320 377
699 667
898 991
728 659
491 496
209 197
435 474
809 798
449 481
154 83
155 160
864 842
908 871
195 108
494 522
194 282
481 409
995 899
921 889
743 680
939 846
868 965
419 483
8 92
34 80
604 511
591 655
213 233
224 155
918 889
216 189
775 796
538 516
485 543
616 552
715 630
729 676
238 324
434 341
925 951
314 251
687 663
488 556
795 891
708 759
1033 959
637 667
666 614
340 429
967 912
794 768
620 569
723 628
300 262
419 373
190 268
925 879
420 447
911 931
454 428
334 297
290 219
629 578
142 116
104 80
832 781
680 620
1 5
463 444
786 744
536 487
128 176
176 230
980 948
727 753
652 591
433 363
594 544
191 276
255 162
955 929
53 143
885 793
276 238
799 806
375 413
667 742
817 805
865 854
491 489
579 490
877 834
633 587
552 651
879 821
18 67
586 652
344 380
544 619
811 727
647 648
109 194
264 183
1 16
230 322
566 523
119 130
733 648
156 172
876 950
156 195
879 941
170 221
132 223
52 61
123 30
98 197
836 794
983 998
706 716
330 238
441 477
433 516
933 956
287 322
854 872
241 328
13 42
622 529
377 397
100 36
305 221
559 482
44 122
454 478
131 207
814 798
231 243
584 525
350 332
273 274
592 578
395 384
931 967
80 163
319 361
463 372
887 946
407 337
194 124
48 124
473 412
716 670
177 274
572 496
193 210
526 446
774 746
500 505
782 688
341 375
640 560
785 696
447 375
879 872
894 951
718 732
981 895
452 427
298 261
138 154
412 339
412 500
1 36
813 797
643 641
447 441
218 293
429 429
415 369
551 617
56 12
799 793
656 595
804 831
757 833
891 951
717 763
1051 975
481 435
425 384
437 390
737 733
663 684
157 239
86 140
271 250
107 130
675 768
229 166
100 144
422 425
390 323
578 502
428 371
87 131
454 519
236 155
699 663
278 330
731 657
8 4
443 462
630 578
358 261
579 674
908 873
431 522
183 241
548 472
198 220
393 425
911 934
11 28
539 452
183 226
548 512
690 749
774 769
857 866
223 291
385 444
730 654
520 478
200 213
446 525
46 6
390 296
490 425
215 237
695 766
507 545
948 872
153 203
670 696
800 821
523 599
728 784
166 115
401 308
935 933
533 601
504 445
441 476
895 803
131 41
878 779
656 578
588 636
222 137
914 837
1020 944
108 156
398 442
266 221
277 285
88 131
345 407
22 6
312 346
467 545
732 790
135 94
272 289
219 217
117 189
597 598
191 126
749 655
126 190
114 62
560 504
311 324
313 285
917 860
488 534
492 510
424 366
919 907
668 683
56 106
207 226
149 214
111 44
549 612
259 248
191 260
867 854
448 467
832 765
786 834
806 786
141 192
844 871
866 871
618 555
695 717
535 563
246 337
143 157
688 631
808 780
573 626
910 885
420 389
591 669
401 447
767 733
267 256
238 211
220 244
777 862
305 387
621 629
793 723
408 381
816 803
708 638
464 436
704 680
637 710
488 487
493 524
829 800
475 453
295 335
685 752
619 671
1 35
890 941
309 312
364 425
468 453
377 473
508 558
353 260
379 369
739 656
459 486
168 193
482 457
18 39
165 134
313 306
166 247
859 765
905 876
834 796
841 776
597 635
282 188
676 708
257 291
156 116
677 586
902 916
924 897
848 807
167 233
1 76
410 500
815 746
67 4
414 418
888 825
597 654
776 851
697 709
644 656
399 463
186 210
583 611
200 264
650 651
573 600
665 728
226 174
959 976
556 651
286 272
311 220
807 760
702 654
140 90
41 123
241 333
379 428
252 284
489 539
761 743
250 268
310 307
807 744
463 563
502 437
1009 994
141 133
452 515
335 400
356 383
168 201
535 490
490 499
426 411
286 222
97 46
285 298
987 976
63 126
822 814
728 694
570 555
210 183
289 356
1 15
649 673
874 862
1002 922
834 907
175 115
742 669
265 278
462 551
320 244
765 846
710 807
581 666
453 383
411 311
473 495
492 527
502 459
129 117
808 865
594 656
690 624
472 427
800 737
1015 973
232 209
604 538
863 809
920 925
18 82
28 96
701 720
926 954
561 642
1 27
795 722
338 271
409 423
682 693
46 61
669 666
781 862
603 503
935 959
460 364
230 297
698 631
408 507
405 461
921 929
399 428
659 675
1007 986
458 459
596 598
709 732
45 49
610 692
538 536
196 103
157 217
993 896
757 672
835 843
753 765
511 420
292 387
316 366
663 719
461 401
865 787
564 627
438 438
338 362
643 698
312 355
307 370
313 226
317 342
945 902
690 749
555 616
55 29
85 40
75 41
263 356
21 64
84 22
425 502
524 441
375 417
644 696
851 874
634 635
871 934
705 775
108 41
908 840
642 550
902 813
951 932
933 937
860 920
499 465
50 67
466 447
383 289
888 890
220 213
579 656
319 332
234 169
419 501
716 793
16 25
583 577
109 76
758 786
27 8
670 688
560 627
619 543
475 453
400 429
788 728
969 916
909 811
692 593
597 613
621 574
287 283
160 208
816 806
891 806
924 972
759 807
201 193
215 166
532 609
340 397
548 485
231 195
589 592
510 428
479 381
181 131
244 159
269 238
381 420
115 78
277 335
313 322
468 441
1078 983
34 75
450 526
908 906
422 322
184 231
806 780
279 354
126 125
550 522
285 295
592 508
339 368
562 638
922 868
814 855
447 535
174 125
840 764
605 538
665 620
1 3
316 302
666 630
691 679
580 624
916 951
101 105
196 96
408 389
971 899
566 567
718 729
684 619
901 866
588 641
807 790
113 185
395 422
921 999
133 86
505 517
776 689
237 335
896 937
247 319
459 521
852 845
713 793
305 267
408 486
888 923
931 875
652 677
922 832
443 520
14 101
748 668
229 283
655 706
49 127
896 937
331 324
228 222
535 492
567 631
616 706
221 268
150 183
494 410
914 872
467 421
335 248
13 66
954 879
522 534
374 351
184 199
566 654
619 677
888 797
903 963
649 724
299 376
1015 943
1017 917
847 929
944 963
30 68
190 282
989 963
1005 912
953 908
106 124
981 884
767 814
495 528
839 781
1017 958
145 212
126 151
665 570
315 257
953 980
94 148
497 433
940 969
498 507
685 762
734 773
436 370
881 925
197 154
209 135
533 565
118 83
933 913
11 36
793 819
18 86
352 381
1027 987
69 14
7 74
931 870
895 925
264 268
896 862
695 687
939 997
584 605
826 752
477 523
341 408
29 74
876 972
235 242
842 820
859 798
1022 987
633 683
518 530
848 878
1006 909
215 202
538 565
538 610
9498 7363
9517 9607
7261 7869
6831 8574
6970 6904
7118 9032
9597 7036
5245 6753
7816 5279
5374 8411
5352 6738
6484 7605
7532 6601
6066 7980
9495 8799
7052 8474
7763 8754
8530 9850
5158 7415
5257 9279
9550 7609
9944 7219
5471 7919
6270 9341
6448 9306
8000 9936
7908 5191
6391 7662
8027 5223
8553 7102
9823 7656
5875 5434
5209 5068
6369 8267
8250 5168
9176 8490
6232 7551
8522 9766
8991 9022
6548 6906
8078 5540
7751 8789
7717 8125
5013 7551
7347 8001
9177 9176
6075 5854
8854 8644
6502 8635
6063 9407
9221 9164
6893 5747
9754 7689
8453 9485
7591 5851
6923 5198
7421 7731
6193 7733
9717 8353
8800 6871
6038 7228
6483 7340
8433 9284
6444 5507
8623 5039
9894 9069
9945 7952
5787 9547
5053 8352
5797 9117
8886 6898
7086 9261
9047 5674
5211 9633
8151 5292
6891 9071
6813 5533
7924 8339
5287 9229
9820 7305
8811 7361
8306 6625
6329 5191
7928 8875
5086 6371
6612 7705
6714 6474
6813 6745
6273 6211
7656 5912
7192 8448
6576 6775
7476 7027
9793 5997
9265 9139
8300 6296
5824 9358
5046 8165
9026 9240
8613 8820
6173 6346
9407 5120
8720 5583
8165 7214
7194 6488
6044 8775
7920 5259
7767 8345
5688 6348
5011 9358
5285 7631
7153 8660
6750 5300
9362 8005
7655 6800
7591 9832
7071 5465
7521 9210
7478 6910
7337 7013
5159 6688
8611 7352
7448 8935
7560 9623
9231 8506
9288 5337
9491 5955
9171 8433
5486 6840
8676 6205
9101 6310
9695 8926
7242 8999
8413 9225
7131 5761
8844 7947
8353 6636
7367 8505
7327 9010
6042 9426
6677 9559
7068 9211
5002 8300
8717 8308
7453 8790
6860 8816
7981 8886
9540 6536
7178 5268
7181 9859
7926 7525
5202 6431
8335 7999
6323 8411
7854 8162
6656 6599
6238 5348
9325 8517
5496 8651
7471 5883
6231 5031
9513 9020
6835 7818
9281 6818
8614 6223
8694 6758
7276 7511
5356 7872
9408 6939
6034 9465
6137 8142
6205 7366
6411 8710
6339 8507
8714 6548
6325 7184
7823 5798
7994 8653
5144 8038
6806 7095
9942 8119
8819 9036
6403 6006
7469 6638
6336 7531
7542 7156
6973 9751
5448 7513
9085 6938
9990 9353
9147 7270
5823 9639
7099 8091
5446 8192
8926 6166
7009 7351
6584 5263
5123 9724
7982 8585
8674 8115
5382 5733
8289 6935
7652 5954
9598 5500
7105 9238
5842 7452
6072 6464
5659 5623
6392 9170
8357 6475
5929 8161
8060 8671
8575 6568
5546 8389
9939 8554
6689 7934
6553 7138
7414 8968
6908 6731
9133 9133
6374 7983
8959 6828
7539 6329
8776 9956
9478 6350
5048 5844
5983 7626
6961 5167
5312 9010
8999 9353
8686 5558
6427 6071
7989 5723
9766 7515
8871 5092
5912 5043
5653 7718
6677 5648
9725 6135
9882 5944
9920 6087
5177 8973
5818 5825
9409 6242
6567 6035
5463 8105
7514 7157
6698 7498
6848 6695
8651 9691
7851 9732
9762 6039
5617 9697
5244 5890
7025 9311
9539 6150
5029 8642
5199 8264
5189 7352
5252 5512
7914 7643
5486 7671
6123 5244
5825 5010
7415 6738
9902 9964
8283 5280
9452 5298
5299 8229
9081 7737
6489 8507
8014 5385
7910 5131
9811 6176
7363 5752
8420 6688
9461 7237
5894 6691
7087 8775
7020 6188
8131 9749
7559 9920
8660 7831
8583 7591
9078 7242
8812 6056
5363 9210
8793 7484
8509 9883
8047 8304
7968 6670
6066 9557
8546 6969
6976 9623
6779 8673
7904 8397
9675 7141
9987 7802
8354 8611
8299 9517
6619 5826
6675 5364
5105 7461
7767 6114
9149 9170
6699 6632
8443 6550
5115 8914
7023 5514
5252 6872
6889 6011
8758 6154
7538 9143
6135 5776
9617 5487
5068 7891
9657 7355
7357 9395
8690 9984
8677 7682
8197 5149
7057 8432
5153 9174
5094 7952
5809 5227
7335 7067
8760 5597
8951 5384
8635 9789
7562 8066
7866 7168
6768 7863
6847 6142
9707 9168
9925 9944
5081 7403
8584 8786
5378 5984
9512 8726
8159 7882
8954 9490
6301 9811
6090 6539
8859 7188
6110 9314
6778 6907
9033 9575
8632 5400
7701 5604
6677 6638
7564 8590
8173 9675
7114 8900
5282 8788
8400 8905
9603 9366
6565 7656
6208 6897
8846 7113
6826 5816
5506 7666
8771 6675
5506 7188
7786 9323
7295 7872
9979 5982
8689 5755
6606 7217
7795 5698
9535 8592
5440 9617
5660 8953
8819 9862
6777 6001
7725 7157
9918 8321
8797 7056
6803 7725
9644 9434
6689 9140
9430 9613
9325 8586
8951 6644
9803 8643
9216 9297
8184 8464
7349 7050
7520 6927
7682 7410
5301 8234
6846 7605
7021 5360
8850 6760
9801 8297
6146 6365
7927 8795
5600 5055
8548 6283
8169 6149
7473 9383
8949 8555
6264 7915
5288 8119
9445 9315
8724 6426
5880 9105
6606 6782
5604 8309
9793 6564
6957 6285
8609 7372
6754 6560
8903 9517
7615 8644
6654 6979
9632 6989
6922 8302
9380 6075
6841 8027
7091 6132
6102 9474
5421 8891
5130 8448
7949 5340
6086 5256
9130 6165
9346 5575
9163 5019
9532 6222
7702 7013
8251 8681
9947 8920
6196 6195
5206 5824
7234 5745
6070 7766
9219 8566
5107 6692
9904 5568
6060 7137
8959 6322
5675 6289
5401 5804
7514 9971
7795 8004
6396 5527
7621 6233
6862 9619
7474 8338
5819 9455
8535 8584
8651 8360
9020 7027
6327 5913
6307 5437
8986 6801
7804 6095
8797 7186
7608 5448
5325 9376
8464 7080
7322 6894
6020 5559
8556 8657
8230 8498
5711 5085
8593 8115
9845 5399
7377 5360
8799 9504
6880 8496
9258 7758
6208 8611
5981 5474
6516 6482
9336 7848
9937 5568
9778 5087
5389 8973
9580 5402
7732 8123
9190 9406
9728 7995
6437 6418
8069 6511
9698 8218
6857 9242
8211 5609
9397 8291
8125 5243
9625 9332
9190 5119
6486 8790
6210 5388
7533 8555
6955 6538
9546 5166
7010 8857
8866 5637
8060 9804
7673 8739
7738 8162
8394 6508
8470 8164
7816 6500
7059 5902
9621 7294
8223 7237
7013 5177
6518 8943
6241 9965
8639 7185
6414 9438
5058 6278
6574 5584
7401 8829
9731 6702
8184 7154
5548 5558
7085 7430
5143 5271
8966 5281
7794 7997
8825 6395
7117 6226
8402 6275
9015 5585
6711 9152
7288 6592
9016 9021
8385 5086
9977 6247
6735 7992
9138 5350
7750 9446
7321 9712
6933 7822
5245 5436
6530 6563
5960 6516
7922 8330
9466 8159
7057 7790
9150 5677
6498 6625
5728 5920
5653 7648
7428 9355
8014 5329
6758 9577
5808 9092
7977 5694
7590 5666
5925 8379
7725 6039
9214 5044
9531 7429
6979 6539
8301 6757
6986 7343
6148 7423
7466 9738
6540 5853
7702 5744
8538 6021
5550 6952
6219 8125
7410 5138
5789 5137
9909 9162
6355 9321
5553 5004
5835 9135
8639 8057
6648 7167
9002 8488
7719 9260
8481 5364
8188 8147
7501 9379
8020 5700
6729 9710
8230 7473
5775 8921
5249 6101
6412 9540
5385 9391
9670 6661
5899 7373
8502 7496
7931 6959
7645 7206
7886 8444
9048 9537
6411 6859
8504 8853
6986 5701
8815 6586
7588 9244
6623 9799
9610 9690
7118 8468
7126 7215
8368 9253
9521 8840
5295 8266
5761 9426
7782 9691
9035 8831
7879 7147
8529 6716
6560 6754
9209 8114
7532 8021
8131 5942
6610 7437
5780 6210
6329 5557
8972 8370
7181 8026
7214 7049
6674 9685
7636 5522
9844 8581
7127 5251
8338 6856
9520 7973
6170 8599
6333 7361
5070 7151
7271 8426
5881 5964
5477 5411
7034 9677
7590 6008
6517 9979
9804 9491
7004 5271
6906 9373
8531 8560
8785 7559
7674 8942
5276 9867
9275 9597
9851 7260
7444 6276
9979 9337
7949 7925
8172 9202
8171 6529
6603 7793
6258 6924
8810 7482
7646 7150
8673 6077
9150 8687
6032 5530
9757 9727
6401 8553
9399 7128
8586 8615
8921 5206
7008 6255
7041 8636
6968 9734
5437 9052
5324 9603
8803 6883
9334 8823
9788 8920
6769 8956
7547 7659
9680 9607
8554 6338
8690 8707
7911 5501
6074 7779
7240 8002
6227 5552
7437 6538
8849 8092
8258 7006
8336 5880
9808 8000
7188 5748
5464 7266
6685 6788
5875 9460
5529 5783
6483 7615
9821 6401
6873 5053
5698 9788
8279 8353
7123 8421
5657 7133
8371 5418
7724 7405
7619 8243
8566 8171
8407 7935
8187 8266
7895 5741
5137 7955
8720 8995
9772 5269
5980 6653
5180 7036
6342 9339
6192 5343
5750 5632
7505 8066
5332 7293
6079 8289
6985 6805
8230 9236
6488 7890
9129 7260
8670 9843
7897 6020
5440 6835
5329 6930
6360 9217
5049 5619
8570 5549
9928 9078
8693 5122
6049 6472
8142 8390
7957 6090
7854 9386
8094 6227
6533 5947
9731 9984
9318 7252
9657 5153
5711 8470
8508 5233
7764 9007
7294 6069
6397 8067
9148 6333
7671 7315
9269 5097
9066 5216
5854 5229
9625 6749
5695 6101
8441 5165
9501 9169
6914 7476
6712 8427
7457 6406
5366 5929
5726 5730
7442 9970
6804 6712
5536 6552
5514 6266
9194 5830
5350 9689
9975 8847
5042 8263
7398 8316
9526 6832
6290 6624
6812 9376
5703 8726
5428 8627
6408 6402
5815 6114
9530 6166
9704 8000
6446 9317
9403 8672
5719 6493
5859 9905
7609 8478
5092 5199
5600 9245
9048 5925
8426 7996
7417 8863
5154 9836
5583 6385
7173 8026
8688 7628
5935 6671
6301 5817
8918 9986
5818 5670
6293 5817
8384 7591
8810 5050
6939 9664
5884 7217
9341 5952
9924 5785
8125 5895
5357 9799
6352 7632
5184 9892
8577 6094
9311 9356
8754 8190
7695 7798
6940 5970
7494 5434
5072 8792
8144 9483
8292 5082
8992 7988
6309 8334
5551 5613
5277 5047
8383 8859
9610 9893
7521 7454
8986 5522
9509 7002
5544 8621
9942 7072
9292 5059
5590 8482
8247 6167
5578 7003
9132 9587
5434 8297
8145 8009
7599 9197
8863 7145
8100 9147
7235 9015
7390 6246
5224 8149
6691 5637
7641 6951
7756 8783
7560 8733
9684 5216
5192 6222
9321 5995
9815 8316
5749 5227
8211 6457
9915 9845
8090 8480
6007 8290
6760 9776
5089 7575
8689 7636
5309 7981
5908 7839
9842 9544
6228 5570
5587 6580
9505 6930
7522 6331
8671 7938
7637 5664
6444 7728
8707 7031
8459 8889
9788 7458
8260 8090
7573 7090
5391 9602
7077 5285
5636 8793
7179 6870
6917 9314
5095 6005
8995 5172
8518 7671
7467 6426
8473 7729
7787 5376
5633 5509
6424 5684
9970 5480
7228 7698
6136 6261
6705 7765
6360 6183
6084 8238
9984 5155
5432 6413
9783 6042
7896 5471
8229 9575
7834 9096
5649 5710
5664 5984
7092 5380
9502 6632
7585 7896
8407 7114
6895 6461
6026 9975
6857 5310
5353 6755
9409 7401
5341 8900
7350 6782
5468 8262
6788 6171
6954 7196
6533 7231
6091 8886
9720 8065
6947 6033
5712 8894
7970 7332
7645 5998
8046 9243
7804 7217
8761 8073
6808 5928
6538 6205
5995 7129
7436 7679
7323 9028
9107 7753
5002 6029
9926 5211
8457 5599
7121 9719
5416 7876
5453 8775
9536 6422
6858 5924
8533 6906
6404 6938
5395 7372
8944 8977
9040 6461
5480 9676
5759 8453
9018 5472
7712 7481
8918 5238
9638 5052
9063 5659
9762 7219
5197 8576
6077 6131
9767 5908
6739 8010
8973 8588
6113 7620
6291 6735
8722 9096
7792 6292
9568 5321
7494 5525
8748 6237
6674 8955
5921 5183
8179 7313
6768 6566
8365 7792
7799 8106
7421 6801
5882 6483
6760 5569
9344 8344
6753 9925
8408 5041
5601 5050
8596 6457
5175 6095
8833 5969
9905 8948
7155 5684
9173 5849
6845 5659
6412 7264
7648 9943
8338 6411
8606 5359
9862 7888
9427 8558
6990 8963
9465 8186
7807 6995
8358 5933
5245 9220
8508 9834
7507 6470
7584 7324
7591 7500
5747 5292
9215 6450
9140 9640
6777 5872
8580 8701
8670 5954
5829 6410
9897 7619
8321 5367
5497 6299
5348 9078
5790 8072
6109 6197
7184 7920
7879 8086
6654 8326
6618 5524
5410 5927
9927 8108
8372 9518
7870 6652
5097 6055
8920 9215
9413 7537
7343 8508
6177 7198
8063 6930
6082 7642
5847 8086
7643 8556
6449 7039
7450 6090
5845 8607
8900 5026
8986 6909
6751 9815
7838 7133
6747 5650
7280 5211
6915 6084
9052 6678
8957 9323
5660 8113
5194 5018
7570 7883
8188 7845
9173 8474
9527 9936
7673 5368
5210 8520
9341 9936
9239 9394
9747 5862
7496 5860
5669 5211
6524 8844
8980 5088
7232 9397
8681 5081
6300 8811
6979 7933
9920 5954
5640 6151
7127 7990
5445 5649
5537 7780
8892 6120
6570 6286
6287 8535
9238 6376
5195 6370
7562 5452
6476 9073
9844 9774
5574 8585
8081 5066
7712 5286
8141 6264
5206 9536
7777 7141
9909 7184
5115 7293
6296 7173
8212 8606
5655 5296
7669 5167
9692 9536
8861 5100
7211 7649
8694 7868
6527 9079
7924 9395
5132 8687
9937 5212
7250 7472
7450 7246
5419 9239
7188 5309
5429 8774
8568 9609
6682 9525
6042 8824
7129 6520
5334 9166
9568 6994
7958 6548
8103 9114
5024 9942
8208 8495
9198 5089
8120 7954
8770 7111
8144 6240
9544 7906
6960 7114
8431 7135
7485 9417
9551 5826
7497 9824
9764 9178
6238 6344
5544 5341
6309 7363
9660 7908
7425 5354
8271 6602
9103 8438
6584 6803
5749 6127
7146 8076
7477 6915
7767 5343
8874 6968
6584 8111
8511 9543
9649 9358
7656 9681
7839 6718
6499 8794
9111 6183
9441 7621
5101 9722
8196 5564
6576 8811
9937 5400
6825 6476
8382 5772
8323 5845
9333 9414
5084 5736
5569 5862
9694 5615
5590 8431
5267 5960
9657 6232
5518 8673
8148 5889
8487 6987
7576 8804
6621 6119
6814 7867
8731 8433
6659 7978
9724 8448
8211 5402
9283 5640
7652 9961
6282 8432
8808 8500
7332 7435
7163 8874
6953 8266
6935 9499
8730 6694
6149 9383
7350 5567
8764 7341
5323 8797
7424 6257
5483 5501
5285 7048
7282 5593
6013 6851
5936 9435
5073 9166
8300 6290
6445 9707
8485 5412
5564 5289
7898 7085
6182 9485
5644 6945
5519 6149
7687 7907
8526 7470
9217 6672
8132 7292
6660 7648
9942 6199
5549 6722
7197 9790
5442 8795
9181 7303
6220 6930
9417 5923
9803 9645
5800 5062
5037 7970
5876 9007
5062 6944
6002 7017
8265 6215
7315 5761
5316 5337
6309 6770
8353 9553
5290 9111
6000 9265
6118 6251
5519 9470
7560 7210
9907 8292
9330 6290
8438 5337
8962 9548
7397 7433
9990 7047
5628 9056
7032 6107
8208 7539
6368 6475
9130 6209
9508 9757
5392 9023
6842 9866
7257 9739
8276 6941
7768 5145
6622 8797
9437 8058
8850 7815
8275 8535
6287 9581
8658 5325
9215 5151
8899 5504
9071 9052
9645 7488
5920 6999
6343 9000
9473 9669
9730 7586
9844 5197
5451 6907
5713 8561
9679 9224
8774 7041
6545 6248
8712 5685
7149 7666
7549 9535
8954 8506
6713 7751
7839 9890
6454 8102
9624 8914
6847 8493
6548 8107
7538 5235
9897 8693
8840 6954
7907 7629
9258 7366
9562 7777
5610 7061
9689 5537
7685 9440
9299 9893
9884 7866
9460 5491
6147 7726
8280 7299
7929 8625
6793 5208
8919 6303
8140 9823
6346 8841
9711 6729
8050 9600
8340 7601
7533 6719
8899 8389
7343 9649
6328 6629
5044 8455
8276 9238
7220 9927
5521 7573
9495 9085
6056 8722
9175 9620
8604 8803
5398 7395
7951 7018
8422 5095
7557 5681
7507 6805
9797 5628
9862 7299
7346 8688
7212 6725
8686 5344
9158 7480
7759 5952
8464 7994
8130 5787
6726 7446
7626 9604
9211 9789
7135 7846
9040 8352
7641 8593
6300 6621
9748 7029
8503 7976
6744 7397
5923 8862
9840 6559
9175 9583
8180 9232
9755 6815
6145 8723
6700 7931
6718 7215
8220 8311
6985 8252
5006 5649
9748 6487
8938 9315
5673 7926
8261 7261
9085 9773
8417 5104
5622 7180
7327 6755
7795 8302
6075 9707
5863 7094
5103 5005
8742 6933
6330 5721
8754 7376
5623 8835
6762 5004
6826 5163
5229 8694
5259 9276
7717 6527
8037 9845
7136 6623
8800 9498
8247 6098
9782 6545
9670 8443
8835 9976
9601 6387
6966 6418
5124 7720
6745 8575
8874 6437
6609 7887
5059 5036
7415 7681
6366 9690
8753 8327
9474 8583
6621 5250
9519 6508
6348 8657
6493 5432
9082 5423
8897 8618
6381 7093
5308 5832
6322 9826
6560 7990
5402 6986
7492 8864
8799 6810
9352 7134
6099 5395
5026 7275
6634 5550
8788 5101
9629 7262
9465 7838
6971 7393
6381 5367
6479 9094
9860 7306
7522 6060
5269 5650
8259 8980
8907 5665
7808 8138
8785 8459
6677 8522
5215 8086
7276 8178
9035 6248
9866 8219
5228 8284
5721 6805
9865 8704
5617 6642
9293 7688
6463 5920
5409 9942
6717 9310
6782 8984
9388 5128
5596 9389
5187 5190
8257 7763
9496 5373
6840 9034
5595 8892
8569 5614
6476 6857
9901 5860
9242 9417
5722 5545
7989 5559
5533 5211
9725 7529
7773 7372
6075 8020
7876 9083
7463 9072
6682 7231
6588 7059
5653 5964
5359 5894
7802 7743
6988 8831
7317 8555
8230 9922
6741 8558
7704 5070
8253 9234
9049 9821
7958 6678
9784 5893
6676 8385
6664 5099
5762 5951
5059 7609
8846 9587
5600 5432
8422 8217
9134 5422
6082 6750
8550 9962
6348 5575
6384 8426
5512 8479
6922 6411
7130 7912
6023 9282
8464 9125
5503 9363
9811 9444
9048 7130
9344 8984
7652 7240
7341 7142
8084 5840
6240 6649
5126 6853
6576 5723
6914 8993
8189 5201
9900 6611
7128 5655
7360 6943
9897 8522
9001 7744
8110 7014
5382 5652
5699 5989
9296 9062
7457 6059
9127 9865
8477 5535
7771 7760
5400 6447
9226 9030
8257 9478
9166 9677
5821 7022
8530 8398
7984 5891
6718 6621
8536 8233
9789 8455
9796 5443
6577 6525
8826 6973
5557 8997
9086 8123
6979 7047
6709 8116
6001 8977
9323 7000
7531 6510
6811 5714
9635 5875
7030 7629
7027 7403
5723 5482
7580 9239
5025 7326
6840 5925
7042 7356
6324 9818
6274 8319
8386 8525
6867 5843
8690 5480
7351 8172
7414 5680
5538 5178
5861 9209
6848 5228
6628 5816
6595 9072
6457 6302
8624 9224
7672 6091
6890 6269
5164 6357
9669 9515
6581 8516
5363 9833
5999 7863
7697 9483
5885 6048
6438 5664
8886 7707
8855 5889
7183 9468
6826 7126
9566 5722
6640 9713
8275 6197
9766 7336
7243 7484
8532 5822
6374 9981
5245 7034
7831 8043
9227 9611
5841 8583
5829 8248
9334 7147
9304 5434
9474 7859
6119 6680
5470 5422
9766 5779
6904 6556
6741 9821
6889 7677
5881 6274
9933 8551
7033 6190
5819 5647
6483 7077
7657 9408
8433 7566
8545 9478
7573 9687
6472 5162
5759 7300
5648 6248
6575 5685
5639 6787
5712 5159
8521 9202
7579 9463
6427 7638
7918 9993
8444 5845
9981 6141
5692 5360
8532 8654
5881 9506
7994 9563
7389 9731
7823 8557
6401 6262
8061 9456
8794 6062
9068 5055
7235 6505
7226 8969
9024 6155
8052 5938
9972 9656
9114 9650
6671 7274
6057 5771
5634 8304
7211 6877
5622 5116
8906 9156
9076 5192
9844 6485
7756 5403
9341 5071
7275 7374
9426 7765
9564 5827
5316 8035
5752 7008
5762 6107
5713 6055
5106 5939
8231 6455
6693 9999
8814 9639
6539 5756
8268 9703
9307 6979
6753 9827
5508 6390
5994 5904
5636 8404
6132 8038
6072 7665
9469 6675
9867 8914
9150 5923
8285 9758
8805 6540
9701 6245
6389 5947
8601 8174
7934 5513
6190 9538
8203 6947
9455 8239
5071 6076
5726 7668
9821 6532
6959 6628
5943 8641
9818 6735
9624 8213
5800 9410
9739 8378
5196 9510
5997 8488
7121 9373
6338 6287
6837 7944
7848 6916
5096 5293
5569 6378
8037 8011
6543 5594
7470 7264
5972 9509
9945 5960
6028 7061
6729 5671
9269 5982
9654 6380
9323 8957
9888 8834
9704 7495
9321 5496
9714 6085
5888 9702
5743 8398
7902 6017
6808 6533
5416 8532
9173 7098
5973 5660
9548 6472
9674 7468
8562 6799
5317 6646
5128 9936
7532 6136
9603 9986
8123 7363
5111 9893
8065 7505
5794 9818
9092 8150
8936 6738
8400 9128
9707 8406
5690 7751
5991 7379
8004 5549
8578 6610
8444 6344
9328 5453
5358 7295
9298 8646
5349 6087
9504 8685
8858 6060
5478 5235
7320 6966
6319 7487
6158 6657
8922 6269
5660 6663
9100 8937
8576 6782
9187 8432
9700 9931
9682 7145
7225 8602
6107 9668
9184 8074
8480 7074
6474 5868
8604 5139
9999 8843
5039 9442
5467 5867
9034 8323
8716 5989
8081 5640
8913 5551
8464 7480
7619 6598
7865 5831
7600 9836
9352 8160
5147 5076
8036 6726
9593 8149
6300 5299
9222 7258
7450 8395
5798 6019
9190 5313
8155 7014
6571 6072
5868 6007
5025 6646
9361 8381
7059 6434
7865 8145
8774 7677
7651 8352
9440 9331
6128 6789
6831 6930
7138 8248
8144 9477
8968 7472
6169 5913
9175 6306
5899 5858
8346 5957
9810 8515
8749 5364
6497 5038
6857 7615
8485 6967
7581 7981
5239 7988
6814 6492
9540 7578
7564 8690
8274 6816
8015 7544
6867 5679
6652 8215
7903 6589
5116 6640
9682 9556
9968 8855
8364 6252
7736 7275
7533 6711
8120 7863
7672 5712
5012 9196
7890 9415
8211 6397
6741 7533
8324 9918
6312 8961
8976 7867
9920 6433
9866 8637
5936 6311
7515 8847
5126 9692
9233 9088
9898 6372
6424 6585
6477 5989
7769 9354
5525 7314
6753 8444
6703 6834
7353 9383
6577 6383
8894 5352
9946 6416
9050 9887
5100 5386
8533 5660
7436 9142
7939 8590
8349 7249
5022 8522
6972 6340
9602 8635
6899 6577
9740 6375
5515 7955
8235 9686
8075 8030
7784 9322
8628 5295
8197 9979
6955 8769
7915 9361
5637 7082
9840 8914
6568 5607
6496 9621
9643 7716
9231 6132
5478 7163
7949 5790
7832 9221
8280 8273
7648 6065
9112 9591
6171 9606
9014 8981
6629 7367
8503 6445
9825 9758
8506 8606
7608 9770
5138 5997
6145 9314
5699 8366
5492 7232
6232 5089
7868 8527
7483 7639
5245 5124
5219 8637
6728 7523
5611 8091
9908 9170
7101 5535
8931 8437
6538 5070
6942 9217
9785 7332
5773 8585
9693 8911
9075 6460
9602 8340
8154 6849
6422 8876
5480 5542
7261 6504
6229 9869
9178 8550
5487 9890
5023 6827
8717 7506
7996 9853
7836 5431
7305 8367
6875 8646
6070 6086
8505 7831
8166 5612
6862 9219
9128 5704
6653 5602
5078 7810
8604 6586
5409 6806
5516 8088
6020 8300
5927 9908
6165 5278
7848 6145
5226 9091
5492 9197
8677 9786
5708 8188
5243 8307
9535 6268
5600 9666
9412 6779
6592 6465
6626 7330
7493 7717
7171 6097
6555 7913
7578 9392
8666 8729
6262 7587
8790 8351
9407 8105
6967 6873
7021 9266
6404 5392
9074 6511
5248 8932
7242 9149
6243 5250
8282 9500
7859 6187
8840 7425
7079 6932
9139 9979
5529 7590
9120 6151
6904 7519
5009 9227
8421 5736
9854 6440
5400 9435
6312 5771
7387 7637
8084 9275
9404 9001
5770 5250
9915 8226
6872 8615
6941 7975
9732 6312
8240 8266
5662 7578
6450 6322
8180 9014
5825 5732
9778 9092
7223 6286
9594 6921
7539 6528
6135 9788
8573 5102
9939 5572
5824 9615
8953 5341
8991 9008
8551 9932
9881 5180
5696 6899
8612 8494
8446 9786
7951 7640
9232 8424
7040 6682
8404 9616
5621 5466
6827 7756
8006 5379
7096 5104
8241 9540
5064 8173
8498 9633
6945 7746
9349 5026
5612 5073
10000 9806
9676 5863
5744 5340
8215 7220
5143 7968
7293 8939
8670 6525
9933 6101
8369 6213
7790 9792
6542 5847
7953 9059
5340 8817
8606 7246
5039 6393
9031 6927
5235 8210
6765 5055
9147 9750
7526 8272
6932 6754
6710 6403
6861 9004
6126 9228
9201 6856
7981 8394
6498 7595
5461 5308
9547 6933
7987 8507
5326 7989
5230 9732
9464 9444
7557 6455
7331 5527
7103 5823
7805 8849
6609 9219
9355 7019
6119 5591
5254 7409
6941 8509
5860 6611
8081 6873
5896 8338
6790 8224
9060 6809
6522 9552
5076 8787
9970 5048
6437 9079
5776 7455
9702 7700
5721 6214
8690 8557
8832 9784
8887 7007
9392 9828
8749 9450
9414 6248
9062 9580
6379 9398
8923 8898
7079 9275
6263 6610
8259 8873
6502 8280
5009 9355
6932 6606
6731 6268
8003 6351
5021 6895
8784 5803
7520 7535
5934 9715
5923 6531
7151 7271
5219 6733
7992 7110
6327 5925
8021 8210
6551 7669
7630 8727
7082 6799
7115 5058
8859 6535
9018 7713
6270 6959
9133 9878
9956 5824
9825 6323
7047 7159
9410 6451
8997 7173
8970 6920
5776 9709
5271 5214
8699 7810
7012 5157
8945 9768
9397 5415
6080 9673
7844 7896
7155 6964
9541 7074
8853 6568
7087 8634
8954 6395
8176 8014
6148 6951
9284 5836
8135 5749
6874 9474
6508 8459
8966 6794
8089 5209
6408 9986
6302 5946
6528 6921
7119 5034
9330 8087
5141 8571
6949 7456
8537 5973
5577 7091
5752 6934
9437 5633
6132 6667
7450 9216
5819 8509
5610 9465
7717 6564
9620 9306
8370 7332
6994 8103
6201 9246
9585 8883
7635 7698
5958 9772
8896 8563
7133 8529
8455 7566
8943 5029
8989 6860
7243 9511
6071 9272
6288 9247
5613 7140
6495 8591
6602 6904
9675 5582
5791 8261
8309 7798
9474 6939
5352 9444
6872 9833
8236 5456
7078 7031
7727 5010
6155 5754
9533 8669
7689 5962
5435 8499
6094 7457
8578 7089
8062 7783
9351 5579
6199 9595
5360 8312
5029 8166
5744 9360
5449 9627
9295 5682
6128 6183
8724 7702
9782 7061
7431 5660
5511 9897
9749 8163
8268 5349
7854 5458
6120 6825
7016 8757
5400 9233
8798 6714
9226 7583
7619 6968
8407 8400
8487 5563
9831 8037
8058 7086
7154 9382
5785 9371
8174 6843
7297 8902
8202 5682
8480 8544
7092 6157
9462 7417
8244 8315
7847 8251
9934 5233
7906 5412
6434 8559
9077 6415
6169 7332
5365 8758
8188 8384
9760 7115
6266 5167
8429 7405
7757 7029
6018 6519
9484 8265
9852 9504
9305 8737
5520 5554
5165 7194
8785 9413
7492 8071
8614 5680
5728 7416
6196 5376
8004 7372
9296 6285
8961 7761
5529 8653
7845 8751
8594 8685
7970 8321
9339 5046
9361 9814
9092 6956
8685 5525
5053 8797
8489 5715
5722 8090
6452 6315
9950 8249
6750 5110
5149 9850
5898 6207
5914 9502
7362 7935
8170 6625
9308 5331
9856 7798
5817 8514
9422 7000
5605 7376
7716 5415
7235 6187
7183 9680
7240 5089
5238 8688
5994 5339
6360 5115
9419 5330
9227 8808
5244 8412
7180 5165
9464 9307
9328 7515
8268 9301
5756 5692
8946 9803
9683 8053
6105 9737
9579 9591
9762 5950
7485 6452
9139 5832
8619 5941
6814 9568
9934 7025
9049 7116
9231 6768
5260 7287
5984 7120
8289 5682
7161 7051
9085 9612
8694 7830
5912 7367
9477 8408
8161 6189
6283 7746
8830 5834
9264 9854
7614 6295
5971 7226
6207 8600
6337 8953
5412 6880
7146 9054
6596 9030
8807 9097
9806 6880
9649 6312
6284 8118
7346 8733
9494 8093
5571 6453
6525 9839
7134 9088
7768 8608
9003 8173
8994 5615
5077 7899
8700 9023
5301 5353
6183 6063
6922 9516
6810 9294
8183 9342
9157 9109
6637 8903
9489 7420
6418 9774
8418 8695
8416 5523
8646 7581
9670 7810
6284 9767
7228 6887
9507 8318
6297 8729
5737 8072
8984 7101
7411 5860
9481 5302
9820 6183
7467 8718
7133 6019
7723 6564
5036 9270
5447 8970
5195 7890
5355 6274
8550 8449
6321 5573
7520 7523
7571 6328
7902 9100
9784 5960
8187 5463
5897 6411
7276 5871
9543 6116
5130 7663
9000 7516
5812 6007
8070 6972
7235 7009
6676 6325
5508 5692
5754 8211
8660 9463
9042 6881
5982 9686
5955 7660
5959 7723
6841 6749
6847 7768
8736 5877
6862 8358
9925 6018
8076 7857
7942 6095
6588 6311
7025 5534
8606 5541
8236 8234
6941 7702
6958 7119
8386 6285
6175 8338
6650 9664
5913 7194
6407 5802
7435 6337
8979 5036
6793 6790
9843 8605
9566 6943
9911 9136
7198 5961
7744 8603
9184 6281
7489 8506
9995 9653
9782 9772
9435 6656
7674 6712
5409 7254
5461 7861
7972 8376
6921 8336
7804 5698
5583 6988
6784 6552
7427 6444
5512 9994
7587 5350
7755 8066
7477 5252
7472 7247
7402 6630
6922 8265
7293 5040
6268 9433
6812 9214
5468 5055
5732 6365
7647 6703
8591 8995
9252 5246
6224 6539
6876 5915
5694 5298
8378 6524
5733 7212
5823 6832
8264 6439
6915 7317
7943 9007
5115 6944
7477 6811
5598 5161
7615 5751
7813 6019
7814 8773
5493 7052
7755 7039
5444 7937
9387 7438
8634 5968
5971 8095
5725 8718
8178 5295
7713 6785
6043 6564
9697 9913
5300 8029
5493 9364
8994 8349
7963 6650
8678 7567
6542 5296
7480 7620
8047 9233
9330 9119
5944 8887
7836 8852
7476 9320
5648 9779
8301 6707
6279 9491
6856 6630
8530 8543
8457 5606
10000 8177
5768 6802
5854 9689
5583 9793
5974 9798
5968 8219
9554 6638
6249 8319
6329 6879
7003 5728
7851 6281
8189 6155
5944 9381
8533 6792
6961 6543
9218 8228
9885 8017
6137 7022
8182 9348
9942 7227
9176 9197
8478 8919
8071 8957
9791 7690
8823 8694
6755 5630
7669 7142
5532 6226
5047 8718
5527 6051
6102 8775
6863 5180
6610 8796
8604 8995
9219 8709
9930 9397
6035 6620
9313 6387
7383 5057
6926 9811
5254 7162
5668 5143
9631 9905
5907 7120
5893 9173
8113 7705
7348 5726
6776 5191
6063 6898
5850 8942
7666 7544
5892 6971
7271 8596
6238 7108
7622 5242
9390 7535
6364 7648
5896 7517
5962 8550
7412 6456
5705 7792
7049 8028
6656 7694
9224 5811
9016 7069
7351 9971
8891 9480
6187 6028
9676 6975
7818 9136
5945 5522
5999 9487
6574 6666
6112 6788
8576 9335
9569 8455
6733 5093
6478 9978
9168 8886
8521 7638
6317 7905
9241 5411
6820 6809
9704 9387
7045 7817
6395 9020
7234 5532
8461 5151
6709 9977
9145 9164
5907 5615
9387 8613
5419 6038
9747 8542
8316 6892
7092 9311
6469 8258
8898 9565
8217 9438
5814 5201
5632 6528
6699 6663
9023 9553
8264 5123
6326 5503
8573 9953
5970 7071
8036 7035
9811 6705
8982 9103
6346 8973
8995 8702
8150 5292
8336 5206
9516 9039
8504 7407
9262 8053
5061 9496
9956 8542
8512 5840
6191 7753
6948 9404
9271 6197
7474 7975
6376 9811
9967 7530
7002 6925
5321 6932
6590 8305
9559 8001
5497 8558
5502 5018
5104 9260
9006 9367
9507 6280
6608 5364
9880 8684
7230 6833
6431 6185
7103 6999
9581 6151
8601 6004
8087 5293
5173 9941
9094 5186
7650 7272
7952 7527
9055 5733
9012 7407
9187 8146
6717 6742
8123 7649
9398 5490
9170 9644
8723 7479
8261 8869
8724 9771
5158 8704
7169 8000
7366 6587
7371 7849
5503 7271
8270 5728
6914 6012
6990 9673
9978 9243
7711 7651
9782 5309
5857 9489
5080 8402
8995 5836
7966 8972
9123 9656
9216 6633
8421 5594
9379 6024
7565 8257
9987 7315
7046 5847
7719 9608
7214 8360
7213 7095
7928 7785
6962 9017
8255 7079
5865 7472
9038 6757
6626 9997
9326 5424
6670 8453
8468 7558
7375 9608
8434 7030
7681 8370
8670 8936
5622 5005
7375 5030
7416 8401
8512 5154
9786 6609
5477 9612
7159 8426
9263 6923
6029 5599
9395 8811
8274 9248
8845 7743
5584 9945
6485 5316
6374 5901
8010 9658
8884 5542
6828 6046
5120 6962
7994 5884
5924 9850
6555 5484
6562 6554
6309 7488
5075 7003
6863 9376
6365 8765
9954 7109
5783 6701
9761 5210
5887 9708
7664 7347
7812 7979
7559 8695
6266 7248
8127 8691
8718 8694
9124 7174
7227 8610
7869 8777
9956 9996
6037 8900
5085 5888
5056 7801
7729 5259
9463 8542
6111 7416
8078 8832
8310 5960
6883 5170
5829 9687
8342 6367
5973 9605
7245 5129
9908 5446
8585 5014
6051 5055
6507 7252
9720 6122
8645 5119
5031 5004
6867 8098
9490 7484
5683 6408
9168 7235
6027 7159
5771 8040
8540 5530
6158 5237
7745 5348
6416 5523
5310 9274
5331 5409
5348 8152
9282 9434
7463 7240
6969 5909
7630 6778
8098 7294
5209 5792
7863 5628
6473 9476
5046 5448
9485 5378
9770 6438
7754 7680
8780 5736
6573 8289
5703 5385
7107 9657
7925 7814
6045 9250
5922 5087
8297 9814
9731 5759
6238 7290
7304 9076
8585 8932
5905 7453
7138 7703
8398 5908
8949 8918
7738 5536
9492 8511
5513 7728
9343 6549
7267 7139
8980 5962
5872 5577
6108 7495
7634 9920
9392 9799
6342 9606
7528 9757
9760 7769
8709 6379
7352 5175
7209 6625
7402 7436
5208 6398
9038 9576
6509 9607
5147 8102
8725 8234
9300 10000
7582 6567
9987 9401
9696 6162
5554 6717
5927 6735
9579 8359
7866 5928
8234 7479
9002 9188
8265 9977
7148 8053
9366 8579
9188 9048
6365 9463
5760 7690
6549 9955
5919 7153
6225 5825
7397 9927
7578 9131
7070 6502
7145 5494
8936 7786
5718 5498
5210 9902
5877 5930
7179 8782
7429 5241
7132 9761
8097 8145
6969 6446
8344 8384
5296 5851
6095 6494
6919 7835
9425 7647
5913 6704
7625 5137
7911 8882
6256 7702
8699 9246
5881 6422
5203 7750
5146 8965
9369 8435
8186 5004
7354 8709
6419 8675
5758 7753
9663 9059
8875 5493
6507 5538
5534 5348
6399 9220
5889 6928
8502 9603
6762 8591
7724 6950
5674 7761
6649 8098
6984 8131
5939 5432
7817 9764
9094 8124
6525 9277
7577 5098
5627 5420
5215 5436
6740 6052
5780 9724
9338 6342
5783 5629
9231 5244
7594 7922
6973 9787
8143 7287
9707 7470
7868 7250
7561 5671
6650 7018
9016 9333
9509 9544
6585 7397
9239 9023
6914 6776
8383 9160
6185 7289
8306 8077
9623 6378
8201 6317
6195 6022
9985 9923
7136 9467
6542 5609
9107 5357
5030 8425
5462 6482
9394 6533
8621 7424
8355 8953
9185 8949
6651 5588
5513 6228
8778 5707
8084 7376
5036 5798
7342 5670
6244 6594
9376 7965
9603 6517
7601 5590
5126 6957
9020 7495
8082 6756
6195 7341
9415 6493
6097 7098
6731 8404
7723 9533
9019 5688
6240 6734
5857 6696
6999 7506
5349 5840
9086 8540
8787 7870
7869 6323
9511 8029
9386 6153
6555 6479
7662 5575
5003 9927
8193 9830
5285 6418
5249 8813
5944 7987
8285 5255
9624 8460
5822 5284
8575 5751
5958 6983
6059 9834
7546 8004
7315 6076
7762 5798
8645 7582
8358 8862
8216 9489
5125 5885
5041 6079
8232 7333
8092 8012
5130 9272
8359 7383
9864 7147
7454 8505
7193 8020
6190 5239
8775 8149
6928 9898
7389 8642
6348 6539
8652 6686
7074 5870
6474 6511
9518 8802
6966 5808
5635 9901
8942 5424
5238 8641
9169 5144
9074 5033
6366 5591
6811 5621
9809 5989
7044 5529
9277 6359
9756 7768
5488 9041
7261 6555
5854 7315
7047 6241
5636 6268
9218 6533
6895 9085
9926 6595
9546 9557
8121 5766
5190 7894
9155 7600
7531 9042
9719 5759
6404 9333
8477 9325
8201 8418
8312 7264
9044 9818
9307 8308
5751 8418
7135 7308
5038 8173
5802 5475
8489 5216
8444 6003
8770 9189
6206 6751
8766 6008
8588 8093
8352 7392
5530 7246
6481 5559
6822 5788
9594 7025
5739 6509
8155 8635
7073 6857
5713 5494
5259 7107
9361 9459
5044 5634
8532 9351
5527 5551
6148 5184
7019 6714
9248 5290
7377 7789
7727 8779
5762 8343
9187 8517
9089 7280
9786 8865
6120 9954
9391 8693
8135 5190
7045 8684
5912 7880
8343 6892
8893 5179
9158 8425
7062 6441
9538 6436
7237 8298
5117 6353
5375 8922
8300 9561
8686 6276
8697 9456
8855 6561
7833 8221
5878 6379
5173 7023
5428 6231
9402 6001
6559 6906
5181 7131
6506 6085
7626 8277
5968 9347
8273 5051
6332 8294
8116 9634
6380 7919
7715 8147
8271 5576
6205 8006
8856 6198
9670 6111
8508 6032
8977 5259
9209 9745
9176 8541
9104 6156
7706 9219
8029 9687
5685 5136
9843 6828
7204 7288
5632 6525
5283 7270
9689 7051
8522 5953
9968 9889
7581 6036
8752 5997
6194 9967
7206 6760
7395 5259
9992 5403
9229 5588
6414 9580
6705 6006
6799 7812
8086 6846
5043 8490
5162 8781
8895 8654
8913 9376
7910 5300
8879 9030
7072 6214
6736 6362
7997 9192
6681 8539
8192 7166
5964 8134
8098 9749
9737 8901
5658 8076
7550 6830
7429 7403
5523 8999
9386 5955
9211 8460
9221 6017
5086 7716
7312 8012
5902 6391
9308 8580
6688 5330
7075 6275
6158 7522
7618 5034
5609 9838
7934 6351
6130 6217
6107 9537
8407 9971
6831 8612
7430 9462
9437 7074
8972 6115
8796 9177
5914 7749
5146 7753
9927 7915
8467 5514
7254 8894
8262 8700
8996 5440
6576 5362
6020 7176
8366 7633
6757 7480
7303 8424
6874 6807
6568 6515
9100 6645
6213 8459
6175 7305
5713 8589
8474 7636
9282 7734
6429 6553
7919 5846
8760 9883
6648 8841
7523 6386
6383 9258
5257 5101
8324 6597
7139 9971
8009 5604
9648 8507
8177 9771
9002 7832
6866 6021
9505 6316
5970 7007
6894 7261
8256 7135
8431 8534
5637 7241
9388 9510
6881 6175
6095 9897
8696 7371
7650 8830
7547 8587
7625 9521
8218 8062
6408 8307
6795 5375
6193 6127
6123 6575
9595 7986
8621 7846
9816 7139
8423 7155
5160 5818
9018 7101
5847 9936
7566 6925
6834 9976
5312 8786
6003 8854
9895 6621
8562 8069
8050 7365
5612 7407
6546 8788
8600 5672
9640 7758
8893 7554
5399 5467
7931 9656
6520 5067
8175 9405
5195 5669
6231 6237
9679 7684
6326 9235
5812 5744
9868 8825
7947 9714
8631 6805
7202 9992
6316 7545
5089 5854
6865 5888
6274 5651
8172 8297
5187 9888
6460 8995
8010 7214
8197 8531
9227 6566
6177 7232
5625 9214
5278 6192
8566 8636
6312 9651
8198 5332
6565 7483
6750 8176
6360 6885
5522 9637
5762 7268
6777 9078
5557 9819
6883 8553
5813 7040
7206 6506
5992 7118
6871 8692
8243 5150
8455 5818
5285 8691
6676 8418
7018 6357
7364 6379
5491 9773
9693 5974
6878 6540
8663 7898
6327 9949
5462 7981
5225 9373
5781 5852
7728 9243
7927 6506
7007 6612
7047 9584
6063 5789
6803 5934
9286 5833
8841 8282
7000 9006
6399 5364
9779 8977
8790 9864
6801 8755
6135 6988
7229 7368
5921 5105
9828 9409
7702 9993
9466 9405
8594 7196
5691 7500
7658 7132
9827 8920
6680 7202
5137 9766
6333 8106
7087 8649
9296 7583
6083 7559
9725 7965
5710 6387
5289 9837
7460 5074
6927 9922
5825 8394
6222 6815
8383 6213
7748 6476
5385 7612
8341 7828
6917 6578
9166 7194
8963 6231
9017 7080
7170 9523
8153 8449
5218 5438
7345 9529
9599 8223
8174 8022
8459 6516
6863 9351
8951 7030
8881 6377
8427 8479
9098 7141
5788 7991
8231 7525
7143 7542
5701 5833
5943 5475
8537 9645
8957 9890
5384 7677
8012 5394
6156 8199
6609 9420
7112 9627
6480 9329
7166 5222
8474 5819
5334 5408
7354 9109
6119 9256
5125 8153
5031 6146
7220 6007
9406 7791
9244 5072
6180 8633
7314 5766
8092 9269
8655 8704
6460 5410
9308 7506
7904 5799
7877 7374
8296 9057
5603 8624
8211 9997
6527 9682
9328 5666
7340 5491
8367 7028
8543 8456
8239 7569
6094 5123
9479 7930
8103 5874
8876 5857
8885 7055
9159 5076
7644 5908
9519 7064
8634 5168
6696 7580
7007 8091
7290 9120
5055 5282
7698 6188
8214 6954
9156 7242
8615 9216
9123 7402
7311 8227
9559 7010
9739 8966
5525 7125
7545 5879
7325 7023
6363 7385
8404 7528
5234 8460
6510 9515
8079 8032
7701 7015
9446 5160
5914 7473
8207 7026
5562 5459
8028 8665
5734 7208
8160 6513
9177 5537
9397 6532
6162 8216
8975 9902
9582 5911
8645 9559
7643 5834
5182 6822
9907 9742
8935 6170
5125 6742
8985 6338
5101 7057
8833 7963
7644 7709
6766 7456
7576 5320
6283 7982
5108 9675
9471 5352
6177 8121
9625 7218
5731 7492
5918 6832
7317 6110
5800 9140
8981 9526
7816 6532
7303 5641
8881 6347
9699 9636
5663 5831
9143 9919
9917 8446
6914 7000
5564 6040
8556 7564
5504 6751
6775 6801
8337 6448
7801 6845
7963 7341
5125 7462
6762 7150
6809 8840
7703 9078
6534 5998
5517 7027
9631 7587
8425 7518
5897 8575
6701 5584
6023 9150
9946 7450
9430 7512
5454 8295
8989 8648
8578 5900
8550 6665
6604 9781
9448 5598
6590 8457
6447 9917
7533 9466
6479 8607
8514 6131
6193 8188
8042 5890
5210 8955
8571 7420
5136 8817
7749 8233
6865 7153
9383 5066
6362 7355
6002 5305
6653 5636
8324 6229
8561 6132
8345 9223
8414 8540
6143 6140
9870 8114
5540 5384
5459 6234
5504 7137
5978 8456
9713 7386
7861 7510
8833 5588
9403 5054
8405 8665
7398 6349
8337 7718
7218 5778
5012 6585
6271 8857
9780 8709
8223 5639
5312 9099
6454 9735
7521 5375
5215 5416
8256 9642
6357 8218
9111 9203
8218 5296
9885 5430
5860 5552
6926 9334
7091 8581
8475 6578
8892 5504
6742 7800
5173 5980
8205 7931
8680 6323
5193 8522
8188 5682
6686 5236
6193 5465
8782 7441
7382 7459
7769 9763
8671 5711
9361 5008
8135 6990
6308 5439
7695 5982
6284 5700
7177 9232
7311 9848
6442 6588
8871 6853
9754 9714
6174 9157
7792 8323
5595 6780
9976 8192
7232 5319
7383 6578
7175 5862
7565 8494
8845 5588
8245 8183
5949 6266
7637 8877
5162 6202
8999 8271
8717 7428
7689 9245
5062 9063
9537 8490
5401 6942
7456 6052
9369 6214
5028 6303
8060 8539
7369 8273
8736 9486
6556 6546
8266 5021
9841 7486
7606 5828
5697 8670
6674 5229
5427 5186
9316 7935
7711 7897
6415 5343
5964 6760
6287 5909
6305 5625
7941 5178
5520 5961
9447 5242
5649 7113
5190 6009
6409 8987
7628 7908
9239 9081
9490 7042
7657 6759
6278 6905
8422 8713
9174 6597
8179 6876
5131 9507
8737 8390
5963 5396
9790 7612
5414 8459
6855 6099
7824 9504
9972 5627
6971 6061
6786 7995
9037 7702
6886 8919
8801 7605
6379 7120
8658 7784
9884 5957
8730 6964
9253 8735
9167 7222
7858 9029
6960 9828
8155 8020
9965 6820
7599 8765
9384 5012
7485 9235
5408 9925
9135 7303
9797 7366
6000 5044
7400 7734
6131 5855
6079 9859
8407 6852
8489 9669
7514 8907
5098 6819
7869 9666
8274 8615
6218 5799
6532 9147
5645 5622
5178 7022
6482 5919
8402 9557
9237 9067
7185 5183
9438 5018
8570 6655
7067 5551
6401 9929
7050 8400
7658 6468
9498 9955
6407 7099
6781 6939
8815 8624
7786 5895
6300 5217
7124 8656
8689 5862
5549 5732
9002 6369
7156 6672
5020 8299
8933 5606
9550 9254
8483 9502
8398 5846
5379 5588
6595 7036
5472 6673
7381 7596
6550 8498
5804 5462
6376 7709
5360 7724
7935 8655
6207 5096
6773 5411
7626 7949
5601 6313
7112 9099
6609 9138
7932 6039
7284 6803
7848 8515
9472 5403
9540 7120
5241 7422
8344 7032
7765 8448
7413 9592
5810 6699
9492 5425
8934 9493
6707 8267
5290 8227
5089 6342
5211 7257
7583 5751
5064 5817
9526 6911
8065 9151
7146 9749
8484 5875
6340 7324
8927 9471
5239 7762
5029 9256
7268 8964
6783 6852
7616 6152
6996 7567
7992 7086
8101 6322
8103 8010
7992 8556
8742 5181
9466 6359
6975 8164
5872 7432
9266 9403
8946 8977
6892 6444
5612 6351
6838 6656
5931 9255
6078 7572
9506 5908
6627 8037
6896 5354
5777 9036
6211 7866
5604 6647
6779 9324
8433 8264
6827 5251
5504 8624
8381 8944
9738 6355
7028 7679
6354 8525
6697 8826
9477 5315
5728 7392
7414 5107
5653 5453
9532 6792
7597 9327
5781 7548
9365 6918
8968 5896
8050 7765
8530 9146
6779 5683
9479 5653
9489 7363
5129 7969
7434 6388
5383 9920
9817 6366
9173 7724
9709 9891
5476 5078
6246 5057
6093 6875
6104 9463
7462 6153
7964 5768
6750 5353
8275 5266
6516 5161
8547 5582
8191 9679
6071 8225
9256 8311
8012 8594
8434 7480
9009 8654
6327 6375
6202 8762
5759 8883
5531 8660
7055 7619
5892 6161
8276 7150
6533 9914
5347 7495
5307 5771
8344 9876
7985 9535
5971 6805
8529 6410
6418 9349
6988 8898
8312 7600
5224 8615
5136 7673
5885 7297
8222 7256
9597 7504
8721 5127
7861 6077
8563 8886
5535 6078
7587 6808
5889 9955
6286 9934
6346 5970
9229 9854
8021 7454
8610 6471
6063 9100
7825 6619
9060 8340
5867 9787
9525 9600
7455 7580
6196 8229
7459 8075
9575 6217
7603 5556
5836 8105
9146 7880
5952 8337
8502 5875
9029 9747
9273 7962
6509 6999
9052 8161
6410 8432
9550 7863
5867 8771
5388 5946
5689 5271
8907 5435
9455 9976
5275 6771
9508 7541
6045 7744
6224 9248
5884 5156
7944 6922
5093 5221
7206 7599
9890 7123
6098 7991
9173 8720
7040 5926
9362 5069
9603 7773
6567 6250
8430 5931
6242 7427
6199 7219
8773 9372
9592 5519
7712 7614
8449 5529
6082 7639
9371 6382
8893 5971
9254 7823
8756 7812
9084 9084
9271 5931
7579 9792
6294 8876
7234 8563
6263 6403
6169 5504
7292 6409
5607 7899
5141 7868
5411 8405
7916 7548
7918 9898
6565 9467
6228 8030
8159 5202
8249 6023
5965 8706
9829 9371
6160 5967
7708 7938
9284 5727
7761 8761
5720 9472
7763 5836
5551 7358
5849 6457
5972 6692
5857 5165
5954 9906
9988 6595
5251 6730
5766 5930
9503 5139
5480 5184
5849 8386
8927 9853
7227 7242
9645 9232
5276 8152
6547 8412
6762 7467
6978 8832
8288 6481
5414 9065
9687 9282
7628 9509
7282 8143
6188 8025
9778 8290
8172 8137
8305 9383
7420 8315
9783 5057
9316 8096
7458 5427
5120 8262
5720 5703
7218 9781
6931 8304
9954 7895
5501 9672
8062 6512
9001 5829
7143 9623
6159 5513
7368 7198
5763 5706
9201 8566
6067 8624
6457 6920
8532 9580
6375 7204
9940 8168
8367 7004
7386 7647
9106 9350
8802 7320
8544 9491
5196 5752
8847 7702
6865 8055
6536 5553
5245 6821
8562 9071
7829 8881
5910 9579
9396 9744
9907 8483
5898 7116
9676 9952
5435 7182
6830 6304
5759 6848
8805 8545
5096 5719
9631 9887
6895 6943
5936 8321
9487 9795
8668 9718
5348 7004
6882 9787
9946 9930
6984 6612
9198 7151
5416 6718
8591 5462
6610 9164
6400 8372
8105 7332
7275 9183
9231 6065
8328 9710
7124 7871
5804 7602
9389 5874
6641 6782
7412 8849
9393 7886
9875 5203
5234 6642
7439 7145
9183 9921
5027 5696
7202 9200
5104 5676
6601 8655
8690 9475
7546 8896
7424 9060
6591 9626
9032 8193
7081 7163
5018 8358
9450 6063
8389 8051
7028 9096
8478 5939
7295 9570
7001 5558
7138 9564
5583 5240
9173 7103
5089 5221
7097 5688
6716 8382
7285 8370
5027 9618
6918 7326
6008 9868
8071 8501
6400 6248
9491 8839
6273 6014
8385 7334
9003 9254
5565 8288
5553 5114
7153 9537
8525 8835
7955 7569
5315 8780
5605 8009
6938 7520
6858 7821
5509 7318
7805 8872
5765 9219
9951 9007
7689 9316
9028 6735
7612 8996
6931 5021
5235 6358
7867 5241
9678 9681
8549 7105
5638 8564
5607 8736
5569 9968
6983 9504
6459 7125
6652 9572
7023 7433
5311 7163
8218 5756
6039 5154
6614 6085
6975 6596
5418 6348
7320 8701
6942 7134
6892 6152
7618 5001
7436 6261
8317 8345
8943 8049
8445 5519
8756 7105
8975 6789
9655 6397
8593 7743
5530 5965
5057 7595
7069 9450
8653 5715
8747 9023
9609 8755
7448 7049
5343 7767
7218 7041
7285 8672
9618 5191
6853 5430
6399 6583
7779 6699
6849 8964
6826 9206
5919 7093
5248 5997
9944 9852
6473 7838
6782 7836
6400 9352
8744 9468
7802 8648
8708 5370
6649 5432
6330 8624
6209 6540
8219 8823
9044 5228
9299 8742
9755 6897
5530 9870
8472 9278
9060 8744
8909 6337
9635 8645
9448 7487
6033 8022
9190 9146
5352 5775
8980 7390
6236 5968
9498 9696
7611 5461
6326 5977
5986 5362
5802 8885
7359 9233
6719 5637
6809 7698
5942 9427
5559 5554
7510 6822
6848 6383
6232 7109
5510 8687
5052 5469
6144 6410
8046 5207
9276 9338
9493 6449
8079 9001
9130 6299
5049 6664
8512 5628
9865 8007
5552 7540
6242 5789
6541 5753
6860 5829
5965 7000
8593 6857
7272 6620
8553 7102
9169 6129
8728 5546
8259 8120
6654 9142
9049 9453
5946 6270
6006 5696
6602 5514
5115 8839
9519 9672
7337 6659
8588 7587
7383 5263
7212 7624
8855 9030
5353 7830
6499 8542
8148 5886
8838 8011
5895 9045
5866 9165
9033 6987
8173 7709
5343 8457
6837 9213
8304 6209
7667 5567
9916 7848
6833 9063
5277 7500
7484 7036
6963 9779
7786 9888
8952 9917
5256 9372
6309 9327
8838 5757
6679 9454
5649 9396
9073 9047
6669 7160
6955 7063
5699 6065
6829 5830
6487 9348
5560 8731
9131 8061
8970 8412
5915 5926
9276 6929
6426 6553
5268 6827
9522 9246
9600 8347
5210 6559
7609 6967
7015 9988
8104 6990
6538 6338
8968 5628
5101 9980
6826 8533
6565 9151
7126 6413
6418 6033
6876 6261
6135 5629
9261 6011
5822 7350
8491 6960
7684 6672
5500 8617
8541 8268
9360 5937
6599 7162
9392 9748
6634 8433
5213 9651
5716 8186
5244 7234
7980 9604
5491 7539
5350 5105
5797 7436
6963 6509
6246 8718
6342 6988
6562 8878
6587 6528
6385 5442
9754 9848
6224 9282
5822 6657
6624 7017
6237 6948
9609 5879
9608 8905
7338 6676
8437 6174
6591 5685
6886 9556
5576 8444
9724 9469
5543 9671
8328 9989
8505 7499
8936 5525
7428 8333
9319 6348
9009 9884
8923 5872
6664 5706
7870 8491
7987 7407
8383 9903
9004 5496
7304 7532
7696 6318
8223 7121
7032 6659
9044 8157
8426 7046
5686 9402
9837 7317
8821 6226
7817 8681
8287 7040
7583 7785
5541 5799
6708 8352
5149 8494
5674 5193
6783 6848
9951 8566
8716 8062
9344 9325
7770 6818
5164 8790
6389 7033
9929 5693
9250 6372
8947 6058
8620 8073
7431 6175
6223 9043
8282 6214
9124 7415
5920 6891
7457 9172
8678 8062
9718 8753
5969 9670
8267 9084
7194 8134
5111 7195
8613 6313
6616 5288
5864 5801
9845 7316
8289 6165
6159 5951
5794 8164
8624 6480
6280 8971
9743 8695
7362 7660
9008 8459
6275 8022
8995 5048
6411 5962
5307 9679
8395 9597
9752 9532
7824 6200
8794 7494
5346 6253
9539 7594
5679 6589
7988 6242
6701 7356
9685 9116
5917 8610
8059 9676
6762 7687
7682 8261
7361 7564
6811 5215
9213 6573
9088 9743
8249 6166
6111 9108
5145 9980
8261 5044
7824 8742
6041 5519
9416 5373
6877 7872
8833 9101
9950 8952
8290 9589
5164 8766
7935 7673
5455 7071
5701 9750
6873 9538
8445 8855
8052 7031
8016 5254
9950 9016
8605 7698
8564 8345
6474 6526
6962 8602
7572 7471
8530 8917
6797 7691
6931 6924
5597 6404
6333 7349
5261 6690
7112 8149
6062 6193
5088 8509
8288 6326
9188 8640
5303 6144
6969 6531
8823 8822
6978 6763
6858 9496
9314 5217
9458 8226
5305 7692
9057 7604
9823 9957
7276 6900
7195 9721
8633 6836
7044 8146
7581 6693
9752 5303
9501 6401
8105 5298
8396 8322
8025 7113
5975 7738
5210 5393
8495 6478
6158 8734
5910 9366
5615 5984
5254 9234
8930 5650
8661 8167
8809 5558
6317 7596
8852 6709
8095 7913
5473 8369
6365 9247
7821 9540
8937 6812
9274 7392
7268 9854
6995 9199
5802 9112
5769 6622
5056 9968
7146 7224
7136 7047
7991 7764
5831 9718
9974 8766
8622 8895
6901 8201
6841 5867
6564 9121
7201 7456
5451 6782
5462 9404
7561 6877
5401 9966
9511 9237
5751 8843
8010 6245
6971 5502
6937 6133
5393 8403
8479 9503
6479 5570
9468 9001
7345 7716
9588 7495
9507 7513
8666 5569
9627 8635
8200 7462
9477 7083
8735 9496
7030 7678
9729 5154
5273 6079
5462 7831
6814 5381
6339 7893
6094 6666
8556 5272
8138 5761
6730 9085
9251 6687
6977 6432
6432 8692
6895 7951
5867 9763
6359 5939
6687 6470
7971 6932
9705 7556
9672 5476
8878 6278
8665 8492
7836 7271
6014 8656
8346 8334
9057 7432
9251 7551
6068 5433
7044 8642
6192 8954
9059 6068
5762 7515
6757 8976
9421 9688
7694 5436
8111 5234
9903 7003
9553 5754
8686 5113
8792 7185
5037 9980
5042 8687
7916 6884
7642 6242
9549 7532
9608 8568
8106 6003
7622 5572
6025 6256
9936 6983
8995 9749
8067 6446
7189 8106
5095 6788
7333 6895
8329 8321
9631 8711
6195 9578
5834 9457
9164 6439
8630 7705
6224 6053
7364 6434
6771 9918
9669 7536
5465 7257
8636 6672
6216 9814
8295 5983
8617 9152
7459 9335
9866 6728
5597 6465
7917 5594
7751 7717
9143 9766
6913 9674
7118 6732
7811 6848
9358 8987
5869 7407
7943 9082
8946 7906
9168 8523
8439 6105
6986 8975
9217 7368
6814 8031
8701 7680
9891 8508
6707 9327
9303 9014
9058 8092
5391 7538
7107 7163
5546 5154
8856 5275
5616 5355
8017 7677
8149 7407
5439 9897
8862 5689
9870 7174
9425 8849
7756 6404
6146 5078
9269 7862
9296 8658
8783 5445
8216 6269
7137 5587
9794 8521
5760 7063
8777 6534
6143 5968
6561 5282
5290 6421
6954 6055
7291 8336
8261 5992
9792 7718
5143 7634
9842 6307
6515 8648
8417 9284
5997 7029
6434 7961
9941 9780
5968 7939
7119 9679
6122 6849
8994 7867
8632 8961
5154 5261
6167 7057
6152 8313
7668 9283
9310 7245
9291 9486
6172 9949
8280 5505
7486 6015
9543 8161
7768 7670
5007 7007
6244 6402
8456 9404
7788 5850
5889 6621
5018 9533
8546 6955
5948 6577
7226 8060
5314 5495
8729 7797
8251 6236
9520 7193
5473 5518
7858 6559
6227 6074
6115 8253
8532 8543
7825 9938
9775 5469
9372 7068
7723 8265
6993 8783
7420 9100
7445 8410
5216 6727
6629 6044
6337 8353
6584 8460
5671 9355
5574 9285
5781 5901
9683 5893
7122 7914
6930 7611
8428 7518
7627 5972
9659 5756
9960 7579
8503 8678
5489 7197
5977 5621
6220 8427
7392 9005
7796 7762
5048 7103
6482 9319
5771 6499
8882 5982
5994 8118
8769 8846
8759 9264
6526 7964
6824 7675
7295 5846
5254 6838
7203 5045
8929 5969
7774 9901
6964 5548
7454 9149
5345 5591
5812 9219
9554 5751
6223 6238
8980 5661
6553 7539
7685 8463
5221 8504
7250 9788
9070 5241
6860 8643
9692 9229
8639 6067
5152 7367
6690 5509
9726 9065
7303 8681
5772 6756
5071 9277
9260 6120
6643 9907
5932 7250
7158 9592
7204 8871
5796 7178
9632 9252
7302 8970
7697 5716
9732 8603
6689 6223
6024 9297
7401 8571
5462 6713
7490 5165
8599 5552
6386 9634
9276 8318
9356 8598
6914 5589
6746 8444
8740 9323
6778 5639
5353 6997
9130 7827
5692 8961
8913 6557
5098 6079
8962 8392
8840 7680
7218 5709
5272 5196
5192 5151
5678 7087
6608 9216
7409 9370
8681 5732
8043 9799
5237 8744
6707 8288
7553 6387
9207 6261
7641 9513
9649 9970
8941 9090
5592 9113
8587 7678
6650 8961
5592 5360
6491 7383
6257 5924
6642 9598
8132 9822
5238 6644
5084 7614
9189 6860
7702 6339
7845 5339
5318 7561
9732 5176
5901 8304
7670 9016
7050 6204
8500 8464
8274 7376
5443 7889
7009 9178
9893 9533
6132 5455
7890 6899
8285 5171
7893 8341
9860 5386
7862 7885
5125 9709
9422 7188
6578 9867
7335 5697
8141 8959
8587 8607
5169 5252
6898 6749
8220 5490
8975 5085
9123 7393
8477 7791
8064 6453
5278 5321
9742 9458
8457 6575
8813 8359
6095 8543
5183 8409
5074 7478
5003 9745
8428 6208
5517 7293
5696 7338
6709 5015
7572 9907
7152 5775
5660 7220
6550 7667
6715 7935
8289 5841
5341 9150
7206 6293
9749 8631
7950 6204
5975 7172
8424 9563
8503 6178
9518 8747
9179 7677
6278 7887
8017 9498
9436 7365
9236 9690
9703 5061
8911 5045
9428 9852
5417 7969
7909 5500
8992 5810
8475 8468
6196 8174
5641 7661
8094 5455
9868 6699
7687 5946
9353 8402
6945 9806
9204 8849
9651 8886
5487 5975
7358 6148
6064 8710
7447 6867
7736 8831
9081 9768
9292 7554
6541 8484
5313 5052
8131 8035
7589 9061
6333 9032
6100 7781
9652 9162
8361 7853
5018 6406
8413 6933
6576 7054
8386 9649
6888 8378
5325 5005
5704 8402
6080 6562
5609 8167
9440 7752
5526 5461
5519 5587
9633 6778
5028 8821
5933 9845
8913 6763
5661 5105
9066 9612
5973 8964
8437 9882
8496 7724
5027 7147
7727 7937
6325 6975
7887 5949
5295 5547
8413 7218
9016 8284
7050 5929
7281 9566
9882 9303
6169 8500
9996 6221
7457 9160
8098 8141
6512 5681
9948 8035
7799 5685
6710 5337
7716 8613
5994 8518
5563 9650
7914 6535
6178 7870
8996 9947
5419 9985
7836 7599
5835 8094
6661 8027
8635 6714
8488 7706
8869 9451
5194 7001
8864 5180
5946 7263
5019 8242
6557 7310
7305 8980
9048 8403
9816 7215
6732 8661
5505 9077
8344 7632
7188 8442
7100 6231
5466 5906
6375 5626
5919 9386
7826 8893
7493 9287
7420 8943
5558 7549
8479 9335
9401 5004
9674 9521
9851 8114
9116 9583
7178 6410
7331 8605
6568 9749
7932 8579
7597 5880
8380 6327
9670 7309
7087 9909
9122 5825
6126 8156
7831 5002
8914 9013
7953 8100
5970 8902
7530 5509
8939 9599
7819 6887
6228 7237
5955 9951
8448 8120
6476 6326
7215 9397
8154 7456
6363 7793
5767 5091
8536 7274
6171 7141
5405 5714
6424 5293
8572 7541
5716 6976
7359 6586
5495 7083
5177 6537
7700 5987
7647 9129
6899 7690
6712 8898
8611 6725
6216 7558
7075 5536
5278 8290
6417 5118
9379 5592
6734 9904
8373 8830
9991 8664
9015 5593
7460 5720
6605 9771
9535 5417
6523 5328
7108 8492
9415 5861
6824 8499
7247 6664
5712 5263
8992 7637
6188 5413
5883 5206
7664 8085
5557 5526
6219 9962
9592 5363
7650 7504
8731 8554
8883 6052
9289 9388
6778 5009
5233 6352
5093 5118
6147 5498
7101 8031
8640 8508
5443 8757
7290 7208
8958 9899
7550 6377
5461 6431
5066 5085
7564 6982
7203 6557
8119 7368
9741 9057
6680 7576
5187 5277
8728 5525
7993 8819
9799 7155
8612 7891
7464 5303
9662 7883
9958 5834
8549 8882
9833 9540
7816 7982
6402 6112
8467 8647
8396 9873
7176 5639
9759 7433
6756 7116
7501 6859
7236 8317
6455 5802
5777 9558
5657 6790
8304 9465
5672 7854
6606 7742
8087 5247
6820 6930
5376 7382
7025 8044
8362 7947
9573 8905
7199 5573
7860 5784
6993 6114
6752 8325
5103 6239
8654 8247
8777 7164
6575 6085
5316 5154
8578 9185
5160 6178
5480 9312
7500 8819
9837 8035
9915 5924
6286 7039
5824 5608
6615 6513
6343 5601
8445 6938
9230 7400
9172 5446
8759 7225
8593 6252
6177 8074
7411 5616
8384 5327
5459 9934
6026 5048
9674 7622
7219 9448
7251 8141
7086 6243
5102 8445
8497 8480
9684 8556
8345 6976
5711 5778
8290 5409
6107 8398
7576 6220
7444 5837
9279 7454
9450 5029
8189 8513
9475 5973
7320 7097
7961 6729
8915 9438
5624 9969
5721 7115
9685 9141
7022 6421
6722 6469
5728 5879
8332 8474
5710 9681
