200 527700
585 485
194 94
426 326
606 506
348 248
516 416
521 421
1092 992
422 322
749 649
895 795
337 237
143 43
557 457
945 845
915 815
1055 955
546 446
352 252
522 422
109 9
891 791
1001 901
459 359
222 122
767 667
194 94
698 598
838 738
107 7
674 574
644 544
815 715
434 334
982 882
866 766
467 367
1094 994
1084 984
993 893
399 299
733 633
533 433
231 131
782 682
528 428
172 72
800 700
974 874
717 617
238 138
974 874
956 856
820 720
245 145
519 419
1095 995
894 794
629 529
296 196
299 199
1097 997
377 277
216 116
197 97
1008 908
819 719
639 539
342 242
807 707
207 107
669 569
222 122
637 537
170 70
1031 931
198 98
826 726
700 600
587 487
745 645
872 772
367 267
613 513
1072 972
181 81
995 895
1043 943
313 213
158 58
848 748
403 303
587 487
864 764
1023 923
636 536
129 29
824 724
774 674
889 789
640 540
579 479
654 554
242 142
567 467
439 339
146 46
741 641
810 710
296 196
653 553
594 494
291 191
166 66
824 724
924 824
830 730
308 208
1088 988
811 711
190 90
900 800
440 340
414 314
649 549
389 289
296 196
501 401
965 865
566 466
778 678
789 689
670 570
933 833
1036 936
325 225
822 722
344 244
751 651
949 849
223 123
213 113
531 431
479 379
608 508
461 361
685 585
165 65
953 853
586 486
742 642
786 686
1092 992
386 286
825 725
989 889
386 286
124 24
912 812
591 491
959 859
991 891
763 663
190 90
188 88
281 181
279 179
314 214
287 187
117 17
719 619
572 472
361 261
518 418
946 846
519 419
292 192
456 356
361 261
782 682
614 514
406 306
986 886
301 201
630 530
485 385
949 849
1052 952
394 294
600 500
899 799
294 194
491 391
837 737
430 330
424 324
398 298
1092 992
890 790
324 224
5713 8123
5583 8113
7280 5352
5366 8235
5131 9241
6907 9604
9599 9181
8712 9459
7926 6397
8714 5514
9365 5621
8583 9306
7623 5243
7269 9718
5353 6716
5514 6577
7389 5078
9943 8272
5120 7696
5625 9280
5941 9553
7630 9761
7158 7765
7366 9302
8423 5318
9295 8048
8928 7244
9567 5191
8561 5331
5239 6424
9999 5774
8750 5597
6823 5302
8499 5430
8503 9006
9385 7646
5388 5804
5600 5194
7103 8170
7510 8213
6702 8714
6841 6060
6789 7968
8463 7323
9512 7008
5863 9689
7833 9546
8057 5268
8087 6097
9153 5181
7775 8168
5179 7419
6827 8284
7492 8978
9195 6090
9350 5041
8050 8320
6647 9310
7441 6516
8615 9150
9623 9326
5443 9371
9407 5858
6278 7787
8798 5722
8595 5734
6112 5762
6433 5321
6372 7223
6986 7412
5842 9881
8658 9663
7119 6731
9150 9322
9456 8754
7424 8872
7510 5242
5715 5062
5477 9647
5890 8456
5681 8442
7111 9877
9146 5234
5182 8863
7183 5809
7066 5697
6089 7688
5485 6742
7736 9802
8605 6064
7172 7961
5327 6949
8835 7048
9188 7980
5650 5197
9276 6629
8084 8567
7184 9313
9443 8844
9592 6722
8168 7855
9786 7129
5426 9974
6045 9069
8864 7961
7312 6366
8048 6918
5022 5275
6142 8459
7737 9094
5692 9324
7619 7372
9888 6737
8743 8993
7439 9686
7285 7426
5349 9854
5438 8242
8629 8544
6988 8120
7277 8918
9131 8197
6591 8798
6913 7962
6771 6190
5068 7400
5011 10000
6624 9076
5100 7901
7123 8270
6218 9880
9015 7051
5937 5055
8577 8183
7114 9811
9518 6821
6832 6937
7163 8475
9184 7898
9061 8484
6522 6005
5446 7954
6770 9216
6021 5188
9551 5934
8119 6034
7328 5014
6787 6427
9975 7735
8314 5350
8313 9082
9101 9354
7443 7972
9016 7140
8292 9818
8063 5945
6716 7872
9367 7836
5362 8276
9711 5837
8619 7205
6551 6101
9875 6494
8743 9575
7359 9227
7198 7283
7845 9676
7012 5660
6469 5159
7549 7059
9466 9317
8505 8292
8165 6675
6574 6762
6482 5172
7789 5681
9459 8230
9299 8344
9914 9350
6438 7689
5743 7418
9622 5628
7007 5446
6427 9399
9172 5113
6111 6725
5306 6623
8204 7221
5172 9219
8098 6597
9524 7126
9230 8979
8995 6885
8972 8775
6096 5830
7583 7784
8399 5889
5868 7409
6732 8771
7503 5767
