
100 675400
482 485
257 326
286 248
517 421
404 322
713 795
45 43
924 845
873 955
160 252
1 9
838 901
40 122
58 94
676 738
627 574
766 715
862 882
405 367
923 984
379 299
461 433
612 682
133 72
813 874
97 138
908 856
165 145
996 995
623 529
220 199
298 277
157 97
723 719
144 242
48 107
129 122
148 70
35 98
644 600
632 645
272 267
1040 972
977 895
312 213
778 748
567 487
965 923
1 29
616 674
569 540
628 554
493 467
76 46
733 710
575 553
288 191
775 724
723 730
912 988
64 90
354 340
565 549
210 196
922 865
775 678
566 570
934 936
626 722
742 651
194 123
485 431
483 508
617 585
876 853
653 642
896 992
652 725
220 286
727 812
900 859
563 663
56 88
157 179
280 187
537 619
284 261
920 846
124 192
239 261
459 514
931 886
504 530
910 849
382 294
795 799
485 391
351 330
289 298
865 790
9576 8463
9915 8873
9000 9888
7536 7269
5015 7433
7419 7184
7691 6902
7372 6861
7202 5068
5903 7748
9103 5072
5947 8392
8221 9754
5655 6431
5311 7280
8296 9497
8631 5534
7472 9185
6234 8287
7325 5082
8846 5868
6582 8423
6564 7302
9943 9818
9012 5674
9563 9880
5298 6439
7970 8028
5159 9025
9028 6568
5750 8076
7656 5910
6300 7109
6731 6095
6692 5436
9105 8495
8119 8252
5052 7928
9654 8370
6457 5452
8929 9406
7195 7388
6949 6522
7181 6088
9908 6994
8055 9973
8101 7674
8927 7673
9414 6502
5242 9437
7936 7718
9083 7392
6105 7868
6809 9242
7366 6358
6199 6642
9271 8832
7540 5543
5229 8341
7911 8253
7570 7589
6330 5319
5889 6260
5199 6917
6152 9335
5683 5458
6591 6950
6446 5659
5811 6393
6075 5544
8788 5098
6911 9215
9919 7860
5664 8517
7045 5525
5781 7554
5406 8440
6119 7924
6819 6488
5642 6312
6856 7236
9024 5274
5436 7804
6423 7636
5739 6629
8426 9530
5132 8821
8112 6337
9871 5726
5095 7804
6367 9952
7267 8749
6799 9798
6046 5713
6861 7217
6200 9668
9026 9175
5337 5615
7101 5624
8757 6979
