
200 813400
585 485
194 94
426 326
606 506
348 248
516 416
521 421
1092 992
422 322
749 649
895 795
337 237
143 43
557 457
945 845
915 815
1055 955
546 446
352 252
522 422
109 9
891 791
1001 901
459 359
222 122
767 667
194 94
698 598
838 738
107 7
674 574
644 544
815 715
434 334
982 882
866 766
467 367
1094 994
1084 984
993 893
399 299
733 633
533 433
231 131
782 682
528 428
172 72
800 700
974 874
717 617
238 138
974 874
956 856
820 720
245 145
519 419
1095 995
894 794
629 529
296 196
299 199
1097 997
377 277
216 116
197 97
1008 908
819 719
639 539
342 242
807 707
207 107
669 569
222 122
637 537
170 70
1031 931
198 98
826 726
700 600
587 487
745 645
872 772
367 267
613 513
1072 972
181 81
995 895
1043 943
313 213
158 58
848 748
403 303
587 487
864 764
1023 923
636 536
129 29
824 724
774 674
889 789
640 540
579 479
654 554
242 142
567 467
439 339
146 46
741 641
810 710
296 196
653 553
594 494
291 191
166 66
824 724
924 824
830 730
308 208
1088 988
811 711
190 90
900 800
440 340
414 314
649 549
389 289
296 196
501 401
965 865
566 466
778 678
789 689
670 570
933 833
1036 936
325 225
822 722
344 244
751 651
949 849
223 123
213 113
531 431
479 379
608 508
461 361
685 585
165 65
953 853
586 486
742 642
786 686
1092 992
386 286
825 725
989 889
386 286
124 24
912 812
591 491
959 859
991 891
763 663
190 90
188 88
281 181
279 179
314 214
287 187
117 17
719 619
572 472
361 261
518 418
946 846
519 419
292 192
456 356
361 261
782 682
614 514
406 306
986 886
301 201
630 530
485 385
949 849
1052 952
394 294
600 500
899 799
294 194
491 391
837 737
430 330
424 324
398 298
1092 992
890 790
324 224
8815 6222
6461 9940
8965 6788
6139 9103
7898 9086
9704 8339
8596 6961
6834 6328
6020 6122
9849 5626
8405 9315
5104 5819
6607 6921
6316 9183
6692 5332
7682 5533
6463 7615
9166 9663
8522 5458
5777 9696
5158 8040
7137 6957
7203 8559
9558 6074
6053 5773
7769 8604
9074 6378
6310 5300
9779 5757
6896 8023
6784 8591
5661 5546
8867 7215
9546 5154
5657 8151
7172 8872
8871 5977
5744 8856
7415 6429
6658 8055
9380 5650
8079 6141
8891 6570
8154 8576
9061 7874
8806 7421
6873 7473
9455 7549
8642 7087
6249 8636
6961 5173
8040 6177
7272 6928
8469 7357
5774 9101
9396 6229
7137 5400
8819 5894
7704 7874
8022 8127
7851 9713
6240 8824
5694 5666
9611 8453
5123 6170
9996 5648
9078 9184
8097 5064
8603 8637
5303 6554
5730 8433
5813 5790
7928 8022
5357 6826
9155 8521
5288 5194
9382 5277
6730 8091
6715 8606
7000 5578
5926 6180
7385 9602
9263 9932
7029 9460
7755 8600
9215 7514
7607 9588
7437 9068
6803 5760
5421 5907
9439 6181
9494 6833
9619 8307
8798 9092
6262 9419
8843 8467
8027 5301
7775 6523
6232 6449
9481 9069
7683 9990
6917 9897
5424 8631
8585 8078
6946 7044
8553 7942
9100 9984
8218 8315
8578 7640
7827 7443
6420 7990
8999 5730
6851 5568
7707 9036
8675 8551
7685 9996
9308 7429
8241 6351
8674 6918
5280 6820
5962 7543
9872 5293
7256 6775
7422 8374
7056 8403
9521 5126
8294 7128
9282 7295
8626 7748
5988 7237
6742 7526
8626 7202
8329 6474
8058 8407
5789 9801
5818 9650
9846 8572
8909 6237
7122 6643
7029 8744
9755 8359
7682 7326
5724 5560
9490 8020
5981 9914
5574 5255
5763 8679
8084 8581
7247 7834
6751 7876
8336 7003
6993 6243
9460 5284
9414 9487
6222 8789
5566 8487
5549 8940
9311 5456
7686 5211
9105 8494
8658 6963
5977 9882
7387 7921
9004 9933
6960 5338
8348 7301
5079 5210
6121 9077
9193 8823
5381 8928
9045 9031
9884 8882
5180 8522
9349 7659
8407 5364
5267 8544
9809 5326
9151 5681
5209 6593
8087 9834
6382 8957
5226 5067
8433 7302
6363 7763
6881 8462
9800 9495
8303 9494
8510 7320
7720 7795
5563 8481
6705 7507
8577 7411
9073 9055
6853 7463
7501 5184
7732 6002
8532 5714
9936 6407
9241 5431
6023 8359
