5000 698800
585 485
194 94
426 326
606 506
348 248
516 416
521 421
1092 992
422 322
749 649
895 795
337 237
143 43
557 457
945 845
915 815
1055 955
546 446
352 252
522 422
109 9
891 791
1001 901
459 359
222 122
767 667
194 94
698 598
838 738
107 7
674 574
644 544
815 715
434 334
982 882
866 766
467 367
1094 994
1084 984
993 893
399 299
733 633
533 433
231 131
782 682
528 428
172 72
800 700
974 874
717 617
238 138
974 874
956 856
820 720
245 145
519 419
1095 995
894 794
629 529
296 196
299 199
1097 997
377 277
216 116
197 97
1008 908
819 719
639 539
342 242
807 707
207 107
669 569
222 122
637 537
170 70
1031 931
198 98
826 726
700 600
587 487
745 645
872 772
367 267
613 513
1072 972
181 81
995 895
1043 943
313 213
158 58
848 748
403 303
587 487
864 764
1023 923
636 536
129 29
824 724
774 674
889 789
640 540
579 479
654 554
242 142
567 467
439 339
146 46
741 641
810 710
296 196
653 553
594 494
291 191
166 66
824 724
924 824
830 730
308 208
1088 988
811 711
190 90
900 800
440 340
414 314
649 549
389 289
296 196
501 401
965 865
566 466
778 678
789 689
670 570
933 833
1036 936
325 225
822 722
344 244
751 651
949 849
223 123
213 113
531 431
479 379
608 508
461 361
685 585
165 65
953 853
586 486
742 642
786 686
1092 992
386 286
825 725
989 889
386 286
124 24
912 812
591 491
959 859
991 891
763 663
190 90
188 88
281 181
279 179
314 214
287 187
117 17
719 619
572 472
361 261
518 418
946 846
519 419
292 192
456 356
361 261
782 682
614 514
406 306
986 886
301 201
630 530
485 385
949 849
1052 952
394 294
600 500
899 799
294 194
491 391
837 737
430 330
424 324
398 298
1092 992
890 790
324 224
375 275
360 260
926 826
197 97
172 72
310 210
966 866
749 649
1051 951
1019 919
848 748
163 63
785 685
1058 958
1056 956
904 804
664 564
618 518
283 183
528 428
500 400
637 537
821 721
446 346
307 207
253 153
423 323
1071 971
711 611
762 662
216 116
297 197
209 109
191 91
895 795
629 529
443 343
226 126
962 862
847 747
785 685
569 469
110 10
870 770
981 881
1034 934
1084 984
823 723
503 403
995 895
460 360
668 568
549 449
272 172
641 541
1058 958
372 272
483 383
977 877
408 308
459 359
1070 970
807 707
683 583
408 308
148 48
870 770
1030 930
130 30
669 569
308 208
103 3
411 311
120 20
200 100
709 609
1039 939
987 887
522 422
925 825
885 785
1030 930
470 370
1004 904
1089 989
341 241
1069 969
479 379
243 143
476 376
1072 972
1062 962
128 28
989 889
161 61
543 443
738 638
316 216
448 348
438 338
447 347
260 160
166 66
506 406
491 391
259 159
738 638
131 31
395 295
304 204
926 826
520 420
296 196
253 153
549 449
525 425
955 855
431 331
243 143
665 565
587 487
938 838
240 140
109 9
664 564
1018 918
715 615
633 533
235 135
332 232
664 564
1057 957
460 360
691 591
893 793
676 576
263 163
846 746
959 859
477 377
860 760
958 858
811 711
186 86
762 662
534 434
259 159
658 558
760 660
379 279
368 268
940 840
1048 948
835 735
415 315
674 574
776 676
226 126
441 341
1012 912
789 689
839 739
994 894
921 821
806 706
725 625
590 490
1017 917
578 478
301 201
771 671
1093 993
1032 932
249 149
999 899
152 52
337 237
859 759
287 187
367 267
572 472
356 256
872 772
883 783
198 98
217 117
1006 906
616 516
1011 911
280 180
735 635
125 25
325 225
480 380
923 823
812 712
264 164
366 266
443 343
316 216
832 732
548 448
602 502
641 541
840 740
764 664
676 576
1054 954
712 612
826 726
1002 902
872 772
554 454
631 531
511 411
1043 943
1073 973
850 750
803 703
427 327
950 850
1017 917
177 77
105 5
320 220
213 113
902 802
1013 913
503 403
891 791
281 181
1098 998
110 10
959 859
625 525
445 345
1019 919
531 431
768 668
775 675
627 527
933 833
562 462
538 438
391 291
623 523
705 605
1016 916
557 457
520 420
505 405
215 115
517 417
760 660
379 279
361 261
785 685
872 772
696 596
488 388
407 307
864 764
324 224
943 843
422 322
306 206
940 840
507 407
1075 975
739 639
501 401
952 852
191 91
642 542
427 327
160 60
430 330
857 757
282 182
182 82
703 603
737 637
893 793
193 93
715 615
714 614
833 733
236 136
964 864
287 187
116 16
202 102
963 863
1072 972
1087 987
263 163
406 306
601 501
134 34
577 477
940 840
592 492
800 700
221 121
806 706
180 80
887 787
238 138
205 105
760 660
934 834
329 229
898 798
927 827
410 310
548 448
709 609
330 230
790 690
932 832
661 561
589 489
679 579
686 586
160 60
391 291
488 388
765 665
409 309
760 660
507 407
802 702
300 200
253 153
413 313
706 606
1070 970
223 123
133 33
353 253
373 273
809 709
377 277
932 832
1097 997
208 108
140 40
988 888
327 227
581 481
960 860
383 283
1040 940
958 858
708 608
384 284
1090 990
811 711
690 590
950 850
906 806
339 239
152 52
1043 943
901 801
295 195
864 764
195 95
810 710
510 410
486 386
764 664
693 593
1000 900
150 50
212 112
594 494
1063 963
256 156
854 754
1036 936
558 458
1065 965
119 19
186 86
325 225
823 723
669 569
284 184
197 97
968 868
294 194
440 340
854 754
512 412
702 602
587 487
161 61
309 209
795 695
446 346
447 347
960 860
819 719
407 307
200 100
195 95
197 97
921 821
943 843
1041 941
845 745
921 821
386 286
687 587
592 492
301 201
216 116
765 665
631 531
627 527
524 424
912 812
353 253
524 424
526 426
559 459
513 413
443 343
1080 980
936 836
391 291
606 506
933 833
279 179
586 486
1016 916
109 9
530 430
675 575
696 596
1022 922
908 808
245 145
369 269
997 897
612 512
504 404
911 811
842 742
785 685
828 728
667 567
369 269
876 776
203 103
955 855
845 745
818 718
135 35
953 853
879 779
197 97
171 71
246 146
180 80
846 746
942 842
115 15
228 128
1065 965
1041 941
612 512
327 227
580 480
130 30
1058 958
442 342
765 665
705 605
291 191
631 531
1064 964
464 364
615 515
459 359
706 606
967 867
922 822
920 820
636 536
413 313
793 693
307 207
119 19
1011 911
435 335
408 308
201 101
530 430
1022 922
785 685
394 294
741 641
1010 910
213 113
510 410
241 141
350 250
790 690
646 546
800 700
829 729
659 559
709 609
581 481
820 720
603 503
1076 976
866 766
859 759
107 7
898 798
982 882
174 74
959 859
748 648
282 182
399 299
525 425
885 785
642 542
946 846
783 683
490 390
953 853
997 897
1038 938
516 416
189 89
937 837
724 624
347 247
281 181
393 293
978 878
244 144
1033 933
1038 938
680 580
567 467
352 252
580 480
307 207
1055 955
758 658
765 665
120 20
126 26
1054 954
664 564
447 347
549 449
859 759
126 26
546 446
621 521
114 14
401 301
757 657
421 321
810 710
713 613
1080 980
488 388
288 188
979 879
736 636
1090 990
303 203
288 188
532 432
1063 963
229 129
920 820
730 630
400 300
609 509
922 822
337 237
355 255
473 373
377 277
938 838
253 153
495 395
500 400
792 692
327 227
203 103
618 518
318 218
547 447
484 384
415 315
1031 931
913 813
496 396
424 324
489 389
602 502
740 640
399 299
387 287
880 780
397 297
476 376
1077 977
616 516
612 512
312 212
319 219
429 329
655 555
910 810
498 398
586 486
389 289
585 485
898 798
516 416
698 598
1052 952
149 49
994 894
672 572
458 358
797 697
121 21
870 770
747 647
825 725
144 44
642 542
783 683
314 214
461 361
987 887
914 814
145 45
331 231
194 94
108 8
382 282
265 165
182 82
596 496
419 319
799 699
726 626
952 852
246 146
559 459
641 541
635 535
974 874
414 314
825 725
1044 944
877 777
406 306
654 554
559 459
308 208
737 637
887 787
547 447
1076 976
508 408
1012 912
207 107
544 444
1062 962
103 3
665 565
401 301
507 407
264 164
957 857
537 437
417 317
752 652
198 98
864 764
918 818
141 41
700 600
837 737
388 288
276 176
1002 902
236 136
667 567
228 128
290 190
494 394
849 749
335 235
1008 908
142 42
376 276
924 824
848 748
784 684
692 592
1079 979
493 393
668 568
463 363
467 367
263 163
152 52
1083 983
742 642
279 179
435 335
116 16
226 126
578 478
230 130
359 259
683 583
968 868
229 129
395 295
852 752
696 596
267 167
171 71
956 856
722 622
740 640
964 864
870 770
744 644
531 431
105 5
295 195
465 365
548 448
529 429
801 701
164 64
1052 952
954 854
980 880
870 770
268 168
188 88
179 79
257 157
1061 961
468 368
572 472
521 421
317 217
819 719
809 709
371 271
247 147
1075 975
396 296
916 816
1009 909
1062 962
864 764
635 535
351 251
538 438
978 878
796 696
853 753
981 881
670 570
418 318
353 253
145 45
766 666
152 52
1031 931
596 496
533 433
413 313
910 810
238 138
778 678
434 334
223 123
1088 988
312 212
608 508
166 66
870 770
306 206
851 751
850 750
880 780
164 64
541 441
566 466
307 207
437 337
616 516
610 510
774 674
896 796
508 408
275 175
1020 920
537 437
673 573
1038 938
734 634
948 848
978 878
661 561
1090 990
818 718
926 826
1048 948
796 696
749 649
900 800
669 569
511 411
763 663
522 422
682 582
807 707
943 843
434 334
302 202
1086 986
802 702
594 494
679 579
250 150
825 725
662 562
903 803
480 380
440 340
932 832
256 156
1079 979
932 832
476 376
702 602
611 511
334 234
514 414
788 688
260 160
284 184
1082 982
1078 978
338 238
513 413
590 490
733 633
999 899
685 585
351 251
706 606
626 526
1063 963
997 897
450 350
139 39
342 242
757 657
639 539
552 452
839 739
638 538
367 267
931 831
265 165
560 460
277 177
285 185
820 720
1034 934
902 802
540 440
744 644
590 490
182 82
268 168
898 798
171 71
297 197
1077 977
273 173
558 458
181 81
304 204
335 235
903 803
212 112
239 139
203 103
499 399
368 268
520 420
979 879
1091 991
743 643
678 578
206 106
1072 972
222 122
277 177
544 444
498 398
362 262
448 348
791 691
596 496
1097 997
376 276
546 446
925 825
271 171
714 614
649 549
221 121
381 281
830 730
311 211
441 341
212 112
384 284
508 408
798 698
830 730
117 17
463 363
646 546
189 89
772 672
705 605
1074 974
1038 938
966 866
268 168
477 377
805 705
659 559
147 47
440 340
500 400
627 527
315 215
879 779
214 114
861 761
151 51
583 483
981 881
192 92
649 549
490 390
779 679
683 583
428 328
761 661
350 250
491 391
303 203
436 336
581 481
761 661
852 752
225 125
807 707
189 89
182 82
375 275
163 63
459 359
760 660
278 178
121 21
880 780
387 287
142 42
319 219
105 5
600 500
480 380
920 820
872 772
195 95
916 816
144 44
109 9
848 748
584 484
778 678
645 545
376 276
689 589
578 478
257 157
763 663
1001 901
694 594
877 777
857 757
174 74
1047 947
347 247
548 448
155 55
670 570
579 479
413 313
885 785
1081 981
1058 958
895 795
780 680
652 552
493 393
489 389
1044 944
380 280
696 596
964 864
719 619
736 636
711 611
612 512
952 852
992 892
383 283
284 184
399 299
1047 947
866 766
714 614
412 312
725 625
926 826
249 149
826 726
477 377
833 733
574 474
905 805
118 18
779 679
762 662
503 403
516 416
1064 964
101 1
437 337
630 530
641 541
852 752
578 478
122 22
469 369
1081 981
1046 946
877 777
921 821
1057 957
933 833
375 275
937 837
684 584
590 490
682 582
137 37
221 121
694 594
1051 951
229 129
768 668
358 258
218 118
346 246
419 319
462 362
996 896
855 755
621 521
604 504
1048 948
171 71
348 248
277 177
574 474
276 176
451 351
903 803
154 54
337 237
255 155
777 677
760 660
133 33
971 871
215 115
586 486
697 597
394 294
869 769
525 425
636 536
345 245
1056 956
482 382
441 341
471 371
284 184
808 708
334 234
644 544
669 569
894 794
316 216
487 387
637 537
838 738
184 84
620 520
910 810
381 281
757 657
602 502
133 33
191 91
259 159
603 503
620 520
1024 924
768 668
116 16
387 287
133 33
329 229
444 344
474 374
449 349
574 474
706 606
772 672
996 896
1015 915
695 595
611 511
541 441
223 123
202 102
669 569
152 52
299 199
754 654
496 396
810 710
815 715
534 434
159 59
345 245
710 610
136 36
1017 917
761 661
1027 927
513 413
370 270
113 13
217 117
470 370
616 516
500 400
315 215
295 195
316 216
1084 984
337 237
576 476
715 615
264 164
599 499
505 405
577 477
774 674
860 760
296 196
385 285
708 608
156 56
1007 907
1066 966
632 532
722 622
151 51
321 221
816 716
294 194
427 327
191 91
980 880
447 347
810 710
352 252
367 267
573 473
500 400
616 516
476 376
485 385
709 609
457 357
420 320
1058 958
296 196
765 665
638 538
892 792
1035 935
164 64
504 404
520 420
200 100
771 671
226 126
1068 968
955 855
977 877
194 94
277 177
831 731
623 523
353 253
239 139
108 8
252 152
493 393
832 732
643 543
346 246
448 348
665 565
418 318
840 740
589 489
1002 902
122 22
117 17
1098 998
1073 973
149 49
398 298
481 381
711 611
110 10
132 32
529 429
111 11
321 221
437 337
250 150
236 136
817 717
989 889
630 530
622 522
432 332
905 805
1042 942
128 28
665 565
1031 931
316 216
857 757
161 61
709 609
270 170
644 544
972 872
1005 905
744 644
695 595
308 208
346 246
780 680
213 113
797 697
275 175
739 639
256 156
779 679
344 244
1061 961
983 883
461 361
365 265
902 802
983 883
459 359
562 462
939 839
585 485
818 718
372 272
380 280
304 204
352 252
1084 984
380 280
509 409
202 102
498 398
715 615
1009 909
396 296
470 370
581 481
982 882
1056 956
314 214
330 230
866 766
359 259
135 35
1022 922
521 421
806 706
371 271
372 272
470 370
256 156
948 848
652 552
150 50
585 485
1076 976
636 536
370 270
170 70
896 796
1002 902
1063 963
552 452
479 379
135 35
1091 991
1047 947
651 551
478 378
997 897
157 57
407 307
452 352
521 421
769 669
174 74
802 702
488 388
241 141
659 559
558 458
1080 980
563 463
715 615
856 756
781 681
987 887
331 231
432 332
307 207
628 528
918 818
756 656
431 331
354 254
1079 979
887 787
545 445
595 495
448 348
470 370
824 724
110 10
501 401
300 200
746 646
427 327
768 668
117 17
342 242
474 374
402 302
855 755
961 861
1080 980
930 830
476 376
177 77
108 8
541 441
132 32
689 589
560 460
1090 990
904 804
289 189
123 23
968 868
969 869
1096 996
1043 943
463 363
815 715
337 237
728 628
520 420
173 73
665 565
299 199
314 214
138 38
433 333
309 209
826 726
427 327
275 175
1012 912
158 58
899 799
725 625
472 372
166 66
1076 976
269 169
220 120
575 475
767 667
304 204
288 188
190 90
128 28
596 496
804 704
101 1
749 649
574 474
846 746
549 449
797 697
352 252
812 712
432 332
389 289
387 287
725 625
289 189
1053 953
989 889
562 462
163 63
402 302
478 378
179 79
306 206
141 41
997 897
923 823
330 230
1008 908
482 382
765 665
675 575
136 36
160 60
832 732
629 529
909 809
577 477
166 66
390 290
391 291
189 89
691 591
1061 961
683 583
561 461
352 252
802 702
579 479
632 532
630 530
780 680
324 224
153 53
888 788
742 642
409 309
1100 1000
466 366
991 891
452 352
922 822
502 402
252 152
645 545
424 324
213 113
733 633
1067 967
367 267
554 454
481 381
823 723
372 272
114 14
606 506
120 20
519 419
408 308
561 461
744 644
626 526
813 713
1078 978
582 482
568 468
436 336
829 729
389 289
895 795
596 496
681 581
426 326
483 383
630 530
326 226
267 167
521 421
622 522
486 386
930 830
373 273
191 91
584 484
216 116
776 676
847 747
207 107
495 395
329 229
1058 958
1002 902
856 756
1062 962
362 262
205 105
803 703
184 84
611 511
1091 991
581 481
801 701
549 449
789 689
988 888
755 655
699 599
700 600
406 306
638 538
592 492
599 499
903 803
981 881
545 445
1081 981
416 316
573 473
989 889
483 383
885 785
779 679
865 765
673 573
591 491
689 589
689 589
580 480
224 124
245 145
841 741
724 624
998 898
1023 923
825 725
1015 915
782 682
332 232
231 131
1074 974
498 398
835 735
1006 906
778 678
853 753
740 640
412 312
744 644
890 790
312 212
401 301
223 123
1045 945
353 253
547 447
1043 943
297 197
118 18
127 27
1016 916
673 573
427 327
689 589
740 640
1034 934
715 615
309 209
570 470
629 529
755 655
999 899
388 288
115 15
501 401
692 592
940 840
192 92
733 633
675 575
807 707
914 814
524 424
454 354
782 682
227 127
294 194
474 374
955 855
666 566
290 190
694 594
828 728
1073 973
278 178
745 645
375 275
703 603
188 88
812 712
467 367
132 32
644 544
398 298
838 738
661 561
1063 963
1006 906
560 460
726 626
366 266
243 143
827 727
604 504
133 33
936 836
542 442
461 361
728 628
531 431
484 384
654 554
344 244
124 24
582 482
516 416
865 765
835 735
546 446
343 243
347 247
554 454
1013 913
1032 932
660 560
594 494
628 528
748 648
694 594
457 357
1035 935
696 596
562 462
888 788
721 621
636 536
760 660
859 759
664 564
300 200
402 302
666 566
1036 936
841 741
692 592
317 217
824 724
319 219
218 118
932 832
399 299
919 819
351 251
587 487
229 129
573 473
196 96
341 241
267 167
164 64
269 169
616 516
481 381
957 857
1076 976
318 218
867 767
590 490
937 837
604 504
507 407
807 707
303 203
442 342
487 387
575 475
835 735
275 175
806 706
886 786
435 335
271 171
140 40
332 232
921 821
988 888
231 131
966 866
259 159
1076 976
1078 978
353 253
153 53
719 619
949 849
742 642
578 478
560 460
119 19
318 218
330 230
318 218
553 453
767 667
436 336
1049 949
1031 931
189 89
688 588
588 488
549 449
668 568
666 566
626 526
372 272
960 860
983 883
104 4
831 731
872 772
180 80
834 734
313 213
359 259
277 177
370 270
972 872
106 6
726 626
524 424
1040 940
304 204
250 150
413 313
479 379
259 159
933 833
305 205
617 517
125 25
824 724
1051 951
1073 973
821 721
681 581
735 635
939 839
393 293
372 272
812 712
512 412
510 410
939 839
565 465
592 492
466 366
653 553
174 74
818 718
123 23
838 738
516 416
939 839
864 764
490 390
149 49
688 588
917 817
623 523
607 507
730 630
252 152
870 770
356 256
846 746
662 562
149 49
595 495
469 369
514 414
637 537
178 78
215 115
1012 912
315 215
159 59
1071 971
359 259
702 602
358 258
651 551
941 841
140 40
237 137
594 494
690 590
352 252
483 383
258 158
969 869
172 72
1039 939
277 177
382 282
767 667
980 880
583 483
579 479
915 815
554 454
119 19
830 730
845 745
656 556
439 339
295 195
714 614
509 409
402 302
680 580
419 319
199 99
770 670
1013 913
613 513
898 798
666 566
418 318
127 27
890 790
422 322
444 344
745 645
180 80
310 210
568 468
941 841
1022 922
1025 925
279 179
621 521
447 347
1075 975
331 231
369 269
697 597
1029 929
707 607
578 478
1003 903
1070 970
410 310
784 684
323 223
331 231
110 10
773 673
945 845
448 348
1005 905
332 232
158 58
827 727
193 93
697 597
859 759
497 397
1012 912
639 539
1006 906
1007 907
143 43
992 892
176 76
799 699
652 552
508 408
770 670
461 361
771 671
889 789
453 353
629 529
937 837
290 190
112 12
980 880
989 889
336 236
1012 912
815 715
477 377
818 718
156 56
539 439
685 585
914 814
952 852
1002 902
815 715
758 658
521 421
510 410
430 330
512 412
151 51
190 90
940 840
778 678
797 697
1051 951
948 848
137 37
926 826
693 593
298 198
837 737
441 341
311 211
374 274
234 134
840 740
947 847
439 339
590 490
975 875
195 95
500 400
535 435
703 603
837 737
574 474
960 860
226 126
410 310
1073 973
648 548
1073 973
1084 984
681 581
760 660
888 788
186 86
729 629
735 635
899 799
1041 941
575 475
156 56
1059 959
472 372
180 80
750 650
1017 917
1064 964
191 91
835 735
883 783
782 682
873 773
251 151
812 712
383 283
755 655
873 773
1053 953
743 643
379 279
998 898
801 701
917 817
806 706
369 269
247 147
831 731
455 355
607 507
200 100
941 841
598 498
307 207
361 261
852 752
691 591
418 318
730 630
226 126
474 374
253 153
1060 960
201 101
1017 917
660 560
506 406
843 743
859 759
916 816
718 618
1080 980
1081 981
101 1
741 641
182 82
231 131
986 886
1020 920
477 377
634 534
565 465
553 453
853 753
497 397
942 842
151 51
647 547
401 301
680 580
297 197
854 754
1010 910
137 37
311 211
648 548
951 851
996 896
142 42
756 656
1019 919
637 537
130 30
178 78
774 674
640 540
1079 979
697 597
864 764
414 314
1037 937
945 845
756 656
461 361
690 590
1030 930
437 337
754 654
1097 997
941 841
743 643
910 810
752 652
198 98
732 632
914 814
927 827
998 898
759 659
337 237
156 56
336 236
197 97
497 397
404 304
568 468
871 771
260 160
780 680
268 168
444 344
289 189
661 561
223 123
732 632
883 783
766 666
1091 991
335 235
875 775
171 71
665 565
427 327
1006 906
924 824
704 604
101 1
333 233
1048 948
793 693
951 851
309 209
880 780
379 279
703 603
331 231
480 380
775 675
184 84
470 370
784 684
914 814
857 757
376 276
705 605
338 238
404 304
810 710
458 358
1031 931
394 294
979 879
842 742
592 492
137 37
181 81
104 4
447 347
807 707
517 417
231 131
682 582
760 660
901 801
189 89
295 195
555 455
503 403
403 303
347 247
780 680
456 356
1070 970
727 627
1034 934
958 858
1051 951
903 803
504 404
336 236
546 446
672 572
449 349
585 485
193 93
686 586
772 672
848 748
258 158
335 235
872 772
959 859
991 891
888 788
632 532
445 345
721 621
961 861
447 347
442 342
327 227
879 779
655 555
695 595
116 16
1063 963
403 303
360 260
1041 941
466 366
933 833
935 835
290 190
833 733
722 622
934 834
445 345
542 442
993 893
873 773
292 192
980 880
530 430
973 873
260 160
893 793
867 767
273 173
270 170
502 402
910 810
160 60
418 318
728 628
790 690
119 19
324 224
246 146
152 52
785 685
511 411
238 138
303 203
693 593
885 785
302 202
319 219
600 500
161 61
189 89
1019 919
533 433
291 191
163 63
811 711
614 514
394 294
965 865
1037 937
493 393
353 253
369 269
203 103
211 111
416 316
714 614
725 625
372 272
739 639
1073 973
741 641
709 609
239 139
336 236
145 45
596 496
416 316
124 24
318 218
971 871
393 293
327 227
847 747
520 420
979 879
950 850
733 633
227 127
110 10
270 170
456 356
324 224
765 665
822 722
636 536
289 189
923 823
697 597
703 603
386 286
492 392
122 22
358 258
1057 957
871 771
636 536
920 820
321 221
239 139
381 281
666 566
338 238
329 229
631 531
425 325
549 449
904 804
835 735
886 786
770 670
1083 983
746 646
947 847
372 272
488 388
705 605
732 632
494 394
353 253
608 508
505 405
637 537
237 137
1055 955
383 283
577 477
778 678
1069 969
759 659
792 692
806 706
1063 963
886 786
929 829
413 313
738 638
243 143
306 206
813 713
285 185
344 244
287 187
589 489
229 129
944 844
400 300
996 896
214 114
702 602
405 305
310 210
299 199
1030 930
1016 916
792 692
939 839
557 457
999 899
341 241
552 452
1050 950
285 185
329 229
661 561
312 212
948 848
322 222
291 191
132 32
930 830
847 747
960 860
969 869
973 873
345 245
749 649
675 575
691 591
918 818
1074 974
304 204
1074 974
684 584
552 452
922 822
497 397
298 198
450 350
1042 942
697 597
1042 942
113 13
999 899
492 392
475 375
443 343
427 327
856 756
579 479
487 387
166 66
1024 924
1050 950
288 188
564 464
168 68
386 286
652 552
673 573
266 166
394 294
535 435
237 137
114 14
657 557
897 797
523 423
354 254
527 427
400 300
195 95
531 431
815 715
467 367
503 403
297 197
553 453
333 233
835 735
249 149
101 1
162 62
245 145
138 38
882 782
169 69
948 848
525 425
556 456
910 810
590 490
978 878
779 679
603 503
561 461
408 308
944 844
898 798
170 70
537 437
699 599
898 798
988 888
136 36
495 395
683 583
833 733
512 412
895 795
295 195
468 368
978 878
194 94
488 388
214 114
538 438
146 46
632 532
895 795
103 3
683 583
368 268
421 321
517 417
814 714
377 277
432 332
329 229
357 257
545 445
1006 906
480 380
401 301
1074 974
377 277
348 248
751 651
533 433
318 218
1100 1000
209 109
974 874
658 558
1039 939
488 388
860 760
221 121
573 473
472 372
911 811
328 228
866 766
308 208
406 306
426 326
656 556
672 572
621 521
150 50
464 364
853 753
560 460
177 77
236 136
366 266
558 458
327 227
884 784
602 502
748 648
437 337
883 783
131 31
1060 960
729 629
237 137
315 215
691 591
453 353
975 875
374 274
540 440
443 343
363 263
858 758
140 40
938 838
935 835
578 478
1043 943
695 595
849 749
355 255
363 263
431 331
697 597
462 362
105 5
184 84
1099 999
116 16
261 161
559 459
135 35
320 220
991 891
116 16
559 459
965 865
1096 996
819 719
692 592
392 292
154 54
275 175
1085 985
561 461
501 401
401 301
398 298
859 759
559 459
815 715
177 77
307 207
711 611
229 129
259 159
781 681
567 467
361 261
837 737
993 893
995 895
499 399
149 49
477 377
482 382
289 189
385 285
460 360
488 388
114 14
1072 972
828 728
365 265
414 314
829 729
325 225
910 810
634 534
1073 973
1014 914
918 818
194 94
395 295
649 549
632 532
774 674
158 58
534 434
836 736
311 211
287 187
1086 986
996 896
963 863
1098 998
902 802
1097 997
379 279
576 476
131 31
359 259
910 810
575 475
1068 968
594 494
287 187
230 130
891 791
251 151
290 190
739 639
510 410
955 855
692 592
580 480
986 886
578 478
975 875
486 386
863 763
772 672
452 352
461 361
158 58
994 894
915 815
560 460
662 562
248 148
671 571
760 660
422 322
728 628
565 465
429 329
518 418
1075 975
298 198
101 1
654 554
607 507
756 656
850 750
208 108
209 109
553 453
1015 915
1009 909
800 700
676 576
175 75
746 646
996 896
214 114
329 229
413 313
185 85
792 692
244 144
859 759
636 536
743 643
1019 919
562 462
616 516
960 860
573 473
1004 904
125 25
1059 959
125 25
763 663
711 611
309 209
144 44
664 564
822 722
333 233
1080 980
578 478
663 563
816 716
772 672
716 616
1014 914
207 107
641 541
1079 979
982 882
566 466
242 142
1071 971
359 259
176 76
135 35
986 886
643 543
598 498
789 689
250 150
821 721
542 442
242 142
236 136
630 530
136 36
603 503
137 37
550 450
444 344
348 248
650 550
699 599
455 355
1019 919
1080 980
736 636
573 473
281 181
1057 957
973 873
424 324
254 154
959 859
527 427
670 570
704 604
394 294
413 313
360 260
463 363
774 674
694 594
439 339
913 813
359 259
929 829
482 382
149 49
760 660
891 791
530 430
654 554
860 760
599 499
782 682
326 226
764 664
445 345
458 358
532 432
214 114
858 758
242 142
164 64
119 19
943 843
853 753
737 637
263 163
1041 941
221 121
1065 965
194 94
548 448
498 398
957 857
687 587
1068 968
198 98
451 351
242 142
858 758
403 303
451 351
1068 968
1080 980
633 533
762 662
1082 982
457 357
668 568
1014 914
619 519
648 548
377 277
823 723
722 622
123 23
617 517
270 170
820 720
451 351
735 635
213 113
155 55
883 783
363 263
866 766
385 285
627 527
289 189
306 206
728 628
744 644
107 7
358 258
390 290
961 861
755 655
828 728
487 387
169 69
741 641
228 128
842 742
492 392
841 741
245 145
893 793
151 51
902 802
212 112
997 897
353 253
362 262
440 340
293 193
1032 932
982 882
917 817
231 131
1065 965
582 482
580 480
673 573
824 724
543 443
939 839
303 203
600 500
1065 965
846 746
175 75
911 811
907 807
473 373
905 805
705 605
613 513
352 252
572 472
272 172
897 797
494 394
790 690
277 177
395 295
198 98
884 784
477 377
632 532
586 486
255 155
955 855
210 110
390 290
984 884
230 130
273 173
455 355
178 78
942 842
814 714
333 233
733 633
201 101
577 477
786 686
219 119
836 736
818 718
1030 930
115 15
800 700
572 472
169 69
428 328
707 607
893 793
979 879
299 199
1016 916
1099 999
1060 960
277 177
508 408
625 525
779 679
1048 948
238 138
598 498
285 185
595 495
882 782
990 890
149 49
1006 906
553 453
434 334
730 630
485 385
529 429
499 399
953 853
438 338
645 545
620 520
751 651
929 829
865 765
581 481
259 159
199 99
1100 1000
780 680
279 179
187 87
817 717
902 802
985 885
990 890
132 32
939 839
938 838
439 339
286 186
983 883
570 470
167 67
285 185
644 544
1021 921
457 357
476 376
557 457
1086 986
544 444
1034 934
742 642
271 171
252 152
745 645
159 59
146 46
716 616
781 681
159 59
143 43
1087 987
334 234
453 353
203 103
630 530
596 496
1058 958
489 389
713 613
1031 931
938 838
679 579
185 85
232 132
186 86
1008 908
669 569
872 772
579 479
777 677
783 683
443 343
500 400
803 703
470 370
239 139
982 882
444 344
246 146
487 387
216 116
1009 909
860 760
639 539
507 407
404 304
547 447
755 655
488 388
478 378
141 41
192 92
758 658
962 862
219 119
511 411
128 28
462 362
557 457
497 397
298 198
390 290
117 17
252 152
532 432
711 611
421 321
273 173
527 427
237 137
305 205
1046 946
444 344
465 365
663 563
575 475
404 304
1082 982
147 47
1020 920
794 694
902 802
191 91
166 66
1061 961
878 778
744 644
844 744
209 109
564 464
1059 959
413 313
1069 969
441 341
142 42
785 685
208 108
431 331
748 648
185 85
149 49
776 676
328 228
191 91
1029 929
634 534
627 527
266 166
1067 967
151 51
416 316
1066 966
682 582
941 841
940 840
725 625
675 575
214 114
603 503
116 16
1011 911
213 113
405 305
926 826
1089 989
606 506
936 836
838 738
469 369
664 564
687 587
555 455
332 232
835 735
552 452
364 264
1000 900
648 548
1052 952
838 738
181 81
953 853
1095 995
675 575
662 562
669 569
839 739
465 365
805 705
720 620
105 5
364 264
657 557
293 193
590 490
121 21
394 294
473 373
461 361
184 84
1000 900
350 250
147 47
388 288
305 205
232 132
245 145
251 151
946 846
519 419
758 658
621 521
949 849
1074 974
780 680
755 655
248 148
748 648
196 96
837 737
310 210
398 298
790 690
287 187
119 19
1081 981
931 831
1065 965
779 679
1054 954
826 726
266 166
628 528
348 248
115 15
736 636
664 564
660 560
947 847
663 563
821 721
124 24
109 9
996 896
800 700
903 803
546 446
116 16
958 858
374 274
799 699
814 714
371 271
549 449
1077 977
329 229
633 533
380 280
254 154
523 423
856 756
968 868
971 871
224 124
1012 912
1070 970
827 727
331 231
1068 968
1035 935
669 569
908 808
263 163
123 23
718 618
310 210
785 685
188 88
750 650
251 151
907 807
870 770
493 393
655 555
376 276
713 613
404 304
966 866
1011 911
323 223
333 233
403 303
142 42
405 305
500 400
406 306
262 162
1000 900
151 51
1064 964
834 734
497 397
1033 933
998 898
466 366
159 59
116 16
728 628
277 177
325 225
460 360
637 537
842 742
712 612
825 725
733 633
968 868
414 314
589 489
578 478
601 501
1081 981
732 632
1004 904
465 365
919 819
296 196
208 108
596 496
279 179
844 744
252 152
245 145
698 598
601 501
449 349
980 880
180 80
348 248
862 762
783 683
414 314
600 500
613 513
489 389
305 205
720 620
684 584
191 91
752 652
821 721
994 894
959 859
298 198
765 665
243 143
516 416
771 671
581 481
402 302
420 320
711 611
965 865
731 631
226 126
626 526
857 757
626 526
1063 963
503 403
881 781
331 231
340 240
930 830
430 330
383 283
618 518
964 864
924 824
855 755
1035 935
259 159
151 51
320 220
409 309
547 447
118 18
900 800
963 863
933 833
101 1
905 805
849 749
891 791
758 658
512 412
677 577
957 857
679 579
508 408
609 509
995 895
254 154
460 360
1023 923
927 827
497 397
1071 971
787 687
1061 961
1059 959
619 519
717 617
435 335
737 637
338 238
723 623
983 883
274 174
322 222
875 775
986 886
708 608
808 708
406 306
575 475
1100 1000
976 876
1057 957
223 123
741 641
227 127
572 472
484 384
826 726
845 745
405 305
384 284
814 714
529 429
743 643
785 685
808 708
612 512
731 631
603 503
589 489
699 599
929 829
1083 983
846 746
562 462
832 732
1092 992
832 732
370 270
769 669
591 491
522 422
382 282
154 54
931 831
1000 900
267 167
782 682
215 115
766 666
761 661
1057 957
664 564
209 109
1034 934
554 454
708 608
1064 964
613 513
1033 933
153 53
240 140
759 659
295 195
746 646
124 24
264 164
757 657
863 763
331 231
925 825
269 169
1049 949
228 128
455 355
637 537
911 811
364 264
264 164
146 46
951 851
104 4
389 289
1000 900
492 392
902 802
324 224
168 68
560 460
550 450
1003 903
226 126
447 347
158 58
738 638
498 398
201 101
586 486
687 587
551 451
897 797
435 335
981 881
262 162
310 210
206 106
343 243
845 745
1069 969
1069 969
398 298
532 432
353 253
259 159
693 593
734 634
553 453
665 565
757 657
116 16
172 72
710 610
322 222
603 503
419 319
611 511
161 61
852 752
794 694
155 55
484 384
569 469
901 801
929 829
236 136
792 692
636 536
277 177
1058 958
311 211
747 647
599 499
626 526
215 115
128 28
1084 984
1004 904
918 818
609 509
333 233
984 884
524 424
665 565
1076 976
701 601
471 371
423 323
506 406
622 522
434 334
292 192
884 784
203 103
776 676
551 451
268 168
967 867
527 427
702 602
532 432
883 783
631 531
411 311
437 337
1094 994
777 677
272 172
637 537
151 51
1100 1000
489 389
479 379
337 237
203 103
821 721
885 785
697 597
1043 943
592 492
512 412
431 331
672 572
480 380
928 828
359 259
871 771
826 726
1039 939
155 55
694 594
601 501
119 19
559 459
600 500
890 790
476 376
104 4
789 689
734 634
876 776
217 117
574 474
701 601
675 575
908 808
1053 953
644 544
243 143
642 542
610 510
690 590
321 221
927 827
715 615
917 817
699 599
717 617
667 567
132 32
645 545
979 879
827 727
792 692
658 558
785 685
407 307
188 88
664 564
1011 911
431 331
646 546
668 568
680 580
981 881
1097 997
749 649
1037 937
846 746
1088 988
493 393
451 351
337 237
761 661
617 517
730 630
621 521
460 360
313 213
1008 908
920 820
303 203
299 199
579 479
913 813
351 251
114 14
262 162
903 803
1005 905
548 448
267 167
307 207
962 862
186 86
469 369
223 123
281 181
320 220
865 765
258 158
351 251
1044 944
1009 909
524 424
745 645
411 311
668 568
499 399
947 847
159 59
638 538
353 253
640 540
333 233
199 99
412 312
523 423
890 790
346 246
949 849
265 165
302 202
644 544
652 552
152 52
753 653
231 131
888 788
472 372
993 893
571 471
213 113
725 625
598 498
784 684
542 442
478 378
1029 929
634 534
186 86
173 73
112 12
640 540
418 318
771 671
358 258
227 127
624 524
512 412
679 579
1072 972
524 424
923 823
568 468
763 663
464 364
884 784
181 81
688 588
499 399
596 496
996 896
270 170
251 151
253 153
726 626
299 199
467 367
252 152
937 837
358 258
740 640
383 283
224 124
389 289
672 572
708 608
508 408
563 463
458 358
280 180
995 895
429 329
984 884
321 221
623 523
394 294
538 438
225 125
378 278
725 625
125 25
527 427
829 729
896 796
1096 996
251 151
1056 956
967 867
288 188
222 122
619 519
470 370
135 35
940 840
411 311
215 115
295 195
975 875
929 829
1012 912
884 784
185 85
1004 904
1069 969
199 99
814 714
543 443
1071 971
838 738
843 743
813 713
298 198
209 109
735 635
488 388
141 41
936 836
740 640
361 261
831 731
793 693
322 222
553 453
636 536
589 489
265 165
614 514
411 311
170 70
224 124
434 334
873 773
811 711
1023 923
734 634
380 280
235 135
357 257
371 271
1061 961
552 452
367 267
769 669
338 238
228 128
910 810
384 284
271 171
624 524
388 288
243 143
489 389
1089 989
666 566
1094 994
174 74
380 280
913 813
492 392
149 49
573 473
275 175
331 231
854 754
995 895
557 457
1043 943
997 897
648 548
612 512
777 677
168 68
940 840
336 236
458 358
674 574
641 541
993 893
858 758
715 615
642 542
957 857
789 689
638 538
116 16
172 72
821 721
392 292
718 618
1016 916
1058 958
904 804
365 265
756 656
647 547
479 379
352 252
167 67
705 605
380 280
363 263
461 361
835 735
1084 984
278 178
371 271
516 416
589 489
541 441
356 256
498 398
982 882
107 7
325 225
104 4
629 529
127 27
610 510
739 639
1100 1000
513 413
291 191
602 502
913 813
326 226
998 898
427 327
520 420
270 170
570 470
811 711
719 619
223 123
477 377
1046 946
565 465
723 623
987 887
412 312
864 764
836 736
155 55
108 8
827 727
1015 915
944 844
122 22
744 644
750 650
281 181
931 831
271 171
608 508
645 545
634 534
539 439
515 415
647 547
996 896
517 417
1082 982
305 205
293 193
600 500
489 389
432 332
901 801
920 820
437 337
516 416
589 489
343 243
833 733
954 854
371 271
166 66
1042 942
336 236
1054 954
668 568
148 48
1069 969
1019 919
806 706
494 394
395 295
981 881
267 167
1017 917
873 773
475 375
379 279
110 10
761 661
548 448
827 727
228 128
938 838
630 530
504 404
641 541
843 743
411 311
334 234
416 316
629 529
573 473
291 191
481 381
932 832
752 652
637 537
102 2
466 366
237 137
980 880
449 349
1040 940
200 100
845 745
763 663
137 37
167 67
772 672
543 443
909 809
395 295
782 682
317 217
1079 979
1011 911
400 300
459 359
611 511
955 855
832 732
398 298
968 868
716 616
718 618
430 330
869 769
260 160
286 186
903 803
684 584
150 50
932 832
308 208
816 716
685 585
572 472
630 530
372 272
1051 951
598 498
754 654
465 365
1086 986
683 583
912 812
579 479
905 805
998 898
799 699
233 133
600 500
746 646
743 643
1015 915
644 544
155 55
1070 970
313 213
1087 987
723 623
988 888
975 875
746 646
613 513
498 398
456 356
610 510
686 586
725 625
116 16
794 694
1084 984
1033 933
522 422
593 493
454 354
120 20
314 214
204 104
990 890
330 230
312 212
1062 962
127 27
150 50
869 769
451 351
935 835
598 498
332 232
964 864
354 254
328 228
742 642
813 713
576 476
177 77
1019 919
507 407
1012 912
597 497
854 754
369 269
834 734
129 29
1067 967
297 197
141 41
498 398
359 259
847 747
1026 926
486 386
940 840
225 125
644 544
511 411
1008 908
459 359
325 225
944 844
169 69
680 580
221 121
208 108
623 523
938 838
778 678
508 408
693 593
914 814
765 665
521 421
414 314
1099 999
1092 992
607 507
696 596
657 557
458 358
745 645
624 524
671 571
263 163
632 532
1042 942
526 426
637 537
487 387
282 182
330 230
304 204
346 246
308 208
637 537
753 653
816 716
948 848
663 563
632 532
1047 947
203 103
733 633
971 871
934 834
1032 932
1038 938
607 507
429 329
1086 986
581 481
713 613
1057 957
423 323
505 405
690 590
789 689
477 377
432 332
1005 905
786 686
1032 932
1089 989
574 474
750 650
706 606
193 93
489 389
219 119
771 671
382 282
460 360
550 450
945 845
103 3
746 646
424 324
199 99
644 544
709 609
1057 957
601 501
834 734
864 764
368 268
698 598
799 699
342 242
271 171
490 390
251 151
161 61
379 279
359 259
991 891
619 519
242 142
926 826
480 380
1042 942
453 353
382 282
811 711
996 896
1029 929
1082 982
709 609
376 276
161 61
401 301
498 398
1052 952
485 385
956 856
731 631
528 428
959 859
355 255
325 225
823 723
307 207
380 280
428 328
1037 937
1071 971
137 37
647 547
1001 901
728 628
556 456
948 848
1096 996
643 543
690 590
964 864
555 455
328 228
610 510
185 85
767 667
768 668
929 829
1036 936
151 51
855 755
483 383
932 832
440 340
1028 928
1015 915
185 85
897 797
342 242
647 547
886 786
1100 1000
945 845
435 335
580 480
885 785
350 250
897 797
347 247
399 299
288 188
443 343
515 415
381 281
595 495
382 282
249 149
364 264
855 755
178 78
950 850
234 134
114 14
226 126
761 661
962 862
323 223
290 190
749 649
440 340
890 790
824 724
861 761
371 271
518 418
801 701
1059 959
564 464
727 627
505 405
768 668
330 230
529 429
253 153
798 698
1023 923
586 486
913 813
409 309
786 686
834 734
1025 925
851 751
121 21
489 389
158 58
439 339
395 295
672 572
1000 900
102 2
1056 956
973 873
186 86
357 257
446 346
1065 965
527 427
512 412
321 221
646 546
302 202
535 435
517 417
986 886
524 424
478 378
1043 943
905 805
983 883
1027 927
390 290
687 587
147 47
433 333
369 269
722 622
875 775
785 685
479 379
349 249
221 121
768 668
462 362
985 885
634 534
107 7
928 828
471 371
488 388
999 899
1008 908
649 549
494 394
405 305
382 282
166 66
532 432
218 118
543 443
1020 920
837 737
397 297
684 584
527 427
306 206
522 422
428 328
344 244
948 848
371 271
905 805
633 533
437 337
102 2
588 488
724 624
619 519
322 222
462 362
435 335
330 230
675 575
493 393
515 415
453 353
717 617
375 275
858 758
945 845
365 265
477 377
287 187
302 202
274 174
1071 971
320 220
531 431
411 311
608 508
182 82
925 825
370 270
326 226
782 682
819 719
1046 946
640 540
737 637
1073 973
1062 962
580 480
202 102
447 347
777 677
636 536
239 139
942 842
747 647
740 640
977 877
311 211
866 766
787 687
678 578
679 579
719 619
268 168
1022 922
778 678
135 35
344 244
858 758
579 479
329 229
849 749
616 516
149 49
1002 902
277 177
659 559
905 805
468 368
445 345
408 308
669 569
725 625
1026 926
155 55
373 273
1012 912
843 743
160 60
985 885
982 882
916 816
869 769
251 151
694 594
175 75
404 304
963 863
732 632
736 636
855 755
745 645
700 600
959 859
524 424
917 817
191 91
455 355
512 412
1030 930
1071 971
950 850
688 588
382 282
859 759
649 549
650 550
215 115
234 134
494 394
810 710
565 465
213 113
253 153
456 356
750 650
1085 985
715 615
439 339
946 846
1092 992
284 184
825 725
115 15
1055 955
404 304
1061 961
537 437
256 156
1043 943
163 63
1029 929
731 631
635 535
870 770
488 388
646 546
623 523
1088 988
615 515
1099 999
145 45
188 88
757 657
970 870
848 748
348 248
149 49
767 667
469 369
402 302
474 374
444 344
240 140
636 536
382 282
295 195
916 816
577 477
563 463
755 655
627 527
287 187
633 533
484 384
847 747
1055 955
1021 921
820 720
799 699
809 709
418 318
131 31
954 854
953 853
1038 938
115 15
763 663
1099 999
460 360
1041 941
288 188
258 158
785 685
1079 979
809 709
836 736
925 825
783 683
250 150
537 437
432 332
714 614
677 577
482 382
839 739
831 731
855 755
799 699
714 614
983 883
597 497
793 693
619 519
1004 904
539 439
750 650
1060 960
698 598
744 644
794 694
861 761
1062 962
410 310
818 718
754 654
819 719
1073 973
564 464
741 641
699 599
651 551
827 727
565 465
794 694
724 624
239 139
314 214
415 315
535 435
537 437
483 383
1092 992
549 449
404 304
454 354
172 72
728 628
654 554
955 855
812 712
125 25
685 585
134 34
802 702
661 561
351 251
168 68
258 158
1014 914
994 894
433 333
856 756
394 294
691 591
868 768
687 587
548 448
186 86
798 698
664 564
842 742
185 85
132 32
222 122
771 671
1093 993
816 716
142 42
183 83
198 98
263 163
237 137
1053 953
489 389
771 671
305 205
757 657
740 640
848 748
457 357
899 799
641 541
389 289
729 629
348 248
812 712
130 30
525 425
849 749
247 147
840 740
822 722
453 353
205 105
744 644
1099 999
908 808
482 382
172 72
959 859
522 422
313 213
476 376
360 260
1052 952
160 60
983 883
1008 908
807 707
798 698
719 619
764 664
764 664
189 89
966 866
954 854
261 161
763 663
994 894
1063 963
807 707
714 614
243 143
1014 914
707 607
246 146
421 321
205 105
187 87
511 411
999 899
930 830
165 65
260 160
262 162
786 686
751 651
312 212
558 458
114 14
679 579
945 845
303 203
1079 979
381 281
258 158
208 108
1039 939
529 429
627 527
882 782
818 718
186 86
775 675
963 863
1035 935
850 750
339 239
350 250
417 317
411 311
558 458
420 320
723 623
437 337
715 615
121 21
512 412
696 596
531 431
1093 993
739 639
1097 997
280 180
1061 961
957 857
907 807
740 640
981 881
597 497
227 127
657 557
1085 985
498 398
623 523
770 670
717 617
362 262
147 47
525 425
1094 994
275 175
8549 6421
7604 9292
6486 9304
5562 7987
7598 5472
6005 8339
6381 5260
6769 7218
8291 7588
6963 7352
7069 6557
6420 8883
8907 6598
9946 7804
9185 7833
5724 6271
9016 8582
9898 6136
5147 8497
8677 6654
7102 5609
5743 7016
6491 6856
7285 5992
6610 5536
6740 6767
9365 9615
5347 7039
6136 6927
6559 7534
9686 5141
8174 5660
8264 9415
6690 8679
8249 7885
7227 9014
8028 7948
6945 9592
8068 5301
9811 9331
7243 7088
8186 7484
7085 9036
5666 9511
9162 8788
5952 6790
9716 7154
5259 5306
8725 6639
8487 6041
5559 6166
5610 6731
8367 5386
8084 5693
7455 7131
9230 5298
6670 5753
7944 5955
8974 8585
8265 8589
7304 7483
9928 7904
6800 8653
5298 8137
8414 9816
6540 7423
9090 7022
9653 9692
7114 7456
5125 8965
9326 6997
5587 8139
7053 6026
7790 9329
7053 8855
8983 5728
8892 8248
7541 9960
9613 9623
7164 7651
5329 5688
7979 5147
5191 7849
6479 8913
7752 7113
6366 6176
7707 9981
5794 9520
6064 6350
9679 9619
8150 7409
7599 6378
7623 6369
9133 9645
7396 6412
6071 9557
8152 5673
8763 8302
7828 6951
7658 8766
6905 6695
5124 7676
9888 6679
6406 6762
7993 8914
8450 6911
6814 7095
5562 8112
8094 8594
9052 9945
6428 7689
6308 7012
5629 7822
8273 8987
6708 6865
5746 9854
5027 7968
8882 7822
9883 7469
9598 7472
9840 7271
6855 5209
6053 6668
9365 5119
9651 8160
5399 7492
5834 6165
5479 8019
9979 9748
7093 9298
5386 6928
8177 9002
6761 6187
5886 7621
7426 9627
9039 5169
8667 5089
5208 8713
7046 7983
5997 9604
7117 8347
5879 6905
8064 5559
6560 9018
8008 6413
7443 5703
6062 6179
5462 5044
5652 6488
9010 5310
7624 7605
8827 5835
8995 9286
9315 7284
8570 7060
5018 6825
7560 8170
6776 5289
5428 5173
8190 5665
5639 8466
9885 5998
5117 8574
7231 5156
9800 8048
8660 9066
7164 8719
5047 6103
5457 8508
6464 6928
7283 6889
6680 6950
7098 8639
6197 5405
7743 6621
5949 7377
7422 8195
7826 7451
8658 6350
7058 9108
5360 8390
6522 9447
7755 5556
5956 5838
8780 8844
9831 6204
7029 5706
9432 6993
8094 8916
5051 5274
7656 9422
7916 5694
6437 8416
9971 9328
9635 5300
7615 8111
7716 6392
8791 6522
6956 7651
7412 5818
5004 9758
9508 8859
5964 9362
9758 6131
5478 9710
5252 5006
6053 6682
8982 8950
7832 9923
8233 6588
9686 8788
8002 6547
5771 5580
7934 9568
6511 8966
9567 6603
9415 6174
6814 6563
9964 5073
7928 9006
8582 5373
5907 5551
6547 5132
9233 8094
5892 6776
6655 6736
9222 9784
6204 7089
9617 8384
8940 6167
9848 6212
7370 6215
5444 9735
5644 6677
9120 5618
7525 8561
6074 5867
5772 5819
8687 6441
8764 7686
6389 6186
7015 9188
7877 5346
9630 9152
9405 5799
8769 9445
5597 6654
5424 8888
7960 5426
9835 7472
6833 9194
5420 9745
6361 6298
8960 8754
9675 7218
8152 5694
7937 9905
6132 7487
8544 5235
7482 6644
9531 9455
7462 5461
7153 6605
9556 7795
5599 6834
7405 7536
6821 9850
5674 8344
9706 9826
7418 8512
8324 9196
5880 5457
6129 7272
8672 6456
8504 6732
7566 6471
8382 8759
9669 6494
9004 6342
6611 5134
7467 8210
6459 8068
7545 8010
8387 6750
5526 9345
7241 7230
7708 7949
5162 5404
8478 6874
5014 8501
5730 5166
8979 8862
9241 8899
7228 7717
5073 8623
9734 6070
6957 6579
7432 5147
8376 9795
7541 7890
5151 9153
9327 8523
9565 6384
9241 9945
5902 7496
9290 6296
9116 6456
8359 7536
9518 7794
6422 5056
9340 6016
8381 9965
5533 6928
7278 7984
6548 8156
5739 5929
5976 7983
9016 5226
6032 7880
6064 5904
6988 8948
8700 7274
6276 8013
5669 5448
6781 6571
6213 7558
6417 6053
7154 9837
8110 5575
6820 7144
6153 6774
5230 6652
9212 7133
6039 6195
7130 8697
9724 9724
7962 5054
8729 8946
9316 5274
9495 5109
8162 8537
9942 8354
5362 9547
8863 9724
6303 8901
7034 6770
7296 8661
7262 5475
6263 5352
8626 9503
8573 7079
5922 6387
7412 7834
9356 7108
9780 6838
6493 6575
5799 9029
7857 9333
5203 5246
9313 6895
8377 6723
9267 5512
8942 9277
9215 9489
5489 7233
7516 6369
9054 8365
8462 8510
9780 8412
9368 5604
5612 7440
5433 9257
8276 9558
6934 5356
8985 6804
5352 7681
5812 9984
6906 8614
9799 9385
7049 7385
8972 9939
7327 6036
6440 9341
9368 5289
7081 9094
8439 5047
9027 7046
8215 7951
7746 6415
7675 5187
6660 5456
8180 7640
7647 5099
7284 9269
6104 8970
8925 7157
7802 6272
9006 7011
8230 8417
8143 5841
5232 6245
6082 7874
7096 7734
6323 7129
9649 9458
8465 9049
9246 9516
9760 9782
5842 5697
9225 9923
5493 8491
9764 5242
9977 8003
9454 5860
9421 7451
8205 7457
7959 8166
8554 8777
6237 8099
8539 8684
8420 7128
7644 6242
7848 8749
7093 7606
5951 5198
6459 9626
5567 9490
9334 6226
8383 5694
9098 8257
7728 7760
6476 6898
7494 6483
5536 7900
5830 8382
5483 9797
9898 8199
9542 6877
5080 6577
5231 6091
9035 7460
5030 9820
6288 6815
6629 7164
7343 7317
7383 5624
6423 6936
5663 5302
8237 8087
5331 5190
7361 8687
8081 9949
9017 6130
7776 8045
5863 5071
6162 5224
8479 6518
6784 8270
5433 7552
5024 8448
7470 5628
7163 5405
7259 9509
8528 8442
8495 8406
9255 8076
8077 6692
9926 6462
8086 6103
8672 6065
6076 7708
8011 8900
8699 6370
5884 9531
6295 7024
8838 9276
6175 9788
9984 5198
6097 7364
7976 5960
8938 8079
9194 6378
8348 5532
5606 9600
9624 9546
9630 7651
9300 5266
8547 8737
5485 6852
5146 8495
7234 6779
7961 6064
7136 7220
5142 6480
9641 9448
5552 5559
8203 7935
9798 5223
8828 9197
6805 7285
5381 5378
9169 6617
6806 6056
8360 5992
6294 6670
9117 6847
5736 6316
7604 7740
5475 9241
6907 6547
5210 8474
5636 6983
7186 8542
9223 8171
6793 8199
9160 7621
8745 5209
9298 6895
7292 8163
6372 6653
5642 9321
7035 6591
8150 7117
9133 5835
5932 8567
9184 8307
7065 6544
9376 6054
6321 9698
6340 9071
5028 7233
9530 9142
9754 5535
9322 9181
7759 8430
7629 5135
9040 6787
6531 9004
7080 8607
8852 9499
9133 9421
7722 5419
9398 8862
6051 6289
6040 9422
6880 8770
5600 8601
7774 6617
8615 7405
7045 9920
7121 7222
9806 8598
5396 6297
6691 6603
9383 8250
7408 8361
9998 6328
5866 9862
6298 7806
6601 5600
5389 9622
5038 8877
8640 9708
8960 7631
7883 9185
8455 5997
7899 7522
6005 8999
6473 6678
8193 9476
7668 6440
8469 7976
8421 6821
7530 5366
7320 8993
9043 9020
8163 5664
5441 5018
6594 8859
9301 5736
9675 8875
6905 5025
5071 5498
5428 7930
8812 8258
8762 8487
9957 6628
9244 5850
9118 8745
9195 5050
7731 6509
9969 5049
6692 7389
9740 5746
6236 7780
9995 8593
8765 9084
6704 6816
8355 5414
9964 7668
9488 7628
7556 5684
9070 7517
7853 6082
7188 9575
9141 9992
6235 9087
9594 5618
5786 5761
5136 8340
7466 6179
5364 5986
7063 8075
8961 9708
7778 9335
5232 8748
8699 7760
5216 9884
9707 6258
7474 8775
5412 8995
9336 9181
7977 7464
7728 9965
6297 7661
9312 9918
8302 9180
5954 7732
9035 7929
8682 6151
7248 7058
9344 9457
6026 5622
9345 7691
9566 8337
8456 7192
7499 5630
8670 8412
7396 7822
6044 5468
8081 5918
5038 6091
9818 5287
5845 9413
9667 6350
7401 7873
6263 7067
8339 5868
8628 8289
6642 7940
7680 7666
8954 8637
9777 7270
6978 5523
9328 7664
7592 5369
7333 7210
6261 5489
7030 7467
7083 7123
7760 5743
6509 9698
7904 7333
6112 5696
8099 5545
8083 6894
5450 5034
5574 6458
7383 9671
8041 8833
5868 6617
7649 5283
5468 5208
6390 5202
9266 5690
7187 8313
7020 6014
5873 8929
8374 6731
9791 9172
6961 8244
6500 6047
7280 6440
9379 9039
5891 6287
8177 9173
5643 6191
7653 5621
6547 9459
6664 5187
8301 8680
6989 6964
8667 8420
6343 6225
5815 7298
8031 5371
8066 6520
8057 5707
9246 8665
8300 7416
7375 8617
6329 5730
9693 6979
7912 8744
6737 8566
6850 9726
7089 6467
8088 9276
7261 7927
9673 9558
6606 7734
9816 6990
8229 8596
9707 6825
9432 6319
9871 8798
8096 5437
9826 8033
9793 7203
7097 7152
6590 8688
8628 8998
8607 5300
8834 5850
6188 6421
6899 8619
5026 9292
8672 8599
5684 6853
7136 8981
5012 8935
7681 8800
6394 8476
6112 6963
8169 7682
8043 9356
7486 5930
8277 5934
8850 5765
6030 6266
8916 8831
6654 6713
7900 7225
7612 5636
7293 9595
5145 9377
8431 9201
6170 9520
5798 8972
9992 9505
9313 8293
5885 9097
7750 8320
9837 5738
5851 6468
6291 8218
8757 8497
6956 5256
5097 6854
5982 6556
7249 8132
7300 7386
8091 5078
9752 5269
9641 6701
8299 7932
8922 7953
6144 5417
5989 7025
8736 9965
6740 9164
8638 5445
8336 7233
5174 8357
8238 5419
9296 5059
5839 8428
6495 6988
9185 5146
6506 9218
8284 9485
5157 6871
5495 6419
6816 9968
7318 5316
9788 6643
7283 5671
8830 7613
7226 6694
8172 6776
6394 9833
8926 5817
7580 6723
9118 5218
7818 7842
8224 7551
9455 7503
9020 7850
8442 5818
8761 6024
9537 7982
5817 8928
9627 5349
5292 5786
8721 8030
8593 5389
6681 5453
6371 5712
9438 6301
7917 7075
8763 7991
6169 7536
6810 7698
9428 6464
8142 9010
7062 8941
8395 5275
7770 6570
8741 7141
7799 6371
5934 8073
6927 5691
7022 6128
7136 8919
5703 6978
9390 6828
7847 8935
5763 9581
6067 6124
7919 9829
7661 9179
5715 9919
7954 6051
9503 9115
9787 6234
7188 7576
5819 9698
6012 9323
8466 5424
7066 6884
7497 5633
6341 8657
6616 5314
7579 9131
5145 8056
9818 8526
6337 5373
5648 6350
8080 5978
9868 8734
8798 7897
8656 9469
5632 5214
9092 5410
6814 7433
7683 9003
8657 8986
5796 5836
5250 5834
8257 6027
9764 9129
8260 8888
6279 6849
7329 9327
6635 8799
6466 8123
9045 9142
8933 9416
7185 7689
9705 5702
5805 5472
6813 9054
7867 5234
9782 9167
9781 8129
5913 6937
9199 7711
6209 6039
8747 5901
5046 9077
6699 9270
5791 6927
6642 8709
5331 5857
6919 9650
8519 7400
9778 5955
5482 8974
8017 8162
9395 9378
7588 7594
5637 8122
9712 7666
6431 9408
9146 9925
7281 7279
5989 6164
5060 8703
9674 7518
7240 8823
7718 6562
9910 8232
5900 7101
8224 8209
6173 7646
5748 7386
6261 7383
5307 5281
7314 5757
7832 8503
8634 7367
6931 5770
7702 8294
8028 8420
5829 9036
7026 9751
5166 9807
8008 9583
6027 8752
6241 9392
7115 9382
9799 9919
5076 8819
8387 5717
7506 5602
5820 5887
8670 5815
6585 6718
5065 8195
8860 5961
7020 6298
8532 7298
6409 9454
5512 5012
9071 6831
7789 8492
6181 9961
5984 5114
5692 6659
7336 8266
9305 9807
6286 9810
7528 8673
6454 6282
8232 7103
9166 9450
6210 8941
9434 8642
9069 5396
5662 8797
5544 8160
7903 7744
9614 9624
7708 7041
7919 5487
5371 6882
9350 7416
6640 8891
8007 7747
9186 9299
5293 9689
9707 5232
9783 6145
5850 5622
8467 5595
8582 8572
6817 8881
5877 8507
9077 9103
9761 6726
7710 9908
6904 6032
8362 6031
6711 7854
6934 9971
9021 5983
7795 5376
7345 9221
5059 8670
6299 5877
9790 8120
5058 8799
8101 6039
9097 8268
6508 7439
7142 6947
7380 6724
6245 6727
5215 7779
9423 7545
9189 5143
5351 5784
9025 8893
6280 8096
7510 6178
8661 9863
8600 6743
9648 9356
8611 5777
5802 5010
9962 5413
6762 5861
9577 9074
8144 8113
5809 7044
8028 9165
8710 7293
8848 9254
6785 9940
7019 9209
8867 5452
6196 6205
9485 7233
7117 8300
9050 9389
8580 9750
6614 6299
6794 8317
6648 7722
7844 9354
5945 7141
6888 6681
8941 7362
5608 8052
8567 7279
6474 8238
8372 6106
6800 6381
5386 8499
6813 7690
7694 5641
5769 5958
5626 8308
6641 6100
6641 9517
7976 7724
6290 8106
8008 5233
6000 8271
5133 7856
9478 9866
9927 5508
9732 9454
7510 8439
6111 5009
6925 9958
8569 5817
8845 7242
9078 6621
7216 7683
8490 5123
6596 5012
6349 9562
6153 7362
6523 8694
6086 6614
8932 9496
7301 9689
7156 8969
8878 8358
7978 9883
5243 5797
7978 6425
5805 8098
7319 5152
5765 7084
7870 7476
5403 9413
6049 5317
8209 6820
9155 5767
9574 5373
8891 9538
7553 5550
8147 8652
8043 6353
5607 8629
7522 7723
5939 9841
9707 8151
8036 9974
5987 5061
7180 8409
5373 6194
6110 9265
7843 6418
7035 9632
6822 8457
7259 5563
9042 7016
6297 6925
9519 5520
5203 6151
7716 9843
7575 9013
8253 6751
5530 8642
9836 8922
5246 5919
8233 6436
5127 6905
7408 5190
5564 9878
9647 9537
7154 6490
8893 9890
7936 5509
7088 7293
6961 8573
6293 7982
6460 7220
9423 9943
7150 9103
5820 5712
7736 9875
6281 8284
8030 6711
5691 7943
7277 5105
8758 7002
7534 6049
5765 9247
8003 6938
6397 8891
5961 9121
8720 7907
6747 7662
9192 6813
7076 8381
7388 7656
9887 7931
8824 7685
9094 6333
5280 8707
9079 5886
5605 8360
6741 6025
7856 7765
5524 6193
7150 8284
5230 6439
8369 9616
9280 8600
5812 8949
5511 6822
8762 5477
5147 7921
9489 5302
7053 5258
6701 7671
9333 8226
6295 6079
6031 9383
7153 8914
5620 9806
6922 7231
5134 9997
7472 9729
5512 6752
6044 7074
9083 6206
8621 9871
6497 6455
8735 9209
7709 6583
7607 9284
9809 6295
8954 8196
9298 9511
5904 7746
8084 9807
9461 9164
9035 8449
9370 5630
5415 7116
5127 5786
9046 6624
9577 8573
6767 5866
7679 6951
6534 8281
7887 8305
7778 5258
5952 7283
7659 9203
9700 9541
8115 9739
7757 9451
5798 8067
6872 6009
8296 6461
9811 9812
9153 7798
9103 5062
6356 8045
9389 5996
5636 6483
6434 7950
5722 6619
6607 6917
5072 8729
7856 7072
7303 5622
9085 8511
9479 6310
7528 5580
9553 8670
6322 7561
7570 5024
9484 9590
5600 6047
5419 6366
7584 7191
6266 5963
6375 8212
7794 8972
5734 9379
9301 5852
5015 6823
9673 7468
5370 5798
5303 9958
7217 9959
9220 7992
9515 5582
7822 9876
8408 8699
9876 8381
9799 7895
6741 7763
6994 8341
5907 9244
8545 9387
8997 5149
9900 9585
9721 5435
8144 5006
7142 8805
7356 7049
7328 6647
6672 6337
9784 6115
9414 6616
8939 8695
5198 6499
5217 9916
8342 5988
8518 7842
8837 6274
5285 5801
5642 7762
7872 8867
8260 7111
8910 9026
9237 6301
5913 5443
7113 8490
9664 6817
9459 9261
5623 5028
5973 9855
8601 9974
7198 9900
8899 8579
7657 5274
8445 5832
6225 5772
9533 9676
8580 5870
9277 5993
5109 8324
5222 6899
5951 7024
6668 9270
5937 5852
6284 8921
7057 8324
7846 5228
9690 5427
7656 6995
6564 9252
7732 9420
9446 5344
7009 5940
7989 9060
6584 7117
7147 6504
9543 5306
7082 9438
5449 7865
7506 9493
7078 9917
7646 7722
5517 6734
7210 8970
9522 7384
6341 7154
8185 6310
7995 5583
5359 9812
6598 9514
9810 9393
6572 7007
6529 6553
6901 7485
8749 7207
5377 7534
6712 8489
6160 6497
8851 9009
8148 8933
9669 9270
6906 8210
7884 8334
6855 8882
7617 7746
7118 5215
8322 8570
5404 8775
5887 7395
6706 8585
5961 9327
8107 6945
9809 9073
8328 7298
8090 8735
9433 8016
5190 8375
8551 6475
5566 9222
7276 8567
7601 5139
8063 7529
7197 6335
9932 9925
9168 5877
8937 6453
7381 6527
5346 5607
7819 6862
7412 5937
9260 8356
9868 8678
8087 8858
9713 9997
7905 8248
6785 9003
6517 6717
8392 8021
6484 8302
7781 8541
8619 6967
9132 9316
6462 6788
9917 7972
9598 9392
8237 6217
8500 9276
8680 6873
5644 9569
9312 8021
9869 9825
7770 8575
7660 9927
7022 5581
6061 9730
8935 6172
9686 7634
7666 7235
8110 5623
9741 9893
8418 9044
9024 9774
9562 6238
7448 8046
8874 7711
9706 7444
8094 7781
7991 7718
5778 6806
7657 6514
6533 6800
8870 7679
6076 6572
8061 9730
8899 8822
6022 9379
8664 6317
5917 9605
9786 7356
5787 6941
6357 5821
7349 9756
9430 9752
8940 8025
9887 7964
9629 8675
6300 6152
6081 6817
7423 6260
9195 6919
5878 9695
9918 7795
8620 7556
9607 6415
5447 5912
9771 6954
5417 6775
6594 7018
5786 8104
7704 6025
9383 7776
7503 7425
6865 8256
6036 5637
5916 6697
6250 8176
9925 6648
5730 5035
8103 8785
7900 8546
8216 6462
7220 6545
7950 7732
6857 6037
7041 5442
7489 6543
8634 9745
6253 6781
8792 7684
6276 8569
6750 6298
6183 7701
7004 9916
8918 7220
9472 5645
6523 7071
8339 7601
7183 7329
5434 5645
7577 7879
5857 6839
8965 9105
6487 9179
8181 6943
7283 7783
5794 9063
5840 8006
7501 7702
7456 5531
6700 9027
9965 8998
5669 9476
8685 5455
6320 5075
9509 5438
5385 6211
7198 6888
5386 8693
9561 6246
9034 8076
7444 6991
8378 8296
5095 7471
5765 9445
7858 5732
9858 5722
9613 9211
6066 6260
8898 8427
5932 9905
7911 6707
7524 6414
6285 9815
8345 6814
9561 8482
6741 9269
9755 9508
7258 6290
6322 7235
7783 6482
5220 6588
6988 7658
7158 8413
7553 5434
9788 7398
9582 7936
7513 7330
9382 9022
6922 8432
5567 9693
9989 7550
9859 5811
9254 7819
5857 5439
5075 6859
5435 9763
5245 9722
9967 9764
5605 9833
5380 7120
8304 8041
5087 7976
6449 8009
8670 5082
9086 6884
8608 8090
6852 8682
8290 5534
6787 6325
8606 8835
6137 5271
5129 8011
8761 6146
8785 9563
7679 6650
9769 9313
7118 6369
8245 8019
5851 7840
9953 6751
9179 5503
8700 8526
7842 9399
7134 5682
5519 7644
5250 5876
7753 6434
5595 6579
6697 7454
8033 7336
5151 7107
8994 9072
9994 6486
5089 6647
9361 5171
9826 7728
7556 9086
9165 6121
5496 9333
9511 8636
5465 9388
9308 7305
6345 7355
6641 6343
8106 8011
7064 6219
8069 7226
5629 9267
8936 5073
5892 7456
6943 6839
7281 8654
6980 7154
9262 5021
5796 9463
8786 6553
5368 7766
5071 8165
9339 9202
9270 9379
5925 7340
8238 7087
5945 5128
7617 7821
8903 6421
8599 7578
9725 9412
7336 8234
9903 9584
8336 7829
8766 6012
8155 9533
8691 6789
7882 6775
6011 7459
5839 7252
8996 6298
9465 6338
5744 8029
9240 8852
9940 9855
5947 9901
6835 9041
5114 5711
8205 8860
8526 6052
6247 5954
8788 5329
7902 6838
6863 5304
5220 5788
8218 6500
9527 6788
8185 8292
9445 6398
9155 7110
5989 6621
9772 8996
5183 5260
8411 8252
6641 7536
8755 5918
9946 8679
8898 9373
8144 9549
6204 5493
5430 5372
8008 8004
7384 6852
7670 5507
5536 7843
5962 5531
8919 7965
9323 5307
7651 5585
8394 9288
5535 8177
5804 8626
6698 6715
9943 5887
7972 5406
5022 9725
8658 5443
6525 7913
5542 9943
7823 6563
8931 6384
5260 7968
7462 7026
9038 8042
6154 6142
8679 8740
9009 9143
5008 7672
5115 9301
7349 6775
9388 8524
9409 5353
5792 8104
7919 5716
6905 9275
9830 6015
8954 9479
8597 6494
8486 8512
7750 8989
8633 7863
6070 8992
7399 7134
9104 6396
9718 7870
6126 7506
7581 7100
6705 6752
7918 9541
6713 5610
5059 5748
6655 5322
9060 5440
8462 9454
8134 6162
5863 9631
8638 8474
7402 9218
7978 7213
7870 5508
5820 8370
9180 7825
8404 9542
8208 8167
7857 8410
5000 8250
5488 5516
8185 6430
7897 5579
8741 9982
8555 9812
8839 8235
7946 7294
8948 7389
5350 5267
6628 5769
9376 6161
5581 7464
5334 8117
5725 8690
8445 8293
5514 6154
6494 8007
9518 9470
7980 6796
9623 8097
8937 5294
7079 6839
5251 9989
8962 8183
8855 9770
5372 5849
5359 5171
8722 5591
7954 7641
8078 7778
6019 8269
6189 5935
7744 7856
5866 9836
5822 8557
6256 7457
5762 5158
6302 8898
6335 6944
9810 6998
5627 5011
5617 6796
8416 7946
5451 6902
9415 8661
5259 6603
6121 9489
6653 8562
6295 9278
9790 8551
9847 6408
8626 5305
9173 6461
8746 8282
5379 8157
6754 8199
6685 9212
7970 8595
6643 9846
6692 5040
8565 8389
5696 6919
6892 8646
5770 9283
6369 7218
6144 7702
8578 6356
6415 9262
8797 6656
8472 7707
8333 8616
9065 9262
9546 9431
6092 8456
6576 8129
8117 5890
5946 9365
7150 6411
6772 9400
8841 7804
9286 5104
8224 5932
5916 8792
9168 7717
5040 9902
7970 9671
8355 6267
5050 6067
5726 6889
9995 6411
7360 5914
7852 5400
8191 5825
7493 6307
7121 5304
6557 7350
8816 8460
8799 6556
8353 6435
8673 7380
7772 9387
7386 9132
8059 9408
9932 7413
6913 8811
9672 9729
6310 5094
7736 5371
7086 7466
8900 6314
6103 9136
8202 8062
5107 7643
5576 9200
5562 6257
9507 6083
8541 5839
7298 6712
6117 9377
8786 5468
8906 6947
7350 7581
8082 7744
5887 7332
7774 9287
9547 7054
8477 8943
6871 5576
5108 5788
8328 8059
6009 8046
7212 6305
9966 6760
6113 5160
8132 7677
5436 6046
9071 5488
8383 6613
7644 7257
6772 5128
6818 9195
5612 6176
7363 5596
5863 6483
7498 5842
8445 6942
5790 6058
8167 8605
5445 9692
5697 8423
7948 7076
6364 5382
5062 5258
8606 7427
5398 6786
8212 6308
6562 5000
8854 8076
8780 6979
8089 5680
7342 9367
7571 6861
8519 9802
6482 5503
8838 9235
9082 6728
8379 6397
7328 8687
6928 5217
8321 9921
6602 5452
9112 6068
7676 8174
6729 7786
6540 7775
8565 8167
6280 8167
6500 7240
6019 5863
7526 8819
7298 6807
7205 6963
8742 5322
8949 9264
7773 6732
9849 9432
8001 9592
7532 9647
8703 6378
7206 7931
7932 9465
8684 8595
8191 5260
6578 7548
9476 5605
6487 9848
6716 6734
8509 8998
7115 8747
8736 6731
9249 7523
9075 9669
8333 6076
9555 6193
8161 8590
7445 8509
7032 6200
9979 7704
6822 8109
8657 5889
8235 8548
7540 5791
7535 9746
8093 9199
5848 9578
9786 5168
8246 9573
7920 8385
5538 5925
9125 5482
5415 7449
5110 7854
5173 5190
6944 7437
8683 7840
6521 9193
7544 7857
9754 7251
7568 9376
7720 9839
9238 7114
6352 6055
5025 9037
9922 9551
7233 8228
6684 9172
9510 5127
5602 9068
7890 7220
8070 7170
6703 5325
9619 5099
8095 8720
10000 7224
6139 6384
7625 5932
9489 7865
5571 8773
5543 6533
7492 6629
5456 8594
9289 7436
8615 9657
6641 9839
8074 5098
8077 6911
7095 6832
6732 7377
7323 7042
8673 6372
9206 7191
7367 6983
9947 7688
7935 6681
6343 5933
7400 7143
7808 7298
5688 8703
6351 8699
9457 7429
9378 5774
7696 5634
8604 7990
6698 6992
5805 8015
6284 6601
9555 8321
5611 6004
7144 8713
8103 7348
6163 7925
7140 8993
5292 9716
9061 5198
8031 9206
6171 7097
9734 8910
6245 8194
5567 5795
6806 8713
6599 8565
9155 8113
6754 5484
7164 8830
5121 5389
8214 8527
6474 7965
7690 9599
7655 7996
6500 8433
6133 7210
6390 9281
9118 8910
8678 9724
5000 5581
8612 8904
8316 6793
5534 9152
6299 5557
9596 6806
6850 5752
5486 5967
5762 5847
8781 6262
7844 6537
7966 8529
9995 5208
9368 5591
6507 5131
7285 7817
9217 9397
6789 5442
9165 5487
8702 9438
5703 9687
9439 5549
6762 8868
7356 8330
8063 8470
5557 7448
8898 5908
9192 8038
6164 7681
5677 5153
8191 8714
6979 5756
5446 9473
7832 9185
8621 8680
5202 7398
5970 9553
7913 9972
7899 6413
7952 6008
5782 7741
7162 5390
7309 7350
9540 7048
9774 5409
5904 8805
6689 6177
6387 5385
6195 9891
5358 5700
5285 7735
9524 7119
7581 5240
9829 6501
9676 9224
9062 6847
7077 6170
10000 6366
6529 8509
9788 5378
6369 7644
8586 8890
7928 8813
8155 7357
6789 7057
6168 6440
8728 7807
5384 7226
9657 5632
7704 5764
5909 9681
5873 9627
8109 9011
9668 5012
8162 8206
9912 8335
5648 8966
8518 8150
7990 5304
6508 6420
6807 6576
9853 9019
8794 8130
5024 9513
6427 7943
5343 9218
8158 9826
9369 5529
9655 9312
5129 7635
6392 5216
5299 9691
9642 7152
6776 5368
9614 7257
8938 5775
9856 6459
5406 5814
6949 6960
7593 7314
8920 5114
5873 9469
6435 8624
9870 8793
5546 9738
5956 6548
6924 5311
6244 9597
9307 8584
9116 7608
5221 7769
5861 5537
6193 6286
5506 5356
8277 8441
5910 6189
6581 7138
7086 7604
8858 6165
9798 6901
5163 6583
7828 6960
8339 6642
9449 9042
7992 5232
5969 9886
8927 5148
7959 5949
5936 7508
6900 9235
9923 6734
5174 8538
9571 5726
9328 6338
5291 7940
8944 8280
5406 5133
7160 9553
8356 5630
6960 7174
7436 7519
5343 7700
9420 8892
8293 8394
7189 6326
8005 9393
5823 6498
7489 9665
5892 9388
6015 6607
6855 5456
9619 9058
7167 9296
7510 7568
7889 9704
7211 9491
9089 9557
6348 5077
8774 9641
8062 5011
6403 8847
9997 9785
8938 9738
9422 7058
7904 8215
5654 9382
6038 6389
8646 5341
9304 5430
5505 5342
8963 5679
8288 9057
9457 7477
9918 6841
7119 6868
7087 8841
8292 9443
6333 8917
8429 9229
5232 8270
8057 6670
6003 6852
9924 6171
6006 6001
6257 9109
6022 7152
9044 6518
6384 8704
5191 9228
6769 5115
5598 8769
7401 8382
6685 9280
5553 8971
6049 7026
9452 5284
6945 8041
7200 5837
8448 8800
7779 6540
6600 8252
5688 8254
6204 7614
9465 6092
5096 8937
5824 6424
7933 8560
9310 9492
9689 5550
6054 6033
9940 9540
6269 7377
8447 7484
6632 9908
8252 6802
8460 7463
5806 7064
7747 9178
9950 6835
9948 7814
8637 5299
9888 6876
8736 8108
7913 9415
5279 9907
5366 7552
8882 6007
5502 7418
6738 6600
7125 5212
6148 5802
5616 6268
5170 8720
7154 5238
8554 5778
6596 7972
7844 6477
5912 8547
9694 6933
8743 9353
9973 7065
5085 5316
8456 9894
7854 6403
5204 5602
5879 9234
7503 6220
7973 7008
5132 7676
5043 8825
8122 6494
8149 8619
5158 7212
7594 6193
8844 8946
5763 5855
7959 7271
7486 9801
7828 8490
5854 6737
5769 5116
8563 7420
9390 7416
8631 8260
8617 8091
6480 8311
7192 8215
5647 9113
7640 5144
9810 7345
6586 7166
9166 8209
7420 9399
9488 5462
7275 6660
6967 8183
8270 6670
7583 7081
8033 5514
6154 9144
9241 8049
8099 9196
6344 9134
7615 5351
7962 8976
7305 7196
9225 8240
7450 9422
9188 9713
6955 6540
9026 9833
9054 9531
8716 7727
7293 6670
7209 5038
9067 5668
8392 8806
6077 6385
6427 9390
5933 9946
9598 9860
8118 7845
7089 5833
8756 9366
5252 7319
6887 8267
9181 7908
8551 6551
9756 5742
6828 9780
6461 9225
5237 7987
6647 7268
7141 7755
9012 5792
5456 8781
6462 5332
7404 7484
7919 8707
7248 8925
5329 8478
9888 7798
7525 8266
5620 7516
6220 5457
5916 6010
6869 5804
7741 8102
8966 9028
9601 8949
8160 9687
9973 5414
9371 7622
6646 8052
6355 5461
5252 5391
6802 8251
5707 5898
6736 5054
7448 6734
8772 5172
6394 5314
8747 5173
5421 7123
7932 5157
6327 7370
8147 8862
8773 6912
9748 8156
6674 9799
8576 7020
9217 8012
5031 5159
7354 8541
7229 5581
5830 6336
9303 9006
5027 7887
5045 8088
5026 7144
7749 7777
8628 6932
9025 8250
6515 8094
7399 5532
8313 8993
9262 6229
5457 5650
6355 5641
5301 5087
5747 6651
8515 8618
5000 6580
5751 8801
7518 6131
6306 8516
6552 7412
7650 5396
6602 9000
5439 7805
7758 5456
5313 6389
5760 5093
7603 9789
5342 6732
9727 6416
7069 6910
7880 9449
6049 9708
7123 9352
6695 7726
5692 9926
6773 5326
9048 7246
9553 9679
7201 5473
9154 7755
7938 5637
6138 6817
7575 9609
6820 5617
7157 5909
6554 9012
7654 6173
8894 6469
6682 9176
9668 9022
9805 7659
6985 6058
8840 9939
6784 7854
9660 8912
9941 9818
5193 7652
9838 9203
7494 5200
7241 6795
5609 9627
6798 8564
9105 8065
9308 6555
9813 7117
9605 7495
8185 9170
8064 7473
8014 8875
6957 8109
7195 8903
9231 7775
9853 8437
7135 5263
5801 8187
9001 5094
9542 8220
9103 5858
6742 5377
6971 7136
7799 5463
9881 7496
6989 9689
6179 6635
9325 7612
8924 7164
5882 5116
6144 6055
5014 6440
5842 6353
8434 6173
8736 5010
6071 7131
7122 6571
7392 6357
9099 8050
8122 5302
5132 9775
5553 5040
9163 9999
8509 7664
7535 5329
5439 7125
7365 7883
5325 6338
8635 8105
8849 6235
5488 5548
8207 5698
6752 8278
7310 6506
6924 9202
9466 6133
5652 5809
8614 9968
5378 7475
9258 8776
7780 7114
6887 8166
7002 7375
9631 9875
6991 7442
8390 8058
9701 5448
9111 9377
7884 9485
9812 7231
8272 5892
5579 7117
9663 6161
6968 9531
8953 5653
5287 6119
8387 6944
9952 7429
7189 7215
8612 5816
8769 9811
6061 5401
9981 8334
8585 6597
5357 6530
8298 7612
7663 6349
8483 8260
7073 8583
8427 5801
6556 8280
8019 8860
9081 7294
9313 6176
6434 7898
5420 8071
8642 9326
9344 7753
6712 8937
6994 6867
6474 6910
7498 9735
9889 8263
5857 6611
7234 9621
9610 7914
5545 6791
5526 9742
6359 5918
9429 5870
5445 8493
8706 6518
5478 9482
6381 7123
8645 6238
8351 9833
5387 9139
9841 9655
9158 9861
5037 8141
6504 6887
6957 5730
7213 9048
9914 9087
9947 6784
8270 9898
9085 6771
9435 6350
9226 6031
9160 5539
5778 6274
5894 7405
7056 7618
9841 7466
9861 6752
9659 6964
7695 9421
9181 5340
9841 7993
8371 5620
5106 6911
5239 6301
7590 5654
7701 6288
7307 6577
7501 8888
6858 8689
5816 9256
5551 8509
7118 8892
8759 6784
5734 9260
7529 6638
8444 8409
5072 9829
6289 5912
6152 9450
7985 8277
9889 9734
7436 9080
7440 6005
6832 7489
6865 9951
8237 6152
6534 9240
6769 9734
9800 7136
5354 5416
9452 8243
9378 6430
7302 7835
8345 9414
5552 7216
5120 5701
6406 8012
5145 5633
9537 8944
9353 6836
8357 6684
6579 5199
7169 8418
7098 8569
7075 9540
7180 6467
9567 6024
7891 6758
5283 9958
6995 7135
5115 8930
8195 7294
6757 5431
7081 5214
9786 7217
7973 5460
8198 5578
5734 5345
9367 9362
8557 6449
9757 7862
8912 5695
5195 7312
6561 8149
8122 8809
6390 9419
7519 5166
9123 8575
5345 7044
8767 6755
6775 9311
7803 6894
7839 7649
9540 9902
7112 6710
9682 6982
8235 8004
5145 9761
5916 6890
5132 6805
7787 7741
6183 9363
5304 8200
8552 5474
6036 8254
6729 6249
8457 5863
6106 9358
6775 7112
5871 6102
6847 8361
8942 7205
6375 5447
9257 9888
6744 6934
9682 8691
5932 9074
8788 8543
6466 6552
5996 6506
9326 5824
9470 7366
6400 8208
6349 6365
7177 5400
6421 6326
5421 9336
6362 6642
5688 6693
5459 9439
6404 6891
9642 7229
6744 8398
6423 7238
6786 5506
8891 5515
9943 5025
6500 7126
8855 6706
9305 5224
7966 6200
6646 6566
7605 5981
9882 8847
5390 8795
7008 8299
8006 7227
7806 6200
6630 7478
7400 6743
8805 8277
6845 5925
8036 9408
8855 6840
5216 5977
5431 7673
6158 5834
8548 5503
9188 7807
6077 9408
8977 6397
5878 5064
5894 7161
6477 7771
7630 9375
9419 8151
8332 9471
8773 9930
8535 5285
9555 8306
7951 9924
8020 8098
6882 8005
8722 7666
9218 5370
5264 8109
8051 9375
7613 8630
7216 8997
9203 6137
5796 7033
6464 9565
7093 5379
8119 9530
7785 7654
8372 6488
8189 9232
5034 8450
6459 7632
5303 5271
6564 7444
7962 5838
6183 8372
6883 7966
7188 6699
6526 6524
7045 7837
5897 8227
7752 9826
5749 7679
6282 7926
8919 6411
9339 6115
8892 5328
6098 7501
7458 5414
6531 8943
6300 5177
6636 7519
9771 6343
7883 9687
7228 9796
8940 6103
9430 7945
7029 9341
6265 6209
9227 5172
6980 5135
9961 8696
8155 9209
8552 9998
8842 8163
9877 9461
7195 5526
5381 9110
9800 9876
7858 5796
5843 7646
9362 5297
8431 7489
8687 8115
7563 9424
5810 8680
9958 5170
7123 6796
7370 9761
5526 9612
9652 5855
6530 8507
7326 7620
9039 6290
9771 9335
7438 8724
9482 8166
9438 9457
5408 6539
6423 5996
9977 8640
9172 6077
9687 7602
7352 5847
6043 8199
8876 7468
8042 9206
5128 6513
5959 5037
7766 7376
5067 5861
8890 5030
7496 5424
6414 5102
6856 7951
8032 6856
8364 6539
9400 8309
6707 8306
6382 6675
8784 5812
6446 7796
6145 5909
5519 5221
6484 9465
7899 5610
7502 9092
7338 6419
6833 9328
9052 5655
8343 7310
8128 5502
5914 7331
7184 8638
8815 6655
6900 7901
8465 8439
7376 6270
8488 8068
8205 6851
7111 6633
6079 7779
6054 6730
7587 8794
6882 5542
6376 7168
6204 7442
8912 9632
9179 6239
9803 5910
8734 8073
6342 6362
6536 8307
8964 5869
7331 8818
9556 7980
5692 8564
9712 7593
6952 9628
8070 6179
9685 8401
7996 7977
7753 6562
7820 9536
9298 6390
7063 5032
5966 7758
5480 8559
6623 5826
5013 5904
7537 9373
6360 9942
8713 8658
6466 5070
8854 6198
8717 9394
9478 8405
7654 6853
7686 8103
7240 9551
7303 7560
6593 7057
5943 9809
7240 9127
5084 6433
8846 9614
6314 8048
9822 5887
9025 6781
9008 7033
8037 8139
8142 7095
8086 9646
7792 5164
6624 7754
7372 6760
9865 8301
7897 6981
8147 5136
9020 6529
8036 9426
9252 7746
9398 6904
5067 8059
5679 8835
8360 8157
6788 7281
8115 7451
6431 7132
9051 9635
9975 7783
9605 5793
9523 5881
5267 8658
5510 6304
5485 6655
9514 9404
6854 9927
6993 9263
9323 7235
8724 8452
9058 7579
7185 8213
6720 6930
7626 5971
8656 8070
8652 9288
5557 6418
8053 7240
7472 6528
8410 6755
5675 5204
7852 9763
6888 6008
8825 6273
5558 9422
6695 5636
9496 5497
8332 8921
5337 7920
8829 5495
8986 6332
6382 8881
8715 6947
9465 5624
5801 9130
9408 8519
9462 6303
8176 5251
7396 6011
9517 7895
5134 9661
7752 9087
5998 8757
5023 7624
6695 6855
5530 5521
6576 7392
9053 6994
9908 7622
8928 6264
6541 7759
7155 5216
5572 7766
7916 9240
9431 8219
9681 9753
7260 5035
5252 5021
7109 5935
5478 9378
5865 7649
8792 9066
7038 6810
5706 9526
9661 9362
7001 8701
7838 5508
8072 7980
6612 5355
5550 8864
5115 8823
8612 5721
6256 6337
8073 5926
5114 9022
6211 5113
7554 9770
9220 9218
5858 7001
7331 9323
6964 8941
6178 9977
5795 7422
8859 8579
7961 9227
5547 8500
9826 6140
8094 7288
8471 8875
8710 6753
5444 6561
8301 6060
8276 9147
7700 8590
5561 9371
9834 5035
7613 6198
8415 6396
9435 8824
8241 9134
9472 5097
6495 9008
7559 5692
6621 7183
9515 6970
5594 9845
6013 8976
6708 9214
8904 6700
6572 5029
6829 6850
6745 5502
8208 7280
8324 5012
9201 9567
5196 7221
9275 8190
7403 7050
7307 7754
8409 9606
5785 6246
6392 9976
8040 5522
9003 5549
8642 6301
9856 5662
6299 5059
6656 7770
7334 5881
9546 6898
8484 8811
6459 5139
8289 9121
5233 8996
8697 7396
5535 5579
7832 6441
5701 9334
9806 5407
8735 8465
5288 6221
6839 6854
5508 8715
9728 9026
6936 8842
8176 8863
6575 5298
5466 6906
6545 9251
8698 5230
9581 8480
9287 8144
6058 6486
8847 6072
6127 9909
6152 8983
7072 7413
7053 8409
8179 8344
5352 6796
9936 7890
5833 7223
6980 9163
5490 7564
7991 9068
6457 6616
7094 8093
7271 8601
8129 5135
8482 8760
8665 7407
7268 6319
6026 6678
5813 7265
5000 7130
6953 6850
5258 6947
7864 7510
5409 8096
6954 7703
7459 7374
9975 5618
6905 9259
7210 5460
5458 9098
9567 8720
5336 6973
8647 5853
7979 7588
8084 6545
8289 9332
9521 5174
7828 5488
5862 6862
8400 9557
8173 6336
9383 8248
5697 9876
9666 5725
9816 8282
8674 6681
7597 6829
6528 6365
5954 9723
8118 6227
7925 7134
8238 6398
8070 8872
5996 7679
8124 8801
9013 6142
9711 7560
6817 6294
6901 7294
6765 7374
8358 5625
5406 7147
9993 9370
9798 8789
9911 9278
9565 6917
8337 9351
6612 7045
8268 8022
5633 8532
8787 6500
5932 7440
5160 5839
6734 5879
5637 8858
6320 5361
9832 7223
8945 5664
8717 8436
7490 9565
9931 8052
6611 9262
5411 6815
8531 7061
8830 7276
9664 8332
7840 7664
8545 6225
8749 9942
8517 6761
6824 7513
7847 7753
6210 8201
9734 6064
7062 5001
5190 9960
7778 8971
8672 6566
8299 5576
7999 5526
5364 7001
8093 8717
6163 8889
6526 9632
6536 6239
5654 9699
8843 6637
8437 7798
5958 5372
7423 9387
9922 5563
7561 5094
7836 5521
6208 7368
5674 6993
9455 7070
8322 5258
7274 6438
6185 9026
6443 5684
6866 6197
8742 6051
5189 8447
7416 9709
9343 9550
8225 6376
8156 8816
7565 9282
8855 7569
8482 6212
7989 8839
6189 7618
5297 9563
6586 7097
5767 9450
5512 8903
9146 6197
8414 6809
8517 6929
7286 5889
6769 5141
9401 6517
9527 9477
5421 8062
7588 5903
6905 7041
7388 5923
8975 9904
6258 9202
6544 5239
5452 6259
5847 7458
7657 8816
7006 7960
6780 8947
6112 6049
8538 8538
7201 7562
6669 8610
9175 6353
9221 8485
8778 5157
5750 9808
9245 7275
6723 6549
7241 6684
5658 5017
5315 5199
9262 8271
7735 8194
8676 9094
7273 8069
9860 7186
9067 6053
5075 5716
8354 9127
7337 8205
7701 7838
5240 9020
8480 7789
6335 6928
5911 8972
6414 7296
8420 9802
8715 9502
5662 8252
6147 9973
6385 6167
8155 8092
9088 8469
8523 9790
9846 9612
6183 6520
6274 6769
6230 5140
5639 9200
5134 6115
6821 9819
5664 7144
5219 9277
5827 7385
7872 6520
8777 9729
6224 9858
5679 9735
7379 5555
8975 8831
8691 9128
5324 9827
5082 8357
5593 5675
7565 5324
6505 8552
8103 5265
6927 7916
8309 9839
6025 7593
5229 8582
9039 8619
5377 7343
9059 7989
6943 6166
5899 8499
8635 8078
8053 5165
7546 6521
6783 8399
7724 9376
6447 8700
6024 8133
8692 8028
9471 8837
8401 6562
9016 8953
6705 8543
8080 7646
6296 5917
8851 9099
8115 8430
9386 7109
9555 7956
9750 7342
8016 8758
7437 5081
7564 5553
8149 9082
8865 9628
7795 5459
7724 8027
5678 8290
8535 8186
6821 5263
9536 8491
7116 9934
9979 6464
5389 9275
9336 8490
7830 7603
6224 8080
5286 6986
7309 5590
5183 5130
7686 8874
7838 7637
6766 8885
5730 9968
9793 6988
7992 5011
9167 5812
7327 6060
9211 6668
7069 9336
6972 9023
9800 8973
7530 8296
8416 8499
7057 8397
7943 5866
8285 8046
8560 8085
7730 9166
6060 9089
8011 9347
9755 7268
5805 7944
6065 6336
6774 7477
6545 5439
6836 9148
5673 8599
5850 7943
6966 9824
8927 5768
7734 7795
7521 5967
5078 6113
8020 7339
9426 5570
7353 5672
6357 7719
5351 9678
7710 5994
9520 8715
5354 7489
7347 5991
5260 5870
6212 8605
5556 8304
9326 8753
8795 9265
7749 5369
8618 8060
5994 5459
6470 7526
9274 9551
8988 7197
8957 6944
6013 9928
9198 7273
5698 8155
9925 7906
5713 6550
6771 9730
8684 9027
9844 5902
7501 9923
8369 5940
5334 5073
9003 6204
7552 7808
8270 7731
8162 9260
5945 6156
6485 6503
5417 8145
9418 5967
6914 9706
5680 6383
9418 6777
8693 5799
9476 7368
6709 5530
9446 9610
6266 5302
6771 8203
6363 6112
8217 6659
6700 6924
7418 8419
6653 9043
8573 5632
8689 6206
8468 5053
6488 7685
9357 5386
6628 6015
8779 9384
9908 7347
5343 8253
9958 5172
6164 9716
5230 6289
9060 7328
9293 7031
8864 9815
8413 8561
5182 7240
8217 8246
7299 8512
8859 5621
6235 6876
5017 7715
8819 8408
6930 6394
7580 5085
7335 6245
8552 7079
9643 7670
5348 6195
9215 7426
9650 5953
6163 6695
9748 6169
7993 8332
8027 9358
8792 9541
7562 6560
6267 7459
8343 6913
5164 9261
6469 9456
5318 7740
5140 8359
8395 5971
7472 8800
8320 6723
5528 8723
5804 5562
9222 9827
6099 9449
9900 5596
8459 7524
7980 6284
8507 7939
8919 6310
5274 9849
7541 7437
9050 9456
9614 8329
5972 6316
9867 5350
5144 6783
8870 5523
7660 7350
9910 6799
6857 8873
5037 9809
9254 6853
5042 9217
8316 9738
8511 8923
7073 8994
5441 7012
8759 7735
8181 6974
8222 5705
5314 9233
8222 6243
5340 8993
7196 9756
5534 7041
8025 5677
9531 5002
8634 7262
6995 5619
9710 9108
6660 5262
7511 9528
5872 6138
8827 6176
6523 9370
7144 7251
9307 9235
7972 5370
9040 8686
6933 8455
5468 7662
8643 6092
6356 6876
5936 7270
9898 8267
5804 9183
8473 8201
7993 7126
6343 6987
8427 8297
7916 8819
8015 8255
8298 6855
7157 8776
7250 7620
6732 7728
5731 6507
8930 9675
6414 7673
6367 7721
5675 6007
5945 8360
6866 7977
9070 7808
7068 9403
7965 6435
9364 5190
9342 9091
5220 8370
7039 7395
9722 7323
6069 6397
9239 7002
8945 5266
7044 7784
8547 6792
9255 7070
7008 6102
8566 6631
6696 6888
5579 5010
7700 8882
9149 9715
5517 5558
9958 8313
7832 7019
9450 8742
5685 9480
8003 9406
8286 5521
5342 7000
6322 5117
5325 7766
8157 8757
6464 6323
6382 6908
6032 7959
7238 6242
9152 9739
7438 9930
7784 7896
7784 9127
5989 6846
8309 7491
9937 9174
7577 7158
7648 9917
8813 5240
6388 6888
9133 8023
5268 6566
6972 9099
5121 7286
5383 6203
7482 5113
7583 7043
7414 9773
5627 8490
6764 6192
7613 9296
6123 5160
7755 8207
5310 6470
6264 8737
5786 7151
9359 9934
6646 7082
5888 5696
7119 9063
5780 7031
8809 8932
8650 8480
6538 7157
8704 9512
9599 7343
8857 6485
5336 8358
7973 6948
7061 9256
7456 9763
7834 6629
9317 8404
8512 8533
6205 8012
5496 9726
7633 7278
9497 5260
6113 5460
6623 7795
5149 8322
6230 8013
7194 5129
7833 6523
8459 6112
7546 9255
6057 7243
8095 8865
5326 5230
6814 8404
8277 7544
9569 7870
8521 7093
9036 5713
7793 8440
6163 9759
7335 8209
8427 8440
8482 6217
8056 9615
8663 9893
8750 6525
9197 9589
8943 5717
7011 7325
7218 8379
5707 6071
7600 5934
8242 9598
6131 8110
8982 5757
5091 6161
6536 9122
6189 7159
7628 5047
7154 8993
7406 6607
7441 9782
6357 9977
7739 5869
6929 7699
9603 5274
9968 7393
9116 6439
7935 6863
5176 8830
5803 7395
7405 9002
6895 7254
6485 5226
5006 7918
8765 7007
8017 7984
7064 9584
6724 5542
9562 6894
5879 8765
5782 7772
9939 9726
6813 7680
6490 5965
8565 6082
5510 9278
5074 5359
9212 6356
8263 9979
6576 9054
6936 5056
5045 5808
5030 9449
7944 7424
7917 5028
6026 8215
6121 9826
5301 8992
5146 5629
5957 7782
6800 6559
7465 7788
9547 8269
8294 8343
8574 8817
8889 7200
9211 5483
5312 8437
9591 7877
7906 7385
6962 9130
5500 7826
5583 9002
5882 9709
8519 5356
7406 8076
5433 8574
9411 6784
7417 8042
5653 9332
6418 9299
9884 6935
5760 6297
8045 8899
6837 9074
6948 6457
9932 5145
8042 5104
8717 7090
7267 7438
6472 7221
7278 7851
8261 8199
6943 7795
9001 5678
9768 9033
8568 8918
5265 7786
6741 5581
6437 9224
8932 9870
6383 8348
6421 9572
6790 9842
5938 7893
9820 9192
9673 9505
5339 9276
9771 9540
9711 7480
6441 5005
6100 9752
9710 5607
9169 8099
7448 5817
5013 7038
5834 6233
7396 6698
9151 8366
5866 9940
8476 5129
6911 6879
7150 5838
5144 7734
8265 9657
8825 5776
7190 5310
9525 6092
7794 9250
8736 7027
5073 5227
9033 6629
5431 9807
9584 5170
9385 5508
9388 8050
8991 8808
9938 7364
7570 5895
5567 8483
6998 7990
9056 9026
9811 5707
7829 5018
5685 9841
7578 6700
8465 5291
6977 5034
5162 5103
7758 6450
9515 9758
6238 9496
7853 8972
6405 9083
7520 9168
9439 6241
5541 8739
8809 9519
5035 5658
5010 9010
8333 5093
8653 9104
9548 8701
7728 8289
8021 8689
6428 8528
5448 8143
7118 5288
6757 5138
9657 8694
8947 9403
9751 6028
9342 7304
5369 5823
9590 8474
9435 6060
8588 5063
5366 7341
5845 9189
5671 5216
8501 9976
7183 8082
8743 5882
7551 9275
5294 5700
8910 5214
9861 7706
5876 9156
7131 9100
9106 7102
6753 5843
8436 7803
8936 7684
7881 9316
5008 6640
6737 7931
9690 8917
6421 5361
8114 7039
8463 8629
8763 8222
6138 9973
6287 8323
7697 5419
8155 8009
6045 8943
9891 6957
5949 5755
8331 5866
6955 8364
8983 5438
5915 7801
8794 8651
7690 9359
9325 6213
6781 8704
5519 9039
5886 8477
6444 8227
5475 5891
5807 8220
5816 7346
9542 5544
9850 9985
5977 5326
5143 6547
9452 8683
6486 5646
9288 7808
9754 8317
6453 5054
6253 8666
6469 8176
6751 6945
8390 6150
6459 5336
6861 7837
8339 5874
7944 5137
5639 7302
6098 8430
8624 7863
9954 9039
7859 9619
9454 5766
6164 9515
9506 7791
9851 5537
6914 5694
6376 8772
7034 6720
8900 5748
5344 5014
6248 6188
8254 8556
6398 9917
8006 6507
9098 9194
5803 5279
7019 8451
5452 8416
8978 6095
8054 5114
5176 8028
8995 5215
9190 7243
8257 7803
6827 8102
8359 5031
7047 9853
7156 9486
6438 8223
8235 7893
6983 7049
8477 7922
8945 9205
6968 8496
7952 8929
5186 6459
8601 8240
5407 9874
9509 5186
5144 8058
7181 5843
5199 6637
5653 9830
5659 9580
7943 6136
7494 5848
6014 6703
9345 8399
9531 8600
5190 5039
9864 5430
7806 8292
5113 6647
9684 8952
5591 6565
8854 7888
7737 9049
9913 7865
8638 5460
5183 9365
5499 7988
8069 5289
8360 6783
9900 5854
6107 7792
9390 9886
7334 6755
5807 9321
5001 9027
5445 7789
7624 7604
6809 5023
6192 6989
7311 8402
8385 6943
6651 5574
8537 8337
9099 9879
8640 8730
8920 5148
5474 6022
5363 7532
9312 8297
9356 9347
6607 8421
5254 6569
8635 9136
7949 6928
6687 5464
6499 8304
5318 9353
5872 6345
5215 9012
8006 6384
8042 8847
7409 9373
6063 6068
8286 9608
6377 5622
5699 9115
5297 5617
7281 5801
5261 7724
5837 7596
6483 9940
7366 5107
5043 9099
5944 7469
5898 7305
9843 6003
9186 5628
5825 9651
6127 5421
6331 8595
9108 8489
9091 5795
5529 5347
5872 7788
9086 5214
9556 5190
5419 5171
5620 6780
7129 7211
8544 6111
6059 6065
9173 7964
9588 6222
8920 7216
8929 7790
8299 7697
5316 8304
6235 8621
5220 9483
7101 6469
7896 5312
5671 5761
8804 9582
6781 9100
9625 8040
8425 7294
9725 9735
6292 5545
8342 7866
9753 8721
5654 6034
6020 9724
8194 9843
7936 7625
7526 5189
6277 6680
7329 7422
7784 7360
8679 9704
9804 7593
6554 9253
9386 9249
8661 9459
7559 7993
8351 5744
5048 9494
5946 5390
8844 8044
6079 6168
7175 9298
7011 6255
7309 8159
7657 7917
8667 5791
8050 6593
8452 6043
9951 8144
8584 7784
9827 9340
8690 8420
9104 8048
7126 6034
9027 6240
6766 8055
5603 7654
5435 8939
7796 9783
7374 6533
6051 6851
5765 5991
8791 5646
7112 9095
6096 9985
6469 5441
8520 8373
6964 9657
5917 6275
5334 7260
8104 8423
6677 6579
7119 6834
5287 5915
7773 7949
6303 7414
9944 6296
7624 9815
6199 5655
8040 7958
7074 9402
5221 6896
9450 7192
6337 9839
8067 5039
5328 9497
9980 5146
7126 9707
5254 8608
6581 7375
8341 9285
9809 6001
5550 5064
9045 9709
7466 5843
8732 8532
6152 8138
9213 9142
9159 9146
7874 6530
9400 6591
5308 9307
7117 6729
8414 9877
7317 5025
5985 6519
8348 8118
6848 7158
9456 9750
9786 8010
6667 9860
5719 7613
5625 8488
9365 5394
7294 9127
7489 5417
6116 8910
8354 5585
7136 7532
6327 6157
7214 7082
5578 7233
5874 8552
5618 5499
8989 8304
8752 9888
5782 9352
9952 6342
8692 5818
7341 8664
8613 7583
8966 9976
7583 5982
7724 8321
8403 9668
6397 7411
7618 9184
6275 6100
5500 8806
9595 6349
9245 6293
7863 9005
8404 5580
6434 6976
8291 5126
8626 9604
9600 8614
5975 5616
5033 7714
9428 5364
9250 6546
6481 8496
8804 8617
6062 5607
5634 6341
5063 9379
6426 8546
8880 5725
7252 7235
6916 6041
6585 9108
8614 8934
7821 6161
8519 9202
9903 5729
6247 5024
8791 9760
6573 5618
9700 5305
5868 7147
9945 9982
5016 6026
5600 9113
7135 5185
9223 8735
5161 6931
5385 9481
5613 9902
7779 6881
8997 7684
7042 7772
6116 8963
9432 6248
9158 7682
5978 9566
7130 6752
7152 5864
8551 7892
9742 7906
8023 9438
9949 5362
5545 7370
9723 6393
8641 7932
8467 8079
6173 7981
5355 6431
8631 9878
8916 6668
7677 7041
8518 6839
7218 5953
6178 6538
9988 6289
5354 5195
8221 9773
7145 8349
8404 6437
8712 5340
7117 6292
6581 8549
9164 9407
7126 6767
9446 9797
8323 6698
7697 8075
9349 5534
8163 5173
5550 6211
5851 6196
6002 8751
8132 6826
8160 8644
5846 7801
5193 9488
7269 9549
8611 9689
8172 9190
8139 7445
5100 8419
8080 9068
5755 7178
9803 9885
7275 5225
9527 9472
5864 7232
9270 5836
9292 7467
9670 7173
9271 5535
8809 8381
5748 9583
5875 5404
7094 5862
7499 8705
7746 6630
6962 7321
9775 5999
5664 7788
8559 8486
8741 8774
8457 7841
5598 8648
8981 6905
5757 7607
5522 5253
7551 5123
7836 5820
6917 9083
9642 5600
6852 7868
7998 5192
7141 7459
6733 7661
7546 8343
6245 9976
8548 9913
6345 8094
9438 6143
9016 8987
8993 7989
9364 9292
7550 6017
9144 6592
8852 8172
7872 9286
8525 6422
7429 9001
7188 7406
5327 8140
7756 8940
6964 7624
5498 5278
8850 7801
6706 7246
6647 5316
5734 8293
5854 5523
7564 6395
6739 5327
7887 8235
6478 9044
7301 5487
5666 5300
9667 7546
9974 9132
6193 7605
9032 7161
8180 5247
6621 9429
7841 8224
9245 6343
9305 8323
9120 5855
5999 7414
8757 7850
6975 7095
9667 5388
7217 5245
7899 8102
8902 9757
5613 6536
6710 7895
8507 7645
5096 6878
5282 9936
8514 6264
5508 8121
8696 7614
6078 6543
5019 7204
5929 8370
6741 9761
8709 6217
8931 7066
7992 9781
5220 7005
7256 8528
6976 6791
8643 8021
5133 6640
8662 8976
5106 9601
8919 7977
7751 9712
7296 5829
9771 9730
5850 8057
9518 6054
9933 5085
9306 6727
8080 7243
9586 5229
7441 6511
7386 8328
5985 7429
6184 7476
9900 6495
6119 6320
8565 8267
8111 9559
9976 9140
6635 6805
9888 6201
7153 5844
5261 5746
8737 9680
9130 7372
7085 9304
7935 7615
5854 5920
8661 7089
9643 8690
6308 8050
5933 9135
6919 6237
6334 5991
6874 7141
7823 9227
9217 5734
9668 9041
6471 5582
5625 7438
5844 8203
8662 9099
6410 9482
9373 7134
5215 9958
9415 9352
6012 8113
9394 5650
8696 7406
8794 5811
8497 8923
8921 5894
9476 8228
8214 6992
5642 8668
6117 9564
6203 6397
8589 6346
8850 9776
7967 7969
6754 6141
6497 5542
9138 9565
6755 9074
7603 9295
5816 9988
9905 7489
6234 9546
6635 5076
7276 9140
9450 5942
8394 5833
8534 7990
7842 9991
5730 9650
9201 7928
8654 6353
5691 6249
8901 6760
6034 8361
6118 5466
7318 5209
6374 9649
8313 7743
8491 8786
6824 8291
5728 8309
6978 7679
5891 8858
5693 5431
6214 7552
7531 9498
8030 8333
8251 6666
6379 8970
5653 8365
8481 8865
9091 6028
9937 8362
7626 6766
8682 8358
5072 8456
8916 5447
7182 8539
6352 8804
5094 6804
6357 9315
6683 6871
8521 7613
6017 6135
6703 5978
5572 8694
9694 9387
7224 9519
5629 9219
7609 8731
8285 9803
8767 8367
9939 5738
5456 5230
5122 7853
9500 5161
8281 6673
8371 9823
9255 5289
5384 5693
6375 5138
7917 5567
8717 6415
6696 5762
6581 7157
8298 6779
8288 8746
5468 8358
6553 7529
5606 8586
9823 5799
9435 7938
8924 6203
5617 9233
9389 6255
9084 5163
9516 5975
7797 5061
7561 9383
5686 9143
8273 5154
6018 5699
9846 6879
7336 6436
9408 9282
6214 8467
5083 6062
6636 8996
7652 8119
8588 6006
7850 8134
9496 6102
5575 5744
8097 9300
8156 9921
8513 8053
6529 7761
6622 7225
8173 7965
8519 5468
9939 7332
6476 7669
6756 9824
5736 7322
6217 6418
7216 8628
9935 8734
6313 5769
9622 8490
8867 8899
7339 9815
9726 7646
6630 9025
7745 9429
7962 8492
7601 5443
7908 7921
5794 9843
8372 6877
8909 8820
9666 9690
7650 5702
5460 7743
8732 5479
9351 7180
9766 9347
6638 8313
6046 7412
6069 9140
6524 6605
9743 9942
5915 8733
9142 9421
5029 6160
6827 9799
9948 6842
6637 9816
7306 6761
5251 6785
8483 7469
9074 9546
5128 8107
7570 5457
8699 8685
9547 8744
9314 5815
8137 9242
6850 7392
8221 8979
7923 5976
8419 7000
8307 6737
7556 6362
5472 6560
5495 5459
6415 8582
7924 9655
9430 6507
7258 8430
5611 5411
8343 8310
8848 5716
7704 6540
7895 7282
9639 9229
9458 8178
5408 8593
9386 8173
9212 9037
6678 6466
5206 7811
5207 9088
9207 8969
6017 7627
7940 9868
9809 5980
7958 5112
8478 8292
6913 6084
9502 7006
5652 9359
6203 8002
8390 7847
5830 9190
8591 5537
5347 5768
6436 5083
6284 5017
9551 7328
7419 6299
6234 8965
9410 5335
5719 7089
5842 8815
5456 5599
8014 8808
7639 7278
5964 7322
8324 7563
5586 9387
9010 9582
5321 6913
8997 5466
5663 5580
9513 9415
7001 5627
6645 5846
9008 8643
6311 7166
9639 9556
7475 8105
7169 5239
9728 5658
6437 7218
8033 8870
6247 7893
8948 5049
5211 8587
9506 6605
7960 8008
8892 8129
5545 5652
9285 7262
5366 7800
6589 7673
7267 5006
8816 6405
5156 6299
8808 5257
5205 9779
5071 5734
8074 7210
9636 7033
6019 9444
8707 7520
8573 6132
6743 8091
5113 8278
5734 5966
8199 9966
6897 6976
6355 7180
7517 5633
9478 7274
7351 7262
5353 5181
7952 9066
6674 5737
8811 5757
7965 5566
5246 6388
5750 7918
6124 7261
6463 5551
9504 8141
7521 9968
5043 6634
6623 9125
7889 5056
9194 5790
8803 9533
5304 6791
8235 7900
8999 7514
8972 9430
7575 7105
9316 8708
9012 6748
8804 7821
8549 7462
6265 7709
7973 9937
8439 8508
8518 5158
5158 9170
5958 8391
8931 8882
6478 9747
8126 8448
7044 5240
5938 9831
6189 8956
5734 8486
5066 5510
6159 7770
6787 8086
8771 9844
6821 6175
5385 9928
6053 8536
9755 8291
5362 9858
7824 7106
9675 9197
8119 7305
9908 9518
5162 6393
7794 8147
8471 9597
6701 8974
7432 6354
7268 9495
9107 9636
8532 6556
7773 9888
7128 9384
6014 8778
9018 6333
5470 8646
7537 6917
5988 7373
5770 6904
5839 7329
5402 7782
9537 8994
9391 9341
7611 9191
9561 5603
7609 7315
6440 7032
7715 9382
8578 7161
6268 9027
8398 7142
5504 9208
9909 7422
8698 7068
6611 6533
5519 8258
8632 8539
8255 5902
8638 9510
7800 9711
6957 5579
6705 6702
5220 9419
5370 8291
5269 7897
9852 8123
8521 9933
8887 5117
6283 5385
8202 7237
6221 5514
7479 8710
6657 6536
7567 9553
7172 7265
5733 7770
7019 5956
6546 5443
7245 9426
6505 7835
6011 6393
6307 6241
8819 7018
9335 9321
9229 8791
9766 7267
8624 9760
7796 7987
5974 6455
7989 5926
6180 8806
9669 7377
6533 6175
9856 8218
9325 9107
5442 9195
5450 9446
5584 7520
8773 6636
7238 5787
8004 6821
6478 7626
5737 7985
7367 5894
9363 5268
8032 6482
9693 9083
5510 7002
5796 7553
9223 5075
5795 9215
8606 6033
8399 9796
9208 6953
5602 6747
8086 6395
7523 5704
9266 9855
7855 9557
6246 5170
7619 8331
6668 7224
8409 8578
8376 5560
9861 9438
9856 6639
7169 8281
8169 7296
6747 7538
6075 6353
5140 7567
6909 5939
8566 5428
6937 6504
9833 9623
6934 6960
5778 9827
8326 8079
5489 9944
5710 5146
6591 7960
8559 8854
9242 7638
7168 6808
5388 6739
5287 7238
7933 9774
6549 6849
7916 8166
6761 7162
8251 6618
7500 6740
9439 9832
6477 6555
8288 6436
7375 6294
7106 5232
7482 6704
5185 6363
9412 6838
7215 5544
8060 8893
9212 5132
5764 9101
5902 9487
6530 6783
9424 9666
6741 6713
7668 7293
7390 6842
6551 7648
9499 6764
8989 8597
7516 9899
6832 6106
5280 5296
5272 8311
5239 8084
8793 6623
5041 7064
7313 8004
7975 9774
7745 9886
7328 5979
5867 5170
6465 7054
8389 5999
9382 9012
6026 8937
9434 7161
9403 5433
9257 7176
5200 5505
8419 6449
5297 5511
6250 5698
7467 9609
6701 5257
8407 6263
6681 9193
6959 6054
5248 6983
7254 7059
5579 7923
7862 6068
9246 5505
5048 9782
8128 9433
5204 6196
9838 9908
6757 6174
5836 7094
8546 8391
5809 8076
6300 6119
6692 6771
7434 7411
6201 8521
9014 8833
9338 5570
7530 8973
8567 9941
6872 9657
9477 8473
9585 7795
5219 5119
8654 7892
5135 7369
9072 5878
5353 9319
6353 9232
5964 6727
6769 9730
5876 9157
5506 7744
7578 8868
5094 5470
7407 6993
5680 9237
5419 6037
5243 5144
9171 6655
9715 8687
8013 7716
5023 6206
9893 8923
9651 5525
8430 9411
5468 8142
5143 7364
8863 6436
5372 5960
9919 8576
9746 7211
8574 6441
5681 5570
5915 6330
6627 6455
6668 6026
7890 8917
6858 6068
9141 8724
5688 7206
6494 7900
9209 7918
6622 6669
6906 5289
8407 8285
5480 5658
7982 7980
9325 5315
9929 5185
6800 7122
9217 8183
7445 5919
5437 8146
5698 8003
9962 6679
8179 7613
7683 5917
7059 5127
7111 8399
8384 9555
6552 5764
5434 5245
5938 8711
6865 7019
6460 6071
8569 6601
5083 9242
5555 7537
6183 9502
8562 7229
6664 5454
7984 6075
7783 9878
9344 9005
8237 6000
9043 5309
6186 8978
7796 6589
8802 9849
6216 9715
5173 7077
8246 9200
7111 7884
8109 8152
7983 5335
5897 6784
8039 8073
7720 9902
5050 5308
8476 5135
9579 8916
6568 7900
9235 7057
8324 9510
8353 8790
5120 9769
8712 6180
5036 6122
6890 8285
6680 5687
5843 6198
5718 7807
5144 7129
8635 6742
6127 6759
6059 5683
6691 9563
6780 5620
5618 7621
5014 5380
6874 8279
8383 8982
9701 9734
5486 9819
5155 6441
9095 7971
5864 6351
5138 8426
6197 5975
7607 5699
9495 8698
9843 7915
9949 6626
5819 9007
7715 8087
5630 5004
8774 8406
7508 5109
7489 8712
7597 8031
8374 9891
6548 9915
7595 9502
9791 9933
8101 5725
8115 6157
7795 7951
5196 7910
5067 8003
6744 8083
7807 6233
6084 5299
5534 8888
6550 7844
8744 7105
6953 7491
