100 721500
482 485
257 326
286 248
517 421
404 322
713 795
45 43
924 845
873 955
160 252
1 9
838 901
40 122
58 94
676 738
627 574
766 715
862 882
405 367
923 984
379 299
461 433
612 682
133 72
813 874
97 138
908 856
165 145
996 995
623 529
220 199
298 277
157 97
723 719
144 242
48 107
129 122
148 70
35 98
644 600
632 645
272 267
1040 972
977 895
312 213
778 748
567 487
965 923
1 29
616 674
569 540
628 554
493 467
76 46
733 710
575 553
288 191
775 724
723 730
912 988
64 90
354 340
565 549
210 196
922 865
775 678
566 570
934 936
626 722
742 651
194 123
485 431
483 508
617 585
876 853
653 642
896 992
652 725
220 286
727 812
900 859
563 663
56 88
157 179
280 187
537 619
284 261
920 846
124 192
239 261
459 514
931 886
504 530
910 849
382 294
795 799
485 391
351 330
289 298
865 790
5111 6553
9437 9940
6788 7707
9579 9751
8901 5463
8374 8236
6301 6378
5712 9722
9115 8675
6025 8576
7360 8013
7384 5841
5384 9330
8562 5481
8954 5516
8712 8483
6547 7828
6086 8131
7059 7013
5015 7476
7883 8536
8337 5110
7764 5805
9704 7984
5417 5697
8232 5110
7413 9684
6899 8774
5723 8005
7461 8995
7869 7376
5711 5974
8329 7444
7298 8886
8646 9320
6300 9939
9248 5353
6025 8307
7349 8537
5181 9138
7075 8431
7393 6434
5921 6483
6023 5145
6045 8948
5237 7975
6040 5803
5882 8847
8792 8897
9947 6285
8241 8709
8868 5281
7969 7368
7157 7510
6100 8778
8962 9838
6540 6631
5622 6231
9058 5974
6367 8587
5239 9218
6658 9513
7161 5502
8561 8047
6665 6848
9325 5800
9393 6842
8477 8913
5804 5106
8346 6689
9137 8694
5404 6476
7881 9852
6388 6254
7833 5816
7639 6329
7048 6542
6424 5664
6305 5364
7374 8172
7494 6443
9099 5335
5680 8457
5397 5709
7821 5307
5156 5119
8463 9087
7983 8581
7847 8411
7454 8125
9583 8937
6189 5698
5390 9337
9343 6269
8084 5804
5374 6072
8645 6147
8456 8507
5863 5968
7423 6088
