
1000 544200
585 485
194 94
426 326
606 506
348 248
516 416
521 421
1092 992
422 322
749 649
895 795
337 237
143 43
557 457
945 845
915 815
1055 955
546 446
352 252
522 422
109 9
891 791
1001 901
459 359
222 122
767 667
194 94
698 598
838 738
107 7
674 574
644 544
815 715
434 334
982 882
866 766
467 367
1094 994
1084 984
993 893
399 299
733 633
533 433
231 131
782 682
528 428
172 72
800 700
974 874
717 617
238 138
974 874
956 856
820 720
245 145
519 419
1095 995
894 794
629 529
296 196
299 199
1097 997
377 277
216 116
197 97
1008 908
819 719
639 539
342 242
807 707
207 107
669 569
222 122
637 537
170 70
1031 931
198 98
826 726
700 600
587 487
745 645
872 772
367 267
613 513
1072 972
181 81
995 895
1043 943
313 213
158 58
848 748
403 303
587 487
864 764
1023 923
636 536
129 29
824 724
774 674
889 789
640 540
579 479
654 554
242 142
567 467
439 339
146 46
741 641
810 710
296 196
653 553
594 494
291 191
166 66
824 724
924 824
830 730
308 208
1088 988
811 711
190 90
900 800
440 340
414 314
649 549
389 289
296 196
501 401
965 865
566 466
778 678
789 689
670 570
933 833
1036 936
325 225
822 722
344 244
751 651
949 849
223 123
213 113
531 431
479 379
608 508
461 361
685 585
165 65
953 853
586 486
742 642
786 686
1092 992
386 286
825 725
989 889
386 286
124 24
912 812
591 491
959 859
991 891
763 663
190 90
188 88
281 181
279 179
314 214
287 187
117 17
719 619
572 472
361 261
518 418
946 846
519 419
292 192
456 356
361 261
782 682
614 514
406 306
986 886
301 201
630 530
485 385
949 849
1052 952
394 294
600 500
899 799
294 194
491 391
837 737
430 330
424 324
398 298
1092 992
890 790
324 224
375 275
360 260
926 826
197 97
172 72
310 210
966 866
749 649
1051 951
1019 919
848 748
163 63
785 685
1058 958
1056 956
904 804
664 564
618 518
283 183
528 428
500 400
637 537
821 721
446 346
307 207
253 153
423 323
1071 971
711 611
762 662
216 116
297 197
209 109
191 91
895 795
629 529
443 343
226 126
962 862
847 747
785 685
569 469
110 10
870 770
981 881
1034 934
1084 984
823 723
503 403
995 895
460 360
668 568
549 449
272 172
641 541
1058 958
372 272
483 383
977 877
408 308
459 359
1070 970
807 707
683 583
408 308
148 48
870 770
1030 930
130 30
669 569
308 208
103 3
411 311
120 20
200 100
709 609
1039 939
987 887
522 422
925 825
885 785
1030 930
470 370
1004 904
1089 989
341 241
1069 969
479 379
243 143
476 376
1072 972
1062 962
128 28
989 889
161 61
543 443
738 638
316 216
448 348
438 338
447 347
260 160
166 66
506 406
491 391
259 159
738 638
131 31
395 295
304 204
926 826
520 420
296 196
253 153
549 449
525 425
955 855
431 331
243 143
665 565
587 487
938 838
240 140
109 9
664 564
1018 918
715 615
633 533
235 135
332 232
664 564
1057 957
460 360
691 591
893 793
676 576
263 163
846 746
959 859
477 377
860 760
958 858
811 711
186 86
762 662
534 434
259 159
658 558
760 660
379 279
368 268
940 840
1048 948
835 735
415 315
674 574
776 676
226 126
441 341
1012 912
789 689
839 739
994 894
921 821
806 706
725 625
590 490
1017 917
578 478
301 201
771 671
1093 993
1032 932
249 149
999 899
152 52
337 237
859 759
287 187
367 267
572 472
356 256
872 772
883 783
198 98
217 117
1006 906
616 516
1011 911
280 180
735 635
125 25
325 225
480 380
923 823
812 712
264 164
366 266
443 343
316 216
832 732
548 448
602 502
641 541
840 740
764 664
676 576
1054 954
712 612
826 726
1002 902
872 772
554 454
631 531
511 411
1043 943
1073 973
850 750
803 703
427 327
950 850
1017 917
177 77
105 5
320 220
213 113
902 802
1013 913
503 403
891 791
281 181
1098 998
110 10
959 859
625 525
445 345
1019 919
531 431
768 668
775 675
627 527
933 833
562 462
538 438
391 291
623 523
705 605
1016 916
557 457
520 420
505 405
215 115
517 417
760 660
379 279
361 261
785 685
872 772
696 596
488 388
407 307
864 764
324 224
943 843
422 322
306 206
940 840
507 407
1075 975
739 639
501 401
952 852
191 91
642 542
427 327
160 60
430 330
857 757
282 182
182 82
703 603
737 637
893 793
193 93
715 615
714 614
833 733
236 136
964 864
287 187
116 16
202 102
963 863
1072 972
1087 987
263 163
406 306
601 501
134 34
577 477
940 840
592 492
800 700
221 121
806 706
180 80
887 787
238 138
205 105
760 660
934 834
329 229
898 798
927 827
410 310
548 448
709 609
330 230
790 690
932 832
661 561
589 489
679 579
686 586
160 60
391 291
488 388
765 665
409 309
760 660
507 407
802 702
300 200
253 153
413 313
706 606
1070 970
223 123
133 33
353 253
373 273
809 709
377 277
932 832
1097 997
208 108
140 40
988 888
327 227
581 481
960 860
383 283
1040 940
958 858
708 608
384 284
1090 990
811 711
690 590
950 850
906 806
339 239
152 52
1043 943
901 801
295 195
864 764
195 95
810 710
510 410
486 386
764 664
693 593
1000 900
150 50
212 112
594 494
1063 963
256 156
854 754
1036 936
558 458
1065 965
119 19
186 86
325 225
823 723
669 569
284 184
197 97
968 868
294 194
440 340
854 754
512 412
702 602
587 487
161 61
309 209
795 695
446 346
447 347
960 860
819 719
407 307
200 100
195 95
197 97
921 821
943 843
1041 941
845 745
921 821
386 286
687 587
592 492
301 201
216 116
765 665
631 531
627 527
524 424
912 812
353 253
524 424
526 426
559 459
513 413
443 343
1080 980
936 836
391 291
606 506
933 833
279 179
586 486
1016 916
109 9
530 430
675 575
696 596
1022 922
908 808
245 145
369 269
997 897
612 512
504 404
911 811
842 742
785 685
828 728
667 567
369 269
876 776
203 103
955 855
845 745
818 718
135 35
953 853
879 779
197 97
171 71
246 146
180 80
846 746
942 842
115 15
228 128
1065 965
1041 941
612 512
327 227
580 480
130 30
1058 958
442 342
765 665
705 605
291 191
631 531
1064 964
464 364
615 515
459 359
706 606
967 867
922 822
920 820
636 536
413 313
793 693
307 207
119 19
1011 911
435 335
408 308
201 101
530 430
1022 922
785 685
394 294
741 641
1010 910
213 113
510 410
241 141
350 250
790 690
646 546
800 700
829 729
659 559
709 609
581 481
820 720
603 503
1076 976
866 766
859 759
107 7
898 798
982 882
174 74
959 859
748 648
282 182
399 299
525 425
885 785
642 542
946 846
783 683
490 390
953 853
997 897
1038 938
516 416
189 89
937 837
724 624
347 247
281 181
393 293
978 878
244 144
1033 933
1038 938
680 580
567 467
352 252
580 480
307 207
1055 955
758 658
765 665
120 20
126 26
1054 954
664 564
447 347
549 449
859 759
126 26
546 446
621 521
114 14
401 301
757 657
421 321
810 710
713 613
1080 980
488 388
288 188
979 879
736 636
1090 990
303 203
288 188
532 432
1063 963
229 129
920 820
730 630
400 300
609 509
922 822
337 237
355 255
473 373
377 277
938 838
253 153
495 395
500 400
792 692
327 227
203 103
618 518
318 218
547 447
484 384
415 315
1031 931
913 813
496 396
424 324
489 389
602 502
740 640
399 299
387 287
880 780
397 297
476 376
1077 977
616 516
612 512
312 212
319 219
429 329
655 555
910 810
498 398
586 486
389 289
585 485
898 798
516 416
698 598
1052 952
149 49
994 894
672 572
458 358
797 697
121 21
870 770
747 647
825 725
144 44
642 542
783 683
314 214
461 361
987 887
914 814
145 45
331 231
194 94
108 8
382 282
265 165
182 82
596 496
419 319
799 699
726 626
952 852
246 146
559 459
641 541
635 535
974 874
414 314
825 725
1044 944
877 777
406 306
654 554
559 459
308 208
737 637
887 787
547 447
1076 976
508 408
1012 912
207 107
544 444
1062 962
103 3
665 565
401 301
507 407
264 164
957 857
537 437
417 317
752 652
198 98
864 764
918 818
141 41
700 600
837 737
388 288
276 176
1002 902
236 136
667 567
228 128
290 190
494 394
849 749
335 235
1008 908
142 42
376 276
924 824
848 748
784 684
692 592
1079 979
493 393
668 568
463 363
467 367
263 163
152 52
1083 983
742 642
279 179
435 335
116 16
226 126
578 478
230 130
359 259
683 583
968 868
229 129
395 295
852 752
696 596
267 167
171 71
956 856
722 622
740 640
964 864
870 770
744 644
531 431
105 5
295 195
465 365
548 448
529 429
801 701
164 64
1052 952
954 854
980 880
870 770
268 168
188 88
179 79
257 157
1061 961
468 368
572 472
521 421
317 217
819 719
809 709
371 271
247 147
1075 975
396 296
916 816
1009 909
1062 962
864 764
635 535
351 251
538 438
978 878
796 696
853 753
981 881
670 570
418 318
353 253
145 45
766 666
152 52
1031 931
596 496
533 433
413 313
910 810
238 138
778 678
434 334
223 123
1088 988
312 212
5383 9356
7540 7679
6303 9403
9403 9113
7116 8441
7583 7264
8553 9500
8177 5535
7704 9721
9208 7382
6105 6127
8380 6431
8707 9346
8649 9208
9753 9642
9645 9445
6582 9484
5128 9368
8207 6896
9412 5264
7564 5630
8042 8743
9502 8399
5524 7826
7262 6055
7690 5179
5155 6045
8345 5262
5434 6139
9995 8832
9032 8776
7361 9196
6865 7575
9374 8823
5106 7653
5660 6682
8475 8190
5105 6141
7649 7245
9397 5875
6019 8005
9348 7317
5985 8046
6086 9017
7316 5297
9614 6221
7545 9225
8710 9371
7927 6281
6920 6699
9660 6148
8416 7350
5019 9970
6021 8285
8110 7462
8961 8076
5874 9815
9465 5493
7942 7500
8404 8621
7909 6256
9851 8181
8935 8119
8724 6197
9774 5945
7235 7351
5089 7724
6015 5813
9280 8604
5674 5959
5013 7567
7281 7152
7924 8347
8068 7245
9967 7573
6209 9697
5399 6207
7907 5567
7917 6966
7217 8952
8603 7481
8467 7573
6074 9692
9195 7050
9137 8008
7358 9151
9873 5924
5542 9565
8269 5611
7449 9028
5203 7635
5016 7410
5598 9494
8511 9861
7841 5111
5499 8514
6211 5350
9834 6015
6066 7927
5023 5129
7077 8007
9392 6828
8784 7132
5798 5755
9296 5133
6108 8705
9085 7270
9782 8574
7950 6095
6195 9460
6035 6721
8660 5641
8005 7189
6027 7873
9851 9204
5820 9370
5734 5285
5236 8502
5365 6201
8711 9620
7963 9748
6504 9983
9933 9941
7911 6196
7758 9935
9423 9862
6994 7237
8833 8980
9406 8236
6115 7149
9918 6352
8330 8055
5077 6632
9775 9701
5233 8554
5973 6423
9326 7068
6432 9953
5514 5944
5828 6516
7228 7419
6493 7420
9948 8779
8869 5407
7824 7113
5585 5375
5278 5905
8813 9477
8066 7090
7702 9075
8044 8596
9671 5172
9097 8515
6838 6022
8279 8225
8726 8626
8003 9101
6084 9273
6839 7539
9740 7141
9051 6407
7113 8185
8135 6625
9832 7549
6254 6665
5123 7318
9510 5633
5672 6698
8817 6678
9606 7718
5774 6627
9229 9680
9539 5585
7551 7574
8104 5619
9458 6081
6724 6547
7365 5241
6260 6900
9791 9409
7856 9067
6122 6101
9320 8738
5064 8487
6988 6191
8093 9949
8102 6745
7353 8682
6113 8078
7472 8126
7304 7316
7008 5420
8797 7738
8206 5194
8289 5038
5075 6565
7870 7827
8457 9641
9790 5466
8658 9874
6893 9636
8482 7396
7246 8286
5733 9388
8563 9739
6121 5053
5671 7505
7419 5424
8063 6903
7813 7793
8824 9907
8800 9685
9963 7329
5580 6614
5221 9635
8359 7524
7102 5946
7609 7381
7903 5104
9255 5914
5147 8541
8142 6909
5150 7205
5852 8054
7534 9365
6078 8846
5192 8678
7857 8552
8797 5866
7783 5874
5415 6883
5681 5408
5445 6125
8758 9756
9463 8445
8041 6112
6817 6252
9020 8875
9995 5502
8440 8416
8083 9959
8931 7991
9089 8083
6909 8237
6533 6297
8931 7324
5851 8723
8055 7037
9118 8243
7139 6797
8916 9511
9278 8030
6171 5386
8673 5756
8049 9933
8132 9415
5529 7631
7253 8312
8950 9222
7048 9252
7633 5750
8113 8690
5612 6361
9049 9657
9979 9425
9319 7555
5958 5074
7650 6155
6509 6537
6902 6704
6942 7125
7079 9427
5773 5572
5091 6706
8471 5817
8769 6602
8298 7151
6298 9562
7209 9329
5059 7473
5439 5534
9466 5172
9034 7262
9697 8956
5158 6182
9650 8964
9128 5903
5074 6968
5628 7825
5510 7917
7900 5436
8638 8105
5011 7872
5132 5959
9316 7248
6122 9140
9651 5773
9605 5276
9845 9976
8475 5211
6217 6622
6904 5497
8287 8659
6819 8294
6092 9172
6595 6563
8790 5615
8258 6821
5657 7624
7875 7281
5836 7986
7750 5322
7604 5161
8214 5538
8728 5274
9901 7169
9530 8787
9720 7304
9593 7177
5533 9703
7295 8361
5081 7549
7942 6711
8843 6683
9347 5221
5531 9402
8220 6429
5749 5031
9664 7003
8587 6537
9718 7841
7648 9689
9859 5984
6188 8646
6264 7457
8028 6141
7956 8678
9409 7615
7822 9043
5920 8390
6528 6774
8888 7365
7041 5725
7304 7462
9587 7819
5514 6515
9900 5630
7211 5074
8332 7089
7410 8816
6802 6661
5373 6925
9241 9496
8070 6638
5666 9347
8096 9443
6680 9530
6647 9418
9566 7226
9796 5481
7833 7212
7474 5147
5205 8649
8133 9392
5153 9811
9290 9110
5645 9023
5775 5435
7038 9033
9953 5224
9164 8655
5911 9335
6599 6834
7988 8415
6557 7307
7148 7054
6973 6458
5029 9452
8834 7670
6963 7787
7447 5103
9166 8878
7651 7706
5055 9085
8509 6692
7130 9070
7016 6014
7705 9851
6298 6875
6084 8683
7006 8752
9370 9217
8801 9270
6701 6914
7494 7435
5972 6332
5636 8920
9548 5110
5134 7176
9273 6311
8743 7088
5252 6232
9720 8461
8726 7289
7686 5912
7926 5530
8560 7697
7004 7002
7570 5261
5356 9087
7778 5414
6412 7860
8349 5856
7099 7992
7194 9259
7055 5702
7032 5044
5644 9604
8683 5103
5800 6589
8178 5848
5307 9523
5470 9574
5988 5846
9289 7180
8149 7609
8524 8644
6998 7526
5489 7255
5721 8315
6100 9291
8696 6777
6464 6319
5462 8847
9163 9076
9890 8941
6908 7614
5749 6287
5542 8988
7725 7631
6752 7832
5078 7272
6735 5303
7970 6607
6369 5950
6125 9474
7216 8436
5382 6403
7214 8524
7228 7083
8401 9138
8471 7858
5835 7210
8816 6585
5624 6003
5602 6239
5746 9201
7968 7674
9777 8072
6586 5637
9518 9918
9988 8929
7843 6699
9403 6301
6545 9878
9107 8885
8629 5089
5217 5683
9972 5116
5873 5645
7893 6351
9764 7499
6940 5431
7425 9251
9832 9068
8882 6657
9477 9689
5788 5444
9162 9194
5222 6128
7063 6065
5487 9925
8031 7295
9150 9531
9691 7739
8796 7108
5079 7832
5338 6703
5179 7504
5838 9666
7151 8916
7548 6490
8739 5728
8668 8596
8328 7332
6162 8729
6225 8724
9270 6259
6604 8393
7705 8538
6263 8618
8506 6428
6182 5793
8839 6045
7559 6062
5312 8024
6734 9448
6836 7449
6389 6310
8098 5528
6603 7294
6925 5709
9953 9525
7410 5499
6801 6294
6919 8861
9035 6387
8017 7579
6342 5055
8391 7265
7899 9112
8294 7310
9765 5337
7702 8013
8451 7231
6381 6857
6271 6435
8276 9498
7743 7720
6008 8955
6743 7700
6972 6146
8321 9238
8154 7154
7275 8162
5852 8280
6317 5152
6344 9423
8654 9608
6957 8126
9701 5559
6082 9290
5199 8321
7923 8605
7194 9580
8523 6987
8536 5483
7457 5453
6845 5060
8891 9976
9117 9580
8278 5131
9887 8499
5460 6339
7651 9591
7016 9730
9379 7830
6194 5374
8613 6405
5043 5253
7196 7492
7162 8811
7180 8409
5403 5778
6090 5804
9361 9991
6072 5596
8457 7433
6107 9671
7439 8023
6539 7474
5604 8338
9025 8967
6280 9639
8753 6055
9379 7945
5382 6284
5277 9465
9645 6591
7612 7612
5408 8985
5137 8116
8717 8480
7204 7319
5526 9655
8379 8006
5595 6578
7851 5134
5137 9530
9226 8442
7114 6488
8624 9550
7808 8438
8425 9652
7365 6779
8082 5458
5483 9999
7148 8131
7961 9054
9763 6144
7582 7204
7716 8597
9097 9558
5877 7890
7094 8649
8833 6877
5395 8283
6985 9186
7549 8766
6277 6656
8581 5904
6834 7565
5233 5370
9205 7373
9566 6332
6104 8900
9215 6608
6084 9404
9546 8235
5332 6696
9422 9273
6440 9351
6366 6631
8500 9189
5887 7231
9375 8231
6106 7099
8891 9442
6069 8321
7412 8302
8858 8054
6502 8558
5184 5346
7997 8675
9009 8384
7318 5091
8580 6078
8110 7678
7000 5130
9223 5587
7980 8766
6188 7945
5528 9315
9060 9516
7433 9443
9278 9338
7866 5263
7055 7030
6084 7767
6049 8398
8888 9447
8374 5400
9316 9634
6125 9974
5935 6272
5974 8353
5290 5823
5178 8290
6098 9902
5845 9877
9554 6336
8933 9004
9889 7991
9084 7869
7867 9513
8206 8262
9578 7938
6981 9212
8535 6876
7992 6407
7068 8076
9600 6961
5177 9252
9044 8001
9877 5400
8852 7653
6654 5853
5543 5836
9445 6278
8420 5688
6608 9780
8153 5026
8007 6845
8719 9638
8709 6198
8236 6878
8503 5934
8584 7217
7521 9502
7559 7880
8156 5753
8115 9855
7276 9051
5451 6078
6064 7563
9343 8188
6362 6010
9858 5236
8372 8267
7737 5229
8341 8289
5970 6078
7421 8926
5820 5190
6536 8233
5569 9607
9955 8977
8086 7897
9720 5928
6975 7704
5067 6164
8106 5608
9828 8209
5717 5382
6625 9801
9325 9696
6568 8741
9780 5673
8259 5183
5319 9950
6698 5400
6975 8163
5622 9646
6447 7670
8497 8521
9119 8611
8646 8864
9939 5099
7887 5503
7014 8511
6405 9888
8284 7668
8814 9235
9182 9118
9237 6734
5430 5878
6549 6501
8972 6563
6860 8246
9923 5957
5019 7497
9321 8665
6379 5038
8323 5358
9665 6381
8077 8688
6193 8014
9211 8160
5769 9778
9764 8104
6730 6947
6009 5653
6256 8665
6483 6977
7665 8112
9643 7057
7980 5497
7578 5327
9300 8664
6686 7954
7675 5440
8096 8809
6961 7524
6014 5228
5683 9968
6990 8709
9710 9890
6607 9488
6860 5848
5849 7746
5308 6418
6369 6020
8228 6032
8427 6981
6970 6001
8771 7449
8888 8690
7011 8482
5499 5091
5258 5810
8676 7614
8005 5586
9374 6805
9590 7026
8848 6410
7523 5994
9837 7329
7413 9719
7061 5367
8242 5323
6957 5222
6876 7580
6432 5369
7746 6829
6754 5257
5185 5672
6184 9520
7888 6200
7810 8895
8220 9475
8604 5463
7212 7625
7533 5549
5826 9544
6414 6044
6966 9640
6629 7764
6380 5497
9891 6185
6307 9957
9479 6755
5677 5448
8246 5750
7873 6585
5856 7135
6819 8011
9294 9158
9396 5855
9561 8202
5213 9300
9300 9699
7809 9466
6438 6784
8462 9568
7576 6302
5905 6064
5987 8842
8648 7730
9843 7868
7973 9363
9084 9861
9947 6619
5414 9918
5886 7858
6909 8038
9997 7347
6427 9312
9127 9746
8668 5958
5624 6025
7388 7740
8205 7025
9890 8232
8132 6439
5632 8702
5209 6626
8778 6027
7251 6508
8357 7862
8242 5686
5913 7519
9121 7428
7963 7873
6206 8362
6513 7252
7222 9529
8119 9380
5221 8911
5746 7762
6259 6165
9835 8077
8429 9783
7610 10000
9952 6078
9335 6442
7584 9887
7670 5376
9992 8588
7842 8444
6681 6165
8576 9537
5442 5172
7237 6576
9111 8925
7518 7760
9202 6234
7253 8938
9658 5351
9281 9497
7616 5940
6222 6403
5862 7114
8698 6402
8955 5838
9283 7246
7873 7317
8115 9395
6605 5471
9839 7944
5627 6045
8272 6479
6177 5931
6039 9723
8006 8224
5027 5241
9406 8239
9506 7111
7620 7897
6166 6303
9010 8272
9883 6713
8956 6292
7692 7491
7430 8154
6233 5648
5112 6901
9547 7782
8787 9325
8717 6833
5524 8291
7470 5206
6455 7713
8728 7218
6437 5647
8778 9589
5519 9918
9055 8023
5448 6620
5290 7098
5027 5045
8732 8980
7641 5644
7706 9564
8017 8879
9939 6708
6941 9645
6531 9546
7862 8310
5332 6780
5020 9052
8101 9914
9102 7792
6037 9911
7531 6868
9913 8506
9261 9971
5597 8955
5934 7565
7875 9732
8441 5111
7102 7711
8138 9642
9166 5333
9509 8862
8651 5174
7225 6062
7250 6289
8875 8172
6346 5295
5139 8193
9701 9177
9403 7200
8971 5303
6428 7054
6457 9775
9590 6338
6685 7594
9733 9731
6536 9216
9870 9878
5636 8711
8253 8646
7235 6150
9004 5400
8184 5563
6718 7922
5217 7809
7636 6729
6677 7510
7043 9166
8674 8053
6853 9206
6802 9902
8176 7478
9026 9046
8561 6086
5787 6112
6434 9595
8835 8494
8201 8372
8082 9652
9881 7883
8986 5567
6700 8453
6964 6831
9185 7303
8908 7792
9265 6835
8631 8373
9437 7618
9061 9657
5891 8688
8462 7295
5054 8517
8852 6938
8106 6262
6742 9196
7434 5184
9089 9450
5704 6349
