
100 650000
482 485
257 326
286 248
517 421
404 322
713 795
45 43
924 845
873 955
160 252
1 9
838 901
40 122
58 94
676 738
627 574
766 715
862 882
405 367
923 984
379 299
461 433
612 682
133 72
813 874
97 138
908 856
165 145
996 995
623 529
220 199
298 277
157 97
723 719
144 242
48 107
129 122
148 70
35 98
644 600
632 645
272 267
1040 972
977 895
312 213
778 748
567 487
965 923
1 29
616 674
569 540
628 554
493 467
76 46
733 710
575 553
288 191
775 724
723 730
912 988
64 90
354 340
565 549
210 196
922 865
775 678
566 570
934 936
626 722
742 651
194 123
485 431
483 508
617 585
876 853
653 642
896 992
652 725
220 286
727 812
900 859
563 663
56 88
157 179
280 187
537 619
284 261
920 846
124 192
239 261
459 514
931 886
504 530
910 849
382 294
795 799
485 391
351 330
289 298
865 790
5452 8469
6362 5760
6073 5291
7011 6981
8675 7784
8259 5683
8869 7227
5028 6537
8852 9666
6534 5727
6507 5188
6919 5690
6951 6828
9361 6423
7080 7404
5095 9074
5035 9776
6981 6997
8894 8964
8506 7545
7400 6598
8507 6149
6364 6868
5626 7278
8151 9356
9058 6202
8709 8343
6483 6402
5633 6684
5474 5839
5884 6519
9809 9341
7422 7926
7969 6348
7124 9064
9453 5707
8903 9643
9171 5059
9965 9728
7073 6072
9170 6922
9528 7134
7338 8567
5473 5165
6611 7350
7865 6584
7358 6209
5471 6297
7426 6443
7845 9598
6631 7259
6426 9706
9758 8892
7540 7634
7250 8946
9033 6617
6943 5055
9859 6583
5940 7934
6948 9015
5533 7003
6983 8080
7316 9660
8372 6765
6121 5553
5050 7803
9553 8491
6640 8406
9898 7495
5244 9779
8113 6746
6849 5104
5635 5582
9659 7195
7141 9390
7036 8401
5432 8045
6419 5453
8756 8468
6638 7846
6415 9655
9448 8313
7110 8594
7558 8195
8683 5617
6188 9390
9585 8682
8925 9886
9276 5906
9642 7271
8198 8901
9253 5110
5203 8470
5447 5828
9134 6987
6442 7073
5764 7126
8466 7744
5636 7769
7193 5019
