500 757100
585 485
194 94
426 326
606 506
348 248
516 416
521 421
1092 992
422 322
749 649
895 795
337 237
143 43
557 457
945 845
915 815
1055 955
546 446
352 252
522 422
109 9
891 791
1001 901
459 359
222 122
767 667
194 94
698 598
838 738
107 7
674 574
644 544
815 715
434 334
982 882
866 766
467 367
1094 994
1084 984
993 893
399 299
733 633
533 433
231 131
782 682
528 428
172 72
800 700
974 874
717 617
238 138
974 874
956 856
820 720
245 145
519 419
1095 995
894 794
629 529
296 196
299 199
1097 997
377 277
216 116
197 97
1008 908
819 719
639 539
342 242
807 707
207 107
669 569
222 122
637 537
170 70
1031 931
198 98
826 726
700 600
587 487
745 645
872 772
367 267
613 513
1072 972
181 81
995 895
1043 943
313 213
158 58
848 748
403 303
587 487
864 764
1023 923
636 536
129 29
824 724
774 674
889 789
640 540
579 479
654 554
242 142
567 467
439 339
146 46
741 641
810 710
296 196
653 553
594 494
291 191
166 66
824 724
924 824
830 730
308 208
1088 988
811 711
190 90
900 800
440 340
414 314
649 549
389 289
296 196
501 401
965 865
566 466
778 678
789 689
670 570
933 833
1036 936
325 225
822 722
344 244
751 651
949 849
223 123
213 113
531 431
479 379
608 508
461 361
685 585
165 65
953 853
586 486
742 642
786 686
1092 992
386 286
825 725
989 889
386 286
124 24
912 812
591 491
959 859
991 891
763 663
190 90
188 88
281 181
279 179
314 214
287 187
117 17
719 619
572 472
361 261
518 418
946 846
519 419
292 192
456 356
361 261
782 682
614 514
406 306
986 886
301 201
630 530
485 385
949 849
1052 952
394 294
600 500
899 799
294 194
491 391
837 737
430 330
424 324
398 298
1092 992
890 790
324 224
375 275
360 260
926 826
197 97
172 72
310 210
966 866
749 649
1051 951
1019 919
848 748
163 63
785 685
1058 958
1056 956
904 804
664 564
618 518
283 183
528 428
500 400
637 537
821 721
446 346
307 207
253 153
423 323
1071 971
711 611
762 662
216 116
297 197
209 109
191 91
895 795
629 529
443 343
226 126
962 862
847 747
785 685
569 469
110 10
870 770
981 881
1034 934
1084 984
823 723
503 403
995 895
460 360
668 568
549 449
272 172
641 541
1058 958
372 272
483 383
977 877
408 308
459 359
1070 970
807 707
683 583
408 308
148 48
870 770
1030 930
130 30
669 569
308 208
103 3
411 311
120 20
200 100
709 609
1039 939
987 887
522 422
925 825
885 785
1030 930
470 370
1004 904
1089 989
341 241
1069 969
479 379
243 143
476 376
1072 972
1062 962
128 28
989 889
161 61
543 443
738 638
316 216
448 348
438 338
447 347
260 160
166 66
506 406
491 391
259 159
738 638
131 31
395 295
304 204
926 826
520 420
296 196
253 153
549 449
525 425
955 855
431 331
243 143
665 565
587 487
938 838
240 140
109 9
664 564
1018 918
715 615
633 533
235 135
332 232
664 564
1057 957
460 360
691 591
893 793
676 576
263 163
846 746
959 859
477 377
860 760
958 858
811 711
186 86
762 662
534 434
259 159
658 558
760 660
379 279
368 268
940 840
1048 948
835 735
415 315
674 574
776 676
226 126
441 341
1012 912
789 689
839 739
994 894
921 821
806 706
725 625
590 490
1017 917
578 478
301 201
771 671
1093 993
1032 932
249 149
999 899
152 52
337 237
859 759
287 187
367 267
572 472
356 256
872 772
883 783
198 98
217 117
1006 906
616 516
1011 911
280 180
735 635
125 25
325 225
480 380
923 823
812 712
264 164
366 266
443 343
316 216
832 732
548 448
602 502
641 541
840 740
764 664
676 576
1054 954
712 612
826 726
1002 902
872 772
554 454
631 531
511 411
1043 943
1073 973
850 750
803 703
427 327
950 850
1017 917
177 77
105 5
320 220
213 113
902 802
1013 913
503 403
891 791
281 181
1098 998
110 10
959 859
625 525
445 345
1019 919
531 431
768 668
775 675
627 527
933 833
562 462
538 438
391 291
623 523
705 605
1016 916
557 457
520 420
505 405
215 115
517 417
760 660
379 279
361 261
785 685
872 772
696 596
488 388
407 307
864 764
324 224
943 843
422 322
306 206
940 840
507 407
1075 975
739 639
501 401
952 852
191 91
642 542
427 327
160 60
430 330
857 757
282 182
182 82
703 603
737 637
893 793
193 93
715 615
714 614
833 733
236 136
964 864
287 187
116 16
202 102
963 863
1072 972
1087 987
263 163
406 306
601 501
134 34
577 477
5313 9475
9261 5068
7929 5124
8099 8111
6474 9699
8351 7065
8571 9486
5903 5103
6129 9968
8522 7253
6554 9831
9572 6125
9207 9187
6770 6233
9927 7636
6121 8515
9697 7921
8944 6418
7912 8770
8986 6216
5661 8337
6620 9466
6778 5215
8076 5666
8337 7858
7130 9851
9229 5807
5649 7393
8307 7120
8645 5122
5712 9180
5296 8719
9791 7016
8108 6980
8655 8843
5280 5818
9946 5263
5186 7942
8727 6687
5634 6192
9775 6736
6509 6275
9415 7978
7959 5352
6152 7700
5735 8119
5791 6225
8210 7079
8232 7359
6628 8318
5402 5330
5281 8077
9687 5750
7401 6504
5005 7268
7323 9730
5188 6555
7117 6972
6913 9354
8953 8029
8136 9820
6061 9733
5108 6972
5065 6594
5049 6344
9813 9211
6885 9319
7987 5162
5944 5650
8444 8926
8369 7341
8848 9234
7773 8768
9624 5200
9732 6434
8576 7657
8499 8144
9300 5894
6628 8171
6309 8943
5046 5479
5751 6041
8687 6832
6532 9445
9876 9882
6333 6449
6451 8568
7899 8086
7719 9328
8080 5232
6757 8857
5801 8007
8024 7501
9823 5845
7777 5180
9859 5541
5375 8461
7430 9714
6501 6553
9495 6894
9521 5676
7726 9957
5823 8312
6245 7515
7173 5707
5618 5508
8463 6328
6748 5767
5477 9111
7074 8056
7383 5292
8509 6771
9650 8327
5952 7845
7289 9869
5782 9326
9827 8070
5845 6602
5447 9611
6199 9121
5564 5395
5132 9353
5889 5572
5621 8887
8809 7709
7051 8850
6742 6988
8903 8735
8607 5792
6505 7582
6696 7423
6598 7464
6389 9976
9079 7395
6904 5895
7290 6690
9704 5124
5542 6277
6673 9923
8985 5672
5935 5527
5371 7123
8410 7470
6571 6617
8808 6418
5365 8023
8693 5344
8153 7570
6796 8036
9654 7989
9981 9221
8011 5588
9951 9084
8055 5784
6957 9007
6306 6234
7599 9705
7735 8564
9354 8172
7307 5428
9494 6107
7485 5417
8571 6225
9299 8023
7898 6980
5754 9513
6613 9241
7943 6786
9604 5982
5004 7421
5945 8594
6722 6054
6359 8294
9074 6724
9814 5061
9364 9634
6980 6474
5571 5290
9363 7024
9855 9195
6429 8455
9758 8432
9610 8335
5136 7170
8336 7842
8396 8989
6692 9028
9513 8216
7923 9157
7014 7907
8136 7648
8220 7584
7681 8868
9367 9300
9129 7225
8593 5100
7513 7651
7764 8481
7197 5186
6142 8823
5207 8340
9662 8858
5871 9330
7976 9915
5321 7378
6630 7383
8999 6327
9422 9415
7505 7399
8111 9535
6219 9682
9879 9872
6444 9688
9307 7733
7382 8595
9878 8539
7317 5986
5793 9483
8918 6382
9607 8748
9216 8447
7450 6825
5291 8334
8401 9955
6969 5889
7553 9060
8960 8588
6913 8386
6840 9771
5082 8916
6644 8012
8229 5957
5923 9546
5198 8926
7083 6380
6284 8426
7223 9854
6932 5290
6221 9705
8223 8197
6619 8467
8912 5386
7878 5554
6907 7400
7788 7965
5701 7259
9540 6466
7381 5707
5117 5354
7716 5171
7268 5066
7287 7073
5202 7463
5968 8692
9797 7102
9101 6925
8488 8840
7713 6036
9492 9915
6342 6789
5273 5905
5076 8765
9683 5900
5105 9638
7644 5224
7693 7914
9025 6383
5786 5045
7030 5455
9434 7452
7426 9000
6732 8554
7224 9524
6529 6098
7977 6226
6417 9240
9084 5065
7928 8790
9808 5891
9452 6579
6100 9534
9499 7450
5219 6493
5656 8945
7787 5941
5077 8990
5419 9006
9783 6706
6002 6853
8225 9050
5011 6330
9001 9397
7598 9057
5824 7643
8470 9571
9940 9863
5653 9830
9839 6252
9981 7244
6376 9305
9161 6232
6338 5193
9920 6730
8680 5004
5308 5075
9739 5585
5727 6183
5921 7697
5219 6901
8024 7687
5639 9719
6406 9135
6849 5682
9346 8444
8428 9216
5674 7614
6422 5973
5165 7774
6184 5582
8149 6184
6641 5566
7897 8086
6911 6280
9621 8113
9049 9888
5660 9687
8097 9310
9621 5155
8154 8712
6207 8715
6073 8400
5943 9660
9760 7138
7695 8392
6112 7595
5449 8944
7429 5871
5481 7180
6393 7370
6908 8315
7971 6702
5133 8473
7241 8712
5232 5441
9275 9518
7273 8348
6303 9045
9716 8884
9290 7051
8055 8360
6023 5089
9610 7142
6063 9437
8439 7478
8773 9808
5648 9525
5351 6543
7124 9360
5790 5838
8507 6075
6424 9560
8618 8108
9816 6735
9927 7321
5570 6182
5159 7789
6014 9746
6394 8983
7348 9374
6781 9883
9294 9600
8080 9115
7554 6210
7924 8655
9715 8689
7486 9480
6714 5900
5621 9689
6177 7225
6280 9181
9493 7895
7025 9515
6076 5985
6625 5831
9587 9666
5986 7211
7309 6081
8388 6281
9883 8343
8415 7878
7747 8823
9987 5226
8823 7882
9802 7837
5941 8506
5853 9285
6854 8229
9943 9756
7328 6824
7976 9928
5573 7281
8277 6201
7286 7820
6322 7826
5149 9167
9487 5314
7177 9268
5743 8882
8765 8033
7132 5072
8191 8596
6241 5655
8370 5690
7021 9458
6463 8490
8800 6546
8384 8447
6700 7663
8075 5373
8333 6530
6571 5077
9589 8977
6405 6771
6017 9456
8449 6369
9935 9214
5620 9445
6296 6950
7408 5802
5753 8653
7815 5640
6958 6209
9164 8981
7001 6063
9973 7446
9130 6244
8980 7138
6222 8992
5902 7001
5432 7202
9595 8630
6929 8219
7372 8157
9612 9911
6962 8034
6222 9691
9549 6903
8371 8218
7035 9395
8233 6502
5614 7257
6379 8397
8599 6857
6918 7159
7939 5454
9485 9009
8896 5736
8286 7835
7458 7348
9084 6629
5926 6680
7161 8681
6278 7653
9623 8002
9485 5740
8285 5733
5482 9224
5407 9288
5439 9529
6689 9041
8439 9283
7253 6707
9862 7683
8180 6319
5685 6654
6635 6332
7696 7593
6680 7876
7908 8032
8616 9697
5916 8318
6873 6904
5569 8844
7975 7111
7790 7353
6853 8376
9490 5535
6426 5890
7128 7014
8975 6412
8997 9077
5891 5832
8609 6341
7847 9963
5482 6118
7151 5747
6164 5532
6375 9167
9964 7740
7641 7098
