5000 550800
482 485
257 326
286 248
517 421
404 322
713 795
45 43
924 845
873 955
160 252
1 9
838 901
40 122
58 94
676 738
627 574
766 715
862 882
405 367
923 984
379 299
461 433
612 682
133 72
813 874
97 138
908 856
165 145
996 995
623 529
220 199
298 277
157 97
723 719
144 242
48 107
129 122
148 70
35 98
644 600
632 645
272 267
1040 972
977 895
312 213
778 748
567 487
965 923
1 29
616 674
569 540
628 554
493 467
76 46
733 710
575 553
288 191
775 724
723 730
912 988
64 90
354 340
565 549
210 196
922 865
775 678
566 570
934 936
626 722
742 651
194 123
485 431
483 508
617 585
876 853
653 642
896 992
652 725
220 286
727 812
900 859
563 663
56 88
157 179
280 187
537 619
284 261
920 846
124 192
239 261
459 514
931 886
504 530
910 849
382 294
795 799
485 391
351 330
289 298
865 790
250 275
738 826
75 72
788 866
947 951
651 748
595 685
993 956
663 564
265 183
338 400
637 721
206 207
328 323
618 611
64 116
139 109
806 795
412 343
912 862
715 685
1 10
929 881
1025 984
410 403
273 360
507 449
450 541
174 272
882 877
427 359
787 707
355 308
734 770
1 30
248 208
397 311
159 100
874 939
449 422
857 785
286 370
976 989
908 969
103 143
1071 972
1 28
117 61
697 638
424 348
439 347
74 66
442 391
568 638
195 295
854 826
281 196
433 449
845 855
224 143
487 487
181 140
496 564
690 615
124 135
575 564
374 360
766 793
149 163
776 859
793 760
674 711
696 662
90 159
732 660
214 268
935 948
228 315
619 676
349 341
734 689
964 894
644 706
484 490
491 478
628 671
1009 932
944 899
315 237
92 187
554 472
757 772
88 98
952 906
818 911
628 635
316 225
818 823
255 164
432 343
763 732
490 502
721 740
587 576
530 612
992 902
491 454
343 411
880 973
645 703
761 850
152 77
241 220
727 802
352 403
246 181
1 10
479 525
958 919
749 668
551 527
538 462
319 291
580 605
501 457
487 405
349 417
252 279
731 685
637 596
339 307
257 224
271 322
740 840
1002 975
404 401
190 91
254 327
277 330
100 182
648 603
810 793
535 615
702 733
855 864
76 16
773 863
917 987
279 306
123 34
922 840
613 700
658 706
705 787
101 105
807 834
883 798
358 310
634 609
786 690
618 561
644 579
141 60
466 388
340 309
495 407
283 200
352 313
886 970
95 33
291 273
217 277
1007 997
1 40
219 227
764 860
1025 940
600 608
895 990
690 590
738 806
1 52
772 801
727 764
774 710
340 386
503 593
1 50
432 494
228 156
993 936
1058 965
130 86
821 723
189 184
943 868
343 340
404 412
560 487
196 209
418 346
782 860
314 307
59 95
778 821
979 941
828 821
584 587
122 201
741 665
566 527
760 812
385 424
395 459
250 343
789 836
492 506
261 179
914 916
380 430
537 596
731 808
361 269
473 512
737 811
708 685
635 567
804 776
827 855
695 718
756 853
57 97
178 146
688 746
1 15
871 965
415 512
510 480
1057 958
764 665
193 191
905 964
583 515
696 606
887 822
444 536
741 693
12 19
313 335
81 101
828 922
354 294
981 910
499 410
283 250
545 546
635 729
540 609
689 720
946 976
730 759
703 798
14 74
644 648
241 299
793 785
912 846
461 390
801 897
424 416
744 837
272 247
338 293
193 144
987 938
432 467
505 480
944 955
653 665
38 26
468 564
461 449
1 26
576 521
329 301
274 321
701 613
432 388
851 879
915 990
137 188
927 963
903 820
373 300
770 822
160 255
285 277
231 153
366 400
317 227
423 518
420 447
216 315
772 813
271 324
566 502
243 299
725 780
390 376
491 516
225 212
392 329
781 810
434 486
535 485
368 416
938 952
946 894
353 358
1 21
707 647
143 44
630 683
364 361
822 814
147 231
54 8
91 165
431 496
606 699
917 852
553 459
473 535
222 314
954 944
369 306
413 459
717 637
491 447
447 408
44 107
994 962
518 565
448 407
931 857
369 317
181 98
815 818
655 600
267 288
960 902
611 567
271 190
771 749
993 908
359 276
810 748
563 592
360 393
264 363
199 163
1074 983
131 179
41 16
423 478
197 259
779 868
344 295
536 596
140 71
669 622
938 864
715 644
67 5
321 365
434 429
19 64
928 854
759 770
178 88
160 157
277 368
467 421
653 719
330 271
966 975
817 816
1045 962
508 535
492 438
743 696
884 881
259 318
56 45
1 52
421 496
270 313
99 138
429 334
1004 988
512 508
702 770
657 751
862 780
516 441
246 207
592 516
641 674
390 408
831 920
522 573
611 634
825 878
929 990
734 826
718 696
883 800
355 411
426 422
668 707
235 334
1080 986
397 494
137 150
648 562
342 380
799 832
1067 979
313 376
452 511
441 414
214 160
1059 982
260 238
579 490
897 899
316 251
526 526
909 897
139 39
634 657
384 452
577 538
840 831
509 460
262 185
934 934
513 440
556 490
97 168
107 71
937 977
370 458
193 204
802 803
134 139
390 399
439 420
1034 991
636 578
1008 972
191 177
429 398
445 348
483 496
347 276
769 825
540 614
212 121
789 730
317 341
381 284
714 698
24 17
570 546
771 672
1052 974
776 866
290 377
470 559
367 340
626 527
879 779
688 761
553 483
112 92
440 390
510 583
741 661
473 391
289 336
574 661
85 125
36 89
362 275
310 359
129 178
763 780
31 42
69 5
470 380
739 772
726 816
57 9
476 484
498 545
669 589
112 157
934 901
854 777
112 74
246 247
1 55
481 479
883 785
1051 958
763 680
417 393
900 944
573 596
601 619
588 611
900 852
327 283
199 299
847 766
240 312
862 826
635 726
680 733
806 805
767 679
495 403
870 964
259 337
476 541
512 478
467 369
1001 946
798 821
819 833
835 837
502 490
119 37
652 594
82 129
242 258
215 246
291 362
687 755
550 504
1 71
249 177
203 176
865 803
189 237
758 677
90 33
188 115
621 597
807 769
481 536
1031 956
349 341
222 184
260 234
551 569
245 216
631 537
183 84
873 810
656 657
5 33
137 159
579 520
656 668
373 287
232 229
352 374
428 474
598 672
943 915
582 511
120 123
573 569
218 199
347 396
628 715
1 59
642 610
959 917
983 927
186 270
60 117
513 516
143 215
234 216
290 237
597 615
452 499
521 477
837 760
267 285
20 56
1027 966
690 622
235 221
199 194
186 91
374 347
244 252
424 473
438 516
385 385
337 357
945 958
686 665
698 792
16 64
464 420
655 671
911 968
839 877
144 177
535 523
65 139
230 152
806 732
312 246
578 565
699 740
817 902
105 17
886 973
360 298
658 611
53 32
1 11
319 337
36 136
879 889
595 522
721 805
80 28
981 931
838 757
654 609
480 544
973 905
647 595
243 246
152 113
183 175
140 156
263 244
856 883
338 265
792 883
403 462
560 485
238 272
214 204
1011 984
453 409
330 398
819 909
469 370
882 882
279 214
811 766
82 35
341 421
271 271
397 370
876 848
128 50
1016 976
243 270
843 796
949 963
451 379
1091 991
594 551
867 897
353 307
471 421
100 74
401 388
591 559
884 980
607 615
651 681
209 231
133 207
741 818
372 331
950 979
403 445
419 348
780 724
345 401
618 646
766 668
335 242
288 302
795 861
777 830
117 77
541 441
499 589
1025 990
217 189
799 868
944 996
329 363
232 237
367 420
552 565
220 214
353 333
811 726
176 175
35 58
548 625
1 66
142 169
400 475
298 204
27 90
421 496
40 1
462 474
359 449
299 252
395 332
382 287
206 189
980 889
1 63
285 378
109 206
813 897
219 230
361 382
601 575
155 60
442 529
405 477
253 290
57 89
894 961
548 461
763 702
542 532
704 680
44 53
545 642
1018 1000
803 891
730 822
59 152
423 324
590 633
266 267
325 381
307 272
422 506
403 419
524 461
613 526
1033 978
403 468
820 729
777 795
631 581
298 383
302 226
505 421
461 386
351 273
556 484
638 676
152 107
236 229
831 902
882 962
38 105
100 84
1006 991
661 701
596 689
748 655
528 600
587 538
492 499
783 881
1017 981
546 473
368 383
618 679
662 573
563 589
553 480
161 145
612 624
926 923
972 915
249 232
948 974
662 735
735 678
682 640
722 644
146 212
75 123
276 253
890 943
1 18
1007 916
302 327
607 640
646 615
488 470
565 655
239 288
448 401
906 840
564 633
647 707
339 424
757 682
213 194
829 855
229 190
703 728
257 178
255 275
123 88
321 367
517 544
768 738
1040 963
439 460
282 266
739 727
128 33
471 442
714 628
467 384
298 244
411 482
760 765
435 446
245 247
865 913
658 560
457 528
694 594
882 935
415 462
555 621
705 660
525 564
276 302
871 936
582 592
639 724
181 118
200 299
201 251
35 129
5 96
85 167
239 169
359 381
948 976
771 767
804 837
457 407
284 203
485 387
803 735
629 706
358 335
13 40
808 821
68 131
96 159
956 978
101 53
767 849
577 478
1 19
278 230
388 453
318 336
847 931
592 588
494 449
615 566
265 272
806 883
754 731
94 80
113 213
203 177
896 872
712 626
1000 940
69 150
279 379
847 833
509 517
686 724
946 973
652 581
872 839
237 272
314 412
789 839
440 492
526 553
714 718
791 738
816 839
385 390
557 588
562 523
715 630
815 770
752 746
1 49
280 369
498 537
116 115
155 215
872 971
572 602
551 551
1 40
399 494
306 252
153 158
81 72
84 177
755 667
504 483
724 815
94 19
725 745
266 339
660 614
263 302
341 319
635 670
519 513
647 566
24 27
259 322
707 645
162 210
925 841
830 925
600 521
931 975
177 269
862 929
437 478
918 970
737 684
227 231
595 673
343 348
194 232
683 727
616 597
401 397
608 539
923 907
928 892
731 699
435 408
265 361
828 789
583 529
275 190
812 880
212 236
659 715
725 718
348 439
774 814
845 902
593 658
393 410
511 412
5 90
689 678
916 951
120 37
624 593
781 737
174 211
156 134
769 847
433 490
57 95
389 435
822 737
760 860
360 310
545 548
991 984
669 660
142 86
707 635
935 941
156 56
357 372
630 650
1041 964
734 735
730 682
166 151
223 283
834 773
648 643
918 898
781 817
362 269
760 731
454 507
853 841
294 207
779 752
407 318
86 126
182 153
49 101
623 560
786 743
765 816
981 980
29 1
69 82
914 886
448 377
476 465
752 753
847 842
609 547
660 580
700 754
1 37
616 548
963 896
735 656
615 537
143 78
582 540
525 597
253 314
877 845
321 361
988 930
562 654
866 841
754 810
193 98
846 814
977 898
220 237
310 236
375 397
512 468
112 160
176 168
262 189
123 123
826 783
1063 991
839 775
505 565
838 906
680 604
229 233
759 693
188 209
241 279
166 231
773 675
324 370
777 814
285 276
200 238
663 710
916 931
833 879
433 492
168 81
386 347
360 417
612 582
755 801
282 195
474 403
215 247
351 356
571 627
838 858
722 803
277 236
521 572
585 485
526 586
808 748
291 235
838 859
793 788
394 345
801 861
395 342
783 779
555 595
910 963
195 260
315 366
796 835
687 733
808 834
357 442
690 773
974 880
928 873
722 793
164 173
394 402
38 60
688 628
1 19
146 146
741 685
88 138
636 593
265 202
590 500
66 89
508 433
133 63
494 514
785 865
433 393
364 269
129 111
659 614
330 272
950 973
673 609
285 236
493 496
120 24
795 871
186 227
391 420
933 850
112 127
186 170
190 224
714 722
267 189
548 597
346 286
1 22
958 957
576 536
311 221
292 281
261 238
622 531
472 449
714 735
575 670
667 646
297 272
546 605
390 394
595 508
570 537
893 955
408 477
947 969
697 692
896 963
914 829
623 638
122 206
229 185
210 187
36 129
266 300
207 114
391 305
174 199
897 916
802 839
966 899
464 452
163 185
552 561
825 848
167 191
864 830
885 860
952 873
574 649
632 591
915 974
1037 974
471 452
364 397
331 350
671 597
34 13
405 392
273 343
844 756
438 387
888 924
174 188
1 68
581 552
112 166
406 435
3 14
782 797
186 254
228 300
483 431
346 367
220 197
237 233
249 149
51 62
1 38
106 69
430 425
855 810
834 878
484 503
240 308
781 798
394 437
805 798
23 36
527 583
418 412
182 195
783 878
347 388
478 438
435 532
18 3
332 268
373 417
282 277
273 229
486 445
358 380
884 974
329 248
491 433
1039 1000
781 874
889 939
813 760
538 473
721 811
810 766
236 306
558 556
527 521
377 364
467 460
230 136
537 458
839 784
623 648
693 783
922 960
42 137
524 591
845 875
503 440
310 263
91 40
916 835
863 943
726 749
214 263
621 597
59 5
1029 999
118 161
1 35
933 891
377 459
926 996
675 592
1 54
1080 985
444 401
259 298
383 459
144 77
617 611
169 159
392 467
821 737
887 895
135 49
482 382
347 285
326 388
1048 972
353 265
691 729
822 810
1056 973
867 818
349 295
566 532
126 58
758 736
113 187
923 896
1063 998
914 997
564 476
221 259
536 475
465 494
124 130
222 151
669 639
774 855
565 480
431 478
471 386
602 672
371 361
821 894
447 460
122 148
749 660
706 628
367 329
898 975
17 1
584 507
815 750
53 109
878 915
735 700
38 75
880 896
233 229
1 85
147 144
595 536
841 919
584 516
425 473
1 25
1 25
682 611
22 44
798 722
954 980
615 563
585 672
976 914
448 541
917 882
178 142
346 259
113 35
641 543
652 689
819 721
235 142
509 530
602 503
519 450
305 248
608 599
911 919
546 636
205 181
799 873
112 154
440 427
669 604
313 313
441 363
601 594
815 813
898 829
133 49
808 791
463 554
471 499
215 226
325 345
402 432
671 758
113 64
933 843
585 637
945 941
891 965
502 448
798 857
982 968
258 351
691 758
307 351
901 980
670 662
338 357
921 914
642 548
793 723
1 23
214 170
326 351
35 113
755 783
747 766
497 527
233 206
551 644
348 258
921 861
675 728
122 69
173 128
397 392
81 145
112 51
179 112
245 253
300 340
1027 932
832 817
970 965
493 480
633 724
812 839
549 500
726 746
767 811
450 373
641 605
351 252
162 172
388 394
229 177
84 98
325 377
518 486
792 855
382 290
146 130
426 355
885 842
255 233
81 101
671 686
676 736
844 930
748 700
92 69
696 607
949 879
904 916
1037 960
345 408
681 679
130 138
123 185
684 782
9 49
464 453
551 630
364 429
845 853
450 545
645 651
853 765
155 159
1007 1000
120 179
743 717
816 885
71 32
833 838
148 186
486 470
270 185
836 921
385 376
954 986
852 934
90 171
552 645
1 46
762 681
1 43
231 234
99 103
536 496
486 389
945 931
639 579
164 132
966 908
679 772
736 677
425 343
714 703
134 139
337 344
418 387
840 909
471 539
361 304
745 655
374 378
153 92
841 862
428 411
420 362
383 397
331 290
182 152
687 611
188 173
226 137
982 946
432 365
410 475
971 982
832 920
710 802
1 66
711 778
715 744
535 464
399 313
401 341
620 685
339 331
150 85
741 676
89 91
535 534
229 166
124 51
970 966
849 841
558 625
173 114
1 16
29 113
800 826
581 506
794 738
657 564
364 455
711 735
283 264
526 548
717 738
900 853
557 575
495 569
316 365
599 620
340 264
144 193
1 21
285 373
168 84
167 250
190 288
86 132
180 151
337 419
522 521
907 974
601 655
690 648
830 737
398 298
227 187
1017 981
870 965
979 954
149 166
330 248
655 636
565 560
624 563
11 24
813 896
821 803
1 16
291 274
809 714
406 449
192 229
188 280
494 423
769 868
115 124
945 970
312 231
859 935
809 808
61 23
110 210
149 88
192 151
742 770
600 555
580 613
771 866
230 223
258 303
383 305
312 306
951 900
962 964
467 397
966 898
63 59
571 628
182 225
473 537
624 612
619 633
275 314
551 478
1071 981
868 904
776 819
187 108
245 179
196 152
686 598
321 349
100 80
796 762
292 314
417 513
293 205
510 584
731 652
983 894
149 198
220 143
601 671
304 302
575 611
631 631
533 526
533 526
439 403
141 231
794 830
242 283
772 864
728 755
62 159
141 220
454 447
892 800
880 833
804 805
724 791
499 412
850 857
476 408
859 895
313 360
874 827
875 971
909 961
431 519
432 335
329 238
935 883
204 222
827 886
764 708
376 475
933 876
69 123
76 127
310 384
798 745
311 284
388 429
776 685
593 512
577 503
576 599
925 983
439 462
1064 992
236 270
393 491
267 282
766 831
146 167
28 115
579 661
539 564
902 934
527 608
586 513
1 53
725 659
706 646
120 164
752 763
828 825
887 949
321 355
775 811
188 164
766 851
253 289
483 392
130 224
419 460
886 903
440 347
579 638
45 101
666 587
736 797
792 881
219 210
194 243
938 969
225 298
161 253
576 593
439 453
663 657
172 72
225 222
402 319
1 61
750 694
448 384
739 801
218 136
522 536
1012 958
557 647
610 526
1 28
999 904
484 509
922 884
539 565
635 601
417 323
615 522
149 192
66 103
483 451
903 867
555 602
874 783
346 311
1027 994
187 172
1 51
332 389
193 237
796 721
561 597
417 492
248 331
358 380
190 259
653 726
54 55
496 501
395 459
729 790
1 4
715 634
170 117
666 601
711 808
457 544
504 542
598 590
829 827
864 817
657 617
1 32
815 879
593 692
709 685
90 88
820 911
553 546
528 580
948 997
1018 937
1069 988
433 351
563 661
617 630
367 360
897 908
263 203
545 479
270 251
212 162
967 905
227 167
779 862
346 369
86 181
684 765
291 251
992 909
712 645
664 568
896 847
547 538
466 540
193 99
438 423
323 246
88 165
549 544
120 52
218 131
273 372
500 471
651 625
696 684
432 378
542 534
46 73
458 540
639 671
207 127
507 412
1067 972
825 823
716 663
755 784
608 588
514 496
209 170
133 153
209 199
216 152
355 258
208 283
305 289
616 608
428 463
157 180
404 329
271 221
266 294
119 125
534 625
376 427
712 796
131 151
883 867
214 122
416 370
752 840
41 115
806 875
947 912
163 85
958 969
734 714
984 971
745 743
284 198
556 635
76 41
711 640
782 731
149 222
601 536
150 165
343 311
142 124
869 773
868 923
190 280
316 257
946 961
246 267
176 238
745 810
233 171
261 288
442 389
554 566
19 74
765 813
1 49
232 175
688 754
409 457
935 897
458 512
152 68
138 236
665 574
959 893
661 615
920 857
578 538
37 72
250 292
933 916
732 804
583 656
422 379
72 67
287 280
359 361
964 984
259 271
566 489
240 256
916 882
133 225
454 529
568 510
996 1000
282 191
741 813
976 898
444 420
510 470
629 619
307 377
472 465
926 887
746 764
43 55
705 727
835 844
700 644
188 181
126 171
475 545
473 439
558 547
430 417
151 205
463 500
365 332
775 820
330 416
328 243
811 854
138 66
170 236
520 568
1045 969
665 706
298 295
170 167
837 773
209 279
742 661
809 727
888 838
378 404
749 743
149 234
546 529
274 191
786 832
622 537
341 366
864 880
1011 940
830 745
1 37
725 672
805 809
680 682
1050 979
328 300
445 511
646 732
889 868
625 618
753 769
172 186
574 584
891 832
772 716
455 472
260 272
563 498
287 365
626 583
562 479
848 898
178 133
601 646
1014 915
135 55
222 213
630 623
878 875
437 513
286 356
588 586
1 16
1002 984
433 422
417 354
297 214
856 890
145 212
93 27
693 769
735 835
209 232
212 254
599 642
405 476
950 919
862 912
663 754
673 734
1042 967
1 41
251 259
927 926
808 840
567 544
895 908
235 225
145 69
164 121
601 523
742 678
633 593
590 665
250 314
930 992
590 596
320 358
470 524
80 163
882 942
628 537
230 182
200 204
235 208
582 653
830 848
571 532
166 103
934 871
906 932
508 507
908 986
674 613
298 323
675 590
386 377
980 905
869 932
561 474
661 606
297 389
761 671
325 360
850 845
706 646
143 99
566 609
509 501
807 764
553 598
258 242
367 390
1 61
309 259
551 519
845 826
1042 942
209 282
955 896
978 982
236 276
219 301
1018 952
761 856
452 428
223 255
681 723
298 280
861 937
1 37
818 901
418 456
981 996
682 590
461 455
580 510
648 667
921 829
80 51
448 383
380 340
838 915
734 797
616 547
930 1000
429 335
753 785
791 797
341 299
278 343
288 281
273 282
293 264
121 78
61 134
182 126
896 862
216 190
440 340
809 724
264 271
795 701
501 464
323 405
287 230
185 153
945 923
848 813
601 686
941 925
48 21
128 58
339 295
824 900
983 956
1 86
270 346
446 427
245 221
206 202
354 417
478 424
843 943
790 883
217 290
1 47
289 269
780 775
327 379
171 121
394 362
600 534
840 828
431 388
956 908
350 394
284 282
415 432
508 443
824 737
603 584
278 206
298 328
930 848
717 805
314 337
473 488
591 519
277 362
170 230
372 393
272 353
250 275
930 845
347 377
189 202
951 971
385 431
460 508
870 825
205 226
809 719
561 540
999 973
574 480
321 347
469 536
831 842
591 640
263 211
712 687
629 579
191 168
658 678
196 244
464 479
717 749
1 49
195 177
821 805
313 345
519 569
911 926
227 273
763 743
972 885
853 816
110 151
157 75
829 863
632 636
653 645
789 859
818 817
331 355
925 930
913 850
215 282
473 549
107 115
453 394
398 465
118 153
736 650
713 615
796 846
181 184
85 15
395 304
421 437
891 943
1015 929
473 535
475 388
619 523
569 515
132 45
657 657
752 748
1 49
377 369
461 374
128 140
189 282
776 816
482 463
552 527
512 533
794 747
993 921
678 699
364 318
839 854
1031 938
629 663
431 360
260 188
683 685
771 709
810 825
180 150
336 332
614 577
703 739
835 755
578 614
597 497
466 519
419 439
1035 960
649 644
730 761
258 310
581 654
972 973
580 641
541 551
558 465
714 624
162 214
423 435
471 383
530 449
293 354
721 628
854 855
58 25
1 34
628 561
162 68
826 914
324 333
372 294
746 768
374 448
712 698
742 742
1 32
595 671
771 716
181 83
126 163
928 953
650 671
601 657
699 748
814 799
338 289
341 248
1 30
727 749
709 740
260 353
718 644
750 808
16 72
325 422
355 376
1024 952
931 883
803 707
626 619
626 664
851 866
66 161
856 894
790 707
67 143
549 607
363 321
90 87
865 899
106 65
242 162
623 651
476 458
674 579
132 203
304 281
113 108
455 429
850 782
130 86
831 863
788 750
228 250
343 311
259 320
357 337
1 21
513 596
1043 993
1068 997
886 961
871 807
915 881
89 127
902 985
585 523
690 617
1 47
1090 994
554 614
333 259
981 986
534 564
1 1
885 787
120 204
1052 993
176 156
184 87
623 579
250 226
610 709
118 177
953 985
1031 951
1 32
758 801
855 800
48 61
634 701
8 61
403 429
625 695
203 230
1 42
472 487
517 527
44 112
243 249
287 334
169 75
610 599
502 525
424 510
867 826
112 100
660 721
874 843
427 374
22 48
213 285
656 645
840 938
795 888
464 527
678 579
702 779
635 680
658 716
909 977
394 417
919 850
983 974
919 972
511 524
820 902
109 156
199 225
343 344
649 737
538 615
208 292
519 451
704 648
523 529
853 773
629 724
670 699
479 422
170 73
679 700
866 956
543 500
464 481
991 910
89 135
50 52
815 804
1 31
775 850
97 32
571 581
522 520
536 556
353 309
523 441
154 57
447 455
526 488
671 695
614 518
749 679
277 290
135 111
153 83
1 42
956 926
417 462
239 201
200 167
203 143
44 78
822 849
404 305
610 517
118 168
72 101
1 43
88 174
201 203
148 51
610 644
312 358
576 523
402 387
894 978
105 89
353 421
871 814
138 48
887 926
255 319
8 87
636 705
449 483
660 618
563 475
714 756
847 773
824 753
467 370
442 360
782 815
511 609
462 405
511 607
428 495
220 233
16 72
298 388
150 110
505 545
490 391
503 574
783 742
40 76
299 362
691 781
119 163
385 447
433 386
405 426
343 357
51 97
389 443
518 456
243 170
770 739
896 818
1053 991
818 829
464 456
644 590
142 237
783 748
858 803
393 321
745 685
313 387
828 901
81 118
193 202
308 283
240 333
217 122
285 241
466 551
849 816
560 660
430 436
438 435
823 865
397 438
676 660
75 13
741 727
150 99
197 204
474 494
670 763
531 529
691 666
395 312
778 824
277 239
924 967
386 446
569 668
653 677
748 755
112 208
527 491
180 152
687 756
261 358
616 585
869 876
371 293
264 322
489 550
627 530
215 201
753 713
255 240
186 282
1058 975
380 432
53 39
804 719
87 4
1 80
944 874
510 568
858 887
642 667
609 644
199 258
752 717
239 199
272 371
757 704
547 531
572 576
792 733
519 477
31 50
295 295
1 50
171 223
584 578
398 351
145 87
422 435
1 1
822 764
346 287
83 53
864 779
955 860
310 241
681 599
997 929
1 15
1025 935
466 558
263 203
904 913
637 698
508 514
603 529
432 356
866 904
1 75
216 235
482 560
658 688
885 959
775 678
734 685
367 283
220 233
731 687
713 661
834 746
322 337
723 775
174 100
681 748
258 168
205 143
891 801
749 830
1024 986
394 451
909 876
963 906
447 523
280 257
69 64
850 787
196 108
485 392
699 640
858 845
916 862
754 659
333 291
751 655
63 100
400 429
814 745
922 978
538 498
464 525
225 237
291 192
1032 993
291 233
361 451
229 312
296 210
537 476
968 897
717 710
735 680
948 849
579 591
439 397
908 889
871 807
70 112
730 726
751 675
449 485
65 113
949 896
599 536
524 524
1007 983
493 504
77 92
119 42
234 179
585 511
648 651
167 83
15 54
819 881
454 422
510 488
661 663
874 858
304 380
893 825
225 234
886 928
507 419
576 660
680 696
581 606
912 982
286 310
1066 987
715 780
324 349
120 182
175 200
526 529
176 162
1 6
547 477
679 756
765 776
251 331
920 882
205 220
1027 964
205 130
71 138
209 252
75 78
204 179
437 464
167 195
374 446
878 967
226 164
852 917
383 465
246 315
579 557
785 701
996 970
188 125
910 887
147 245
288 347
50 115
751 836
635 538
543 572
511 513
740 684
351 450
571 512
1 1
848 799
348 295
791 805
874 866
491 526
802 818
80 137
286 275
544 487
337 298
779 719
657 590
825 736
806 813
439 410
136 176
339 273
628 643
466 487
735 805
604 532
1012 944
868 821
353 254
424 366
976 961
655 621
881 796
634 597
1 43
666 667
460 363
1079 985
255 296
934 893
290 378
472 397
453 475
440 449
366 431
475 444
315 352
151 184
196 262
727 686
75 167
183 239
860 824
636 658
232 272
1046 979
172 237
210 267
711 750
717 794
147 244
134 166
733 814
392 358
398 496
381 319
384 454
987 906
962 970
650 697
900 928
374 396
544 531
105 205
36 6
470 395
560 617
475 439
562 629
322 241
754 734
1004 989
695 684
402 416
796 742
888 969
495 476
539 622
703 703
258 188
596 551
875 954
716 672
364 363
419 434
788 694
229 188
544 548
819 789
808 853
354 454
964 983
338 319
598 660
343 244
427 390
779 740
276 322
184 238
939 911
984 945
151 121
763 678
656 734
204 220
649 660
456 368
677 774
681 638
582 497
336 248
350 367
574 538
340 359
76 112
293 286
795 789
90 46
602 641
1 17
163 149
91 19
665 742
561 538
906 972
333 363
53 150
267 289
652 709
609 516
24 1
123 124
458 419
372 401
538 632
237 201
1010 934
788 860
912 950
764 736
1017 983
893 916
662 571
469 507
360 408
715 807
983 917
775 710
571 590
893 830
406 446
252 273
569 649
193 125
1006 963
823 827
195 280
315 241
411 457
677 606
252 240
560 570
134 208
952 992
758 755
260 184
245 146
152 205
790 819
399 488
430 490
884 831
985 958
525 478
140 158
396 344
732 824
936 962
981 910
499 484
232 134
355 389
301 397
331 290
699 695
318 258
857 893
798 817
631 539
1055 959
1 21
350 317
297 237
112 75
41 36
557 625
779 827
887 904
809 908
536 595
760 730
256 223
626 705
794 789
1011 996
877 928
127 50
452 424
424 443
930 961
181 180
614 600
1028 941
625 556
662 644
838 901
289 360
335 427
309 387
593 517
691 636
749 709
597 497
645 557
312 302
295 216
356 420
653 743
904 833
930 918
641 719
160 235
914 980
281 194
862 806
167 184
758 720
581 626
471 510
823 728
883 793
673 652
322 359
884 937
757 714
305 402
482 547
503 409
737 715
371 432
240 190
548 535
257 356
352 259
551 477
847 943
620 537
628 641
524 449
726 699
972 893
889 845
841 787
999 916
649 601
534 537
1046 983
957 872
314 236
81 43
985 907
907 931
665 585
58 27
895 886
172 216
204 158
587 681
1 11
831 895
251 209
132 57
316 413
644 607
578 483
33 24
195 114
353 450
470 382
576 525
784 779
353 413
573 608
689 683
868 879
894 870
910 816
612 699
730 653
619 630
588 509
909 948
833 856
874 791
641 716
605 693
49 58
242 269
74 168
107 46
557 564
787 782
290 233
91 5
16 1
466 516
898 872
958 996
302 248
476 447
745 711
350 325
820 849
144 220
348 362
486 560
808 796
872 859
807 722
485 529
164 127
1044 986
502 486
708 725
72 39
375 341
1 50
78 74
232 283
688 759
326 362
91 84
85 109
573 488
413 325
263 212
727 738
756 742
845 844
488 585
384 335
483 509
181 185
850 905
178 124
853 874
273 299
494 445
389 346
749 745
609 582
553 514
797 790
723 628
1083 997
479 549
426 461
206 108
886 946
343 412
135 192
190 279
156 145
597 537
522 479
401 458
218 202
850 775
924 999
38 23
356 374
358 421
539 566
899 870
271 367
576 576
853 835
683 732
524 618
722 714
885 936
258 280
417 389
622 527
420 426
370 355
894 939
278 308
271 341
755 717
920 869
232 137
27 18
748 653
948 888
864 917
457 474
681 647
903 907
252 326
466 417
812 764
652 607
228 320
499 566
687 704
391 359
370 346
417 343
891 829
316 319
954 983
702 783
55 42
764 743
713 648
261 274
60 71
195 119
132 124
682 709
1018 992
386 442
1 49
712 640
780 856
282 237
971 970
818 829
975 965
227 142
527 489
820 920
838 784
873 927
1 27
963 926
767 867
1 90
174 81
799 704
589 530
259 324
141 203
968 975
784 685
717 716
501 492
555 647
30 98
1018 962
681 739
91 6
3 84
835 826
674 757
9 83
1 33
699 632
1 46
475 433
600 693
46 108
687 727
517 571
623 545
1004 997
322 238
216 247
639 600
64 23
213 275
221 317
106 190
386 335
226 318
174 207
891 817
641 667
57 44
470 400
124 154
472 420
840 809
547 511
145 50
1 5
491 493
6 35
403 351
816 803
667 689
534 469
894 814
678 612
963 977
668 675
47 16
859 954
891 817
806 737
745 791
313 375
73 97
823 855
488 575
527 544
296 242
1066 968
343 375
461 396
197 272
322 318
53 143
865 852
246 176
887 929
152 154
1042 986
337 377
996 927
835 899
217 283
528 596
449 458
377 377
712 671
10 22
266 199
770 844
250 269
741 811
798 723
103 151
315 298
976 986
848 790
758 750
91 24
589 629
724 745
590 671
304 208
719 727
516 521
528 499
172 171
561 621
673 771
925 915
558 562
518 592
874 872
904 900
547 611
1011 967
924 928
312 229
547 557
664 599
666 704
298 334
176 120
356 380
925 838
1 9
118 215
448 463
469 553
557 570
518 439
557 623
228 203
327 240
424 407
5 42
1052 968
223 307
452 544
790 731
823 879
506 590
622 684
685 586
927 917
891 900
183 201
345 346
959 926
47 92
439 461
993 947
229 238
36 94
397 480
239 286
169 241
539 605
598 591
203 255
169 73
221 148
425 429
183 274
13 46
653 715
893 833
908 1000
368 396
714 722
710 660
460 360
597 682
153 154
648 698
697 777
582 511
793 745
478 422
474 500
160 221
470 467
842 776
713 740
1 88
551 483
272 264
698 750
833 797
824 818
628 681
210 283
180 277
214 172
10 89
72 43
41 73
959 960
924 829
848 802
549 645
233 262
372 311
1 21
131 143
373 440
618 649
281 219
193 286
1021 947
1 1
753 677
135 229
664 597
714 637
539 512
883 911
840 902
971 886
745 719
306 362
612 529
140 182
378 315
407 398
153 193
487 475
1 53
567 629
858 950
213 308
167 184
10 10
12 104
441 480
648 641
520 540
155 56
297 236
445 432
695 642
596 547
848 867
591 662
100 149
98 136
246 269
86 7
277 251
635 599
721 634
476 543
135 80
968 873
895 806
720 774
905 892
1 68
806 725
777 766
650 722
829 790
461 485
998 929
467 564
592 503
626 696
936 957
306 290
253 345
1070 993
991 898
1 2
475 537
774 788
707 615
137 70
297 341
75 56
142 194
160 195
816 837
77 62
229 175
112 14
748 779
777 752
544 517
369 382
900 829
971 917
719 703
371 351
162 176
619 529
285 222
217 219
250 260
342 351
512 505
454 504
174 132
808 824
580 518
256 334
566 660
1025 979
916 896
781 815
523 515
454 413
304 377
692 720
572 584
151 120
248 158
410 396
476 399
889 813
157 168
711 645
592 595
769 723
1 7
249 156
85 123
54 120
413 503
1002 926
330 318
999 932
935 892
693 631
255 209
52 147
392 479
135 119
6 13
1 33
784 728
1046 986
95 75
626 685
301 387
520 521
414 394
544 488
508 518
506 603
103 172
231 317
61 70
34 81
310 215
444 504
299 279
103 163
320 368
549 513
210 123
495 565
812 759
695 760
462 503
345 246
247 199
835 816
942 883
429 453
906 908
489 533
277 256
603 628
429 524
743 840
193 281
85 183
431 377
477 479
823 868
900 819
1038 971
497 407
111 96
126 225
347 408
11 76
29 79
367 306
601 510
368 333
773 675
618 618
427 517
603 690
175 113
462 518
955 926
358 335
136 195
530 488
694 704
665 568
297 271
101 48
650 584
233 245
529 595
445 538
556 558
913 837
1 19
873 780
813 804
454 460
760 830
32 46
486 583
639 630
158 118
411 410
587 646
505 515
642 694
317 283
147 200
873 787
351 252
515 471
1 48
614 553
746 646
724 711
108 146
966 874
841 854
512 412
775 748
774 781
149 216
871 953
582 672
995 929
26 16
734 781
754 726
892 947
511 495
984 927
477 452
20 32
612 645
395 426
333 336
102 164
419 349
588 624
698 689
760 851
41 45
209 217
715 651
424 510
157 205
215 211
39 73
415 411
194 277
278 272
293 243
755 791
205 225
923 869
210 288
616 556
943 982
468 431
356 370
358 270
862 908
382 437
8 22
639 559
841 867
353 347
336 299
394 376
169 208
553 459
88 128
727 801
116 167
890 859
358 360
902 902
95 103
836 779
677 583
410 498
325 411
728 757
391 403
913 836
492 477
1053 965
918 837
807 726
554 515
624 537
647 736
484 442
617 692
536 600
249 334
398 326
74 105
485 564
129 80
879 975
370 326
125 81
169 236
432 494
766 688
562 493
73 110
283 344
31 38
623 704
839 857
64 47
134 161
670 619
473 453
878 948
285 381
122 115
276 320
309 342
117 56
423 444
565 487
244 162
275 352
376 375
74 36
696 602
328 391
288 198
308 398
360 400
702 728
654 685
1090 998
921 930
706 664
638 585
449 430
454 476
891 815
1031 994
533 506
588 635
750 695
896 842
448 360
673 670
322 305
112 188
902 993
460 397
882 932
245 280
321 327
229 316
943 960
560 515
190 239
442 358
123 148
113 153
88 46
69 27
236 261
22 93
980 982
163 132
89 113
449 493
1024 983
732 700
131 85
348 400
231 272
234 262
727 756
882 865
795 845
801 787
75 121
1 19
219 304
411 483
399 376
580 524
329 362
845 872
368 403
170 108
923 920
190 112
834 913
193 157
775 768
214 234
346 367
94 170
810 907
554 645
336 360
1 25
818 786
672 637
736 806
673 763
175 195
769 840
299 369
803 777
8 60
795 835
142 140
802 790
283 220
226 271
135 100
719 785
1 54
142 159
959 954
624 665
341 302
292 241
861 894
584 585
972 979
687 778
273 347
624 675
243 198
499 532
1021 960
108 86
113 167
220 218
394 451
177 210
759 740
223 184
912 917
210 249
750 716
718 765
770 834
466 470
716 765
837 738
1045 951
762 838
766 763
1008 985
315 284
194 251
689 730
92 8
774 810
760 845
404 416
524 454
306 372
245 145
315 262
662 699
243 159
550 460
839 862
267 257
401 355
371 327
635 595
858 919
736 785
19 18
495 590
839 762
749 652
662 730
1051 988
744 819
883 850
949 876
444 418
164 150
499 562
486 577
971 932
88 158
338 334
903 859
314 383
611 644
841 864
276 276
904 924
93 63
303 286
983 931
754 798
1040 955
727 743
279 231
240 216
473 404
600 557
174 235
604 585
301 249
129 154
199 259
763 673
828 867
671 621
419 427
417 339
231 221
367 348
671 716
318 307
13 11
517 457
783 728
1 39
844 797
751 679
214 275
571 640
792 707
42 100
521 538
378 311
315 415
279 198
99 165
448 394
420 408
903 832
538 478
347 302
852 883
1 4
276 336
454 428
847 778
108 159
851 779
47 86
746 687
185 106
1 20
834 776
138 174
872 940
314 343
875 897
33 104
714 675
48 127
256 289
625 573
1 2
251 225
480 515
957 910
513 570
883 799
358 442
660 563
346 251
307 272
926 925
794 864
776 689
499 490
243 220
942 919
1 89
61 19
967 994
183 259
308 275
1 9
614 539
275 224
398 375
230 166
759 805
708 798
416 354
135 63
476 568
1 29
300 208
346 274
1056 984
530 576
596 616
793 701
846 879
627 564
790 781
948 876
68 77
723 623
215 282
136 193
1050 994
746 787
14 50
192 283
552 608
596 682
7 15
503 409
328 395
924 945
347 345
487 478
258 210
432 415
1 20
426 356
737 773
282 212
16 77
865 771
163 246
841 908
425 387
373 305
638 682
381 340
949 975
778 792
135 127
882 905
262 278
390 341
380 381
535 461
192 179
1 28
497 447
108 27
452 456
185 279
456 385
61 72
729 723
491 526
702 617
601 562
817 786
343 262
862 847
1 2
575 578
818 868
707 646
600 523
677 689
621 713
329 315
233 242
641 729
231 205
458 459
552 630
1030 998
1 69
867 790
327 327
928 980
832 750
468 448
651 680
767 851
844 865
206 228
453 414
982 949
949 943
808 729
713 656
359 364
1043 989
254 343
211 135
704 678
379 430
71 64
857 885
635 643
509 493
346 337
238 279
674 659
46 82
114 120
792 741
428 433
186 113
301 293
495 462
827 924
320 377
699 667
898 991
728 659
491 496
209 197
435 474
809 798
449 481
154 83
155 160
864 842
908 871
195 108
494 522
194 282
481 409
995 899
921 889
743 680
939 846
868 965
419 483
8 92
34 80
604 511
591 655
213 233
224 155
918 889
216 189
775 796
538 516
485 543
616 552
715 630
729 676
238 324
434 341
925 951
314 251
687 663
488 556
795 891
708 759
1033 959
637 667
666 614
340 429
967 912
794 768
620 569
723 628
300 262
419 373
190 268
925 879
420 447
911 931
454 428
334 297
290 219
629 578
142 116
104 80
832 781
680 620
1 5
463 444
786 744
536 487
128 176
176 230
980 948
727 753
652 591
433 363
594 544
191 276
255 162
955 929
53 143
885 793
276 238
799 806
375 413
667 742
817 805
865 854
491 489
579 490
877 834
633 587
552 651
879 821
18 67
586 652
344 380
544 619
811 727
647 648
109 194
264 183
1 16
230 322
566 523
119 130
733 648
156 172
876 950
156 195
879 941
170 221
132 223
52 61
123 30
98 197
836 794
983 998
706 716
330 238
441 477
433 516
933 956
287 322
854 872
241 328
13 42
622 529
377 397
100 36
305 221
559 482
44 122
454 478
131 207
814 798
231 243
584 525
350 332
273 274
592 578
395 384
931 967
80 163
319 361
463 372
887 946
407 337
194 124
48 124
473 412
716 670
177 274
572 496
193 210
526 446
774 746
500 505
782 688
341 375
640 560
785 696
447 375
879 872
894 951
718 732
981 895
452 427
298 261
138 154
412 339
412 500
1 36
813 797
643 641
447 441
218 293
429 429
415 369
551 617
56 12
799 793
656 595
804 831
757 833
891 951
717 763
1051 975
481 435
425 384
437 390
737 733
663 684
157 239
86 140
271 250
107 130
675 768
229 166
100 144
422 425
390 323
578 502
428 371
87 131
454 519
236 155
699 663
278 330
731 657
8 4
443 462
630 578
358 261
579 674
908 873
431 522
183 241
548 472
198 220
393 425
911 934
11 28
539 452
183 226
548 512
690 749
774 769
857 866
223 291
385 444
730 654
520 478
200 213
446 525
46 6
390 296
490 425
215 237
695 766
507 545
948 872
153 203
670 696
800 821
523 599
728 784
166 115
401 308
935 933
533 601
504 445
441 476
895 803
131 41
878 779
656 578
588 636
222 137
914 837
1020 944
108 156
398 442
266 221
277 285
88 131
345 407
22 6
312 346
467 545
732 790
135 94
272 289
219 217
117 189
597 598
191 126
749 655
126 190
114 62
560 504
311 324
313 285
917 860
488 534
492 510
424 366
919 907
668 683
56 106
207 226
149 214
111 44
549 612
259 248
191 260
867 854
448 467
832 765
786 834
806 786
141 192
844 871
866 871
618 555
695 717
535 563
246 337
143 157
688 631
808 780
573 626
910 885
420 389
591 669
401 447
767 733
267 256
238 211
220 244
777 862
305 387
621 629
793 723
408 381
816 803
708 638
464 436
704 680
637 710
488 487
493 524
829 800
475 453
295 335
685 752
619 671
1 35
890 941
309 312
364 425
468 453
377 473
508 558
353 260
379 369
739 656
459 486
168 193
482 457
18 39
165 134
313 306
166 247
859 765
905 876
834 796
841 776
597 635
282 188
676 708
257 291
156 116
677 586
902 916
924 897
848 807
167 233
1 76
410 500
815 746
67 4
414 418
888 825
597 654
776 851
697 709
644 656
399 463
186 210
583 611
200 264
650 651
573 600
665 728
226 174
959 976
556 651
286 272
311 220
807 760
702 654
140 90
41 123
241 333
379 428
252 284
489 539
761 743
250 268
310 307
807 744
463 563
502 437
1009 994
141 133
452 515
335 400
356 383
168 201
535 490
490 499
426 411
286 222
97 46
285 298
987 976
63 126
822 814
728 694
570 555
210 183
289 356
1 15
649 673
874 862
1002 922
834 907
175 115
742 669
265 278
462 551
320 244
765 846
710 807
581 666
453 383
411 311
473 495
492 527
502 459
129 117
808 865
594 656
690 624
472 427
800 737
1015 973
232 209
604 538
863 809
920 925
18 82
28 96
701 720
926 954
561 642
1 27
795 722
338 271
409 423
682 693
46 61
669 666
781 862
603 503
935 959
460 364
230 297
698 631
408 507
405 461
921 929
399 428
659 675
1007 986
458 459
596 598
709 732
45 49
610 692
538 536
196 103
157 217
993 896
757 672
835 843
753 765
511 420
292 387
316 366
663 719
461 401
865 787
564 627
438 438
338 362
643 698
312 355
307 370
313 226
317 342
945 902
690 749
555 616
55 29
85 40
75 41
263 356
21 64
84 22
425 502
524 441
375 417
644 696
851 874
634 635
871 934
705 775
108 41
908 840
642 550
902 813
951 932
933 937
860 920
499 465
50 67
466 447
383 289
888 890
220 213
579 656
319 332
234 169
419 501
716 793
16 25
583 577
109 76
758 786
27 8
670 688
560 627
619 543
475 453
400 429
788 728
969 916
909 811
692 593
597 613
621 574
287 283
160 208
816 806
891 806
924 972
759 807
201 193
215 166
532 609
340 397
548 485
231 195
589 592
510 428
479 381
181 131
244 159
269 238
381 420
115 78
277 335
313 322
468 441
1078 983
34 75
450 526
908 906
422 322
184 231
806 780
279 354
126 125
550 522
285 295
592 508
339 368
562 638
922 868
814 855
447 535
174 125
840 764
605 538
665 620
1 3
316 302
666 630
691 679
580 624
916 951
101 105
196 96
408 389
971 899
566 567
718 729
684 619
901 866
588 641
807 790
113 185
395 422
921 999
133 86
505 517
776 689
237 335
896 937
247 319
459 521
852 845
713 793
305 267
408 486
888 923
931 875
652 677
922 832
443 520
14 101
748 668
229 283
655 706
49 127
896 937
331 324
228 222
535 492
567 631
616 706
221 268
150 183
494 410
914 872
467 421
335 248
13 66
954 879
522 534
374 351
184 199
566 654
619 677
888 797
903 963
649 724
299 376
1015 943
1017 917
847 929
944 963
30 68
190 282
989 963
1005 912
953 908
106 124
981 884
767 814
495 528
839 781
1017 958
145 212
126 151
665 570
315 257
953 980
94 148
497 433
940 969
498 507
685 762
734 773
436 370
881 925
197 154
209 135
533 565
118 83
933 913
11 36
793 819
18 86
352 381
1027 987
69 14
7 74
931 870
895 925
264 268
896 862
695 687
939 997
584 605
826 752
477 523
341 408
29 74
876 972
235 242
842 820
859 798
1022 987
633 683
518 530
848 878
1006 909
215 202
538 565
538 610
6162 8138
5262 5910
7866 6926
8346 9382
7822 8945
9601 8978
5849 5925
9693 9506
9496 8936
6155 6968
8787 9311
5759 9791
5449 7824
9444 8367
9112 8324
6240 8792
7964 7770
6040 9594
7634 5279
5207 8238
9402 7702
8530 6500
6878 5325
5016 7727
9314 5631
9633 7086
5794 6858
7004 7021
7979 9398
7130 5832
5180 5940
9219 6660
9944 6179
6079 6848
9538 9849
6320 5225
6166 9533
8786 7749
6280 9439
9618 8233
7530 7165
7528 7337
5502 6724
6458 9858
5073 7979
6208 8695
7950 9913
7898 6410
6878 9154
9557 6234
7038 7344
7110 7014
8182 5562
9581 7991
8442 7711
6941 7470
6895 6701
5916 7359
7695 7415
9460 9105
6097 9700
5129 8370
7014 6165
8385 5709
5906 7215
8777 5713
9037 5760
9402 7622
8347 9849
8040 8937
6429 9740
9734 6071
5474 9506
7201 8912
8129 7738
5854 5667
5018 9386
9726 5412
9463 5965
9312 7088
8748 8127
5992 9151
9315 6875
5096 7965
8291 6527
9202 5457
6594 9306
8063 7323
9020 5315
6387 7827
8893 7494
6853 8740
6663 6164
7015 6424
7715 9929
7955 8271
6178 8904
5730 7661
8043 5805
6802 9397
8249 6800
8793 5951
6383 8270
8987 9481
5858 7610
9457 8070
9287 8724
5716 9095
6000 7540
7577 7020
8220 9262
6657 8514
5831 5443
9313 8913
8831 8720
8941 6642
5240 5120
8981 6021
5648 8647
8391 7022
5435 6790
5759 9621
7100 8253
6353 7250
9890 6637
6816 5681
9021 6953
6365 6483
8022 6359
7497 8227
6487 7054
9387 6285
5342 5020
9330 8077
9647 5279
8683 8121
9662 9763
5209 8756
6296 9225
8917 7554
9712 7486
8471 8538
8931 6108
7781 7828
9893 7252
7373 9034
5120 6418
5144 6480
6582 9169
9390 6322
8134 6937
6847 9163
6167 9868
8212 9011
5557 7504
5481 7283
8785 8759
6155 5026
9863 5986
9236 9242
9108 9284
7283 8377
8413 9290
5963 8577
5760 6381
6191 8612
6346 8782
6214 6271
7476 9305
7840 7719
6512 6932
7341 5891
9739 6990
9468 7063
7468 5340
6862 8928
9751 5159
9215 8751
6446 6256
5341 8817
9545 8485
7360 8046
8739 5646
5606 8490
5734 7858
5239 7395
7800 8454
7543 6337
5113 7566
7633 9509
8233 7954
9127 9794
6561 6858
5234 9051
5603 8415
9683 9742
5560 8434
5247 8691
9563 7309
6442 9234
7790 7641
6426 8970
5602 8314
9837 8395
5074 5554
7203 5167
8055 8352
8618 9161
7677 7510
8118 5031
6637 6176
7076 6739
6913 7139
8925 6094
6435 6928
5361 6700
5990 5179
8668 5551
6660 7597
7636 9594
6119 7453
7928 8289
8954 5338
9081 7412
5917 6685
5944 9967
7473 8248
5836 9622
9796 7578
7815 8076
6496 8877
6900 7478
6623 7036
7287 9730
7656 7881
8171 8978
8103 7814
5668 5345
7582 6251
7875 7964
7731 6169
9708 6508
7394 9356
9058 5781
9976 5079
9852 6397
8681 7913
7791 7944
5807 7551
6209 5382
5799 6786
8013 7432
5618 8236
7612 8948
8205 5779
7530 7735
5397 6726
9971 6935
9882 5125
5267 7885
5395 8899
9715 6896
8434 5644
7267 9491
5211 5545
7782 9877
7842 9866
8343 9714
9000 9370
7933 6720
9346 8067
6239 8345
7610 5144
9134 5460
7674 8297
8943 6010
7236 5572
7101 9767
9794 9056
5286 7168
7410 5634
7596 5753
8846 7453
7312 9080
8872 9335
5503 5471
7520 9323
6349 8946
7863 7548
9383 9876
7254 7632
8761 5121
9703 6426
5491 6826
6945 7833
7082 8646
7884 8755
7372 7475
7349 8793
6013 5071
6739 5384
7331 9587
9191 6333
7467 8202
5606 8133
6090 6089
7478 7032
7197 7460
5698 8596
5542 6638
9653 6280
7929 8729
9758 7246
6209 7839
8665 8951
6488 6230
8235 6122
7107 9332
6477 7060
7835 6569
8021 5511
9248 7558
8699 9917
5007 9364
9412 8051
8847 9499
8023 5383
6749 8210
6451 5734
5267 9290
5588 8666
5476 8589
5405 7066
6942 7765
9767 5036
5602 8950
9344 7226
6134 7667
9327 5106
8222 7958
5313 6861
5169 8472
7229 5121
9786 8902
9889 9415
9573 5693
9061 8398
6943 7000
9869 7000
6701 7122
6535 8374
8877 8980
9060 7019
7644 6826
7867 7509
9705 6598
6415 5329
6711 9761
6336 6301
9253 8639
9378 7417
7889 8448
7025 9852
6927 9170
6849 6306
5132 6434
5648 8821
8293 5257
9803 8276
7251 9508
8896 7190
9444 9040
9329 5105
6109 8981
6029 6582
8340 5990
8447 7642
9387 6287
9568 7198
6401 9583
6801 8589
9589 5229
8244 6580
7965 8601
7970 5987
9948 8005
5646 6481
7618 9899
5817 7265
8604 5108
6699 9208
8586 8948
9014 6953
8573 5585
7076 9411
5721 8145
6706 6486
5390 8504
8146 5532
6353 5950
9782 6150
8903 8547
7561 5963
6109 8551
9680 9414
5582 8602
8253 8500
9137 6296
9036 8887
7441 9701
9236 8314
7274 8258
9681 5154
7919 9227
7082 8744
7213 7951
9430 9843
5802 8753
5864 5727
7856 5189
7881 7960
7601 9685
6945 5992
6126 5570
5632 5155
6739 8230
5563 6702
9196 5889
5625 5254
5049 6247
5149 8479
9232 6484
8326 9516
5979 6023
8573 7840
5545 8077
5460 7005
5225 5781
6831 7172
8566 5569
9063 6925
6175 8820
9413 5836
8350 9418
5744 7392
7591 5493
6831 5785
7596 7591
5530 9663
5626 8310
9955 9480
5730 9469
7944 7246
8908 5805
7699 6500
8880 7985
5751 5486
7715 6349
7803 7134
5044 6761
7918 5528
9097 9908
5574 9559
6810 9536
6747 9091
9909 6844
8777 8407
8822 6382
9185 6888
9652 5574
7878 6605
6263 8988
8859 7791
8193 7424
7122 7325
5738 9392
5699 6984
8346 5207
7191 8877
9017 8759
9757 7617
6727 8327
9249 6177
8898 9875
6648 8665
6838 5766
8365 9783
5677 5723
5482 8936
7246 8868
6567 5140
8242 9376
9778 6505
5721 8332
8156 9892
9741 7811
6889 9446
5521 9919
7672 8203
5941 7735
9897 8560
9178 6328
7296 7832
8110 9907
9004 7753
9100 9264
6769 7505
8806 8123
5663 9939
5085 5477
9409 5593
9403 5996
9726 5753
8885 7798
7111 6866
8297 8869
9739 9364
7326 7651
9960 7319
5796 7549
5313 9802
8817 9364
9150 6967
7639 8606
9510 6623
7094 7563
5873 9744
8092 8461
5561 9956
5007 9459
6635 8949
9025 5966
8659 9935
5757 5219
9935 6930
9532 6967
8305 6107
7534 8077
6200 8934
8598 6484
6676 7318
9532 8991
6194 9018
5428 6808
9319 8442
6472 6001
7348 7431
9554 8975
6976 6629
9718 7644
5422 9470
9669 6727
9823 7930
9133 9733
7757 6960
6475 7839
7224 5213
7166 9184
7096 8431
5589 5831
5001 7576
8913 6809
5853 6565
6028 9402
8756 9908
5565 7239
9220 8117
8454 9234
8008 5525
9050 6856
6373 5497
6577 9369
8831 9797
7257 9692
8227 9762
8239 8382
9430 5389
8041 7525
8870 5926
7999 6337
7481 5513
9847 5978
5149 9174
9693 5030
7510 6612
5310 7142
5291 8413
8361 5236
8997 8433
9090 5002
6923 5228
8020 5211
7497 9693
9390 9895
8976 5077
8996 9123
7038 8632
8287 6089
5812 9106
9714 9659
7445 7415
7328 8816
9872 5305
9672 5501
5516 6248
5450 9926
7200 9940
6442 6176
8879 7410
6084 7910
7485 8850
6220 5244
9332 9097
7847 8935
8131 9782
5262 9515
5143 8815
9990 5515
7550 8049
8378 5852
7377 7305
5336 6684
6977 5266
8975 8689
5260 9742
9437 8930
5590 5150
5746 7769
6830 8659
6782 5642
7777 7781
5065 9324
9251 9459
7849 5517
9271 6038
8240 8664
9406 6963
5562 6560
9997 8246
6470 9222
9882 6595
6777 6619
8641 7018
6152 5708
7790 8125
8829 5724
5042 9470
8277 6145
5711 8804
7125 6940
7835 7071
8655 8730
9709 5704
9801 6464
5823 9060
9385 6007
6615 5626
5111 7398
5029 5876
9130 8207
5353 5529
6298 8217
9253 7718
7073 5096
9857 9128
7836 6297
8632 9379
5922 7527
8781 8473
5218 5852
8203 7070
9893 6554
7864 5846
9025 5044
9297 6469
9206 8051
9873 9323
6314 5062
6591 8669
9061 6733
8468 6398
7457 6130
8829 6077
7036 6688
8398 5294
5358 9753
8433 5815
9283 7060
5196 7239
7583 6534
5759 5243
5620 6841
7574 8250
8169 5749
7377 8486
9577 7238
7829 5682
6034 5503
8213 9025
5047 5250
6754 7671
5635 7956
5090 7834
9824 9730
9458 9975
8796 7458
8041 6771
7594 5313
8589 7425
6564 6723
6099 5619
7788 9448
9681 9583
6116 6020
9867 7344
8142 7680
8448 6211
6565 8311
6227 5185
7427 5340
5490 8274
5585 8616
7998 7099
6022 5870
7872 9277
8003 5010
9987 8782
9334 5037
7070 5267
8191 9916
9074 6632
6548 8588
6356 5119
9129 7985
8254 9612
8179 9969
5814 6556
6713 7981
9473 6996
7282 9934
8290 5626
9212 9798
8444 9834
6671 9339
8393 8691
5332 6253
6053 9041
7311 5872
9674 6144
9993 8290
8617 9488
5056 6163
5503 9702
7131 8569
9230 9276
8781 7596
6256 9504
8412 6051
9766 5146
8863 6657
9670 6923
7000 7180
9004 5616
9899 7387
5779 7794
7005 9561
9003 7230
7534 7838
5036 7904
7322 9738
6776 6225
6966 5278
6134 8315
5417 6036
6142 5103
9091 7226
6025 6083
8758 7508
7816 6664
6109 7869
6938 6958
5865 6064
7064 9323
8908 7793
7990 6804
5458 6841
9064 5905
9359 9350
6252 7771
6261 9062
8124 6204
9446 5047
5449 6562
5724 8737
8289 6626
8844 6388
5198 5148
6607 6715
6978 9604
6685 6731
6465 5023
6131 9093
6159 8806
8904 9522
8988 7401
8995 8431
6146 7885
9192 7614
9328 6799
6496 7709
7830 9059
8543 6480
7316 9980
9666 8951
9265 5039
6509 6776
5518 6541
7592 9586
6808 6312
6240 5752
6482 8104
9329 6591
8745 7068
9167 9035
5625 7166
9230 7060
6798 9738
8805 6548
7798 6661
8965 6226
6643 8835
9107 5964
5142 7035
5401 8247
7399 9128
5233 9637
7293 6337
7453 6840
9478 5868
6731 6065
5546 8099
6250 9318
8150 8319
8722 6657
5531 8566
7246 5335
6355 5368
7244 8876
6850 7317
8025 8895
7729 5113
8133 5934
9115 8781
6076 6190
9656 5687
7494 9955
5871 8695
5692 7860
9453 7087
6144 6760
5862 5314
7343 7219
8593 8480
9789 9448
8060 7519
5640 8718
9984 7824
6818 8890
9372 5156
9973 9142
5195 7056
6064 9408
9068 9049
6315 9673
8606 5159
8839 9996
6974 9008
9841 8973
9076 5163
7257 8641
7407 7057
6748 5917
5274 6549
8442 6333
8223 7323
7211 9378
6038 9843
5674 9449
6682 8554
6909 5458
9501 7330
8700 9677
7165 7602
7673 8786
9069 8866
9127 7044
9517 9317
9819 8697
9925 6953
9215 9873
6898 7716
7205 5089
9312 8808
8742 5129
8534 8237
7885 8139
6151 7817
7582 5514
7174 9112
6465 9126
5515 5417
8037 5374
9463 5169
8770 7781
6099 9723
9440 8561
7766 6872
5732 8593
9314 8933
5728 9962
9861 8044
9328 5619
8044 7647
6979 8732
8750 9824
5801 5231
7182 6861
5588 8213
5244 9329
5714 9309
8650 7792
7509 7516
6904 5075
9049 5590
5508 5641
9804 9029
6000 5543
5251 6732
5767 7881
7887 9762
7018 8219
9819 5638
5664 5393
9862 8482
7612 7673
9105 9533
5534 9458
7172 9650
5306 9677
5978 7308
6842 6277
6615 8818
8476 9083
7395 7275
6255 7354
7102 8565
7719 7093
5467 9276
8935 9760
5392 9566
6094 7262
8180 8292
5986 9254
6352 6558
6355 7775
8833 5063
8639 9683
8305 7400
5438 9709
5490 9592
9178 5135
7723 9498
7385 9927
9195 6643
5444 7557
5283 7420
6623 5671
9123 8865
8118 5065
7915 6862
6339 6005
7994 8869
7873 5384
5563 8575
9903 9908
7783 5982
5016 7724
7143 6824
9576 9583
7814 9529
5243 8478
5128 7466
5182 9770
7935 5844
8005 7092
5669 8763
5586 9654
8157 9279
7592 8487
7986 8962
7868 5043
6675 7615
7304 5758
6610 9316
7710 5924
9108 5595
7114 9000
7414 6612
7689 8281
5968 6306
7299 6943
9239 5808
6088 8029
8827 5865
5029 8969
9217 8451
6189 8472
6844 5447
8686 9403
5805 9943
8211 5416
7189 5879
7967 9703
9591 6042
8429 5865
8305 9707
5732 6447
8028 7808
6416 6423
9933 5851
9172 8473
6058 8375
6321 9956
5116 6779
9468 8409
5997 9312
9239 5233
6334 9526
6855 6955
6273 5417
9157 8334
8216 9095
9620 7042
5480 9849
9946 7010
9228 5221
8807 9555
7570 9772
9386 9763
6377 7669
5385 9198
7772 5747
9371 7744
7000 7590
5084 9604
7946 9886
6344 7333
9550 5107
8162 5430
8441 7227
8194 9190
7740 8217
9784 8282
9873 9082
5357 5558
5248 7323
7791 9176
5910 9542
6486 5999
5623 6944
8015 8408
9572 9723
8605 8590
6167 7830
6900 6125
6168 7182
9236 9346
5019 5876
9439 8634
6556 7571
5513 5513
7839 8744
7224 5760
9947 9145
6570 8285
5539 7743
6918 5974
7577 7290
8862 9283
6979 9194
8020 9456
6315 6899
7863 7401
5470 9180
5924 7892
9360 5625
7810 9305
7824 6939
9947 7585
8664 6204
9402 9916
5406 5245
8682 8251
8532 6049
9562 8935
7394 9108
6822 6277
9427 7765
9978 9868
9442 9056
5730 7497
7940 7313
7047 8338
6504 8730
8090 6397
6678 8792
8718 8936
8345 9721
6313 8412
6444 7127
7938 8801
9050 9467
6027 9518
6302 9467
9924 9109
6090 6123
8017 5958
8094 8432
9898 6692
8212 9536
5312 6518
6194 6094
9093 7161
6452 8187
5809 7245
7106 5473
9239 6061
6694 8923
8055 9484
7821 9931
8852 5427
7706 8715
8418 7637
5366 6448
8121 7784
5135 8659
6446 8113
9377 8415
9428 9819
5462 5793
9444 8361
9713 9218
7713 6402
8560 6629
5701 7615
8835 6068
9317 8698
8184 8998
8213 8401
5392 7326
7458 7380
8163 9138
9653 9477
8484 8456
6305 8396
8824 8440
5782 9966
6752 6913
7312 6815
5214 7727
7852 5989
6027 8745
8723 6215
6783 8011
9242 6090
8327 5924
6239 9223
8573 9486
5014 6661
6337 6862
8484 8750
5227 6012
7045 8671
8782 9473
10000 9133
8911 7158
9562 5574
9375 5462
8081 8115
7894 5190
5657 5791
9139 9948
8431 7970
7665 5174
5695 5487
8215 8561
5779 5423
8877 5730
8740 5052
8481 6150
5948 5009
6590 9076
6266 8339
7106 7049
9759 7558
7029 9741
8710 6392
7950 9078
7840 5767
5357 7635
5533 5003
7426 7794
5362 8537
7292 9692
5793 5219
9051 7926
8840 9944
8037 5565
6800 5029
6083 9611
5961 5842
6948 5159
7008 7156
6623 6590
6850 9854
6604 5519
8945 8030
8494 6161
7980 8568
6646 6200
5133 9911
5284 8631
6345 9296
5483 5924
5896 5268
8550 8566
7302 7351
8630 6674
8275 8698
7464 7268
8055 8836
6829 8176
5548 5617
9524 6515
7138 7902
5968 9770
6559 7320
5492 9308
8244 5069
7867 8510
9031 7729
5316 8448
5849 8961
5122 9973
9154 5430
9315 9875
7489 9182
7514 7449
7561 9008
7730 7150
6451 7634
8466 6432
9136 5647
8994 8290
8172 7805
9469 9206
5404 5058
8277 7252
5576 7859
9825 5966
8341 6259
9296 7684
5843 5371
7769 8894
7935 6353
7748 5649
9295 9105
7443 6936
5373 9381
9048 8422
6756 9652
9345 9048
8372 9604
5213 7667
5405 7916
9964 8614
8057 7381
9128 9568
6839 8011
5072 8870
8443 9473
6807 9555
7745 6778
6451 9227
9050 5531
9948 8414
6024 9370
6624 6642
8310 8375
7100 9296
9988 5523
9427 7490
8319 8505
6486 9685
6429 7474
5975 6748
6533 6502
9327 5827
5394 7437
5685 8508
7010 5538
9581 9373
5320 9211
9847 8414
6978 6270
5454 9436
7016 6326
9340 9156
8576 6528
9059 7995
6490 9691
8702 5187
7995 7002
9524 7685
7376 5667
7426 6142
6824 5769
8617 5420
5348 7942
6785 7246
9530 9728
5142 5822
9997 9040
8015 7920
5154 6260
9632 7933
8375 9026
9067 6855
7206 5628
5795 7213
6026 8306
8946 9570
9849 9877
7689 6061
7849 9742
5230 9549
9639 8333
9451 8196
5552 6471
9429 5816
9038 8275
6502 8656
8359 5501
5365 6672
9395 6008
6139 7425
5190 5256
7107 9301
9218 8991
7161 9611
5963 5082
5135 7767
9594 5673
5603 5996
7872 5478
9196 6676
9560 7183
8958 9702
5297 9467
5293 8152
5039 7241
9954 9896
6547 7763
9692 8365
6644 6933
7422 7309
6870 5829
5488 7605
6475 9587
9819 8787
6951 6575
7487 7622
7778 8518
6521 6042
9513 9924
8279 9923
5053 6782
7955 9450
6349 6371
8113 5818
8793 8701
7983 9871
8557 7760
8289 8434
9075 7684
8215 5447
8479 8550
7083 5091
5474 8782
9282 9725
5221 9025
5014 6540
7685 6042
5074 8558
8507 8927
9273 7334
7860 6231
6679 6695
8616 8028
5342 5468
9245 8040
7309 6981
9783 6865
5809 5805
8422 8149
5955 8978
5863 6481
8361 9546
5993 8155
8243 5688
6010 6836
7498 9462
8876 5696
6559 9090
5732 6261
5413 9296
5697 7815
5323 8104
7047 9692
9775 9660
9015 7753
8927 7784
9881 6541
5037 9506
5774 9747
8554 6158
5866 5815
6852 5492
6001 9938
6588 8755
6502 8741
6484 7856
9465 8219
8158 5486
5575 9052
8688 7703
6315 9131
9541 8422
7667 7391
8189 6457
8732 5575
5712 6968
5641 6067
9575 9658
6154 5735
7289 7055
5016 9675
9659 5105
8130 9877
8464 6214
8168 6497
9069 5668
8549 7470
5532 8578
9735 9244
6909 5983
8318 7868
8116 7452
7326 7878
5821 9423
5017 5627
8460 7946
5673 6223
9592 8207
7755 8288
8600 8089
6628 9469
6121 7416
6941 5982
7869 8877
8849 6656
6587 5232
5328 8465
8690 8023
5578 9760
8673 6620
6373 5033
7694 8175
5006 5661
7694 9256
7661 6963
6576 5044
9911 8127
7685 8859
6437 7859
5217 6320
5435 5645
8678 5478
6774 8374
5762 7337
6386 6610
6436 5953
7264 8797
9874 5193
7603 9436
6402 6710
5028 9355
9709 6260
7830 8528
5781 6779
6779 5546
9654 8131
7219 5587
5907 9690
9318 5832
7711 5465
9228 7875
6579 7269
5458 9805
9307 7095
9663 8184
6174 5353
6269 9012
6888 7142
6365 7896
5495 5927
9956 5105
7840 5056
6615 5507
9197 8679
6675 6380
7905 8917
9158 6618
7502 5042
8407 5655
8561 6377
5009 7021
8660 8853
9357 5061
9891 7506
6876 6739
5870 8353
7851 8821
7253 9490
6591 7861
9851 6815
8176 7114
8152 7129
9252 7343
8386 6641
6088 5591
8485 8992
6347 5701
5649 7854
7373 8860
8233 6410
5492 9015
8929 9240
5840 5692
5065 6593
6824 8403
9621 5900
8311 7096
8586 7226
5560 6208
8097 6259
9669 8411
5954 7024
5447 7359
6019 5382
5460 8673
6277 7057
7879 5867
6026 9830
9384 9549
8899 8393
5275 7872
8310 6130
7736 7049
6625 6458
6660 9953
6600 8327
6132 8080
5399 9468
7782 9960
7960 9899
9721 7943
9067 7461
8175 7930
5121 6162
7174 9719
5525 7333
5271 8333
7054 5479
8141 6587
9233 5900
8717 5520
9597 5698
6014 9352
6531 8535
8709 5720
5288 6517
5406 8679
5676 6541
7129 6565
7540 5676
8044 5864
6857 5839
9716 8776
9692 7471
8149 9112
9063 6668
6066 9914
9585 6952
8770 7792
7470 5012
8424 5502
8549 8492
5858 9831
8565 9251
5978 8395
8066 5471
8439 5406
5282 6013
7877 5463
6094 9615
5709 5532
9541 9093
5177 8688
9061 9237
5362 8435
6359 5228
7766 9028
8911 5393
5238 9305
7475 7014
7750 7777
5066 6975
9453 7177
6656 6711
9886 5132
5896 9044
5464 5977
6038 5084
8537 7099
5379 8479
5074 7714
5153 9152
7414 8062
5382 5107
5010 9140
8720 9573
7599 9411
5983 8488
7469 9216
7756 8699
5698 6211
6908 8399
7530 8300
5864 7722
7295 8842
6872 8932
5749 5390
8954 6153
5340 6722
6090 9801
5565 6759
6250 8414
6780 9473
5140 6684
9714 6718
8159 6773
8568 5533
9156 5493
5204 9588
7578 6391
6926 9282
6140 5317
6206 6488
6540 8840
8052 9226
9013 9433
9046 8026
8728 5931
9736 9878
9259 7631
5630 9085
8380 9693
9724 9015
6651 5552
8391 7590
6375 7649
8948 6564
9610 8115
6771 9171
7249 7852
6844 7606
9163 9007
7707 9834
7237 5498
5729 9640
5396 6822
7207 8954
9434 5938
7727 5329
5053 7900
8571 8127
9644 5178
8140 6502
8194 6336
5681 5182
8823 7464
8913 7024
6510 5000
5322 7267
5633 7310
8125 5592
7359 9294
5130 9459
6521 5578
8526 6607
7439 9644
7581 5484
7004 8256
9805 6771
8287 6816
5987 9507
8481 8858
5956 9486
8074 9922
9448 5735
9173 6983
7346 8207
6591 5270
6302 8007
9545 7704
5800 6553
9607 8198
7998 9944
8886 9769
7674 7175
6514 7820
9682 5319
7084 8003
8862 9744
9516 8158
5095 6222
8501 5688
7891 9986
8846 8836
5331 5798
8508 9087
7215 6718
5522 6142
6270 6830
5007 7520
5188 8559
8654 8009
8910 6646
6819 6004
9447 5715
5157 6472
5150 8881
8760 6328
5988 5542
7156 8351
9665 7608
6314 5593
5149 9033
7668 8734
7715 6141
7537 7554
6746 9599
9326 9139
8120 9877
7069 7320
7140 6848
9768 8481
7720 8615
6716 6536
8366 6942
6508 6180
7980 6978
7516 6694
7157 5518
7520 5310
6723 8237
5064 7479
7035 6053
5326 5047
7746 7667
5584 8788
7059 7148
8888 7506
7646 6611
5676 5066
9713 7738
5572 9603
5176 5759
5849 5391
7991 5315
7816 5097
7525 5790
9606 5341
9958 6798
7941 9646
5045 8137
7988 5763
5550 5299
5653 5638
5008 5312
5039 6213
7500 5794
9458 7571
7341 5362
8192 5820
6964 6207
8890 6793
6817 7996
9276 9674
7011 6174
8372 7459
8157 9033
6536 8080
9851 6932
8853 5558
8988 9804
9576 5541
8933 9421
5708 7353
9808 8259
6385 6177
9275 9030
9634 7259
7308 8223
8410 6723
5965 6093
5355 7852
9407 9659
8921 8378
8328 7285
5161 8322
7127 5561
5065 5448
9583 8407
8023 5931
8361 6246
6431 6297
9848 7449
6746 5594
6863 8289
5033 8065
6567 7256
6583 7564
9656 5512
5896 9669
5256 7721
8789 9140
8827 7440
9389 9986
5275 7166
6911 6866
7072 9186
8729 8940
8797 7919
8054 9125
8070 8276
5158 7488
6794 5869
7706 7860
9180 5518
6236 6280
8119 5320
8439 9350
9988 9145
8313 5486
8283 5138
5164 5722
5439 7737
8232 8240
9823 7638
8401 6123
6299 8025
9235 8246
5840 5702
9808 7171
8142 5251
7908 9507
9855 8404
7419 9118
7841 9051
5332 8156
5220 5763
8658 6832
5642 7934
5807 6674
9092 7064
7219 6211
6451 9965
8577 8950
7830 7405
8445 6123
9579 7793
7251 7877
9975 6364
5726 9534
8691 8282
7592 6190
7958 6886
7377 8242
8639 6649
7176 6243
8045 8767
7278 5880
9619 6514
8759 8973
6374 6658
5488 6616
5241 9128
7424 9993
5630 5415
7882 8428
7884 5097
6678 8113
6793 7837
7347 7417
6636 9451
8896 8282
5890 6301
8193 7896
6353 8234
9494 9328
5396 5516
8658 9392
5896 5175
7769 5877
9512 6393
6456 8530
8375 7607
6766 6948
5596 7760
7281 7808
7731 8184
8785 5921
6029 9635
6071 8647
6266 5092
6259 6599
8893 7380
8778 6978
9176 5845
8337 9446
9337 7181
8390 7557
6980 5727
9694 9118
5940 9871
7651 8570
7826 6469
8775 6837
6882 6001
5268 9494
5237 5499
9681 8154
7773 8038
8625 5479
5411 7454
9059 5785
6914 9848
6895 5467
6504 6714
9471 6394
8308 8969
6166 7217
7164 7901
7562 7728
7908 7113
6117 5147
7906 5249
9831 7169
6878 8188
6521 8160
7570 7437
6391 5386
9750 7894
5687 6098
9079 5209
5553 6476
7687 6796
9689 5698
8195 9699
7605 5107
8233 8212
5463 8946
7076 8599
8188 5048
8672 9733
5936 9336
9983 6336
9261 6142
6956 5142
8332 8795
5893 8557
7045 9119
5690 7390
6007 8899
5809 7405
9635 7896
5616 8691
7529 5700
5652 7518
5721 6035
5369 5902
6521 5981
5458 9051
7333 7777
7212 7354
6874 6309
6767 6440
7983 8022
7843 9380
6588 7818
8825 5462
9679 7232
9904 9435
6065 8116
8112 8858
8269 6639
9399 6196
7818 5771
7290 7360
8994 9217
6503 9301
9546 6386
6182 6384
6631 5507
8150 9023
6653 6043
9544 5838
9292 7078
8264 7163
6848 8499
9434 6751
8564 7198
8071 5158
9933 7740
6317 5989
7557 5913
8013 6872
7956 9441
9676 6709
8214 5140
9224 9021
7166 6007
7410 8745
9276 9161
5155 9908
7948 8076
5051 5389
5911 8612
9778 5854
7717 7674
8341 7942
8876 9108
6209 9066
5465 8416
9078 8543
6966 8451
6898 7238
8307 7251
7983 6032
7485 5372
5879 8820
5677 5721
9606 9053
6233 9290
6708 8980
5199 9752
6157 7853
8453 8835
7678 8639
5894 8129
9753 7615
6700 9980
6796 9313
8324 9481
6923 7467
5696 9548
5654 5132
6727 7869
5162 8802
9643 9361
6441 6815
5791 8297
8592 6064
5034 5191
8323 8952
9148 6348
7761 5705
9392 7428
7029 6464
6704 6400
5586 5980
8482 5757
5126 9137
5744 6941
7060 8499
6697 9500
9999 8779
9825 9324
6795 5505
9923 8691
5411 9784
7463 6142
6867 6274
6981 6439
6132 6486
6455 9167
6141 7890
8466 9758
8022 8601
5132 8938
6136 8893
9188 8417
6334 6823
6578 7570
9208 6929
9833 9053
8900 6800
7956 7134
7879 8800
5438 5351
8668 6303
9763 8231
9117 6928
7814 5124
5004 5665
8674 8213
5460 6315
6818 8174
5451 9669
5179 5242
8210 8115
5621 8756
5736 8388
5815 6600
9731 9486
8996 8920
9746 8582
7413 8596
9113 6884
9857 5325
8185 9687
7008 6026
8080 6874
8812 6332
9613 6933
5147 6726
8901 9170
5934 5001
7267 7285
5719 7831
6304 9425
6656 6308
9720 5382
5101 5778
9058 5036
7293 7911
6512 9913
9654 7500
7923 6808
6829 7728
8527 8999
6183 7909
6733 8179
6039 5006
9545 7045
8678 5169
7834 9680
7655 7374
5275 6731
9588 9914
9103 7964
7404 9549
6301 7064
8242 7092
7785 7103
9607 9069
8640 6191
5321 5198
9821 9555
5387 8785
9038 9864
8830 7136
9116 5343
6270 5909
5939 5544
7304 6986
5981 8725
7090 8105
8561 5701
8797 5248
6880 9923
5273 9354
9701 9164
7156 5353
9868 6154
7960 8131
6046 8666
7924 6910
7806 5564
6848 7623
9961 5990
9416 9945
7120 7371
5995 5178
5501 5718
6929 9662
6733 6738
9325 5531
6000 8282
8565 9299
9166 9990
7175 8052
9088 9785
5595 7365
5428 9319
7916 5750
6718 9514
6826 6772
8980 8780
8014 7030
7507 5146
5492 8901
5603 5847
7573 7794
6967 6836
6406 5273
5811 6633
6670 5308
8327 5088
6508 7282
8127 9856
9855 6404
7567 8915
7907 8607
6387 8544
6542 8151
6391 5614
8744 6880
9488 7421
8295 8595
8518 9715
8938 7224
7836 8914
6520 5560
9871 5313
7992 6234
5736 6399
7417 8303
7199 7062
5696 7647
5090 7765
6766 5198
9936 9603
9054 7407
6317 6660
6975 6629
5398 7835
8614 6379
5644 6995
8720 8772
9406 8943
8493 8692
9297 8115
9256 7781
5249 7500
5282 7482
6657 9226
6694 7717
7988 9503
8484 6046
5719 7471
7292 6648
8406 8163
9496 9751
7393 5140
7767 9747
6522 5808
6894 8282
6022 5071
9013 5311
8994 7153
8496 9499
9433 6372
9463 8210
8761 5666
5044 5336
5361 8018
8600 9474
6729 9496
8177 9529
5062 7984
7625 7744
9596 5728
5288 8853
6180 8155
5109 8393
8912 6439
7575 7649
5022 5540
5212 5090
9064 7218
7445 7505
9963 6586
7407 7197
9492 5402
6766 8553
7534 9056
5274 6810
6667 7516
8950 8355
7714 8928
8008 5351
7455 7164
5780 6439
7719 5680
8585 7063
9869 9877
9506 6984
5775 9741
8658 8984
8598 9983
8956 7236
6783 5042
7727 5543
5589 6036
5357 6007
8860 7913
6312 5227
5607 9528
5764 7774
5037 8371
5643 7766
6104 6954
7239 6684
9594 7899
6218 7687
5368 9093
6669 9428
6847 5688
9322 8993
8621 5083
7894 5302
9679 7465
6767 8717
8212 5047
5424 8758
8501 9809
8771 9327
9065 8994
6681 7362
7073 6447
8518 8981
8147 7545
5634 6638
9811 8732
5848 5829
9181 7800
9228 7602
7990 7642
5123 9943
6942 8813
8009 5118
9606 7662
5349 8358
7703 9853
7947 6647
6401 8123
7159 7223
8517 8656
6911 8107
5766 8485
7353 5467
6414 7339
6896 9231
7061 6258
9780 5282
5386 8809
5416 9020
6089 9316
6735 9785
8768 7809
8324 9283
5881 8354
7257 6821
7301 8865
6643 5454
8071 7569
9420 9685
9358 5780
6183 5123
8638 8090
6491 8765
7028 8474
9398 5568
8016 6133
7272 9469
8993 8447
9450 9141
8312 9976
9201 7477
8907 7761
6688 6233
8196 7268
9144 5690
5912 6683
8732 9179
5007 6562
7678 7054
6256 7943
9937 9153
5537 9366
7716 8411
6601 8497
8942 8969
8301 8877
9817 8723
5532 7199
5435 7425
8624 8889
8629 7889
7782 5972
7709 9270
9657 5845
9677 7610
6460 5734
8563 8863
6781 7679
9564 9814
6378 5250
9921 5742
7114 9504
7068 6083
6081 5844
7957 9151
5746 6529
9880 7322
8196 6314
8565 5083
6381 5862
8531 6240
8826 6824
5795 9187
7607 8358
8496 5286
9891 9287
7230 6107
8796 7304
5693 6237
5080 8929
6864 8900
6383 5009
7719 5140
7035 9768
8638 7358
9051 9881
8683 6626
5153 9446
9484 7248
7995 7253
7235 5699
9897 8029
8725 7054
5869 5574
5319 8417
9910 9155
7672 8079
5864 9058
8876 6069
9961 7269
7032 7039
8407 9424
8387 8706
9893 8636
7547 5840
6336 7788
9672 6642
7239 5812
6174 7335
9286 6227
9816 5101
7986 5414
9616 6310
6207 5870
8410 6021
8011 5334
9863 9071
6708 7898
8703 5347
9334 8258
6583 9011
7526 7667
8879 8570
9641 8265
5864 9787
5615 8293
9066 5969
9018 8811
6386 7699
5460 8959
5855 9994
6179 7188
5028 5911
6429 6379
8839 8434
9870 5229
6224 5677
5247 5157
5394 5824
5292 7659
5789 6244
6790 6520
5760 8284
9173 8528
5161 5642
7669 9297
9474 6747
9113 9340
6448 7605
9718 5591
7014 9592
6312 6781
8164 8935
9040 6528
8064 6665
5715 7693
5944 6425
6562 6444
8423 6847
8453 8461
9197 6528
8903 7200
5250 9201
6278 9604
6510 6495
8022 6625
5830 9588
7788 7367
7356 7868
6802 8165
6248 8594
9534 6063
6327 5578
9072 7719
9683 5388
9842 6603
6623 7910
6893 7901
9763 7986
5640 7764
9035 7227
6307 9418
6778 8039
9009 9187
5241 5756
5997 9969
6189 8578
5507 5600
5804 8296
7410 5932
8137 8405
5780 8805
5475 7270
8484 5630
7837 9477
5029 7514
8274 5423
7528 5637
6348 5649
5531 6293
6428 6145
6458 6229
9611 5633
6074 9611
8403 5319
5282 5122
6675 6771
5914 6059
5812 7161
9837 6264
5450 7516
7837 8838
7744 8217
8089 9109
8915 7262
5819 8511
8874 5253
9254 6870
7168 8290
7150 7693
7388 8235
9915 7156
8666 8544
9398 5502
5085 9181
7478 7380
8557 7677
8983 9500
9693 9395
5239 7044
7268 7731
9060 8215
7881 9462
8512 5027
7686 5099
7894 9874
7918 9693
8465 9334
6746 6060
6063 6223
5006 6993
5626 9297
5184 8369
5318 6196
7435 6027
9613 6744
7690 8345
6123 9010
8084 8133
8199 5323
9807 9340
7259 7707
5051 9248
5788 5752
7559 6863
5427 5330
7741 6000
6131 5017
5555 6279
6980 7173
9016 6163
8779 9738
6423 6015
6640 6269
9280 8496
8968 5143
9400 7963
5907 8441
7287 5041
9864 6447
6165 7639
9414 8131
5927 9991
9383 5528
5766 6448
6538 9703
8948 5376
7941 9553
7875 8676
9694 8393
8206 5612
5468 8316
9275 7407
6788 7918
6952 6910
5660 7139
6611 7845
8650 5335
6812 5118
6399 8223
7846 5125
5493 6206
5360 9851
9863 8103
6724 6799
7870 5263
6572 5766
9951 5545
5957 9809
9115 8841
8187 8028
7397 9800
7168 9848
5391 5892
9194 7091
7288 8793
7549 8981
5526 8587
7877 6501
8033 8424
5683 5524
6344 6885
6537 9324
5081 6913
9777 6534
6964 7774
9744 8532
6510 5073
5739 7818
6939 9497
7843 8722
7428 5902
9294 5695
8347 9071
9288 6646
9879 6481
8244 9978
7158 7975
8839 8908
8103 9051
9257 5878
6772 8605
9682 7700
8069 6912
8656 7428
5399 9206
7096 7625
8885 6907
7613 6419
9045 9504
6949 6128
9862 7128
9523 7225
8559 7365
5202 5701
8071 5814
5820 5415
9990 6720
9881 7688
7697 5699
5918 7962
5496 6386
6039 7591
5289 7949
7347 9725
5096 5769
5576 7184
6283 9384
8088 5492
8609 8643
6831 7140
5198 6974
7165 6212
5629 7412
6506 5274
8639 8711
7589 5198
9853 7059
7462 8978
6203 6364
7746 7757
7096 7426
6934 7490
7256 5767
9604 8710
5335 8750
8620 9375
8604 9886
7655 8235
5116 8595
7511 6582
9039 9965
7255 7701
6565 8814
5909 7679
6861 5397
8638 9015
6691 8502
6485 9588
5127 8399
5169 8928
8914 5557
5335 8985
6270 9032
6455 7431
8445 5409
9298 7898
7611 7853
7477 7161
8452 8034
6340 5670
5758 7549
5875 6626
6416 9790
6929 5847
8664 6731
6284 6168
8828 5655
8677 7800
7258 9423
9933 6301
5430 5675
9713 6198
9698 8280
5937 9679
8707 7709
5027 7319
8801 5451
5982 5667
5911 6770
7208 8027
6089 6670
6286 8346
9902 8163
5300 7666
8246 9690
8093 9618
8795 5377
6582 7244
9883 7240
9371 7230
6482 7541
6663 5751
5929 5325
9503 6891
8222 8595
6927 5719
7406 9912
6019 5219
5859 8953
6071 5931
5895 7976
9209 7494
5630 5548
7350 7078
8868 9204
7669 9031
9282 7874
9113 7463
5349 6638
7067 9619
7629 9459
9450 7790
6306 7547
9768 8598
6093 7393
5051 8954
5072 8139
8626 8006
5265 9022
6648 5378
7425 5540
8206 7931
7998 9279
7871 5105
8638 7067
7062 7379
9548 6596
8284 8206
9605 7610
5846 7951
5265 6699
8575 6359
6857 9053
9421 5880
8478 8267
6757 9334
7059 5764
5033 5687
5091 7357
5631 5992
7542 8933
9144 8126
7608 9586
9503 5620
6218 5348
6518 8039
6439 5029
9618 8593
6903 5832
6387 9232
5458 5787
6942 6010
5205 9971
6331 8155
6657 5990
9249 6609
9357 7888
9613 9032
7495 9823
9044 7586
9611 6669
5580 7927
8475 8225
9736 9522
8369 6355
8742 9438
5674 6476
8774 7781
7635 7348
7209 5244
5905 8531
5513 5026
5344 9228
8739 6616
5599 8635
9879 7511
5040 8124
6391 6505
9271 9276
6201 5879
9584 5379
8392 6851
6764 8231
5413 6981
6519 8405
7747 9452
8724 7882
7664 5002
6498 5411
8354 6904
9010 7797
8205 5441
8789 5218
9590 7048
7508 8353
5841 9165
7099 5453
9550 7008
5976 7901
6565 7514
5662 9706
6236 8655
5414 6569
8079 5001
6278 9029
6554 5018
7880 6281
5165 9102
5680 8267
6009 7665
5139 6124
8955 9568
5234 7770
8653 9311
6461 5171
8859 7807
5247 9901
9235 7051
5930 9557
8145 5094
9268 7028
5122 7507
9444 5750
5268 5499
6969 8995
6861 7737
9890 8504
5422 9218
5821 7345
6032 6339
5845 8299
8323 7938
7182 8059
5800 9366
6305 6176
6285 9031
7674 8334
9486 8890
5925 9918
7327 8567
5167 9340
6640 5346
6526 8794
8570 7006
7511 8077
5354 7243
7335 8570
9078 9851
8526 6736
8624 6084
5924 7316
6147 9954
8295 6816
7225 7073
5586 9387
6763 6566
8007 7370
8995 5156
5495 9130
5278 7064
7533 9298
7877 7963
8009 5751
7736 5069
7280 9152
8758 8091
5317 9848
9641 9280
6434 6171
6827 6974
7266 6398
5377 9885
9795 6309
8468 7932
5233 6082
5574 6136
5398 8540
5261 9269
5277 5672
8810 9708
6938 5415
7141 5565
8658 6547
5648 5186
9499 5121
6706 8927
7821 5996
5992 9369
9106 7396
6018 9511
7927 8753
9072 7112
8831 5227
6265 7832
5433 5090
5350 9462
6943 6266
5204 8676
8745 7285
6905 6882
6812 9349
5880 9279
9055 8790
8786 7549
6756 6930
8165 6072
8899 6094
9939 8093
9658 9896
6761 7534
9516 5422
6670 5928
6331 9518
6043 5980
6067 5169
8317 7506
8491 5188
5130 6491
9669 7328
8518 7066
7134 5973
6800 7696
6164 5216
8813 8616
5616 6182
5059 6920
5435 9312
9243 9376
5182 7943
7355 7507
7662 8405
6414 9586
9953 7903
9491 8537
6951 6402
5633 6507
9013 9436
9737 5485
6069 5749
8381 5246
8613 8428
8291 7174
6098 5702
7604 8755
8583 9708
7883 9961
7834 8128
7746 6123
5461 6782
9243 5921
7096 5276
9130 8648
8204 7347
7921 9687
6310 6375
8060 5216
8799 6003
7184 5950
7687 7405
5701 9809
7608 9825
6109 8836
7622 7684
6575 9028
5936 8613
5709 9756
6778 6243
6108 5838
9286 7516
8896 6451
6313 6240
9631 5721
5480 5919
9830 7062
6887 5193
5861 8647
6628 6983
5871 8438
6773 6472
9048 6300
9704 5817
7015 8687
6628 9972
8087 6242
7081 6150
8771 7507
9652 9083
7280 5119
6321 6350
6740 6410
6756 5073
5837 9671
6374 5412
7080 7397
8105 9379
5485 6878
6554 8006
9170 9566
6670 7124
5980 7533
8923 6802
8680 8361
6414 7183
6934 9341
8631 7796
6172 9116
8419 9151
6520 7679
6573 5322
8148 9754
8596 7269
5398 9713
8878 9384
6078 5669
9282 8954
6570 9179
5913 5882
9466 5098
7520 9930
7749 8387
9916 7554
5183 7279
6986 9080
8378 8579
9798 6001
7573 9469
8956 9595
8998 8317
7771 9346
9372 6277
9098 9516
9921 6386
7719 5711
6564 8660
6585 5096
8347 6492
9353 6387
7370 5981
5712 9894
9138 8467
7262 6582
6456 5659
5588 9298
5820 9015
9567 9646
7872 9891
8516 6957
6566 8880
9689 9953
6852 9023
6855 6097
9050 9339
6805 7518
7581 9944
7072 5791
7911 6515
9580 5441
5271 8908
6648 6113
8167 7816
8985 6374
6097 5294
9360 8061
8521 9577
7430 5940
9760 6583
8115 8866
6540 6515
6559 9388
7078 8133
7441 8085
5015 5579
7862 5707
5055 8526
8907 9962
8591 9605
8440 7273
7944 6183
7485 9047
5509 6379
9284 7300
8330 9179
7439 6547
9550 7564
8442 9548
7966 8182
9256 9701
8688 7242
7074 5458
8538 6311
7870 8889
6375 9049
5801 5211
7866 5481
8909 9481
8456 9095
8539 6844
6130 7775
6906 7336
6426 6445
6633 6082
9315 5572
7085 8682
5702 8897
9107 8840
8623 8402
8500 8916
7125 7333
5133 9425
8451 5545
6858 6947
6495 6262
8552 8492
8838 5711
5885 5806
5011 6600
9017 6620
8727 5200
7753 7811
6100 8777
7942 7132
8895 7496
9938 5846
9900 8520
7211 7390
7370 7557
6955 8605
7433 8138
7405 9209
6291 7085
9334 5054
6889 7307
8094 6226
9012 5729
7786 8526
5400 8501
8192 5258
6488 8283
8611 9150
6558 7262
6171 7825
6253 6127
6649 6032
6688 8594
6458 6572
6892 9626
5272 6544
7720 6048
6638 9259
5524 7014
9061 5546
7036 8962
7513 7129
7587 6029
7260 9209
6491 6156
5153 9930
5199 6053
7986 8575
9505 7832
9547 6156
7118 6165
6640 9445
8343 7892
7212 7987
6464 9098
8734 7594
7156 8311
7924 9632
7710 6970
5283 7483
7664 7119
5558 9921
7165 7331
5713 7128
5234 6927
7974 7555
6304 5727
7642 8851
5625 6126
9455 8513
7153 7851
8204 6305
9506 6764
9101 8763
5594 7144
6536 5861
9916 8107
5266 9538
7085 5662
9929 9329
6007 5890
5770 7569
6915 9856
6086 7166
5368 7574
8121 5762
9040 7330
5394 6273
7333 5352
8165 5321
8494 7655
8573 5089
7270 6503
9054 7698
8920 9203
8097 5543
8439 5707
8578 6041
5400 6699
9919 8232
6028 5024
9854 5163
5913 5306
7474 8061
5276 8766
8202 7128
5623 9001
9076 8029
6065 7018
9838 5368
6834 8806
8550 9075
8938 5144
9522 9024
8460 8193
7674 7380
9389 7421
8545 7244
5702 9752
8228 9611
6652 7967
9589 6656
5865 7860
5603 9968
7888 6083
7897 7937
8284 9297
9032 8828
8608 6702
8508 6063
9758 8128
7424 5270
7958 7794
8395 5547
8155 9586
8108 7087
8629 8441
6308 8794
7068 6149
6758 5411
7089 7332
9547 8516
8323 5122
9173 5576
7709 7938
8744 7250
5103 8621
7773 8902
6221 7755
6135 7783
8994 8398
5078 7512
8991 9812
6212 9831
8441 5251
8547 9257
7865 7185
6354 8184
5159 8789
5072 6831
7594 7347
9896 7336
5654 5824
6364 9600
5343 8308
7686 9607
5770 5540
6308 6181
6628 8874
6213 8491
9110 9081
7737 7084
5290 9937
8079 7614
9759 6372
8263 9021
8714 7445
8505 8450
8432 7601
6363 8104
7608 6641
9809 5667
7222 9867
9616 6137
5618 5856
6189 8114
5060 5339
6370 7146
6619 8593
6138 5959
7461 6164
5849 9491
7547 9398
7346 5628
5511 6358
6414 7101
6046 7889
7699 7809
9440 8948
6713 7169
8779 7061
7028 6567
9080 5085
5454 6707
6542 8925
8596 5458
8514 5522
9736 8440
8849 8633
8033 9808
5369 6132
8676 8244
8469 6169
5849 7497
9909 6035
9137 8054
6409 8372
9695 5000
7401 5151
7295 8965
6909 8952
8705 6762
6828 6699
6450 5826
7532 5028
6234 5918
5671 5420
7033 5484
9418 7065
6182 5226
6255 8176
6341 6339
8431 9009
9341 7028
9790 7646
5865 9287
8950 5170
5534 5483
7497 6751
8060 6187
9879 9825
5412 7209
9432 6316
8892 9691
8364 9071
7584 8763
9053 8103
8647 5856
6575 7635
7263 5147
9417 7376
8058 6061
6416 9604
6540 7200
6125 5937
5736 9465
7299 8151
9913 5451
7972 7291
5621 5606
9577 7410
9729 9286
6987 9250
5396 8146
9071 6222
8704 9436
7142 5859
7305 5166
6537 6102
9724 5634
9234 6314
6866 5648
6516 5666
7744 7573
5748 7502
5809 7826
8572 6874
6405 6022
9788 5831
9315 5647
7055 7346
7027 6987
5460 9499
6018 6574
5675 7606
7788 6138
5519 8956
6896 7592
8635 9852
9659 8192
6806 5539
9879 5272
8518 5826
8981 8991
8433 7933
8274 7305
5904 9864
8002 9917
8760 6577
7518 7037
8544 6631
6783 7159
7157 6552
7896 5729
6296 8002
8194 8290
8383 6892
6598 6777
5138 5485
6099 8800
5556 9731
5772 6510
9681 8153
6532 8577
6313 8997
5903 9661
8579 8422
6197 9734
7045 6237
8473 6153
9566 5088
7480 5389
5792 6778
8432 5695
8258 7381
9795 5546
9998 5136
7672 6581
7718 7283
6588 9072
6315 9123
5073 7950
6988 9729
5598 7710
9965 6081
5173 8088
7307 8019
6297 9435
9204 8526
7581 7614
6447 5048
6819 6237
7972 5831
9219 6706
6917 9883
6649 6404
6198 5688
9560 9909
8456 5403
8896 8360
6477 5587
6495 9588
9887 8804
5887 9639
8048 8721
5852 6432
9368 6820
8495 9440
5438 6746
7777 7879
7324 9618
9457 6402
7346 5651
7518 8641
6062 6372
5531 7683
7182 7668
8431 8184
7149 6631
5439 9095
5747 9359
8963 9518
7523 9229
7613 7345
8918 6145
9084 5831
7810 7806
7464 7203
9144 6780
6979 8964
6611 9445
7800 7607
6962 8525
7649 6867
8938 6576
9049 5045
6833 6529
5687 5656
5300 7203
9350 7628
9722 9681
7949 6007
6774 9243
7782 6210
8354 6856
5288 8172
9391 5672
9455 8420
9041 6077
5532 9006
5522 9027
7042 5453
6982 5879
6441 6440
9340 8337
5257 9455
6870 6874
7171 7901
8034 7446
8720 6697
7216 7853
9865 7996
5958 8364
7720 5453
9815 9319
7450 8710
8660 7965
9917 8721
7347 9759
6160 6762
5127 6444
9838 8118
9172 5898
7851 9333
9284 5912
6798 6654
9579 5716
7717 5447
8515 9024
9141 6775
6106 9303
9863 8946
5475 5391
5293 5299
6672 7954
6215 5954
7445 6187
8288 5934
8554 7984
5802 7242
5746 6146
6731 9233
6784 9494
9779 8798
9763 6212
5595 7907
5886 5953
6498 9855
8656 6938
7503 7877
7401 7043
9520 5041
9131 8496
5722 6403
9626 7328
7093 8635
7835 7085
5097 8278
9781 5086
5337 7216
5550 6985
6524 7155
6002 8595
8239 9982
7839 8437
5854 6872
5686 9712
8392 7142
8254 9400
9579 7250
6310 5684
5955 7322
9402 5937
9155 6613
8227 9244
7060 6718
6936 9185
6260 5949
6297 5355
9741 8300
5311 9125
7419 8183
6382 8090
5858 7035
7298 9876
7571 6718
7155 8228
7580 8240
8858 7163
9700 7493
8966 5121
6138 6963
5644 6579
8584 6237
6249 5989
8333 6548
9235 5770
5629 5184
8292 7655
7764 7177
8435 7077
6590 7374
8465 6848
7478 7072
5797 7858
6383 5927
9469 8935
9350 9450
6522 8084
9033 5795
6392 8435
7044 5863
8348 6613
9163 9188
8099 8455
7426 7690
7583 7436
6109 5150
5632 7491
9880 7241
8893 9109
8344 7411
6025 8954
9395 5092
8273 7057
7317 6643
8261 6707
6193 9939
5804 5504
5692 5871
9933 9385
8111 5651
9139 8197
8964 6412
6515 5572
9818 6214
6947 8735
9764 7121
9920 5753
5052 7912
8556 6030
6141 6909
9964 6400
8722 6049
9228 9126
6775 5525
6402 5733
9719 9484
8674 8377
8491 8100
5032 6285
6667 7101
8711 9696
8718 5770
8572 8394
7424 5051
5584 9408
5681 6627
9381 8573
6853 6040
5616 7230
6753 6779
6316 9238
7735 7747
8969 6450
7773 5575
5534 9092
6749 6253
5668 8062
7836 6681
8503 9943
6974 7595
8465 5918
6247 7984
5881 9828
5538 7104
9213 6546
9688 9956
5945 9257
6554 5288
5600 9111
9742 6776
9471 6117
8687 8192
9372 5722
6012 5260
9695 7063
7859 7050
8383 6448
5707 8866
6696 8262
5453 5594
7107 5563
7429 5595
6658 9802
5278 8901
7576 5698
8908 9354
8663 8696
6567 8059
6698 7531
7218 5179
5195 5631
8938 6956
7754 6687
6887 8365
9526 6937
7299 8897
8278 6384
9192 7058
7269 7311
9995 6965
5418 6844
7366 7449
9753 9223
8010 5909
7773 6960
9571 6071
6651 8120
9235 6272
7111 8131
6758 6459
5192 5981
7483 6631
9015 7853
6977 7845
5878 7725
8613 7640
7787 5106
5854 5290
9350 9880
7005 7071
9078 7406
9702 8618
7889 6310
5547 7816
6907 7546
5604 5634
7373 6899
5615 9052
6081 6521
5344 6025
9602 9086
5509 6514
8914 9548
9859 6885
7591 7688
7934 9540
7230 8403
6801 7913
7303 7139
9798 8994
7863 9346
7439 5293
7712 6577
5946 9731
8582 5298
5415 7865
6320 7291
8920 7717
8194 8052
9230 5413
5277 5883
8798 6423
5629 9091
8469 7402
7808 6295
5598 8043
7799 6603
5580 8475
8513 9729
6067 6885
5883 7987
9063 9205
5636 6070
6966 8136
5108 9548
6976 9646
8958 8708
8650 9966
8782 7034
8280 6445
8838 5439
6922 9648
6987 5411
7036 7723
8845 8736
7890 5414
6627 7381
9257 7226
5982 5620
9180 6147
8792 9736
8532 7964
5098 5082
5451 5431
8555 7939
8099 9325
8683 6228
7417 6744
5006 7474
8801 7281
5378 7028
7471 7328
8490 9771
5903 8340
8851 8298
8872 7056
5321 5260
7753 5308
5771 7139
7638 6859
9486 8627
6924 7407
8662 6240
8416 9840
7834 5839
8076 7783
7441 5764
5353 9155
5502 5074
6302 8668
6282 5292
5756 7694
8363 6071
9565 6346
5459 7522
7690 7894
8166 9269
8937 6986
7464 6679
8237 8768
8494 8699
6861 9054
6981 9683
5081 7895
8687 6817
8985 6492
9551 7241
5307 6356
6213 5381
5166 5741
9774 8577
8561 8389
7937 9116
6591 7510
6920 8363
6018 8748
7692 7141
5778 5820
8471 9259
6505 5223
7839 7603
9080 6818
6406 5090
8297 9112
7141 7099
5113 6293
7142 9879
6858 8675
8530 8861
5677 5960
6027 5019
7421 5502
7650 9518
5189 7362
6687 9672
8918 8796
9722 5895
6927 9928
6422 7157
6095 6551
7253 8571
8333 5082
8584 9266
7133 5602
5678 8838
5304 7566
8892 9534
5412 7200
5036 8062
6917 8376
9437 9769
6726 6920
8142 5902
7596 6252
7495 6568
5739 8835
5351 8878
9559 8129
5976 5805
8439 5907
5810 8872
8161 7286
7837 8408
8087 8938
5868 7989
5853 9712
9833 7437
8674 7871
6433 5391
8728 6086
8228 7354
9348 7548
6862 5319
5529 9137
7620 7538
7261 9010
8991 8051
6442 5734
8203 7520
5470 8405
5833 7108
5165 6020
8737 8303
7700 5273
7644 7908
7568 5256
7932 6833
6336 9951
6284 8082
6947 5268
9668 9512
6233 6190
6682 5121
6005 8429
7818 7297
6671 7859
8962 9581
6661 8677
9350 9158
6366 6297
6546 6485
9003 7513
8950 9049
9532 5825
8171 7978
6344 5451
9076 9120
10000 8113
5285 6317
8508 7587
7329 8130
7312 8699
7982 8144
8667 6990
6314 7702
8242 6540
9003 7369
9625 8652
6518 9208
6037 5300
6417 5757
6514 9181
7557 7138
9135 8711
7513 5060
7805 7799
5945 8379
6753 6499
6370 9501
6738 5678
9068 6591
9467 7943
9788 7895
9615 7613
5832 8637
5814 7984
7256 5243
9571 8683
8726 9167
6599 6332
5200 9398
7501 7123
5261 6326
9427 6109
9458 5806
9984 5062
5872 6147
7210 8184
7798 9067
7316 5763
6136 8374
8149 9751
6520 5932
8590 5906
7434 8266
5762 9387
8128 6579
7359 7685
6367 7152
8022 5264
6979 6010
8233 5378
6040 6619
9590 6185
9570 8821
9842 9716
9469 5923
7929 9166
9037 8200
9626 5639
7473 6611
6173 7049
7242 5892
6852 7467
5807 5657
8232 5853
5078 9629
6596 8890
8397 6007
8702 9411
6106 7103
6189 8932
7734 7375
6371 6081
6556 9653
5286 9074
8845 9269
6348 9376
5216 5411
8750 8966
5303 9840
6579 9448
5360 5183
8833 7725
6994 5143
9118 6793
9565 8988
7753 9061
9923 6336
9444 5174
7542 8784
6532 8252
7946 9628
8686 6944
6131 5586
6076 5896
5568 9185
9667 6618
9675 8059
8626 6148
7375 9464
6122 6129
9869 7882
8073 7536
9980 9729
6121 7996
9004 7590
7049 9826
9089 9565
5936 8405
7494 7043
8846 5419
8373 6198
9874 9116
7599 7150
8819 8784
8143 6700
8363 5020
9211 7319
7576 8283
7923 8837
7487 8941
7861 6119
8188 7941
9690 9016
5525 7962
7911 6879
5775 5172
8882 9117
9737 8071
6472 9176
5384 7321
9536 7268
6402 6796
7538 6967
7415 7341
7987 6976
6444 9839
5270 8484
5857 8448
6889 5121
8783 8098
6918 5751
7151 7464
6634 8679
5976 9126
5247 9792
7053 6343
7381 5091
5576 6726
8354 9307
9170 9365
5970 5106
7911 5928
6218 8310
9292 8610
6035 5201
6754 7565
6722 6598
6409 8042
9549 9828
6367 6368
8535 6689
7256 6700
7542 7319
7997 7090
8514 6569
9950 9044
9835 7488
5955 5607
6116 9530
9099 7391
7761 8062
9650 8286
5607 6754
9497 5723
6180 6617
8318 6524
8631 9627
9280 8130
5003 6544
6677 8048
8111 7684
8205 5744
5021 5056
6345 8479
5737 6374
6615 8773
5857 9489
8993 5852
8777 6598
7134 5482
6513 9764
5546 9835
7051 9405
7772 8903
5008 6936
9678 8610
8100 5841
6306 8981
9207 7769
6481 9864
5034 6043
6060 5678
8844 6402
7861 7998
7038 8554
8888 5814
8230 6191
5572 5182
7197 9977
5041 9554
7630 8896
6924 6922
9232 8036
8413 6439
9071 5330
9603 7393
9995 9456
6850 5471
7765 5484
9255 5787
7891 6313
6335 9307
7365 7349
9082 9503
6906 7646
6634 6749
8419 9745
8762 6572
9307 7810
6027 8501
6720 7257
7887 5948
6597 5102
8256 5041
8016 7916
6401 5495
9318 7095
9403 9458
5596 7078
5472 8229
7287 7026
5768 9814
8606 7069
5342 8289
9047 7862
9293 8550
7257 7995
9182 7898
8287 7593
8824 7356
7504 9641
8352 6557
5902 8159
5006 8232
5450 9397
9839 5111
6201 5628
7105 8016
7242 6808
6461 9493
7523 6481
9289 5193
6541 5574
7055 5181
5538 9895
5132 9525
5593 7878
7398 6040
7406 9883
7778 8941
8232 6862
7204 6643
5227 5757
6841 8767
7030 9284
9259 9734
6969 8653
6509 5450
6752 5535
7926 5766
6111 6628
6130 5334
6473 9619
9932 9612
5625 8834
9699 8500
7313 8079
9731 8623
8588 5920
8101 7243
5736 6390
7476 9856
6457 8959
6777 7028
7755 6327
7636 8060
8863 9219
9358 6021
5577 6567
7751 5581
5106 9514
9017 8348
8847 6017
5705 6883
7800 5171
6393 6565
6257 5177
9552 6052
7432 7614
8670 7279
7547 5438
6606 6753
9319 9789
7997 8987
7359 6462
8130 7074
8622 9513
6743 7432
6896 9715
7690 8810
8883 8546
7935 9517
8934 5287
6777 8508
5584 6316
7580 7757
9056 9251
7909 5067
6776 9802
5248 5781
8462 6388
6899 8094
5996 9531
8475 9810
8090 6623
9239 6245
7206 9080
7182 6225
9613 8199
9568 8320
7177 8312
9571 5252
5899 9522
7580 7180
7696 5207
6011 9070
6568 8675
5328 7228
6155 5813
5542 6070
9404 8742
7247 9816
5695 7620
8044 9095
5738 6543
7666 5643
5117 7054
5710 5150
8200 5077
6752 8102
5984 9560
9666 6016
6301 6925
7784 7080
8419 7855
8844 8907
5635 9772
9800 8551
5938 7862
5146 5044
6455 6201
8815 6197
8083 9759
7467 5626
5792 9503
7418 7675
8862 8263
9933 9060
6520 8639
5130 9210
9368 8397
8558 7603
7605 6113
6442 5711
5409 5583
7813 5107
6891 8074
7954 6907
9121 7158
5121 9233
6784 7347
8962 6608
6849 6003
5444 7653
8521 8365
8748 5386
6704 7447
7893 5412
5892 7853
6868 9020
6508 6296
6959 7133
5378 9010
5854 6434
5260 5658
7999 7886
6331 8921
5844 7304
8310 6406
5781 7484
6985 6684
9260 5998
5130 5087
9493 5153
7171 6990
6490 7646
6247 7565
5027 9291
6775 6861
6142 6335
6446 6138
8567 7603
6764 6513
8102 5366
9863 5446
9037 6334
8388 7927
8788 9062
6538 9712
9189 9115
8018 7853
6014 6960
9609 7729
6194 8919
7570 5272
6060 8421
9750 5974
6480 9443
5051 7795
7616 7736
8307 5844
8965 7228
5148 8519
6348 8770
9705 9497
8427 9001
6526 5758
6159 5315
8430 5588
6573 8338
8823 5426
7676 5425
8771 6392
7774 8410
9234 7086
6038 5579
8166 5030
7853 5856
5693 5690
8913 7396
5775 8379
7771 8618
8876 9269
6032 7674
6352 5406
8989 5927
5055 7236
5331 9938
7070 6341
6692 8502
8236 6289
6076 8559
5515 8511
7080 6081
8846 6794
8468 5652
9813 5952
8074 7466
7070 8428
8944 6012
7027 8648
6916 9157
9489 5063
6164 6790
5939 7702
9878 9420
6607 9038
5146 8221
8975 9565
7219 6239
5105 5910
9402 8606
7970 7280
5315 8013
5309 5825
5538 7649
5248 6775
5147 9879
9276 9110
8739 8263
8640 5754
8368 8654
6007 5254
5356 9222
7002 9214
6804 6530
6907 7730
8359 6593
9107 8473
8319 5520
7466 6646
9085 6773
8107 5805
7714 8225
8454 5253
8630 9448
7232 5607
8908 5432
6306 5187
7780 6798
5441 7578
5005 8459
6301 7896
5237 7728
8840 7218
5948 7953
7889 9643
6265 7223
6706 9538
5298 7936
7698 6996
7388 6462
5603 5439
7262 5353
7284 5293
7210 7880
6636 9384
8853 8057
9049 9075
5674 8591
9318 7268
9141 5402
8985 7356
5229 7535
9929 7725
5685 8368
7361 7225
9710 5101
9383 7995
6125 9429
9429 8586
8323 6619
6122 6750
5835 6816
6776 9198
6939 7917
9595 8550
5681 9850
8535 5667
6086 5146
7795 6374
8245 5703
7424 9698
5748 9076
7147 6030
5756 9515
8075 9707
5484 8897
7133 7874
8885 7273
5661 6134
5269 5420
8363 6750
8925 9156
8683 6144
5113 6452
8771 9217
6230 6974
6523 5625
5115 8357
8152 8553
6746 8424
6400 5269
7013 8489
5878 7470
6010 9277
9924 6661
5347 7505
5247 6356
7519 5602
7012 5988
7455 6259
7115 9146
9925 5696
6260 7984
7506 7476
6450 6593
9279 7280
6720 8439
8935 7032
7099 7698
6743 5569
6484 8516
5613 9270
7013 8521
7655 8072
8534 6120
8820 7104
9994 8519
8315 7791
9809 7324
9334 8104
9345 5371
7400 7893
7254 7796
5965 6439
8122 8799
6273 6903
8542 9646
5016 5373
6881 7604
6420 8018
5899 8880
8241 5593
5203 8587
9285 7707
5470 9986
7397 9593
5826 7208
7705 9546
7342 5918
5744 8257
6808 9225
6262 9406
6084 9949
5541 7225
8690 6851
5076 5503
9612 8084
9126 8295
8428 8101
7095 7560
7044 8038
6834 8079
7377 5911
9601 6742
8037 7214
8222 7515
5112 9193
6447 5620
7629 9200
5578 9013
8462 6912
6816 8993
8558 7913
8500 7536
7987 8715
8492 9038
9511 7299
6648 9229
9792 5072
7188 6702
9060 9168
9833 8435
8443 5471
5862 7020
7232 5567
9929 9667
9966 7076
5609 8747
5064 5970
9427 6591
8724 7986
7924 5786
7005 8656
9257 7576
5348 5454
7370 5966
8122 7658
5586 5734
6471 7915
7405 6668
5430 9105
6048 6732
8061 6512
9673 6423
8054 8402
5653 9238
8488 9080
5451 8782
7831 8450
7384 9631
5539 5622
8722 5509
7800 7591
6243 5331
7431 8109
7374 9793
7949 6224
9537 7012
5180 8285
6913 7648
5446 9335
8439 6160
8528 9462
7060 5382
5639 5303
7740 7398
8542 9907
8575 9243
8449 9853
6155 8853
6339 8283
5098 9789
8019 9491
6369 7498
6933 7899
7757 5820
5841 8022
7763 8097
5851 9635
6752 8670
6391 6324
5369 8925
8904 8986
9410 8490
9816 9240
9677 5438
9075 6683
5909 9070
9992 5910
6371 8376
6417 5541
9949 6226
7014 7612
9740 8652
8631 5790
9291 6928
6015 8814
5371 8246
7638 5867
6790 6738
7941 6365
9919 8924
8000 6573
7650 6446
8268 5856
5760 9870
5775 5017
6993 9915
9956 9044
5643 9940
9191 8282
8523 7043
6626 6298
6775 8455
9051 6954
7867 6293
9563 5939
5921 5456
7144 8308
9165 6504
7534 7092
8381 6152
6443 9257
5169 6560
6052 9785
5426 6126
6495 9705
5221 7415
8178 6231
7736 6397
6003 7628
9648 7494
9513 7119
7265 7199
7298 5560
7867 7428
7915 6011
9417 5890
5956 9337
6178 7591
8130 6847
5272 9294
5166 9151
7072 8840
8503 7718
9714 8646
7154 5603
8947 8329
5385 5873
9726 7866
5663 9219
7873 8452
9944 9516
8250 7924
6426 7584
6482 6111
8721 6244
6343 6294
5696 7270
7283 7917
8910 5971
8868 7750
5850 9874
5248 9561
8587 8967
8892 7235
5519 5946
7598 6484
8291 5762
6590 5889
5872 5312
5452 6441
9305 7238
8203 6988
8567 7324
5928 6253
5440 9793
9920 5799
5495 7303
7693 6421
9738 6385
7451 8193
9986 8822
5659 5301
8251 7717
9159 5426
5301 9674
6285 7224
5986 8812
5465 7840
9287 9894
8240 8272
5000 9444
7203 9172
8835 9872
5670 9813
6020 8725
7026 7543
5053 6963
8804 8021
5541 6232
8793 8831
9261 5574
6630 6323
9790 5182
6311 6280
8241 7610
9519 9067
6551 7419
8732 6983
9582 5095
9948 9550
7740 8259
9697 9841
8237 8525
7358 5433
9232 6582
9589 7926
8735 7269
5645 6407
8802 5385
5467 8309
9246 7483
7788 9492
8811 5202
9653 6185
6496 9061
7223 5467
9670 6284
6255 8567
8862 7319
9261 5302
8385 7680
7909 9142
7309 6154
7635 5278
9429 6915
9692 9134
7371 8656
9218 8131
8504 8830
9708 6716
7119 9746
8869 8385
6481 5973
6816 5491
8613 5734
8178 9315
5607 8207
9745 8176
9003 9316
5684 7245
9812 7748
8515 5819
5137 6386
9896 9421
9826 9603
8107 7355
8655 8455
8598 7443
5641 6122
8950 9893
9190 6006
7948 6503
7505 7494
5617 9546
7417 5194
9148 5796
7759 7809
6749 9308
8573 9781
5461 8804
9376 9841
9721 9740
7971 7514
9491 9429
9979 8290
8753 8302
8215 6573
6594 9915
5307 9579
