
2000 912300
94 485
506 326
416 248
992 421
649 322
237 795
457 43
815 845
446 955
422 252
791 9
359 901
667 122
598 94
7 738
544 574
334 715
766 882
994 367
893 984
633 299
131 433
428 682
700 72
617 874
874 138
720 856
419 145
794 995
196 529
997 199
116 277
908 97
539 719
707 242
569 107
537 122
931 70
726 98
487 600
772 645
513 267
81 972
943 895
58 213
303 748
764 487
536 923
724 29
789 674
479 540
142 554
339 467
641 46
196 710
494 553
66 191
824 724
208 730
711 988
800 90
314 340
289 549
401 196
466 865
689 678
833 570
225 936
244 722
849 651
113 123
379 431
361 508
65 585
486 853
686 642
286 992
889 725
24 286
491 812
891 859
90 663
181 88
214 179
17 187
472 619
418 261
419 846
356 192
682 261
306 514
201 886
385 530
952 849
500 294
194 799
737 391
324 330
992 298
224 790
260 275
97 826
210 72
649 866
919 951
63 748
958 685
804 956
518 564
428 183
537 400
346 721
153 207
971 323
662 611
197 116
91 109
529 795
126 343
747 862
469 685
770 10
934 881
723 984
895 403
568 360
172 449
958 541
383 272
308 877
970 359
583 707
48 308
930 770
569 30
3 208
20 311
609 100
887 939
825 422
930 785
904 370
241 989
379 969
376 143
962 972
889 28
443 61
216 638
338 348
160 347
406 66
159 391
31 638
204 295
420 826
153 196
425 449
331 855
565 143
838 487
9 140
918 564
533 615
232 135
957 564
591 360
576 793
746 163
377 859
858 760
86 711
434 662
558 159
279 660
840 268
735 948
574 315
126 676
912 341
739 689
821 894
625 706
917 490
201 478
993 671
149 932
52 899
759 237
267 187
256 472
783 772
117 98
516 906
180 911
25 635
380 225
712 823
266 164
216 343
448 732
541 502
664 740
954 576
726 612
772 902
531 454
943 411
750 973
327 703
917 850
5 77
113 220
913 802
791 403
998 181
859 10
345 525
431 919
675 668
833 527
438 462
523 291
916 605
420 457
115 405
660 417
261 279
772 685
388 596
764 307
843 224
206 322
407 840
639 975
852 401
542 91
60 327
757 330
82 182
637 603
93 793
614 615
136 733
187 864
102 16
972 863
163 987
501 306
477 34
492 840
121 700
80 706
138 787
660 105
229 834
827 798
448 310
230 609
832 690
489 561
586 579
291 60
665 388
660 309
702 407
153 200
606 313
123 970
253 33
709 273
832 277
108 997
888 40
481 227
283 860
858 940
284 608
711 990
850 590
239 806
943 52
195 801
95 764
410 710
664 386
900 593
112 50
963 494
754 156
458 936
19 965
225 86
569 723
97 184
194 868
754 340
602 412
61 487
695 209
347 346
719 860
100 307
97 95
843 821
745 941
286 821
492 587
116 201
531 665
424 527
253 812
426 424
413 459
980 343
291 836
833 506
486 179
9 916
575 430
922 596
145 808
897 269
404 512
742 811
728 685
269 567
103 776
745 855
35 718
779 853
71 97
80 146
842 746
128 15
941 965
227 512
30 480
342 958
605 665
531 191
364 964
359 515
867 606
820 822
313 536
207 693
911 19
308 335
430 101
685 922
641 294
113 910
141 410
690 250
700 546
559 729
481 609
503 720
766 976
7 759
882 798
859 74
182 648
425 299
542 785
683 846
853 390
938 897
89 416
624 837
181 247
878 293
933 144
580 938
252 467
207 480
658 955
20 665
954 26
347 564
759 449
446 26
14 521
657 301
710 321
980 613
188 388
636 879
203 990
432 188
129 963
630 820
509 300
237 822
373 255
838 277
395 153
692 400
103 227
218 518
384 447
931 315
396 813
389 324
640 502
287 299
297 780
977 376
512 516
219 212
555 329
398 810
289 486
798 485
598 416
49 952
572 894
697 358
770 21
725 647
542 44
214 683
887 361
45 814
94 231
282 8
82 165
319 496
626 699
146 852
541 459
874 535
725 314
777 944
554 306
208 459
787 637
976 447
912 408
444 107
3 962
301 565
164 407
437 857
652 317
764 98
41 818
737 600
176 288
136 902
128 567
394 190
235 749
42 908
824 276
684 748
979 592
568 393
367 363
52 163
642 983
335 179
126 16
130 478
583 259
129 868
752 295
167 596
856 71
640 622
770 864
431 644
195 5
448 365
701 429
952 64
880 854
168 770
79 88
961 157
472 368
217 421
709 719
147 271
296 975
909 816
764 962
251 535
878 438
753 696
570 881
253 318
666 45
931 52
433 496
810 313
678 138
123 334
212 988
66 508
206 770
750 751
64 780
466 441
337 207
510 516
796 674
175 408
437 920
938 573
848 634
561 878
718 990
948 826
649 696
569 800
663 411
582 422
843 707
202 334
702 986
579 494
725 150
803 562
340 380
156 832
832 979
602 376
234 511
688 414
184 160
978 982
413 238
633 490
585 899
606 251
963 526
350 897
242 39
539 657
739 452
267 538
165 831
177 460
720 185
802 934
644 440
82 490
798 168
197 71
173 977
81 458
235 204
112 803
103 139
268 399
879 420
643 991
106 578
122 972
444 177
262 398
691 348
997 496
446 276
171 825
549 614
281 121
211 730
112 341
408 284
730 698
363 17
89 546
605 672
938 974
168 866
705 377
47 559
400 340
215 527
114 779
51 761
881 483
549 92
679 390
328 583
250 661
203 391
481 336
752 661
707 125
82 89
63 275
660 359
21 178
287 780
219 42
500 5
820 380
95 772
44 816
748 9
678 484
276 545
478 589
663 157
594 901
757 777
947 74
448 247
570 55
313 479
981 785
795 958
552 680
389 393
280 944
864 596
636 619
512 611
892 852
184 283
947 299
614 766
625 312
149 826
377 726
474 733
18 805
662 679
416 403
1 964
530 337
752 541
22 478
981 369
777 946
957 821
275 833
584 837
582 490
121 37
951 594
668 129
118 258
319 246
896 362
521 755
948 504
248 71
474 177
351 176
54 803
155 237
660 677
871 33
486 115
294 597
425 769
245 536
382 956
371 341
708 184
544 234
794 569
387 216
738 537
520 84
281 810
502 657
91 33
503 159
924 520
16 668
33 287
344 229
349 374
606 474
896 672
595 915
441 511
102 123
52 569
654 199
710 396
434 715
245 59
36 610
661 917
413 927
13 270
370 117
400 516
195 215
984 216
476 237
164 615
405 499
674 477
196 760
608 285
907 56
532 966
51 622
716 221
327 194
880 91
710 347
267 252
400 473
376 516
609 385
320 357
196 958
538 665
935 792
404 64
100 420
126 671
855 968
94 877
731 177
253 523
8 139
393 152
543 732
348 246
318 565
489 740
22 902
998 17
49 973
381 298
10 611
429 32
221 11
150 337
717 136
530 889
332 522
942 805
565 28
216 931
61 757
170 609
872 544
644 905
208 595
680 246
697 113
639 175
679 156
961 244
361 883
802 265
359 883
839 462
718 485
280 272
252 204
280 984
102 409
615 398
296 909
481 370
956 882
230 214
259 766
922 35
706 421
272 271
156 370
552 848
485 50
536 976
70 270
902 796
452 963
35 379
947 991
378 551
57 897
352 307
669 421
702 74
141 388
458 559
463 980
756 615
887 681
332 231
528 207
656 818
254 331
787 979
495 445
370 348
10 724
200 401
327 646
17 668
374 242
755 302
980 861
376 830
8 77
32 441
460 589
804 990
23 189
869 868
943 996
715 363
628 237
73 420
199 565
38 214
209 333
327 726
912 175
799 58
372 625
976 66
120 169
667 475
188 204
28 90
704 496
649 1
746 474
697 449
712 252
289 332
625 287
953 189
462 889
302 63
79 378
41 206
823 897
908 230
665 382
36 575
732 60
809 529
66 477
291 290
591 89
583 961
252 461
479 702
530 532
224 680
788 53
309 642
366 1000
352 891
402 822
545 152
113 324
967 633
454 267
723 381
14 272
20 506
308 419
644 461
713 526
482 978
336 468
289 729
496 795
326 581
530 383
167 226
522 421
830 386
91 273
116 484
747 676
395 107
958 229
756 902
262 962
703 105
511 84
481 991
449 701
888 689
599 655
306 600
492 538
803 499
445 881
316 981
889 473
785 383
765 679
491 573
589 589
124 480
741 145
898 624
725 923
682 915
131 232
398 974
906 735
753 678
312 640
790 644
301 212
945 123
447 253
197 943
27 18
573 916
589 327
934 640
209 615
529 470
899 655
15 288
592 401
92 840
575 633
814 707
354 424
127 682
374 194
566 855
594 190
973 728
645 178
603 275
712 88
32 367
298 544
561 738
906 963
626 460
143 266
504 727
836 33
361 442
431 628
554 384
24 244
416 482
735 765
243 446
454 247
932 913
494 560
648 528
357 594
596 935
788 462
536 621
759 660
200 564
566 302
741 936
217 592
219 724
832 118
819 299
487 251
473 129
241 96
64 167
516 169
857 381
218 976
490 767
504 837
707 407
342 203
475 387
175 735
786 706
171 335
232 40
888 821
866 131
976 159
253 978
619 53
642 849
460 478
218 19
218 230
667 453
949 336
89 931
488 588
568 449
526 566
860 272
4 883
772 731
734 80
259 213
270 177
6 872
424 626
204 940
313 150
159 379
205 833
25 517
951 724
721 973
635 581
293 839
712 272
410 412
465 839
366 492
74 553
23 718
416 738
764 839
49 390
817 588
507 523
152 630
256 770
562 746
495 49
414 369
78 537
912 115
59 215
259 971
258 602
841 551
137 40
590 494
383 252
869 158
939 72
282 177
880 667
479 483
454 815
730 19
556 745
195 339
409 614
580 302
99 319
913 670
798 513
318 566
790 27
344 322
80 645
468 210
922 841
179 925
347 521
231 975
597 269
607 929
903 478
310 970
223 684
10 231
845 673
905 348
58 232
93 727
759 597
912 397
906 539
43 907
76 892
552 699
670 408
671 361
353 789
837 529
12 190
889 880
912 236
377 715
56 718
585 439
852 814
715 902
421 658
330 410
51 412
840 90
697 678
848 951
826 37
198 593
341 737
274 211
740 134
339 847
875 490
400 95
603 435
474 737
126 860
973 310
973 548
581 984
788 660
629 86
799 635
475 941
959 56
80 372
917 650
91 964
783 735
773 682
712 151
655 283
953 773
279 643
701 898
706 817
147 269
355 731
100 507
498 841
261 207
591 752
630 318
374 126
960 153
917 101
406 560
759 743
618 816
981 980
641 1
131 82
920 886
534 377
453 465
397 753
51 842
301 547
197 580
910 754
211 37
851 548
42 896
919 656
30 537
674 78
979 540
764 597
937 314
656 845
590 361
337 930
997 654
643 841
652 810
632 98
827 814
659 898
56 237
97 236
304 397
771 468
680 160
344 168
561 189
632 123
666 783
235 991
71 775
327 565
824 906
1 604
948 233
851 693
780 209
603 279
380 231
84 675
684 370
757 814
605 276
304 238
358 710
294 931
742 879
37 492
4 81
707 347
131 417
660 582
89 801
455 195
303 403
680 247
970 356
934 627
951 858
404 803
446 236
349 572
93 485
672 586
158 748
772 235
891 859
532 788
621 345
347 861
227 342
555 779
16 595
303 963
941 260
833 366
190 835
622 733
345 834
893 442
192 773
430 880
160 873
767 793
170 173
810 402
318 60
690 628
224 19
52 146
411 685
203 138
785 593
219 202
61 500
919 89
191 433
711 63
294 514
937 865
253 393
103 269
316 111
625 614
639 272
641 973
139 609
45 236
316 496
218 24
293 871
747 227
879 420
633 850
10 127
356 170
665 224
536 722
823 189
603 597
392 286
258 22
771 957
820 536
139 221
566 281
229 238
325 531
804 449
786 735
983 670
847 646
388 272
632 605
253 394
405 508
137 537
283 955
678 477
659 969
706 692
786 963
313 829
143 638
713 206
244 185
489 187
844 129
896 300
602 114
210 305
930 199
692 916
457 839
241 899
950 452
229 185
212 561
222 848
32 191
747 830
869 860
245 873
575 649
818 591
204 974
584 974
822 452
198 397
942 350
942 597
899 13
375 392
327 343
479 756
66 387
950 924
464 188
286 68
573 552
294 166
137 435
557 14
423 797
427 254
95 300
715 431
403 367
453 197
735 233
1 149
145 62
782 38
848 69
456 425
490 810
679 878
461 503
844 308
70 798
599 437
888 798
395 36
733 583
795 412
368 195
94 878
114 388
46 438
795 532
583 3
321 268
714 417
332 277
257 229
906 445
301 380
277 974
651 248
218 433
109 1000
558 874
388 939
121 760
372 473
228 811
208 766
326 306
572 556
50 521
753 364
77 460
266 136
227 458
502 784
337 648
31 783
629 960
215 137
353 591
274 875
343 440
758 263
838 40
478 835
595 943
255 749
331 263
362 597
84 5
16 999
459 161
220 35
16 891
865 459
719 996
292 592
175 54
461 985
301 401
759 298
715 459
207 77
129 611
681 159
261 467
893 737
399 895
377 49
189 382
360 285
14 388
728 972
314 265
225 729
534 810
914 973
94 818
549 295
674 532
434 58
211 736
986 187
863 896
802 998
279 997
31 476
810 259
968 475
187 494
791 130
190 151
410 639
592 855
886 480
875 478
763 386
352 672
58 361
815 894
562 460
571 148
322 660
465 628
418 329
198 975
554 1
656 507
108 750
453 109
909 915
576 700
646 75
114 896
313 229
692 85
759 144
643 536
462 919
860 516
904 473
959 25
663 25
209 611
564 44
233 722
478 980
716 563
616 672
107 914
979 541
466 882
971 142
76 259
886 35
498 543
150 689
442 721
136 142
36 530
37 503
344 450
550 248
355 599
980 919
473 636
957 181
324 873
859 154
570 427
294 604
260 313
674 363
339 594
259 813
382 829
660 49
430 791
760 554
682 499
664 226
358 345
114 432
142 758
19 64
753 843
163 637
121 941
94 965
398 448
587 857
98 968
142 351
303 758
968 351
533 980
982 662
568 357
519 914
277 548
622 723
517 23
720 170
635 351
55 113
263 783
285 766
189 527
628 206
7 644
290 258
655 861
387 728
641 69
742 128
741 392
793 145
802 51
897 112
262 253
193 340
882 932
131 817
482 965
573 480
443 724
203 839
965 500
75 746
807 811
805 373
513 605
472 252
797 172
690 394
295 177
784 98
532 377
155 486
110 855
884 290
173 130
78 355
714 842
633 233
477 101
119 686
718 736
15 930
472 700
328 69
793 607
199 879
999 916
177 960
525 408
948 679
498 138
495 185
890 782
906 49
334 453
385 630
399 429
338 853
520 545
829 651
481 765
99 159
680 1000
87 179
802 717
890 885
839 32
339 838
883 186
67 470
544 185
357 921
457 376
444 986
642 934
152 171
59 645
616 46
59 681
987 43
353 234
530 103
958 496
613 389
838 931
85 579
86 132
569 908
479 772
683 677
400 343
370 703
882 139
146 344
116 387
760 909
407 539
447 304
388 655
41 378
658 92
119 862
28 411
457 362
198 397
17 290
432 152
321 611
427 173
205 137
344 946
563 365
304 475
47 982
694 920
91 802
961 66
644 778
109 744
959 464
969 313
42 341
108 685
648 331
49 85
228 676
929 91
527 534
967 166
316 51
582 966
840 841
575 625
503 114
911 16
305 113
989 826
836 506
369 738
587 564
232 455
452 735
900 264
952 548
81 738
995 853
562 575
739 569
705 365
5 620
557 264
490 193
294 21
361 373
900 84
47 250
205 288
145 132
846 151
658 419
849 521
680 974
148 655
96 648
210 737
690 298
19 187
831 981
679 965
726 954
528 166
15 248
564 636
847 560
721 563
9 24
700 896
446 803
858 16
699 274
271 714
977 449
533 229
154 280
756 423
871 868
912 124
727 970
968 231
569 935
163 808
618 23
685 210
650 88
807 151
393 770
276 555
304 613
911 866
233 223
42 303
400 305
162 306
51 900
734 964
933 397
366 898
16 59
177 628
360 225
742 537
725 612
868 633
489 314
501 478
632 981
365 904
196 819
496 108
744 179
145 152
501 598
880 349
248 80
683 762
500 314
389 513
620 205
91 584
721 652
859 894
665 198
416 143
481 671
320 302
865 611
126 631
757 526
963 526
781 403
240 231
330 830
518 283
824 864
935 755
51 159
309 220
18 447
863 800
1 833
749 805
658 791
577 412
579 857
509 408
154 895
923 360
397 827
687 971
959 961
617 519
637 335
623 238
174 883
775 222
608 886
306 708
1000 475
957 876
641 123
472 127
726 384
305 745
714 284
643 429
708 685
631 512
489 503
829 599
746 983
732 462
732 992
669 270
422 491
54 282
900 831
682 167
666 115
957 661
109 564
454 934
964 608
933 513
140 53
195 659
24 646
657 164
231 763
169 825
128 949
537 355
264 811
46 164
4 851
900 289
802 392
68 224
450 460
126 903
58 347
398 638
486 101
451 587
335 797
162 881
106 210
745 243
969 969
432 298
159 253
634 593
565 453
16 657
610 72
503 222
511 319
752 61
55 694
469 384
829 801
692 136
177 536
211 958
499 647
115 526
984 28
818 904
233 509
424 884
976 565
371 601
406 323
334 522
784 192
676 103
168 451
427 867
432 602
531 783
337 311
677 994
537 172
1000 51
379 389
103 237
785 721
943 597
412 492
572 331
828 380
771 259
939 726
594 55
19 501
500 459
376 790
689 4
776 634
474 117
575 601
953 808
143 544
510 542
221 590
615 827
599 817
567 617
545 32
727 879
558 692
307 685
564 88
331 911
568 546
881 580
649 997
746 937
393 988
237 351
517 661
521 630
213 360
820 908
199 203
813 479
14 251
803 162
448 905
207 167
86 862
123 369
220 181
158 765
944 251
424 909
311 645
399 568
59 847
253 538
233 540
312 99
790 423
849 246
202 165
552 544
653 52
788 131
893 372
113 471
498 625
442 684
929 378
86 534
12 73
318 540
258 671
524 127
579 412
424 972
468 823
364 663
81 784
399 588
896 496
151 170
626 153
367 199
837 152
640 258
124 283
572 289
408 608
358 463
895 180
884 329
523 221
438 294
278 125
25 625
729 427
996 796
956 151
188 867
519 122
35 370
311 840
195 115
829 875
784 912
904 85
99 969
443 714
7378 8746
6779 5933
6908 6355
8552 7289
5634 7223
5946 6345
8734 6270
8651 7906
7707 8767
9428 9603
9970 7476
6345 9192
8139 9010
8696 9528
5661 8279
7276 6270
5986 5437
7943 7515
8814 8359
6033 7677
5866 5919
6242 9897
9496 8104
7105 9554
7876 5564
5854 5427
7946 9907
9675 5348
8698 9001
5543 5404
9053 9791
9023 6465
5075 5873
8422 7583
6606 6889
6676 6266
7303 7563
9831 8372
8212 9704
6202 6815
9565 9542
6946 8189
8744 6296
7904 9793
7329 9790
8465 5256
9899 9743
9062 7511
8091 9331
5068 9378
8794 5840
8332 9335
6851 7280
8873 5390
7957 5442
7191 7798
6926 7421
9172 9570
5924 9928
8864 7039
9587 8979
6505 8299
9225 7141
6401 8995
6179 9742
9198 8236
9957 9684
5793 5142
9061 6342
6560 8335
8860 6058
8165 7664
7895 8895
7363 5803
6140 7981
9598 6138
8925 7501
6088 7096
5808 5085
6626 7976
6996 6168
7444 6104
8381 8283
6976 9307
7796 7518
5078 8867
5351 7111
7407 9464
6421 5956
6765 8743
9212 8430
5621 5569
9021 6213
6108 7544
7428 7193
5527 7456
8822 7354
6074 7305
8393 6575
9452 6309
5997 6347
6142 9677
8990 6010
6350 8394
7054 7769
7580 5210
8627 8159
7715 7063
8155 6507
8103 7103
8537 9423
9555 9228
8295 8204
7624 6791
5231 7881
6606 5827
6126 6008
7551 5006
7463 8056
9214 7738
9078 7174
5517 7282
7720 8852
5701 7049
7631 5400
7448 8491
6771 6648
9767 5253
5526 5898
8160 7457
8167 6639
5063 5728
7155 9039
7383 6921
8094 6890
7604 6765
9013 5283
7259 6983
5561 8403
5222 8732
7367 9754
7452 8679
9175 8190
9898 7918
9668 8692
5366 9824
5059 7880
5719 8088
5339 7223
5160 7833
9396 7672
5323 6981
5855 6756
6323 8218
6348 9545
6355 9889
5940 9010
7568 5201
9779 5723
7339 9351
8097 7413
9106 6540
5222 6522
5350 7103
8575 6900
8866 7369
6861 6097
7104 8525
8137 5581
5853 6497
5534 7888
8677 9316
5320 8028
5189 9856
5616 6417
6935 9035
9130 5751
7917 7030
9432 5504
7703 7583
6232 9578
9098 7449
5924 7702
5791 5472
6373 9866
9146 8356
8849 6537
7366 7145
6433 9600
5098 7053
6114 5360
9358 9559
5796 6631
8532 6668
6507 6497
5843 6570
9806 9292
5189 7073
6132 7393
6972 8147
8324 6054
6722 9599
7986 5852
7544 6990
8806 8091
8200 6380
7595 6116
6593 9946
5925 7903
9424 5270
7926 7262
7494 7129
5767 8567
8798 9904
9280 7712
8196 6099
7196 9256
5299 6227
8362 7595
5883 9081
7051 9469
5437 7604
6896 8617
6587 9288
8617 9149
9125 9129
8978 9518
8851 7477
8044 7532
5661 6636
8716 8203
5333 5920
6844 8700
6722 9129
6135 9327
9476 6856
7605 6642
8579 6770
9738 9540
8986 5620
5732 9376
8211 5135
5416 8801
6987 5192
6897 6149
9554 8099
6911 7855
5460 6381
6157 7275
7886 9252
9343 6629
5661 9286
9875 5844
8942 8044
7037 5520
9971 9705
5356 8203
8144 5319
6169 6005
6483 5026
9534 5888
9193 6972
6968 8988
8537 7869
5592 6176
6876 8806
5997 7811
9968 7295
8417 9892
5160 6247
7933 9031
5825 5405
7081 9918
8940 5560
7925 9775
9025 8246
5423 6618
6878 6150
6833 9971
7568 8302
5206 8975
9978 6394
5373 5033
9598 9093
5703 6113
9309 7925
6962 9261
7277 6629
9422 7694
5458 5216
9659 7564
8456 6448
6605 5974
8800 8212
9967 8211
8979 5116
8624 7392
6757 9547
8601 8479
6194 8215
7486 6327
8612 7500
6951 6958
8187 7188
9585 6796
5456 6500
8494 7357
7430 6010
5933 8500
8920 6658
6100 8325
5256 9195
6453 6875
5161 9583
5980 9444
9191 7608
5653 6828
5658 8658
8274 8076
6847 7060
7760 5150
8448 5603
6533 7109
6973 9229
7005 5372
5224 7445
5893 8838
5389 8984
8030 7737
9907 6185
8374 7059
9387 6409
5484 7985
6578 6681
8227 5712
9813 7458
5035 6509
9983 6936
7617 8019
8678 5509
6153 6602
5509 9728
8541 5110
5845 7041
5508 7505
5816 8282
7295 5636
8938 6064
9260 5819
8345 6721
5355 5086
6467 7420
7443 9902
5897 6548
8311 6194
7097 5340
8045 8705
8603 9066
8001 7624
6813 5032
5390 5743
7398 8956
7188 5953
5974 8499
5324 8477
8914 5774
6156 5789
7301 6674
9721 5659
6135 7537
8509 9632
7045 8056
8959 9846
5818 9459
5177 8224
9115 7352
9389 6652
7879 5286
8504 7354
6142 7326
7728 9545
8276 5081
9643 9082
5748 6625
6756 6113
9497 5541
9456 9137
5892 7409
6868 7630
7268 8014
6742 8731
9111 8880
5735 8965
7172 5879
8417 5048
6221 7103
8839 9777
8619 5446
7808 9906
8157 6393
5173 8229
9168 6197
9539 6351
6710 6100
8121 7011
6346 8731
9229 6386
7256 8593
8678 5470
6397 9048
5127 9436
9933 7493
8154 7068
8753 6675
5876 8531
9082 5199
7965 8656
7343 5371
9179 8822
6561 9669
9540 8596
7752 9450
7516 7489
8629 7320
8205 7501
7966 5463
6115 5800
5787 7072
6234 6425
5936 9411
8774 6792
5828 7026
7288 8446
9374 7980
5773 8390
7999 7822
9164 5690
9993 9860
7033 8167
6760 7850
8099 5164
8712 8621
5883 6932
9256 7169
9755 8598
5975 6453
5517 6653
8579 9288
9424 8799
8852 6770
5205 9513
7159 6087
8491 7825
7880 6489
5810 5283
9941 9664
6144 6786
6738 8580
9713 5189
7653 5979
7176 7054
8120 9506
6752 7549
5330 9396
5908 7890
8026 8110
7880 9701
5384 8639
9769 8158
8669 6131
5656 9218
8183 7383
9558 8909
5753 6968
5847 8575
9489 7782
5177 5505
7575 7749
8120 8087
9896 8307
7605 7252
8435 6818
9067 7888
5500 7857
6207 5720
9143 5283
6020 5344
9147 6935
6773 8676
6650 5851
9671 9448
5090 8811
9874 8144
5707 5391
8332 7612
7591 9536
8836 5697
6495 9661
7925 9280
9835 6498
5319 8408
5214 7294
9531 7781
9485 5342
6849 7891
9245 5731
7619 8554
9517 8749
9192 6918
8055 8130
5375 9207
9710 7908
5289 6940
9863 8610
9275 7775
7163 6367
6128 9031
5564 5715
8755 8807
9699 6274
7980 5536
8102 5198
9503 7659
6207 9554
7146 5570
9773 7930
9237 5724
9385 7854
7541 9841
8855 5269
7521 6604
7423 6891
8259 6761
5141 6430
5769 6215
8655 6707
9649 7596
6797 8808
5129 6596
7599 6470
5038 6790
8041 6793
9443 7478
6043 6470
5665 7786
6731 5732
6260 8850
5796 5322
7656 8763
7165 6521
7694 9026
6138 5395
5687 9297
8390 5081
7804 8363
9723 5300
7169 9005
9582 7126
9049 6167
6283 8540
5929 9002
5988 9851
9977 5861
8339 9578
7920 7056
9934 8798
9594 8071
6106 9168
9127 6008
9711 5156
9923 6815
8873 8696
7298 6057
9499 8378
5659 9029
5149 9609
5325 8081
8550 7406
5319 7858
7306 6603
9851 8054
7151 8585
5394 9515
8318 6983
8111 7484
6019 5637
9663 9800
5242 5558
8047 7282
5503 8572
6219 6398
8546 5072
7692 5023
9545 8973
6839 7229
6184 8902
5628 8815
8811 7183
6619 9131
8578 6293
9943 7255
7208 7290
6164 8819
6376 9644
8375 6199
8706 9074
8018 9694
9391 9307
7717 7437
6014 8312
7752 7320
5368 6651
7402 7780
6771 6451
5212 5837
8331 6253
8311 5509
8653 9347
5621 6785
6831 8928
7661 6918
9479 8698
8500 5958
8692 9808
8785 8903
9306 7678
5404 6036
5880 5846
7964 9303
5066 9817
6940 6970
9128 9218
7075 5758
7995 6116
5368 5303
6226 7927
8940 6440
6582 6691
9843 8663
7741 6552
9638 9502
7807 7351
8694 8826
9361 6380
7360 9220
7859 8324
6842 6488
7824 9093
8201 6608
5081 8931
8647 7877
8150 9935
5373 5427
5802 6460
5575 7457
6696 9883
8720 8246
8925 6079
6142 8933
5525 5723
5677 6148
6772 5048
6919 9850
5490 6443
8093 8529
7883 8149
6550 8501
5603 8652
7005 5216
5649 7148
5340 5874
6919 8943
7590 5613
8198 8857
6869 5374
6834 5975
6652 8629
8055 7570
6194 5587
9685 9274
8464 6892
7378 8878
9561 9854
5041 5542
7286 8031
5771 6682
6407 9179
8665 9268
8383 7774
6777 7107
8667 7796
6922 7512
5786 9446
5238 5956
6648 7131
7700 7742
6595 8818
7043 6280
9864 7470
5831 8810
5891 5965
9294 7281
8079 6813
5960 6620
7492 5124
6358 5331
8727 7788
8776 5988
7479 6492
6442 5661
7989 9282
8770 6317
6866 8321
6266 9378
5917 9606
5555 8291
8096 8388
7281 6570
7404 7937
6887 5685
5521 5230
5727 7229
5763 9003
5520 9806
5743 9856
7087 9669
8997 6044
8934 7450
7401 5290
9993 6829
8406 9015
8311 9894
6485 8278
9640 6168
9969 8593
5707 7855
6101 9932
7476 6871
7643 9701
8792 5073
6042 6078
6493 5102
9169 8961
8763 5321
9436 9087
6589 8387
10000 7138
8500 7144
6956 6010
5381 9055
5084 8300
7403 5471
8917 6836
9994 8729
5137 9807
9609 5216
9349 7252
9559 5870
7728 7600
9592 9914
5538 6570
6558 7345
6357 9930
5390 7608
6205 9458
8569 7958
7323 6348
7871 8881
6547 5204
5493 6790
5798 7598
9505 5754
6647 6402
7100 8215
7586 7488
7622 7017
7856 5066
8603 8199
5044 6194
6239 7919
7733 7211
6773 8917
8586 9891
9480 5889
8147 6898
9088 8007
6254 9972
9313 8038
8371 5971
7678 9862
7075 7565
5741 5409
8879 8044
6848 9532
9932 8374
8445 7314
9969 6519
9990 8461
6805 9829
6598 6610
5482 7556
7032 8001
6848 5782
6883 5023
8307 8929
5847 7328
7658 6411
9639 6986
8915 9314
6848 9699
8057 7145
5687 6719
7408 5450
7297 8431
8312 8691
8434 9674
9342 8567
6591 8397
8048 7616
7320 8920
7026 6010
6727 6516
6464 8714
5598 8284
7936 5545
7020 8027
7199 6007
7458 6759
7244 6209
7708 9947
9895 7394
6147 5544
8616 6520
9906 6549
5794 7426
6406 8619
8961 9842
9994 7197
6655 7523
8070 6481
6534 6053
8908 7859
6472 7858
6172 8914
7183 8626
5639 6963
5883 5770
7283 5395
6624 9844
6936 9940
9410 8883
5139 9885
6685 9052
8032 7050
5267 5597
8260 7923
8478 5144
8082 7352
9472 6270
8571 7534
7030 5342
7740 9689
9246 7103
5587 7860
5501 7535
6321 5104
8707 7832
8929 6510
7135 7789
6011 6004
7746 5691
7327 9702
9711 8840
5370 7495
5548 7120
8420 6957
9811 7693
5074 6541
7314 8537
6193 9374
7603 8963
6533 8269
5984 9686
7492 9973
5722 7286
7731 8162
9808 7539
6122 9897
5175 7447
5810 8129
6297 8004
7884 5410
5815 6824
5063 6236
6941 7617
6996 9742
8072 7767
8985 5041
5124 6150
6849 5452
8974 5171
5516 5554
8342 8207
6849 9157
6304 9809
9570 7767
9389 8675
8082 5110
8424 7275
6879 5948
8490 5188
6981 9514
9881 6293
7469 7498
9905 9747
9826 5976
6761 6220
5757 6056
6529 6797
9772 9439
8278 9897
5670 6940
7407 9437
5394 7534
9792 9296
5449 6774
8085 7139
9784 7412
7896 5002
9775 9909
5245 8309
5951 8457
7665 7033
7024 6040
5629 9306
6103 9595
6059 6382
5516 5253
8149 6986
7842 6234
8032 5723
8845 9595
7068 7069
6076 5616
8424 6604
7738 7447
5222 5715
5160 8163
8041 5684
5799 8565
6478 6165
6372 8523
5329 9905
8420 8088
5520 7462
8315 9233
9236 7611
6354 5921
7233 6256
7954 5982
8390 5539
9675 7306
6866 5449
8939 6465
6501 6663
6227 6379
9707 7821
7566 9608
5614 5786
9078 9596
7396 6855
6840 5348
5068 9026
9691 8053
9407 7607
7430 7013
7528 9081
6842 5485
8551 6081
5863 5118
9346 8081
8223 8965
6666 9817
9516 8132
9259 6959
7415 8406
7284 7873
7736 9780
7199 5213
7485 9730
5933 9780
6454 8092
7294 8126
5510 5468
7813 5848
9153 9027
5441 5259
7267 8578
9532 5706
9602 6858
6242 7230
9926 7344
7575 8111
9146 9375
6770 6515
8826 9973
5183 8318
6379 9931
7154 6397
8458 9523
7270 5846
8675 6653
9246 8570
7525 8813
9641 9648
7009 7322
5589 7450
9252 6294
9713 6057
7995 5908
6797 9406
5950 9175
9144 7938
7033 6953
6275 7788
5636 9159
5458 9528
5194 5497
9428 5345
8488 8632
5770 9890
7574 9239
6714 7241
8314 6110
6417 7916
6305 8871
7289 9337
5551 7475
9636 9653
8239 9333
7600 6292
9898 8732
6377 5515
8119 5905
7245 8568
5373 8983
6730 6402
7017 5477
8449 7116
9423 9020
8683 6834
5865 9651
6560 7854
7308 7099
8609 6783
9878 5678
7043 7320
6197 7286
8249 5682
5508 6270
7348 5652
6192 9555
7794 6495
6220 5252
8928 5645
8319 7966
7349 9047
9697 7695
6937 5493
6565 9301
9554 6353
6236 7602
8378 8229
9601 5838
6813 7085
5408 9227
8693 5396
6869 8359
7903 9903
7424 6043
8122 9861
8248 8977
9243 6778
9174 5841
5290 8262
6158 9243
6011 5175
6495 6589
6636 9879
9082 6783
6332 9034
7365 8229
8390 8544
9287 9393
6740 7471
5077 6088
9153 7461
6880 5334
5772 7264
8904 8064
6233 8270
8270 7782
6787 5345
5790 6856
5467 8524
5533 7534
5836 5414
5490 8004
8066 8692
6637 8728
8778 8796
5369 6843
5419 8844
5591 7522
8687 7855
7901 7942
7213 7266
9228 7344
5731 5995
7574 7269
6374 8194
5846 6694
8074 5027
9458 9777
6400 9084
9823 5623
5955 5259
7466 9858
8380 7042
8833 8875
8833 8780
9302 5529
8293 8861
9581 6695
9917 6476
9430 5808
8164 9570
5320 6673
6187 5722
6457 9802
9048 7148
8375 6894
8566 8791
7585 9576
9771 7134
8907 7789
8917 8961
6085 5273
7306 8017
5759 8780
8844 8672
7069 5317
7143 9079
9273 7933
6483 9071
7572 6366
5600 6432
9476 5679
7033 9479
5146 5275
9676 5456
7096 9093
5066 9997
8837 7855
7303 8589
6012 8025
6997 8546
6366 8703
9285 6289
6068 5493
5207 7004
9980 7248
8291 7065
5679 7186
9213 5839
6011 7195
9428 5319
6308 7076
5570 8234
7485 5990
5458 5054
6696 9958
6829 5168
7219 5076
8810 8959
9626 7640
7316 9637
9666 6546
5555 9240
8892 9559
7694 7505
7535 6179
9198 8890
6880 5459
7416 6383
7158 5897
9433 8541
7174 6811
6901 6389
8008 9313
6213 8324
7590 8874
7924 5460
7853 6524
8329 8435
7086 6581
7190 8239
8851 9298
7675 8328
7267 8494
8797 6046
5995 6007
5652 7426
9663 6878
9246 8418
9031 9621
5236 6403
6678 8180
5534 9446
6264 6211
9896 5214
6310 9157
6490 5088
7676 8286
6817 8982
6181 8120
6932 9793
6526 6245
5527 6000
6093 8053
6583 7934
6094 7669
9315 9940
9411 6404
6629 9926
5929 6203
5008 8618
5474 6755
7597 6177
6830 5243
7602 7642
7518 7568
6488 8944
6072 9930
6938 7643
5622 9792
7254 9426
9359 9734
5494 9726
8984 6893
6021 7727
6690 7788
5232 5365
7733 7493
9018 6993
7477 9469
6813 5240
7569 9261
5695 7779
8854 9368
9611 8878
6793 6021
8006 6121
6633 7527
9785 6133
5918 5414
6347 5039
6111 8845
5329 5408
5828 5674
8030 9542
6900 8332
6283 6930
7830 9028
5908 9915
8535 9710
9566 8871
9775 8182
9504 8912
5115 9453
9021 8973
6627 9789
7259 7978
9587 8636
6266 7745
5803 8640
5041 7194
8489 5606
8167 5394
9251 5677
8251 7186
6873 6366
9196 7454
7234 7620
5207 7567
6987 8587
5866 7286
8614 9323
7390 5514
5982 5127
9130 8923
5454 6597
7672 7914
5010 8815
5430 9036
9115 6171
9077 7453
5737 8897
5910 9537
7337 6028
8435 7259
6026 8006
6160 5495
5953 8011
9207 8190
6820 5071
6670 5479
6738 9214
8310 6431
6660 9709
9131 6409
6327 6465
6832 5286
5993 6173
7522 7407
5086 7186
5109 8656
6024 9798
5736 5325
6499 8835
9393 9719
6648 6089
9344 6166
8657 7966
5445 8044
5235 9558
5834 6324
6668 9058
8670 8387
6371 5338
5589 8898
8389 9760
8658 6342
7297 9843
9607 9213
9513 9064
9211 5566
9201 7523
7286 6805
7929 9712
5622 7953
9389 7163
5145 8319
9970 8391
6161 9996
8505 7528
7147 9932
5067 6617
7044 7000
9470 9475
5798 8454
8259 7892
7427 5937
7612 8713
9085 9489
8431 8990
6983 8163
8392 6099
6559 7412
9889 6624
6413 6023
5086 9401
7904 9316
8190 9219
7943 7236
9031 7974
8479 6893
5952 8070
7756 5713
6191 9013
5253 5718
9437 7756
6642 5005
6390 7442
8310 6675
7800 8444
5273 8624
9497 8439
6408 9510
7101 9083
6372 5211
5981 8362
7950 6815
7323 9497
7137 6168
7753 7838
6291 5203
7245 6514
7857 6038
6278 7506
7956 6156
9759 5065
8944 6150
5106 8575
7249 6360
6995 8398
7520 7583
7227 6021
5355 5080
6516 5222
9162 7820
8025 8301
6148 9030
5988 6407
6737 9386
9805 5505
5358 8345
7227 9772
8005 7980
7737 7671
6819 5144
6346 7551
9272 5553
6949 7116
6030 7782
8636 8889
9589 5680
6704 9751
6655 7925
9177 5161
9502 8126
7799 5132
9120 5673
8878 9647
5669 9419
6429 6469
9294 7043
9204 5235
8778 5237
5459 5227
7478 6994
8263 5380
7846 9947
7145 8908
8596 7804
8212 7754
6193 6338
8542 5715
9042 6089
9012 9696
5146 7353
9240 5867
6128 5132
9433 5298
6056 8062
6833 7357
8200 9821
9996 9375
6241 6522
8798 5664
8232 5387
5108 9370
8432 9523
8165 7381
9157 6282
8537 9071
5959 8946
9976 5116
7000 9646
5889 6127
7782 9256
9264 9047
6662 5143
8425 5609
7180 8409
8856 5440
7975 8434
7317 8457
8347 8548
6337 9638
5906 7520
8391 6047
5109 9187
6639 7407
8592 7914
7441 8729
5061 7360
5163 5052
8810 9903
5758 8795
6409 9184
7199 7365
8409 7746
7899 7599
5420 8244
9097 8920
8019 5365
7816 8550
8480 5632
7990 7368
5944 7747
8637 9843
9101 9290
8467 6187
6836 9822
8332 9718
6877 5034
8998 6673
6260 6377
7455 6603
5922 8821
6878 7332
5237 9917
9155 7940
9651 9919
5651 8804
5745 7274
7238 7639
6601 7390
6131 9997
5904 8664
6431 8117
5197 5588
5910 9661
7432 5665
7779 7158
9479 8528
8701 6248
6231 9132
9380 5792
9934 8715
6557 7480
6697 5539
6407 7975
7544 6832
6283 9133
6240 8801
6392 8475
8051 6870
8985 8732
8016 6275
6297 7451
8597 8479
6164 7428
7892 9241
5351 9934
5338 6435
7564 7905
9787 7826
8779 5747
9814 7059
5669 8424
8233 5470
8303 5143
6102 6640
9546 7364
6749 8333
9352 6005
6205 7532
6721 8799
6505 9659
9244 5744
5556 5052
6837 6552
8448 9678
7646 6536
7496 9700
8734 6033
8270 7154
9075 9453
8463 8929
6156 7459
9275 5876
9152 9275
5481 7557
7168 7262
6954 9257
7147 8413
6813 6456
7343 6239
5187 7493
9002 9503
8756 5235
9515 5146
6680 5399
5851 5222
7406 6050
8215 7020
5610 8951
7382 8757
8458 7926
6247 8211
5425 5078
6085 9824
7612 7674
8385 8407
5025 8057
7968 5826
7451 7765
8947 7738
8682 6468
9202 8184
9695 8703
9607 7499
9257 6136
6423 8807
8194 9223
6126 7479
7653 6874
9832 6678
9486 8899
9486 8045
7076 5058
7066 6545
6248 9827
8442 6770
8840 5875
7856 9247
6629 9704
9039 8575
9898 8789
9963 9053
5170 8704
5758 9680
6654 7264
5662 5713
5266 6372
6097 9251
7258 5964
5502 5497
9951 5501
5112 7089
7578 8489
6064 5902
6207 6315
6868 8315
8600 9151
9267 5823
8452 6504
5669 5159
8927 5382
5883 5260
5813 6929
8316 7539
9576 5133
6804 6965
5858 7291
6969 6581
5161 6383
6331 9855
8429 6113
9417 8155
7059 7441
5929 5889
8008 6401
7290 5940
5154 9618
8350 7088
9055 9611
6381 5027
9588 9598
8203 6651
6145 6786
8792 6893
8478 9669
6384 8640
5238 6244
7996 6058
6005 5598
6410 8786
5749 5586
9580 9692
7146 9471
8518 5176
6141 9439
7563 6966
9248 8176
7822 5398
9666 8478
8363 8745
7851 5495
5994 5903
6436 9186
8184 7805
8614 6829
7327 5079
8885 6020
5121 6715
7135 7443
6234 8782
9625 8957
7595 8273
7574 8280
8063 5646
9203 7006
8776 7619
5896 8789
5897 5166
9167 5236
7541 7464
5940 8854
8066 7876
8444 7135
7164 9333
9181 5710
8164 7876
5778 9669
9919 9061
5253 5226
7528 9954
7411 6437
8384 6962
7890 9468
5869 9410
8028 6855
6598 9978
5806 6782
8058 7268
8595 9090
6103 7376
7637 9965
8546 7102
6074 8767
6446 7156
9139 7848
9251 6639
6224 9451
7568 6980
5193 6750
6315 5639
7336 8516
8188 6930
8905 6290
8935 9664
6046 6956
8128 5865
7112 8733
5808 8237
9623 7807
8296 9588
5247 9689
9144 9685
5235 5948
6480 8573
8134 8045
5528 7028
7397 5024
9015 5864
7805 6608
7748 5880
6018 5303
8315 9624
6636 8368
8193 7714
5454 8712
7721 5322
7845 6253
7192 5030
8394 6480
6262 8315
8274 7559
9704 6074
8680 5986
8003 7358
5623 6734
6094 5863
7536 8803
9893 5136
6657 8907
7093 5165
6753 9959
9615 8470
8331 7465
9554 7976
9562 7158
8304 8944
8584 5156
9823 9020
5503 8119
5194 5373
5444 7872
5658 5951
6932 6366
9409 8296
9435 7266
6006 6162
8117 6488
8237 8217
8400 7285
8609 7234
9944 7993
9195 8135
9428 5399
8870 5398
7847 7514
8566 8147
7814 7628
7532 9128
6404 5149
9692 6477
6228 8611
9921 5251
5581 7657
5427 8675
8033 9453
9832 7501
9782 6575
9094 7041
9930 9290
5625 6347
6280 8970
7179 9501
6582 8387
9767 5910
5011 5682
8680 7643
7092 8939
5105 6039
6472 6982
5418 5436
5363 6963
6245 8182
9582 7046
9388 9789
5060 9694
5522 6444
9060 6781
7538 5519
9795 7862
9072 5947
8814 8344
5343 5192
6082 5820
7347 7607
8784 7591
9327 6611
5794 5136
8928 9351
8819 7820
5761 6021
6903 9618
6971 9748
6220 5806
6062 6707
6522 8853
7247 7895
7182 5204
7612 8405
6963 7247
7736 8960
7173 5379
9458 6168
5317 7534
6730 6620
8105 7317
9796 6569
6479 5068
6470 8255
9373 7992
8728 5307
6343 5050
7577 6381
9091 7725
7171 8566
8546 9436
9630 8582
8902 7163
9051 6547
8704 9455
9855 5170
6483 9815
6512 7862
9247 6402
8284 6539
6221 7739
7270 8406
6768 7875
6159 5229
8594 8117
7203 7086
6218 5841
8632 5487
7490 9472
8283 5768
5103 5266
9122 9265
5217 6294
8952 8647
8291 8137
6616 9354
5565 8606
7964 7143
5944 5979
8550 8787
8971 8058
6419 5039
5835 6347
7940 7807
7119 8670
8955 9709
8697 8475
9960 8353
9379 6352
7452 8507
6823 5462
5166 8102
9764 5841
6327 8477
9061 6204
7338 7041
9437 6264
6956 9849
5590 8648
5181 7994
9734 8535
7586 6342
7903 8628
7699 6992
7175 5020
6394 9617
9980 6948
6738 5717
8577 9547
7354 9412
5736 8499
6195 7825
9291 8230
9472 5778
7154 5683
8150 8218
6091 5307
9019 6821
9356 7676
8772 7914
7600 7115
5524 9921
9401 8759
9259 8702
5117 7024
7692 7807
8119 6053
6161 7584
8836 6107
7803 7009
6511 6704
5011 5412
8703 8935
5948 7757
6995 9711
7711 9128
5327 6632
5754 8423
7946 8518
5930 5037
9793 8545
6625 8215
5669 5789
8742 9068
9004 8621
9820 8334
7909 9194
7958 9397
7246 8948
6336 8928
5522 9399
7129 7055
9497 8169
5089 5846
7360 7131
7872 7144
5431 5048
7098 6946
6934 9839
5463 6294
7912 6054
5356 5971
6520 6711
5819 8074
9774 5324
5154 5939
7066 9933
5050 6722
8304 9055
9035 7053
9587 8410
7557 9263
8847 7165
6827 9798
9419 7498
9406 5443
5720 5102
6340 6356
6415 7960
8495 7829
7646 9703
6035 9276
7329 7760
5372 6749
7824 6502
5383 9842
