
200 941200
94 485
506 326
416 248
992 421
649 322
237 795
457 43
815 845
446 955
422 252
791 9
359 901
667 122
598 94
7 738
544 574
334 715
766 882
994 367
893 984
633 299
131 433
428 682
700 72
617 874
874 138
720 856
419 145
794 995
196 529
997 199
116 277
908 97
539 719
707 242
569 107
537 122
931 70
726 98
487 600
772 645
513 267
81 972
943 895
58 213
303 748
764 487
536 923
724 29
789 674
479 540
142 554
339 467
641 46
196 710
494 553
66 191
824 724
208 730
711 988
800 90
314 340
289 549
401 196
466 865
689 678
833 570
225 936
244 722
849 651
113 123
379 431
361 508
65 585
486 853
686 642
286 992
889 725
24 286
491 812
891 859
90 663
181 88
214 179
17 187
472 619
418 261
419 846
356 192
682 261
306 514
201 886
385 530
952 849
500 294
194 799
737 391
324 330
992 298
224 790
260 275
97 826
210 72
649 866
919 951
63 748
958 685
804 956
518 564
428 183
537 400
346 721
153 207
971 323
662 611
197 116
91 109
529 795
126 343
747 862
469 685
770 10
934 881
723 984
895 403
568 360
172 449
958 541
383 272
308 877
970 359
583 707
48 308
930 770
569 30
3 208
20 311
609 100
887 939
825 422
930 785
904 370
241 989
379 969
376 143
962 972
889 28
443 61
216 638
338 348
160 347
406 66
159 391
31 638
204 295
420 826
153 196
425 449
331 855
565 143
838 487
9 140
918 564
533 615
232 135
957 564
591 360
576 793
746 163
377 859
858 760
86 711
434 662
558 159
279 660
840 268
735 948
574 315
126 676
912 341
739 689
821 894
625 706
917 490
201 478
993 671
149 932
52 899
759 237
267 187
256 472
783 772
117 98
516 906
180 911
25 635
380 225
712 823
266 164
216 343
7645 5904
6775 7473
9579 8523
9539 5227
8902 8204
5797 7351
9233 7733
6734 7861
6647 7461
8180 5899
9397 5889
6287 6715
6859 9684
9751 7291
9881 5208
8240 9318
6575 5184
7512 8898
5449 5261
9088 5746
8119 9790
5598 8624
8693 9300
7826 5780
8369 9287
7549 6478
5832 6734
6876 9156
5665 7689
6055 6466
5863 9944
5798 8149
7207 8243
6230 5250
7756 6468
8292 5951
8203 5843
7634 8148
5782 9290
8763 9388
8667 5410
6224 5912
8583 7821
8605 6976
8196 9828
7041 8948
5273 5923
8096 8627
9695 5167
9163 9429
7102 9016
9211 7906
9269 8022
5006 8614
5862 5907
8453 5701
7989 6712
8385 9672
6258 8985
9792 5878
7467 8796
6323 8141
6973 7118
6304 5399
6380 8086
8921 5921
8677 5546
6597 9311
7682 5955
8779 5965
9831 8343
9832 6348
5435 8673
7893 6931
9291 7907
5757 8454
7190 7486
5533 6844
7443 7966
9414 6714
7329 7406
9186 7096
6325 6759
6202 9663
5661 7811
5519 5812
8849 8477
8115 9887
7906 6426
5778 5195
7088 7108
5028 5568
7220 9035
6001 5171
7317 8822
5669 6136
9234 7052
5270 5403
5000 7378
9009 8674
9188 8433
6816 5755
6775 8963
6912 5980
9387 6339
5478 5836
5641 5858
8969 7749
5225 8494
7083 6306
9078 6997
6199 7332
5444 7441
9013 9396
6803 6035
6290 7448
7725 9822
8132 7923
5316 8026
7301 5802
9444 7502
9126 9947
8048 5453
6346 7810
9545 9472
5293 9322
6394 8987
8922 5997
5131 8821
9944 9008
8347 9062
7319 8226
5588 8125
7572 7474
7001 6721
9684 7533
9181 6202
8221 9742
5548 9729
7777 9560
6703 6155
7802 7445
9850 9406
8739 6309
8885 6693
8653 5143
5657 9962
8052 8869
6981 7737
7037 5953
8579 5409
9818 5624
7337 7078
6317 5200
7526 9228
5826 7701
9133 5368
6382 7736
7324 9799
6819 6193
8003 5095
7095 9869
6954 5821
5049 7087
5666 6625
8122 7461
7484 9548
9347 6866
6058 8888
6268 7798
5020 6418
8550 6480
9803 7308
9022 6937
5798 7847
8587 5404
7181 7254
6547 5826
8145 9079
7118 8638
7180 5245
5570 9852
5148 6164
6245 7680
8748 6529
5547 7046
6501 9180
5057 7953
5632 7364
9439 9342
5088 7905
6362 9630
6266 8866
9480 8917
6077 9836
7098 9917
9720 9403
7195 9889
8910 8180
6018 7659
