
200 745300
585 485
194 94
426 326
606 506
348 248
516 416
521 421
1092 992
422 322
749 649
895 795
337 237
143 43
557 457
945 845
915 815
1055 955
546 446
352 252
522 422
109 9
891 791
1001 901
459 359
222 122
767 667
194 94
698 598
838 738
107 7
674 574
644 544
815 715
434 334
982 882
866 766
467 367
1094 994
1084 984
993 893
399 299
733 633
533 433
231 131
782 682
528 428
172 72
800 700
974 874
717 617
238 138
974 874
956 856
820 720
245 145
519 419
1095 995
894 794
629 529
296 196
299 199
1097 997
377 277
216 116
197 97
1008 908
819 719
639 539
342 242
807 707
207 107
669 569
222 122
637 537
170 70
1031 931
198 98
826 726
700 600
587 487
745 645
872 772
367 267
613 513
1072 972
181 81
995 895
1043 943
313 213
158 58
848 748
403 303
587 487
864 764
1023 923
636 536
129 29
824 724
774 674
889 789
640 540
579 479
654 554
242 142
567 467
439 339
146 46
741 641
810 710
296 196
653 553
594 494
291 191
166 66
824 724
924 824
830 730
308 208
1088 988
811 711
190 90
900 800
440 340
414 314
649 549
389 289
296 196
501 401
965 865
566 466
778 678
789 689
670 570
933 833
1036 936
325 225
822 722
344 244
751 651
949 849
223 123
213 113
531 431
479 379
608 508
461 361
685 585
165 65
953 853
586 486
742 642
786 686
1092 992
386 286
825 725
989 889
386 286
124 24
912 812
591 491
959 859
991 891
763 663
190 90
188 88
281 181
279 179
314 214
287 187
117 17
719 619
572 472
361 261
518 418
946 846
519 419
292 192
456 356
361 261
782 682
614 514
406 306
986 886
301 201
630 530
485 385
949 849
1052 952
394 294
600 500
899 799
294 194
491 391
837 737
430 330
424 324
398 298
1092 992
890 790
324 224
641 7830
789 5219
690 9479
726 9038
273 7645
854 6160
940 5059
892 7038
1064 8915
587 9425
271 7063
1054 8513
386 5891
349 9721
933 8622
645 8057
344 6252
1015 5399
324 7797
885 8501
627 6172
674 6028
818 6259
262 6970
175 9273
310 6437
910 5241
884 9471
347 6900
1050 5984
269 5873
679 9917
651 9178
1014 7925
819 8940
303 5070
1016 7146
607 6203
552 9463
476 9245
485 5464
320 6130
679 9782
900 7299
315 5943
1011 9473
572 7676
387 6117
173 7677
158 5902
273 9072
1076 5707
925 7109
1015 5391
489 8293
161 5390
109 8546
268 8256
928 6188
886 8790
821 5963
721 8068
162 5815
1041 7466
1096 5777
852 9838
670 9441
245 8384
1066 8816
844 9207
937 8133
450 7344
1031 8785
334 7038
199 9954
321 5523
424 9734
640 6887
927 5337
431 9166
726 9672
636 6281
200 6781
633 8325
522 6438
360 7666
425 9364
543 5997
539 8821
323 9521
421 6477
680 7505
409 5809
941 5688
809 8901
157 9084
706 5465
252 7284
709 5986
860 9527
927 6549
239 5216
567 5463
303 5685
241 9891
414 7408
203 6207
558 5359
319 9468
770 6374
769 6072
994 7525
705 8079
263 5022
484 8910
870 5337
257 6933
921 6013
438 5913
424 8378
240 7721
955 6199
820 7145
307 9657
337 6282
442 5307
993 6500
1048 7330
412 5664
1095 7674
770 9807
734 6474
1049 6642
203 6224
1060 5360
520 8855
188 9933
526 6986
234 7653
404 6369
878 6158
761 7978
958 9948
780 8831
867 8514
552 5256
112 8685
143 8462
172 6646
340 5166
351 8055
276 8353
313 6380
1025 6318
654 9051
767 9754
277 6470
882 5994
351 5464
1049 8605
220 8213
1058 8125
871 5979
188 5787
565 5454
146 6757
501 7584
1094 6646
870 5248
194 7555
432 8986
271 5238
326 6513
175 5376
959 6807
191 8883
850 6814
186 8035
150 6249
132 8320
282 5374
925 9977
824 9235
1010 7986
218 7833
686 9197
248 5549
268 5227
248 6823
199 6334
270 8232
295 5274
466 8713
728 5070
969 5129
849 9919
343 7224
1034 8698
341 8725
831 8041
