
1000 614800
585 485
194 94
426 326
606 506
348 248
516 416
521 421
1092 992
422 322
749 649
895 795
337 237
143 43
557 457
945 845
915 815
1055 955
546 446
352 252
522 422
109 9
891 791
1001 901
459 359
222 122
767 667
194 94
698 598
838 738
107 7
674 574
644 544
815 715
434 334
982 882
866 766
467 367
1094 994
1084 984
993 893
399 299
733 633
533 433
231 131
782 682
528 428
172 72
800 700
974 874
717 617
238 138
974 874
956 856
820 720
245 145
519 419
1095 995
894 794
629 529
296 196
299 199
1097 997
377 277
216 116
197 97
1008 908
819 719
639 539
342 242
807 707
207 107
669 569
222 122
637 537
170 70
1031 931
198 98
826 726
700 600
587 487
745 645
872 772
367 267
613 513
1072 972
181 81
995 895
1043 943
313 213
158 58
848 748
403 303
587 487
864 764
1023 923
636 536
129 29
824 724
774 674
889 789
640 540
579 479
654 554
242 142
567 467
439 339
146 46
741 641
810 710
296 196
653 553
594 494
291 191
166 66
824 724
924 824
830 730
308 208
1088 988
811 711
190 90
900 800
440 340
414 314
649 549
389 289
296 196
501 401
965 865
566 466
778 678
789 689
670 570
933 833
1036 936
325 225
822 722
344 244
751 651
949 849
223 123
213 113
531 431
479 379
608 508
461 361
685 585
165 65
953 853
586 486
742 642
786 686
1092 992
386 286
825 725
989 889
386 286
124 24
912 812
591 491
959 859
991 891
763 663
190 90
188 88
281 181
279 179
314 214
287 187
117 17
719 619
572 472
361 261
518 418
946 846
519 419
292 192
456 356
361 261
782 682
614 514
406 306
986 886
301 201
630 530
485 385
949 849
1052 952
394 294
600 500
899 799
294 194
491 391
837 737
430 330
424 324
398 298
1092 992
890 790
324 224
375 275
360 260
926 826
197 97
172 72
310 210
966 866
749 649
1051 951
1019 919
848 748
163 63
785 685
1058 958
1056 956
904 804
664 564
618 518
283 183
528 428
500 400
637 537
821 721
446 346
307 207
253 153
423 323
1071 971
711 611
762 662
216 116
297 197
209 109
191 91
895 795
629 529
443 343
226 126
962 862
847 747
785 685
569 469
110 10
870 770
981 881
1034 934
1084 984
823 723
503 403
995 895
460 360
668 568
549 449
272 172
641 541
1058 958
372 272
483 383
977 877
408 308
459 359
1070 970
807 707
683 583
408 308
148 48
870 770
1030 930
130 30
669 569
308 208
103 3
411 311
120 20
200 100
709 609
1039 939
987 887
522 422
925 825
885 785
1030 930
470 370
1004 904
1089 989
341 241
1069 969
479 379
243 143
476 376
1072 972
1062 962
128 28
989 889
161 61
543 443
738 638
316 216
448 348
438 338
447 347
260 160
166 66
506 406
491 391
259 159
738 638
131 31
395 295
304 204
926 826
520 420
296 196
253 153
549 449
525 425
955 855
431 331
243 143
665 565
587 487
938 838
240 140
109 9
664 564
1018 918
715 615
633 533
235 135
332 232
664 564
1057 957
460 360
691 591
893 793
676 576
263 163
846 746
959 859
477 377
860 760
958 858
811 711
186 86
762 662
534 434
259 159
658 558
760 660
379 279
368 268
940 840
1048 948
835 735
415 315
674 574
776 676
226 126
441 341
1012 912
789 689
839 739
994 894
921 821
806 706
725 625
590 490
1017 917
578 478
301 201
771 671
1093 993
1032 932
249 149
999 899
152 52
337 237
859 759
287 187
367 267
572 472
356 256
872 772
883 783
198 98
217 117
1006 906
616 516
1011 911
280 180
735 635
125 25
325 225
480 380
923 823
812 712
264 164
366 266
443 343
316 216
832 732
548 448
602 502
641 541
840 740
764 664
676 576
1054 954
712 612
826 726
1002 902
872 772
554 454
631 531
511 411
1043 943
1073 973
850 750
803 703
427 327
950 850
1017 917
177 77
105 5
320 220
213 113
902 802
1013 913
503 403
891 791
281 181
1098 998
110 10
959 859
625 525
445 345
1019 919
531 431
768 668
775 675
627 527
933 833
562 462
538 438
391 291
623 523
705 605
1016 916
557 457
520 420
505 405
215 115
517 417
760 660
379 279
361 261
785 685
872 772
696 596
488 388
407 307
864 764
324 224
943 843
422 322
306 206
940 840
507 407
1075 975
739 639
501 401
952 852
191 91
642 542
427 327
160 60
430 330
857 757
282 182
182 82
703 603
737 637
893 793
193 93
715 615
714 614
833 733
236 136
964 864
287 187
116 16
202 102
963 863
1072 972
1087 987
263 163
406 306
601 501
134 34
577 477
940 840
592 492
800 700
221 121
806 706
180 80
887 787
238 138
205 105
760 660
934 834
329 229
898 798
927 827
410 310
548 448
709 609
330 230
790 690
932 832
661 561
589 489
679 579
686 586
160 60
391 291
488 388
765 665
409 309
760 660
507 407
802 702
300 200
253 153
413 313
706 606
1070 970
223 123
133 33
353 253
373 273
809 709
377 277
932 832
1097 997
208 108
140 40
988 888
327 227
581 481
960 860
383 283
1040 940
958 858
708 608
384 284
1090 990
811 711
690 590
950 850
906 806
339 239
152 52
1043 943
901 801
295 195
864 764
195 95
810 710
510 410
486 386
764 664
693 593
1000 900
150 50
212 112
594 494
1063 963
256 156
854 754
1036 936
558 458
1065 965
119 19
186 86
325 225
823 723
669 569
284 184
197 97
968 868
294 194
440 340
854 754
512 412
702 602
587 487
161 61
309 209
795 695
446 346
447 347
960 860
819 719
407 307
200 100
195 95
197 97
921 821
943 843
1041 941
845 745
921 821
386 286
687 587
592 492
301 201
216 116
765 665
631 531
627 527
524 424
912 812
353 253
524 424
526 426
559 459
513 413
443 343
1080 980
936 836
391 291
606 506
933 833
279 179
586 486
1016 916
109 9
530 430
675 575
696 596
1022 922
908 808
245 145
369 269
997 897
612 512
504 404
911 811
842 742
785 685
828 728
667 567
369 269
876 776
203 103
955 855
845 745
818 718
135 35
953 853
879 779
197 97
171 71
246 146
180 80
846 746
942 842
115 15
228 128
1065 965
1041 941
612 512
327 227
580 480
130 30
1058 958
442 342
765 665
705 605
291 191
631 531
1064 964
464 364
615 515
459 359
706 606
967 867
922 822
920 820
636 536
413 313
793 693
307 207
119 19
1011 911
435 335
408 308
201 101
530 430
1022 922
785 685
394 294
741 641
1010 910
213 113
510 410
241 141
350 250
790 690
646 546
800 700
829 729
659 559
709 609
581 481
820 720
603 503
1076 976
866 766
859 759
107 7
898 798
982 882
174 74
959 859
748 648
282 182
399 299
525 425
885 785
642 542
946 846
783 683
490 390
953 853
997 897
1038 938
516 416
189 89
937 837
724 624
347 247
281 181
393 293
978 878
244 144
1033 933
1038 938
680 580
567 467
352 252
580 480
307 207
1055 955
758 658
765 665
120 20
126 26
1054 954
664 564
447 347
549 449
859 759
126 26
546 446
621 521
114 14
401 301
757 657
421 321
810 710
713 613
1080 980
488 388
288 188
979 879
736 636
1090 990
303 203
288 188
532 432
1063 963
229 129
920 820
730 630
400 300
609 509
922 822
337 237
355 255
473 373
377 277
938 838
253 153
495 395
500 400
792 692
327 227
203 103
618 518
318 218
547 447
484 384
415 315
1031 931
913 813
496 396
424 324
489 389
602 502
740 640
399 299
387 287
880 780
397 297
476 376
1077 977
616 516
612 512
312 212
319 219
429 329
655 555
910 810
498 398
586 486
389 289
585 485
898 798
516 416
698 598
1052 952
149 49
994 894
672 572
458 358
797 697
121 21
870 770
747 647
825 725
144 44
642 542
783 683
314 214
461 361
987 887
914 814
145 45
331 231
194 94
108 8
382 282
265 165
182 82
596 496
419 319
799 699
726 626
952 852
246 146
559 459
641 541
635 535
974 874
414 314
825 725
1044 944
877 777
406 306
654 554
559 459
308 208
737 637
887 787
547 447
1076 976
508 408
1012 912
207 107
544 444
1062 962
103 3
665 565
401 301
507 407
264 164
957 857
537 437
417 317
752 652
198 98
864 764
918 818
141 41
700 600
837 737
388 288
276 176
1002 902
236 136
667 567
228 128
290 190
494 394
849 749
335 235
1008 908
142 42
376 276
924 824
848 748
784 684
692 592
1079 979
493 393
668 568
463 363
467 367
263 163
152 52
1083 983
742 642
279 179
435 335
116 16
226 126
578 478
230 130
359 259
683 583
968 868
229 129
395 295
852 752
696 596
267 167
171 71
956 856
722 622
740 640
964 864
870 770
744 644
531 431
105 5
295 195
465 365
548 448
529 429
801 701
164 64
1052 952
954 854
980 880
870 770
268 168
188 88
179 79
257 157
1061 961
468 368
572 472
521 421
317 217
819 719
809 709
371 271
247 147
1075 975
396 296
916 816
1009 909
1062 962
864 764
635 535
351 251
538 438
978 878
796 696
853 753
981 881
670 570
418 318
353 253
145 45
766 666
152 52
1031 931
596 496
533 433
413 313
910 810
238 138
778 678
434 334
223 123
1088 988
312 212
470 9487
986 5268
457 6786
451 8626
961 8230
1022 7556
132 5694
110 9666
755 6145
873 6586
852 9616
228 7652
526 9358
621 5713
361 9016
719 5908
840 5343
987 9219
175 9052
173 6313
405 9953
293 7274
715 7313
615 5658
147 9019
217 8793
221 6035
176 9777
829 6321
218 9750
211 6031
608 9234
351 6045
266 7936
592 9791
336 8157
759 7993
521 7934
309 9137
710 8952
162 7418
874 9648
244 7094
501 8732
636 9590
719 8228
357 5004
727 6950
352 7442
259 6996
1073 6839
144 6256
1042 5933
917 8894
419 9083
588 7062
805 7123
1005 5634
1028 6856
691 8930
455 7980
402 6359
553 5682
171 7419
528 5717
529 5633
425 8255
767 8254
470 7012
398 5526
878 5283
1054 7034
1057 8586
544 6813
192 6946
835 7735
922 8657
120 6833
666 9043
536 8970
676 6101
410 8579
410 9621
633 9343
407 7071
1066 6417
950 9004
345 8448
757 8639
331 6100
348 6234
830 9079
903 7141
601 9209
388 6050
366 9330
175 7287
944 5687
171 6389
843 8508
314 6478
520 6650
1028 8144
242 9726
568 8277
652 9732
148 6231
128 5911
473 5241
1028 7530
137 5872
929 5912
203 6141
991 6347
785 8386
530 7995
192 5119
1032 5947
361 7244
247 7909
528 7855
271 8046
552 5994
565 7519
609 5263
910 8266
1085 5097
967 9182
892 9127
1005 5955
449 8769
1059 6886
165 8343
280 6862
238 8063
583 5155
717 9607
643 6556
856 5084
645 9327
863 5333
935 5513
666 9087
104 7021
710 7957
945 8276
715 7814
820 7790
279 7792
152 5811
603 7415
583 5656
572 7165
665 9347
246 6323
627 5664
374 7544
395 7263
894 7995
392 5553
771 8539
119 5043
528 8109
251 8486
1078 9680
1041 7025
109 7381
728 6627
400 9580
397 7112
126 5807
128 9393
613 7572
693 5442
835 8832
231 7816
602 8769
316 9705
589 8145
227 7645
921 7538
980 5803
309 8837
230 8707
825 5173
442 7192
524 9970
985 7758
234 6636
950 9014
251 5186
718 6745
125 8810
331 5865
891 6416
821 6293
370 6984
406 8329
525 8744
430 6069
178 5486
649 6452
733 7004
881 8899
604 7850
877 7034
337 8265
232 5003
709 6802
804 9583
565 7060
1010 8178
429 8151
626 9406
296 5986
506 8501
624 7381
447 5359
618 9091
1021 5024
504 8084
701 9431
724 5365
964 9356
300 6390
1098 8037
370 8066
634 7267
889 5754
445 7975
557 5323
1017 8239
347 7748
618 6891
879 8058
839 5969
641 6894
699 6128
103 6601
517 9905
856 9144
1040 7338
789 9051
931 7395
369 5231
937 7010
976 6998
653 5975
642 8847
658 6545
522 6319
432 8755
779 8253
188 8355
576 6214
806 5695
553 6765
321 5319
214 5592
157 7670
462 6472
833 8109
284 6415
803 9256
486 9919
460 7786
440 6998
272 7249
762 5799
996 6442
760 9622
408 8952
840 7543
238 7649
504 7647
263 5642
444 8329
858 5824
1060 6743
860 7883
413 9752
1092 6831
188 9715
298 8263
401 7996
226 6205
635 6635
241 7074
198 7511
218 5370
654 7422
1012 6208
758 8489
137 8575
813 5893
201 7880
991 5760
825 7153
735 9511
1085 8848
1072 6661
675 5593
562 5105
798 5249
968 5168
318 8395
775 9082
810 8946
384 7923
870 7218
784 6380
826 6014
328 5246
557 7529
312 8314
590 7333
211 8516
466 6015
536 6230
197 5245
756 7678
979 8704
743 6871
967 6702
731 5106
300 5780
836 8516
294 9480
460 8330
507 7374
404 7778
346 8273
807 8101
905 9888
1076 6623
246 7110
530 8354
545 7287
494 5239
135 7859
246 7312
937 5721
869 9183
1040 5633
240 6261
606 6490
668 7719
1008 6487
381 9809
741 5054
485 5429
999 7994
254 5276
322 6066
444 6084
204 7579
115 7507
341 6534
987 8125
831 5897
159 5194
422 9570
359 7453
107 6564
487 8394
323 5650
382 8379
605 6562
277 5914
1038 7734
778 9534
1015 5590
806 6388
111 6517
575 7002
538 5938
1002 7442
1048 7858
134 9367
689 7482
106 6837
397 7331
398 8865
373 6126
1067 9726
294 8231
435 7522
1019 6391
408 6665
884 9211
828 5228
506 6713
228 6850
548 5952
792 7895
279 7734
524 5713
849 5084
231 7846
293 6386
494 9685
1050 5712
586 8321
551 8500
392 7023
640 7908
673 7848
867 6063
606 7404
481 5221
677 6441
758 7263
424 8091
322 9073
802 6720
720 9916
1076 7877
716 8513
716 8492
275 7038
778 5098
894 8844
209 7164
1093 8710
265 9991
656 7224
630 7797
398 8271
819 9684
103 8490
480 5880
978 8767
1025 5125
781 9305
1084 6279
1050 7383
440 6045
800 9916
575 7031
895 9874
441 7374
804 9539
619 7512
980 6224
407 9345
855 5579
1074 8839
1050 6753
547 5108
566 7793
836 7363
915 7623
239 7323
969 6435
782 9946
396 8110
464 7451
823 8428
788 7585
805 8656
145 8132
537 7993
760 9507
768 8692
1092 8570
1080 5817
409 6214
158 7167
1064 8641
783 9106
244 9747
1080 7573
347 7822
138 7045
663 9536
579 5796
457 5721
579 5410
1054 8607
769 5609
1070 5458
1021 5283
312 6381
609 5804
196 5777
382 7584
242 8254
252 9107
422 8324
240 5970
614 9227
321 8715
454 7519
368 6751
759 5872
1028 7206
313 7873
109 5225
917 6170
217 8732
480 5174
649 6101
509 9572
662 5083
711 9034
696 6638
995 8335
1095 8223
1092 6473
711 7665
110 6367
410 6355
828 6309
349 7303
614 9995
404 6436
163 8729
491 6380
120 6072
962 8357
350 7755
139 9514
647 9060
218 8602
1089 5886
1085 8253
1027 5306
584 8879
968 9112
668 9337
688 5093
379 7670
348 5282
833 8813
164 5143
991 5792
913 6661
159 6894
573 5368
217 6998
917 8202
859 6081
927 6292
106 6734
164 5026
308 7845
684 9999
520 5081
493 8115
1002 5057
499 7064
622 9263
172 6886
675 8392
620 7927
543 6335
579 8484
1090 8971
315 9195
556 9095
773 5435
197 8637
517 6975
155 7033
597 9920
1032 7542
974 5659
490 7271
916 6682
301 8231
598 7597
405 6218
596 6040
901 5609
593 5027
324 7639
980 5398
268 8912
106 9839
429 5048
857 6726
941 7390
415 6580
850 7673
276 9019
108 5325
489 5701
619 9965
1084 6107
826 5811
956 8496
287 5799
103 8918
1061 6219
309 5456
559 6971
260 5888
784 5485
546 6877
991 9759
254 9054
425 8847
921 9419
416 7637
312 9250
1083 8778
937 8861
956 8686
874 6912
1082 6631
821 5403
214 9556
1037 6836
868 6878
626 5396
800 7008
976 6469
260 8737
653 5930
1027 5526
898 7466
704 6649
1038 6987
447 5442
474 6882
733 5334
826 5195
234 7514
858 9334
919 9770
750 7223
695 8642
574 7021
834 6702
155 5126
733 8495
296 5334
176 6223
480 5711
418 7811
761 9160
1056 8096
241 9504
633 9572
583 6447
326 7950
673 6772
396 9792
1025 5723
929 9622
151 5827
1050 5090
572 5705
710 9713
780 6113
905 5852
767 9216
333 6561
460 6486
194 6045
272 7284
260 9325
604 5630
900 6542
433 9769
435 5968
113 7829
788 7848
427 9263
876 6468
200 9483
671 8616
902 5408
934 7677
776 7290
236 6241
143 7098
771 6814
382 7639
458 8822
674 5764
1009 7515
1024 9734
1037 5077
129 8287
830 7526
369 8996
149 5400
328 6685
671 6245
136 7099
232 6981
544 8515
520 8304
528 9264
122 8289
835 8786
749 5035
426 8226
674 7182
122 9230
837 5464
458 9196
338 9417
921 6561
299 8941
129 8358
1053 6720
1089 9506
250 5408
233 7412
387 6055
298 6410
175 6087
290 8692
291 8684
901 9191
934 5128
135 9572
121 9933
457 7862
126 9217
503 6787
667 5272
875 7515
185 9962
148 8062
1029 8047
419 6220
1023 6396
265 9488
733 7017
301 7855
275 7345
390 5745
645 5200
132 6454
710 8884
588 5873
581 7179
247 7564
966 9445
445 6144
753 7907
930 8933
508 9554
510 7565
254 6865
411 9048
297 5307
247 9286
580 9500
521 8814
1074 9265
270 6734
804 7409
873 7114
199 7358
132 8813
448 9045
534 5662
241 5636
818 6373
610 6055
195 8090
1001 6391
1080 8300
429 9010
343 9254
183 9420
438 6019
450 7434
845 5666
693 9396
364 5599
885 9861
572 8967
146 8168
582 7948
712 7003
739 7152
790 9508
138 8401
731 6526
1012 9516
336 8173
400 6223
346 9341
866 7472
585 9470
914 7262
1050 7093
693 8826
1078 8431
793 9661
126 6601
422 8498
757 7513
1078 5399
762 5864
764 5842
583 9675
816 8162
515 8895
775 7882
778 6380
350 5877
563 7417
350 9012
289 7529
1023 8920
593 5806
602 8648
230 9996
939 8510
113 9715
696 5571
768 9213
163 5451
1038 6421
307 5148
746 5176
498 8396
833 8438
281 6331
488 9826
752 5574
263 7741
895 8799
368 6576
554 9821
899 8870
728 8060
316 8178
891 6854
948 8999
515 7976
1014 5060
380 7968
695 6164
140 5775
878 8148
946 5862
1019 5124
1062 6639
706 7237
218 6130
199 5029
740 5327
754 8141
915 6123
906 6572
316 9873
773 5715
163 5287
554 6573
469 5332
673 7884
708 8899
460 8013
344 6439
946 5227
293 5285
567 8834
942 7335
414 5874
775 5874
352 9403
751 5574
607 6334
1027 9636
746 6678
404 5627
447 6239
173 8235
633 7830
817 9459
212 8171
690 6099
560 9400
480 5791
1075 5402
700 5947
667 9208
157 9779
420 6429
208 5168
539 5902
115 6872
291 8872
108 9253
1098 9074
599 9089
793 7115
159 7653
1065 8519
319 6689
432 7000
922 9489
648 9028
1085 8985
491 5120
621 9602
977 6954
533 8827
328 7675
726 7075
256 5348
745 8426
559 7558
410 7002
215 6466
429 7172
201 9303
929 6016
306 8801
250 5538
881 8260
560 8542
773 5828
402 5153
842 6233
971 5179
490 5823
551 9926
412 9734
767 7427
559 9272
574 7365
236 6264
1082 5902
267 7353
563 5343
856 7615
378 6214
784 5590
210 7401
408 7107
866 5753
1077 9256
576 6381
358 7537
1083 5698
232 5812
794 9922
155 6466
585 5408
1013 5584
720 6700
574 5624
310 5003
390 9800
344 5733
803 8639
159 8226
812 7434
851 5770
340 5487
710 5909
911 7255
423 8788
989 7804
746 9123
847 6651
817 6234
593 8643
717 5989
130 9924
395 7791
165 9881
1040 5637
676 8138
248 7204
652 5298
925 8445
633 7227
158 9687
666 5963
129 7401
151 9521
792 5793
592 8394
720 9972
243 9398
450 5701
632 7611
899 6788
324 5698
288 8255
687 9944
736 9248
258 6034
402 5187
278 7125
1095 7271
169 6991
925 9043
278 5898
449 5986
607 9927
