
2000 950300
94 485
506 326
416 248
992 421
649 322
237 795
457 43
815 845
446 955
422 252
791 9
359 901
667 122
598 94
7 738
544 574
334 715
766 882
994 367
893 984
633 299
131 433
428 682
700 72
617 874
874 138
720 856
419 145
794 995
196 529
997 199
116 277
908 97
539 719
707 242
569 107
537 122
931 70
726 98
487 600
772 645
513 267
81 972
943 895
58 213
303 748
764 487
536 923
724 29
789 674
479 540
142 554
339 467
641 46
196 710
494 553
66 191
824 724
208 730
711 988
800 90
314 340
289 549
401 196
466 865
689 678
833 570
225 936
244 722
849 651
113 123
379 431
361 508
65 585
486 853
686 642
286 992
889 725
24 286
491 812
891 859
90 663
181 88
214 179
17 187
472 619
418 261
419 846
356 192
682 261
306 514
201 886
385 530
952 849
500 294
194 799
737 391
324 330
992 298
224 790
260 275
97 826
210 72
649 866
919 951
63 748
958 685
804 956
518 564
428 183
537 400
346 721
153 207
971 323
662 611
197 116
91 109
529 795
126 343
747 862
469 685
770 10
934 881
723 984
895 403
568 360
172 449
958 541
383 272
308 877
970 359
583 707
48 308
930 770
569 30
3 208
20 311
609 100
887 939
825 422
930 785
904 370
241 989
379 969
376 143
962 972
889 28
443 61
216 638
338 348
160 347
406 66
159 391
31 638
204 295
420 826
153 196
425 449
331 855
565 143
838 487
9 140
918 564
533 615
232 135
957 564
591 360
576 793
746 163
377 859
858 760
86 711
434 662
558 159
279 660
840 268
735 948
574 315
126 676
912 341
739 689
821 894
625 706
917 490
201 478
993 671
149 932
52 899
759 237
267 187
256 472
783 772
117 98
516 906
180 911
25 635
380 225
712 823
266 164
216 343
448 732
541 502
664 740
954 576
726 612
772 902
531 454
943 411
750 973
327 703
917 850
5 77
113 220
913 802
791 403
998 181
859 10
345 525
431 919
675 668
833 527
438 462
523 291
916 605
420 457
115 405
660 417
261 279
772 685
388 596
764 307
843 224
206 322
407 840
639 975
852 401
542 91
60 327
757 330
82 182
637 603
93 793
614 615
136 733
187 864
102 16
972 863
163 987
501 306
477 34
492 840
121 700
80 706
138 787
660 105
229 834
827 798
448 310
230 609
832 690
489 561
586 579
291 60
665 388
660 309
702 407
153 200
606 313
123 970
253 33
709 273
832 277
108 997
888 40
481 227
283 860
858 940
284 608
711 990
850 590
239 806
943 52
195 801
95 764
410 710
664 386
900 593
112 50
963 494
754 156
458 936
19 965
225 86
569 723
97 184
194 868
754 340
602 412
61 487
695 209
347 346
719 860
100 307
97 95
843 821
745 941
286 821
492 587
116 201
531 665
424 527
253 812
426 424
413 459
980 343
291 836
833 506
486 179
9 916
575 430
922 596
145 808
897 269
404 512
742 811
728 685
269 567
103 776
745 855
35 718
779 853
71 97
80 146
842 746
128 15
941 965
227 512
30 480
342 958
605 665
531 191
364 964
359 515
867 606
820 822
313 536
207 693
911 19
308 335
430 101
685 922
641 294
113 910
141 410
690 250
700 546
559 729
481 609
503 720
766 976
7 759
882 798
859 74
182 648
425 299
542 785
683 846
853 390
938 897
89 416
624 837
181 247
878 293
933 144
580 938
252 467
207 480
658 955
20 665
954 26
347 564
759 449
446 26
14 521
657 301
710 321
980 613
188 388
636 879
203 990
432 188
129 963
630 820
509 300
237 822
373 255
838 277
395 153
692 400
103 227
218 518
384 447
931 315
396 813
389 324
640 502
287 299
297 780
977 376
512 516
219 212
555 329
398 810
289 486
798 485
598 416
49 952
572 894
697 358
770 21
725 647
542 44
214 683
887 361
45 814
94 231
282 8
82 165
319 496
626 699
146 852
541 459
874 535
725 314
777 944
554 306
208 459
787 637
976 447
912 408
444 107
3 962
301 565
164 407
437 857
652 317
764 98
41 818
737 600
176 288
136 902
128 567
394 190
235 749
42 908
824 276
684 748
979 592
568 393
367 363
52 163
642 983
335 179
126 16
130 478
583 259
129 868
752 295
167 596
856 71
640 622
770 864
431 644
195 5
448 365
701 429
952 64
880 854
168 770
79 88
961 157
472 368
217 421
709 719
147 271
296 975
909 816
764 962
251 535
878 438
753 696
570 881
253 318
666 45
931 52
433 496
810 313
678 138
123 334
212 988
66 508
206 770
750 751
64 780
466 441
337 207
510 516
796 674
175 408
437 920
938 573
848 634
561 878
718 990
948 826
649 696
569 800
663 411
582 422
843 707
202 334
702 986
579 494
725 150
803 562
340 380
156 832
832 979
602 376
234 511
688 414
184 160
978 982
413 238
633 490
585 899
606 251
963 526
350 897
242 39
539 657
739 452
267 538
165 831
177 460
720 185
802 934
644 440
82 490
798 168
197 71
173 977
81 458
235 204
112 803
103 139
268 399
879 420
643 991
106 578
122 972
444 177
262 398
691 348
997 496
446 276
171 825
549 614
281 121
211 730
112 341
408 284
730 698
363 17
89 546
605 672
938 974
168 866
705 377
47 559
400 340
215 527
114 779
51 761
881 483
549 92
679 390
328 583
250 661
203 391
481 336
752 661
707 125
82 89
63 275
660 359
21 178
287 780
219 42
500 5
820 380
95 772
44 816
748 9
678 484
276 545
478 589
663 157
594 901
757 777
947 74
448 247
570 55
313 479
981 785
795 958
552 680
389 393
280 944
864 596
636 619
512 611
892 852
184 283
947 299
614 766
625 312
149 826
377 726
474 733
18 805
662 679
416 403
1 964
530 337
752 541
22 478
981 369
777 946
957 821
275 833
584 837
582 490
121 37
951 594
668 129
118 258
319 246
896 362
521 755
948 504
248 71
474 177
351 176
54 803
155 237
660 677
871 33
486 115
294 597
425 769
245 536
382 956
371 341
708 184
544 234
794 569
387 216
738 537
520 84
281 810
502 657
91 33
503 159
924 520
16 668
33 287
344 229
349 374
606 474
896 672
595 915
441 511
102 123
52 569
654 199
710 396
434 715
245 59
36 610
661 917
413 927
13 270
370 117
400 516
195 215
984 216
476 237
164 615
405 499
674 477
196 760
608 285
907 56
532 966
51 622
716 221
327 194
880 91
710 347
267 252
400 473
376 516
609 385
320 357
196 958
538 665
935 792
404 64
100 420
126 671
855 968
94 877
731 177
253 523
8 139
393 152
543 732
348 246
318 565
489 740
22 902
998 17
49 973
381 298
10 611
429 32
221 11
150 337
717 136
530 889
332 522
942 805
565 28
216 931
61 757
170 609
872 544
644 905
208 595
680 246
697 113
639 175
679 156
961 244
361 883
802 265
359 883
839 462
718 485
280 272
252 204
280 984
102 409
615 398
296 909
481 370
956 882
230 214
259 766
922 35
706 421
272 271
156 370
552 848
485 50
536 976
70 270
902 796
452 963
35 379
947 991
378 551
57 897
352 307
669 421
702 74
141 388
458 559
463 980
756 615
887 681
332 231
528 207
656 818
254 331
787 979
495 445
370 348
10 724
200 401
327 646
17 668
374 242
755 302
980 861
376 830
8 77
32 441
460 589
804 990
23 189
869 868
943 996
715 363
628 237
73 420
199 565
38 214
209 333
327 726
912 175
799 58
372 625
976 66
120 169
667 475
188 204
28 90
704 496
649 1
746 474
697 449
712 252
289 332
625 287
953 189
462 889
302 63
79 378
41 206
823 897
908 230
665 382
36 575
732 60
809 529
66 477
291 290
591 89
583 961
252 461
479 702
530 532
224 680
788 53
309 642
366 1000
352 891
402 822
545 152
113 324
967 633
454 267
723 381
14 272
20 506
308 419
644 461
713 526
482 978
336 468
289 729
496 795
326 581
530 383
167 226
522 421
830 386
91 273
116 484
747 676
395 107
958 229
756 902
262 962
703 105
511 84
481 991
449 701
888 689
599 655
306 600
492 538
803 499
445 881
316 981
889 473
785 383
765 679
491 573
589 589
124 480
741 145
898 624
725 923
682 915
131 232
398 974
906 735
753 678
312 640
790 644
301 212
945 123
447 253
197 943
27 18
573 916
589 327
934 640
209 615
529 470
899 655
15 288
592 401
92 840
575 633
814 707
354 424
127 682
374 194
566 855
594 190
973 728
645 178
603 275
712 88
32 367
298 544
561 738
906 963
626 460
143 266
504 727
836 33
361 442
431 628
554 384
24 244
416 482
735 765
243 446
454 247
932 913
494 560
648 528
357 594
596 935
788 462
536 621
759 660
200 564
566 302
741 936
217 592
219 724
832 118
819 299
487 251
473 129
241 96
64 167
516 169
857 381
218 976
490 767
504 837
707 407
342 203
475 387
175 735
786 706
171 335
232 40
888 821
866 131
976 159
253 978
619 53
642 849
460 478
218 19
218 230
667 453
949 336
89 931
488 588
568 449
526 566
860 272
4 883
772 731
734 80
259 213
270 177
6 872
424 626
204 940
313 150
159 379
205 833
25 517
951 724
721 973
635 581
293 839
712 272
410 412
465 839
366 492
74 553
23 718
416 738
764 839
49 390
817 588
507 523
152 630
256 770
562 746
495 49
414 369
78 537
912 115
59 215
259 971
258 602
841 551
137 40
590 494
383 252
869 158
939 72
282 177
880 667
479 483
454 815
730 19
556 745
195 339
409 614
580 302
99 319
913 670
798 513
318 566
790 27
344 322
80 645
468 210
922 841
179 925
347 521
231 975
597 269
607 929
903 478
310 970
223 684
10 231
845 673
905 348
58 232
93 727
759 597
912 397
906 539
43 907
76 892
552 699
670 408
671 361
353 789
837 529
12 190
889 880
912 236
377 715
56 718
585 439
852 814
715 902
421 658
330 410
51 412
840 90
697 678
848 951
826 37
198 593
341 737
274 211
740 134
339 847
875 490
400 95
603 435
474 737
126 860
973 310
973 548
581 984
788 660
629 86
799 635
475 941
959 56
80 372
917 650
91 964
783 735
773 682
712 151
655 283
953 773
279 643
701 898
706 817
147 269
355 731
100 507
498 841
261 207
591 752
630 318
374 126
960 153
917 101
406 560
759 743
618 816
981 980
641 1
131 82
920 886
534 377
453 465
397 753
51 842
301 547
197 580
910 754
211 37
851 548
42 896
919 656
30 537
674 78
979 540
764 597
937 314
656 845
590 361
337 930
997 654
643 841
652 810
632 98
827 814
659 898
56 237
97 236
304 397
771 468
680 160
344 168
561 189
632 123
666 783
235 991
71 775
327 565
824 906
1 604
948 233
851 693
780 209
603 279
380 231
84 675
684 370
757 814
605 276
304 238
358 710
294 931
742 879
37 492
4 81
707 347
131 417
660 582
89 801
455 195
303 403
680 247
970 356
934 627
951 858
404 803
446 236
349 572
93 485
672 586
158 748
772 235
891 859
532 788
621 345
347 861
227 342
555 779
16 595
303 963
941 260
833 366
190 835
622 733
345 834
893 442
192 773
430 880
160 873
767 793
170 173
810 402
318 60
690 628
224 19
52 146
411 685
203 138
785 593
219 202
61 500
919 89
191 433
711 63
294 514
937 865
253 393
103 269
316 111
625 614
639 272
641 973
139 609
45 236
316 496
218 24
293 871
747 227
879 420
633 850
10 127
356 170
665 224
536 722
823 189
603 597
392 286
258 22
771 957
820 536
139 221
566 281
229 238
325 531
804 449
786 735
983 670
847 646
388 272
632 605
253 394
405 508
137 537
283 955
678 477
659 969
706 692
786 963
313 829
143 638
713 206
244 185
489 187
844 129
896 300
602 114
210 305
930 199
692 916
457 839
241 899
950 452
229 185
212 561
222 848
32 191
747 830
869 860
245 873
575 649
818 591
204 974
584 974
822 452
198 397
942 350
942 597
899 13
375 392
327 343
479 756
66 387
950 924
464 188
286 68
573 552
294 166
137 435
557 14
423 797
427 254
95 300
715 431
403 367
453 197
735 233
1 149
145 62
782 38
848 69
456 425
490 810
679 878
461 503
844 308
70 798
599 437
888 798
395 36
733 583
795 412
368 195
94 878
114 388
46 438
795 532
583 3
321 268
714 417
332 277
257 229
906 445
301 380
277 974
651 248
218 433
109 1000
558 874
388 939
121 760
372 473
228 811
208 766
326 306
572 556
50 521
753 364
77 460
266 136
227 458
502 784
337 648
31 783
629 960
215 137
353 591
274 875
343 440
758 263
838 40
478 835
595 943
255 749
331 263
362 597
84 5
16 999
459 161
220 35
16 891
865 459
719 996
292 592
175 54
461 985
301 401
759 298
715 459
207 77
129 611
681 159
261 467
893 737
399 895
377 49
189 382
360 285
14 388
728 972
314 265
225 729
534 810
914 973
94 818
549 295
674 532
434 58
211 736
986 187
863 896
802 998
279 997
31 476
810 259
968 475
187 494
791 130
190 151
410 639
592 855
886 480
875 478
763 386
352 672
58 361
815 894
562 460
571 148
322 660
465 628
418 329
198 975
554 1
656 507
108 750
453 109
909 915
576 700
646 75
114 896
313 229
692 85
759 144
643 536
462 919
860 516
904 473
959 25
663 25
209 611
564 44
233 722
478 980
716 563
616 672
107 914
979 541
466 882
971 142
76 259
886 35
498 543
150 689
442 721
136 142
36 530
37 503
344 450
550 248
355 599
980 919
473 636
957 181
324 873
859 154
570 427
294 604
260 313
674 363
339 594
259 813
382 829
660 49
430 791
760 554
682 499
664 226
358 345
114 432
142 758
19 64
753 843
163 637
121 941
94 965
398 448
587 857
98 968
142 351
303 758
968 351
533 980
982 662
568 357
519 914
277 548
622 723
517 23
720 170
635 351
55 113
263 783
285 766
189 527
628 206
7 644
290 258
655 861
387 728
641 69
742 128
741 392
793 145
802 51
897 112
262 253
193 340
882 932
131 817
482 965
573 480
443 724
203 839
965 500
75 746
807 811
805 373
513 605
472 252
797 172
690 394
295 177
784 98
532 377
155 486
110 855
884 290
173 130
78 355
714 842
633 233
477 101
119 686
718 736
15 930
472 700
328 69
793 607
199 879
999 916
177 960
525 408
948 679
498 138
495 185
890 782
906 49
334 453
385 630
399 429
338 853
520 545
829 651
481 765
99 159
680 1000
87 179
802 717
890 885
839 32
339 838
883 186
67 470
544 185
357 921
457 376
444 986
642 934
152 171
59 645
616 46
59 681
987 43
353 234
530 103
958 496
613 389
838 931
85 579
86 132
569 908
479 772
683 677
400 343
370 703
882 139
146 344
116 387
760 909
407 539
447 304
388 655
41 378
658 92
119 862
28 411
457 362
198 397
17 290
432 152
321 611
427 173
205 137
344 946
563 365
304 475
47 982
694 920
91 802
961 66
644 778
109 744
959 464
969 313
42 341
108 685
648 331
49 85
228 676
929 91
527 534
967 166
316 51
582 966
840 841
575 625
503 114
911 16
305 113
989 826
836 506
369 738
587 564
232 455
452 735
900 264
952 548
81 738
995 853
562 575
739 569
705 365
5 620
557 264
490 193
294 21
361 373
900 84
47 250
205 288
145 132
846 151
658 419
849 521
680 974
148 655
96 648
210 737
690 298
19 187
831 981
679 965
726 954
528 166
15 248
564 636
847 560
721 563
9 24
700 896
446 803
858 16
699 274
271 714
977 449
533 229
154 280
756 423
871 868
912 124
727 970
968 231
569 935
163 808
618 23
685 210
650 88
807 151
393 770
276 555
304 613
911 866
233 223
42 303
400 305
162 306
51 900
734 964
933 397
366 898
16 59
177 628
360 225
742 537
725 612
868 633
489 314
501 478
632 981
365 904
196 819
496 108
744 179
145 152
501 598
880 349
248 80
683 762
500 314
389 513
620 205
91 584
721 652
859 894
665 198
416 143
481 671
320 302
865 611
126 631
757 526
963 526
781 403
240 231
330 830
518 283
824 864
935 755
51 159
309 220
18 447
863 800
1 833
749 805
658 791
577 412
579 857
509 408
154 895
923 360
397 827
687 971
959 961
617 519
637 335
623 238
174 883
775 222
608 886
306 708
1000 475
957 876
641 123
472 127
726 384
305 745
714 284
643 429
708 685
631 512
489 503
829 599
746 983
732 462
732 992
669 270
422 491
54 282
900 831
682 167
666 115
957 661
109 564
454 934
964 608
933 513
140 53
195 659
24 646
657 164
231 763
169 825
128 949
537 355
264 811
46 164
4 851
900 289
802 392
68 224
450 460
126 903
58 347
398 638
486 101
451 587
335 797
162 881
106 210
745 243
969 969
432 298
159 253
634 593
565 453
16 657
610 72
503 222
511 319
752 61
55 694
469 384
829 801
692 136
177 536
211 958
499 647
115 526
984 28
818 904
233 509
424 884
976 565
371 601
406 323
334 522
784 192
676 103
168 451
427 867
432 602
531 783
337 311
677 994
537 172
1000 51
379 389
103 237
785 721
943 597
412 492
572 331
828 380
771 259
939 726
594 55
19 501
500 459
376 790
689 4
776 634
474 117
575 601
953 808
143 544
510 542
221 590
615 827
599 817
567 617
545 32
727 879
558 692
307 685
564 88
331 911
568 546
881 580
649 997
746 937
393 988
237 351
517 661
521 630
213 360
820 908
199 203
813 479
14 251
803 162
448 905
207 167
86 862
123 369
220 181
158 765
944 251
424 909
311 645
399 568
59 847
253 538
233 540
312 99
790 423
849 246
202 165
552 544
653 52
788 131
893 372
113 471
498 625
442 684
929 378
86 534
12 73
318 540
258 671
524 127
579 412
424 972
468 823
364 663
81 784
399 588
896 496
151 170
626 153
367 199
837 152
640 258
124 283
572 289
408 608
358 463
895 180
884 329
523 221
438 294
278 125
25 625
729 427
996 796
956 151
188 867
519 122
35 370
311 840
195 115
829 875
784 912
904 85
99 969
443 714
116 6848
477 7470
859 5574
173 5839
708 9150
457 6954
406 9292
746 8992
422 6729
358 9122
954 5070
458 7034
97 6851
185 7441
897 6753
411 9696
287 8638
796 9855
965 8020
254 5415
347 5161
855 5918
2 9449
146 7913
279 6744
694 6196
618 9502
843 9284
325 9270
189 6580
703 8751
881 9559
835 8743
61 5774
277 7823
874 5782
179 6933
542 8772
180 8865
932 7015
857 6921
537 9536
259 7803
530 5667
148 9077
122 9794
726 9375
485 9924
697 8281
671 8301
737 7999
335 8328
402 7454
564 8130
32 8802
227 7752
503 7240
534 7343
821 5371
509 5097
737 9672
613 7642
402 5365
693 6861
49 9587
909 6338
287 5986
404 8288
850 7124
100 8833
95 7533
327 9412
533 6648
135 7830
305 6988
372 5052
324 9913
967 9324
658 8442
779 9699
842 6657
323 5323
133 8545
742 8229
279 7219
458 7224
431 6839
888 7798
814 9794
117 9368
113 6563
877 9036
363 7911
411 9651
582 8494
490 6926
586 7627
815 7929
4 7173
695 5139
455 6411
905 7922
249 5063
755 8128
96 9715
13 9747
36 9805
488 7911
564 6079
178 6387
679 8169
504 6253
827 9066
74 5856
48 6240
182 6927
584 6873
516 5652
363 8826
558 8473
348 5095
803 5870
508 7052
849 9726
821 9788
857 6323
1 5889
978 8815
223 8382
181 5546
575 5247
80 5699
638 9235
488 8414
223 9250
830 5793
823 8564
357 5049
343 8968
743 5786
457 6779
571 6211
173 5387
667 9785
658 7995
621 9132
950 6952
325 7291
830 9043
2 7346
909 6034
295 6457
21 8436
918 8787
820 6553
750 6372
826 6994
292 7203
580 6053
679 5289
480 9737
982 6279
323 6207
878 5522
28 8782
185 7796
175 9408
789 6306
393 5695
976 7549
964 5803
163 7522
664 6864
627 6653
176 8530
855 7939
810 7288
508 9125
781 9903
620 5415
827 6711
564 8892
94 9883
744 6981
826 9500
834 7495
843 9689
984 9595
349 5236
499 7577
905 8366
641 9813
647 8613
239 5039
257 6927
276 8709
552 9426
759 9305
589 9480
926 5801
783 9590
386 8363
376 5171
822 8166
240 9057
114 7614
856 8570
762 5348
419 5067
499 6318
582 9946
63 7714
173 7250
869 8423
669 6152
525 5281
206 9096
824 8632
372 7843
817 8317
417 9733
919 5553
457 8837
215 8736
771 6090
910 6647
825 5799
412 6425
554 5061
756 7068
215 9063
571 8955
838 8577
959 5148
582 6857
337 5058
961 7818
215 5002
470 8002
611 6810
822 9584
793 9692
970 6712
968 7237
423 8752
831 9925
537 8440
551 7460
728 8574
617 9559
453 9708
467 8325
803 5739
373 6798
214 7230
998 7148
743 8528
397 8380
131 5392
615 9140
34 9000
778 5964
511 8171
859 7980
377 7385
742 6844
870 7869
211 8729
391 9639
730 7002
622 6367
988 9628
932 7192
651 8116
730 6427
722 7887
642 6700
48 9654
241 7247
307 8863
127 8743
779 6424
62 6366
686 9518
962 9429
853 7897
866 7167
444 6932
531 7132
389 9314
494 9030
386 7679
277 9598
180 7665
660 6550
565 6760
748 8066
710 8593
122 8460
409 7697
95 7793
541 9411
350 9537
260 6681
156 9900
99 7622
243 9929
658 8786
852 9099
720 6498
684 6382
718 7514
829 6223
479 8491
382 8905
175 5177
446 9849
295 8640
474 5925
25 9270
974 6198
533 6033
321 9458
911 5325
726 9968
493 6016
616 6905
296 7285
246 6750
700 8485
374 7904
819 8192
10 6178
382 7393
823 7847
648 8391
608 5942
467 6753
61 5987
17 8206
776 9682
96 8468
490 7822
693 7177
25 5794
641 7140
203 9031
646 9641
909 8603
786 9256
164 5220
395 6919
774 9760
816 6314
853 8069
602 9254
740 7945
214 8670
847 9424
595 6057
145 5797
995 9320
414 9612
278 7211
154 7271
269 9879
333 9480
727 7062
450 9642
114 5841
601 6913
471 5466
45 5747
751 7502
950 8731
479 8302
59 5375
108 6779
595 5746
197 8036
893 5679
665 8597
482 6648
363 7177
75 6389
90 9676
659 9967
713 6906
459 7057
310 5453
256 9457
604 8830
433 5887
606 5770
674 6402
449 5923
308 8369
828 8916
3 8700
906 5329
817 6741
681 5166
93 7884
765 7138
243 7364
768 9066
858 9076
687 7205
378 8552
302 6176
17 7750
759 8236
665 5858
650 9563
699 9729
459 8818
780 9273
300 8177
136 5462
515 7275
845 7052
639 9902
879 8857
874 5307
567 8852
762 6690
57 8310
615 6215
21 6403
383 6735
993 9271
69 8932
330 9929
111 5266
662 6419
497 8186
643 8107
469 8266
400 9422
583 7300
16 7193
39 6650
731 7460
872 7900
46 5109
297 6385
542 9316
94 9907
770 6300
422 5639
112 6535
675 6990
771 8360
157 8607
132 9591
1 8308
21 5645
525 9389
917 9709
977 8686
787 9299
203 7903
891 7248
888 7877
23 7133
300 5070
535 5783
771 7438
243 8044
968 6549
987 9843
257 8758
45 9709
695 6616
713 5111
750 9541
759 6716
171 6047
987 8796
182 5477
926 5125
653 5438
702 6130
269 5329
131 8739
808 5629
148 7154
751 7972
162 7202
802 7674
127 8582
937 6460
726 7490
262 6750
223 7511
478 5624
834 6447
995 9931
718 7094
510 5481
226 6177
72 8873
914 9048
535 8538
342 5937
34 7348
240 7116
188 8617
748 9873
614 6456
510 8919
42 7758
298 8117
378 9288
355 9369
758 9049
123 5579
493 6847
388 5487
652 7127
503 5455
489 7123
485 6925
289 6102
37 5329
644 7491
510 6369
989 6910
410 5294
443 5150
511 9867
315 7807
680 7396
855 6484
552 9158
459 5634
369 9924
834 6333
856 7357
228 5793
308 9467
124 7287
510 9286
42 9150
276 8382
740 9469
478 5774
974 8544
336 9217
457 9663
814 5899
560 6536
53 8616
560 7686
880 8434
968 9390
777 5625
92 6677
46 8924
480 5705
747 8888
532 5982
714 6101
608 5067
786 6930
375 9520
624 8129
201 9737
639 6725
866 7427
329 8737
612 9369
451 8373
898 7368
185 8938
347 5802
10 6214
787 9534
337 7639
126 8234
891 7846
482 5128
515 8232
645 9241
32 5842
770 8517
647 5399
749 9892
321 8330
637 9008
556 8610
323 7072
847 9135
576 8231
742 5884
396 9412
874 5089
387 8877
416 6417
132 7615
419 6195
403 6860
431 9008
634 8557
692 7672
685 8465
420 8526
980 5863
12 7968
264 5342
838 7767
708 9799
672 8322
601 8304
707 6805
503 7452
369 9851
985 8695
552 9214
396 7004
871 9846
448 9879
324 7825
865 8857
739 8162
481 6309
666 8403
759 7410
123 7997
152 7185
572 6731
544 8058
359 6651
403 7682
7 7235
299 6896
918 7599
745 9005
477 7784
592 5489
368 7837
958 5015
348 7982
642 9577
720 9110
103 5149
709 6807
348 7646
131 5229
854 5568
734 5567
209 6034
711 6692
596 6010
241 9363
244 5393
508 7054
253 9322
594 5336
562 8052
424 9279
213 8226
614 8249
216 6198
572 9092
176 6429
182 8520
661 8074
744 8501
893 9081
685 6033
438 8056
55 8273
293 6201
452 8278
504 6168
230 9554
677 6093
258 6543
598 7147
552 6177
615 6081
949 8690
150 8748
404 6365
498 8683
668 5530
347 8515
199 9390
389 5486
371 8125
891 5538
812 9627
352 8607
713 6540
153 6867
372 8619
810 6744
706 5963
784 7329
393 5550
305 9495
819 5003
692 6259
278 6740
540 7045
852 8779
731 5463
459 7006
810 5495
640 6600
666 8836
392 7760
501 9462
168 5563
193 8331
471 7724
809 6391
515 6071
248 6234
951 7417
229 9346
432 7704
826 7083
661 5450
678 5971
295 7114
631 9228
847 6352
518 7696
530 6175
329 9961
800 6791
14 5929
524 9864
241 7243
809 9153
887 9177
805 7034
151 9061
435 9873
317 5954
499 5978
987 7534
825 8806
585 5307
42 6770
887 5108
455 6947
161 6200
103 7266
546 8925
119 7646
316 6102
73 6939
986 7513
936 5379
931 7362
877 5564
408 8947
795 8042
451 6043
532 6506
227 9335
587 8031
598 7470
524 8222
720 9430
893 5864
3 8729
565 7145
658 5652
106 6524
821 9655
868 6421
626 9194
30 8581
581 8446
451 5040
445 5537
684 9163
482 7496
946 8997
308 6614
401 8022
468 7960
691 6456
478 6024
192 7301
148 5337
171 8600
460 7561
502 9699
135 9922
407 9510
356 8755
436 6389
107 6881
851 8174
567 6568
477 5536
668 8804
971 6516
635 9546
298 6020
8 9430
274 5991
274 5484
505 9373
327 7988
214 9431
315 6940
984 9634
423 9657
708 9278
553 7778
671 7443
609 9632
134 8274
250 8419
65 8170
337 9481
433 5694
1000 7701
717 7842
954 5219
928 9103
313 9742
540 6145
898 7251
777 5507
969 6644
511 7888
158 8800
464 7737
572 7842
60 8977
962 7839
662 6588
581 8148
797 9991
507 8305
747 8788
192 6800
708 6362
701 6377
158 8755
266 9142
266 6220
320 9831
510 5833
211 6019
804 9512
693 5236
913 5273
343 5874
981 7112
642 6606
332 5856
632 8568
584 8564
374 7115
505 5977
773 5848
634 6927
821 6953
495 9721
812 6874
662 7216
470 7187
774 6910
526 8549
883 5500
477 9430
983 8299
116 5885
993 6792
733 9640
459 8573
867 7805
460 9791
559 5690
526 9580
637 7160
249 7498
934 9986
976 7854
755 7432
246 9873
345 5641
447 7037
70 9571
869 7334
729 7214
279 7947
581 8719
263 7534
218 5857
210 5497
587 9709
514 5330
604 7663
515 8233
783 7225
350 5437
170 5913
876 5252
471 8203
752 7978
415 8391
818 7102
78 6741
807 9329
73 5861
767 6989
98 5942
296 5036
998 6248
558 5892
985 8036
416 8580
989 5926
687 9260
364 6065
267 6929
384 6729
200 8432
624 6368
810 7896
102 9395
702 6341
879 8253
63 6404
79 9047
211 9732
850 6874
133 5653
672 6911
180 7641
640 9515
353 9074
258 8199
51 7618
169 7124
224 9197
733 8762
753 6712
557 8541
162 9274
211 6297
512 8143
539 5851
324 7168
852 7800
518 7943
661 7825
810 7326
335 9100
447 9696
365 9778
465 5002
528 8951
245 5603
575 7652
895 8054
897 5793
412 5075
703 9308
116 5586
383 6953
837 5691
694 7678
44 5033
56 9071
924 9064
991 8422
86 8254
25 6756
231 9063
23 7335
3 6235
879 6358
276 5614
493 8887
245 7043
543 9850
568 7812
674 8881
755 9021
487 6414
759 8033
922 7563
486 5565
971 5693
235 6735
642 6497
70 7656
458 9267
775 5369
29 7187
601 9245
689 9741
858 5560
156 6376
252 9330
71 7714
929 7258
845 5286
486 5696
968 9438
100 9553
725 8757
40 8409
783 7728
983 5378
714 9812
616 7560
431 9625
495 5131
147 9047
746 9461
650 9405
667 8143
550 8691
776 7757
216 5643
631 6001
754 6389
617 7846
814 6433
456 5554
30 6402
380 7392
969 5969
123 8579
966 7593
602 5327
46 7734
930 6857
754 9519
685 5831
975 6038
914 8322
601 5678
273 9639
88 7927
582 5276
508 7750
843 6162
708 5130
709 7251
151 5436
595 5719
175 5578
215 6463
799 7637
572 8209
150 9893
116 9923
245 9931
554 9011
725 9834
616 5272
20 5354
536 9842
999 9422
579 5243
766 6391
235 5204
776 9754
139 5502
225 9021
755 9829
838 6557
51 9901
555 8842
434 6049
938 7948
114 6290
307 9426
690 7485
640 9830
153 7204
658 5675
522 8750
963 9334
317 7263
948 6544
909 5959
919 5758
585 7811
383 9799
747 6702
436 5997
982 6292
524 9914
245 8500
192 6758
965 5561
115 6700
736 6193
548 8481
666 7549
797 8453
142 5590
480 7618
306 9022
194 5062
520 7057
923 6138
285 8770
935 5723
202 6402
668 5444
148 8532
209 9530
981 9668
561 9512
41 7694
322 9238
700 5261
358 8994
130 7116
273 5518
946 8789
15 9980
612 8876
482 9414
596 5501
1 6243
322 6654
490 8518
121 7024
984 6568
305 5456
747 9611
871 8749
666 6434
661 10000
449 6054
232 9766
866 7361
698 8186
270 6325
215 6582
749 9158
175 9822
908 8567
380 9164
961 8053
897 5005
437 7191
73 7912
203 7360
537 8123
279 6761
82 6088
398 7849
68 5576
976 9582
886 7011
818 9205
913 6312
7 8752
738 7892
805 6178
929 8252
568 6196
373 8882
501 6231
682 5340
843 9126
315 7192
351 7519
150 6167
609 8373
151 7437
891 7551
893 5911
731 9787
284 6467
46 8397
193 8315
878 5904
479 8761
980 7464
175 8179
440 6992
605 5056
268 6638
475 6215
841 6867
429 6036
558 9487
850 8585
934 8862
877 5740
991 6702
295 9255
188 8759
932 7929
225 9607
566 8111
629 8189
847 6764
716 7151
326 7261
606 5804
822 9092
932 6459
126 8545
259 9045
375 6539
962 9273
130 9790
193 8628
648 7934
165 5613
81 8318
252 9893
982 9465
569 7946
988 8076
369 5587
24 7853
764 7459
966 7458
919 8445
178 5094
183 7084
406 6069
442 8449
359 6279
14 5047
163 6055
51 7052
710 6734
711 9392
239 8643
588 6601
111 8556
108 6985
352 6446
196 7360
495 5478
532 5471
636 9758
877 7239
155 7414
154 6946
641 6802
52 7640
768 5093
376 7621
797 7251
941 6497
852 8142
775 6771
772 8279
352 6456
78 6873
286 5839
778 8928
580 6909
583 6519
404 7243
850 7334
707 5341
500 7388
41 5341
726 9733
812 9608
91 6380
766 8005
176 5196
716 6309
771 5214
463 5273
732 6347
234 6053
227 9493
820 7919
401 6091
996 6320
373 7276
7 8406
45 9316
241 9390
431 7384
803 9944
352 8564
554 7122
184 6765
724 9493
169 8212
543 5251
406 8316
286 7589
793 9618
522 8152
140 9111
816 6295
533 7068
29 6280
476 7515
319 9667
770 7537
873 7694
540 5146
588 5552
805 6982
77 7988
188 5553
390 9837
937 5832
440 9442
929 6189
470 9320
309 6372
396 9142
735 6362
80 6223
238 7407
17 7316
545 6823
229 7511
78 5513
369 7205
510 7398
973 7967
886 9478
336 5718
910 5182
153 5286
971 8819
380 7813
597 7687
213 6795
8 6391
418 9331
202 5657
4 5979
317 6491
693 6255
685 7841
791 5232
17 9981
387 9906
252 9260
826 7162
742 9238
392 8935
871 7440
703 7439
608 7313
218 7250
304 5856
921 9781
44 9093
397 6432
790 6553
441 7368
245 9276
243 9326
818 6153
302 9162
642 7187
454 5357
108 8151
974 9041
951 8024
391 5799
230 5150
576 6458
171 6596
778 7498
380 8936
238 8481
310 9971
910 5101
168 7838
161 6234
554 7871
884 6030
738 7775
631 5784
545 5861
909 5511
968 6925
507 7998
310 9334
12 9429
401 9691
191 6021
357 9283
825 9718
751 9798
811 8865
471 7858
921 9129
897 8686
374 8795
852 5494
659 8856
767 7326
768 8940
733 9035
362 5598
706 5245
307 6169
334 9609
301 6973
433 8221
436 7895
938 9781
362 5161
131 9162
782 8670
113 8855
124 6997
39 9917
741 5364
818 5075
162 9956
182 9386
892 5370
981 6220
686 7052
288 6169
646 7888
931 8168
725 5155
359 9057
231 8453
233 7059
278 8628
606 5898
630 9896
555 8414
963 7127
631 7789
864 7975
757 9833
485 6215
394 8477
854 5693
718 8258
618 7718
418 8548
292 6865
740 7375
315 8336
853 7743
139 9070
550 8470
470 9651
599 9336
595 8690
375 6734
574 6936
574 6643
703 7893
236 5382
5 7347
974 5094
653 5304
547 6793
878 5497
934 5628
88 7888
605 9262
286 7313
302 5243
419 7287
763 6697
291 9665
597 5533
228 7657
185 8688
127 5357
142 7969
444 7717
968 7023
617 5993
328 8335
705 7932
717 9675
180 6540
589 5328
251 7715
237 8959
856 8187
107 8433
593 5338
582 6329
334 6425
825 6607
488 6307
674 7699
295 8342
196 5473
930 7914
522 5947
35 8142
897 8885
999 6317
965 8356
265 9721
123 5694
968 5305
768 6265
974 9158
729 7585
738 5386
560 8943
900 9389
748 6426
212 9975
77 8356
452 7303
494 6304
532 7141
58 9548
689 8127
96 5111
416 9295
980 7002
428 7221
670 8025
627 9336
552 6895
943 9235
878 7263
967 5418
949 5714
775 6440
151 7529
709 7503
164 8375
175 7273
2 6789
207 9514
199 5019
940 9824
234 9610
555 6419
440 6790
130 7038
366 5640
906 7410
457 5375
724 6379
840 6342
197 7579
600 9561
680 9841
566 5038
478 5715
641 5914
472 7960
791 7773
727 8877
668 9780
683 9328
393 8784
420 9665
74 6897
448 5872
367 9908
508 7939
236 5961
45 9134
841 7795
883 6229
631 5901
947 9467
38 7158
377 9224
714 6222
542 9557
335 7522
763 8478
770 5544
631 8860
327 8688
389 7506
920 7539
66 8798
720 5173
232 6597
264 5812
743 5537
726 5649
699 5869
664 5213
136 7404
953 6218
410 5557
375 8850
757 9479
699 5754
190 7205
544 8083
558 6636
646 8524
70 8948
549 9688
17 5906
759 9278
94 5367
458 8940
216 7191
612 8132
807 8405
209 7562
496 7214
529 8552
606 9975
470 7092
39 6048
3 5842
144 9385
453 6383
549 8261
712 7073
421 7880
534 9706
696 7644
342 9849
660 9790
593 6311
989 6089
56 5793
745 9771
823 7226
788 7300
731 6569
70 8841
500 7345
724 7213
9 7589
1 8672
164 7227
940 5276
235 7791
242 8911
712 5166
206 7093
825 8357
571 8571
339 5400
888 9593
934 8731
117 9127
13 5681
472 9308
912 7955
146 8169
266 5037
695 8842
53 5945
731 6865
31 8760
406 8019
647 9832
944 6779
765 6376
28 5506
313 5876
382 6017
712 8106
142 7451
676 6791
580 6308
768 8753
373 5515
208 5322
763 6567
998 5049
23 7328
404 9000
186 5648
457 7398
177 7144
317 9876
443 7539
518 6890
314 6251
284 9198
895 9353
258 8308
279 7659
517 6106
984 9269
183 5797
792 9030
666 7040
828 5692
757 9060
679 9777
815 7977
529 8870
645 8289
918 7785
653 9674
21 8255
163 8088
156 5889
235 8806
691 6837
821 5941
51 7408
38 6118
114 5627
223 8478
857 7827
478 6231
26 6746
9 9144
287 9736
623 6795
630 5765
209 7816
178 6013
344 6116
741 6440
516 7451
77 6739
624 9824
774 9596
229 7667
52 8094
378 9649
812 8808
926 6843
213 9325
51 5372
254 6307
251 6805
543 5574
567 6777
820 5457
974 8798
301 8510
849 5227
491 5716
550 8272
312 6888
654 5082
871 7528
771 8625
647 5890
368 7493
131 9213
160 5349
975 8898
428 8940
628 9165
363 7413
255 8971
763 6636
430 5271
216 6676
282 5685
123 9612
275 5862
982 5452
93 7420
319 6298
923 6085
218 7047
257 5074
820 9887
291 8882
513 6036
993 8645
977 6425
267 7058
344 7594
653 7560
215 5687
916 7049
783 6995
713 7174
81 9412
895 9261
830 6746
150 6198
196 9940
751 7113
665 5880
98 5981
462 7108
504 8150
329 5417
707 5663
32 8300
603 5286
473 7014
479 6919
342 5073
874 5771
28 7531
326 9384
667 9778
662 9904
735 7659
8 5132
945 6509
821 6143
597 5613
268 5988
591 9482
826 5186
694 8214
28 9537
357 8966
538 8953
13 9852
939 6878
508 7364
223 9551
734 6151
619 7843
88 7362
577 8406
87 8575
337 7585
413 9539
193 8469
812 9282
234 6512
330 5020
197 6366
953 7148
293 7277
440 7989
914 8258
445 5716
697 5819
294 9802
285 6366
125 5590
214 7537
990 8506
233 9052
733 9698
802 8113
487 7421
504 9905
696 6651
494 6294
990 8845
862 6555
203 9635
373 9797
908 9537
292 9934
409 6208
598 6192
741 5251
482 8765
59 8431
640 9928
861 6619
367 6588
461 8502
64 5055
413 7295
438 8432
352 6524
223 5425
49 9877
68 8189
977 7529
960 5704
925 8586
144 8778
133 5613
299 7677
718 9475
170 8190
125 8955
955 5869
562 9055
143 8825
56 7060
43 9365
930 7542
515 9555
698 7272
937 6124
784 7875
510 9263
148 9314
219 8802
443 8969
529 9189
987 6407
781 6941
458 8041
556 8681
337 7552
402 6201
893 6101
350 7735
564 8058
166 5259
12 9634
764 8701
789 5358
833 5489
679 9952
313 6472
999 9250
372 9164
660 8904
149 9213
973 7914
586 6762
169 9210
111 9774
787 8171
739 5592
492 5678
676 8871
361 9076
751 8668
468 8449
535 6904
430 8260
642 9102
686 5208
796 7799
945 9632
531 9526
13 5035
276 8143
61 9240
443 5279
817 9117
41 7166
521 6892
626 9607
529 7251
207 6497
320 6507
135 5294
664 9244
512 9643
141 9866
37 5816
854 7068
35 8035
22 6324
631 6743
361 6007
965 6073
68 6942
868 7492
477 6378
842 5675
982 9543
382 9000
7 6680
785 7561
617 8738
804 9151
821 6698
458 7822
463 6738
300 5419
165 5973
956 9154
658 9629
183 8837
552 9380
999 9593
965 7323
736 6922
807 9323
458 8122
316 8789
607 7654
837 6197
289 9053
49 7215
820 9996
57 9581
41 8090
962 9069
213 8273
118 6592
708 7090
732 5627
350 5252
105 6896
772 9342
882 6363
735 5489
