
5000 851700
94 485
506 326
416 248
992 421
649 322
237 795
457 43
815 845
446 955
422 252
791 9
359 901
667 122
598 94
7 738
544 574
334 715
766 882
994 367
893 984
633 299
131 433
428 682
700 72
617 874
874 138
720 856
419 145
794 995
196 529
997 199
116 277
908 97
539 719
707 242
569 107
537 122
931 70
726 98
487 600
772 645
513 267
81 972
943 895
58 213
303 748
764 487
536 923
724 29
789 674
479 540
142 554
339 467
641 46
196 710
494 553
66 191
824 724
208 730
711 988
800 90
314 340
289 549
401 196
466 865
689 678
833 570
225 936
244 722
849 651
113 123
379 431
361 508
65 585
486 853
686 642
286 992
889 725
24 286
491 812
891 859
90 663
181 88
214 179
17 187
472 619
418 261
419 846
356 192
682 261
306 514
201 886
385 530
952 849
500 294
194 799
737 391
324 330
992 298
224 790
260 275
97 826
210 72
649 866
919 951
63 748
958 685
804 956
518 564
428 183
537 400
346 721
153 207
971 323
662 611
197 116
91 109
529 795
126 343
747 862
469 685
770 10
934 881
723 984
895 403
568 360
172 449
958 541
383 272
308 877
970 359
583 707
48 308
930 770
569 30
3 208
20 311
609 100
887 939
825 422
930 785
904 370
241 989
379 969
376 143
962 972
889 28
443 61
216 638
338 348
160 347
406 66
159 391
31 638
204 295
420 826
153 196
425 449
331 855
565 143
838 487
9 140
918 564
533 615
232 135
957 564
591 360
576 793
746 163
377 859
858 760
86 711
434 662
558 159
279 660
840 268
735 948
574 315
126 676
912 341
739 689
821 894
625 706
917 490
201 478
993 671
149 932
52 899
759 237
267 187
256 472
783 772
117 98
516 906
180 911
25 635
380 225
712 823
266 164
216 343
448 732
541 502
664 740
954 576
726 612
772 902
531 454
943 411
750 973
327 703
917 850
5 77
113 220
913 802
791 403
998 181
859 10
345 525
431 919
675 668
833 527
438 462
523 291
916 605
420 457
115 405
660 417
261 279
772 685
388 596
764 307
843 224
206 322
407 840
639 975
852 401
542 91
60 327
757 330
82 182
637 603
93 793
614 615
136 733
187 864
102 16
972 863
163 987
501 306
477 34
492 840
121 700
80 706
138 787
660 105
229 834
827 798
448 310
230 609
832 690
489 561
586 579
291 60
665 388
660 309
702 407
153 200
606 313
123 970
253 33
709 273
832 277
108 997
888 40
481 227
283 860
858 940
284 608
711 990
850 590
239 806
943 52
195 801
95 764
410 710
664 386
900 593
112 50
963 494
754 156
458 936
19 965
225 86
569 723
97 184
194 868
754 340
602 412
61 487
695 209
347 346
719 860
100 307
97 95
843 821
745 941
286 821
492 587
116 201
531 665
424 527
253 812
426 424
413 459
980 343
291 836
833 506
486 179
9 916
575 430
922 596
145 808
897 269
404 512
742 811
728 685
269 567
103 776
745 855
35 718
779 853
71 97
80 146
842 746
128 15
941 965
227 512
30 480
342 958
605 665
531 191
364 964
359 515
867 606
820 822
313 536
207 693
911 19
308 335
430 101
685 922
641 294
113 910
141 410
690 250
700 546
559 729
481 609
503 720
766 976
7 759
882 798
859 74
182 648
425 299
542 785
683 846
853 390
938 897
89 416
624 837
181 247
878 293
933 144
580 938
252 467
207 480
658 955
20 665
954 26
347 564
759 449
446 26
14 521
657 301
710 321
980 613
188 388
636 879
203 990
432 188
129 963
630 820
509 300
237 822
373 255
838 277
395 153
692 400
103 227
218 518
384 447
931 315
396 813
389 324
640 502
287 299
297 780
977 376
512 516
219 212
555 329
398 810
289 486
798 485
598 416
49 952
572 894
697 358
770 21
725 647
542 44
214 683
887 361
45 814
94 231
282 8
82 165
319 496
626 699
146 852
541 459
874 535
725 314
777 944
554 306
208 459
787 637
976 447
912 408
444 107
3 962
301 565
164 407
437 857
652 317
764 98
41 818
737 600
176 288
136 902
128 567
394 190
235 749
42 908
824 276
684 748
979 592
568 393
367 363
52 163
642 983
335 179
126 16
130 478
583 259
129 868
752 295
167 596
856 71
640 622
770 864
431 644
195 5
448 365
701 429
952 64
880 854
168 770
79 88
961 157
472 368
217 421
709 719
147 271
296 975
909 816
764 962
251 535
878 438
753 696
570 881
253 318
666 45
931 52
433 496
810 313
678 138
123 334
212 988
66 508
206 770
750 751
64 780
466 441
337 207
510 516
796 674
175 408
437 920
938 573
848 634
561 878
718 990
948 826
649 696
569 800
663 411
582 422
843 707
202 334
702 986
579 494
725 150
803 562
340 380
156 832
832 979
602 376
234 511
688 414
184 160
978 982
413 238
633 490
585 899
606 251
963 526
350 897
242 39
539 657
739 452
267 538
165 831
177 460
720 185
802 934
644 440
82 490
798 168
197 71
173 977
81 458
235 204
112 803
103 139
268 399
879 420
643 991
106 578
122 972
444 177
262 398
691 348
997 496
446 276
171 825
549 614
281 121
211 730
112 341
408 284
730 698
363 17
89 546
605 672
938 974
168 866
705 377
47 559
400 340
215 527
114 779
51 761
881 483
549 92
679 390
328 583
250 661
203 391
481 336
752 661
707 125
82 89
63 275
660 359
21 178
287 780
219 42
500 5
820 380
95 772
44 816
748 9
678 484
276 545
478 589
663 157
594 901
757 777
947 74
448 247
570 55
313 479
981 785
795 958
552 680
389 393
280 944
864 596
636 619
512 611
892 852
184 283
947 299
614 766
625 312
149 826
377 726
474 733
18 805
662 679
416 403
1 964
530 337
752 541
22 478
981 369
777 946
957 821
275 833
584 837
582 490
121 37
951 594
668 129
118 258
319 246
896 362
521 755
948 504
248 71
474 177
351 176
54 803
155 237
660 677
871 33
486 115
294 597
425 769
245 536
382 956
371 341
708 184
544 234
794 569
387 216
738 537
520 84
281 810
502 657
91 33
503 159
924 520
16 668
33 287
344 229
349 374
606 474
896 672
595 915
441 511
102 123
52 569
654 199
710 396
434 715
245 59
36 610
661 917
413 927
13 270
370 117
400 516
195 215
984 216
476 237
164 615
405 499
674 477
196 760
608 285
907 56
532 966
51 622
716 221
327 194
880 91
710 347
267 252
400 473
376 516
609 385
320 357
196 958
538 665
935 792
404 64
100 420
126 671
855 968
94 877
731 177
253 523
8 139
393 152
543 732
348 246
318 565
489 740
22 902
998 17
49 973
381 298
10 611
429 32
221 11
150 337
717 136
530 889
332 522
942 805
565 28
216 931
61 757
170 609
872 544
644 905
208 595
680 246
697 113
639 175
679 156
961 244
361 883
802 265
359 883
839 462
718 485
280 272
252 204
280 984
102 409
615 398
296 909
481 370
956 882
230 214
259 766
922 35
706 421
272 271
156 370
552 848
485 50
536 976
70 270
902 796
452 963
35 379
947 991
378 551
57 897
352 307
669 421
702 74
141 388
458 559
463 980
756 615
887 681
332 231
528 207
656 818
254 331
787 979
495 445
370 348
10 724
200 401
327 646
17 668
374 242
755 302
980 861
376 830
8 77
32 441
460 589
804 990
23 189
869 868
943 996
715 363
628 237
73 420
199 565
38 214
209 333
327 726
912 175
799 58
372 625
976 66
120 169
667 475
188 204
28 90
704 496
649 1
746 474
697 449
712 252
289 332
625 287
953 189
462 889
302 63
79 378
41 206
823 897
908 230
665 382
36 575
732 60
809 529
66 477
291 290
591 89
583 961
252 461
479 702
530 532
224 680
788 53
309 642
366 1000
352 891
402 822
545 152
113 324
967 633
454 267
723 381
14 272
20 506
308 419
644 461
713 526
482 978
336 468
289 729
496 795
326 581
530 383
167 226
522 421
830 386
91 273
116 484
747 676
395 107
958 229
756 902
262 962
703 105
511 84
481 991
449 701
888 689
599 655
306 600
492 538
803 499
445 881
316 981
889 473
785 383
765 679
491 573
589 589
124 480
741 145
898 624
725 923
682 915
131 232
398 974
906 735
753 678
312 640
790 644
301 212
945 123
447 253
197 943
27 18
573 916
589 327
934 640
209 615
529 470
899 655
15 288
592 401
92 840
575 633
814 707
354 424
127 682
374 194
566 855
594 190
973 728
645 178
603 275
712 88
32 367
298 544
561 738
906 963
626 460
143 266
504 727
836 33
361 442
431 628
554 384
24 244
416 482
735 765
243 446
454 247
932 913
494 560
648 528
357 594
596 935
788 462
536 621
759 660
200 564
566 302
741 936
217 592
219 724
832 118
819 299
487 251
473 129
241 96
64 167
516 169
857 381
218 976
490 767
504 837
707 407
342 203
475 387
175 735
786 706
171 335
232 40
888 821
866 131
976 159
253 978
619 53
642 849
460 478
218 19
218 230
667 453
949 336
89 931
488 588
568 449
526 566
860 272
4 883
772 731
734 80
259 213
270 177
6 872
424 626
204 940
313 150
159 379
205 833
25 517
951 724
721 973
635 581
293 839
712 272
410 412
465 839
366 492
74 553
23 718
416 738
764 839
49 390
817 588
507 523
152 630
256 770
562 746
495 49
414 369
78 537
912 115
59 215
259 971
258 602
841 551
137 40
590 494
383 252
869 158
939 72
282 177
880 667
479 483
454 815
730 19
556 745
195 339
409 614
580 302
99 319
913 670
798 513
318 566
790 27
344 322
80 645
468 210
922 841
179 925
347 521
231 975
597 269
607 929
903 478
310 970
223 684
10 231
845 673
905 348
58 232
93 727
759 597
912 397
906 539
43 907
76 892
552 699
670 408
671 361
353 789
837 529
12 190
889 880
912 236
377 715
56 718
585 439
852 814
715 902
421 658
330 410
51 412
840 90
697 678
848 951
826 37
198 593
341 737
274 211
740 134
339 847
875 490
400 95
603 435
474 737
126 860
973 310
973 548
581 984
788 660
629 86
799 635
475 941
959 56
80 372
917 650
91 964
783 735
773 682
712 151
655 283
953 773
279 643
701 898
706 817
147 269
355 731
100 507
498 841
261 207
591 752
630 318
374 126
960 153
917 101
406 560
759 743
618 816
981 980
641 1
131 82
920 886
534 377
453 465
397 753
51 842
301 547
197 580
910 754
211 37
851 548
42 896
919 656
30 537
674 78
979 540
764 597
937 314
656 845
590 361
337 930
997 654
643 841
652 810
632 98
827 814
659 898
56 237
97 236
304 397
771 468
680 160
344 168
561 189
632 123
666 783
235 991
71 775
327 565
824 906
1 604
948 233
851 693
780 209
603 279
380 231
84 675
684 370
757 814
605 276
304 238
358 710
294 931
742 879
37 492
4 81
707 347
131 417
660 582
89 801
455 195
303 403
680 247
970 356
934 627
951 858
404 803
446 236
349 572
93 485
672 586
158 748
772 235
891 859
532 788
621 345
347 861
227 342
555 779
16 595
303 963
941 260
833 366
190 835
622 733
345 834
893 442
192 773
430 880
160 873
767 793
170 173
810 402
318 60
690 628
224 19
52 146
411 685
203 138
785 593
219 202
61 500
919 89
191 433
711 63
294 514
937 865
253 393
103 269
316 111
625 614
639 272
641 973
139 609
45 236
316 496
218 24
293 871
747 227
879 420
633 850
10 127
356 170
665 224
536 722
823 189
603 597
392 286
258 22
771 957
820 536
139 221
566 281
229 238
325 531
804 449
786 735
983 670
847 646
388 272
632 605
253 394
405 508
137 537
283 955
678 477
659 969
706 692
786 963
313 829
143 638
713 206
244 185
489 187
844 129
896 300
602 114
210 305
930 199
692 916
457 839
241 899
950 452
229 185
212 561
222 848
32 191
747 830
869 860
245 873
575 649
818 591
204 974
584 974
822 452
198 397
942 350
942 597
899 13
375 392
327 343
479 756
66 387
950 924
464 188
286 68
573 552
294 166
137 435
557 14
423 797
427 254
95 300
715 431
403 367
453 197
735 233
1 149
145 62
782 38
848 69
456 425
490 810
679 878
461 503
844 308
70 798
599 437
888 798
395 36
733 583
795 412
368 195
94 878
114 388
46 438
795 532
583 3
321 268
714 417
332 277
257 229
906 445
301 380
277 974
651 248
218 433
109 1000
558 874
388 939
121 760
372 473
228 811
208 766
326 306
572 556
50 521
753 364
77 460
266 136
227 458
502 784
337 648
31 783
629 960
215 137
353 591
274 875
343 440
758 263
838 40
478 835
595 943
255 749
331 263
362 597
84 5
16 999
459 161
220 35
16 891
865 459
719 996
292 592
175 54
461 985
301 401
759 298
715 459
207 77
129 611
681 159
261 467
893 737
399 895
377 49
189 382
360 285
14 388
728 972
314 265
225 729
534 810
914 973
94 818
549 295
674 532
434 58
211 736
986 187
863 896
802 998
279 997
31 476
810 259
968 475
187 494
791 130
190 151
410 639
592 855
886 480
875 478
763 386
352 672
58 361
815 894
562 460
571 148
322 660
465 628
418 329
198 975
554 1
656 507
108 750
453 109
909 915
576 700
646 75
114 896
313 229
692 85
759 144
643 536
462 919
860 516
904 473
959 25
663 25
209 611
564 44
233 722
478 980
716 563
616 672
107 914
979 541
466 882
971 142
76 259
886 35
498 543
150 689
442 721
136 142
36 530
37 503
344 450
550 248
355 599
980 919
473 636
957 181
324 873
859 154
570 427
294 604
260 313
674 363
339 594
259 813
382 829
660 49
430 791
760 554
682 499
664 226
358 345
114 432
142 758
19 64
753 843
163 637
121 941
94 965
398 448
587 857
98 968
142 351
303 758
968 351
533 980
982 662
568 357
519 914
277 548
622 723
517 23
720 170
635 351
55 113
263 783
285 766
189 527
628 206
7 644
290 258
655 861
387 728
641 69
742 128
741 392
793 145
802 51
897 112
262 253
193 340
882 932
131 817
482 965
573 480
443 724
203 839
965 500
75 746
807 811
805 373
513 605
472 252
797 172
690 394
295 177
784 98
532 377
155 486
110 855
884 290
173 130
78 355
714 842
633 233
477 101
119 686
718 736
15 930
472 700
328 69
793 607
199 879
999 916
177 960
525 408
948 679
498 138
495 185
890 782
906 49
334 453
385 630
399 429
338 853
520 545
829 651
481 765
99 159
680 1000
87 179
802 717
890 885
839 32
339 838
883 186
67 470
544 185
357 921
457 376
444 986
642 934
152 171
59 645
616 46
59 681
987 43
353 234
530 103
958 496
613 389
838 931
85 579
86 132
569 908
479 772
683 677
400 343
370 703
882 139
146 344
116 387
760 909
407 539
447 304
388 655
41 378
658 92
119 862
28 411
457 362
198 397
17 290
432 152
321 611
427 173
205 137
344 946
563 365
304 475
47 982
694 920
91 802
961 66
644 778
109 744
959 464
969 313
42 341
108 685
648 331
49 85
228 676
929 91
527 534
967 166
316 51
582 966
840 841
575 625
503 114
911 16
305 113
989 826
836 506
369 738
587 564
232 455
452 735
900 264
952 548
81 738
995 853
562 575
739 569
705 365
5 620
557 264
490 193
294 21
361 373
900 84
47 250
205 288
145 132
846 151
658 419
849 521
680 974
148 655
96 648
210 737
690 298
19 187
831 981
679 965
726 954
528 166
15 248
564 636
847 560
721 563
9 24
700 896
446 803
858 16
699 274
271 714
977 449
533 229
154 280
756 423
871 868
912 124
727 970
968 231
569 935
163 808
618 23
685 210
650 88
807 151
393 770
276 555
304 613
911 866
233 223
42 303
400 305
162 306
51 900
734 964
933 397
366 898
16 59
177 628
360 225
742 537
725 612
868 633
489 314
501 478
632 981
365 904
196 819
496 108
744 179
145 152
501 598
880 349
248 80
683 762
500 314
389 513
620 205
91 584
721 652
859 894
665 198
416 143
481 671
320 302
865 611
126 631
757 526
963 526
781 403
240 231
330 830
518 283
824 864
935 755
51 159
309 220
18 447
863 800
1 833
749 805
658 791
577 412
579 857
509 408
154 895
923 360
397 827
687 971
959 961
617 519
637 335
623 238
174 883
775 222
608 886
306 708
1000 475
957 876
641 123
472 127
726 384
305 745
714 284
643 429
708 685
631 512
489 503
829 599
746 983
732 462
732 992
669 270
422 491
54 282
900 831
682 167
666 115
957 661
109 564
454 934
964 608
933 513
140 53
195 659
24 646
657 164
231 763
169 825
128 949
537 355
264 811
46 164
4 851
900 289
802 392
68 224
450 460
126 903
58 347
398 638
486 101
451 587
335 797
162 881
106 210
745 243
969 969
432 298
159 253
634 593
565 453
16 657
610 72
503 222
511 319
752 61
55 694
469 384
829 801
692 136
177 536
211 958
499 647
115 526
984 28
818 904
233 509
424 884
976 565
371 601
406 323
334 522
784 192
676 103
168 451
427 867
432 602
531 783
337 311
677 994
537 172
1000 51
379 389
103 237
785 721
943 597
412 492
572 331
828 380
771 259
939 726
594 55
19 501
500 459
376 790
689 4
776 634
474 117
575 601
953 808
143 544
510 542
221 590
615 827
599 817
567 617
545 32
727 879
558 692
307 685
564 88
331 911
568 546
881 580
649 997
746 937
393 988
237 351
517 661
521 630
213 360
820 908
199 203
813 479
14 251
803 162
448 905
207 167
86 862
123 369
220 181
158 765
944 251
424 909
311 645
399 568
59 847
253 538
233 540
312 99
790 423
849 246
202 165
552 544
653 52
788 131
893 372
113 471
498 625
442 684
929 378
86 534
12 73
318 540
258 671
524 127
579 412
424 972
468 823
364 663
81 784
399 588
896 496
151 170
626 153
367 199
837 152
640 258
124 283
572 289
408 608
358 463
895 180
884 329
523 221
438 294
278 125
25 625
729 427
996 796
956 151
188 867
519 122
35 370
311 840
195 115
829 875
784 912
904 85
99 969
443 714
738 971
713 743
109 198
388 635
836 41
261 640
693 731
453 222
489 536
514 165
70 311
334 124
711 773
634 923
135 280
271 257
452 961
669 267
128 238
284 810
524 171
143 288
989 389
994 566
280 74
392 813
473 49
231 175
895 754
943 457
548 897
677 512
840 68
358 236
541 574
758 893
542 615
689 857
16 538
721 72
618 292
958 916
265 804
547 656
252 379
605 67
263 280
735 361
178 984
416 271
441 489
398 256
7 882
4 225
27 529
639 510
413 1000
502 191
226 813
327 898
170 420
711 470
123 619
946 377
623 465
312 887
736 764
8 55
915 727
22 844
650 644
831 181
508 171
534 545
415 439
896 547
982 417
193 205
389 500
801 332
337 820
489 416
733 243
271 854
942 66
954 236
48 568
919 969
394 706
881 295
917 167
375 773
10 279
448 661
128 727
530 838
541 404
311 743
316 234
473 529
381 191
652 832
2 537
137 366
349 880
100 940
663 745
67 37
443 672
295 809
217 682
911 979
359 300
855 511
298 732
616 868
330 618
160 769
803 186
50 584
208 832
585 716
530 472
951 272
654 498
986 365
812 583
805 479
699 898
500 133
643 646
544 915
970 55
987 213
888 623
646 875
398 513
510 356
625 586
694 16
933 984
493 422
20 354
104 214
230 890
962 212
50 27
351 769
498 835
864 232
228 254
713 642
77 476
407 919
497 912
269 754
29 734
197 967
398 41
747 259
386 926
125 840
411 544
359 908
844 225
580 69
108 121
838 523
408 678
814 593
421 665
999 314
507 992
557 596
645 358
571 524
532 163
426 942
387 537
230 182
246 204
537 208
716 653
563 848
947 532
633 103
834 871
938 932
329 507
481 986
957 613
405 323
689 590
332 377
686 905
989 932
650 474
93 606
119 389
282 671
450 360
3 845
324 646
544 99
957 609
734 501
268 764
699 598
171 242
151 390
279 61
891 259
142 519
380 826
353 942
711 282
929 896
609 982
61 276
398 301
385 952
631 856
859 428
225 255
207 723
328 280
971 937
547 37
628 901
848 456
543 996
864 590
228 455
85 510
668 667
936 829
755 51
832 383
928 340
85 915
242 797
786 547
845 1000
480 335
250 785
247 797
188 299
415 343
495 281
149 282
755 264
850 78
14 134
661 126
223 862
649 190
790 340
761 724
418 271
959 701
627 464
668 405
429 230
698 153
486 923
309 813
734 686
751 925
389 21
339 58
572 295
2 900
873 956
257 86
965 346
412 427
546 221
435 202
886 417
378 424
805 943
927 883
587 290
333 47
622 269
685 775
249 379
668 121
885 362
7 534
371 828
899 388
549 908
305 394
66 282
118 432
920 443
297 737
427 584
422 206
244 328
271 848
533 805
2 337
624 488
222 519
335 362
575 230
415 393
617 353
758 275
265 845
187 377
174 202
220 971
311 431
82 508
270 825
682 226
946 719
637 540
962 973
102 480
677 347
139 536
647 842
877 640
766 211
578 687
619 579
922 168
35 678
758 244
229 479
516 749
902 49
559 177
368 805
308 345
625 569
55 926
912 273
60 743
882 885
769 816
594 151
304 75
632 863
755 636
600 645
424 859
91 817
412 355
971 930
588 850
759 282
550 549
134 115
710 394
113 465
356 153
985 650
339 615
992 846
725 184
955 15
961 304
156 437
63 943
631 929
770 535
546 388
988 523
999 515
88 45
870 657
248 748
667 49
302 369
344 374
536 140
195 282
477 816
655 463
187 527
384 533
955 747
720 921
709 699
31 318
853 854
15 938
999 663
941 360
158 188
979 685
736 709
683 825
437 150
614 332
382 577
731 739
699 755
883 614
693 497
904 519
650 439
598 960
694 644
962 761
718 310
719 654
464 973
599 641
727 551
694 465
139 624
315 214
437 435
992 383
304 449
72 354
554 628
712 855
585 25
702 34
251 561
158 68
894 914
756 333
591 294
587 768
86 448
564 698
85 742
122 32
993 671
42 716
98 83
137 163
389 953
205 671
640 657
357 748
541 799
629 289
712 248
425 30
147 749
722 740
105 353
999 644
382 808
859 72
213 422
260 376
60 952
908 883
698 707
664 619
89 664
854 866
663 161
963 894
614 707
914 143
146 607
105 321
411 87
830 899
160 65
686 162
212 651
14 458
845 579
979 203
158 281
939 108
527 429
718 782
675 86
935 863
239 750
317 250
458 311
623 320
615 337
412 21
431 596
639 993
180 997
857 961
640 807
497 881
557 127
398 985
670 523
262 617
425 47
175 994
832 614
850 259
149 986
207 564
651 1
603 787
867 204
295 993
444 156
987 87
820 579
879 226
99 709
25 177
535 985
450 951
985 32
611 801
406 800
54 61
530 701
343 61
967 429
57 695
988 230
981 42
233 487
717 527
950 112
726 249
994 334
524 75
985 599
991 525
783 510
835 826
666 100
526 721
580 843
443 374
165 48
531 285
879 645
667 938
595 888
744 527
1 579
55 779
588 680
865 716
508 977
436 417
37 850
381 974
197 972
376 524
107 902
170 156
363 225
926 344
894 737
52 615
214 292
760 451
934 648
494 529
760 773
691 724
817 699
374 422
439 73
566 700
954 956
717 500
392 481
602 910
163 135
20 52
397 804
834 31
68 850
184 32
952 581
316 520
768 556
423 309
277 441
111 57
543 455
552 488
379 695
387 518
110 679
671 290
811 111
75 83
728 42
149 926
47 462
5 201
712 167
283 143
532 78
480 849
36 305
752 517
768 168
756 101
283 43
478 174
195 203
405 51
151 644
377 358
282 523
720 387
524 978
175 89
799 421
156 814
182 48
504 926
418 319
298 87
486 705
918 483
226 618
749 475
366 756
934 773
388 753
514 370
607 360
53 815
707 609
433 405
218 607
868 495
661 233
289 72
356 388
812 110
548 545
959 391
271 574
50 742
810 76
23 362
847 781
595 163
955 447
633 386
170 426
873 357
246 97
157 443
495 456
867 170
108 739
383 818
679 991
328 829
719 456
59 590
327 237
589 748
740 803
185 321
499 685
713 387
825 901
306 118
292 202
672 283
831 333
896 122
491 241
389 551
192 816
361 660
995 436
445 435
89 865
69 438
858 660
770 13
865 727
659 99
831 204
422 494
832 763
927 529
421 666
827 312
552 824
503 239
687 967
897 446
695 668
56 677
945 755
600 208
162 491
325 152
429 756
913 358
971 585
128 876
163 293
416 322
860 550
655 530
335 201
36 713
825 240
143 282
190 975
277 432
426 39
980 719
784 4
269 80
469 874
799 568
615 887
735 667
456 644
805 258
646 717
539 199
860 371
71 704
411 531
15 576
754 733
964 477
942 50
62 295
930 50
71 223
679 578
5 351
478 87
191 435
378 1
304 764
852 287
161 53
830 779
705 860
601 241
912 599
513 929
153 15
245 935
678 558
229 203
93 913
669 698
471 514
558 529
561 356
932 904
532 75
538 235
400 560
976 688
877 959
879 678
993 685
203 283
182 233
599 687
851 661
87 746
474 337
358 775
626 100
280 748
859 168
722 143
238 801
678 830
559 986
834 451
59 876
624 906
796 523
296 257
867 64
761 787
740 108
382 392
773 640
885 845
49 862
708 659
73 291
812 655
914 100
216 429
562 745
14 978
475 498
227 525
418 237
494 192
577 993
786 233
120 451
383 312
699 210
395 476
317 897
105 710
410 680
675 849
953 591
532 397
321 889
406 807
779 112
66 726
565 675
519 485
854 113
521 896
229 536
866 524
596 983
95 504
938 92
897 42
455 179
460 511
480 651
620 83
34 54
594 881
923 422
151 488
348 663
704 858
970 380
343 825
692 234
58 928
799 419
389 660
389 696
978 606
653 982
417 310
483 987
522 780
680 349
607 182
452 200
623 529
880 162
5 6
872 477
583 756
453 776
122 331
9 882
819 220
691 964
632 130
715 138
829 252
56 78
59 179
28 464
859 195
145 446
160 967
453 164
866 917
400 465
622 315
830 557
859 701
152 970
359 125
221 887
872 245
646 347
663 115
711 836
271 538
530 572
44 513
573 684
550 450
955 512
268 1
937 799
117 295
294 805
105 866
29 526
86 818
656 137
352 275
914 487
712 298
150 719
388 590
142 736
47 813
28 410
567 176
76 273
989 643
794 487
618 805
768 532
732 944
504 821
520 254
8 366
825 961
803 621
550 796
531 597
810 43
381 667
589 363
853 985
424 296
440 893
382 378
801 397
686 475
427 449
124 431
93 444
167 352
259 184
237 262
313 686
211 167
899 239
9 824
63 658
738 272
484 979
777 237
964 267
678 750
285 794
784 244
949 166
117 814
467 358
853 496
635 319
893 454
281 906
375 970
239 697
782 928
497 396
671 531
798 205
699 6
585 395
665 617
277 439
112 629
831 241
202 734
877 989
973 684
501 416
283 742
520 969
641 476
181 622
620 703
137 188
23 551
844 954
993 672
472 363
260 434
931 694
176 188
931 548
358 789
745 853
769 454
198 983
734 319
858 660
500 244
907 390
758 740
34 322
598 238
578 911
684 945
378 121
251 678
370 734
29 220
842 660
909 368
181 774
98 638
684 497
395 248
216 367
781 538
199 359
618 112
183 286
956 789
817 46
576 641
165 17
973 149
451 19
451 742
130 538
424 972
953 363
381 150
706 289
16 709
215 516
51 1
436 124
441 419
540 401
33 632
888 201
843 934
386 860
79 950
272 736
573 983
347 916
694 571
511 507
330 408
477 807
523 917
876 710
191 590
935 830
251 446
56 273
210 649
473 125
285 963
75 827
900 280
591 241
555 457
458 606
959 240
215 570
328 208
108 992
401 755
213 184
530 146
823 205
599 819
773 488
57 490
359 831
58 958
865 478
190 158
472 344
845 824
190 962
204 910
694 484
716 134
732 389
418 397
547 290
5 695
986 258
175 893
561 817
146 539
149 959
884 21
451 317
957 237
385 75
789 36
768 625
91 827
54 904
96 908
624 595
713 730
396 223
491 705
196 789
153 996
39 928
97 50
177 424
781 443
955 961
830 180
877 600
506 941
88 556
630 644
24 901
727 360
766 427
889 387
12 517
451 636
786 709
962 497
581 557
545 302
279 216
754 420
178 743
351 833
133 918
225 719
113 235
962 980
830 194
750 806
398 184
707 720
571 626
681 510
972 728
788 793
586 652
487 359
993 937
483 714
187 402
582 547
678 409
406 715
318 432
36 190
533 535
317 356
350 259
179 477
513 943
147 537
200 641
616 449
368 699
325 893
268 845
119 787
316 916
520 601
586 537
944 983
629 872
662 236
358 43
837 907
896 931
418 585
997 27
513 886
267 216
438 158
949 681
905 11
550 895
884 209
840 57
414 413
138 607
362 483
473 24
473 114
29 450
891 382
556 525
157 779
724 413
381 608
554 683
41 879
600 870
509 816
130 699
499 653
233 630
228 509
169 948
533 856
973 791
157 716
522 693
210 58
929 269
284 168
614 46
801 564
126 782
864 233
885 5
169 1
957 516
345 872
115 996
107 248
427 447
746 711
883 325
139 849
789 220
519 362
55 560
943 796
84 859
208 722
341 529
53 127
2 986
308 486
346 725
513 39
875 341
670 50
587 74
300 283
429 759
747 362
407 84
709 109
151 488
937 325
854 212
316 738
101 742
594 844
612 585
945 335
986 509
918 185
430 905
257 124
283 874
284 299
979 445
353 346
259 745
241 582
467 514
688 790
393 628
30 997
483 549
209 461
498 108
950 946
447 412
222 192
605 279
205 145
294 537
710 479
50 458
465 202
122 775
367 999
874 23
805 374
156 421
59 566
242 870
169 367
3 576
735 835
735 732
530 618
486 714
527 936
506 280
152 389
61 527
875 426
652 355
762 939
779 308
621 341
931 717
435 869
550 137
352 18
19 653
144 888
69 917
370 474
318 647
368 907
712 326
386 417
932 764
754 607
76 320
178 566
930 704
625 359
28 346
869 343
911 829
923 319
688 983
458 783
954 42
413 743
697 648
414 274
621 71
168 119
242 124
166 709
316 992
991 442
640 49
778 640
950 856
174 237
691 970
26 829
714 965
532 142
898 489
381 920
963 784
513 927
674 27
172 926
789 867
624 90
920 81
795 704
685 530
174 324
985 203
848 975
475 685
936 716
201 492
914 647
683 98
936 962
744 739
914 6
647 84
553 826
350 757
157 83
14 33
366 632
192 46
103 433
128 693
486 108
696 727
944 571
912 545
986 997
744 238
923 247
912 600
757 23
263 275
154 317
639 190
11 335
482 318
59 207
6 817
498 667
75 44
549 400
686 154
123 420
766 809
619 511
747 50
521 5
70 493
495 35
523 351
384 803
844 689
216 469
1000 814
631 612
104 977
468 675
705 16
358 954
285 817
686 737
492 791
832 375
417 97
736 855
55 575
650 544
610 242
849 968
73 375
129 396
961 272
17 318
478 143
351 852
794 176
887 929
944 154
935 986
426 377
890 927
334 899
356 283
183 596
372 458
8 377
29 671
555 22
847 199
432 844
44 269
137 811
132 723
298 151
689 298
166 986
919 790
396 750
179 24
608 629
92 745
294 671
367 208
594 727
580 521
947 499
278 171
246 621
328 771
878 915
155 562
320 592
244 872
381 900
474 611
409 967
141 928
969 229
466 557
794 599
43 704
3 334
371 120
524 380
191 838
584 9
448 215
150 463
894 553
766 570
318 439
86 623
99 203
76 240
763 407
30 42
384 968
325 307
671 544
928 731
845 879
293 590
341 684
178 586
663 917
2 900
691 201
235 346
138 926
995 92
821 461
795 947
439 238
508 94
709 480
862 286
910 241
752 605
798 591
985 255
868 73
221 148
163 429
563 274
158 46
883 715
717 833
781 1000
676 396
165 722
346 660
546 360
959 682
77 154
422 698
983 777
810 511
643 745
197 422
699 500
259 221
327 467
894 776
472 740
987 88
994 483
209 264
776 750
234 797
673 818
953 681
928 283
179 277
401 172
531 89
911 43
686 73
171 960
109 829
567 802
408 645
465 262
423 311
283 21
388 143
879 440
100 649
119 219
773 286
10 947
298 1
955 677
105 229
908 597
957 637
416 512
95 911
997 902
927 886
840 719
169 362
987 529
587 182
465 315
259 398
371 193
877 475
75 53
585 629
829 950
251 308
277 184
876 10
771 104
142 480
187 641
733 540
561 56
537 236
50 432
192 642
6 547
656 867
610 662
978 149
394 136
106 269
483 7
891 251
205 599
928 634
368 543
260 80
550 873
963 806
454 774
978 892
73 68
705 725
981 766
873 722
175 790
751 485
245 929
88 564
122 503
184 696
170 957
531 290
461 345
644 993
393 898
3 2
239 537
345 788
872 615
784 70
905 341
582 56
657 194
936 195
459 837
634 62
862 175
524 14
442 779
873 752
294 517
145 382
645 829
830 917
790 703
620 351
42 176
994 529
633 222
693 219
677 260
715 351
328 505
276 504
554 132
829 824
602 518
799 334
253 660
324 979
477 896
905 815
561 515
55 413
402 377
660 720
181 584
759 120
204 158
632 396
56 399
765 813
73 168
857 645
341 595
446 723
631 7
348 156
543 123
418 120
936 503
169 926
902 318
593 932
414 892
490 631
592 209
876 147
631 479
282 119
209 13
961 33
9 728
927 986
2 75
663 685
222 387
665 521
669 394
773 488
465 518
544 603
630 172
799 317
383 70
984 81
787 215
321 504
23 279
792 163
213 368
529 513
242 123
526 565
197 759
472 760
922 503
972 246
151 199
865 816
790 883
158 453
177 908
577 533
652 256
97 628
156 524
229 840
374 281
869 183
938 377
182 479
213 868
460 819
350 971
95 407
640 96
704 225
670 408
333 76
382 79
528 306
180 510
54 333
455 675
259 618
368 517
242 690
798 113
42 518
831 926
61 335
233 195
874 488
55 704
306 568
335 271
351 48
584 584
416 245
192 595
986 538
187 558
889 837
321 19
516 780
166 804
22 460
317 830
344 46
462 583
147 630
380 118
156 410
612 646
721 515
487 694
744 283
144 200
606 787
641 252
564 471
888 48
878 553
287 646
166 711
33 146
61 874
600 854
417 412
12 748
778 781
446 216
255 953
178 672
110 929
979 16
320 781
368 726
210 947
436 495
496 927
996 452
684 32
569 645
156 426
413 336
298 164
898 349
613 624
950 689
44 851
643 45
123 217
259 651
486 510
112 205
90 211
337 73
811 411
41 277
368 272
618 243
435 791
135 225
388 869
519 288
381 556
684 982
528 431
875 370
781 270
335 908
392 437
358 22
447 559
213 867
896 347
959 299
193 376
672 208
858 459
113 128
868 801
268 167
109 859
606 360
243 902
564 103
686 779
814 583
179 498
233 411
786 757
977 403
945 836
667 477
425 965
864 837
14 726
781 515
149 537
39 736
718 442
333 692
136 600
590 334
339 326
441 105
609 564
803 80
966 975
978 326
495 81
760 236
359 494
308 688
131 493
635 110
295 344
676 38
834 704
256 857
845 47
696 161
849 619
873 453
165 948
722 381
911 115
678 320
450 342
325 56
589 444
357 487
381 162
21 352
904 375
458 36
410 602
899 391
630 198
343 398
754 400
415 728
900 685
37 998
699 930
91 664
574 585
905 430
609 476
990 815
503 994
407 506
561 635
302 695
371 842
426 360
888 670
68 305
812 188
666 993
591 397
692 932
194 280
499 327
2 316
649 960
761 515
628 239
139 358
437 148
142 153
653 46
363 27
62 261
482 93
751 982
178 132
418 113
181 493
968 983
265 700
572 85
611 400
164 272
839 262
115 756
418 865
428 845
984 787
897 121
986 19
354 304
167 483
970 376
115 524
498 362
317 872
697 403
570 108
555 920
119 112
581 913
3 157
675 768
819 234
737 367
247 170
302 907
354 645
239 360
792 25
416 786
616 637
812 806
920 763
109 195
439 840
679 369
61 777
183 60
407 835
706 140
567 790
944 220
1 271
503 100
320 785
603 54
646 159
83 954
394 665
943 302
700 241
989 894
900 585
875 979
577 778
623 347
357 675
43 198
789 532
12 960
47 86
433 167
988 218
672 451
365 210
780 740
825 184
219 917
868 249
836 716
620 765
326 834
797 470
475 765
196 738
291 951
641 838
341 763
293 985
456 284
235 251
408 730
963 8
212 810
1 845
612 416
597 454
352 372
755 145
956 262
330 699
16 159
706 460
19 862
78 257
903 355
418 327
191 595
534 919
862 785
543 18
977 590
423 762
404 652
163 730
147 988
235 819
470 850
958 876
144 418
563 150
745 562
196 577
702 932
485 158
506 334
403 859
263 383
791 644
813 864
713 276
323 924
17 63
827 286
473 931
126 798
479 955
169 743
247 231
408 216
452 404
311 557
591 235
744 585
392 249
430 154
177 259
16 673
979 867
241 621
719 427
644 339
167 221
156 348
157 716
314 307
129 11
536 457
192 728
418 39
159 797
52 679
471 275
630 640
843 707
701 100
85 538
299 311
6 415
94 198
252 165
62 394
69 408
896 832
722 478
360 302
399 883
35 4
751 336
434 428
301 778
410 159
653 779
713 86
824 687
259 106
62 20
162 776
638 174
356 940
17 343
238 897
117 104
559 675
14 127
119 289
534 573
686 2
420 225
337 515
179 910
855 570
105 799
745 442
168 563
416 251
698 272
353 925
821 864
435 689
558 490
273 220
505 919
851 89
815 19
695 994
904 259
157 275
712 9
968 539
958 224
832 375
31 166
124 805
866 798
748 354
180 63
53 568
195 29
126 208
360 274
112 984
190 576
162 616
407 701
889 879
605 564
71 781
613 876
571 77
176 623
614 282
412 193
542 994
240 787
275 50
420 283
862 608
382 682
746 15
281 409
234 395
352 945
962 345
689 478
834 210
724 415
957 20
26 356
608 773
803 212
894 77
720 771
55 246
559 908
569 387
844 305
799 682
588 340
429 975
509 792
278 127
570 905
645 278
275 341
23 381
40 461
162 179
70 28
879 447
771 27
10 456
587 279
330 385
844 72
308 723
463 526
746 617
845 562
161 786
57 262
208 847
21 2
124 578
636 868
800 646
870 523
330 689
138 713
649 315
813 242
67 729
945 205
698 459
394 630
638 998
49 69
886 790
363 327
952 980
52 750
24 448
197 680
509 851
781 865
703 228
811 414
845 949
113 943
795 729
612 656
552 364
648 989
885 343
688 135
570 678
324 430
843 64
307 885
535 643
616 493
49 337
33 279
639 659
617 82
824 120
408 741
243 433
816 113
386 293
656 462
613 924
446 377
539 667
805 991
148 659
438 496
785 197
947 474
677 798
575 481
501 83
473 160
562 842
271 871
552 108
294 522
863 282
288 409
358 899
215 889
143 680
685 846
805 965
606 483
179 92
165 80
894 511
212 655
122 233
399 155
243 889
919 189
250 796
604 516
671 543
364 552
429 630
80 676
33 324
94 341
252 951
817 251
848 663
332 556
431 891
982 759
775 959
694 667
690 614
256 429
690 912
456 768
642 569
235 628
15 262
598 373
285 268
22 879
382 447
798 931
925 428
478 297
985 219
600 578
789 116
375 80
492 781
192 620
218 5
491 444
61 744
618 487
306 176
143 230
668 948
93 753
704 591
229 363
580 544
465 276
533 162
916 929
992 143
448 793
912 238
874 806
710 413
856 742
63 805
986 854
591 489
198 490
643 834
981 587
444 651
924 821
584 67
109 652
178 380
243 619
1 727
949 648
695 194
769 183
256 16
226 322
162 523
876 130
915 648
108 172
398 950
37 195
72 941
917 221
887 223
454 61
649 30
320 197
66 794
579 998
432 716
899 238
465 477
916 516
996 956
965 322
573 872
777 328
753 42
416 529
241 397
796 36
180 221
135 482
389 122
586 478
556 207
289 798
400 243
146 525
970 332
292 274
989 578
283 384
393 967
594 163
638 361
978 372
110 946
654 337
227 124
929 124
832 412
39 670
716 274
697 496
25 210
644 446
762 746
345 505
370 688
230 375
746 560
827 696
618 375
594 872
161 951
21 732
384 895
259 427
968 261
693 154
596 339
923 500
625 36
772 797
169 641
682 441
583 293
644 429
61 369
645 617
690 12
10 793
415 595
88 831
104 833
131 951
648 763
988 975
837 435
226 384
682 390
153 733
195 684
824 239
643 140
292 250
722 130
26 768
115 166
778 144
345 425
295 323
305 502
963 371
834 131
879 519
801 155
223 663
177 330
116 657
648 4
468 462
597 578
412 261
630 674
181 873
446 522
308 241
26 472
276 220
252 425
710 934
713 28
400 452
798 226
980 512
424 749
375 769
640 866
610 291
68 444
229 654
19 478
871 213
969 525
850 6
56 296
868 425
360 237
504 766
253 545
395 872
870 203
802 696
654 821
968 599
531 784
454 115
68 308
835 933
704 601
219 445
561 476
196 803
368 41
851 779
122 578
773 636
199 137
898 837
595 944
339 156
685 442
924 221
750 285
909 131
308 407
490 6
860 346
531 545
909 790
381 94
241 289
263 217
623 189
137 598
891 126
879 655
488 190
331 62
884 504
664 324
737 285
995 860
83 534
404 510
797 366
235 907
718 683
453 106
834 226
349 214
123 44
519 612
278 248
552 260
450 854
209 467
586 765
34 834
476 786
36 192
978 871
511 871
254 555
818 717
651 563
688 337
166 157
175 631
723 780
133 626
780 885
403 389
660 669
243 447
898 733
270 256
441 211
702 244
772 862
386 387
167 629
616 723
993 381
276 803
85 638
239 436
383 680
427 710
276 487
930 524
546 800
799 453
702 335
380 752
485 671
330 35
58 941
528 312
638 425
730 453
198 473
242 558
518 260
556 369
555 656
868 486
695 193
330 457
517 39
429 134
843 306
366 247
40 765
627 876
715 796
564 776
907 635
234 188
405 708
995 291
632 116
995 586
69 916
804 897
769 807
718 233
756 76
953 500
492 746
919 4
147 418
303 825
920 654
188 851
185 709
548 656
726 463
860 210
880 611
145 264
176 651
777 600
340 728
192 174
580 976
790 651
859 272
718 220
225 760
34 654
397 90
546 123
832 333
635 428
732 284
652 539
36 743
459 268
749 307
814 744
834 563
438 437
925 994
262 133
409 515
337 400
381 383
657 201
291 490
36 499
310 411
97 222
578 46
9 298
437 976
688 126
291 814
866 694
679 555
282 183
765 356
590 15
86 673
542 862
18 922
284 907
281 115
701 669
757 278
869 551
487 244
841 846
794 807
22 666
37 383
215 311
129 495
155 527
498 459
517 117
451 865
981 656
226 624
756 427
467 737
981 973
376 209
574 538
925 809
934 925
313 82
800 96
449 720
22 954
191 642
641 27
320 722
260 271
428 423
241 693
622 61
739 666
274 862
330 503
134 959
261 364
673 297
146 631
73 507
369 461
673 929
407 428
143 675
846 986
155 459
89 598
123 732
332 49
555 692
602 536
986 103
681 217
472 896
705 672
724 843
834 765
778 420
498 387
73 366
325 719
43 401
919 787
101 627
389 438
710 362
650 698
845 355
741 370
363 226
984 342
71 902
699 749
592 616
391 29
181 40
286 41
968 356
351 64
170 22
705 502
656 441
253 417
482 696
549 874
516 635
691 934
334 775
266 41
574 840
545 550
902 813
366 932
431 937
327 920
420 465
931 67
508 447
631 289
783 890
285 213
793 656
855 332
965 169
961 501
569 793
381 25
743 577
327 76
315 786
888 8
536 688
49 627
206 543
693 453
958 429
193 728
86 916
80 811
943 593
334 613
203 574
382 283
229 208
479 806
569 806
905 972
378 807
93 193
330 166
451 609
324 397
989 485
901 195
425 592
273 428
564 381
986 131
97 159
684 238
824 420
556 78
380 335
550 322
373 441
285 983
708 75
365 526
861 906
532 322
662 231
263 780
190 354
330 125
321 522
479 295
72 508
736 368
757 638
735 868
476 855
730 535
141 125
580 764
885 538
110 620
84 3
893 302
730 630
85 679
67 624
548 951
210 105
609 96
169 389
370 899
934 567
565 729
73 619
270 866
625 641
432 790
351 185
615 422
211 999
601 86
10 517
61 689
233 335
283 937
27 319
971 521
382 845
514 793
348 267
879 486
798 923
596 875
762 677
352 832
525 520
881 101
595 668
599 283
315 706
123 127
800 937
558 324
98 222
726 492
660 631
555 706
934 268
544 183
978 410
877 872
419 421
82 248
98 66
797 879
603 534
500 351
540 199
143 654
957 677
508 797
674 963
102 724
238 376
111 943
586 917
626 929
11 963
942 68
698 282
469 963
812 912
443 908
354 124
89 884
11 814
488 528
749 781
499 958
314 212
94 151
287 570
411 257
696 980
371 148
975 433
681 969
564 507
386 762
54 773
761 370
544 925
799 154
903 135
279 565
975 83
16 913
868 36
163 819
638 86
964 381
246 987
662 14
398 74
655 870
269 925
283 268
632 862
148 687
492 997
246 605
159 752
313 523
206 408
704 74
137 972
806 242
83 820
480 798
294 987
861 683
27 530
883 878
943 909
267 202
569 565
220 610
786 7886
296 7399
966 8399
138 8553
598 6780
259 6474
150 9816
457 8470
169 7240
984 6587
865 6239
414 9111
905 9172
733 7960
831 6471
721 9158
48 7064
94 9895
320 5748
485 8929
65 9513
968 9109
361 5448
799 8917
582 8028
160 8760
111 9413
485 8696
23 9929
291 6985
748 6034
378 7887
1 8177
343 7213
277 9259
180 9699
487 6543
43 9848
335 7206
435 7555
790 7820
419 9202
56 9563
709 9555
866 9160
518 7623
106 7770
430 7824
783 7203
202 5921
62 9372
722 9255
884 7116
743 9232
50 8938
602 8556
21 9170
367 6359
113 8489
315 8056
56 6196
856 5257
602 5651
207 8674
932 5370
467 8234
366 6682
912 6201
748 7716
649 6976
691 6857
603 6372
443 9164
229 7649
495 7111
74 8026
407 8073
470 9191
662 9974
357 6825
703 7780
537 6019
632 8986
457 9944
826 8508
888 9498
130 7343
910 9713
993 5671
560 8909
87 5093
18 7847
601 6332
449 7172
154 9533
589 9981
541 8411
288 8365
637 6395
337 9027
228 7541
365 8573
357 6409
216 6811
802 7416
546 8913
388 6044
138 6228
410 5127
558 5938
933 5292
579 9814
918 5703
788 7926
473 9929
599 9133
136 9097
327 8633
102 9465
318 6125
52 8850
242 9522
708 9644
373 8930
971 8183
738 9098
34 8422
892 6766
687 5626
458 8065
700 9688
475 7551
255 8046
935 7093
944 8345
603 6689
230 6164
408 7773
215 7336
60 8298
190 5199
338 7305
73 9132
765 7690
314 8671
282 7884
567 9218
333 9541
795 9389
931 5363
479 8775
374 5432
880 8690
637 5990
974 7791
899 7616
810 8309
232 8391
914 7315
731 8312
697 9194
476 9072
550 8596
174 6688
74 6958
718 9703
910 7290
831 7734
185 9667
579 8688
164 9081
784 5237
331 5930
84 5984
266 6490
483 9322
172 6379
428 9511
531 9031
670 7344
871 5760
124 8011
392 6814
587 8533
346 7423
916 6747
386 9724
53 7158
927 6983
41 6662
311 7143
951 5896
386 9378
316 9012
608 5040
706 8039
977 5779
641 5316
851 5951
297 6891
663 9841
53 6548
246 8327
402 9709
45 9838
688 9810
972 9781
231 8891
25 7950
758 5636
475 9607
471 6070
353 9306
327 7798
12 8557
479 8930
162 5181
228 7188
701 5642
488 5129
207 7915
964 9286
539 8708
502 5374
568 6743
881 6729
908 9552
614 8008
35 5164
531 8055
861 6749
901 6722
80 5242
244 8495
842 7624
325 6905
709 9936
809 9250
319 8583
628 6435
427 5952
664 7189
563 6536
745 6331
714 5484
790 5128
441 6468
142 7172
935 7558
678 9007
916 5374
963 9295
413 7248
602 5939
235 9510
521 5938
684 8322
646 5693
50 6465
675 8333
128 8797
573 9876
737 8087
373 6726
736 7581
378 6779
974 8634
107 6606
546 5823
699 8550
275 7723
134 5916
680 9178
956 5512
302 8193
701 8116
148 5904
335 9076
552 5190
690 8756
284 5641
178 8892
944 7668
252 9300
681 7249
962 8737
57 8749
567 7173
4 9249
610 6763
405 7933
604 8918
293 5079
343 8774
85 8049
879 7510
613 7404
558 7249
544 8641
465 5212
436 8678
80 7206
643 5041
536 6146
725 7002
352 8302
401 6559
962 5840
348 7547
760 9320
450 5925
884 7675
89 7287
312 7685
793 7694
494 7018
328 6525
943 5931
296 6387
581 7236
73 6159
237 5827
434 9329
332 9533
286 6324
161 5972
94 6943
228 7007
556 5209
185 6079
163 8438
387 7561
72 6336
528 7597
412 6370
36 6529
10 9933
850 6741
568 5877
133 5924
66 8975
167 5749
676 6851
67 6031
917 6071
988 5166
373 6074
803 6574
632 5756
823 5644
339 6653
332 6746
45 8155
887 8169
450 6485
339 8632
804 6043
494 6948
241 9125
890 8204
616 5717
718 5533
193 6430
691 6768
13 8364
154 8313
308 6615
19 9689
309 6397
253 8450
128 9740
651 7767
616 8766
667 6539
123 5920
723 5164
251 9018
116 6218
261 8055
895 9676
621 6956
589 9125
304 9409
652 6241
406 5781
446 8505
80 5986
829 6382
495 5724
949 6281
827 7700
706 8772
642 7565
663 8963
862 5329
92 8536
495 8911
196 6233
952 5218
918 6496
179 9681
448 9652
648 9554
159 6325
332 5578
116 6101
566 8084
754 9990
573 5862
604 8619
292 7893
138 5982
652 5469
750 5064
29 7643
947 7194
426 8840
499 5960
7 7737
715 7432
227 5685
768 9108
397 8859
354 6577
733 8379
774 7673
241 8525
749 7272
168 7812
333 5115
628 5722
198 5872
785 6946
858 5191
786 8675
686 6162
761 6989
189 5843
569 7194
56 8516
891 5196
786 5562
860 6302
921 7574
327 9866
183 8291
844 7227
607 5243
521 8362
500 7150
753 6402
868 9119
657 6090
75 8699
359 9283
222 9985
572 6191
784 5178
720 7250
328 8672
807 7186
656 5760
497 8458
822 5723
729 9750
272 6372
724 9426
43 7781
612 9026
888 6121
643 8264
874 6441
465 5191
15 7108
170 9370
340 8100
575 9699
510 9099
384 9314
907 8231
505 8783
666 5228
795 9065
829 8050
291 7408
388 7095
823 6986
627 8379
774 8235
903 8555
408 5689
789 7054
250 5789
162 7007
114 9532
537 9875
516 6381
224 5421
724 6673
331 9126
682 7284
110 6465
643 6188
308 8572
91 9282
775 7108
605 6164
307 9157
113 5310
564 6822
809 5265
258 6161
569 7227
271 9906
888 8534
716 7378
143 7400
413 6611
421 9666
392 9084
639 9810
945 6671
567 9670
169 8036
809 6263
130 7089
979 8413
581 8707
384 8172
283 6075
22 9619
840 8168
147 6767
599 9260
628 7954
285 6439
619 9997
764 5959
617 6908
797 6150
287 9337
524 8743
423 5855
822 9445
239 5585
405 5610
97 7568
238 6677
262 5377
498 7266
879 9029
271 5056
529 7604
185 9740
882 8112
143 6816
791 8711
620 9096
31 9270
786 7696
438 6083
377 6637
132 9896
825 7634
684 8529
627 9435
724 5914
497 9868
198 5568
529 9391
982 8738
134 9849
635 9720
926 5448
85 7558
828 9212
308 9310
431 5709
180 9980
913 7327
818 9559
10 8452
735 6326
212 8611
782 6077
787 7108
1 9783
734 8978
536 5594
811 5400
649 9758
938 7529
512 5779
287 5761
950 9871
300 5913
519 7291
110 6037
398 6024
533 5874
904 5322
389 8726
884 5115
366 7473
395 5394
441 8195
641 8747
75 8456
662 7403
307 9121
404 6325
476 9545
501 5989
579 9870
537 7770
985 8595
825 9265
354 6425
91 5624
374 6965
976 9487
517 8727
88 7714
65 6867
176 7968
312 7435
391 7236
599 9090
638 7333
89 5036
989 6419
989 8706
328 6234
94 5149
570 5981
538 8456
447 8820
478 5284
641 5585
682 7036
288 9270
769 8075
497 8943
384 6985
770 8564
804 9484
193 7514
602 6914
907 9153
900 5590
759 8572
519 6459
671 8221
829 5527
411 5913
433 5423
648 8293
435 9468
645 6090
332 9750
276 7117
544 9852
869 9794
241 6851
501 8881
267 5089
131 5071
547 9934
644 6639
790 6715
627 9829
340 9310
266 8305
919 7617
534 8628
962 7495
940 8756
624 7447
547 6082
492 6586
288 7876
709 7372
217 7464
77 7229
879 6109
776 8084
224 7490
805 5775
280 6224
613 6903
563 8931
890 5084
31 5469
690 6528
735 9661
219 9766
748 8324
165 9317
135 8349
730 5785
21 9413
119 9972
883 9184
117 7078
731 5770
964 9589
10 6018
404 5502
619 5823
348 6071
788 7742
938 7741
498 6245
897 8747
247 9966
266 9330
914 8576
234 5109
858 7318
172 8118
393 6482
946 5522
221 9567
210 9753
718 10000
375 7908
135 8135
678 8738
987 9136
749 5146
205 7023
547 8143
206 8406
113 5609
685 8708
702 9691
922 5795
25 6871
973 8044
7 6616
439 7923
53 9963
456 8230
250 6763
496 9120
640 9218
770 6559
789 6204
716 7397
710 8509
186 5533
851 7485
624 7401
844 5827
490 8752
726 7696
305 6108
719 9899
267 7495
412 5633
510 8560
797 6355
760 8339
11 5393
286 8304
275 9940
976 7688
737 6817
682 9619
881 7366
237 5742
578 9397
655 7368
678 5630
290 5603
577 7262
759 7285
318 8354
628 9544
793 9390
209 7226
528 5626
704 7711
119 7081
893 9617
303 8982
405 6959
314 9453
550 6821
435 6543
902 7868
966 8090
200 8791
150 9520
429 8847
10 8907
769 6192
972 8500
718 8702
37 7168
13 7044
561 9082
418 5528
952 8849
917 8941
31 9786
179 9868
534 7930
626 6242
163 7701
664 6616
36 9659
906 6930
466 6104
435 5606
961 6226
859 5225
207 5581
488 8783
378 7862
159 6808
92 9827
169 6413
482 7353
480 6049
210 7717
137 5547
358 5058
430 5405
843 5177
565 5950
30 6078
710 5214
85 8158
432 6174
464 5968
70 5871
431 5864
371 9170
710 9215
45 8205
935 6441
442 8262
4 9187
342 8722
211 9970
897 8681
316 7960
986 7124
524 9241
128 7163
714 9033
601 6970
797 8942
209 5312
336 8735
376 5989
807 7923
885 8075
203 6028
840 5600
297 8155
863 9425
657 5345
723 9165
970 6993
779 7962
593 7425
551 5119
387 5488
405 9830
681 6443
380 9607
596 5951
815 7815
321 9927
667 6359
795 7134
566 5169
12 5839
180 8617
170 8906
970 9304
161 5765
659 8916
767 8768
799 8051
815 7263
575 7765
448 5008
860 9358
83 7285
502 5394
709 9735
1 5059
359 6093
895 6304
567 9403
513 7256
76 5475
695 8566
973 7575
688 9790
456 8144
593 7240
621 7319
127 9647
6 7866
398 9124
347 7974
784 7714
630 7346
437 5917
820 7112
835 8239
632 6268
219 9819
61 7061
918 8485
495 9726
871 5563
53 8893
493 6765
743 8789
626 7178
167 5937
853 8655
198 5447
873 5917
212 5585
664 7346
795 5392
122 6276
848 7557
478 9283
796 9359
74 8758
475 9613
465 7169
607 9671
115 6328
83 7289
680 9351
127 8688
61 8892
744 5619
617 9795
137 9988
236 6918
473 9257
645 6764
148 9826
374 9627
393 8408
891 5729
722 6536
147 7315
222 9150
441 5762
47 8757
978 7748
543 6112
930 7956
339 6283
888 5053
663 7695
831 8843
206 7579
554 9265
253 9781
460 7620
614 7354
11 9102
723 8707
91 5848
974 6756
50 6241
247 6123
704 9151
395 5758
201 5538
481 7082
681 9748
498 9189
826 6200
627 7523
16 6337
202 9778
421 5603
739 6275
564 8020
870 5632
71 7124
548 6359
944 7245
999 5589
907 6872
684 6179
98 5981
539 9110
123 9227
687 5580
963 6136
138 9717
689 8779
574 8934
427 6560
223 9945
912 8887
164 7686
817 5991
257 7663
15 7644
661 9111
782 8250
981 6018
320 9695
731 5982
166 9958
99 8708
402 9289
982 8181
518 8673
4 5770
116 8182
747 5234
742 5291
43 5326
66 9436
630 7353
167 9830
453 9113
108 9676
386 7445
368 5951
594 5924
493 6537
867 9324
735 5344
447 6057
446 5412
821 6012
411 5831
122 9367
36 5472
266 9014
170 8627
103 8907
218 7415
357 9979
908 8154
406 6846
601 8679
674 5669
868 8737
479 9681
734 7531
680 5950
569 7469
153 8551
89 7727
725 7634
981 6089
346 8421
647 8320
602 9417
686 9087
393 6943
861 8609
655 9706
248 5564
142 9711
738 8919
405 9448
154 6085
543 9181
96 7922
477 9573
688 6422
266 8860
756 5507
259 8180
207 5453
742 8066
748 5595
23 6545
922 7449
581 5151
780 8686
801 6627
701 6243
759 6858
300 6439
180 5202
348 7130
496 9542
594 7084
397 7006
244 7244
878 7984
854 7602
704 9692
361 5882
463 7871
947 5779
406 6425
845 8701
528 6008
925 8661
40 8577
639 5161
996 6142
609 7435
543 8874
470 8929
438 7482
114 6503
836 9333
480 7447
301 6461
247 9430
43 8403
715 9461
343 5804
274 5533
364 5457
236 5066
872 5707
769 7725
308 9929
47 7130
482 5967
855 7227
438 8434
107 6807
831 9947
510 5474
704 7240
862 5531
361 8108
428 9553
927 7768
639 8610
572 7860
212 8827
355 6970
360 9805
231 8941
1000 5075
645 7695
472 8741
233 5073
878 7036
359 6215
928 8947
282 7513
44 9131
722 6073
870 6647
44 6287
539 8945
106 9742
288 7198
344 7286
110 7291
403 9743
978 6547
526 5988
935 7198
121 9033
876 6060
775 9256
372 7282
78 8576
774 9128
321 5304
657 5628
553 7062
777 7605
541 9108
442 6873
296 9662
775 8621
857 6217
195 6984
747 8800
43 7861
151 6007
283 5155
93 5251
75 8445
416 8127
936 7973
524 5580
623 6622
732 8008
201 7553
937 7550
706 6720
340 9325
518 5983
526 7391
732 7302
35 5976
127 9606
500 7734
48 5579
952 8623
802 7710
653 5901
489 6095
85 9824
812 9826
952 5234
247 9698
565 5635
867 5051
337 7921
952 9355
322 6707
148 9884
564 9499
66 8293
115 5687
271 9475
161 7578
947 9767
151 5762
989 5476
201 8264
520 8860
88 7377
88 9162
557 9030
109 8613
756 7347
779 7588
256 9246
960 6045
11 5956
868 5591
459 6712
913 5045
201 5588
325 7247
58 7217
493 5005
423 5253
128 9461
721 6341
576 8006
171 6528
514 8598
919 9421
238 7641
448 7603
834 6734
450 9994
588 6192
824 9291
269 8415
764 5359
659 7774
311 9416
954 6750
137 7754
322 8034
965 8028
595 6237
360 5948
885 5039
466 7646
490 9664
249 6201
395 9528
258 9235
110 8486
703 6336
85 9777
590 6045
912 6795
534 6049
449 8802
961 8146
572 5423
124 5235
118 6699
382 7495
781 5865
883 6468
438 7950
950 6798
462 6276
456 8553
954 8712
513 5358
369 8164
848 7149
858 9225
693 8390
318 6614
449 9425
5 5565
215 7717
623 9751
503 7874
933 5843
661 9780
254 8559
736 5638
295 7247
394 6452
990 6618
659 6505
845 6711
369 6179
355 5930
80 5125
268 8726
619 9995
408 8241
702 5205
980 5503
121 6151
881 8478
482 7425
955 6084
367 7781
869 6576
854 9675
469 5679
406 9836
939 8441
91 7430
472 5069
466 5778
752 7964
974 7072
946 5450
294 9117
412 7574
96 5113
343 8259
358 7548
134 9719
456 5226
28 6192
11 6733
433 9243
49 5458
237 7580
306 8131
207 6975
265 5899
798 8273
753 9572
383 9876
393 6191
478 8735
751 6185
515 8248
607 5970
594 6825
414 8245
421 6741
268 6926
480 5513
435 9116
686 5143
133 6669
383 5863
324 5732
876 5971
536 5360
458 6020
806 8324
539 7920
302 5845
667 6647
501 8851
772 8107
690 6850
232 5115
125 9912
666 5161
213 7710
127 6352
266 8474
670 9016
733 6803
381 6671
368 6890
912 6953
145 7485
150 8490
160 5078
514 8119
497 7337
780 6834
80 7286
933 6062
718 5429
109 9461
966 7599
485 8064
714 9727
657 9474
221 6976
500 8267
936 5249
370 9343
514 8664
998 8389
526 9568
787 7494
121 8822
946 8572
667 5974
669 5078
456 5181
43 9251
393 9851
442 8681
949 5413
609 5245
627 5965
589 7958
862 5010
111 5027
767 6131
770 9370
250 6071
595 6118
766 5329
268 8650
726 8824
887 7590
432 9884
989 9537
380 9824
560 8318
513 5757
778 6100
873 7771
965 9982
236 5103
521 5064
759 5220
110 8953
548 9205
253 9191
444 5330
447 5836
717 6068
594 5641
408 7217
751 8428
640 6012
423 8388
322 9570
285 7752
117 5274
320 8771
196 9524
177 8566
994 9837
535 5092
563 5899
213 9351
661 6781
122 6528
959 5044
701 9546
58 7409
922 5313
378 9047
403 8277
333 6620
238 5660
760 9447
12 5279
345 6092
917 9984
355 9628
710 6265
210 9832
204 8334
632 8241
814 6835
849 5467
727 8216
486 8271
925 7370
31 6509
687 6215
357 5385
721 7881
291 7758
870 5502
428 5659
100 9121
470 8725
26 7617
566 7940
467 7963
977 6628
631 8512
987 6105
219 8124
867 5885
657 5668
197 5460
909 9308
110 8561
770 9214
479 6432
573 5497
433 5976
103 9095
711 7470
225 6780
55 6424
297 9586
603 6605
105 7017
667 6030
597 6933
445 8161
111 5209
236 7635
657 5211
769 8925
319 9388
932 6459
643 6616
442 5673
557 9623
490 5444
460 7482
108 6284
529 9447
878 9852
186 7414
850 7450
828 9297
364 7290
566 6385
869 5776
324 8718
817 7889
292 9197
318 8222
624 7624
901 5575
709 9539
288 9719
20 7281
893 9636
86 8151
631 7039
89 6855
794 7607
309 7047
761 7680
292 9085
429 7577
589 5737
349 5143
805 6076
194 8173
245 6057
179 5615
48 7863
788 6503
789 9613
574 8076
438 8409
787 5878
264 5809
537 5132
663 9706
428 6182
201 8079
969 8039
689 9829
765 5918
624 9853
75 9661
896 9065
896 9974
952 8606
940 8972
612 8350
660 5122
208 6683
698 6161
258 5503
884 6399
309 8785
863 7017
165 9572
796 7069
68 5461
868 6516
190 7225
118 7341
491 9362
620 7683
912 6523
229 7472
169 7810
621 8898
668 7755
487 8698
326 8810
922 5048
610 8423
700 9177
895 9029
417 7620
350 9465
993 7556
143 8881
273 7891
159 9058
364 5949
241 8847
41 9878
392 8892
225 5970
902 5591
123 6767
8 9051
813 8951
560 5915
390 8416
599 7454
317 9689
773 5628
487 6901
889 6361
407 8218
959 9914
774 8052
451 5697
390 8890
793 6867
157 8970
16 8203
146 5868
834 6816
811 7208
665 7656
797 5465
111 7047
95 9582
949 5466
585 5756
759 6288
142 6496
71 6132
233 6665
100 7153
214 8436
369 9168
392 9346
452 9774
969 7988
217 7942
608 6755
535 8834
104 5318
478 8063
747 6191
673 6631
118 6621
58 5556
957 5851
375 5308
444 5042
603 5213
617 6800
919 5985
821 5946
571 6205
410 8482
365 5683
705 7176
274 8580
409 6971
786 7383
981 9752
849 5004
964 5213
70 7264
597 5069
681 6750
879 9704
845 6389
382 9740
60 9725
446 7838
928 8455
611 6826
753 7839
530 7730
154 5764
579 8882
784 9450
877 6577
223 8704
517 9820
875 5451
292 8012
28 7025
423 9354
849 7514
182 5773
786 9038
311 5036
381 7898
725 7253
981 5695
718 6647
26 5884
26 6745
605 6571
434 6416
313 8522
610 5430
246 6797
678 7558
359 5010
987 9286
585 7291
543 9614
504 8726
881 8646
219 5507
887 6041
831 6596
283 5041
38 9269
216 9831
299 5915
252 9605
614 6144
276 9857
95 5732
124 8194
555 6486
54 5070
782 5772
340 9896
62 5596
847 8159
738 9529
851 9913
25 5561
168 8550
623 8969
584 7959
88 6714
487 7889
636 6346
249 9845
553 7463
910 7695
68 9640
596 9557
448 7080
747 9626
272 5114
679 7240
927 7717
962 9225
658 6578
183 9883
147 8018
36 6003
5 7533
362 7612
418 5833
620 6297
562 7617
235 5320
483 9716
38 9213
571 9818
536 6271
268 7506
589 6214
330 5755
404 7429
697 6110
638 6228
908 8521
202 5877
557 6028
675 7269
828 7366
762 6892
70 8445
764 9784
873 5050
396 8072
881 8582
456 5518
745 5146
557 5791
772 9142
804 7469
729 5028
931 7897
731 6312
660 5791
58 6579
871 8731
92 6392
189 8613
865 6087
902 7775
927 9692
212 8709
872 9914
62 7499
799 7882
764 5883
49 5328
99 8874
306 7436
860 7640
705 5435
547 6136
884 6834
553 8179
444 7190
780 8840
414 8955
819 5000
583 8687
346 6537
198 8372
203 7938
208 6414
466 7089
12 7384
549 5061
428 9150
649 6777
922 8533
736 9343
136 5221
628 6843
557 9927
808 5802
205 6850
978 9238
536 8811
311 6276
300 9337
159 8624
854 8281
822 7870
917 9388
161 6656
554 5847
532 8651
353 7430
640 6025
301 7700
39 8761
480 6233
464 7296
984 6550
180 6588
381 5576
377 9571
24 7380
406 5121
443 5587
419 5032
736 9476
76 5217
426 6735
34 7538
901 9480
895 5573
411 8902
59 9641
509 9463
93 9726
919 7646
949 7077
670 9760
18 5336
558 9234
539 8659
841 7456
810 7003
708 9200
423 8239
806 8444
946 9251
175 5980
454 9651
437 5909
940 6724
630 8254
298 9601
484 6579
144 7777
926 8768
270 8013
879 5979
566 9117
102 7009
793 8698
964 8626
672 8421
970 9002
975 5392
533 7493
962 7777
693 8787
714 5204
543 9755
535 6460
360 8675
403 9872
211 9443
669 9947
172 5814
957 6774
314 9118
646 6022
213 8338
436 9613
734 6786
476 9157
922 6035
87 6928
971 8655
795 5282
130 9153
832 8500
995 9283
982 9811
429 5635
11 8949
170 5416
389 8015
199 9169
120 5759
668 6683
604 5388
116 8394
98 8008
849 6607
840 9068
632 9847
596 6315
427 7319
914 8372
832 6232
255 5247
888 5051
773 9856
475 7873
174 5404
904 8365
751 9716
102 7843
166 7478
300 5505
433 7840
623 8740
288 7953
184 8067
687 9615
641 6182
104 7847
753 8450
37 6387
576 9744
473 6635
735 6364
778 6603
956 6557
697 7584
590 9214
274 5042
532 7580
426 7150
590 7079
310 9275
256 6344
400 7113
729 7336
186 6113
803 7711
184 5667
764 8889
17 7456
778 6084
277 6655
878 9848
338 6743
684 8172
944 6410
341 8428
425 6529
944 9158
302 6829
554 9817
49 6214
793 8241
854 5670
747 9463
74 5375
263 6431
944 9059
910 6662
13 9457
927 9415
858 5000
576 7668
860 9454
541 8311
605 8322
923 5141
692 6750
243 6121
418 6083
695 8512
395 9552
322 7560
528 9039
407 7495
171 6600
889 6533
589 9898
649 9736
80 7238
838 9094
194 5785
348 7916
265 9083
33 5121
244 7557
769 6711
330 9722
174 9463
922 7413
980 9556
336 7208
94 6265
690 6060
268 8486
826 9994
429 8530
13 8143
181 8522
745 6148
938 7195
35 9737
498 9818
11 7843
959 6174
53 9205
185 7603
586 8330
538 5666
23 8397
892 6371
301 5404
471 6328
288 5456
165 6473
728 8526
751 5168
495 7630
542 9403
125 6929
297 9518
557 5844
147 9791
223 8220
857 6414
681 7585
841 5525
78 6416
545 5765
710 8697
222 5559
730 8970
699 7562
30 5966
832 8718
112 7570
4 5212
868 9946
87 8333
189 5201
392 6163
15 8871
992 9920
855 6172
448 5737
813 8143
970 7251
128 5853
679 5782
177 6726
308 6600
733 5618
437 8382
322 7565
669 7254
807 6657
971 9072
408 5924
850 8284
495 5833
202 7447
489 6353
272 9999
727 6527
252 7361
169 7816
609 7123
702 6733
517 5981
321 9954
711 7703
872 8154
971 5798
174 8152
827 5267
515 8360
643 7171
205 6799
178 8691
693 6851
92 8365
357 9519
126 6515
505 5204
199 7704
392 6351
104 8970
3 6484
267 8298
963 8371
541 8742
937 7772
964 5572
83 6794
417 8287
694 6556
906 8759
712 5947
511 9060
806 7569
987 6777
249 7528
696 5296
778 8255
119 9982
351 5772
980 5310
783 5465
678 8515
345 8371
73 6179
627 6868
846 8174
21 6406
621 7382
894 9399
317 8725
327 8188
138 8479
565 5671
525 9972
30 6409
611 9200
267 5141
940 9899
428 8944
145 5227
706 9004
406 6865
257 6724
5 6808
498 7678
275 6413
138 5145
220 6929
926 6821
317 6839
540 9211
622 9065
342 8583
167 5134
174 5095
70 7941
509 8947
633 9273
405 7437
192 8456
741 7743
52 9769
848 8568
524 7552
536 7121
772 9398
741 9910
900 7752
235 5850
791 9269
476 6882
560 8282
525 9872
638 5406
540 7541
735 9615
528 7860
617 8379
48 6445
935 5322
108 9883
774 9047
254 7805
188 6983
839 6718
213 6725
180 8309
661 5396
845 5631
884 8160
38 6485
197 9392
426 7925
470 6014
970 7035
663 8365
308 6922
119 9035
365 8524
113 7434
787 7113
978 7029
314 9245
386 9581
80 6125
436 8181
158 9237
450 9771
713 9303
722 6839
709 8004
728 9688
549 9300
965 5088
711 5507
976 8806
559 8835
334 5436
886 9232
673 7877
346 8650
919 6937
632 8404
65 7944
962 5720
423 5697
844 6302
799 5595
809 6933
638 5540
261 8183
117 9899
103 6673
185 6022
54 6969
13 6919
855 8314
488 5335
810 9781
480 5166
867 9476
853 8025
723 9559
769 7367
306 5399
114 6121
612 6269
211 7094
140 6524
465 5091
516 7105
194 5278
860 7062
459 6791
950 9736
232 9129
602 5679
370 5915
655 8522
367 5604
156 7709
227 7620
629 6581
537 9033
827 8819
994 5146
139 7940
381 7315
398 6201
740 9942
21 7357
981 8253
704 9995
465 7403
359 5339
874 7663
198 6482
13 5937
552 8461
468 9553
24 9202
670 8742
614 5511
47 5324
868 6260
572 9123
533 6565
393 9729
436 6337
936 8651
117 6192
937 8688
73 8679
920 9041
217 5423
495 5807
274 5943
509 8676
292 8510
957 9159
648 8239
678 9730
38 5868
787 5415
382 9334
998 9115
919 8284
718 7573
239 5218
980 9572
526 9057
311 5223
430 5630
912 5565
3 5339
337 8908
15 5960
275 5987
41 7871
299 9367
200 5707
757 9199
798 6300
909 8626
277 9599
756 7322
201 8002
455 5234
145 6636
428 7070
888 8584
428 8643
499 6954
320 6412
226 9375
227 6471
402 6038
621 5989
354 6225
768 5210
560 9133
467 5229
406 9448
868 8159
354 6479
527 7498
430 9996
673 5056
252 9356
458 5270
512 5719
714 5033
823 6223
152 6991
505 7751
85 6453
372 8414
599 6984
3 8564
780 9235
705 7708
978 6841
404 7136
702 5941
777 6781
949 5656
155 8648
744 8372
702 6935
195 7267
894 5471
102 6006
413 7152
713 5949
482 6256
766 5989
550 9072
579 5554
219 5078
920 9349
614 7779
842 7867
7 7407
324 9316
102 6891
286 9274
864 5060
3 9634
707 6160
848 5154
228 9165
743 8112
347 7505
176 9789
626 8470
880 7311
140 8278
291 6287
706 7086
520 7230
274 7464
503 8481
965 6835
277 5126
955 6487
258 9326
888 6592
109 5347
431 5606
413 5593
80 8723
929 8855
823 7472
435 7768
956 8560
194 5242
320 8077
492 5523
943 7993
447 5610
684 6207
295 6763
406 6764
410 6297
64 9558
902 9312
659 7392
725 9395
660 8744
458 8568
396 9733
688 5977
916 9989
877 8053
920 5890
271 9792
202 9102
355 5395
109 9487
551 9172
418 5604
153 7502
508 5831
560 9059
93 6675
3 7769
331 7627
689 6498
498 6521
572 7578
493 6813
250 7025
786 7163
790 7735
583 7165
580 5566
944 6350
362 6638
781 9694
374 5795
331 6737
109 5419
921 9907
527 7758
927 8432
807 5768
417 8654
135 8525
353 9412
658 9741
507 7889
716 8393
162 6032
777 7793
621 6443
646 8272
377 5568
883 9417
85 6989
870 9805
542 5132
273 5007
282 8828
882 9898
772 8039
507 7051
449 9847
846 7260
694 5208
687 5168
733 9153
262 8024
617 7394
853 5557
745 8904
847 6935
282 6512
974 9453
346 7336
589 5952
867 9112
161 5192
334 9090
842 9078
386 9532
725 9453
923 6165
730 6513
883 6690
337 6370
1 7287
515 9600
468 5910
154 8169
159 8840
980 5114
6 8747
452 5880
26 5772
9 5998
587 5746
879 7313
205 6932
652 9459
308 6395
282 7731
345 5142
198 7603
750 6129
561 9138
832 9137
154 5625
229 6147
321 9217
14 5818
535 9089
353 7215
466 9197
533 9847
110 6609
605 7828
772 6656
582 8247
18 6878
271 8620
995 6978
896 5571
736 5724
702 7799
493 9638
77 7548
234 6096
188 9514
309 7864
972 7869
17 7141
633 5256
237 8977
940 6756
379 8453
684 5750
651 9655
35 5067
509 9056
291 8059
955 6795
816 8967
920 7402
63 6929
483 8758
928 5574
775 9902
130 6302
57 9986
238 8688
84 5550
312 7654
125 5547
975 9118
743 6498
8 5539
271 6280
90 9400
174 6220
444 7674
946 7816
397 8541
894 8950
664 8508
541 6851
265 6308
105 6726
406 7861
726 7709
840 8735
610 8656
728 8764
913 9525
481 8573
712 6323
301 7681
895 8631
477 9262
546 8472
724 9410
7 5077
245 6473
836 5791
547 6876
663 7164
161 8386
570 6135
948 8416
275 8599
42 9121
57 6279
981 5251
534 6460
130 5273
347 6179
374 9431
767 8851
791 7432
781 6928
172 6136
382 9662
626 8494
743 9046
953 5493
466 8710
125 6606
93 7513
41 7913
304 9668
587 8976
915 9671
206 5039
636 7454
583 8724
240 5208
660 7655
599 6823
668 9335
439 6651
194 9349
634 9487
356 5658
585 9634
655 9520
547 7295
630 6973
108 5283
752 5496
695 8475
986 8835
399 7410
591 8745
938 8700
152 8045
198 9134
694 5872
151 9766
623 6036
680 5253
370 5627
544 7504
461 9136
711 8989
685 9921
874 8103
623 8887
690 6666
87 7547
953 9402
892 8396
700 7772
964 5239
998 9114
101 7768
219 9560
915 5408
566 8274
475 5609
224 6339
484 6836
215 9385
312 5839
195 7063
701 8853
351 9352
421 5666
718 7462
157 5840
743 8693
653 9789
852 9301
631 5520
114 9718
810 8430
7 8029
506 5332
814 6708
675 8936
675 5694
252 7162
803 7549
534 7371
200 8815
923 8534
536 7100
821 5060
445 6047
59 5956
472 8354
580 9957
566 5794
395 7957
558 7210
281 6693
822 6779
506 7953
770 8410
119 8711
483 7656
720 8910
386 9342
902 8840
930 5969
321 7327
873 5094
685 6159
59 5308
791 8968
170 5318
983 5967
86 6336
196 5323
969 7536
721 6316
265 8584
203 6409
349 5568
571 6868
227 5105
868 5772
288 8943
448 7240
809 5902
768 6319
137 8563
345 7519
12 6403
743 6763
951 8646
283 9960
612 7836
708 8737
752 7625
744 9369
177 8733
492 7101
793 8785
440 8139
681 6147
569 9492
912 9299
843 6519
138 7287
181 6954
347 8680
519 8193
306 9732
471 9183
815 7685
187 8603
227 6878
692 6837
656 5553
939 5625
506 5910
512 8915
99 9250
183 9184
195 6735
223 9698
352 6301
983 6001
684 5257
726 9807
436 6335
130 6881
913 8524
268 6508
106 7387
555 8333
650 7537
3 6671
340 9521
790 9288
502 7982
393 9691
823 7118
121 6940
211 5570
904 7907
166 7327
104 7968
720 8295
367 8101
991 7741
271 7026
144 6573
718 9426
941 9029
5 6049
245 6387
478 6827
190 9680
452 8164
699 6195
892 9478
993 9284
241 5528
130 5946
337 7839
476 6001
202 7771
45 9034
738 9037
104 5726
277 5787
355 7831
93 6493
6 6615
832 5391
266 7715
692 8219
260 7412
302 5009
809 9771
77 5126
735 8679
310 5850
539 9729
120 5226
812 6387
358 7222
492 5682
343 8241
326 9545
717 5478
347 9282
841 7814
493 7740
713 9416
601 6820
264 5643
867 8223
527 5580
860 9918
612 7314
257 6722
320 7630
886 9801
890 5699
254 9452
431 9355
626 7924
615 8228
363 5978
854 9026
915 8926
16 8076
502 8759
665 8738
708 9331
731 6148
28 9982
873 9443
503 7512
752 9575
39 7802
77 5604
225 5965
149 9381
233 6248
117 8484
440 5291
805 6763
418 6181
843 5301
816 8923
696 8344
676 7373
555 6020
328 9242
613 5847
163 5596
898 7618
316 5167
753 7770
844 5419
923 9305
453 6740
345 7596
798 6653
818 7636
217 5158
330 5087
554 8656
583 9864
562 6020
84 7511
165 7909
976 8768
167 7678
249 5797
648 6335
923 6291
422 6102
505 9925
334 5292
276 6442
79 6535
2 8836
816 9130
1000 5761
20 8105
237 9418
323 7937
260 8634
699 9671
759 6758
405 9278
711 8028
716 9673
72 6188
684 7242
708 5649
382 6076
295 9254
421 8530
321 8697
841 6446
64 8414
177 5154
514 6456
367 6498
675 5744
731 5616
460 6086
938 7963
171 6118
737 5761
368 9338
248 9300
289 6739
585 9868
725 5491
239 6959
663 8193
332 7243
36 5759
391 5999
467 5663
517 9334
846 6340
633 6535
333 8603
387 9064
400 6207
308 5838
380 6828
529 6663
846 5816
903 8340
891 7437
663 5740
958 9670
628 8223
807 9276
975 5635
989 9872
866 6902
32 5556
236 5186
492 9593
41 6563
312 7695
703 8980
749 8748
555 7307
438 9886
810 9314
27 9946
79 8252
76 7432
99 6704
261 7962
804 7209
809 5078
538 6515
829 6211
786 7296
787 6086
308 9244
10 9808
258 8378
100 8437
381 9235
630 9610
46 5457
565 8174
993 5411
242 8493
678 7446
569 9246
876 6271
538 9541
310 8198
901 6632
87 8413
827 8043
60 7335
769 6905
539 7292
778 5946
621 9828
909 9549
805 6416
916 5027
918 7518
935 7092
705 8402
665 9098
798 7494
42 6673
967 8802
519 9624
384 5852
741 8990
28 6712
568 9250
460 6342
415 8959
717 6432
172 9474
263 9744
674 5600
207 8265
14 6982
661 5072
163 9335
909 8852
49 6911
218 9768
565 9598
307 9189
456 5305
851 8848
200 8764
185 5598
627 6222
601 6735
811 8203
169 6748
783 7627
97 6657
154 7893
163 5224
569 8209
590 6152
209 5176
681 8516
344 9502
816 8195
91 5601
856 7969
582 8790
59 9535
488 7849
259 5123
81 7439
653 6156
644 5868
304 7409
360 5414
267 5232
963 6710
432 9068
253 5831
41 8029
225 7147
307 5076
368 9601
650 8273
164 6417
139 6598
92 9440
731 7407
891 9211
66 8457
25 6414
783 5876
516 5582
332 9681
855 5707
351 8662
416 7156
424 5281
962 6717
595 6833
464 7895
143 8297
410 6324
524 9355
857 8483
439 5555
325 9183
174 6462
848 7023
817 9288
382 6424
493 9733
327 9970
850 8745
711 8889
628 6202
392 9282
861 8324
657 7220
510 8749
511 7706
645 8271
241 6659
788 6220
290 9796
848 9085
671 8196
23 6987
920 9034
229 7983
786 5075
293 5104
653 8591
303 8894
638 6894
924 7589
533 5950
719 6179
595 7782
541 7656
180 6863
703 8879
45 5418
625 7668
10 5957
867 5032
463 5630
19 9418
378 8626
449 5245
987 8309
969 5896
540 8574
107 5708
122 6039
799 7531
562 7699
556 5493
539 6024
601 9098
39 7039
87 5644
627 8241
14 8460
239 5798
381 7495
59 8913
709 5839
431 6621
35 6443
463 5739
258 5387
416 5550
625 8208
810 7617
42 8621
109 6561
750 8795
991 9272
954 7011
785 8487
581 9816
673 8983
442 5077
136 5250
84 9548
4 7472
412 7295
984 9478
755 6504
937 9488
226 7482
591 6580
670 5823
759 6893
742 6545
893 8262
782 6280
698 5394
531 7671
960 6005
6 6403
638 8897
405 8381
531 8891
731 7941
652 6126
157 6961
825 7632
497 9130
858 7835
407 6316
960 8875
13 6006
101 8055
818 7736
997 9125
239 9436
211 7359
999 6290
477 9493
957 7467
576 6305
885 9206
672 9500
751 6951
471 5347
273 9255
16 9722
666 9543
454 9464
892 5369
693 5356
978 6191
428 7178
957 7309
778 7959
243 6577
818 8287
370 5203
374 8505
432 7558
12 5209
176 9773
386 5098
784 8553
400 6176
34 6744
877 7956
944 9856
411 9239
914 6680
384 5706
723 6424
107 8211
162 8315
448 6820
638 6807
902 6442
642 5671
195 5779
1 9523
443 7556
247 6357
675 8794
845 7190
161 8549
826 7792
136 6768
68 9375
34 9117
143 5651
84 7282
116 9371
133 5263
878 6374
138 7422
454 7210
723 9685
734 7015
432 5800
46 8033
1 7024
126 6092
769 6438
826 5469
250 6180
178 5831
502 5555
105 9141
263 7442
921 7467
840 6537
484 6458
616 9168
915 6237
856 7371
708 8679
861 8376
984 8800
268 7504
456 6744
755 6770
997 5915
818 7620
113 9252
958 8007
524 7662
966 6445
101 7529
51 6290
852 6110
599 8240
835 9240
889 8423
563 6388
295 8152
792 8152
844 5078
963 9333
893 7985
130 8235
200 5568
834 7569
481 8088
934 9527
282 7496
617 8161
429 5331
209 6244
480 8532
419 6520
705 8950
243 8018
177 9202
201 7705
638 6243
74 9696
847 8199
133 7243
836 7995
745 8644
749 7573
54 6867
697 5958
144 9591
110 7842
156 5446
156 5849
82 8854
877 6776
378 5962
313 6488
214 8908
599 6296
933 5828
23 9488
457 7929
467 8113
92 8762
240 9446
60 9985
918 8093
798 7087
683 5356
486 5048
393 5003
415 8302
973 5545
356 5863
862 8717
236 6898
324 5392
899 8790
69 9618
516 9437
604 6736
362 8869
440 8139
991 6249
344 6468
139 8797
549 6088
349 5822
656 9743
687 7785
446 5986
618 5025
543 9435
136 5359
510 5536
568 9957
855 9575
877 8461
189 6645
789 8763
854 6293
586 6526
257 9468
898 5647
184 5718
208 5807
41 5313
759 8922
985 9384
231 5086
65 5724
316 6965
891 8046
332 6495
976 8037
904 7110
28 7029
61 6950
22 7488
906 6646
833 8013
464 7034
671 5750
144 5548
389 6804
655 9403
261 5419
309 6068
882 7668
438 5565
107 7214
446 7680
428 6649
834 9413
404 9745
406 6525
760 6184
327 7411
125 7666
728 8333
658 7900
518 5333
242 6164
922 7539
160 5012
583 9191
641 5063
116 9782
1000 9461
386 5215
240 5326
797 7235
44 9657
407 5788
622 5015
787 7091
180 5692
181 7104
68 9182
171 8466
807 8208
463 5222
583 8803
859 8375
201 6700
691 6927
782 9389
275 8625
885 7000
38 8823
669 7176
909 7057
964 7295
68 8004
694 7741
45 8354
414 8506
566 9518
488 6579
803 5374
312 5798
178 7195
871 6731
419 8763
295 9141
835 5642
801 9534
80 8032
746 6496
480 9576
466 7604
515 5943
276 7366
201 9135
244 7852
836 7278
718 5931
610 8926
346 9922
321 9347
725 9261
802 6331
855 7863
735 8611
180 8450
667 6865
49 5040
953 6812
198 7653
467 8756
466 6494
647 8897
80 9106
194 8491
72 5745
476 7678
248 6311
181 7702
763 8570
535 6181
598 5004
341 6268
267 6446
603 8174
880 6935
931 8439
414 9340
689 6208
288 5380
1 6876
499 9819
768 9474
150 8431
410 7275
701 5636
575 9942
71 6199
249 7552
833 9370
591 5642
318 8156
734 8107
325 7258
546 9272
324 7189
876 8260
119 8221
74 7072
62 7118
278 8941
474 7274
799 6466
68 6888
545 8793
53 6465
907 8003
229 8456
617 6892
479 6332
662 8426
989 5827
244 8956
328 9033
316 8404
921 9008
626 7037
235 7967
498 5188
222 9831
631 9915
602 7324
189 6450
121 8636
151 6039
945 7867
897 7190
95 7693
485 6499
197 9625
729 7216
322 7562
23 7266
980 8361
36 8414
406 8517
979 8630
441 9115
742 9777
753 9159
670 7443
381 9343
938 6783
458 9081
873 6729
488 6363
953 7001
860 6701
857 7637
694 6888
175 8066
512 6050
965 7859
132 9112
996 9815
119 8302
505 7900
862 5062
654 7737
892 9395
106 6989
227 8793
640 6415
126 7154
760 6482
490 5757
513 9289
450 7609
986 5625
230 7707
865 9339
952 5837
152 7790
135 7395
221 8822
49 8995
408 6590
245 7488
808 6711
691 9256
456 7746
509 9016
765 5970
2 8134
289 5282
280 8242
119 9239
846 8480
4 7421
124 6257
538 5746
245 6950
535 6121
414 8585
554 6848
620 5539
669 5315
127 8736
255 5661
396 8088
735 5847
544 6840
491 6979
973 5429
372 5206
967 6635
800 6029
805 6991
157 6430
722 7146
40 6853
549 7701
201 8871
685 9090
863 5848
602 7041
982 7863
348 9857
395 9626
378 7574
642 6098
280 6603
34 9758
10 8698
419 9883
564 5039
139 9655
150 9433
249 9129
780 5607
548 6771
790 7447
510 5932
871 7307
432 8457
524 5421
519 8862
494 7208
950 9559
188 5781
5 9220
135 6342
615 8507
702 6727
313 5698
466 8943
906 8180
369 6275
675 7033
71 5382
908 5789
758 7362
6 7380
833 8941
955 9550
206 6114
244 8112
710 7702
272 9373
687 9479
569 6780
27 6984
20 7341
97 7341
191 6558
923 5890
226 5771
259 7543
448 7826
967 5778
613 5587
811 9559
757 9551
100 6460
415 6096
524 9677
834 8435
422 6360
680 9416
815 6770
790 6216
193 7559
712 5945
795 9765
219 5328
592 5073
708 5383
134 8997
435 5592
683 9505
269 7353
685 8345
172 5463
277 7691
381 9778
557 7901
700 9810
142 8211
289 8749
774 9045
73 6988
295 6905
588 5104
87 9365
885 5408
908 8664
697 8588
191 5510
229 5754
52 7119
950 5318
104 9954
336 7543
719 7107
163 5304
588 7502
892 5782
602 5754
77 9696
634 6577
402 5944
331 5367
840 5835
829 7126
715 10000
632 9221
354 8090
177 6603
602 9898
700 7559
54 7322
423 5720
856 5544
628 6450
926 6530
169 8073
126 5237
314 7689
962 6111
817 9917
553 6338
866 8717
738 7496
870 7238
567 7596
919 7526
705 5348
765 5615
936 7656
347 6910
420 9029
794 7415
111 5949
294 7278
230 7698
196 6281
436 8953
882 6424
943 7316
260 6221
884 7346
324 9653
344 8041
829 7736
101 8722
180 8770
769 9435
996 5246
465 7996
998 9853
983 5978
366 7225
46 5266
303 6419
571 7045
752 9348
672 7037
315 5999
432 9786
395 9687
739 5045
524 5159
558 6640
325 7939
12 9537
509 5790
491 6378
989 7403
225 8543
561 5123
905 9490
652 7161
620 7753
91 7026
773 7298
543 6360
319 6940
34 9289
652 8993
341 8848
839 8159
905 6177
608 6284
834 6268
568 8908
577 7397
64 7289
819 6764
46 5032
168 9388
318 7365
300 5094
994 7847
787 7497
452 6075
820 5660
282 9813
187 6897
92 5889
993 7575
523 8106
347 9984
47 8860
771 8158
751 8015
279 9230
344 5965
700 7014
694 6159
920 7925
635 6241
269 8209
208 5155
874 5890
384 8529
74 9043
130 7984
730 9544
490 5503
120 5147
387 7259
295 9729
748 6677
820 9394
91 8636
575 6149
804 7299
594 7950
627 5432
278 7360
774 9913
909 9127
411 9091
608 9127
873 5830
143 8500
630 5379
97 6797
897 7708
475 9495
80 6304
344 7546
358 6068
179 8419
355 6875
241 8099
724 5926
376 6151
204 9422
625 6406
184 7614
346 5470
633 8141
677 5791
739 8120
749 6583
165 8734
334 7133
493 8614
441 5104
476 5611
503 9683
870 5085
884 9220
299 8800
251 9698
781 7216
522 9781
113 8363
769 6802
715 8760
692 7771
35 7149
424 8928
639 5861
526 9999
413 5087
652 8956
666 5252
48 5851
612 8548
75 6188
492 5753
707 7998
112 5441
565 8417
889 5999
45 6795
669 5205
341 6104
819 7592
724 9208
637 9845
830 8042
455 8676
350 8203
763 6487
941 7295
815 8478
551 9036
830 7387
969 7190
941 9109
491 6245
796 6375
593 7242
622 9801
593 9099
29 7594
748 9281
753 6114
724 8149
377 6943
977 6100
710 6608
381 5242
801 9837
134 7716
834 5514
101 7906
675 8064
553 6856
391 5673
398 6014
524 7796
776 7595
254 6201
891 7430
496 5880
657 6843
738 7125
549 8326
786 6173
15 7865
981 5297
852 8460
112 7543
343 9848
134 6664
609 9891
144 9832
106 6557
996 5628
201 5629
674 9695
225 5879
699 5894
127 8013
211 8402
885 8024
598 9724
365 9906
801 8618
88 5859
845 9358
633 9419
146 7299
943 8074
57 9737
183 7150
36 8751
210 7640
934 8701
443 6519
135 8541
74 6282
629 9710
819 5359
217 7649
936 7000
823 5362
681 8633
794 6787
959 9264
587 5145
935 5986
643 9309
329 8977
607 6990
202 6394
267 7959
831 5653
260 6942
324 8251
304 9967
738 9929
113 8199
212 5006
403 6690
574 5075
619 7730
178 9864
959 8863
576 6127
840 5572
869 5136
611 5990
465 7605
400 7221
217 6432
602 8688
947 5293
202 8535
996 9576
503 9294
106 7970
479 9591
484 5770
251 5973
463 9647
353 6725
856 8741
209 9265
555 9154
539 8175
431 6180
406 8173
816 7020
824 6719
237 8864
951 9060
98 6709
613 9196
96 5914
340 5882
396 8567
710 8160
238 8018
138 5057
400 6075
743 9611
790 6341
647 5409
44 6381
407 8126
515 5634
320 9640
340 5427
70 5809
274 8332
123 6596
844 9544
562 7900
694 9011
487 7268
219 6453
234 5661
122 7687
722 9749
807 9106
473 7372
735 8068
792 7850
874 8820
684 7333
456 8257
765 5903
720 6235
332 9532
254 7106
637 8794
495 6180
607 5968
70 9251
60 6086
446 7021
140 5838
351 7817
229 7093
988 5537
848 9066
920 9746
958 7669
37 8352
291 8049
565 8672
12 6165
711 5063
893 7777
450 5995
591 5501
897 7895
488 9493
882 8800
220 8448
669 9446
829 6368
651 7706
563 6398
728 6113
792 7452
67 6958
920 8977
420 5702
908 9412
567 9844
791 5182
628 5557
82 7341
769 8767
87 8735
706 6370
553 9102
834 8568
674 9922
491 7387
802 8924
417 5748
962 7856
477 6042
621 9709
495 6323
695 7542
969 8060
920 5957
885 7798
627 6055
5 6637
150 5230
655 5428
670 5351
838 9206
560 9057
382 9461
967 7372
928 5149
137 9072
401 8483
590 5619
75 9839
258 7520
83 7303
260 6667
182 9748
510 8934
592 5663
512 8998
8 6603
710 9992
569 9528
444 8864
885 6376
378 8614
573 8360
187 7833
372 6152
60 8522
846 7074
811 8217
778 6551
749 5216
237 9602
617 7839
253 6564
520 6486
658 7526
615 5051
921 5177
295 6770
798 6401
757 6675
758 7099
673 7006
307 5903
20 6973
466 8781
95 9771
495 6819
456 6873
867 5844
575 5745
535 9261
650 6545
304 6652
63 9804
918 6151
234 5964
987 5832
479 8309
508 5757
109 5681
210 8311
10 5688
657 7396
115 6148
441 9476
819 9657
900 9554
277 9966
105 6116
269 6082
495 7741
997 9743
158 9593
184 7645
794 9277
275 6461
100 9173
877 5906
776 5557
130 6236
611 6610
932 9621
972 8730
285 5619
966 8851
147 9943
83 9023
330 5155
42 5162
177 5605
976 8168
719 5254
777 6104
896 8389
736 6756
999 9637
731 5768
607 6571
717 6149
119 7897
768 6227
422 7134
173 6079
534 7116
198 9457
732 7701
280 9127
307 9081
131 9585
591 9677
401 8578
148 8027
836 5526
686 5977
522 9911
581 6631
836 7576
458 8887
3 6777
245 7445
285 8512
426 8639
21 9014
447 6873
373 8876
118 9535
761 8645
327 7792
790 9764
759 7525
528 6955
122 5106
228 6935
239 8083
310 8292
857 8498
411 8522
837 7455
688 5379
810 8924
912 7980
972 6716
460 5807
376 7731
938 7818
799 6285
135 5351
279 8947
774 5305
344 6784
28 8556
975 8850
664 8670
226 9722
76 9331
617 8249
545 5795
775 8924
518 7173
275 6960
232 9206
802 7568
689 6353
134 6255
283 7970
834 8019
823 6012
702 7656
615 7057
573 7601
304 6947
827 9691
40 9829
138 8466
833 5827
297 7188
116 5665
208 7831
491 9371
405 8477
581 6641
595 6853
283 7207
294 8851
517 5869
240 9049
587 9065
218 7103
449 9073
236 5154
880 8134
535 7138
396 7176
201 8550
197 8328
595 9743
455 6885
281 5939
987 9082
97 7200
81 5084
299 9694
321 8577
728 8702
405 6795
874 6149
423 8205
187 6742
960 7289
807 5803
824 6606
324 8276
32 7785
941 6673
639 9034
597 7694
4 6248
752 6598
887 8945
83 5826
572 9773
859 8288
93 6569
148 6449
175 8459
201 7240
835 8562
889 9721
367 9154
470 7821
868 9602
864 5172
790 9041
611 9146
314 5683
122 9103
451 5987
459 5107
447 6120
113 6286
952 8632
469 7580
243 5472
351 9602
970 9318
655 6097
591 5942
643 6982
471 5981
145 9833
813 7518
765 9147
916 5684
582 5746
561 9608
207 5529
449 7898
997 5895
589 9020
239 9877
787 6443
375 6649
355 7547
333 9208
981 7156
765 9946
851 9658
762 5744
963 6811
414 8324
710 9421
466 5901
82 5791
153 6931
865 7689
200 6705
357 7673
179 5787
957 7601
430 6386
570 8452
914 6888
875 6896
884 7533
702 8468
560 7613
240 5638
347 9278
397 8140
66 8682
816 8367
472 5348
354 7450
320 7630
961 8523
842 6788
586 8491
329 5406
984 8043
993 7234
492 7892
597 6015
553 9697
590 9586
228 7079
942 9054
428 6464
192 8317
640 9907
42 9959
956 7078
74 6273
493 7984
460 7679
866 9433
975 9388
773 6643
266 7979
579 8506
628 6928
410 7438
813 8331
887 6437
47 6665
517 5143
421 8150
20 7443
795 5322
714 7167
851 9316
615 8772
431 5347
738 6022
29 7721
481 8505
902 7685
525 6081
923 8270
708 5662
625 9532
963 8209
603 5024
333 8855
368 8958
854 8327
506 8288
98 7329
277 7294
351 5095
729 9866
122 6095
735 7770
419 6230
930 7754
816 8993
303 9456
8 5643
77 7516
652 7052
852 8986
603 9046
16 9475
830 5336
437 9767
505 9425
69 6095
827 7358
100 7914
921 6224
828 6147
78 5264
858 6326
507 9962
391 8068
341 9680
218 5410
514 5342
174 6640
558 7434
979 6535
267 6690
345 6907
508 5786
201 7552
655 8821
773 8931
61 7200
381 5463
303 5955
192 5879
225 7354
638 9589
588 8950
11 6261
803 5845
515 5528
131 5640
799 8381
253 7335
358 7215
637 7186
681 5733
586 8573
623 8813
920 7802
313 9515
166 7719
203 5072
567 9680
660 5419
599 5731
244 8277
292 9544
601 9051
524 8105
240 6338
908 9828
706 7643
102 8023
671 5349
181 7664
849 6613
785 9230
699 5170
258 7646
171 9440
886 5631
339 7001
954 6989
945 5731
821 6862
274 5105
518 7778
848 7815
619 7047
335 6030
51 6398
265 9668
969 6660
770 9981
485 7700
928 5613
106 6922
839 9576
386 9054
505 6777
590 7125
884 6009
787 5904
568 5676
827 7385
950 7288
431 9487
268 6991
544 9266
592 7534
373 8099
81 5779
986 6053
370 6099
543 7584
60 8745
385 5329
925 7729
915 5404
253 9990
772 9919
869 9279
435 7158
992 7383
99 9165
211 7233
293 5052
418 8324
889 6674
118 9480
372 9225
574 9347
949 6816
79 8517
375 6709
418 8284
403 6144
146 5652
666 9571
228 6937
505 6455
39 9391
886 9853
113 7107
826 9925
344 7923
938 8514
954 7961
307 5161
13 5004
934 6653
133 9869
232 6036
900 5249
461 7101
666 9251
643 5123
288 7741
626 8020
390 5732
996 5559
807 7196
404 5747
908 9464
872 9288
91 7132
94 9814
281 8871
775 6779
446 5162
174 5145
157 7170
811 9449
472 8615
673 9402
129 8204
62 6232
879 7283
128 7109
118 8484
115 9693
165 5601
709 7656
349 5491
609 6933
263 5854
35 8026
987 7400
155 6532
407 7438
274 8141
284 5078
97 8805
609 8809
161 8881
735 6427
979 8973
159 7015
971 9358
818 7567
750 7341
806 6179
83 9085
679 7655
833 7399
711 6091
120 8163
780 6028
35 7202
618 6336
738 8855
73 9266
503 8147
233 8741
852 8278
113 6995
29 8871
574 8248
513 8528
253 8295
25 5766
715 8134
867 7011
152 9282
98 7319
349 5494
162 8635
305 9655
357 7298
899 5895
609 9003
133 7038
495 9471
926 8817
386 7255
434 8906
963 9190
544 6928
1 9625
950 8030
970 9118
726 5054
446 6834
369 5177
266 9394
274 6801
588 5704
626 7588
917 6051
472 8918
170 9163
643 8840
651 9564
959 5101
80 9548
513 5779
415 8596
276 9453
750 6346
910 9887
376 8945
639 5841
646 5842
750 7465
444 8870
491 5972
997 5878
907 6405
707 5300
439 6535
310 5848
159 7449
348 5892
280 9527
864 8477
824 7877
585 7462
683 5289
138 8119
171 6185
613 9829
381 9069
276 9673
220 5806
352 7131
23 8936
107 9550
408 9452
772 7880
958 5825
373 8747
932 9042
702 8160
235 8148
381 6995
371 6370
202 6825
628 9888
164 9145
409 9179
539 8977
83 9693
345 7250
187 7957
524 5087
961 9148
197 5466
965 7757
915 9727
536 7694
449 7202
711 5309
15 6468
932 9836
778 8905
22 8924
885 6577
33 7067
440 6525
850 5312
874 8957
2 8927
180 8305
206 6715
665 5992
768 8743
642 5556
367 6874
845 8147
741 8553
265 5355
83 9559
179 6813
207 6509
833 5911
913 8373
324 9321
94 8492
950 6983
923 6917
682 9801
722 5203
563 8441
764 7822
140 5903
578 7562
724 5151
174 6509
163 6290
647 5470
902 7601
669 8611
586 8705
649 6843
722 7463
117 5347
886 6493
337 7088
802 7090
977 8499
478 8751
701 5388
411 5318
414 5313
876 6257
794 7801
196 8922
653 9052
855 5374
74 5004
551 9187
441 7434
281 7842
481 5549
656 9317
897 5945
140 7104
680 5711
704 8601
265 7127
585 7998
36 6830
40 9429
847 8928
767 5730
411 8150
951 9589
749 6693
411 6301
131 9326
167 5394
505 8788
459 6512
81 9574
993 9213
891 8928
105 9369
175 5275
439 9784
471 6191
210 9808
786 9084
850 5155
533 7282
760 6393
