5000 576900
94 485
506 326
416 248
992 421
649 322
237 795
457 43
815 845
446 955
422 252
791 9
359 901
667 122
598 94
7 738
544 574
334 715
766 882
994 367
893 984
633 299
131 433
428 682
700 72
617 874
874 138
720 856
419 145
794 995
196 529
997 199
116 277
908 97
539 719
707 242
569 107
537 122
931 70
726 98
487 600
772 645
513 267
81 972
943 895
58 213
303 748
764 487
536 923
724 29
789 674
479 540
142 554
339 467
641 46
196 710
494 553
66 191
824 724
208 730
711 988
800 90
314 340
289 549
401 196
466 865
689 678
833 570
225 936
244 722
849 651
113 123
379 431
361 508
65 585
486 853
686 642
286 992
889 725
24 286
491 812
891 859
90 663
181 88
214 179
17 187
472 619
418 261
419 846
356 192
682 261
306 514
201 886
385 530
952 849
500 294
194 799
737 391
324 330
992 298
224 790
260 275
97 826
210 72
649 866
919 951
63 748
958 685
804 956
518 564
428 183
537 400
346 721
153 207
971 323
662 611
197 116
91 109
529 795
126 343
747 862
469 685
770 10
934 881
723 984
895 403
568 360
172 449
958 541
383 272
308 877
970 359
583 707
48 308
930 770
569 30
3 208
20 311
609 100
887 939
825 422
930 785
904 370
241 989
379 969
376 143
962 972
889 28
443 61
216 638
338 348
160 347
406 66
159 391
31 638
204 295
420 826
153 196
425 449
331 855
565 143
838 487
9 140
918 564
533 615
232 135
957 564
591 360
576 793
746 163
377 859
858 760
86 711
434 662
558 159
279 660
840 268
735 948
574 315
126 676
912 341
739 689
821 894
625 706
917 490
201 478
993 671
149 932
52 899
759 237
267 187
256 472
783 772
117 98
516 906
180 911
25 635
380 225
712 823
266 164
216 343
448 732
541 502
664 740
954 576
726 612
772 902
531 454
943 411
750 973
327 703
917 850
5 77
113 220
913 802
791 403
998 181
859 10
345 525
431 919
675 668
833 527
438 462
523 291
916 605
420 457
115 405
660 417
261 279
772 685
388 596
764 307
843 224
206 322
407 840
639 975
852 401
542 91
60 327
757 330
82 182
637 603
93 793
614 615
136 733
187 864
102 16
972 863
163 987
501 306
477 34
492 840
121 700
80 706
138 787
660 105
229 834
827 798
448 310
230 609
832 690
489 561
586 579
291 60
665 388
660 309
702 407
153 200
606 313
123 970
253 33
709 273
832 277
108 997
888 40
481 227
283 860
858 940
284 608
711 990
850 590
239 806
943 52
195 801
95 764
410 710
664 386
900 593
112 50
963 494
754 156
458 936
19 965
225 86
569 723
97 184
194 868
754 340
602 412
61 487
695 209
347 346
719 860
100 307
97 95
843 821
745 941
286 821
492 587
116 201
531 665
424 527
253 812
426 424
413 459
980 343
291 836
833 506
486 179
9 916
575 430
922 596
145 808
897 269
404 512
742 811
728 685
269 567
103 776
745 855
35 718
779 853
71 97
80 146
842 746
128 15
941 965
227 512
30 480
342 958
605 665
531 191
364 964
359 515
867 606
820 822
313 536
207 693
911 19
308 335
430 101
685 922
641 294
113 910
141 410
690 250
700 546
559 729
481 609
503 720
766 976
7 759
882 798
859 74
182 648
425 299
542 785
683 846
853 390
938 897
89 416
624 837
181 247
878 293
933 144
580 938
252 467
207 480
658 955
20 665
954 26
347 564
759 449
446 26
14 521
657 301
710 321
980 613
188 388
636 879
203 990
432 188
129 963
630 820
509 300
237 822
373 255
838 277
395 153
692 400
103 227
218 518
384 447
931 315
396 813
389 324
640 502
287 299
297 780
977 376
512 516
219 212
555 329
398 810
289 486
798 485
598 416
49 952
572 894
697 358
770 21
725 647
542 44
214 683
887 361
45 814
94 231
282 8
82 165
319 496
626 699
146 852
541 459
874 535
725 314
777 944
554 306
208 459
787 637
976 447
912 408
444 107
3 962
301 565
164 407
437 857
652 317
764 98
41 818
737 600
176 288
136 902
128 567
394 190
235 749
42 908
824 276
684 748
979 592
568 393
367 363
52 163
642 983
335 179
126 16
130 478
583 259
129 868
752 295
167 596
856 71
640 622
770 864
431 644
195 5
448 365
701 429
952 64
880 854
168 770
79 88
961 157
472 368
217 421
709 719
147 271
296 975
909 816
764 962
251 535
878 438
753 696
570 881
253 318
666 45
931 52
433 496
810 313
678 138
123 334
212 988
66 508
206 770
750 751
64 780
466 441
337 207
510 516
796 674
175 408
437 920
938 573
848 634
561 878
718 990
948 826
649 696
569 800
663 411
582 422
843 707
202 334
702 986
579 494
725 150
803 562
340 380
156 832
832 979
602 376
234 511
688 414
184 160
978 982
413 238
633 490
585 899
606 251
963 526
350 897
242 39
539 657
739 452
267 538
165 831
177 460
720 185
802 934
644 440
82 490
798 168
197 71
173 977
81 458
235 204
112 803
103 139
268 399
879 420
643 991
106 578
122 972
444 177
262 398
691 348
997 496
446 276
171 825
549 614
281 121
211 730
112 341
408 284
730 698
363 17
89 546
605 672
938 974
168 866
705 377
47 559
400 340
215 527
114 779
51 761
881 483
549 92
679 390
328 583
250 661
203 391
481 336
752 661
707 125
82 89
63 275
660 359
21 178
287 780
219 42
500 5
820 380
95 772
44 816
748 9
678 484
276 545
478 589
663 157
594 901
757 777
947 74
448 247
570 55
313 479
981 785
795 958
552 680
389 393
280 944
864 596
636 619
512 611
892 852
184 283
947 299
614 766
625 312
149 826
377 726
474 733
18 805
662 679
416 403
1 964
530 337
752 541
22 478
981 369
777 946
957 821
275 833
584 837
582 490
121 37
951 594
668 129
118 258
319 246
896 362
521 755
948 504
248 71
474 177
351 176
54 803
155 237
660 677
871 33
486 115
294 597
425 769
245 536
382 956
371 341
708 184
544 234
794 569
387 216
738 537
520 84
281 810
502 657
91 33
503 159
924 520
16 668
33 287
344 229
349 374
606 474
896 672
595 915
441 511
102 123
52 569
654 199
710 396
434 715
245 59
36 610
661 917
413 927
13 270
370 117
400 516
195 215
984 216
476 237
164 615
405 499
674 477
196 760
608 285
907 56
532 966
51 622
716 221
327 194
880 91
710 347
267 252
400 473
376 516
609 385
320 357
196 958
538 665
935 792
404 64
100 420
126 671
855 968
94 877
731 177
253 523
8 139
393 152
543 732
348 246
318 565
489 740
22 902
998 17
49 973
381 298
10 611
429 32
221 11
150 337
717 136
530 889
332 522
942 805
565 28
216 931
61 757
170 609
872 544
644 905
208 595
680 246
697 113
639 175
679 156
961 244
361 883
802 265
359 883
839 462
718 485
280 272
252 204
280 984
102 409
615 398
296 909
481 370
956 882
230 214
259 766
922 35
706 421
272 271
156 370
552 848
485 50
536 976
70 270
902 796
452 963
35 379
947 991
378 551
57 897
352 307
669 421
702 74
141 388
458 559
463 980
756 615
887 681
332 231
528 207
656 818
254 331
787 979
495 445
370 348
10 724
200 401
327 646
17 668
374 242
755 302
980 861
376 830
8 77
32 441
460 589
804 990
23 189
869 868
943 996
715 363
628 237
73 420
199 565
38 214
209 333
327 726
912 175
799 58
372 625
976 66
120 169
667 475
188 204
28 90
704 496
649 1
746 474
697 449
712 252
289 332
625 287
953 189
462 889
302 63
79 378
41 206
823 897
908 230
665 382
36 575
732 60
809 529
66 477
291 290
591 89
583 961
252 461
479 702
530 532
224 680
788 53
309 642
366 1000
352 891
402 822
545 152
113 324
967 633
454 267
723 381
14 272
20 506
308 419
644 461
713 526
482 978
336 468
289 729
496 795
326 581
530 383
167 226
522 421
830 386
91 273
116 484
747 676
395 107
958 229
756 902
262 962
703 105
511 84
481 991
449 701
888 689
599 655
306 600
492 538
803 499
445 881
316 981
889 473
785 383
765 679
491 573
589 589
124 480
741 145
898 624
725 923
682 915
131 232
398 974
906 735
753 678
312 640
790 644
301 212
945 123
447 253
197 943
27 18
573 916
589 327
934 640
209 615
529 470
899 655
15 288
592 401
92 840
575 633
814 707
354 424
127 682
374 194
566 855
594 190
973 728
645 178
603 275
712 88
32 367
298 544
561 738
906 963
626 460
143 266
504 727
836 33
361 442
431 628
554 384
24 244
416 482
735 765
243 446
454 247
932 913
494 560
648 528
357 594
596 935
788 462
536 621
759 660
200 564
566 302
741 936
217 592
219 724
832 118
819 299
487 251
473 129
241 96
64 167
516 169
857 381
218 976
490 767
504 837
707 407
342 203
475 387
175 735
786 706
171 335
232 40
888 821
866 131
976 159
253 978
619 53
642 849
460 478
218 19
218 230
667 453
949 336
89 931
488 588
568 449
526 566
860 272
4 883
772 731
734 80
259 213
270 177
6 872
424 626
204 940
313 150
159 379
205 833
25 517
951 724
721 973
635 581
293 839
712 272
410 412
465 839
366 492
74 553
23 718
416 738
764 839
49 390
817 588
507 523
152 630
256 770
562 746
495 49
414 369
78 537
912 115
59 215
259 971
258 602
841 551
137 40
590 494
383 252
869 158
939 72
282 177
880 667
479 483
454 815
730 19
556 745
195 339
409 614
580 302
99 319
913 670
798 513
318 566
790 27
344 322
80 645
468 210
922 841
179 925
347 521
231 975
597 269
607 929
903 478
310 970
223 684
10 231
845 673
905 348
58 232
93 727
759 597
912 397
906 539
43 907
76 892
552 699
670 408
671 361
353 789
837 529
12 190
889 880
912 236
377 715
56 718
585 439
852 814
715 902
421 658
330 410
51 412
840 90
697 678
848 951
826 37
198 593
341 737
274 211
740 134
339 847
875 490
400 95
603 435
474 737
126 860
973 310
973 548
581 984
788 660
629 86
799 635
475 941
959 56
80 372
917 650
91 964
783 735
773 682
712 151
655 283
953 773
279 643
701 898
706 817
147 269
355 731
100 507
498 841
261 207
591 752
630 318
374 126
960 153
917 101
406 560
759 743
618 816
981 980
641 1
131 82
920 886
534 377
453 465
397 753
51 842
301 547
197 580
910 754
211 37
851 548
42 896
919 656
30 537
674 78
979 540
764 597
937 314
656 845
590 361
337 930
997 654
643 841
652 810
632 98
827 814
659 898
56 237
97 236
304 397
771 468
680 160
344 168
561 189
632 123
666 783
235 991
71 775
327 565
824 906
1 604
948 233
851 693
780 209
603 279
380 231
84 675
684 370
757 814
605 276
304 238
358 710
294 931
742 879
37 492
4 81
707 347
131 417
660 582
89 801
455 195
303 403
680 247
970 356
934 627
951 858
404 803
446 236
349 572
93 485
672 586
158 748
772 235
891 859
532 788
621 345
347 861
227 342
555 779
16 595
303 963
941 260
833 366
190 835
622 733
345 834
893 442
192 773
430 880
160 873
767 793
170 173
810 402
318 60
690 628
224 19
52 146
411 685
203 138
785 593
219 202
61 500
919 89
191 433
711 63
294 514
937 865
253 393
103 269
316 111
625 614
639 272
641 973
139 609
45 236
316 496
218 24
293 871
747 227
879 420
633 850
10 127
356 170
665 224
536 722
823 189
603 597
392 286
258 22
771 957
820 536
139 221
566 281
229 238
325 531
804 449
786 735
983 670
847 646
388 272
632 605
253 394
405 508
137 537
283 955
678 477
659 969
706 692
786 963
313 829
143 638
713 206
244 185
489 187
844 129
896 300
602 114
210 305
930 199
692 916
457 839
241 899
950 452
229 185
212 561
222 848
32 191
747 830
869 860
245 873
575 649
818 591
204 974
584 974
822 452
198 397
942 350
942 597
899 13
375 392
327 343
479 756
66 387
950 924
464 188
286 68
573 552
294 166
137 435
557 14
423 797
427 254
95 300
715 431
403 367
453 197
735 233
1 149
145 62
782 38
848 69
456 425
490 810
679 878
461 503
844 308
70 798
599 437
888 798
395 36
733 583
795 412
368 195
94 878
114 388
46 438
795 532
583 3
321 268
714 417
332 277
257 229
906 445
301 380
277 974
651 248
218 433
109 1000
558 874
388 939
121 760
372 473
228 811
208 766
326 306
572 556
50 521
753 364
77 460
266 136
227 458
502 784
337 648
31 783
629 960
215 137
353 591
274 875
343 440
758 263
838 40
478 835
595 943
255 749
331 263
362 597
84 5
16 999
459 161
220 35
16 891
865 459
719 996
292 592
175 54
461 985
301 401
759 298
715 459
207 77
129 611
681 159
261 467
893 737
399 895
377 49
189 382
360 285
14 388
728 972
314 265
225 729
534 810
914 973
94 818
549 295
674 532
434 58
211 736
986 187
863 896
802 998
279 997
31 476
810 259
968 475
187 494
791 130
190 151
410 639
592 855
886 480
875 478
763 386
352 672
58 361
815 894
562 460
571 148
322 660
465 628
418 329
198 975
554 1
656 507
108 750
453 109
909 915
576 700
646 75
114 896
313 229
692 85
759 144
643 536
462 919
860 516
904 473
959 25
663 25
209 611
564 44
233 722
478 980
716 563
616 672
107 914
979 541
466 882
971 142
76 259
886 35
498 543
150 689
442 721
136 142
36 530
37 503
344 450
550 248
355 599
980 919
473 636
957 181
324 873
859 154
570 427
294 604
260 313
674 363
339 594
259 813
382 829
660 49
430 791
760 554
682 499
664 226
358 345
114 432
142 758
19 64
753 843
163 637
121 941
94 965
398 448
587 857
98 968
142 351
303 758
968 351
533 980
982 662
568 357
519 914
277 548
622 723
517 23
720 170
635 351
55 113
263 783
285 766
189 527
628 206
7 644
290 258
655 861
387 728
641 69
742 128
741 392
793 145
802 51
897 112
262 253
193 340
882 932
131 817
482 965
573 480
443 724
203 839
965 500
75 746
807 811
805 373
513 605
472 252
797 172
690 394
295 177
784 98
532 377
155 486
110 855
884 290
173 130
78 355
714 842
633 233
477 101
119 686
718 736
15 930
472 700
328 69
793 607
199 879
999 916
177 960
525 408
948 679
498 138
495 185
890 782
906 49
334 453
385 630
399 429
338 853
520 545
829 651
481 765
99 159
680 1000
87 179
802 717
890 885
839 32
339 838
883 186
67 470
544 185
357 921
457 376
444 986
642 934
152 171
59 645
616 46
59 681
987 43
353 234
530 103
958 496
613 389
838 931
85 579
86 132
569 908
479 772
683 677
400 343
370 703
882 139
146 344
116 387
760 909
407 539
447 304
388 655
41 378
658 92
119 862
28 411
457 362
198 397
17 290
432 152
321 611
427 173
205 137
344 946
563 365
304 475
47 982
694 920
91 802
961 66
644 778
109 744
959 464
969 313
42 341
108 685
648 331
49 85
228 676
929 91
527 534
967 166
316 51
582 966
840 841
575 625
503 114
911 16
305 113
989 826
836 506
369 738
587 564
232 455
452 735
900 264
952 548
81 738
995 853
562 575
739 569
705 365
5 620
557 264
490 193
294 21
361 373
900 84
47 250
205 288
145 132
846 151
658 419
849 521
680 974
148 655
96 648
210 737
690 298
19 187
831 981
679 965
726 954
528 166
15 248
564 636
847 560
721 563
9 24
700 896
446 803
858 16
699 274
271 714
977 449
533 229
154 280
756 423
871 868
912 124
727 970
968 231
569 935
163 808
618 23
685 210
650 88
807 151
393 770
276 555
304 613
911 866
233 223
42 303
400 305
162 306
51 900
734 964
933 397
366 898
16 59
177 628
360 225
742 537
725 612
868 633
489 314
501 478
632 981
365 904
196 819
496 108
744 179
145 152
501 598
880 349
248 80
683 762
500 314
389 513
620 205
91 584
721 652
859 894
665 198
416 143
481 671
320 302
865 611
126 631
757 526
963 526
781 403
240 231
330 830
518 283
824 864
935 755
51 159
309 220
18 447
863 800
1 833
749 805
658 791
577 412
579 857
509 408
154 895
923 360
397 827
687 971
959 961
617 519
637 335
623 238
174 883
775 222
608 886
306 708
1000 475
957 876
641 123
472 127
726 384
305 745
714 284
643 429
708 685
631 512
489 503
829 599
746 983
732 462
732 992
669 270
422 491
54 282
900 831
682 167
666 115
957 661
109 564
454 934
964 608
933 513
140 53
195 659
24 646
657 164
231 763
169 825
128 949
537 355
264 811
46 164
4 851
900 289
802 392
68 224
450 460
126 903
58 347
398 638
486 101
451 587
335 797
162 881
106 210
745 243
969 969
432 298
159 253
634 593
565 453
16 657
610 72
503 222
511 319
752 61
55 694
469 384
829 801
692 136
177 536
211 958
499 647
115 526
984 28
818 904
233 509
424 884
976 565
371 601
406 323
334 522
784 192
676 103
168 451
427 867
432 602
531 783
337 311
677 994
537 172
1000 51
379 389
103 237
785 721
943 597
412 492
572 331
828 380
771 259
939 726
594 55
19 501
500 459
376 790
689 4
776 634
474 117
575 601
953 808
143 544
510 542
221 590
615 827
599 817
567 617
545 32
727 879
558 692
307 685
564 88
331 911
568 546
881 580
649 997
746 937
393 988
237 351
517 661
521 630
213 360
820 908
199 203
813 479
14 251
803 162
448 905
207 167
86 862
123 369
220 181
158 765
944 251
424 909
311 645
399 568
59 847
253 538
233 540
312 99
790 423
849 246
202 165
552 544
653 52
788 131
893 372
113 471
498 625
442 684
929 378
86 534
12 73
318 540
258 671
524 127
579 412
424 972
468 823
364 663
81 784
399 588
896 496
151 170
626 153
367 199
837 152
640 258
124 283
572 289
408 608
358 463
895 180
884 329
523 221
438 294
278 125
25 625
729 427
996 796
956 151
188 867
519 122
35 370
311 840
195 115
829 875
784 912
904 85
99 969
443 714
738 971
713 743
109 198
388 635
836 41
261 640
693 731
453 222
489 536
514 165
70 311
334 124
711 773
634 923
135 280
271 257
452 961
669 267
128 238
284 810
524 171
143 288
989 389
994 566
280 74
392 813
473 49
231 175
895 754
943 457
548 897
677 512
840 68
358 236
541 574
758 893
542 615
689 857
16 538
721 72
618 292
958 916
265 804
547 656
252 379
605 67
263 280
735 361
178 984
416 271
441 489
398 256
7 882
4 225
27 529
639 510
413 1000
502 191
226 813
327 898
170 420
711 470
123 619
946 377
623 465
312 887
736 764
8 55
915 727
22 844
650 644
831 181
508 171
534 545
415 439
896 547
982 417
193 205
389 500
801 332
337 820
489 416
733 243
271 854
942 66
954 236
48 568
919 969
394 706
881 295
917 167
375 773
10 279
448 661
128 727
530 838
541 404
311 743
316 234
473 529
381 191
652 832
2 537
137 366
349 880
100 940
663 745
67 37
443 672
295 809
217 682
911 979
359 300
855 511
298 732
616 868
330 618
160 769
803 186
50 584
208 832
585 716
530 472
951 272
654 498
986 365
812 583
805 479
699 898
500 133
643 646
544 915
970 55
987 213
888 623
646 875
398 513
510 356
625 586
694 16
933 984
493 422
20 354
104 214
230 890
962 212
50 27
351 769
498 835
864 232
228 254
713 642
77 476
407 919
497 912
269 754
29 734
197 967
398 41
747 259
386 926
125 840
411 544
359 908
844 225
580 69
108 121
838 523
408 678
814 593
421 665
999 314
507 992
557 596
645 358
571 524
532 163
426 942
387 537
230 182
246 204
537 208
716 653
563 848
947 532
633 103
834 871
938 932
329 507
481 986
957 613
405 323
689 590
332 377
686 905
989 932
650 474
93 606
119 389
282 671
450 360
3 845
324 646
544 99
957 609
734 501
268 764
699 598
171 242
151 390
279 61
891 259
142 519
380 826
353 942
711 282
929 896
609 982
61 276
398 301
385 952
631 856
859 428
225 255
207 723
328 280
971 937
547 37
628 901
848 456
543 996
864 590
228 455
85 510
668 667
936 829
755 51
832 383
928 340
85 915
242 797
786 547
845 1000
480 335
250 785
247 797
188 299
415 343
495 281
149 282
755 264
850 78
14 134
661 126
223 862
649 190
790 340
761 724
418 271
959 701
627 464
668 405
429 230
698 153
486 923
309 813
734 686
751 925
389 21
339 58
572 295
2 900
873 956
257 86
965 346
412 427
546 221
435 202
886 417
378 424
805 943
927 883
587 290
333 47
622 269
685 775
249 379
668 121
885 362
7 534
371 828
899 388
549 908
305 394
66 282
118 432
920 443
297 737
427 584
422 206
244 328
271 848
533 805
2 337
624 488
222 519
335 362
575 230
415 393
617 353
758 275
265 845
187 377
174 202
220 971
311 431
82 508
270 825
682 226
946 719
637 540
962 973
102 480
677 347
139 536
647 842
877 640
766 211
578 687
619 579
922 168
35 678
758 244
229 479
516 749
902 49
559 177
368 805
308 345
625 569
55 926
912 273
60 743
882 885
769 816
594 151
304 75
632 863
755 636
600 645
424 859
91 817
412 355
971 930
588 850
759 282
550 549
134 115
710 394
113 465
356 153
985 650
339 615
992 846
725 184
955 15
961 304
156 437
63 943
631 929
770 535
546 388
988 523
999 515
88 45
870 657
248 748
667 49
302 369
344 374
536 140
195 282
477 816
655 463
187 527
384 533
955 747
720 921
709 699
31 318
853 854
15 938
999 663
941 360
158 188
979 685
736 709
683 825
437 150
614 332
382 577
731 739
699 755
883 614
693 497
904 519
650 439
598 960
694 644
962 761
718 310
719 654
464 973
599 641
727 551
694 465
139 624
315 214
437 435
992 383
304 449
72 354
554 628
712 855
585 25
702 34
251 561
158 68
894 914
756 333
591 294
587 768
86 448
564 698
85 742
122 32
993 671
42 716
98 83
137 163
389 953
205 671
640 657
357 748
541 799
629 289
712 248
425 30
147 749
722 740
105 353
999 644
382 808
859 72
213 422
260 376
60 952
908 883
698 707
664 619
89 664
854 866
663 161
963 894
614 707
914 143
146 607
105 321
411 87
830 899
160 65
686 162
212 651
14 458
845 579
979 203
158 281
939 108
527 429
718 782
675 86
935 863
239 750
317 250
458 311
623 320
615 337
412 21
431 596
639 993
180 997
857 961
640 807
497 881
557 127
398 985
670 523
262 617
425 47
175 994
832 614
850 259
149 986
207 564
651 1
603 787
867 204
295 993
444 156
987 87
820 579
879 226
99 709
25 177
535 985
450 951
985 32
611 801
406 800
54 61
530 701
343 61
967 429
57 695
988 230
981 42
233 487
717 527
950 112
726 249
994 334
524 75
985 599
991 525
783 510
835 826
666 100
526 721
580 843
443 374
165 48
531 285
879 645
667 938
595 888
744 527
1 579
55 779
588 680
865 716
508 977
436 417
37 850
381 974
197 972
376 524
107 902
170 156
363 225
926 344
894 737
52 615
214 292
760 451
934 648
494 529
760 773
691 724
817 699
374 422
439 73
566 700
954 956
717 500
392 481
602 910
163 135
20 52
397 804
834 31
68 850
184 32
952 581
316 520
768 556
423 309
277 441
111 57
543 455
552 488
379 695
387 518
110 679
671 290
811 111
75 83
728 42
149 926
47 462
5 201
712 167
283 143
532 78
480 849
36 305
752 517
768 168
756 101
283 43
478 174
195 203
405 51
151 644
377 358
282 523
720 387
524 978
175 89
799 421
156 814
182 48
504 926
418 319
298 87
486 705
918 483
226 618
749 475
366 756
934 773
388 753
514 370
607 360
53 815
707 609
433 405
218 607
868 495
661 233
289 72
356 388
812 110
548 545
959 391
271 574
50 742
810 76
23 362
847 781
595 163
955 447
633 386
170 426
873 357
246 97
157 443
495 456
867 170
108 739
383 818
679 991
328 829
719 456
59 590
327 237
589 748
740 803
185 321
499 685
713 387
825 901
306 118
292 202
672 283
831 333
896 122
491 241
389 551
192 816
361 660
995 436
445 435
89 865
69 438
858 660
770 13
865 727
659 99
831 204
422 494
832 763
927 529
421 666
827 312
552 824
503 239
687 967
897 446
695 668
56 677
945 755
600 208
162 491
325 152
429 756
913 358
971 585
128 876
163 293
416 322
860 550
655 530
335 201
36 713
825 240
143 282
190 975
277 432
426 39
980 719
784 4
269 80
469 874
799 568
615 887
735 667
456 644
805 258
646 717
539 199
860 371
71 704
411 531
15 576
754 733
964 477
942 50
62 295
930 50
71 223
679 578
5 351
478 87
191 435
378 1
304 764
852 287
161 53
830 779
705 860
601 241
912 599
513 929
153 15
245 935
678 558
229 203
93 913
669 698
471 514
558 529
561 356
932 904
532 75
538 235
400 560
976 688
877 959
879 678
993 685
203 283
182 233
599 687
851 661
87 746
474 337
358 775
626 100
280 748
859 168
722 143
238 801
678 830
559 986
834 451
59 876
624 906
796 523
296 257
867 64
761 787
740 108
382 392
773 640
885 845
49 862
708 659
73 291
812 655
914 100
216 429
562 745
14 978
475 498
227 525
418 237
494 192
577 993
786 233
120 451
383 312
699 210
395 476
317 897
105 710
410 680
675 849
953 591
532 397
321 889
406 807
779 112
66 726
565 675
519 485
854 113
521 896
229 536
866 524
596 983
95 504
938 92
897 42
455 179
460 511
480 651
620 83
34 54
594 881
923 422
151 488
348 663
704 858
970 380
343 825
692 234
58 928
799 419
389 660
389 696
978 606
653 982
417 310
483 987
522 780
680 349
607 182
452 200
623 529
880 162
5 6
872 477
583 756
453 776
122 331
9 882
819 220
691 964
632 130
715 138
829 252
56 78
59 179
28 464
859 195
145 446
160 967
453 164
866 917
400 465
622 315
830 557
859 701
152 970
359 125
221 887
872 245
646 347
663 115
711 836
271 538
530 572
44 513
573 684
550 450
955 512
268 1
937 799
117 295
294 805
105 866
29 526
86 818
656 137
352 275
914 487
712 298
150 719
388 590
142 736
47 813
28 410
567 176
76 273
989 643
794 487
618 805
768 532
732 944
504 821
520 254
8 366
825 961
803 621
550 796
531 597
810 43
381 667
589 363
853 985
424 296
440 893
382 378
801 397
686 475
427 449
124 431
93 444
167 352
259 184
237 262
313 686
211 167
899 239
9 824
63 658
738 272
484 979
777 237
964 267
678 750
285 794
784 244
949 166
117 814
467 358
853 496
635 319
893 454
281 906
375 970
239 697
782 928
497 396
671 531
798 205
699 6
585 395
665 617
277 439
112 629
831 241
202 734
877 989
973 684
501 416
283 742
520 969
641 476
181 622
620 703
137 188
23 551
844 954
993 672
472 363
260 434
931 694
176 188
931 548
358 789
745 853
769 454
198 983
734 319
858 660
500 244
907 390
758 740
34 322
598 238
578 911
684 945
378 121
251 678
370 734
29 220
842 660
909 368
181 774
98 638
684 497
395 248
216 367
781 538
199 359
618 112
183 286
956 789
817 46
576 641
165 17
973 149
451 19
451 742
130 538
424 972
953 363
381 150
706 289
16 709
215 516
51 1
436 124
441 419
540 401
33 632
888 201
843 934
386 860
79 950
272 736
573 983
347 916
694 571
511 507
330 408
477 807
523 917
876 710
191 590
935 830
251 446
56 273
210 649
473 125
285 963
75 827
900 280
591 241
555 457
458 606
959 240
215 570
328 208
108 992
401 755
213 184
530 146
823 205
599 819
773 488
57 490
359 831
58 958
865 478
190 158
472 344
845 824
190 962
204 910
694 484
716 134
732 389
418 397
547 290
5 695
986 258
175 893
561 817
146 539
149 959
884 21
451 317
957 237
385 75
789 36
768 625
91 827
54 904
96 908
624 595
713 730
396 223
491 705
196 789
153 996
39 928
97 50
177 424
781 443
955 961
830 180
877 600
506 941
88 556
630 644
24 901
727 360
766 427
889 387
12 517
451 636
786 709
962 497
581 557
545 302
279 216
754 420
178 743
351 833
133 918
225 719
113 235
962 980
830 194
750 806
398 184
707 720
571 626
681 510
972 728
788 793
586 652
487 359
993 937
483 714
187 402
582 547
678 409
406 715
318 432
36 190
533 535
317 356
350 259
179 477
513 943
147 537
200 641
616 449
368 699
325 893
268 845
119 787
316 916
520 601
586 537
944 983
629 872
662 236
358 43
837 907
896 931
418 585
997 27
513 886
267 216
438 158
949 681
905 11
550 895
884 209
840 57
414 413
138 607
362 483
473 24
473 114
29 450
891 382
556 525
157 779
724 413
381 608
554 683
41 879
600 870
509 816
130 699
499 653
233 630
228 509
169 948
533 856
973 791
157 716
522 693
210 58
929 269
284 168
614 46
801 564
126 782
864 233
885 5
169 1
957 516
345 872
115 996
107 248
427 447
746 711
883 325
139 849
789 220
519 362
55 560
943 796
84 859
208 722
341 529
53 127
2 986
308 486
346 725
513 39
875 341
670 50
587 74
300 283
429 759
747 362
407 84
709 109
151 488
937 325
854 212
316 738
101 742
594 844
612 585
945 335
986 509
918 185
430 905
257 124
283 874
284 299
979 445
353 346
259 745
241 582
467 514
688 790
393 628
30 997
483 549
209 461
498 108
950 946
447 412
222 192
605 279
205 145
294 537
710 479
50 458
465 202
122 775
367 999
874 23
805 374
156 421
59 566
242 870
169 367
3 576
735 835
735 732
530 618
486 714
527 936
506 280
152 389
61 527
875 426
652 355
762 939
779 308
621 341
931 717
435 869
550 137
352 18
19 653
144 888
69 917
370 474
318 647
368 907
712 326
386 417
932 764
754 607
76 320
178 566
930 704
625 359
28 346
869 343
911 829
923 319
688 983
458 783
954 42
413 743
697 648
414 274
621 71
168 119
242 124
166 709
316 992
991 442
640 49
778 640
950 856
174 237
691 970
26 829
714 965
532 142
898 489
381 920
963 784
513 927
674 27
172 926
789 867
624 90
920 81
795 704
685 530
174 324
985 203
848 975
475 685
936 716
201 492
914 647
683 98
936 962
744 739
914 6
647 84
553 826
350 757
157 83
14 33
366 632
192 46
103 433
128 693
486 108
696 727
944 571
912 545
986 997
744 238
923 247
912 600
757 23
263 275
154 317
639 190
11 335
482 318
59 207
6 817
498 667
75 44
549 400
686 154
123 420
766 809
619 511
747 50
521 5
70 493
495 35
523 351
384 803
844 689
216 469
1000 814
631 612
104 977
468 675
705 16
358 954
285 817
686 737
492 791
832 375
417 97
736 855
55 575
650 544
610 242
849 968
73 375
129 396
961 272
17 318
478 143
351 852
794 176
887 929
944 154
935 986
426 377
890 927
334 899
356 283
183 596
372 458
8 377
29 671
555 22
847 199
432 844
44 269
137 811
132 723
298 151
689 298
166 986
919 790
396 750
179 24
608 629
92 745
294 671
367 208
594 727
580 521
947 499
278 171
246 621
328 771
878 915
155 562
320 592
244 872
381 900
474 611
409 967
141 928
969 229
466 557
794 599
43 704
3 334
371 120
524 380
191 838
584 9
448 215
150 463
894 553
766 570
318 439
86 623
99 203
76 240
763 407
30 42
384 968
325 307
671 544
928 731
845 879
293 590
341 684
178 586
663 917
2 900
691 201
235 346
138 926
995 92
821 461
795 947
439 238
508 94
709 480
862 286
910 241
752 605
798 591
985 255
868 73
221 148
163 429
563 274
158 46
883 715
717 833
781 1000
676 396
165 722
346 660
546 360
959 682
77 154
422 698
983 777
810 511
643 745
197 422
699 500
259 221
327 467
894 776
472 740
987 88
994 483
209 264
776 750
234 797
673 818
953 681
928 283
179 277
401 172
531 89
911 43
686 73
171 960
109 829
567 802
408 645
465 262
423 311
283 21
388 143
879 440
100 649
119 219
773 286
10 947
298 1
955 677
105 229
908 597
957 637
416 512
95 911
997 902
927 886
840 719
169 362
987 529
587 182
465 315
259 398
371 193
877 475
75 53
585 629
829 950
251 308
277 184
876 10
771 104
142 480
187 641
733 540
561 56
537 236
50 432
192 642
6 547
656 867
610 662
978 149
394 136
106 269
483 7
891 251
205 599
928 634
368 543
260 80
550 873
963 806
454 774
978 892
73 68
705 725
981 766
873 722
175 790
751 485
245 929
88 564
122 503
184 696
170 957
531 290
461 345
644 993
393 898
3 2
239 537
345 788
872 615
784 70
905 341
582 56
657 194
936 195
459 837
634 62
862 175
524 14
442 779
873 752
294 517
145 382
645 829
830 917
790 703
620 351
42 176
994 529
633 222
693 219
677 260
715 351
328 505
276 504
554 132
829 824
602 518
799 334
253 660
324 979
477 896
905 815
561 515
55 413
402 377
660 720
181 584
759 120
204 158
632 396
56 399
765 813
73 168
857 645
341 595
446 723
631 7
348 156
543 123
418 120
936 503
169 926
902 318
593 932
414 892
490 631
592 209
876 147
631 479
282 119
209 13
961 33
9 728
927 986
2 75
663 685
222 387
665 521
669 394
773 488
465 518
544 603
630 172
799 317
383 70
984 81
787 215
321 504
23 279
792 163
213 368
529 513
242 123
526 565
197 759
472 760
922 503
972 246
151 199
865 816
790 883
158 453
177 908
577 533
652 256
97 628
156 524
229 840
374 281
869 183
938 377
182 479
213 868
460 819
350 971
95 407
640 96
704 225
670 408
333 76
382 79
528 306
180 510
54 333
455 675
259 618
368 517
242 690
798 113
42 518
831 926
61 335
233 195
874 488
55 704
306 568
335 271
351 48
584 584
416 245
192 595
986 538
187 558
889 837
321 19
516 780
166 804
22 460
317 830
344 46
462 583
147 630
380 118
156 410
612 646
721 515
487 694
744 283
144 200
606 787
641 252
564 471
888 48
878 553
287 646
166 711
33 146
61 874
600 854
417 412
12 748
778 781
446 216
255 953
178 672
110 929
979 16
320 781
368 726
210 947
436 495
496 927
996 452
684 32
569 645
156 426
413 336
298 164
898 349
613 624
950 689
44 851
643 45
123 217
259 651
486 510
112 205
90 211
337 73
811 411
41 277
368 272
618 243
435 791
135 225
388 869
519 288
381 556
684 982
528 431
875 370
781 270
335 908
392 437
358 22
447 559
213 867
896 347
959 299
193 376
672 208
858 459
113 128
868 801
268 167
109 859
606 360
243 902
564 103
686 779
814 583
179 498
233 411
786 757
977 403
945 836
667 477
425 965
864 837
14 726
781 515
149 537
39 736
718 442
333 692
136 600
590 334
339 326
441 105
609 564
803 80
966 975
978 326
495 81
760 236
359 494
308 688
131 493
635 110
295 344
676 38
834 704
256 857
845 47
696 161
849 619
873 453
165 948
722 381
911 115
678 320
450 342
325 56
589 444
357 487
381 162
21 352
904 375
458 36
410 602
899 391
630 198
343 398
754 400
415 728
900 685
37 998
699 930
91 664
574 585
905 430
609 476
990 815
503 994
407 506
561 635
302 695
371 842
426 360
888 670
68 305
812 188
666 993
591 397
692 932
194 280
499 327
2 316
649 960
761 515
628 239
139 358
437 148
142 153
653 46
363 27
62 261
482 93
751 982
178 132
418 113
181 493
968 983
265 700
572 85
611 400
164 272
839 262
115 756
418 865
428 845
984 787
897 121
986 19
354 304
167 483
970 376
115 524
498 362
317 872
697 403
570 108
555 920
119 112
581 913
3 157
675 768
819 234
737 367
247 170
302 907
354 645
239 360
792 25
416 786
616 637
812 806
920 763
109 195
439 840
679 369
61 777
183 60
407 835
706 140
567 790
944 220
1 271
503 100
320 785
603 54
646 159
83 954
394 665
943 302
700 241
989 894
900 585
875 979
577 778
623 347
357 675
43 198
789 532
12 960
47 86
433 167
988 218
672 451
365 210
780 740
825 184
219 917
868 249
836 716
620 765
326 834
797 470
475 765
196 738
291 951
641 838
341 763
293 985
456 284
235 251
408 730
963 8
212 810
1 845
612 416
597 454
352 372
755 145
956 262
330 699
16 159
706 460
19 862
78 257
903 355
418 327
191 595
534 919
862 785
543 18
977 590
423 762
404 652
163 730
147 988
235 819
470 850
958 876
144 418
563 150
745 562
196 577
702 932
485 158
506 334
403 859
263 383
791 644
813 864
713 276
323 924
17 63
827 286
473 931
126 798
479 955
169 743
247 231
408 216
452 404
311 557
591 235
744 585
392 249
430 154
177 259
16 673
979 867
241 621
719 427
644 339
167 221
156 348
157 716
314 307
129 11
536 457
192 728
418 39
159 797
52 679
471 275
630 640
843 707
701 100
85 538
299 311
6 415
94 198
252 165
62 394
69 408
896 832
722 478
360 302
399 883
35 4
751 336
434 428
301 778
410 159
653 779
713 86
824 687
259 106
62 20
162 776
638 174
356 940
17 343
238 897
117 104
559 675
14 127
119 289
534 573
686 2
420 225
337 515
179 910
855 570
105 799
745 442
168 563
416 251
698 272
353 925
821 864
435 689
558 490
273 220
505 919
851 89
815 19
695 994
904 259
157 275
712 9
968 539
958 224
832 375
31 166
124 805
866 798
748 354
180 63
53 568
195 29
126 208
360 274
112 984
190 576
162 616
407 701
889 879
605 564
71 781
613 876
571 77
176 623
614 282
412 193
542 994
240 787
275 50
420 283
862 608
382 682
746 15
281 409
234 395
352 945
962 345
689 478
834 210
724 415
957 20
26 356
608 773
803 212
894 77
720 771
55 246
559 908
569 387
844 305
799 682
588 340
429 975
509 792
278 127
570 905
645 278
275 341
23 381
40 461
162 179
70 28
879 447
771 27
10 456
587 279
330 385
844 72
308 723
463 526
746 617
845 562
161 786
57 262
208 847
21 2
124 578
636 868
800 646
870 523
330 689
138 713
649 315
813 242
67 729
945 205
698 459
394 630
638 998
49 69
886 790
363 327
952 980
52 750
24 448
197 680
509 851
781 865
703 228
811 414
845 949
113 943
795 729
612 656
552 364
648 989
885 343
688 135
570 678
324 430
843 64
307 885
535 643
616 493
49 337
33 279
639 659
617 82
824 120
408 741
243 433
816 113
386 293
656 462
613 924
446 377
539 667
805 991
148 659
438 496
785 197
947 474
677 798
575 481
501 83
473 160
562 842
271 871
552 108
294 522
863 282
288 409
358 899
215 889
143 680
685 846
805 965
606 483
179 92
165 80
894 511
212 655
122 233
399 155
243 889
919 189
250 796
604 516
671 543
364 552
429 630
80 676
33 324
94 341
252 951
817 251
848 663
332 556
431 891
982 759
775 959
694 667
690 614
256 429
690 912
456 768
642 569
235 628
15 262
598 373
285 268
22 879
382 447
798 931
925 428
478 297
985 219
600 578
789 116
375 80
492 781
192 620
218 5
491 444
61 744
618 487
306 176
143 230
668 948
93 753
704 591
229 363
580 544
465 276
533 162
916 929
992 143
448 793
912 238
874 806
710 413
856 742
63 805
986 854
591 489
198 490
643 834
981 587
444 651
924 821
584 67
109 652
178 380
243 619
1 727
949 648
695 194
769 183
256 16
226 322
162 523
876 130
915 648
108 172
398 950
37 195
72 941
917 221
887 223
454 61
649 30
320 197
66 794
579 998
432 716
899 238
465 477
916 516
996 956
965 322
573 872
777 328
753 42
416 529
241 397
796 36
180 221
135 482
389 122
586 478
556 207
289 798
400 243
146 525
970 332
292 274
989 578
283 384
393 967
594 163
638 361
978 372
110 946
654 337
227 124
929 124
832 412
39 670
716 274
697 496
25 210
644 446
762 746
345 505
370 688
230 375
746 560
827 696
618 375
594 872
161 951
21 732
384 895
259 427
968 261
693 154
596 339
923 500
625 36
772 797
169 641
682 441
583 293
644 429
61 369
645 617
690 12
10 793
415 595
88 831
104 833
131 951
648 763
988 975
837 435
226 384
682 390
153 733
195 684
824 239
643 140
292 250
722 130
26 768
115 166
778 144
345 425
295 323
305 502
963 371
834 131
879 519
801 155
223 663
177 330
116 657
648 4
468 462
597 578
412 261
630 674
181 873
446 522
308 241
26 472
276 220
252 425
710 934
713 28
400 452
798 226
980 512
424 749
375 769
640 866
610 291
68 444
229 654
19 478
871 213
969 525
850 6
56 296
868 425
360 237
504 766
253 545
395 872
870 203
802 696
654 821
968 599
531 784
454 115
68 308
835 933
704 601
219 445
561 476
196 803
368 41
851 779
122 578
773 636
199 137
898 837
595 944
339 156
685 442
924 221
750 285
909 131
308 407
490 6
860 346
531 545
909 790
381 94
241 289
263 217
623 189
137 598
891 126
879 655
488 190
331 62
884 504
664 324
737 285
995 860
83 534
404 510
797 366
235 907
718 683
453 106
834 226
349 214
123 44
519 612
278 248
552 260
450 854
209 467
586 765
34 834
476 786
36 192
978 871
511 871
254 555
818 717
651 563
688 337
166 157
175 631
723 780
133 626
780 885
403 389
660 669
243 447
898 733
270 256
441 211
702 244
772 862
386 387
167 629
616 723
993 381
276 803
85 638
239 436
383 680
427 710
276 487
930 524
546 800
799 453
702 335
380 752
485 671
330 35
58 941
528 312
638 425
730 453
198 473
242 558
518 260
556 369
555 656
868 486
695 193
330 457
517 39
429 134
843 306
366 247
40 765
627 876
715 796
564 776
907 635
234 188
405 708
995 291
632 116
995 586
69 916
804 897
769 807
718 233
756 76
953 500
492 746
919 4
147 418
303 825
920 654
188 851
185 709
548 656
726 463
860 210
880 611
145 264
176 651
777 600
340 728
192 174
580 976
790 651
859 272
718 220
225 760
34 654
397 90
546 123
832 333
635 428
732 284
652 539
36 743
459 268
749 307
814 744
834 563
438 437
925 994
262 133
409 515
337 400
381 383
657 201
291 490
36 499
310 411
97 222
578 46
9 298
437 976
688 126
291 814
866 694
679 555
282 183
765 356
590 15
86 673
542 862
18 922
284 907
281 115
701 669
757 278
869 551
487 244
841 846
794 807
22 666
37 383
215 311
129 495
155 527
498 459
517 117
451 865
981 656
226 624
756 427
467 737
981 973
376 209
574 538
925 809
934 925
313 82
800 96
449 720
22 954
191 642
641 27
320 722
260 271
428 423
241 693
622 61
739 666
274 862
330 503
134 959
261 364
673 297
146 631
73 507
369 461
673 929
407 428
143 675
846 986
155 459
89 598
123 732
332 49
555 692
602 536
986 103
681 217
472 896
705 672
724 843
834 765
778 420
498 387
73 366
325 719
43 401
919 787
101 627
389 438
710 362
650 698
845 355
741 370
363 226
984 342
71 902
699 749
592 616
391 29
181 40
286 41
968 356
351 64
170 22
705 502
656 441
253 417
482 696
549 874
516 635
691 934
334 775
266 41
574 840
545 550
902 813
366 932
431 937
327 920
420 465
931 67
508 447
631 289
783 890
285 213
793 656
855 332
965 169
961 501
569 793
381 25
743 577
327 76
315 786
888 8
536 688
49 627
206 543
693 453
958 429
193 728
86 916
80 811
943 593
334 613
203 574
382 283
229 208
479 806
569 806
905 972
378 807
93 193
330 166
451 609
324 397
989 485
901 195
425 592
273 428
564 381
986 131
97 159
684 238
824 420
556 78
380 335
550 322
373 441
285 983
708 75
365 526
861 906
532 322
662 231
263 780
190 354
330 125
321 522
479 295
72 508
736 368
757 638
735 868
476 855
730 535
141 125
580 764
885 538
110 620
84 3
893 302
730 630
85 679
67 624
548 951
210 105
609 96
169 389
370 899
934 567
565 729
73 619
270 866
625 641
432 790
351 185
615 422
211 999
601 86
10 517
61 689
233 335
283 937
27 319
971 521
382 845
514 793
348 267
879 486
798 923
596 875
762 677
352 832
525 520
881 101
595 668
599 283
315 706
123 127
800 937
558 324
98 222
726 492
660 631
555 706
934 268
544 183
978 410
877 872
419 421
82 248
98 66
797 879
603 534
500 351
540 199
143 654
957 677
508 797
674 963
102 724
238 376
111 943
586 917
626 929
11 963
942 68
698 282
469 963
812 912
443 908
354 124
89 884
11 814
488 528
749 781
499 958
314 212
94 151
287 570
411 257
696 980
371 148
975 433
681 969
564 507
386 762
54 773
761 370
544 925
799 154
903 135
279 565
975 83
16 913
868 36
163 819
638 86
964 381
246 987
662 14
398 74
655 870
269 925
283 268
632 862
148 687
492 997
246 605
159 752
313 523
206 408
704 74
137 972
806 242
83 820
480 798
294 987
861 683
27 530
883 878
943 909
267 202
569 565
220 610
829 9193
931 5372
925 7582
944 5170
826 6561
545 9338
950 9293
818 8905
189 9295
451 9109
477 6363
74 5553
627 5701
962 8570
84 6107
384 9126
39 8949
934 9591
579 8068
263 7950
292 8020
349 5443
227 5435
295 9835
492 5323
54 5344
104 7949
980 9262
863 6253
667 7717
768 5581
200 6259
192 6060
481 7143
337 5003
525 5581
840 5769
244 9968
161 6984
543 8262
930 9086
706 8838
683 7750
570 6089
789 7492
351 5967
788 8115
291 8550
135 8478
465 5417
959 6582
646 7988
157 9295
239 9551
762 6866
790 9518
118 8698
706 5166
25 8145
158 5116
664 5900
205 5119
726 8852
633 9370
652 9571
268 6258
576 5390
2 8228
617 5420
724 5875
429 7975
57 9770
21 9992
924 6513
675 9304
694 5723
925 6081
133 9956
790 9253
480 9020
820 5212
443 6906
434 5352
165 5351
286 8929
659 5752
274 7599
910 8246
740 7396
790 9711
18 8077
562 7473
542 8084
211 9998
802 9726
962 9183
271 7601
799 9227
824 8761
319 8541
61 9865
533 6089
290 7216
388 6196
964 6703
118 7819
790 7090
559 5210
95 5011
984 6779
629 6546
359 5463
801 5874
261 6129
956 7372
239 9622
180 5821
730 9598
440 6134
633 5234
654 8381
691 6769
570 5831
854 9919
930 7095
177 7274
406 7463
584 7901
284 6616
644 8109
897 6234
908 7531
592 5778
981 9734
692 8961
683 6327
832 7338
839 8649
129 9503
135 7076
730 8759
298 6949
936 5020
998 7666
975 9707
355 5114
352 8191
497 7274
228 5062
148 9964
411 9828
336 8328
241 6914
624 5005
363 9747
701 8273
656 9211
506 8299
989 6774
712 7481
100 7233
45 5163
881 9721
549 6489
82 6057
97 5208
346 8755
996 6328
527 9081
60 7589
466 5300
671 6884
997 6082
227 5545
795 7199
306 6511
33 6531
338 6763
405 6882
81 7020
37 5408
956 6407
477 5394
704 7418
516 5913
553 5531
133 9119
879 9201
408 7284
974 5374
245 9599
73 8072
254 9591
872 6256
679 5804
784 9410
432 8141
768 9861
333 5508
206 5698
71 6813
139 7854
400 5887
226 6269
921 7853
436 8089
133 8945
661 7864
606 6405
884 8324
20 5959
699 6118
742 5231
718 5539
54 7417
203 6350
1 9646
552 9934
754 8522
220 7905
158 9056
7 7584
66 9893
639 5130
823 9005
106 9324
427 5296
326 5416
385 9901
195 6322
599 7782
430 7005
11 7843
417 7337
615 9732
185 7102
201 5953
912 6507
169 9446
552 9760
750 8714
251 8279
792 5216
449 9412
311 5114
406 8263
497 5886
668 9822
674 8167
894 7309
78 5776
710 5442
632 7745
547 6230
169 5066
977 8243
775 5835
831 7537
169 6731
591 6827
327 9773
35 5403
848 6344
371 7787
724 7075
936 7932
444 7545
868 6945
234 7490
202 9471
766 6358
465 6916
969 9339
522 7133
948 5594
767 8128
8 6382
439 7318
865 5470
28 8036
529 9507
929 5352
943 8143
852 8243
763 6544
573 6100
535 8768
435 7895
795 9035
98 7395
868 6288
175 5527
718 9059
483 6723
621 5620
22 7752
997 5129
118 6622
771 8979
526 6243
554 7903
493 5765
573 7865
972 8764
261 8587
642 9290
448 9472
498 9100
949 7806
148 8350
778 5920
198 7467
842 9532
872 8860
252 5288
276 7543
497 8901
161 7364
317 6038
366 7766
165 7197
373 8393
172 6336
447 7549
920 5056
276 8134
811 9841
555 9460
392 5602
865 9235
682 6779
814 8901
873 5787
744 5380
85 6886
512 7270
932 6951
802 9344
523 7546
571 5517
149 8853
281 9475
603 6205
308 9218
415 5886
939 5813
541 6122
29 7419
154 9846
383 5661
475 9207
428 9662
990 5889
369 6175
184 7003
849 6853
913 6178
278 5406
718 7003
754 9311
807 5068
559 5503
917 7211
91 6411
985 9964
424 8684
991 7300
666 5185
541 8662
827 9996
115 6447
795 6007
645 6774
993 7560
915 9928
229 5430
970 7347
861 5890
101 7076
237 8170
110 7384
136 6023
535 6294
146 7040
62 5937
219 8352
804 7427
168 6552
724 5062
607 5762
207 6303
527 6300
913 9638
772 8673
773 9281
824 7095
57 6902
930 8300
709 7098
459 6796
701 8450
524 9752
877 6497
129 7077
891 5516
834 9761
107 6161
197 7203
575 9630
375 9832
996 7707
457 6649
849 5435
123 8543
643 9199
346 8379
180 8488
455 6049
927 5290
485 7940
339 8210
202 7474
116 5400
745 9721
46 6146
290 5466
397 9441
157 6393
594 8635
572 6777
524 5774
309 6650
812 7041
264 8320
527 9772
699 9848
444 7228
49 5726
192 5700
690 9783
117 6359
439 6966
620 9083
601 5993
301 6747
775 5544
733 9830
925 6520
396 6685
145 9547
608 5779
292 8928
718 6974
162 8644
104 5093
262 5232
218 5112
953 7920
481 7489
213 9254
276 8725
572 8829
448 7318
349 6471
905 8223
724 7805
546 7552
12 6872
730 8717
326 7018
393 6513
893 9310
532 7308
539 5596
171 7935
713 5605
541 7062
681 7472
557 6930
837 6211
868 5134
593 5778
474 7105
772 5857
299 5361
704 8095
150 6558
262 5082
391 9971
788 9327
266 7400
842 5067
758 7384
484 8748
466 7610
68 6107
1000 9877
635 5690
598 5229
912 5080
272 6077
389 8151
524 5107
501 5092
433 8250
262 9104
75 5757
183 5804
163 6207
707 8199
177 9510
864 9277
299 9960
816 8370
16 7709
646 6522
33 5189
386 7967
453 5331
991 8554
7 6877
424 9084
501 5772
911 8337
940 9085
18 6052
447 8702
122 5734
498 6436
110 6845
65 7929
500 6468
438 9102
797 7061
85 5561
522 5377
699 9771
795 9169
933 7406
625 8398
248 6459
128 7285
809 9895
879 5016
511 8497
209 6445
997 7478
817 5412
762 8748
211 7815
153 6913
316 7511
25 9709
954 7017
839 9771
326 5694
872 6743
858 8258
224 8693
178 8201
62 7379
795 7312
502 5526
592 6907
467 9797
745 6740
923 7018
923 8575
207 9671
658 6773
324 8124
556 5189
581 9676
903 7063
171 6113
935 7557
394 9528
843 8035
699 9813
754 9702
416 8515
753 5689
957 8698
132 9628
823 8729
783 5261
303 7982
189 9152
530 5662
319 6984
799 8142
280 7233
3 7045
995 6301
290 8307
168 8461
277 8553
504 8577
483 7235
422 6369
753 8828
457 9069
526 9375
802 9744
723 6497
100 5504
125 9315
804 8171
207 6050
538 7382
369 5642
420 9790
702 5809
381 6016
83 7596
95 7818
466 5679
62 7373
47 7671
237 7439
401 5534
667 8339
33 5718
241 5747
375 6226
820 7300
561 9740
916 5633
819 7510
859 7692
289 9056
410 8875
675 5423
620 9717
865 7568
669 9654
68 8514
399 6893
593 7532
190 7238
266 7574
766 7807
367 7481
32 7681
582 6444
989 8221
342 9814
303 7117
487 5239
859 5280
997 8737
394 7653
366 9188
65 7208
304 8689
591 8175
956 9726
117 5624
832 5094
533 8902
381 9633
306 9996
707 9826
507 9950
26 8484
569 6184
29 9654
720 5535
417 9184
865 8494
98 7666
25 6791
561 7734
156 6185
380 5947
961 8750
750 9033
92 9867
405 7213
382 8908
141 9113
829 9873
961 6871
771 6990
30 5072
340 8429
818 7904
808 9099
950 8855
560 7573
256 7883
709 7448
690 8715
642 5008
642 5503
605 9453
119 8802
70 6206
723 9504
38 5741
150 7496
420 9887
493 7000
456 7294
944 6799
419 5392
945 6754
728 8600
210 8006
958 9325
956 5243
438 8890
309 6378
915 5273
735 8834
104 6216
519 7826
39 5233
218 6876
40 5387
468 6878
804 8416
153 9553
281 9090
765 7115
13 5993
691 6317
66 5372
880 9707
116 7135
457 5888
471 6442
529 6740
244 8831
332 8405
210 7258
849 6274
165 7519
63 8093
584 5537
149 8573
190 8690
580 6137
632 5655
946 6955
206 6877
944 7919
116 5790
561 9039
93 9122
835 6000
618 9031
440 5291
963 9823
130 9679
973 9809
189 7160
802 5329
553 7496
97 5160
718 5369
923 5778
684 8624
483 5007
436 5076
594 8805
733 8198
1000 7391
838 8852
756 5937
315 8021
530 6057
16 9257
599 7777
980 9191
173 6933
57 8705
882 9618
700 7486
540 8750
638 9060
646 7512
7 5350
104 6181
667 5084
857 6442
70 7204
479 7827
950 8346
688 9340
149 7782
711 6277
210 9782
973 6437
188 6496
324 5856
149 6996
639 6372
304 9831
799 9170
2 5359
586 7541
481 5702
763 7263
811 8971
574 5460
51 6281
21 8971
819 7453
726 9773
461 6797
184 7784
940 5043
685 8990
631 8849
737 7444
464 8002
552 6503
314 5093
534 8842
917 8223
754 7745
263 7957
828 9178
59 6923
66 5070
209 8726
698 9840
720 7209
775 6563
583 7368
763 5514
703 9338
651 5106
385 9100
130 5328
898 5383
922 6471
683 6042
320 7626
354 6901
673 6233
808 8202
98 8654
278 6398
737 7971
596 5556
815 5780
795 6009
584 9003
979 9908
827 5664
280 8908
464 5216
624 9695
84 9964
709 7286
771 8792
711 9502
139 7412
147 5925
182 8864
871 7540
121 5312
97 7225
635 9669
745 5438
107 7161
626 7456
520 7129
653 6267
321 8245
384 6791
897 5259
875 5971
720 8306
867 5002
185 8348
122 6987
323 6141
637 7801
998 5974
442 5427
589 5685
140 7266
675 9274
7 7410
652 8944
328 8265
361 7472
215 7142
216 9801
150 5306
725 5896
140 6406
960 8179
491 9951
33 7756
51 8427
74 5239
426 8244
950 9324
449 9271
188 8906
841 5917
226 6378
378 7485
633 6510
442 6351
15 9719
253 5844
388 7945
154 9433
528 7266
86 9269
96 7299
341 9605
822 5299
294 8608
352 5597
455 7778
5 9946
488 8493
714 7790
582 7198
738 7197
262 7134
111 5973
880 8315
124 7340
721 5434
482 8302
80 7235
80 6791
304 7384
272 5476
98 9942
736 5337
295 5561
163 7180
103 6887
653 6236
914 5586
906 6246
901 7478
41 5295
692 9846
56 5868
651 7164
551 9984
332 6153
938 5147
616 8849
993 6462
68 5353
207 8274
899 9564
203 5205
243 6838
258 8839
539 7312
853 8696
898 7000
915 5993
895 6352
502 5442
426 6045
233 5529
806 7949
738 6547
216 7677
727 7934
333 9967
692 8408
183 8499
653 5913
166 9089
123 5301
277 7129
152 8303
558 9911
558 9561
514 5487
738 9314
116 9942
561 9408
340 7132
305 9486
628 5368
130 9142
801 5644
528 9596
716 7432
268 5920
79 5894
656 5437
616 7064
547 6787
513 7115
121 9852
493 6864
637 5778
839 9750
254 6295
735 9365
673 9876
456 8062
597 9767
960 8924
753 7363
957 7579
682 5760
989 9692
71 5446
318 9044
515 6472
313 5355
837 9631
75 9263
607 6874
636 8344
321 7544
925 8405
550 5972
9 5699
316 8118
893 6751
337 6843
952 6814
533 5855
877 9360
549 5049
271 5506
19 7080
222 8733
920 9868
939 8013
185 5719
189 7867
810 5646
760 7784
302 7023
101 9727
828 8153
330 8162
778 9116
607 6235
648 5162
733 5278
427 5237
211 9208
350 8643
699 7773
462 6315
609 8630
172 7256
682 8831
240 8565
534 9703
243 9977
304 5352
314 5265
675 5906
256 7944
863 6586
510 6990
21 5754
516 5895
145 6505
641 6836
719 6729
198 6554
977 6748
945 8292
581 6084
930 7156
98 9198
481 5907
18 9857
183 6402
810 6127
845 8074
593 9743
851 8721
338 7990
493 9146
197 8622
906 8127
462 7440
385 5485
736 5712
466 9857
330 6239
956 5230
581 8991
592 5494
792 9009
994 6360
142 6122
901 7385
898 6749
781 6113
134 7523
105 7275
402 9749
875 7836
616 8084
132 6368
596 9009
110 5903
441 7667
314 9697
587 6396
708 8549
654 6184
839 7378
860 5041
75 6286
371 5511
884 9404
763 6623
342 6750
155 6946
298 5984
751 6135
238 9291
632 5875
230 7859
325 7451
153 6780
401 6469
486 7434
806 6374
958 5636
968 8021
413 5329
212 9658
849 8883
712 9515
88 7997
56 5063
892 9624
699 5842
775 8672
973 7269
547 9424
498 6863
785 6194
769 8284
76 8406
653 5839
163 5560
55 8190
781 9955
339 9874
114 5473
542 7702
20 7497
67 8146
548 5975
903 9159
94 9771
121 9416
249 8705
125 8509
710 6208
567 7138
84 8700
355 6248
716 7362
279 6349
772 6171
65 8051
289 5135
884 8511
572 8937
96 8168
647 7275
509 7161
759 6992
40 8800
578 9073
419 7065
930 7877
918 8269
365 8389
794 7841
980 6298
613 8341
426 6373
63 8771
302 9882
299 5925
975 7490
682 6012
289 9516
652 9682
139 5076
13 8833
304 5979
747 5873
35 8795
897 5503
141 8268
498 5869
138 8581
436 7608
964 9359
66 9509
60 9630
889 6039
902 5511
935 6342
276 7901
944 9377
71 7572
418 8925
613 7014
701 7191
197 6533
815 6824
486 9320
133 5687
87 9134
157 6974
883 8524
65 5576
361 8228
415 5569
140 7304
259 6926
214 6155
955 6559
301 7692
666 9417
841 5388
114 9966
676 6628
30 9306
852 7875
217 8398
936 6152
134 9523
338 6388
628 9357
576 9920
972 6303
271 7041
286 9140
647 8436
146 6175
171 9099
650 8518
500 5664
424 7538
163 5278
773 7005
810 7912
448 6838
250 6684
318 5152
760 7101
430 5341
211 9043
118 8307
234 7625
840 6285
778 9833
274 8290
421 7826
556 5832
415 6849
980 8803
969 7597
602 6768
465 9874
473 5760
461 7113
593 8993
303 5346
697 9582
103 9297
6 9105
641 5495
300 6804
285 5764
702 5481
497 9980
429 5440
231 6180
404 6370
623 9203
969 9198
904 5687
908 6681
494 7374
559 6864
890 7088
148 6270
732 9353
730 8740
777 9827
848 7337
306 5269
227 5886
550 8268
827 7371
29 8727
603 9120
623 9721
81 9840
482 8386
470 9987
534 5746
221 5630
820 7279
905 9359
368 6213
516 8435
803 8976
345 6771
846 8027
262 7856
787 6356
220 7810
598 5685
818 8445
583 8700
636 7390
620 6913
360 7103
594 8402
671 5463
548 5842
429 6316
65 9996
394 8099
686 5239
25 9946
730 8837
340 6337
417 8478
587 6078
818 8989
452 7976
686 6306
273 5264
436 9455
991 5391
525 6763
469 9422
125 5469
359 8507
794 7331
693 5506
945 5895
567 6574
949 7522
147 7381
201 7785
644 5515
779 9704
502 8031
945 8174
143 8970
103 6672
458 7574
361 7811
546 9193
879 5951
164 9371
516 8175
873 5949
946 9497
51 6958
59 7300
828 5352
438 8523
955 7700
177 9801
251 7253
702 7577
873 6047
325 8199
102 8636
993 5105
31 8053
142 8835
408 6757
879 9551
224 8926
435 7492
148 7574
45 5614
953 5887
38 5814
466 7433
522 6498
236 5638
634 6119
982 8105
826 9008
333 6406
183 9632
431 9243
569 5467
96 7710
466 7454
325 6022
996 5029
40 9979
92 8434
757 9155
779 5846
439 5196
374 6092
461 8349
48 6568
621 6768
499 5951
557 5431
760 5890
465 5504
238 8029
491 9345
741 8023
531 7503
467 8634
1 9281
118 5738
89 9386
477 6814
559 6970
518 5663
987 8255
456 5308
457 5900
293 6077
972 8495
469 9566
35 6834
558 7559
401 8743
351 9436
307 7952
246 9783
194 6124
436 5021
49 6277
988 6184
409 5677
20 5904
329 5663
953 5603
483 5934
872 7293
222 9458
605 8558
910 8696
447 5537
584 7174
786 6995
693 5565
288 6077
770 9983
732 8801
61 6136
978 7732
779 8663
323 7889
256 9983
302 5415
464 6183
580 5278
620 9732
698 7474
668 5102
860 6453
717 8712
91 7252
293 9709
918 7300
827 7970
779 6851
551 7140
803 5088
345 9297
35 7381
380 9014
490 7947
606 6584
123 5710
480 9253
780 7593
204 8180
252 6993
59 8388
626 6182
595 9327
74 5646
198 8204
93 5020
594 6749
788 7767
106 9747
339 5290
394 5152
324 5188
924 9226
860 8442
463 5189
991 7975
862 7277
31 7740
726 7235
293 5927
34 8722
159 5607
82 7052
258 5707
680 7215
626 6211
716 7377
165 5278
359 6553
822 6622
508 7221
414 6546
985 7129
700 9994
657 8782
797 8475
110 6539
681 9955
70 5141
233 6607
339 8351
123 7114
807 9189
94 5945
291 6304
910 5019
398 6271
165 7181
409 6749
419 9706
777 7512
600 5353
958 9727
322 7627
157 7911
20 5546
526 8069
395 8173
219 8036
932 7598
300 7958
486 9531
58 5337
741 5491
804 9423
77 9291
78 5778
174 9409
432 5771
323 9706
869 9835
372 9089
580 7454
726 7406
491 9105
898 9953
773 8562
207 7023
664 6314
370 6896
751 7629
325 8908
371 9388
526 8978
108 7801
391 8941
402 7345
25 9696
455 5090
539 7271
571 6258
60 8621
754 6045
964 7701
503 5461
125 6526
480 5183
597 6855
716 6204
521 9027
6 6278
854 5473
483 8458
617 6623
546 5126
606 6472
887 8211
732 7221
164 6413
17 6268
904 8606
181 6514
926 5077
611 6240
42 5776
373 7062
948 7011
689 6245
997 9204
141 8528
384 8697
728 6124
165 9793
779 5914
41 9626
903 8233
132 6534
320 7111
559 5064
624 9018
283 9945
467 8649
257 8213
658 8965
678 8621
920 7796
630 8852
850 7447
238 9125
155 8602
299 5665
141 7463
514 6229
560 5417
357 5486
28 9689
587 8256
798 8557
458 6473
730 8731
214 7959
741 5992
589 6586
291 8202
322 8094
131 8456
804 8221
471 7736
161 8907
859 6728
874 9028
491 7946
238 6645
200 6972
178 5709
852 5896
430 7618
737 7280
180 6334
152 9760
287 5714
893 5625
101 8320
562 9816
543 7474
208 6569
98 6934
837 7120
152 5668
155 7944
560 6287
794 6340
248 9427
181 5264
932 5300
108 5917
465 6117
775 8367
674 9057
874 5263
457 9472
250 8885
301 8542
733 6420
942 8903
654 8754
458 6413
62 5754
729 9519
926 5823
692 5211
310 9866
934 5887
737 8738
949 5544
770 9044
725 7322
98 5360
771 8216
692 5013
18 6860
764 8765
858 7649
767 9089
288 8640
36 7967
275 5317
595 6064
192 8407
418 5599
83 7792
725 9621
298 6293
634 8750
67 9074
126 5295
874 8369
662 9186
497 6877
284 9620
195 5302
540 6574
789 5098
735 6723
906 8245
143 5035
18 9509
196 5426
213 8727
509 9093
24 6960
423 7429
691 8114
743 8332
78 6524
71 6592
562 5498
906 8806
760 7523
576 6126
604 7855
897 8030
602 7895
833 9358
107 5185
142 5744
411 9566
164 7128
913 6248
514 5671
671 7521
309 7528
773 9583
895 6551
660 9756
286 5343
877 5418
490 7794
945 8035
422 8719
77 5902
613 7786
86 6851
288 9046
832 6847
484 9389
514 8077
489 9116
250 6739
323 6365
82 6606
487 9328
188 5259
412 8845
764 5126
797 8002
582 5101
738 5230
605 8217
306 7582
146 8559
15 8634
114 7957
999 6121
999 9591
545 9121
475 9622
756 8429
570 8330
978 8545
306 5786
176 9432
459 9861
612 7758
670 9364
951 9893
479 5151
236 5430
50 5888
962 6155
314 8975
660 8744
944 6464
517 8968
904 6290
894 5990
324 5863
995 6974
47 8188
685 8381
156 6509
428 8484
667 8241
75 6315
101 7314
913 7915
856 5071
652 6702
608 9766
321 5647
81 7436
860 8755
586 6209
347 6407
53 8312
28 5236
2 8755
453 5899
464 5812
727 5261
223 8226
510 7118
707 6615
964 9495
242 7184
974 5232
934 5821
645 9973
275 5779
604 9207
194 8524
631 6611
162 7147
533 5455
880 7704
400 9970
651 5115
327 6969
650 7328
678 5195
540 8055
224 9993
567 5136
400 5273
203 5227
357 5989
729 7022
67 9890
370 8245
332 8607
206 7777
167 5970
572 7275
435 5012
796 6871
708 9132
634 6049
611 5626
237 8331
244 7411
727 8463
190 5358
980 5021
359 6058
434 9550
927 7665
685 7025
485 6327
995 6385
299 8809
725 7763
416 6826
774 5571
621 8700
13 6753
970 6418
136 5621
200 6267
21 7191
763 6648
887 6429
623 9047
483 6828
345 6393
451 8877
899 9855
344 7933
185 9922
631 6159
483 7051
756 9765
452 7105
204 7624
329 8192
724 5764
942 7921
103 8503
154 5441
65 5850
938 5064
125 8121
709 8130
514 9086
120 9593
505 9254
188 7083
750 9120
125 5073
671 8041
600 5818
952 8448
290 7201
671 5788
853 5387
716 8031
896 7015
485 6901
392 6770
551 8522
87 5570
946 5663
773 8724
331 6674
834 9955
674 6434
5 5198
323 5091
110 5498
862 5212
805 8875
264 7398
921 8794
724 9583
101 7386
949 5472
229 9677
784 8646
10 6851
908 7745
843 8979
256 8357
472 7584
329 9004
13 6741
570 7357
150 9462
109 9266
965 6651
801 6541
639 6743
436 9257
166 6710
582 5021
994 5865
837 5669
577 6317
579 7465
767 5861
21 7869
815 7003
744 7053
839 9347
113 5536
961 6665
678 7593
570 8806
759 8707
6 7491
478 7525
578 5134
887 6009
865 8644
708 9802
681 7629
407 5016
159 9455
269 7727
436 6234
79 8598
590 7149
951 6558
598 7958
105 8069
149 6477
34 7620
453 5934
209 5902
681 7804
930 9889
570 9893
38 7601
212 9016
7 9274
367 7638
455 6301
363 5984
114 6025
496 6724
134 5860
9 6201
86 9890
324 5191
943 7270
681 8862
64 7042
605 8523
448 7691
305 7839
428 9510
97 7266
354 8624
655 7219
25 9683
316 8223
891 8868
903 8996
295 8514
187 8563
79 7384
612 9968
280 9603
612 6329
298 7104
367 8189
397 6440
201 7020
871 7066
586 7620
848 6625
415 6186
608 9908
565 7951
995 8009
585 8110
905 8451
707 6711
414 6877
116 8553
979 7504
570 9226
159 5433
6 8118
757 5645
795 7419
423 9922
593 5972
404 7829
337 5999
567 6378
122 8187
276 8692
73 7142
476 7206
320 8510
228 6729
197 8037
581 9869
114 5293
140 7730
198 9237
692 9173
42 8344
302 7479
56 6034
458 5267
174 9463
60 5756
440 5396
373 5211
783 6729
897 7390
791 9552
913 6230
544 8755
53 7726
564 5684
189 5730
985 5319
697 5093
238 7295
706 6784
386 8557
63 9774
424 7564
790 9090
896 8209
621 6249
155 6761
555 6098
429 9838
190 7126
708 7013
118 5413
524 6328
255 8448
825 9830
883 5273
912 8383
498 9508
718 7994
272 7893
160 9538
72 5243
480 8270
683 5858
893 6501
60 6496
211 5081
382 9834
324 7678
988 9475
660 7031
419 8729
383 5796
410 6786
12 6504
791 7254
481 5939
474 9090
429 5275
147 9738
221 6104
949 6545
698 5942
117 8294
806 7569
29 8778
445 7098
189 9308
450 7620
252 9334
573 6297
442 7782
251 6575
266 5904
346 6920
135 9715
763 8133
739 6779
342 7058
78 7021
331 6758
706 9004
134 8219
529 6636
385 7958
474 7335
103 7568
176 8689
164 7085
262 5963
941 9779
873 8830
388 7339
464 6616
560 5069
65 9144
498 9866
443 9245
657 9163
142 9040
140 9015
808 5529
502 7829
59 6581
574 8627
949 7975
529 5994
451 9727
48 9419
389 9257
316 6214
139 6805
490 7531
6 7434
372 8590
759 5513
703 6096
597 9767
106 6350
13 8975
547 9342
153 9231
480 9762
206 5550
590 7565
427 7977
916 5328
389 6398
251 5265
67 6346
897 5244
263 9700
541 5962
755 8675
919 6439
388 5778
270 5804
315 5939
170 8280
126 7525
785 8106
596 7790
119 5220
672 9342
622 7303
92 5022
173 9846
443 9453
288 6099
364 9473
236 8971
419 8367
365 9078
765 7685
110 9007
316 8088
323 5715
903 7338
470 9656
59 5991
897 9575
300 7964
241 9177
70 7449
855 5465
746 8874
105 7354
816 6402
922 7743
607 8898
4 8226
41 6835
479 5099
325 5076
824 8426
631 9512
420 8428
720 8341
376 6623
897 9755
392 7464
442 5251
773 9913
275 8782
968 5808
668 5404
482 8649
795 5678
968 5524
642 7999
439 5366
795 8619
717 5928
659 9215
801 7192
415 5180
913 5946
414 5757
616 9045
409 7665
652 6885
94 5048
942 8596
738 6003
397 6736
41 8283
67 5975
623 9570
223 5518
533 8692
190 6355
133 5773
90 6548
923 5956
490 7310
882 8136
829 8551
802 7543
55 8871
440 7972
621 9822
970 8136
62 7131
651 7900
216 5577
864 6406
44 8105
792 5937
104 9452
678 6888
229 8207
778 9041
414 6796
664 7522
410 6628
58 7069
713 6247
697 8130
893 8863
657 5206
249 6172
320 9796
209 9484
585 7941
935 6104
96 7583
639 6734
829 5098
927 6446
744 8122
925 7009
186 5376
379 8940
807 8104
697 5648
4 8678
912 6121
596 6068
763 6946
411 7158
310 9833
40 9568
402 6215
887 5580
773 6156
362 7729
633 7196
920 7436
454 6507
42 7716
828 5481
224 7256
1000 5893
611 8014
506 9858
738 9611
140 6831
863 8633
495 9891
719 9132
872 7593
701 8339
867 5171
356 7462
376 9525
607 6291
415 9455
359 6903
193 7364
366 7077
430 5469
631 9998
860 5998
536 5210
76 5021
233 5191
52 8309
953 5377
552 6582
99 6112
390 8053
496 6687
39 5773
989 5555
391 7760
519 6824
590 5465
938 9695
651 7871
502 6144
346 5596
451 6090
976 8786
889 8189
936 6218
146 7998
999 5271
458 7791
496 6367
207 9100
613 9050
660 8321
427 6186
552 5129
12 6543
159 7838
41 9187
290 7288
999 6042
440 9196
866 7517
35 5188
271 8596
102 6033
961 8453
790 7120
584 9489
965 7087
289 9033
703 7352
200 6202
861 9678
769 6456
24 9143
779 6190
749 8503
180 8463
389 8307
454 8257
769 7184
512 6770
987 5312
173 5203
202 7507
171 6532
946 5930
57 7992
439 9282
43 8749
876 5260
489 8948
8 5916
184 7776
592 8545
554 9183
659 6734
51 7652
175 7481
272 8587
658 6411
532 6184
451 6525
423 9033
862 6010
895 6459
364 5339
968 5538
191 8599
411 5955
863 9170
190 5542
705 9535
664 5484
464 9662
770 7006
538 6460
141 8613
458 6001
908 8028
812 5397
912 6305
708 5591
131 7537
868 8728
139 6310
584 8893
840 6731
357 6621
924 7760
578 8112
760 7780
535 9355
464 6208
857 9105
304 7516
515 5768
114 8788
218 5793
347 9864
556 5656
349 9262
451 9931
723 6135
839 6049
767 6709
473 8636
771 8259
196 9681
867 7966
143 5950
836 5948
591 8797
270 5815
28 7833
478 9293
934 9771
324 7626
983 9162
277 5185
871 6438
433 6862
169 7182
867 8121
479 8648
194 9048
895 5932
367 9836
465 6988
448 9150
920 7559
222 8997
974 7475
880 7965
968 5386
234 7109
230 9041
470 5230
412 9886
914 7667
851 7568
17 6558
352 8454
537 8227
335 6211
516 7346
264 5315
383 9112
39 8566
24 6880
983 6157
194 7212
423 6426
366 7355
706 6626
706 8191
700 9795
106 9233
398 6328
977 9633
801 8173
827 5943
996 7938
775 7492
384 5782
402 9679
59 5919
343 8003
154 6942
753 6090
578 8230
260 7480
36 5888
86 8173
24 7581
730 9228
899 6116
48 6057
167 6372
932 6548
492 7867
198 6352
418 7227
17 6353
381 9078
892 5907
164 9826
125 5232
700 5794
628 5350
811 8056
228 7635
302 8753
566 8012
113 7498
55 5971
248 6496
620 8454
428 7349
917 8400
411 7798
956 9534
523 6546
936 9251
128 7190
274 7626
330 9486
516 5691
605 8471
283 5849
944 7959
735 6936
828 6487
640 8394
585 9797
326 9557
363 6086
235 5923
6 8527
874 8284
440 7761
997 5716
793 5135
545 9459
922 7514
965 9020
920 5793
168 7136
299 5780
785 8567
573 5511
667 8109
306 8619
322 5492
23 6096
701 5172
840 6563
658 8124
658 8593
365 7434
277 5051
864 5526
583 9261
104 5725
211 5506
727 9798
196 7737
633 5101
58 5270
801 7466
919 5368
455 5367
348 6407
914 5195
147 9050
602 5974
800 5600
815 6010
374 6703
724 5559
498 7458
226 6295
91 8051
572 9187
964 7652
190 9708
353 6133
3 5874
647 5837
519 7816
635 8156
360 7076
169 6130
546 7800
949 5996
803 8976
373 5135
200 7651
86 9616
725 5525
273 9545
479 5556
494 8913
65 8399
360 6113
932 5495
391 5643
677 5714
922 6181
622 7718
149 6696
980 5496
473 7755
555 8501
518 5822
155 8108
776 9058
866 7812
743 5407
333 5732
706 8318
185 5439
724 7056
94 5159
23 9310
411 9539
199 9691
952 5041
138 8820
840 9423
255 8616
629 7275
824 9036
384 7631
584 8306
524 6496
102 9196
938 9868
812 7877
810 7025
844 6056
906 9089
414 7137
461 8459
523 5174
59 9793
140 8208
185 7370
449 6001
638 9873
511 8522
262 5040
509 8190
671 5181
841 8808
537 6423
705 7133
173 9387
189 7799
533 8805
303 6617
961 5815
358 7771
845 9589
454 5519
695 9895
838 8367
828 9377
436 5990
16 6598
365 7740
374 8482
21 6222
957 8260
33 9376
881 8496
103 5980
842 5583
143 9447
323 5729
802 9040
10 9978
833 5763
613 6095
887 8558
637 5011
519 5721
52 6878
95 6171
695 5040
449 7387
905 9508
861 9888
625 9063
474 8411
246 5201
16 8817
354 7069
276 5909
850 7985
377 9239
244 9456
528 5204
936 8263
1 8868
640 9034
660 5099
269 5698
387 7952
456 6500
547 5903
946 8969
656 7938
475 5284
461 6159
498 9552
893 7850
437 8680
671 5606
368 6023
715 8583
737 8717
537 6502
359 7511
376 5109
898 6207
678 5155
316 7111
245 8306
359 6484
628 7581
161 9042
839 6880
399 6371
995 6091
203 6645
367 5035
557 8332
954 8020
833 7859
28 8099
561 7820
760 7736
308 5565
737 6343
252 6064
673 9123
732 8857
440 7439
316 5648
381 9489
304 7006
382 9452
414 8837
807 7630
225 8868
878 7777
749 7116
117 9496
366 6300
909 7313
442 6678
788 7478
317 6647
283 6366
669 7639
410 8603
659 9327
348 8919
265 6018
867 5411
878 9157
464 9519
860 6457
933 6768
37 5531
618 9740
786 9311
39 7857
800 5856
867 7104
340 7144
295 7316
636 6995
67 7077
645 7880
388 7919
130 8345
948 7344
669 8734
179 5647
149 6516
845 7202
714 6568
725 8599
892 9619
681 6433
453 8458
793 5921
831 8231
64 6478
576 9650
517 7965
516 7608
452 8584
905 5282
62 5293
771 5541
957 5105
364 6391
415 9706
118 5969
959 5978
220 8719
688 9285
827 6514
339 8666
482 5357
997 6148
994 8806
948 8257
616 5169
574 9062
612 9148
383 7728
283 9324
504 7394
589 6747
240 5169
617 8666
381 8589
354 8856
171 7367
35 9561
441 8759
928 5570
871 9837
326 9552
526 5684
419 8154
178 9142
101 9056
250 6518
958 5172
188 8658
611 8877
806 7808
439 6830
39 5702
647 5774
912 8166
890 6734
353 9522
931 6569
235 8967
997 9716
129 5638
776 9019
690 6042
648 9684
304 5762
764 6434
55 6084
234 5115
856 8656
399 7527
115 9281
448 6483
254 6136
786 7420
616 9861
638 5273
585 5744
650 7621
959 7637
769 5051
922 7807
704 5737
979 8649
430 6289
69 8242
266 9012
657 9223
880 5092
730 6928
630 9421
30 9624
668 7684
13 7552
980 6995
739 5423
510 8211
17 8490
216 6819
765 6294
870 5558
467 9826
815 7920
813 6231
740 8168
782 5817
807 9972
310 5980
327 5600
183 6885
115 7773
289 9893
594 9588
411 7282
509 6414
218 7635
696 9945
159 9179
1 7320
417 8278
961 8792
194 8551
183 8506
230 5631
76 8038
935 5961
660 7203
955 9628
838 6698
905 8299
114 8271
828 5827
826 5999
525 9420
307 6097
833 5726
145 7408
267 8553
818 7635
898 6284
539 5579
237 5513
478 7247
446 6620
513 6405
695 7200
877 6240
612 7061
581 7736
53 8920
32 5982
908 8610
347 8588
487 9666
38 8168
808 7707
847 8135
626 9883
130 5275
60 7736
991 8098
766 5603
60 9087
240 8363
583 8883
985 7557
798 9088
452 5642
507 8639
876 9766
513 9360
711 5059
650 7986
319 5878
276 7845
34 5958
720 6740
325 8856
185 8456
252 5151
532 9993
328 5865
393 8447
321 8644
405 5607
280 9569
947 6821
387 6789
355 9105
299 9537
124 8411
954 8176
855 6213
837 5447
288 9629
739 6202
566 7227
92 6142
260 5652
243 8158
806 6488
571 5131
58 9261
930 7375
965 9123
239 5639
545 5139
806 7816
989 9136
79 5788
837 7166
103 8987
152 8325
736 7840
672 7743
487 7700
57 7377
940 7812
602 8390
435 9020
556 9582
642 7631
991 6383
411 9720
174 9871
577 8448
133 7371
800 5081
667 6571
254 6881
281 6290
195 9570
410 5243
894 5109
6 8009
770 5715
160 7535
898 9185
226 5717
979 9713
412 8394
909 9144
372 9638
423 9782
293 7414
471 6725
595 8561
77 7929
907 9733
1000 8309
604 5332
903 6660
621 9438
504 5129
170 7657
601 5359
537 7744
255 9199
345 8506
168 5503
763 7699
107 7296
506 9836
848 6804
696 9508
355 7467
339 7911
953 7365
391 6452
791 8099
493 10000
24 9090
821 9037
716 8096
873 5035
894 9919
992 8901
42 9198
609 9265
512 9780
862 7699
881 8116
277 7621
402 6288
729 6865
371 9070
493 6436
867 6583
983 6971
372 5967
863 8322
22 5816
536 9588
305 8390
221 6907
846 5434
836 7303
924 5141
25 5172
358 6606
672 7285
593 9398
781 6651
17 5526
958 9187
753 7329
401 6426
974 6817
569 9932
756 6561
693 8525
145 6998
21 6052
175 7033
381 6760
517 5230
770 6590
311 7717
960 8470
736 6436
150 7797
144 9636
687 6871
712 6424
602 9851
32 6438
637 9657
330 6943
416 8076
857 9075
380 5816
17 7336
662 8384
674 8850
939 5443
831 5699
124 8315
631 6108
818 9085
472 9845
565 8789
252 9296
383 9545
1 7529
258 5283
538 7599
745 8855
797 6243
68 5596
912 7806
691 6791
686 6281
798 8770
590 6054
752 5315
146 7144
434 6246
291 6777
1 5307
736 9474
927 8807
400 8408
207 5272
375 9686
480 7774
998 5447
597 7622
419 7529
429 9889
751 7929
963 5134
947 5751
10 7840
693 5989
515 8167
570 5127
317 6851
762 9250
329 7715
757 8780
675 8122
741 9541
170 9003
567 6181
516 9526
24 8259
573 6538
458 7132
279 7032
296 7874
787 7571
115 5075
593 5518
741 6736
9 9846
308 7710
788 7780
109 7586
597 9822
326 5472
780 8671
534 7366
492 5688
660 8460
891 9008
280 7026
585 9759
151 8340
345 6035
639 7328
841 5991
721 7260
830 6406
524 9738
578 5637
286 9987
67 9822
561 8832
185 7340
167 9237
117 8594
493 5785
115 5469
798 6004
400 6289
686 6662
400 9003
387 8435
591 5677
832 9983
781 6956
894 6479
998 9059
258 6407
904 6808
575 6371
356 8900
204 5435
900 9491
830 5679
295 5257
385 6892
764 9316
655 8977
503 5887
563 7040
83 5253
796 7456
978 9926
306 7677
497 7006
908 5393
808 6722
934 7230
73 8326
575 9407
228 6200
460 9350
64 9375
104 9239
779 8695
502 6476
350 5436
857 9452
603 9811
503 7179
376 5523
917 9794
746 5007
627 9898
535 5293
686 8750
467 7978
714 8927
534 7773
753 5358
768 7943
591 9967
27 9594
706 6740
184 5662
307 9117
172 6959
645 5981
860 9841
418 5730
378 6026
850 9968
488 6131
908 6752
762 9180
271 9559
116 7108
906 5933
801 6693
684 7861
857 9760
266 9385
760 6505
473 9597
71 9172
770 7909
878 9741
759 7542
958 9244
424 8407
985 5201
25 8934
796 9460
491 7163
927 9804
283 6404
278 6504
352 8482
897 6928
918 9884
310 7517
778 8728
241 8892
899 5945
266 5288
466 9099
929 5577
193 8378
255 7410
623 5355
19 6466
265 6636
895 6122
84 6531
164 9418
61 7639
157 6237
49 8495
61 7389
887 8091
190 9241
999 8745
482 5800
544 9137
238 5114
882 7664
442 5762
749 5423
858 5120
828 8980
283 6613
304 8495
821 6137
71 5499
845 7080
877 9363
868 5032
726 7103
204 9155
171 5910
978 5895
462 5149
843 8651
200 5554
767 6546
578 8367
752 7871
389 6422
968 6472
143 9410
385 8830
498 9202
325 9573
578 8157
16 9425
228 6725
845 9473
67 5178
933 9258
513 9937
630 6309
358 9091
311 8645
336 7223
588 8617
190 9707
383 9427
712 9563
996 5100
476 6754
643 5818
735 7739
99 6476
859 5803
415 8757
704 5067
894 7251
528 6600
427 5014
215 5197
374 8394
723 5100
280 6334
69 5313
310 9657
51 8450
853 8551
753 7992
132 8842
859 7320
963 9879
805 5258
909 7460
443 6579
175 9375
75 9906
538 6885
932 9104
579 7701
180 9206
464 5998
861 5428
614 8163
972 9503
880 7934
380 5570
658 9315
491 6646
810 8265
637 5132
487 5283
523 9237
125 8035
934 6751
289 7104
147 8889
947 5402
61 9449
43 8648
315 5141
218 8982
558 7125
132 6163
941 8821
372 9379
440 9131
226 7357
778 6307
34 8782
23 5451
380 5131
473 6752
557 7610
83 6256
979 9692
429 7052
914 9249
406 5215
547 7929
936 7508
953 9619
545 9647
234 9628
459 9201
663 5772
301 7983
971 7865
549 8353
460 9961
936 8676
530 6990
213 8389
237 8733
308 6408
205 6981
647 5976
211 9565
67 8941
655 6516
833 5037
247 8049
626 8225
581 6771
527 5461
49 7672
420 5098
766 5260
507 8563
653 6283
92 6568
532 8193
378 8097
292 6398
124 9898
140 5791
531 7965
655 9094
653 5853
447 7901
152 5573
997 9341
398 8692
314 6457
106 7611
487 5299
657 6417
516 5550
912 5748
150 8924
92 7660
415 7746
487 7744
415 5420
889 7870
161 5631
696 9804
893 7565
883 8516
247 7393
114 7031
968 7604
152 6910
202 8954
944 6744
988 5444
339 6846
223 9707
181 9439
332 6846
552 6229
365 7874
608 6089
271 6826
409 9924
27 6129
531 5066
930 6407
320 5394
932 5103
952 9730
805 9749
784 8231
780 5425
970 5441
602 6409
555 7173
399 5378
102 5261
940 7671
535 6294
885 9464
452 5832
678 8222
664 5369
659 5419
430 7089
933 7139
589 6752
584 8220
668 6128
364 9497
296 6318
601 8772
531 5351
956 5087
519 9985
809 6082
995 7617
330 9706
381 9217
903 7055
331 5374
157 7457
650 6435
445 7094
471 8978
358 5926
879 9517
404 8131
847 6706
246 6437
435 8439
219 8693
54 5461
106 7691
425 5720
651 5203
712 9784
533 8198
760 8742
839 6103
691 7048
520 5101
273 6739
687 5658
573 9744
333 5106
976 5215
766 9397
376 6241
96 6582
40 6016
58 8110
3 9811
785 6757
734 9876
559 9755
61 9354
780 6822
913 6738
936 6091
37 6137
880 8863
581 9440
65 6271
244 9085
39 6543
706 6978
895 6879
330 7960
480 6673
869 9406
860 6928
731 8243
986 8048
245 7751
761 9583
19 7061
193 5379
613 5839
513 6038
99 9248
280 8521
719 5401
771 9805
931 8496
489 7238
114 6173
45 9166
567 9519
297 8698
298 6208
327 7494
982 6665
747 5058
104 9031
507 7649
308 6030
456 9561
893 6291
785 9382
95 8350
893 7473
654 6936
501 8301
741 6778
20 5732
701 8613
995 8186
39 5096
162 7403
348 6073
214 7180
689 8364
235 8853
495 8215
214 7720
724 6694
446 6648
962 5564
663 6810
397 6358
152 5821
144 8971
163 6437
297 7753
673 6602
636 7308
554 5531
175 9768
524 9709
494 7032
1000 6422
400 5897
861 5656
183 7952
717 8627
40 7098
983 6994
816 6243
889 6055
352 7213
840 5085
874 7751
571 5572
147 8446
41 8679
89 5741
972 5666
160 6720
293 9079
243 6851
625 9075
841 5575
868 9006
34 5879
192 6740
871 7885
68 8230
100 7121
735 6302
307 7933
962 7607
639 6445
452 6782
634 6474
805 9002
255 9240
357 6852
4 5521
654 6403
205 8821
39 5347
230 9826
843 5017
831 9566
50 6629
486 9015
696 9384
710 6826
433 6734
8 9503
8 7319
48 9382
482 8696
699 8639
703 9300
565 6686
53 7831
329 8529
209 5906
691 7040
458 5769
548 8645
644 6305
534 9092
456 8435
459 6057
449 6660
135 9962
296 7993
988 9829
485 7568
184 7959
150 5203
545 8073
368 8084
372 8942
440 5390
299 7437
53 7645
912 7710
944 6652
561 6821
264 8279
816 8838
57 6774
138 5164
552 7799
934 7231
952 5910
326 9350
693 6891
371 7836
444 5223
791 9850
989 7897
496 9658
21 6224
892 9711
262 5803
524 8717
914 9022
79 8649
394 7177
819 7887
56 7784
406 9615
835 6116
311 5073
222 6354
207 9235
972 7035
369 9419
131 9764
840 7880
202 9563
904 6996
975 5735
603 5508
921 7933
474 5722
973 7234
943 5834
408 9990
839 6646
153 9592
199 8456
666 6087
325 9158
25 8886
138 6332
341 6545
399 6930
927 6566
588 7703
2 9204
826 6773
994 6209
790 6185
362 8003
926 6906
709 7759
70 9247
105 6312
135 6828
118 9692
691 8149
464 8620
491 6589
165 6674
806 7660
81 6162
109 5851
163 7707
101 9281
882 5435
710 5634
338 5603
575 5886
531 9714
742 8565
154 5740
571 6087
716 5759
559 5918
384 6028
67 5695
227 9899
69 5413
421 7346
497 8747
473 5046
215 9553
990 8763
526 9687
19 7801
796 7012
788 7257
435 6339
393 6151
753 9325
643 7238
664 6064
715 7270
703 6523
816 9895
807 5401
561 9594
167 8572
659 7359
686 5751
446 7383
67 5269
763 6185
905 7832
236 7589
1 8914
543 8067
178 5389
722 5450
461 5604
878 9161
734 7505
488 9788
671 6346
68 8856
267 6419
730 5298
645 7893
83 8660
636 8332
581 8737
911 5117
516 9681
762 8876
965 5300
896 9742
619 8165
865 6905
628 6638
590 7857
456 9110
237 5785
393 6846
250 7120
905 5306
130 9672
522 7657
224 5847
415 5754
461 6016
619 9310
457 9415
19 7092
837 9152
597 8138
897 7563
487 5608
386 6988
101 8983
511 5626
725 7646
300 9161
104 6433
50 9528
68 9430
377 7244
31 5816
479 6886
813 7471
771 5844
356 5363
565 5209
90 9676
115 5368
978 6827
78 7475
941 9415
473 6076
969 9064
510 8456
92 6851
75 6905
698 9461
702 5122
942 6011
78 8787
137 9130
413 9875
208 5939
426 6291
546 8744
414 9359
788 5907
743 8110
998 8920
323 6349
643 8879
499 5089
706 6195
237 7455
529 7233
126 7619
634 5514
220 8548
758 5574
842 9813
872 8470
388 7803
248 8624
808 7165
247 5627
807 8158
48 7988
696 7156
60 5457
628 9043
617 7366
407 5161
996 8816
851 8382
737 9193
919 7454
736 5241
168 5193
779 8505
364 7512
241 5788
540 9237
469 5844
60 6658
178 8916
459 7062
381 9967
120 7410
992 8780
344 5369
807 7605
115 5140
258 5961
910 5383
602 8401
312 7806
447 9833
124 9733
519 7899
647 7912
798 8195
939 8709
547 6570
504 7898
953 5170
301 6416
646 7129
852 9530
318 5290
516 5268
890 6237
7 8652
493 8123
544 8814
843 8623
808 8713
107 6373
660 8724
60 6374
570 8093
640 5272
637 5898
314 9144
221 5813
707 6787
839 6806
600 6672
829 8992
650 6246
691 7481
202 6297
739 5093
447 5856
718 9840
584 6837
16 7444
10 5312
517 6627
675 6035
574 5487
395 5376
571 9887
148 8595
457 9204
486 7070
796 7583
141 7422
842 5483
948 6334
728 8508
450 8071
174 7499
419 7473
708 5274
980 6190
309 7145
126 9713
740 8005
709 9413
527 9180
534 7011
665 8207
82 5246
737 7589
888 6419
986 9794
949 9930
422 6631
811 7713
897 5867
661 5201
162 6687
314 6627
192 5900
810 6191
954 5443
339 8464
441 9801
487 7579
475 5868
434 7211
103 9126
930 9960
272 5106
35 6007
559 9302
126 5128
222 8069
196 7166
6 9377
644 9223
313 7021
337 6270
511 5783
348 5372
216 7735
44 7437
505 7506
150 8479
33 6629
185 5829
941 7571
14 7096
307 8154
109 8483
443 8845
273 6035
931 5534
812 9679
670 5640
263 9963
945 8063
314 9398
529 8213
476 5584
57 6372
638 5503
285 5095
87 6208
553 8973
895 8809
127 7755
526 7884
677 6215
587 8066
59 6451
963 6065
211 7782
361 6309
270 9519
424 9896
414 6073
554 9535
204 8843
278 5977
195 5423
609 5805
877 5046
414 9801
18 5966
646 5496
87 7707
332 9664
21 8359
969 9701
44 6510
921 7474
847 8675
644 5860
929 9951
283 9385
851 5686
165 6772
733 7348
401 9984
144 6830
607 8332
187 6305
975 5509
528 8485
924 9188
731 6117
3 6805
498 6913
173 8905
563 5500
590 6187
375 5880
631 8347
379 7443
741 5142
383 7276
501 6887
378 7900
249 6214
579 5867
283 5517
780 5077
364 5296
991 6975
59 5784
638 7384
841 5504
501 6898
161 7160
27 6501
618 9988
427 9218
860 6128
812 7724
995 7220
282 7440
522 5332
542 5565
439 8709
162 9224
463 9254
428 6502
846 7007
853 7441
664 6220
502 6260
87 5342
767 9142
230 9945
985 8543
121 7982
451 6138
714 8284
304 6753
171 7451
834 6506
823 8685
515 5834
723 8698
813 6830
124 6448
105 8078
153 8892
372 9036
104 6287
842 8713
767 8165
413 5507
839 7430
905 7897
94 9772
712 8003
21 6264
19 8032
828 8993
56 9911
65 8160
541 8212
353 7881
847 6876
56 9607
121 5853
923 8784
323 9294
97 8952
526 9725
238 6650
974 5824
724 8053
879 5986
137 8635
46 7809
17 9755
147 7662
298 7472
256 7094
217 6201
913 8212
15 6190
889 7748
186 8084
979 5124
584 8087
379 9699
584 8340
656 6991
99 6111
399 9396
367 9524
313 5830
39 7830
767 7301
44 7076
130 9449
808 6066
7 9066
630 8046
896 8747
988 6942
156 8349
845 9575
423 5465
399 8392
462 9584
370 7037
136 6117
10 5236
71 6167
948 5729
829 7760
449 5336
791 5497
912 9730
826 7366
675 5144
41 9147
439 9967
625 7695
84 6477
798 7936
509 6435
113 7127
659 8094
615 9997
208 6944
135 6901
591 8496
889 8849
611 8022
550 6081
37 8849
150 8657
16 9558
712 7687
79 9318
279 9321
707 8628
201 8363
801 5296
440 8405
914 9509
224 9151
42 6807
648 7874
747 9653
359 6110
248 6347
526 5845
20 7821
699 5479
803 5458
337 7749
797 6110
261 6306
485 6931
983 8574
616 9032
486 9613
640 7117
303 9306
717 6622
115 5192
375 5968
63 9362
551 9418
277 9284
397 6572
474 8135
713 9522
790 5900
906 5856
337 8720
288 6791
788 7263
386 5697
643 8599
25 7447
713 9831
742 5939
448 9841
550 6360
310 7565
668 5613
303 5166
677 9612
571 8230
809 5917
803 6656
352 6603
1000 6154
426 8919
802 8431
304 5786
569 9060
200 6979
478 6043
108 6644
832 8143
979 9110
163 9621
34 9508
790 9033
569 8510
654 5308
942 9315
288 9378
763 6810
834 5795
435 9541
716 8495
12 6993
50 6649
485 7641
994 9665
906 6893
436 7230
309 8539
232 7575
272 8693
331 9005
169 7769
371 7958
676 6461
983 9431
36 8323
582 5620
989 5261
65 7254
715 5871
199 6985
374 7731
575 7291
959 5260
488 7705
299 9995
375 7877
231 8532
229 9874
890 6376
919 7503
293 9232
993 9408
78 6357
327 6315
143 5983
972 9907
613 9415
523 6291
255 6564
928 6748
488 7658
174 9951
12 7958
747 8444
329 5869
845 5492
880 7314
855 5885
600 7313
610 6042
325 8053
917 7764
907 6852
864 7383
858 8619
886 5348
821 6189
982 7768
215 7110
135 5069
707 9503
567 5314
230 7445
60 5357
309 5066
518 5481
814 7769
215 9687
463 8218
711 9539
320 9436
562 7302
744 7380
370 8164
408 5148
63 9927
116 9870
770 6965
596 6668
640 6462
68 6980
653 6160
896 5957
184 6467
691 8454
569 6728
929 5638
237 8029
259 6928
558 8530
998 5058
765 6742
727 8374
428 5743
344 6499
949 5091
621 7485
481 7612
94 8536
908 6457
941 5140
984 8686
979 6692
808 9871
712 6950
990 6285
114 8860
782 7324
118 6365
415 5288
135 9857
468 8224
278 9446
141 7105
56 8066
528 9048
642 8923
999 9335
593 7549
200 5999
784 7982
986 5872
798 6603
705 8432
194 6551
409 5005
102 7297
46 7141
752 9222
942 5706
85 6122
298 8017
338 7801
484 7852
689 5613
818 9249
906 6816
771 7066
34 9271
993 5580
588 5989
204 6851
586 7833
884 9082
289 9382
480 5897
991 5522
557 6641
210 9077
901 9463
469 7489
757 8815
715 5168
903 9972
450 5648
236 9041
20 5129
565 7271
721 6132
793 5166
51 6961
436 9114
189 5515
693 8294
560 5837
205 6924
520 8612
34 9583
78 8824
132 5216
801 5010
906 7610
527 8595
704 5451
50 9357
181 8994
368 5174
600 8851
244 5785
428 7769
364 8282
535 6352
255 5968
335 8866
124 5951
787 9255
975 9847
393 8434
434 7334
77 6498
897 7097
586 9968
89 9716
72 7139
171 9643
730 7585
906 9935
55 8210
72 9614
859 5385
386 6992
383 5389
527 6447
61 9751
643 7354
716 6990
190 8523
836 8454
788 6775
229 5264
52 9194
522 9198
654 8700
179 8392
940 9455
565 7542
239 7762
572 7871
293 8303
715 9434
846 6514
962 8609
459 9912
218 7854
378 7930
189 8771
874 6000
82 9164
482 5558
390 9191
940 7442
927 8695
218 7868
470 6886
309 6197
748 6052
373 8603
765 7646
529 6586
944 6550
187 7851
907 6337
186 6736
211 8705
953 6768
530 6920
843 8007
335 6612
358 8622
67 5552
656 5231
955 8091
60 7420
351 5522
880 6265
728 8580
951 5596
616 7463
950 6704
441 7136
694 7126
1000 5382
439 6367
756 9897
938 9170
784 8536
593 5730
883 7004
891 6266
959 9767
481 9510
637 9655
760 5753
564 9830
746 9620
306 5918
239 7524
625 7038
667 9063
31 6390
375 9197
623 8863
106 9395
567 6514
305 7083
623 7039
97 7265
267 8473
126 7415
549 9240
504 6352
512 8382
926 7941
9 6766
247 7768
487 7041
515 8174
902 7649
437 8958
897 9169
441 6027
280 7599
538 9698
963 6230
172 7099
678 5978
108 6908
526 8383
257 8217
133 7830
969 7269
681 8276
79 9338
814 6997
921 8612
274 5663
763 8594
186 6853
601 5381
651 7283
546 9138
784 9132
100 9539
633 7932
50 9732
571 9853
110 9603
465 9509
34 5058
866 9153
212 8098
265 9175
659 7850
385 8673
795 5505
223 7868
817 8893
722 9556
417 7553
59 8962
477 5792
457 5621
78 8551
558 7418
451 6872
338 7245
554 9968
307 9644
651 5365
173 9344
530 5499
787 7998
368 8727
916 8393
97 5843
841 5486
109 5787
348 8473
757 7835
646 6420
125 7340
984 7507
391 6403
654 9813
576 6771
578 7558
921 6643
308 8959
448 9557
337 7023
390 6036
568 5704
443 9764
702 9509
110 5254
273 7427
611 7553
438 8009
357 5253
852 7632
364 9015
731 8315
686 5200
476 5681
903 8300
979 8985
295 7514
967 7161
93 5741
206 8108
128 9309
343 9555
286 7258
136 5698
232 8982
509 5303
307 9805
259 5144
266 6639
201 6739
53 6989
267 9208
77 6238
655 5590
648 5228
319 6809
172 5075
637 7533
915 7015
736 5593
331 6631
893 6484
482 6612
617 7140
485 8457
206 9425
177 7718
656 7940
600 5005
938 8566
785 9330
553 8886
826 8161
740 5889
135 9718
106 9161
20 8586
563 6376
618 5599
223 9049
457 9139
74 9810
98 6409
166 6229
417 6328
644 7917
930 9805
893 9540
858 8406
825 9514
937 6418
24 8258
772 6758
853 7822
201 7152
542 9763
112 9112
196 9049
715 6344
965 9865
176 9842
278 9566
808 9282
68 7935
795 9704
331 6858
374 8621
568 9970
702 6235
593 9850
927 6285
60 6694
770 9102
896 6187
786 9098
929 7769
426 8137
419 8069
393 5621
895 5756
592 8916
337 7175
510 9066
8 9933
672 9292
549 5189
581 5016
106 7560
290 5247
77 7171
593 7270
571 9414
283 5462
796 8278
497 7137
766 8622
431 6735
365 7701
761 9400
458 9467
54 6246
427 5497
283 5492
89 7368
834 9711
1000 5137
478 5572
931 9106
446 6179
633 6212
750 6720
750 9983
106 5000
977 6315
551 8691
798 6132
993 5098
307 9612
599 6631
762 8344
615 7447
169 5498
336 7606
871 6327
224 6313
338 6125
10 7000
914 9339
897 9266
123 6221
979 7234
157 7838
617 9250
345 9864
474 7809
609 8885
154 6169
464 5005
659 6856
53 6074
216 8994
694 8145
980 7138
374 9382
658 8060
973 5313
315 8110
433 6081
125 5202
464 7565
6 8636
221 5274
836 6030
865 8952
389 6652
63 7125
984 8188
448 5210
654 8183
