
5000 506400
94 485
506 326
416 248
992 421
649 322
237 795
457 43
815 845
446 955
422 252
791 9
359 901
667 122
598 94
7 738
544 574
334 715
766 882
994 367
893 984
633 299
131 433
428 682
700 72
617 874
874 138
720 856
419 145
794 995
196 529
997 199
116 277
908 97
539 719
707 242
569 107
537 122
931 70
726 98
487 600
772 645
513 267
81 972
943 895
58 213
303 748
764 487
536 923
724 29
789 674
479 540
142 554
339 467
641 46
196 710
494 553
66 191
824 724
208 730
711 988
800 90
314 340
289 549
401 196
466 865
689 678
833 570
225 936
244 722
849 651
113 123
379 431
361 508
65 585
486 853
686 642
286 992
889 725
24 286
491 812
891 859
90 663
181 88
214 179
17 187
472 619
418 261
419 846
356 192
682 261
306 514
201 886
385 530
952 849
500 294
194 799
737 391
324 330
992 298
224 790
260 275
97 826
210 72
649 866
919 951
63 748
958 685
804 956
518 564
428 183
537 400
346 721
153 207
971 323
662 611
197 116
91 109
529 795
126 343
747 862
469 685
770 10
934 881
723 984
895 403
568 360
172 449
958 541
383 272
308 877
970 359
583 707
48 308
930 770
569 30
3 208
20 311
609 100
887 939
825 422
930 785
904 370
241 989
379 969
376 143
962 972
889 28
443 61
216 638
338 348
160 347
406 66
159 391
31 638
204 295
420 826
153 196
425 449
331 855
565 143
838 487
9 140
918 564
533 615
232 135
957 564
591 360
576 793
746 163
377 859
858 760
86 711
434 662
558 159
279 660
840 268
735 948
574 315
126 676
912 341
739 689
821 894
625 706
917 490
201 478
993 671
149 932
52 899
759 237
267 187
256 472
783 772
117 98
516 906
180 911
25 635
380 225
712 823
266 164
216 343
448 732
541 502
664 740
954 576
726 612
772 902
531 454
943 411
750 973
327 703
917 850
5 77
113 220
913 802
791 403
998 181
859 10
345 525
431 919
675 668
833 527
438 462
523 291
916 605
420 457
115 405
660 417
261 279
772 685
388 596
764 307
843 224
206 322
407 840
639 975
852 401
542 91
60 327
757 330
82 182
637 603
93 793
614 615
136 733
187 864
102 16
972 863
163 987
501 306
477 34
492 840
121 700
80 706
138 787
660 105
229 834
827 798
448 310
230 609
832 690
489 561
586 579
291 60
665 388
660 309
702 407
153 200
606 313
123 970
253 33
709 273
832 277
108 997
888 40
481 227
283 860
858 940
284 608
711 990
850 590
239 806
943 52
195 801
95 764
410 710
664 386
900 593
112 50
963 494
754 156
458 936
19 965
225 86
569 723
97 184
194 868
754 340
602 412
61 487
695 209
347 346
719 860
100 307
97 95
843 821
745 941
286 821
492 587
116 201
531 665
424 527
253 812
426 424
413 459
980 343
291 836
833 506
486 179
9 916
575 430
922 596
145 808
897 269
404 512
742 811
728 685
269 567
103 776
745 855
35 718
779 853
71 97
80 146
842 746
128 15
941 965
227 512
30 480
342 958
605 665
531 191
364 964
359 515
867 606
820 822
313 536
207 693
911 19
308 335
430 101
685 922
641 294
113 910
141 410
690 250
700 546
559 729
481 609
503 720
766 976
7 759
882 798
859 74
182 648
425 299
542 785
683 846
853 390
938 897
89 416
624 837
181 247
878 293
933 144
580 938
252 467
207 480
658 955
20 665
954 26
347 564
759 449
446 26
14 521
657 301
710 321
980 613
188 388
636 879
203 990
432 188
129 963
630 820
509 300
237 822
373 255
838 277
395 153
692 400
103 227
218 518
384 447
931 315
396 813
389 324
640 502
287 299
297 780
977 376
512 516
219 212
555 329
398 810
289 486
798 485
598 416
49 952
572 894
697 358
770 21
725 647
542 44
214 683
887 361
45 814
94 231
282 8
82 165
319 496
626 699
146 852
541 459
874 535
725 314
777 944
554 306
208 459
787 637
976 447
912 408
444 107
3 962
301 565
164 407
437 857
652 317
764 98
41 818
737 600
176 288
136 902
128 567
394 190
235 749
42 908
824 276
684 748
979 592
568 393
367 363
52 163
642 983
335 179
126 16
130 478
583 259
129 868
752 295
167 596
856 71
640 622
770 864
431 644
195 5
448 365
701 429
952 64
880 854
168 770
79 88
961 157
472 368
217 421
709 719
147 271
296 975
909 816
764 962
251 535
878 438
753 696
570 881
253 318
666 45
931 52
433 496
810 313
678 138
123 334
212 988
66 508
206 770
750 751
64 780
466 441
337 207
510 516
796 674
175 408
437 920
938 573
848 634
561 878
718 990
948 826
649 696
569 800
663 411
582 422
843 707
202 334
702 986
579 494
725 150
803 562
340 380
156 832
832 979
602 376
234 511
688 414
184 160
978 982
413 238
633 490
585 899
606 251
963 526
350 897
242 39
539 657
739 452
267 538
165 831
177 460
720 185
802 934
644 440
82 490
798 168
197 71
173 977
81 458
235 204
112 803
103 139
268 399
879 420
643 991
106 578
122 972
444 177
262 398
691 348
997 496
446 276
171 825
549 614
281 121
211 730
112 341
408 284
730 698
363 17
89 546
605 672
938 974
168 866
705 377
47 559
400 340
215 527
114 779
51 761
881 483
549 92
679 390
328 583
250 661
203 391
481 336
752 661
707 125
82 89
63 275
660 359
21 178
287 780
219 42
500 5
820 380
95 772
44 816
748 9
678 484
276 545
478 589
663 157
594 901
757 777
947 74
448 247
570 55
313 479
981 785
795 958
552 680
389 393
280 944
864 596
636 619
512 611
892 852
184 283
947 299
614 766
625 312
149 826
377 726
474 733
18 805
662 679
416 403
1 964
530 337
752 541
22 478
981 369
777 946
957 821
275 833
584 837
582 490
121 37
951 594
668 129
118 258
319 246
896 362
521 755
948 504
248 71
474 177
351 176
54 803
155 237
660 677
871 33
486 115
294 597
425 769
245 536
382 956
371 341
708 184
544 234
794 569
387 216
738 537
520 84
281 810
502 657
91 33
503 159
924 520
16 668
33 287
344 229
349 374
606 474
896 672
595 915
441 511
102 123
52 569
654 199
710 396
434 715
245 59
36 610
661 917
413 927
13 270
370 117
400 516
195 215
984 216
476 237
164 615
405 499
674 477
196 760
608 285
907 56
532 966
51 622
716 221
327 194
880 91
710 347
267 252
400 473
376 516
609 385
320 357
196 958
538 665
935 792
404 64
100 420
126 671
855 968
94 877
731 177
253 523
8 139
393 152
543 732
348 246
318 565
489 740
22 902
998 17
49 973
381 298
10 611
429 32
221 11
150 337
717 136
530 889
332 522
942 805
565 28
216 931
61 757
170 609
872 544
644 905
208 595
680 246
697 113
639 175
679 156
961 244
361 883
802 265
359 883
839 462
718 485
280 272
252 204
280 984
102 409
615 398
296 909
481 370
956 882
230 214
259 766
922 35
706 421
272 271
156 370
552 848
485 50
536 976
70 270
902 796
452 963
35 379
947 991
378 551
57 897
352 307
669 421
702 74
141 388
458 559
463 980
756 615
887 681
332 231
528 207
656 818
254 331
787 979
495 445
370 348
10 724
200 401
327 646
17 668
374 242
755 302
980 861
376 830
8 77
32 441
460 589
804 990
23 189
869 868
943 996
715 363
628 237
73 420
199 565
38 214
209 333
327 726
912 175
799 58
372 625
976 66
120 169
667 475
188 204
28 90
704 496
649 1
746 474
697 449
712 252
289 332
625 287
953 189
462 889
302 63
79 378
41 206
823 897
908 230
665 382
36 575
732 60
809 529
66 477
291 290
591 89
583 961
252 461
479 702
530 532
224 680
788 53
309 642
366 1000
352 891
402 822
545 152
113 324
967 633
454 267
723 381
14 272
20 506
308 419
644 461
713 526
482 978
336 468
289 729
496 795
326 581
530 383
167 226
522 421
830 386
91 273
116 484
747 676
395 107
958 229
756 902
262 962
703 105
511 84
481 991
449 701
888 689
599 655
306 600
492 538
803 499
445 881
316 981
889 473
785 383
765 679
491 573
589 589
124 480
741 145
898 624
725 923
682 915
131 232
398 974
906 735
753 678
312 640
790 644
301 212
945 123
447 253
197 943
27 18
573 916
589 327
934 640
209 615
529 470
899 655
15 288
592 401
92 840
575 633
814 707
354 424
127 682
374 194
566 855
594 190
973 728
645 178
603 275
712 88
32 367
298 544
561 738
906 963
626 460
143 266
504 727
836 33
361 442
431 628
554 384
24 244
416 482
735 765
243 446
454 247
932 913
494 560
648 528
357 594
596 935
788 462
536 621
759 660
200 564
566 302
741 936
217 592
219 724
832 118
819 299
487 251
473 129
241 96
64 167
516 169
857 381
218 976
490 767
504 837
707 407
342 203
475 387
175 735
786 706
171 335
232 40
888 821
866 131
976 159
253 978
619 53
642 849
460 478
218 19
218 230
667 453
949 336
89 931
488 588
568 449
526 566
860 272
4 883
772 731
734 80
259 213
270 177
6 872
424 626
204 940
313 150
159 379
205 833
25 517
951 724
721 973
635 581
293 839
712 272
410 412
465 839
366 492
74 553
23 718
416 738
764 839
49 390
817 588
507 523
152 630
256 770
562 746
495 49
414 369
78 537
912 115
59 215
259 971
258 602
841 551
137 40
590 494
383 252
869 158
939 72
282 177
880 667
479 483
454 815
730 19
556 745
195 339
409 614
580 302
99 319
913 670
798 513
318 566
790 27
344 322
80 645
468 210
922 841
179 925
347 521
231 975
597 269
607 929
903 478
310 970
223 684
10 231
845 673
905 348
58 232
93 727
759 597
912 397
906 539
43 907
76 892
552 699
670 408
671 361
353 789
837 529
12 190
889 880
912 236
377 715
56 718
585 439
852 814
715 902
421 658
330 410
51 412
840 90
697 678
848 951
826 37
198 593
341 737
274 211
740 134
339 847
875 490
400 95
603 435
474 737
126 860
973 310
973 548
581 984
788 660
629 86
799 635
475 941
959 56
80 372
917 650
91 964
783 735
773 682
712 151
655 283
953 773
279 643
701 898
706 817
147 269
355 731
100 507
498 841
261 207
591 752
630 318
374 126
960 153
917 101
406 560
759 743
618 816
981 980
641 1
131 82
920 886
534 377
453 465
397 753
51 842
301 547
197 580
910 754
211 37
851 548
42 896
919 656
30 537
674 78
979 540
764 597
937 314
656 845
590 361
337 930
997 654
643 841
652 810
632 98
827 814
659 898
56 237
97 236
304 397
771 468
680 160
344 168
561 189
632 123
666 783
235 991
71 775
327 565
824 906
1 604
948 233
851 693
780 209
603 279
380 231
84 675
684 370
757 814
605 276
304 238
358 710
294 931
742 879
37 492
4 81
707 347
131 417
660 582
89 801
455 195
303 403
680 247
970 356
934 627
951 858
404 803
446 236
349 572
93 485
672 586
158 748
772 235
891 859
532 788
621 345
347 861
227 342
555 779
16 595
303 963
941 260
833 366
190 835
622 733
345 834
893 442
192 773
430 880
160 873
767 793
170 173
810 402
318 60
690 628
224 19
52 146
411 685
203 138
785 593
219 202
61 500
919 89
191 433
711 63
294 514
937 865
253 393
103 269
316 111
625 614
639 272
641 973
139 609
45 236
316 496
218 24
293 871
747 227
879 420
633 850
10 127
356 170
665 224
536 722
823 189
603 597
392 286
258 22
771 957
820 536
139 221
566 281
229 238
325 531
804 449
786 735
983 670
847 646
388 272
632 605
253 394
405 508
137 537
283 955
678 477
659 969
706 692
786 963
313 829
143 638
713 206
244 185
489 187
844 129
896 300
602 114
210 305
930 199
692 916
457 839
241 899
950 452
229 185
212 561
222 848
32 191
747 830
869 860
245 873
575 649
818 591
204 974
584 974
822 452
198 397
942 350
942 597
899 13
375 392
327 343
479 756
66 387
950 924
464 188
286 68
573 552
294 166
137 435
557 14
423 797
427 254
95 300
715 431
403 367
453 197
735 233
1 149
145 62
782 38
848 69
456 425
490 810
679 878
461 503
844 308
70 798
599 437
888 798
395 36
733 583
795 412
368 195
94 878
114 388
46 438
795 532
583 3
321 268
714 417
332 277
257 229
906 445
301 380
277 974
651 248
218 433
109 1000
558 874
388 939
121 760
372 473
228 811
208 766
326 306
572 556
50 521
753 364
77 460
266 136
227 458
502 784
337 648
31 783
629 960
215 137
353 591
274 875
343 440
758 263
838 40
478 835
595 943
255 749
331 263
362 597
84 5
16 999
459 161
220 35
16 891
865 459
719 996
292 592
175 54
461 985
301 401
759 298
715 459
207 77
129 611
681 159
261 467
893 737
399 895
377 49
189 382
360 285
14 388
728 972
314 265
225 729
534 810
914 973
94 818
549 295
674 532
434 58
211 736
986 187
863 896
802 998
279 997
31 476
810 259
968 475
187 494
791 130
190 151
410 639
592 855
886 480
875 478
763 386
352 672
58 361
815 894
562 460
571 148
322 660
465 628
418 329
198 975
554 1
656 507
108 750
453 109
909 915
576 700
646 75
114 896
313 229
692 85
759 144
643 536
462 919
860 516
904 473
959 25
663 25
209 611
564 44
233 722
478 980
716 563
616 672
107 914
979 541
466 882
971 142
76 259
886 35
498 543
150 689
442 721
136 142
36 530
37 503
344 450
550 248
355 599
980 919
473 636
957 181
324 873
859 154
570 427
294 604
260 313
674 363
339 594
259 813
382 829
660 49
430 791
760 554
682 499
664 226
358 345
114 432
142 758
19 64
753 843
163 637
121 941
94 965
398 448
587 857
98 968
142 351
303 758
968 351
533 980
982 662
568 357
519 914
277 548
622 723
517 23
720 170
635 351
55 113
263 783
285 766
189 527
628 206
7 644
290 258
655 861
387 728
641 69
742 128
741 392
793 145
802 51
897 112
262 253
193 340
882 932
131 817
482 965
573 480
443 724
203 839
965 500
75 746
807 811
805 373
513 605
472 252
797 172
690 394
295 177
784 98
532 377
155 486
110 855
884 290
173 130
78 355
714 842
633 233
477 101
119 686
718 736
15 930
472 700
328 69
793 607
199 879
999 916
177 960
525 408
948 679
498 138
495 185
890 782
906 49
334 453
385 630
399 429
338 853
520 545
829 651
481 765
99 159
680 1000
87 179
802 717
890 885
839 32
339 838
883 186
67 470
544 185
357 921
457 376
444 986
642 934
152 171
59 645
616 46
59 681
987 43
353 234
530 103
958 496
613 389
838 931
85 579
86 132
569 908
479 772
683 677
400 343
370 703
882 139
146 344
116 387
760 909
407 539
447 304
388 655
41 378
658 92
119 862
28 411
457 362
198 397
17 290
432 152
321 611
427 173
205 137
344 946
563 365
304 475
47 982
694 920
91 802
961 66
644 778
109 744
959 464
969 313
42 341
108 685
648 331
49 85
228 676
929 91
527 534
967 166
316 51
582 966
840 841
575 625
503 114
911 16
305 113
989 826
836 506
369 738
587 564
232 455
452 735
900 264
952 548
81 738
995 853
562 575
739 569
705 365
5 620
557 264
490 193
294 21
361 373
900 84
47 250
205 288
145 132
846 151
658 419
849 521
680 974
148 655
96 648
210 737
690 298
19 187
831 981
679 965
726 954
528 166
15 248
564 636
847 560
721 563
9 24
700 896
446 803
858 16
699 274
271 714
977 449
533 229
154 280
756 423
871 868
912 124
727 970
968 231
569 935
163 808
618 23
685 210
650 88
807 151
393 770
276 555
304 613
911 866
233 223
42 303
400 305
162 306
51 900
734 964
933 397
366 898
16 59
177 628
360 225
742 537
725 612
868 633
489 314
501 478
632 981
365 904
196 819
496 108
744 179
145 152
501 598
880 349
248 80
683 762
500 314
389 513
620 205
91 584
721 652
859 894
665 198
416 143
481 671
320 302
865 611
126 631
757 526
963 526
781 403
240 231
330 830
518 283
824 864
935 755
51 159
309 220
18 447
863 800
1 833
749 805
658 791
577 412
579 857
509 408
154 895
923 360
397 827
687 971
959 961
617 519
637 335
623 238
174 883
775 222
608 886
306 708
1000 475
957 876
641 123
472 127
726 384
305 745
714 284
643 429
708 685
631 512
489 503
829 599
746 983
732 462
732 992
669 270
422 491
54 282
900 831
682 167
666 115
957 661
109 564
454 934
964 608
933 513
140 53
195 659
24 646
657 164
231 763
169 825
128 949
537 355
264 811
46 164
4 851
900 289
802 392
68 224
450 460
126 903
58 347
398 638
486 101
451 587
335 797
162 881
106 210
745 243
969 969
432 298
159 253
634 593
565 453
16 657
610 72
503 222
511 319
752 61
55 694
469 384
829 801
692 136
177 536
211 958
499 647
115 526
984 28
818 904
233 509
424 884
976 565
371 601
406 323
334 522
784 192
676 103
168 451
427 867
432 602
531 783
337 311
677 994
537 172
1000 51
379 389
103 237
785 721
943 597
412 492
572 331
828 380
771 259
939 726
594 55
19 501
500 459
376 790
689 4
776 634
474 117
575 601
953 808
143 544
510 542
221 590
615 827
599 817
567 617
545 32
727 879
558 692
307 685
564 88
331 911
568 546
881 580
649 997
746 937
393 988
237 351
517 661
521 630
213 360
820 908
199 203
813 479
14 251
803 162
448 905
207 167
86 862
123 369
220 181
158 765
944 251
424 909
311 645
399 568
59 847
253 538
233 540
312 99
790 423
849 246
202 165
552 544
653 52
788 131
893 372
113 471
498 625
442 684
929 378
86 534
12 73
318 540
258 671
524 127
579 412
424 972
468 823
364 663
81 784
399 588
896 496
151 170
626 153
367 199
837 152
640 258
124 283
572 289
408 608
358 463
895 180
884 329
523 221
438 294
278 125
25 625
729 427
996 796
956 151
188 867
519 122
35 370
311 840
195 115
829 875
784 912
904 85
99 969
443 714
738 971
713 743
109 198
388 635
836 41
261 640
693 731
453 222
489 536
514 165
70 311
334 124
711 773
634 923
135 280
271 257
452 961
669 267
128 238
284 810
524 171
143 288
989 389
994 566
280 74
392 813
473 49
231 175
895 754
943 457
548 897
677 512
840 68
358 236
541 574
758 893
542 615
689 857
16 538
721 72
618 292
958 916
265 804
547 656
252 379
605 67
263 280
735 361
178 984
416 271
441 489
398 256
7 882
4 225
27 529
639 510
413 1000
502 191
226 813
327 898
170 420
711 470
123 619
946 377
623 465
312 887
736 764
8 55
915 727
22 844
650 644
831 181
508 171
534 545
415 439
896 547
982 417
193 205
389 500
801 332
337 820
489 416
733 243
271 854
942 66
954 236
48 568
919 969
394 706
881 295
917 167
375 773
10 279
448 661
128 727
530 838
541 404
311 743
316 234
473 529
381 191
652 832
2 537
137 366
349 880
100 940
663 745
67 37
443 672
295 809
217 682
911 979
359 300
855 511
298 732
616 868
330 618
160 769
803 186
50 584
208 832
585 716
530 472
951 272
654 498
986 365
812 583
805 479
699 898
500 133
643 646
544 915
970 55
987 213
888 623
646 875
398 513
510 356
625 586
694 16
933 984
493 422
20 354
104 214
230 890
962 212
50 27
351 769
498 835
864 232
228 254
713 642
77 476
407 919
497 912
269 754
29 734
197 967
398 41
747 259
386 926
125 840
411 544
359 908
844 225
580 69
108 121
838 523
408 678
814 593
421 665
999 314
507 992
557 596
645 358
571 524
532 163
426 942
387 537
230 182
246 204
537 208
716 653
563 848
947 532
633 103
834 871
938 932
329 507
481 986
957 613
405 323
689 590
332 377
686 905
989 932
650 474
93 606
119 389
282 671
450 360
3 845
324 646
544 99
957 609
734 501
268 764
699 598
171 242
151 390
279 61
891 259
142 519
380 826
353 942
711 282
929 896
609 982
61 276
398 301
385 952
631 856
859 428
225 255
207 723
328 280
971 937
547 37
628 901
848 456
543 996
864 590
228 455
85 510
668 667
936 829
755 51
832 383
928 340
85 915
242 797
786 547
845 1000
480 335
250 785
247 797
188 299
415 343
495 281
149 282
755 264
850 78
14 134
661 126
223 862
649 190
790 340
761 724
418 271
959 701
627 464
668 405
429 230
698 153
486 923
309 813
734 686
751 925
389 21
339 58
572 295
2 900
873 956
257 86
965 346
412 427
546 221
435 202
886 417
378 424
805 943
927 883
587 290
333 47
622 269
685 775
249 379
668 121
885 362
7 534
371 828
899 388
549 908
305 394
66 282
118 432
920 443
297 737
427 584
422 206
244 328
271 848
533 805
2 337
624 488
222 519
335 362
575 230
415 393
617 353
758 275
265 845
187 377
174 202
220 971
311 431
82 508
270 825
682 226
946 719
637 540
962 973
102 480
677 347
139 536
647 842
877 640
766 211
578 687
619 579
922 168
35 678
758 244
229 479
516 749
902 49
559 177
368 805
308 345
625 569
55 926
912 273
60 743
882 885
769 816
594 151
304 75
632 863
755 636
600 645
424 859
91 817
412 355
971 930
588 850
759 282
550 549
134 115
710 394
113 465
356 153
985 650
339 615
992 846
725 184
955 15
961 304
156 437
63 943
631 929
770 535
546 388
988 523
999 515
88 45
870 657
248 748
667 49
302 369
344 374
536 140
195 282
477 816
655 463
187 527
384 533
955 747
720 921
709 699
31 318
853 854
15 938
999 663
941 360
158 188
979 685
736 709
683 825
437 150
614 332
382 577
731 739
699 755
883 614
693 497
904 519
650 439
598 960
694 644
962 761
718 310
719 654
464 973
599 641
727 551
694 465
139 624
315 214
437 435
992 383
304 449
72 354
554 628
712 855
585 25
702 34
251 561
158 68
894 914
756 333
591 294
587 768
86 448
564 698
85 742
122 32
993 671
42 716
98 83
137 163
389 953
205 671
640 657
357 748
541 799
629 289
712 248
425 30
147 749
722 740
105 353
999 644
382 808
859 72
213 422
260 376
60 952
908 883
698 707
664 619
89 664
854 866
663 161
963 894
614 707
914 143
146 607
105 321
411 87
830 899
160 65
686 162
212 651
14 458
845 579
979 203
158 281
939 108
527 429
718 782
675 86
935 863
239 750
317 250
458 311
623 320
615 337
412 21
431 596
639 993
180 997
857 961
640 807
497 881
557 127
398 985
670 523
262 617
425 47
175 994
832 614
850 259
149 986
207 564
651 1
603 787
867 204
295 993
444 156
987 87
820 579
879 226
99 709
25 177
535 985
450 951
985 32
611 801
406 800
54 61
530 701
343 61
967 429
57 695
988 230
981 42
233 487
717 527
950 112
726 249
994 334
524 75
985 599
991 525
783 510
835 826
666 100
526 721
580 843
443 374
165 48
531 285
879 645
667 938
595 888
744 527
1 579
55 779
588 680
865 716
508 977
436 417
37 850
381 974
197 972
376 524
107 902
170 156
363 225
926 344
894 737
52 615
214 292
760 451
934 648
494 529
760 773
691 724
817 699
374 422
439 73
566 700
954 956
717 500
392 481
602 910
163 135
20 52
397 804
834 31
68 850
184 32
952 581
316 520
768 556
423 309
277 441
111 57
543 455
552 488
379 695
387 518
110 679
671 290
811 111
75 83
728 42
149 926
47 462
5 201
712 167
283 143
532 78
480 849
36 305
752 517
768 168
756 101
283 43
478 174
195 203
405 51
151 644
377 358
282 523
720 387
524 978
175 89
799 421
156 814
182 48
504 926
418 319
298 87
486 705
918 483
226 618
749 475
366 756
934 773
388 753
514 370
607 360
53 815
707 609
433 405
218 607
868 495
661 233
289 72
356 388
812 110
548 545
959 391
271 574
50 742
810 76
23 362
847 781
595 163
955 447
633 386
170 426
873 357
246 97
157 443
495 456
867 170
108 739
383 818
679 991
328 829
719 456
59 590
327 237
589 748
740 803
185 321
499 685
713 387
825 901
306 118
292 202
672 283
831 333
896 122
491 241
389 551
192 816
361 660
995 436
445 435
89 865
69 438
858 660
770 13
865 727
659 99
831 204
422 494
832 763
927 529
421 666
827 312
552 824
503 239
687 967
897 446
695 668
56 677
945 755
600 208
162 491
325 152
429 756
913 358
971 585
128 876
163 293
416 322
860 550
655 530
335 201
36 713
825 240
143 282
190 975
277 432
426 39
980 719
784 4
269 80
469 874
799 568
615 887
735 667
456 644
805 258
646 717
539 199
860 371
71 704
411 531
15 576
754 733
964 477
942 50
62 295
930 50
71 223
679 578
5 351
478 87
191 435
378 1
304 764
852 287
161 53
830 779
705 860
601 241
912 599
513 929
153 15
245 935
678 558
229 203
93 913
669 698
471 514
558 529
561 356
932 904
532 75
538 235
400 560
976 688
877 959
879 678
993 685
203 283
182 233
599 687
851 661
87 746
474 337
358 775
626 100
280 748
859 168
722 143
238 801
678 830
559 986
834 451
59 876
624 906
796 523
296 257
867 64
761 787
740 108
382 392
773 640
885 845
49 862
708 659
73 291
812 655
914 100
216 429
562 745
14 978
475 498
227 525
418 237
494 192
577 993
786 233
120 451
383 312
699 210
395 476
317 897
105 710
410 680
675 849
953 591
532 397
321 889
406 807
779 112
66 726
565 675
519 485
854 113
521 896
229 536
866 524
596 983
95 504
938 92
897 42
455 179
460 511
480 651
620 83
34 54
594 881
923 422
151 488
348 663
704 858
970 380
343 825
692 234
58 928
799 419
389 660
389 696
978 606
653 982
417 310
483 987
522 780
680 349
607 182
452 200
623 529
880 162
5 6
872 477
583 756
453 776
122 331
9 882
819 220
691 964
632 130
715 138
829 252
56 78
59 179
28 464
859 195
145 446
160 967
453 164
866 917
400 465
622 315
830 557
859 701
152 970
359 125
221 887
872 245
646 347
663 115
711 836
271 538
530 572
44 513
573 684
550 450
955 512
268 1
937 799
117 295
294 805
105 866
29 526
86 818
656 137
352 275
914 487
712 298
150 719
388 590
142 736
47 813
28 410
567 176
76 273
989 643
794 487
618 805
768 532
732 944
504 821
520 254
8 366
825 961
803 621
550 796
531 597
810 43
381 667
589 363
853 985
424 296
440 893
382 378
801 397
686 475
427 449
124 431
93 444
167 352
259 184
237 262
313 686
211 167
899 239
9 824
63 658
738 272
484 979
777 237
964 267
678 750
285 794
784 244
949 166
117 814
467 358
853 496
635 319
893 454
281 906
375 970
239 697
782 928
497 396
671 531
798 205
699 6
585 395
665 617
277 439
112 629
831 241
202 734
877 989
973 684
501 416
283 742
520 969
641 476
181 622
620 703
137 188
23 551
844 954
993 672
472 363
260 434
931 694
176 188
931 548
358 789
745 853
769 454
198 983
734 319
858 660
500 244
907 390
758 740
34 322
598 238
578 911
684 945
378 121
251 678
370 734
29 220
842 660
909 368
181 774
98 638
684 497
395 248
216 367
781 538
199 359
618 112
183 286
956 789
817 46
576 641
165 17
973 149
451 19
451 742
130 538
424 972
953 363
381 150
706 289
16 709
215 516
51 1
436 124
441 419
540 401
33 632
888 201
843 934
386 860
79 950
272 736
573 983
347 916
694 571
511 507
330 408
477 807
523 917
876 710
191 590
935 830
251 446
56 273
210 649
473 125
285 963
75 827
900 280
591 241
555 457
458 606
959 240
215 570
328 208
108 992
401 755
213 184
530 146
823 205
599 819
773 488
57 490
359 831
58 958
865 478
190 158
472 344
845 824
190 962
204 910
694 484
716 134
732 389
418 397
547 290
5 695
986 258
175 893
561 817
146 539
149 959
884 21
451 317
957 237
385 75
789 36
768 625
91 827
54 904
96 908
624 595
713 730
396 223
491 705
196 789
153 996
39 928
97 50
177 424
781 443
955 961
830 180
877 600
506 941
88 556
630 644
24 901
727 360
766 427
889 387
12 517
451 636
786 709
962 497
581 557
545 302
279 216
754 420
178 743
351 833
133 918
225 719
113 235
962 980
830 194
750 806
398 184
707 720
571 626
681 510
972 728
788 793
586 652
487 359
993 937
483 714
187 402
582 547
678 409
406 715
318 432
36 190
533 535
317 356
350 259
179 477
513 943
147 537
200 641
616 449
368 699
325 893
268 845
119 787
316 916
520 601
586 537
944 983
629 872
662 236
358 43
837 907
896 931
418 585
997 27
513 886
267 216
438 158
949 681
905 11
550 895
884 209
840 57
414 413
138 607
362 483
473 24
473 114
29 450
891 382
556 525
157 779
724 413
381 608
554 683
41 879
600 870
509 816
130 699
499 653
233 630
228 509
169 948
533 856
973 791
157 716
522 693
210 58
929 269
284 168
614 46
801 564
126 782
864 233
885 5
169 1
957 516
345 872
115 996
107 248
427 447
746 711
883 325
139 849
789 220
519 362
55 560
943 796
84 859
208 722
341 529
53 127
2 986
308 486
346 725
513 39
875 341
670 50
587 74
300 283
429 759
747 362
407 84
709 109
151 488
937 325
854 212
316 738
101 742
594 844
612 585
945 335
986 509
918 185
430 905
257 124
283 874
284 299
979 445
353 346
259 745
241 582
467 514
688 790
393 628
30 997
483 549
209 461
498 108
950 946
447 412
222 192
605 279
205 145
294 537
710 479
50 458
465 202
122 775
367 999
874 23
805 374
156 421
59 566
242 870
169 367
3 576
735 835
735 732
530 618
486 714
527 936
506 280
152 389
61 527
875 426
652 355
762 939
779 308
621 341
931 717
435 869
550 137
352 18
19 653
144 888
69 917
370 474
318 647
368 907
712 326
386 417
932 764
754 607
76 320
178 566
930 704
625 359
28 346
869 343
911 829
923 319
688 983
458 783
954 42
413 743
697 648
414 274
621 71
168 119
242 124
166 709
316 992
991 442
640 49
778 640
950 856
174 237
691 970
26 829
714 965
532 142
898 489
381 920
963 784
513 927
674 27
172 926
789 867
624 90
920 81
795 704
685 530
174 324
985 203
848 975
475 685
936 716
201 492
914 647
683 98
936 962
744 739
914 6
647 84
553 826
350 757
157 83
14 33
366 632
192 46
103 433
128 693
486 108
696 727
944 571
912 545
986 997
744 238
923 247
912 600
757 23
263 275
154 317
639 190
11 335
482 318
59 207
6 817
498 667
75 44
549 400
686 154
123 420
766 809
619 511
747 50
521 5
70 493
495 35
523 351
384 803
844 689
216 469
1000 814
631 612
104 977
468 675
705 16
358 954
285 817
686 737
492 791
832 375
417 97
736 855
55 575
650 544
610 242
849 968
73 375
129 396
961 272
17 318
478 143
351 852
794 176
887 929
944 154
935 986
426 377
890 927
334 899
356 283
183 596
372 458
8 377
29 671
555 22
847 199
432 844
44 269
137 811
132 723
298 151
689 298
166 986
919 790
396 750
179 24
608 629
92 745
294 671
367 208
594 727
580 521
947 499
278 171
246 621
328 771
878 915
155 562
320 592
244 872
381 900
474 611
409 967
141 928
969 229
466 557
794 599
43 704
3 334
371 120
524 380
191 838
584 9
448 215
150 463
894 553
766 570
318 439
86 623
99 203
76 240
763 407
30 42
384 968
325 307
671 544
928 731
845 879
293 590
341 684
178 586
663 917
2 900
691 201
235 346
138 926
995 92
821 461
795 947
439 238
508 94
709 480
862 286
910 241
752 605
798 591
985 255
868 73
221 148
163 429
563 274
158 46
883 715
717 833
781 1000
676 396
165 722
346 660
546 360
959 682
77 154
422 698
983 777
810 511
643 745
197 422
699 500
259 221
327 467
894 776
472 740
987 88
994 483
209 264
776 750
234 797
673 818
953 681
928 283
179 277
401 172
531 89
911 43
686 73
171 960
109 829
567 802
408 645
465 262
423 311
283 21
388 143
879 440
100 649
119 219
773 286
10 947
298 1
955 677
105 229
908 597
957 637
416 512
95 911
997 902
927 886
840 719
169 362
987 529
587 182
465 315
259 398
371 193
877 475
75 53
585 629
829 950
251 308
277 184
876 10
771 104
142 480
187 641
733 540
561 56
537 236
50 432
192 642
6 547
656 867
610 662
978 149
394 136
106 269
483 7
891 251
205 599
928 634
368 543
260 80
550 873
963 806
454 774
978 892
73 68
705 725
981 766
873 722
175 790
751 485
245 929
88 564
122 503
184 696
170 957
531 290
461 345
644 993
393 898
3 2
239 537
345 788
872 615
784 70
905 341
582 56
657 194
936 195
459 837
634 62
862 175
524 14
442 779
873 752
294 517
145 382
645 829
830 917
790 703
620 351
42 176
994 529
633 222
693 219
677 260
715 351
328 505
276 504
554 132
829 824
602 518
799 334
253 660
324 979
477 896
905 815
561 515
55 413
402 377
660 720
181 584
759 120
204 158
632 396
56 399
765 813
73 168
857 645
341 595
446 723
631 7
348 156
543 123
418 120
936 503
169 926
902 318
593 932
414 892
490 631
592 209
876 147
631 479
282 119
209 13
961 33
9 728
927 986
2 75
663 685
222 387
665 521
669 394
773 488
465 518
544 603
630 172
799 317
383 70
984 81
787 215
321 504
23 279
792 163
213 368
529 513
242 123
526 565
197 759
472 760
922 503
972 246
151 199
865 816
790 883
158 453
177 908
577 533
652 256
97 628
156 524
229 840
374 281
869 183
938 377
182 479
213 868
460 819
350 971
95 407
640 96
704 225
670 408
333 76
382 79
528 306
180 510
54 333
455 675
259 618
368 517
242 690
798 113
42 518
831 926
61 335
233 195
874 488
55 704
306 568
335 271
351 48
584 584
416 245
192 595
986 538
187 558
889 837
321 19
516 780
166 804
22 460
317 830
344 46
462 583
147 630
380 118
156 410
612 646
721 515
487 694
744 283
144 200
606 787
641 252
564 471
888 48
878 553
287 646
166 711
33 146
61 874
600 854
417 412
12 748
778 781
446 216
255 953
178 672
110 929
979 16
320 781
368 726
210 947
436 495
496 927
996 452
684 32
569 645
156 426
413 336
298 164
898 349
613 624
950 689
44 851
643 45
123 217
259 651
486 510
112 205
90 211
337 73
811 411
41 277
368 272
618 243
435 791
135 225
388 869
519 288
381 556
684 982
528 431
875 370
781 270
335 908
392 437
358 22
447 559
213 867
896 347
959 299
193 376
672 208
858 459
113 128
868 801
268 167
109 859
606 360
243 902
564 103
686 779
814 583
179 498
233 411
786 757
977 403
945 836
667 477
425 965
864 837
14 726
781 515
149 537
39 736
718 442
333 692
136 600
590 334
339 326
441 105
609 564
803 80
966 975
978 326
495 81
760 236
359 494
308 688
131 493
635 110
295 344
676 38
834 704
256 857
845 47
696 161
849 619
873 453
165 948
722 381
911 115
678 320
450 342
325 56
589 444
357 487
381 162
21 352
904 375
458 36
410 602
899 391
630 198
343 398
754 400
415 728
900 685
37 998
699 930
91 664
574 585
905 430
609 476
990 815
503 994
407 506
561 635
302 695
371 842
426 360
888 670
68 305
812 188
666 993
591 397
692 932
194 280
499 327
2 316
649 960
761 515
628 239
139 358
437 148
142 153
653 46
363 27
62 261
482 93
751 982
178 132
418 113
181 493
968 983
265 700
572 85
611 400
164 272
839 262
115 756
418 865
428 845
984 787
897 121
986 19
354 304
167 483
970 376
115 524
498 362
317 872
697 403
570 108
555 920
119 112
581 913
3 157
675 768
819 234
737 367
247 170
302 907
354 645
239 360
792 25
416 786
616 637
812 806
920 763
109 195
439 840
679 369
61 777
183 60
407 835
706 140
567 790
944 220
1 271
503 100
320 785
603 54
646 159
83 954
394 665
943 302
700 241
989 894
900 585
875 979
577 778
623 347
357 675
43 198
789 532
12 960
47 86
433 167
988 218
672 451
365 210
780 740
825 184
219 917
868 249
836 716
620 765
326 834
797 470
475 765
196 738
291 951
641 838
341 763
293 985
456 284
235 251
408 730
963 8
212 810
1 845
612 416
597 454
352 372
755 145
956 262
330 699
16 159
706 460
19 862
78 257
903 355
418 327
191 595
534 919
862 785
543 18
977 590
423 762
404 652
163 730
147 988
235 819
470 850
958 876
144 418
563 150
745 562
196 577
702 932
485 158
506 334
403 859
263 383
791 644
813 864
713 276
323 924
17 63
827 286
473 931
126 798
479 955
169 743
247 231
408 216
452 404
311 557
591 235
744 585
392 249
430 154
177 259
16 673
979 867
241 621
719 427
644 339
167 221
156 348
157 716
314 307
129 11
536 457
192 728
418 39
159 797
52 679
471 275
630 640
843 707
701 100
85 538
299 311
6 415
94 198
252 165
62 394
69 408
896 832
722 478
360 302
399 883
35 4
751 336
434 428
301 778
410 159
653 779
713 86
824 687
259 106
62 20
162 776
638 174
356 940
17 343
238 897
117 104
559 675
14 127
119 289
534 573
686 2
420 225
337 515
179 910
855 570
105 799
745 442
168 563
416 251
698 272
353 925
821 864
435 689
558 490
273 220
505 919
851 89
815 19
695 994
904 259
157 275
712 9
968 539
958 224
832 375
31 166
124 805
866 798
748 354
180 63
53 568
195 29
126 208
360 274
112 984
190 576
162 616
407 701
889 879
605 564
71 781
613 876
571 77
176 623
614 282
412 193
542 994
240 787
275 50
420 283
862 608
382 682
746 15
281 409
234 395
352 945
962 345
689 478
834 210
724 415
957 20
26 356
608 773
803 212
894 77
720 771
55 246
559 908
569 387
844 305
799 682
588 340
429 975
509 792
278 127
570 905
645 278
275 341
23 381
40 461
162 179
70 28
879 447
771 27
10 456
587 279
330 385
844 72
308 723
463 526
746 617
845 562
161 786
57 262
208 847
21 2
124 578
636 868
800 646
870 523
330 689
138 713
649 315
813 242
67 729
945 205
698 459
394 630
638 998
49 69
886 790
363 327
952 980
52 750
24 448
197 680
509 851
781 865
703 228
811 414
845 949
113 943
795 729
612 656
552 364
648 989
885 343
688 135
570 678
324 430
843 64
307 885
535 643
616 493
49 337
33 279
639 659
617 82
824 120
408 741
243 433
816 113
386 293
656 462
613 924
446 377
539 667
805 991
148 659
438 496
785 197
947 474
677 798
575 481
501 83
473 160
562 842
271 871
552 108
294 522
863 282
288 409
358 899
215 889
143 680
685 846
805 965
606 483
179 92
165 80
894 511
212 655
122 233
399 155
243 889
919 189
250 796
604 516
671 543
364 552
429 630
80 676
33 324
94 341
252 951
817 251
848 663
332 556
431 891
982 759
775 959
694 667
690 614
256 429
690 912
456 768
642 569
235 628
15 262
598 373
285 268
22 879
382 447
798 931
925 428
478 297
985 219
600 578
789 116
375 80
492 781
192 620
218 5
491 444
61 744
618 487
306 176
143 230
668 948
93 753
704 591
229 363
580 544
465 276
533 162
916 929
992 143
448 793
912 238
874 806
710 413
856 742
63 805
986 854
591 489
198 490
643 834
981 587
444 651
924 821
584 67
109 652
178 380
243 619
1 727
949 648
695 194
769 183
256 16
226 322
162 523
876 130
915 648
108 172
398 950
37 195
72 941
917 221
887 223
454 61
649 30
320 197
66 794
579 998
432 716
899 238
465 477
916 516
996 956
965 322
573 872
777 328
753 42
416 529
241 397
796 36
180 221
135 482
389 122
586 478
556 207
289 798
400 243
146 525
970 332
292 274
989 578
283 384
393 967
594 163
638 361
978 372
110 946
654 337
227 124
929 124
832 412
39 670
716 274
697 496
25 210
644 446
762 746
345 505
370 688
230 375
746 560
827 696
618 375
594 872
161 951
21 732
384 895
259 427
968 261
693 154
596 339
923 500
625 36
772 797
169 641
682 441
583 293
644 429
61 369
645 617
690 12
10 793
415 595
88 831
104 833
131 951
648 763
988 975
837 435
226 384
682 390
153 733
195 684
824 239
643 140
292 250
722 130
26 768
115 166
778 144
345 425
295 323
305 502
963 371
834 131
879 519
801 155
223 663
177 330
116 657
648 4
468 462
597 578
412 261
630 674
181 873
446 522
308 241
26 472
276 220
252 425
710 934
713 28
400 452
798 226
980 512
424 749
375 769
640 866
610 291
68 444
229 654
19 478
871 213
969 525
850 6
56 296
868 425
360 237
504 766
253 545
395 872
870 203
802 696
654 821
968 599
531 784
454 115
68 308
835 933
704 601
219 445
561 476
196 803
368 41
851 779
122 578
773 636
199 137
898 837
595 944
339 156
685 442
924 221
750 285
909 131
308 407
490 6
860 346
531 545
909 790
381 94
241 289
263 217
623 189
137 598
891 126
879 655
488 190
331 62
884 504
664 324
737 285
995 860
83 534
404 510
797 366
235 907
718 683
453 106
834 226
349 214
123 44
519 612
278 248
552 260
450 854
209 467
586 765
34 834
476 786
36 192
978 871
511 871
254 555
818 717
651 563
688 337
166 157
175 631
723 780
133 626
780 885
403 389
660 669
243 447
898 733
270 256
441 211
702 244
772 862
386 387
167 629
616 723
993 381
276 803
85 638
239 436
383 680
427 710
276 487
930 524
546 800
799 453
702 335
380 752
485 671
330 35
58 941
528 312
638 425
730 453
198 473
242 558
518 260
556 369
555 656
868 486
695 193
330 457
517 39
429 134
843 306
366 247
40 765
627 876
715 796
564 776
907 635
234 188
405 708
995 291
632 116
995 586
69 916
804 897
769 807
718 233
756 76
953 500
492 746
919 4
147 418
303 825
920 654
188 851
185 709
548 656
726 463
860 210
880 611
145 264
176 651
777 600
340 728
192 174
580 976
790 651
859 272
718 220
225 760
34 654
397 90
546 123
832 333
635 428
732 284
652 539
36 743
459 268
749 307
814 744
834 563
438 437
925 994
262 133
409 515
337 400
381 383
657 201
291 490
36 499
310 411
97 222
578 46
9 298
437 976
688 126
291 814
866 694
679 555
282 183
765 356
590 15
86 673
542 862
18 922
284 907
281 115
701 669
757 278
869 551
487 244
841 846
794 807
22 666
37 383
215 311
129 495
155 527
498 459
517 117
451 865
981 656
226 624
756 427
467 737
981 973
376 209
574 538
925 809
934 925
313 82
800 96
449 720
22 954
191 642
641 27
320 722
260 271
428 423
241 693
622 61
739 666
274 862
330 503
134 959
261 364
673 297
146 631
73 507
369 461
673 929
407 428
143 675
846 986
155 459
89 598
123 732
332 49
555 692
602 536
986 103
681 217
472 896
705 672
724 843
834 765
778 420
498 387
73 366
325 719
43 401
919 787
101 627
389 438
710 362
650 698
845 355
741 370
363 226
984 342
71 902
699 749
592 616
391 29
181 40
286 41
968 356
351 64
170 22
705 502
656 441
253 417
482 696
549 874
516 635
691 934
334 775
266 41
574 840
545 550
902 813
366 932
431 937
327 920
420 465
931 67
508 447
631 289
783 890
285 213
793 656
855 332
965 169
961 501
569 793
381 25
743 577
327 76
315 786
888 8
536 688
49 627
206 543
693 453
958 429
193 728
86 916
80 811
943 593
334 613
203 574
382 283
229 208
479 806
569 806
905 972
378 807
93 193
330 166
451 609
324 397
989 485
901 195
425 592
273 428
564 381
986 131
97 159
684 238
824 420
556 78
380 335
550 322
373 441
285 983
708 75
365 526
861 906
532 322
662 231
263 780
190 354
330 125
321 522
479 295
72 508
736 368
757 638
735 868
476 855
730 535
141 125
580 764
885 538
110 620
84 3
893 302
730 630
85 679
67 624
548 951
210 105
609 96
169 389
370 899
934 567
565 729
73 619
270 866
625 641
432 790
351 185
615 422
211 999
601 86
10 517
61 689
233 335
283 937
27 319
971 521
382 845
514 793
348 267
879 486
798 923
596 875
762 677
352 832
525 520
881 101
595 668
599 283
315 706
123 127
800 937
558 324
98 222
726 492
660 631
555 706
934 268
544 183
978 410
877 872
419 421
82 248
98 66
797 879
603 534
500 351
540 199
143 654
957 677
508 797
674 963
102 724
238 376
111 943
586 917
626 929
11 963
942 68
698 282
469 963
812 912
443 908
354 124
89 884
11 814
488 528
749 781
499 958
314 212
94 151
287 570
411 257
696 980
371 148
975 433
681 969
564 507
386 762
54 773
761 370
544 925
799 154
903 135
279 565
975 83
16 913
868 36
163 819
638 86
964 381
246 987
662 14
398 74
655 870
269 925
283 268
632 862
148 687
492 997
246 605
159 752
313 523
206 408
704 74
137 972
806 242
83 820
480 798
294 987
861 683
27 530
883 878
943 909
267 202
569 565
220 610
35 5273
288 9056
331 9123
810 9046
113 8056
772 6490
417 7460
70 5180
456 5802
929 9438
127 5442
708 8118
994 8620
648 7597
910 8296
162 9322
419 7048
252 6329
6 8198
303 9812
772 6224
187 9569
172 7958
849 8692
320 9203
82 7710
880 9735
732 7900
766 5209
939 7050
162 8567
826 6111
59 8722
305 5792
357 7105
970 9516
77 8146
108 9848
268 5218
543 8349
122 6283
739 7912
754 6405
730 9789
472 8078
600 5693
130 6929
782 5095
780 6454
850 7042
938 6549
481 5339
723 7762
358 8355
531 6155
44 9154
906 9026
609 8204
981 7172
761 5808
63 7588
160 7115
821 8524
2 5110
859 7112
525 5972
936 6044
616 9863
997 8980
749 8913
699 8696
731 8067
382 9309
910 7355
746 6130
719 8992
353 6361
543 9859
335 5366
697 8717
919 5624
951 8024
809 7514
108 5763
295 6665
596 5143
378 9598
814 5081
581 9062
564 6713
616 5964
974 7690
703 8827
817 7875
271 8905
742 9175
819 6158
568 9700
729 9822
230 5191
815 9616
663 6450
60 8437
17 6276
135 5232
800 6700
159 9008
407 6718
810 5048
53 5246
779 7538
511 5962
783 8413
230 9463
325 9486
517 7083
605 6215
434 8399
830 9381
125 5902
47 7045
202 7874
72 9083
39 7620
88 8769
747 8050
563 8799
117 5671
421 8556
441 5605
77 8048
595 8467
924 6511
359 5535
369 8745
674 5730
396 7586
426 8476
569 9691
231 7554
746 9230
932 5107
537 8498
405 7143
349 6855
337 9550
506 8066
492 5273
696 8106
353 8374
26 8599
110 7368
145 7540
992 7309
534 7623
317 8466
561 6482
988 7943
394 5451
376 5212
175 9157
482 8331
60 8687
500 5127
404 5367
687 5501
695 6869
320 8062
479 8610
677 9093
825 8008
785 8866
912 5491
946 8230
766 9447
112 8776
637 8008
573 5647
348 8665
164 5687
104 7099
625 7622
620 8151
430 8118
473 8302
195 8591
148 6848
948 6422
933 8272
741 6266
405 6400
757 6776
16 6409
101 5010
138 8110
745 8045
515 8346
24 5459
118 7419
323 9280
568 9998
562 5447
709 6491
619 5730
929 5808
3 8320
97 6975
372 5887
87 8322
358 9491
891 5906
29 9718
723 8462
806 6084
108 6154
75 6215
780 6504
319 9555
714 9010
745 7274
415 7095
97 7352
380 5057
271 6190
988 9685
76 9923
812 7844
521 7511
699 7470
320 8226
189 5563
685 8723
433 9895
996 9045
421 9298
839 6557
995 6159
130 5245
915 5340
389 5890
282 9127
315 7343
593 5667
150 9594
76 7327
828 9374
146 9823
579 8356
707 5742
1 8173
364 5438
247 7873
239 9597
658 6675
341 7461
611 8902
737 6743
14 7013
964 6297
422 6800
985 7380
636 8427
188 9470
803 9292
515 7920
848 6806
584 9186
340 9818
630 7059
579 8948
969 7368
253 5650
595 5620
364 8114
919 7479
663 9439
407 5606
897 7889
700 6055
546 6876
475 8739
825 9937
402 8673
273 7693
724 7133
901 9627
379 6775
913 7775
880 7431
453 8420
894 6950
744 6708
942 6553
517 7644
730 7277
468 7425
913 5393
908 6146
258 7543
406 5198
440 9430
731 6687
548 7660
95 6662
181 5409
652 6726
995 8490
344 5788
485 5904
307 6312
845 9944
195 6028
156 9936
789 7318
28 6062
113 7282
445 6093
79 6405
907 9466
680 5667
976 7775
309 8438
102 6801
705 8512
503 7261
464 7699
249 8202
500 9913
226 7928
702 8357
854 8255
602 6386
966 5279
504 5444
777 8076
928 5807
476 6907
624 7588
213 6516
962 9230
423 9002
132 8500
517 8964
485 7076
326 6047
924 6408
610 5544
266 7194
766 6757
627 6828
430 9253
372 5344
597 8273
169 6280
303 7036
807 8684
419 5627
47 9170
535 5578
373 6593
205 8623
78 7402
74 7509
258 8545
723 8404
816 9006
418 8693
968 7827
175 6600
22 9442
902 8089
594 6981
193 7278
316 5830
130 8121
551 6069
36 5180
4 5542
496 8763
635 9229
922 6767
9 9118
623 9368
610 9654
782 7604
581 7074
650 7028
156 8952
674 7397
202 8648
537 6659
600 5203
415 7028
99 5831
609 5554
3 5099
541 7475
636 7595
287 6309
970 9908
701 5737
87 9494
611 5789
803 8564
47 6265
897 8288
859 7263
263 7933
825 6119
519 6786
450 6381
38 9441
171 8658
216 7675
499 7595
164 5686
128 8017
533 5809
350 7874
330 7083
425 8195
520 6782
84 6723
875 5812
599 7158
117 7441
962 7439
752 7876
585 7557
642 7964
895 9755
416 8854
25 7834
266 6480
794 9652
248 9407
482 5609
669 5009
499 8547
242 9245
319 6999
812 6451
155 6206
875 9439
131 6160
272 5533
315 7394
730 7364
386 5453
846 9072
576 6551
95 8121
369 5189
628 7706
27 6724
584 5967
962 9217
876 8061
26 5148
690 6914
202 7370
864 5134
490 8785
930 7273
653 9256
341 9780
997 5560
34 7451
40 8596
561 7916
192 9458
307 9489
315 5750
372 5971
331 9422
309 7689
301 6866
650 9609
422 9839
714 5282
993 9529
154 6988
680 5203
986 5987
155 5723
960 9662
172 5039
935 9096
907 5210
696 9357
101 6101
115 8968
301 5301
493 9471
919 7914
993 6621
658 9884
446 5839
507 9227
688 6174
514 7367
618 9954
831 8436
85 8539
373 8544
409 5445
162 8313
860 8886
915 6777
143 7161
17 9667
402 8159
228 5839
326 9892
449 9683
152 8426
63 6417
391 8583
162 7396
107 7186
26 5332
678 8367
721 5765
142 5014
393 8843
539 8770
789 6008
756 7709
891 5258
243 9380
464 5793
174 9386
942 7006
971 7608
170 8309
740 7320
946 9749
991 5443
636 6076
629 5166
104 5811
558 8037
326 7999
395 9922
665 7683
150 8359
801 6221
439 9587
58 9207
76 9808
391 8653
638 9474
858 7424
2 7335
545 9270
198 8435
441 6120
821 8037
68 6939
326 5849
611 8362
165 6363
589 7899
801 5128
25 9592
889 9453
412 6003
723 7248
924 8764
362 8983
3 5629
721 9491
888 8163
85 5986
398 6403
37 5286
997 6455
333 9287
394 5940
57 5248
405 6888
491 6514
144 5063
776 9524
330 5144
399 7663
785 5012
804 7723
454 9773
692 5963
489 8638
608 6303
78 8769
666 6932
850 8205
988 7991
463 9424
3 9314
389 6779
489 8776
5 8306
737 7377
524 5967
418 9176
320 6581
774 8000
986 9139
272 7273
735 6070
780 7538
965 6917
570 8504
560 7600
680 7578
600 9862
653 7051
208 9194
427 6030
719 6164
225 6333
634 8321
756 9670
515 6085
802 6644
714 9015
340 6885
492 5633
191 9723
28 9444
748 6087
633 7304
632 6496
771 8964
990 6890
686 6028
231 9694
649 8031
422 8363
799 8278
100 9456
925 9328
837 6959
12 9790
485 5164
521 6853
352 5734
997 5981
730 7096
534 5385
858 8589
421 7924
538 5964
244 5273
711 9162
375 6197
995 5435
109 7699
952 5372
430 5487
634 9519
656 6495
87 7994
447 8662
804 5857
800 5358
689 5452
623 8620
575 7390
336 8853
194 9319
851 9416
509 5542
701 6682
226 9710
79 9658
628 8444
856 9598
152 9407
177 6385
977 9769
69 6783
969 9661
420 8108
170 9170
139 5931
438 7476
519 6758
273 9073
97 5439
977 6188
464 7146
424 5949
423 5890
577 9552
299 5069
741 8721
215 8967
657 9927
393 9720
799 6062
190 9240
775 5434
692 5421
511 9394
209 6877
489 7504
239 5874
327 8533
491 5798
86 7384
357 7062
572 7405
403 6036
357 6604
297 7888
243 8446
419 5780
609 5776
232 9025
384 7698
459 7958
118 6191
325 5193
802 6253
666 7603
391 5968
450 8322
969 9673
792 9454
75 5927
490 8625
12 6106
425 9128
392 9958
458 7161
431 7240
945 9687
66 9455
846 7751
488 7398
954 6796
94 9029
790 7038
641 5722
810 8034
935 6869
304 6220
617 8104
504 6658
261 6996
13 9735
487 5206
229 6623
624 6660
413 9381
89 8707
878 8173
831 6807
245 5189
570 9976
655 5332
997 8651
526 9564
637 6999
79 9066
938 8780
172 7144
828 8649
542 9147
613 8408
379 6059
769 9549
643 7579
966 9035
224 7282
675 5828
908 6485
78 7788
137 7903
534 5422
701 5123
600 6664
891 9101
168 7149
471 8084
417 9725
310 8916
145 8834
7 6856
958 9388
164 9387
746 9598
265 6110
81 7575
532 7569
671 9963
372 8744
295 7518
584 5460
923 8095
283 5510
591 7737
454 6176
25 9116
442 5378
853 9409
354 9999
357 9714
930 5673
397 5979
404 9189
476 5980
665 9339
406 7681
986 6227
548 7230
547 6594
461 6821
82 8838
209 9502
1 9326
488 6095
140 6743
117 6525
950 5823
252 9605
131 5451
728 6442
107 8870
8 9290
940 9077
677 5919
913 8721
90 5298
353 8974
230 9639
156 8842
251 8148
903 8951
473 9248
174 5068
878 8270
950 5732
2 7792
25 7885
348 5306
181 7787
942 7014
533 7339
952 7609
43 9751
200 5041
262 5815
292 9994
698 5147
957 6044
669 8765
237 8222
408 9991
710 6715
972 8530
613 7836
914 6675
85 9122
180 8764
381 9848
276 5538
391 8811
693 6247
92 6515
456 8834
679 6311
270 5359
672 9523
348 7756
331 6590
913 8743
175 9051
540 6723
701 7616
323 5282
852 6817
398 9172
770 5402
650 9350
14 5137
141 9087
565 5787
951 8834
150 6927
86 8046
615 9908
53 5118
693 9921
766 5875
392 9193
373 6689
275 8392
865 5653
694 9206
47 7730
822 8944
308 6705
231 6821
619 6395
133 7425
193 8894
38 6205
162 8323
347 9166
728 6734
750 6962
836 5758
569 8135
669 7296
82 5818
321 5763
694 7523
930 9806
132 9071
189 8169
34 8740
770 8309
477 9561
351 7233
236 8331
347 6294
443 9257
414 9472
507 7173
913 5447
524 8488
972 5632
929 6199
766 5979
244 6925
491 6056
420 9121
697 8715
951 8979
255 5880
120 8324
378 5656
705 6751
603 7313
492 9918
987 9336
868 7151
330 5624
313 5694
762 6632
591 8933
301 6797
724 7130
833 9639
838 7616
76 7026
564 9496
643 7285
272 7461
259 7263
974 6234
803 7167
597 5164
414 9269
476 7131
532 6075
81 7988
224 8763
283 8253
247 9979
435 8352
230 7299
710 9081
829 5967
847 7177
256 9908
219 7902
269 9264
231 6579
895 5591
718 9659
897 7342
167 7555
604 9832
243 9539
825 6180
756 7466
285 6673
517 6876
196 5385
6 5454
736 9495
727 8664
597 7628
866 8781
813 6562
602 5374
423 8251
374 5863
200 8647
746 6663
706 8468
252 5301
337 7654
975 7252
351 7314
516 6891
615 7294
41 7310
441 5882
847 5935
312 6594
28 7229
783 8877
911 9436
352 5644
585 5738
623 9518
525 7783
55 8022
456 8212
910 9903
446 7517
557 9772
841 9776
927 8631
548 8013
430 7640
711 7396
247 7122
954 5712
671 6429
531 7056
258 9963
367 7878
863 5394
234 6663
306 5888
676 7473
536 6063
744 5560
478 5630
496 7848
865 5389
77 7804
607 5594
226 8035
750 7862
104 6530
742 9337
712 8161
708 8087
841 9353
780 8896
89 7781
7 5869
215 9112
730 5573
216 6957
663 6550
371 7291
975 7691
872 8761
320 6450
878 7636
290 7399
311 7062
933 7244
346 7300
901 6578
991 9199
781 8662
415 7362
273 7599
656 8894
619 6044
669 5053
850 5809
570 9408
755 5353
487 8117
335 5078
902 7379
569 8832
261 5637
483 9635
65 5801
43 7509
784 9454
491 5235
641 9123
614 5382
719 9200
504 7040
853 7333
734 5142
117 5781
204 8178
927 5513
265 5346
686 8650
654 9792
767 9557
195 6810
875 6930
591 7646
472 6120
638 5345
196 10000
565 9380
128 9623
570 8158
187 6240
155 9121
451 5401
719 6864
99 5986
317 5164
61 7457
824 9417
350 7265
803 9741
561 8983
590 9124
29 9734
430 8664
262 6640
161 8388
313 9247
543 8691
507 5560
563 5279
499 8788
984 8480
639 9863
808 5485
713 9055
865 5025
451 8542
66 6110
485 9288
208 7858
994 5315
735 5982
670 7950
816 8027
100 5099
85 5038
326 9238
983 5205
35 5705
212 7597
616 8063
151 7754
929 7517
847 7692
274 8447
106 9759
83 6699
828 7005
851 8347
707 5373
894 5398
559 6310
803 9967
919 7303
193 7719
415 6916
459 9902
607 8374
653 6388
376 9962
807 8627
68 6512
847 7813
852 7614
991 7015
358 5417
608 8770
770 7713
639 8862
612 8393
801 7850
783 8933
776 7107
148 5760
452 6362
659 5015
725 5915
170 6263
256 8729
63 6217
670 8457
735 8097
339 5146
561 9775
803 8788
851 8825
857 6548
5 6351
939 8551
879 6621
924 7692
859 6951
935 8819
127 7559
832 9100
997 7609
950 9658
561 8830
94 5503
912 7702
743 7755
860 7566
974 7699
744 5870
362 5059
77 6078
196 8152
230 9000
914 5494
123 8802
95 7828
700 5875
916 8888
350 8081
157 6389
455 8884
39 6466
895 9019
717 8861
438 6633
346 5859
327 6449
505 7383
375 8966
227 7384
14 7480
308 7085
310 6469
554 6917
224 7259
34 7086
301 9848
80 5383
292 5977
403 6227
295 9185
667 8349
100 6411
695 5075
615 5676
607 5913
342 8720
840 5108
379 6901
157 9400
353 9327
669 8751
573 8030
419 7705
957 8771
141 9952
373 9026
495 8533
771 8739
868 8408
903 9675
540 6033
561 5532
489 9823
539 6491
926 9292
705 5030
199 9877
409 5911
51 9956
112 9060
947 7729
346 5633
639 7604
14 8387
846 6335
230 8773
984 7388
166 6380
922 7419
512 7781
671 6463
449 8463
699 8146
357 8498
222 8620
497 6500
317 6777
659 7551
107 6254
163 5887
437 7912
766 9049
923 7705
130 8314
501 7425
252 6403
190 5210
746 8106
158 8858
452 9678
503 8544
981 9343
109 9084
857 6886
718 5753
683 7250
750 5374
742 7197
246 5050
157 7639
702 6210
647 8793
976 9341
714 7957
854 9668
419 6079
181 8731
260 5170
28 9971
298 6541
537 9546
280 6436
455 9286
660 5209
985 9125
623 9462
592 7354
155 7708
422 5901
594 5574
258 9076
872 9625
391 5174
181 9881
753 7463
705 6562
178 8491
455 7330
720 9184
309 5653
818 7655
276 5100
431 5222
727 5495
259 5778
743 6803
730 9030
897 7262
976 9278
148 9903
807 9280
360 9166
605 7270
177 8355
870 7373
278 5918
659 6994
191 8714
113 9230
323 8642
53 7384
287 6252
108 9842
673 7070
963 9420
130 6173
579 6885
505 7596
112 8654
173 8389
927 6773
476 5103
500 6091
345 8765
235 9567
694 6584
915 6767
409 6605
651 9234
512 5023
599 9480
404 5338
836 7906
316 5857
624 6458
115 7264
628 6732
632 8637
872 8121
358 9227
420 5439
340 8348
698 9257
546 5257
121 9018
414 9990
833 9780
827 8777
717 6036
677 9318
350 8221
952 5409
825 7864
4 9184
293 9618
837 7519
132 9330
939 7253
798 7962
858 6758
389 8448
586 7255
164 7720
894 6277
853 5502
887 5483
376 9233
82 7668
443 8413
144 9950
527 8185
540 5180
597 7204
838 6844
501 8588
239 5310
50 9662
178 9174
198 9400
158 8776
453 6670
598 9387
795 9089
405 8052
35 8283
824 6602
75 6791
70 5480
512 5549
133 5523
739 9986
587 9987
381 8338
42 9636
717 9568
104 5949
557 5386
98 6369
235 7744
934 8750
767 8141
824 7702
314 6155
752 6643
895 8590
764 7196
207 7749
836 9523
207 6595
965 6857
207 9880
79 7623
943 7597
621 9921
386 7990
499 7604
11 5492
720 8482
528 8603
398 7593
782 9086
299 8303
674 9466
123 6367
485 6690
611 8916
451 6603
706 7169
316 9404
203 7583
552 6778
313 8648
239 6375
502 7029
629 5314
974 6101
225 8481
725 6476
839 7730
244 5079
167 9985
906 7143
562 6632
396 6003
7 6170
153 7927
513 8432
982 5269
91 7161
900 9301
908 5174
628 5344
206 5701
806 9670
693 6069
225 7929
216 5785
549 8350
120 8392
636 5501
620 7076
660 7766
471 9391
615 6575
737 6365
368 6672
86 5529
689 9487
13 9016
932 6808
610 7143
618 7684
933 5272
131 6055
273 5446
886 9596
708 6841
980 8046
727 7143
660 5721
106 6851
252 6475
284 9802
818 6850
605 5676
528 6234
7 8272
734 8883
458 5830
658 6723
550 6351
600 9965
394 9735
432 5760
869 5000
489 6016
733 5045
558 8893
62 9787
611 5880
893 5647
654 6251
822 5565
648 8586
292 6976
65 7683
175 7094
957 8134
261 9677
577 9882
893 8681
69 7986
396 9988
475 7800
408 9264
591 5494
521 5997
378 6845
415 8210
145 9966
390 8005
454 8603
931 5953
963 6375
281 6072
442 9755
810 8364
377 7147
525 7085
266 7994
459 5319
249 9094
680 8633
233 6757
224 8282
398 8137
738 5449
284 9625
691 7911
393 9849
871 9721
386 9829
262 9178
952 5756
819 5789
600 5637
235 9174
934 5422
974 6710
306 9494
713 9324
208 5676
756 8605
815 8006
512 7653
688 9561
469 6028
998 8494
695 8850
501 6937
534 6087
571 7491
434 9341
713 8702
743 7112
543 9835
50 9089
942 7675
144 8025
976 6768
214 8922
322 5418
790 7930
668 7797
659 6567
742 5035
747 9882
859 7589
745 8211
483 6974
579 6760
401 6091
204 6227
133 5339
378 9927
272 6842
168 9087
178 5796
81 7086
823 8862
109 5595
746 8054
518 7992
457 8218
496 6150
166 6646
305 9291
137 6315
872 9249
303 5249
179 7876
481 5062
325 5664
514 9929
742 9455
726 5250
921 8925
315 9606
540 9321
790 7108
312 9895
928 6588
956 8304
348 8556
179 9925
655 6308
273 7800
720 7717
938 8115
452 9976
836 6989
467 6350
505 5730
568 7204
11 9692
768 7666
996 9774
874 9358
688 9833
204 7986
713 8946
580 6623
797 5724
194 9150
406 9713
161 9137
937 8549
582 6721
87 5037
912 6924
290 8499
884 5644
510 6138
709 6382
991 9418
287 7657
741 9084
512 7787
710 9650
701 8586
299 6073
880 7980
199 5561
391 7632
575 9049
253 9036
635 7588
414 7345
577 6645
794 8313
980 7311
636 7363
143 7942
224 7651
978 6197
731 5061
65 6045
225 9346
112 9306
409 8340
733 8717
372 7332
541 6504
650 6962
248 5459
643 8646
823 8675
30 9515
577 7713
191 9088
453 6282
798 5268
133 7776
303 8758
94 6931
71 9090
901 6165
7 6869
482 6448
180 8966
510 7834
422 6806
872 5745
295 9823
827 7272
433 9104
577 7828
851 9253
64 6234
370 5785
974 5643
63 8811
628 9781
567 9080
685 8425
801 7242
529 9135
772 5334
5 5713
485 6122
367 6129
624 5860
838 7474
747 6515
210 6219
778 6386
54 5483
405 7306
546 8986
602 5664
214 7198
266 9530
614 8180
504 7656
882 8824
956 7848
777 9089
399 7190
817 5335
469 6630
123 5794
731 7157
933 5853
393 5399
626 7334
489 6834
854 8417
45 9976
230 6503
977 5705
499 6385
982 9839
545 7333
118 7263
160 5394
608 6979
926 7362
258 8449
147 7891
312 6021
915 5335
528 6606
716 8516
58 7907
693 6370
28 8973
95 6775
426 5459
133 5876
902 9319
500 7812
963 7585
46 7889
626 8707
638 7440
222 9627
407 5186
974 7658
114 5935
191 6062
797 9590
32 6997
528 8933
91 9365
348 8966
520 7542
137 7606
371 6773
863 9246
811 6989
273 6185
160 9660
32 6201
681 8053
132 5815
722 6951
782 9321
441 8006
592 7823
899 6749
726 9839
117 6322
701 7055
179 5129
102 9259
306 5121
871 8977
117 5693
223 9604
269 5371
397 6530
827 9142
172 7434
90 8314
575 9882
294 9160
280 5653
985 6120
991 8165
36 8952
96 9741
300 9015
485 9942
279 8161
218 6234
775 5865
34 8383
88 5937
487 6140
939 5831
818 5447
305 7242
306 5631
210 7545
859 6976
150 9614
148 9386
775 8182
379 9699
126 6106
482 9849
952 9978
557 9480
281 9004
894 6522
217 5551
254 6088
191 9412
400 9451
559 6729
924 6199
86 7092
867 7749
14 8178
862 5769
456 8596
816 8072
687 9976
105 5139
948 6046
445 5507
415 8653
363 5736
902 6088
975 9856
376 8920
932 8270
678 6316
305 5585
549 9027
868 5144
120 9905
712 8317
242 8363
920 9115
64 6712
398 7269
748 8233
756 6580
415 9085
835 9354
887 7378
261 5027
592 6000
860 8174
538 8109
649 7588
194 9424
679 8100
977 6777
137 8216
831 8389
806 5794
889 6746
94 7140
570 7085
431 7280
519 5574
524 5724
424 8331
228 7436
78 9769
722 7733
493 5463
982 7075
801 6869
933 5862
633 7997
768 7035
206 7781
790 7587
995 6322
457 7380
126 8204
82 5826
60 7762
512 9997
168 8345
745 9152
338 5350
233 6481
533 7890
346 6269
280 8391
465 5113
315 7325
247 7535
898 7131
636 5144
687 6131
409 8180
777 6946
916 6040
226 5458
229 7952
52 6969
364 5010
316 9019
782 6539
109 9169
913 5048
702 6907
500 6858
790 6945
152 6875
808 7381
802 6279
770 7180
493 6424
893 8853
850 6083
573 8290
695 5170
138 7985
761 7244
370 9308
330 7341
670 7177
613 9659
946 8032
660 6813
612 5191
355 5932
786 9650
534 7897
472 8274
399 6200
903 5049
709 5837
279 7930
173 7200
603 9475
758 7899
46 8161
231 7890
9 8081
1000 8390
90 7137
336 6608
611 8113
690 8914
132 9132
23 9627
317 7107
41 5434
141 7377
149 5041
478 6384
191 6342
954 9492
965 9998
557 8014
818 8490
478 6732
567 8148
853 8356
463 5609
693 6040
755 7360
98 8845
67 8817
288 5874
78 8563
546 7375
487 9430
420 8960
86 8989
849 5841
424 7101
991 7729
4 7653
454 6761
742 6651
669 7894
409 6904
432 5138
581 7043
471 6235
6 6635
819 7691
491 9358
138 6563
394 8170
651 6558
374 6356
409 8102
825 5988
411 7996
331 5458
38 9419
990 9960
284 6103
190 6235
12 8776
107 8974
614 6834
876 8793
283 7786
671 8066
167 7620
214 9924
538 6327
938 6136
7 9427
53 9312
30 6999
418 9946
86 5918
327 8906
412 9472
220 7539
482 6139
204 6863
532 8811
428 8362
712 7695
506 5508
787 7916
766 8131
933 5597
840 9555
247 5634
796 9813
179 5092
815 6697
787 7068
401 7756
307 8684
311 8452
181 6565
887 8226
82 9354
511 7099
66 8307
741 9796
863 9254
643 5613
649 8723
450 5573
657 8259
419 8678
28 6516
406 9873
783 6518
772 8606
297 6605
324 8259
215 7563
977 5473
261 5758
936 9495
329 5732
616 7363
238 6845
428 8292
939 8001
388 7271
968 8187
34 5447
128 5003
845 8139
442 5062
124 8144
814 7450
588 9149
826 9884
431 8578
482 7333
181 9610
463 9474
935 9784
106 7385
472 6252
127 8058
906 7308
610 6895
168 5718
84 8499
802 6773
434 6118
773 8285
668 9150
118 6721
937 9710
134 5512
261 8233
964 5144
406 7531
4 5775
960 6965
198 9875
426 5853
506 5193
837 6171
724 6394
639 8404
303 8514
89 5979
382 8721
69 9284
605 5128
626 5477
707 8373
379 6294
499 8630
720 5260
267 5781
485 6898
197 8922
338 5833
263 6849
116 9129
388 9791
992 5567
635 5475
363 8753
664 8447
356 7846
335 8513
779 6070
286 5126
632 6948
6 9462
139 5660
5 6194
31 7864
399 8731
122 8175
510 6780
863 8488
993 6961
94 8038
367 7081
528 7471
20 7827
689 8064
146 8673
535 9877
747 5504
13 7439
481 5761
790 7201
111 8505
217 7043
548 9744
318 9065
617 9830
932 6844
135 7428
503 8817
712 6284
601 7769
8 5257
222 7700
658 6943
428 9695
832 9341
297 9428
309 9431
261 9294
10 9145
331 5996
663 9266
22 8234
40 9456
361 9031
210 5391
710 6352
382 9359
252 6951
154 8565
368 8029
885 7836
548 9777
588 9352
289 7206
837 5479
280 6327
250 9010
46 8978
733 6122
608 6013
947 7234
935 9837
253 5578
631 7609
234 9519
815 7028
506 8843
201 9982
180 9379
810 5033
365 6212
137 7283
507 9422
293 5421
852 5762
933 9151
198 8794
551 8612
823 9295
672 8085
167 5581
706 5601
522 5004
511 8628
887 8422
942 9391
213 5014
430 5199
535 6900
923 9351
810 9871
865 5108
937 8115
671 6756
876 6406
526 5816
997 5934
612 9203
905 7351
904 8798
488 6835
830 8139
688 7749
855 5169
413 8585
819 9111
939 7179
618 6829
909 9528
564 8581
271 7773
789 9417
180 5372
421 7498
780 9439
441 7952
824 7529
557 5224
421 6403
680 8721
800 6860
478 8007
629 6514
459 7975
7 6464
875 8807
34 8721
774 7339
435 8531
607 7562
842 6800
189 6233
905 5393
365 5195
24 8048
897 5090
958 5810
270 9083
211 5808
565 9405
549 7328
882 6067
699 9386
284 5115
34 8291
344 7588
564 7833
49 6911
326 9949
144 8758
230 8361
182 5432
942 5627
527 9515
688 7928
6 9671
806 6582
907 8460
278 7404
91 6562
817 8474
514 9002
773 6789
421 9217
392 7556
20 7905
687 9525
599 7087
947 9844
969 7505
515 7137
289 8725
924 9529
967 6349
857 6882
315 7016
544 6417
743 8425
371 5562
387 6226
639 5909
734 8552
244 6644
45 5026
82 5536
63 6775
176 7847
236 9886
391 6760
22 6334
272 7619
222 7148
645 7903
959 5339
617 7155
992 8918
653 7496
161 5215
331 5687
770 7438
671 6907
819 9266
408 5904
895 9249
761 5474
829 9590
163 6611
172 8056
715 8242
806 5289
10 8301
102 5330
399 5015
740 9786
332 9657
789 9292
368 5078
785 6203
962 5461
373 9770
533 6842
109 6422
97 7494
690 7758
183 6997
7 6844
393 5254
434 8615
929 8439
308 5165
209 6192
880 9378
1 7010
39 8789
424 7306
1000 9548
82 9556
454 8413
456 8959
534 8544
520 5783
792 8271
161 5492
631 8796
347 9611
249 7673
8 5245
661 7136
96 9030
978 8263
945 8588
191 7415
603 9301
490 7976
25 6756
57 5154
293 6034
878 8095
409 6210
976 7999
607 8483
619 9027
432 6178
238 6623
131 8140
752 7399
711 9258
485 8091
156 8344
97 8839
767 6401
30 6537
557 8888
380 5914
113 5451
84 5953
326 8402
13 5151
544 9129
617 8638
978 7168
995 8641
170 5073
929 6872
484 6091
333 8734
110 9529
115 8735
153 7403
547 7124
982 5127
927 6228
823 5327
245 9686
681 6005
190 6345
664 8970
117 9687
512 9863
459 5595
698 6417
126 9369
506 8292
571 8763
235 7724
175 7723
464 7665
879 7851
278 6441
619 5842
360 6144
429 7573
948 8130
966 5081
696 8377
769 7401
935 7372
266 9535
188 8000
217 9346
534 6882
65 9504
756 7593
357 6155
395 6397
491 6136
903 6424
585 9461
98 6619
475 8832
859 6075
895 7440
625 9743
32 6449
998 9245
869 6433
325 6824
517 6239
468 7496
765 5428
481 6644
801 8442
424 8048
2 7149
830 5029
115 9908
593 5765
191 9127
200 8905
825 5597
27 9115
266 9322
760 8980
666 5843
718 8104
480 9901
668 8058
704 8597
746 9955
624 5541
590 7337
362 7859
433 7864
288 5073
928 6149
675 9458
854 8453
13 9048
821 6791
236 9731
557 7492
900 6276
814 6452
67 9251
321 5997
473 6972
669 8824
203 5365
598 6869
93 9794
81 6163
55 9554
875 8971
300 6034
204 7519
503 6541
933 7393
727 5159
208 7802
740 5192
790 6461
141 6557
255 7264
106 8370
585 7232
336 7928
624 5167
45 8004
352 7696
156 6225
867 5465
652 5336
325 8233
485 5099
602 7560
751 8266
879 6809
272 5764
248 5232
885 8934
922 5345
29 7776
939 6000
95 9749
65 6085
630 5218
496 8659
197 5522
912 8278
33 9977
891 5185
50 5789
41 5477
791 9502
552 5551
211 6425
724 5696
406 9549
689 8316
120 9393
66 8635
933 7347
584 5028
854 8586
403 5527
545 5455
113 6091
506 8303
211 7502
540 5234
55 6029
701 5150
420 6221
140 7123
808 7950
578 8684
79 5801
927 6313
793 8360
864 7383
69 8103
962 8492
744 6315
524 8405
21 6883
358 9541
685 6217
44 6768
242 7189
202 6789
662 6540
772 9688
882 6166
166 9006
903 6654
495 8099
698 8207
750 9688
360 8102
486 7971
434 6539
85 9579
602 5018
929 9053
685 9017
833 6877
631 7024
996 9732
473 6674
648 9337
560 6278
543 6164
791 8931
348 8290
93 6747
537 7722
91 7405
997 9884
565 7000
755 9523
594 7725
198 7684
965 5246
962 8342
405 6311
757 8305
336 6539
334 7026
743 9701
198 8266
165 5086
133 9033
357 5108
757 5555
65 9681
980 8402
967 7038
902 9487
702 7841
478 5171
900 8860
613 9957
614 9901
691 7580
720 8904
995 7467
625 8505
332 7308
465 8825
137 8410
245 6840
376 7089
844 7302
251 9429
550 9907
636 7533
259 5899
152 9816
257 7130
72 6106
34 6938
984 9795
128 8321
986 7295
125 8835
585 7195
524 7644
78 5344
162 9565
628 7746
855 9952
941 5022
659 9734
120 5522
795 9796
209 9465
143 7378
909 9689
602 9001
15 8722
61 5537
173 5866
11 7325
444 5355
533 9595
45 9529
515 9570
799 6007
168 6152
994 6064
525 5546
510 9443
108 5530
966 7425
338 9000
234 8135
806 9989
563 9804
944 6584
40 8544
4 7737
460 7411
608 7120
78 8352
419 7484
523 5880
556 5624
668 9673
299 7969
575 9824
459 6114
875 8366
69 8998
411 5587
18 8409
799 8308
84 8629
43 6501
242 9459
524 7618
784 5419
705 9318
697 5121
980 6147
924 7281
689 7069
242 8617
642 7220
348 8148
365 5030
698 9249
409 8143
93 6911
399 6109
91 6595
859 5030
725 5639
311 7328
476 7283
294 7733
164 6826
672 5044
533 6568
957 6301
642 7080
718 9109
176 8266
638 8852
958 5142
517 6115
324 5962
122 9675
159 6529
322 8964
156 6152
512 5770
570 7225
654 9357
451 7585
920 6286
351 9797
871 7921
673 9700
522 9386
914 7363
500 7870
920 6435
525 6146
966 7338
963 8136
803 8757
522 8907
112 9392
144 6342
366 9145
300 8926
579 6678
761 7280
380 5160
193 7659
737 7819
860 5055
794 8934
517 8658
903 5351
406 6962
719 9606
144 5883
154 7122
456 8389
538 8083
916 9061
868 5216
635 8557
98 9097
81 7083
600 6298
269 7545
474 7476
473 7516
796 5271
509 8018
569 6774
154 7586
177 5161
601 9842
837 9378
61 8925
408 5736
74 5935
880 9975
365 5832
407 7233
437 8044
147 9780
222 6599
253 6620
750 8395
326 7873
53 8740
69 5552
195 5918
363 5534
426 9517
398 8738
663 5287
846 9142
796 9107
797 9307
373 6535
371 7571
601 8566
10 9700
45 5670
770 5638
541 6255
983 8701
179 5691
706 6207
298 5719
744 6941
808 7260
771 9136
778 5614
561 8361
900 8124
31 5979
851 6049
982 9175
305 9768
238 8539
562 9960
897 8017
566 5382
865 6072
803 7208
64 5048
984 7425
978 9768
5 7337
921 5263
982 6503
138 9049
820 9267
171 5337
79 6638
553 7737
263 9787
980 8221
498 5109
635 7785
864 7817
617 5919
34 7246
183 5966
300 8869
659 7055
614 5432
221 8972
869 8068
549 8264
141 5527
419 6042
715 8800
344 9139
698 9648
348 5970
507 8024
217 5354
340 8494
464 7023
173 5425
816 6910
29 8911
518 6999
734 9481
707 6914
140 8362
372 8088
692 5531
789 6872
706 9251
252 7155
557 7950
657 6047
256 6034
104 7508
453 8420
469 6148
184 8568
701 7135
731 9372
212 7123
837 5962
84 9692
401 5331
459 8397
9 5850
832 8972
280 6693
674 6558
418 6929
435 9904
615 8031
825 9420
941 8570
407 8807
530 5808
146 8818
236 7428
3 6116
756 6548
608 7517
702 6854
722 9250
546 6520
204 9716
372 8052
182 8870
428 7758
248 9898
45 5552
507 7596
330 7646
370 8442
203 9810
433 5406
346 5203
666 8275
884 7332
808 5862
503 6482
831 5657
315 7814
454 8448
9 7310
120 7563
973 7707
616 8540
195 8940
849 9408
419 9100
613 6870
17 8001
674 6243
57 7694
143 8730
400 9848
378 7702
860 9779
976 8771
606 9730
483 8653
845 5543
896 7908
150 5113
179 7374
464 8711
856 7300
236 9005
590 6980
99 9369
415 8689
83 8744
104 5135
308 8867
463 5257
684 7979
343 9683
653 8605
412 8932
564 9516
935 5789
601 5394
60 8966
746 9508
735 6475
806 6742
215 6550
714 7533
427 8754
892 5532
131 8776
500 9752
691 7989
434 7165
302 8813
847 8610
607 6623
787 5983
242 5803
588 6663
670 6928
514 5470
288 9480
161 6298
509 6161
276 9554
830 9531
940 5290
105 5848
700 5103
821 7834
861 8912
854 8568
930 6190
151 9348
574 8412
865 5842
233 8678
991 6033
52 7661
629 5087
648 6601
592 7445
291 6777
38 8995
874 9250
434 8040
978 9709
366 8422
429 5101
975 6601
533 7385
954 6567
100 7328
515 7165
708 5783
296 6358
964 9320
99 5336
762 8228
58 9319
20 7239
451 9496
659 5709
943 6361
633 5522
732 7310
823 7962
809 6452
217 8841
768 7850
699 8004
859 8806
929 5625
434 6105
142 6693
188 8697
223 6991
777 8543
960 6632
159 7490
381 6058
517 5283
591 9000
495 8831
807 7698
989 5102
139 7373
283 8373
558 7871
533 9330
73 7282
14 5042
756 9973
783 5424
528 5078
939 5515
846 7554
252 8706
489 6385
719 8982
924 7179
452 8045
751 7049
55 6710
986 9272
838 5183
738 5882
783 5444
299 5877
705 6374
290 9321
923 8715
592 5759
353 9963
569 8185
763 8094
251 5583
381 9454
298 5709
477 6445
147 9973
702 9945
705 8148
728 6696
651 5971
635 9209
390 6937
197 6898
9 7645
281 6729
237 6057
36 6824
799 6271
660 5041
424 5091
868 8672
568 7330
609 5379
911 9653
726 5464
747 9329
123 5045
719 6147
883 8578
653 9802
64 5559
91 8643
374 8428
978 7339
35 5560
329 6480
278 7472
273 5666
173 8415
325 8031
756 7989
704 8242
907 9114
458 6738
126 9621
805 9741
918 8923
308 9868
191 5504
882 6296
224 6293
329 5137
968 6089
154 9498
801 5220
227 8428
153 5329
854 7075
687 7075
306 7210
861 8125
295 5942
902 8807
271 7816
216 5903
640 8063
353 8932
421 6277
527 7755
423 5813
660 6938
484 8959
723 8466
60 6099
322 8066
822 8442
123 9181
720 5080
787 7872
940 5680
239 7138
934 8115
280 7840
196 7329
764 5292
760 8238
885 5900
429 8668
273 5485
195 7874
138 9647
582 5890
443 9261
35 9024
899 9479
659 7997
663 5809
607 6882
836 7954
88 7534
647 5931
576 7070
810 5379
180 9493
121 8230
604 9542
158 7648
897 6916
771 9127
868 6764
526 6781
80 7779
911 9414
687 5027
994 6333
523 8171
673 9174
638 9870
844 5713
501 9984
527 5016
962 9185
63 8436
829 6579
296 6981
72 7743
996 9029
179 9253
266 5230
608 8158
789 8350
590 9247
319 6185
961 8054
259 7778
74 7221
225 8087
983 7317
704 7186
276 8023
780 5790
141 5386
159 5031
447 9609
614 9160
897 7562
222 7453
803 7395
829 7791
761 6411
660 9325
631 5539
690 8625
355 5317
495 5508
351 9185
655 5617
942 5128
285 5618
459 5141
708 9483
629 9497
693 7871
783 6132
616 9972
1000 5569
100 7636
820 8495
521 9595
992 5569
493 9517
895 7190
884 8103
216 6320
900 8326
603 6883
610 6418
95 5332
1 5624
403 7198
29 9225
300 7822
718 8980
228 5313
18 6261
472 5467
134 9242
885 6848
246 9957
182 9395
576 8342
680 8873
662 7198
168 9058
145 5866
993 6180
330 8094
40 7392
608 6607
391 8602
969 9257
617 6338
754 6458
630 6808
963 6284
958 6957
522 7361
602 5016
436 8245
282 7522
114 5674
189 7230
396 5252
919 9756
184 7863
600 8005
54 5643
584 9258
411 6260
617 6587
597 5058
947 6964
584 6310
546 7315
360 7265
936 6550
244 8412
60 9258
628 9536
906 7956
893 9104
951 5979
231 5409
385 8028
180 5512
677 9701
342 5426
30 7910
62 5814
642 7594
714 8983
501 8468
182 9643
79 7079
736 8670
141 8832
144 7614
802 5731
609 9602
740 8811
763 7131
789 8655
795 6568
657 7778
762 9076
470 8582
855 9530
620 5054
455 6918
186 7605
4 8909
627 6325
951 5415
247 6793
477 8008
884 6700
73 7506
325 9934
42 9133
687 5964
484 6541
321 5013
232 7272
672 9115
268 9296
942 5249
378 9078
262 7114
457 6673
353 9985
904 5808
917 7782
104 6902
863 5507
258 7334
45 5319
361 7266
714 6160
973 7997
729 7734
115 9156
739 9480
47 7479
486 5274
857 7310
485 6055
379 6640
209 5153
648 7683
985 7835
929 9181
741 6543
61 7329
583 8470
487 8379
327 9689
527 7737
676 9932
530 8709
849 5065
746 8715
677 9666
311 8096
191 7370
297 9778
400 7643
673 7014
594 6543
60 6939
228 8523
163 8000
493 7156
405 5623
716 9659
869 9891
908 6239
421 9655
972 5070
198 6787
661 5023
523 9509
147 9313
232 6691
721 9130
993 7216
646 7044
442 6885
798 6484
984 9667
885 8667
929 8945
420 5220
385 7744
205 6730
723 6906
415 9633
338 6993
876 7470
751 8586
142 9296
90 9396
216 7657
357 5643
615 5331
871 7462
312 7022
990 5551
413 8083
680 5284
90 8337
30 7957
57 6153
139 7180
611 6132
255 7976
404 9987
157 8250
452 6646
395 7203
576 7547
299 5610
398 9664
239 7318
719 7853
367 8017
183 8568
734 8584
784 6279
358 5225
351 8625
423 5360
178 9706
900 8140
772 9614
254 8120
837 9107
287 5694
661 9724
593 7311
861 9276
453 7525
42 5664
541 9642
601 9923
625 9656
479 7784
385 8799
74 8425
603 7934
181 5613
344 9460
998 8533
812 6712
660 9393
779 6037
392 5350
97 5564
523 7273
608 5286
342 6853
421 6754
976 5245
801 5101
141 5067
867 8326
702 5619
957 6442
776 9570
750 6625
712 5216
455 9476
342 9582
577 5704
508 9772
889 7476
838 5618
932 7084
533 7603
603 5126
489 7877
624 6068
943 9478
801 9313
608 9894
986 9528
636 8097
739 6551
719 9199
764 7887
72 5676
715 6529
660 5709
678 8755
449 8273
197 6302
164 6756
977 9561
221 9738
462 7247
167 7362
662 7010
680 6347
301 6587
168 7134
446 6451
958 9186
305 6075
773 8090
703 7714
957 7514
276 5211
803 7227
581 9294
509 9301
655 6900
853 8490
275 7326
840 5572
664 6668
698 8239
322 9151
598 5285
319 6735
194 9115
173 5720
565 9920
445 6215
682 6420
527 9711
392 9052
499 5270
665 8074
949 6095
109 9352
22 8581
744 9470
775 8643
184 6893
705 8703
924 6329
557 8122
168 5996
242 7124
741 5045
282 8544
264 8025
341 5361
868 8122
852 5510
447 9364
486 5808
474 6757
401 9400
766 5112
326 9696
913 6543
629 8923
245 5295
275 9842
860 7608
599 6095
547 6473
183 5559
929 6444
287 6726
781 6675
290 5899
506 6493
978 9865
250 7274
565 8431
628 7551
950 6013
707 5012
328 5190
626 5181
884 9879
320 7388
396 5095
752 6473
414 7992
502 9007
462 6881
647 5703
90 7710
772 8097
887 9364
10 7903
520 7060
908 8838
537 8867
379 7018
968 7407
596 9756
205 5671
41 7388
264 9389
896 6782
494 7077
621 8664
660 5083
657 6210
519 9247
776 8594
654 5401
868 6441
11 5875
279 8788
123 7296
283 5069
824 7468
164 6143
582 5825
354 6018
681 9390
184 7153
546 7721
746 8398
215 5472
449 8854
946 7323
940 6328
587 8435
77 5409
584 6463
231 5294
236 9351
932 9428
239 9537
348 6787
171 9850
84 7222
451 5570
674 7949
623 5120
754 6167
483 7078
685 9010
486 5575
250 7196
803 7304
114 9667
405 9417
345 8819
842 6161
312 9872
619 6459
837 7560
795 8213
835 6003
98 8594
889 8214
928 9188
133 9020
218 7606
855 7997
833 9472
310 6848
733 6333
744 9315
27 5508
486 6115
852 6991
561 7711
960 9169
841 8932
504 5173
541 9839
506 5057
921 6282
526 9100
514 9163
927 5233
53 5981
651 7602
386 7277
396 8896
691 8837
730 5292
908 9484
602 5193
578 6304
984 6864
389 6863
778 6008
512 9721
947 9524
968 6156
860 6540
930 6441
245 8934
438 5434
359 6081
926 9538
586 8968
490 7498
509 9516
445 5305
295 9596
311 9317
556 5347
889 9628
658 9547
870 8206
722 8831
950 7854
780 6572
169 6261
947 9671
465 6358
82 6245
272 8366
995 8032
768 7901
620 6426
448 8460
508 6641
753 9634
83 9692
493 7889
204 7547
286 7439
101 5985
889 7856
744 6507
177 9620
151 7135
563 7835
424 6034
660 7553
637 7653
411 6036
544 7047
82 5786
53 9991
242 5064
384 8448
430 6854
786 5120
843 5798
795 5364
30 9707
16 7839
808 5408
227 7842
963 9514
582 6641
746 8139
31 8325
663 9188
867 6182
411 5318
648 8002
775 5139
309 9224
418 7101
224 5443
185 9885
809 9981
614 9545
401 8706
152 8110
691 6996
415 8693
603 9038
8 9864
119 8240
610 5522
535 7654
382 8680
144 5201
421 9476
1 8849
424 5542
930 8462
522 8031
54 5380
687 9972
407 8569
761 6038
232 9518
293 5414
204 9688
480 8878
515 8143
204 7460
130 8462
792 7818
528 5990
823 6996
135 6560
225 8569
198 5884
673 9016
785 5155
420 6416
894 5132
790 6375
559 5284
480 7901
155 8540
517 8480
22 9472
156 8738
748 5403
471 5852
423 5094
310 8595
439 6277
633 9498
64 8021
803 8308
775 8097
236 5981
972 8195
977 6734
742 5729
844 7561
84 6489
414 9991
277 9656
169 8243
216 5634
626 7180
808 7450
137 8110
463 8038
714 7809
893 9359
680 7269
739 6513
43 7868
849 6463
779 9123
125 9054
786 5985
894 9894
463 5533
910 7568
525 6868
587 6604
251 8679
216 9387
381 7244
609 6341
768 8597
238 8119
642 7842
758 8854
147 5479
936 7243
566 6974
434 6204
870 6837
524 8943
639 5350
512 9918
781 8019
179 9344
157 8037
657 8965
782 7276
368 8470
182 9251
403 9907
785 6463
897 7833
914 6337
710 6600
840 8740
839 8832
414 8223
793 7380
502 6053
450 7607
558 6393
14 6586
759 9458
506 9626
330 5618
159 9267
596 5120
363 7268
339 7266
481 8307
718 9179
82 7813
736 7078
832 8537
445 5678
487 5556
809 8689
134 7557
754 8718
975 9857
306 7926
466 6951
78 5083
338 5687
828 6500
246 7277
791 9375
814 9980
770 5874
962 9407
432 7227
128 5755
275 6070
192 7201
251 5836
107 9060
525 5196
386 8404
599 6505
781 6954
190 5118
41 6319
977 7088
76 8678
907 9514
248 6560
704 9286
983 6359
677 6673
634 8791
583 6645
289 8893
714 7486
355 7763
284 6927
113 6481
497 6436
556 5177
285 6743
326 6772
812 7789
211 9067
333 6921
437 6706
669 6143
66 5654
693 7790
488 6189
997 8548
343 6067
100 5246
636 5427
58 6775
345 7155
851 7299
674 7626
975 7538
774 9287
314 9233
290 7047
963 9026
461 5652
785 5942
168 6202
105 6974
930 6427
63 6791
905 5313
932 7998
333 7056
137 9801
653 8411
750 6436
751 9404
57 8939
715 7954
439 5830
266 8778
113 9607
799 7717
589 7151
90 6697
67 5308
867 6864
230 7487
808 9715
746 6527
759 7088
693 9939
162 8683
723 6492
991 8241
127 5125
473 8382
82 6452
241 6188
565 7969
111 9548
169 9797
155 7818
733 8497
756 5967
726 7554
419 6745
128 7592
798 8589
53 5816
874 7920
129 7296
383 9922
451 5719
46 9623
836 8732
246 9296
884 5963
410 5128
25 8313
468 5634
980 8930
712 6952
688 7763
421 6173
973 7534
428 7405
658 6342
719 6292
63 8750
917 9401
706 8319
609 8177
388 6016
193 7130
347 7380
198 6614
838 9828
913 6528
625 7774
107 5178
703 5393
436 6095
563 6185
229 9138
11 9844
637 5302
432 9094
600 5538
332 8298
908 7873
646 8369
293 7707
540 5445
79 9971
282 5532
108 5990
507 8148
187 9250
754 5199
397 5705
290 5819
876 6751
60 8850
858 8671
973 8725
965 9634
122 6724
194 6269
7 9588
829 8139
625 8562
438 7534
18 9010
414 7081
427 8102
832 6990
530 5532
993 7194
863 6413
472 5256
725 7575
86 5494
495 6292
865 9613
68 9311
703 6768
17 6925
540 6786
385 6361
55 6349
516 7145
58 6630
636 5980
688 6452
478 8433
896 6096
734 9900
576 8406
835 8056
491 8790
227 6515
918 9382
440 6324
941 5465
731 6431
77 7321
909 5764
432 5497
344 6536
352 8120
107 9358
176 6065
752 6421
200 6454
557 7056
471 7723
105 6509
206 7405
214 9466
566 9639
970 6570
659 6028
121 5754
798 6724
589 9539
922 7756
881 9327
291 5051
762 6290
218 8836
251 6046
535 6370
801 7000
587 6888
565 7426
666 7025
340 5606
561 7783
427 9887
653 7541
694 6278
883 8900
171 9518
936 8971
138 5347
236 7154
857 6830
637 6786
166 7640
363 8676
658 9388
720 6160
750 8956
611 9776
636 5861
301 5572
825 5731
825 9270
116 9917
321 5259
259 8206
108 6177
139 7715
876 7017
548 8533
285 9652
12 5973
273 5581
422 9755
685 8171
299 7056
74 9923
446 5562
300 8695
795 9355
352 8242
275 6698
727 9127
751 8552
70 5478
298 9367
645 9538
504 6495
513 9465
835 6679
919 7844
456 5984
904 5379
26 9430
463 5284
825 6719
859 5815
815 8704
176 6569
855 7181
519 8190
874 5989
949 7828
493 8137
596 5266
517 5712
611 5976
929 8143
531 9303
766 7865
169 6577
188 5633
946 6776
308 6549
465 8546
600 6253
428 5425
847 8397
872 7303
936 9109
26 6054
211 6931
824 9561
767 5695
313 5855
104 5167
109 5582
832 5975
367 5271
252 7277
693 5624
348 7725
474 7629
842 8754
372 7874
660 9024
462 9332
798 9261
971 7448
168 5135
122 7233
439 9771
662 7044
382 5047
693 5287
96 7303
142 9037
384 7827
847 5559
985 7081
830 8610
430 7258
450 8494
41 9631
150 7896
962 9628
336 5060
396 7252
61 9125
778 7450
346 8057
722 9848
879 7628
687 7167
697 6078
940 8191
514 8618
948 5916
187 8125
846 6157
700 8412
991 9700
639 5752
403 6909
581 7311
695 9515
836 8556
443 6387
259 9158
451 7662
48 9744
192 8774
328 7575
385 7300
267 5360
546 7460
99 5201
544 9627
555 9348
553 5014
33 6045
342 5117
762 5423
970 7572
44 8800
229 9202
264 7095
940 8950
476 8450
652 8200
77 5201
607 7922
133 9790
487 5595
11 5316
703 8853
123 8140
183 6132
674 6405
386 6411
571 9506
148 5114
511 8706
694 6527
426 9269
579 7258
699 9985
942 5111
455 5267
709 9445
649 7237
928 8974
499 6725
621 8260
184 8042
544 9283
727 7173
686 6939
599 9354
560 8861
671 5451
851 5573
227 5737
847 7410
243 8118
876 7909
43 6855
404 6719
47 6378
823 7678
493 8113
665 6363
716 9525
899 5739
178 9399
559 7534
122 6652
141 7211
655 7486
798 9426
455 6706
812 7334
50 5914
498 9238
656 7036
229 9496
596 7618
296 7718
703 5287
365 9033
133 9444
848 7407
618 6509
314 8334
576 9909
593 7978
472 9145
863 5446
763 9167
73 7428
80 5251
60 8031
234 8834
287 9096
149 9643
824 8986
408 7531
721 7964
614 8219
429 7542
179 9214
65 7647
768 5478
468 5467
581 9940
708 5206
19 6139
348 7531
322 6977
831 6785
130 9184
584 8298
274 7118
649 5572
910 7032
290 8270
65 9587
424 5178
59 8333
34 7566
785 8443
498 8288
274 5902
782 6820
17 6156
806 5075
730 9154
965 9147
255 8334
305 9152
138 8011
77 8981
426 7585
838 8580
780 9030
698 7935
349 5733
206 7618
751 6958
734 7922
931 6204
43 5598
592 7518
390 6748
919 8154
444 7948
41 6297
585 9648
391 6053
715 6526
854 5696
619 7832
735 9678
528 5914
598 7308
137 9031
462 5595
688 7708
321 7409
417 5190
924 6532
919 7881
66 8360
562 6735
110 6851
924 5207
220 5898
634 9389
470 8830
847 7306
782 8604
8 7910
352 6607
557 9935
517 9086
286 7782
446 5226
626 7909
136 9230
165 6521
696 6658
869 8163
310 6679
293 8435
486 7679
31 6805
812 8650
120 8746
535 5779
985 6865
668 5749
290 8747
772 6271
75 8213
871 6415
806 9306
183 8844
74 7605
234 8901
130 9225
394 8591
757 9314
983 8475
198 9168
311 9536
179 8596
93 7041
164 6124
947 5410
621 9716
405 6496
674 8534
410 9452
882 9468
17 6479
261 6554
820 8836
229 7515
162 5432
407 7225
135 7001
830 9591
312 6706
88 5011
251 5906
183 5237
523 8784
198 7185
168 9372
220 9971
246 5304
241 8847
292 8377
776 8835
209 9968
580 8581
142 6770
491 9721
892 6404
662 7829
658 6059
279 6721
308 7793
567 7980
442 6246
865 5399
664 5392
344 7866
319 7580
787 6585
44 9369
21 7584
731 8320
651 7037
199 6256
102 5919
7 7720
678 7170
721 8345
50 5445
506 8533
567 5006
465 5095
994 5487
858 7958
195 8019
142 9603
415 9917
809 7040
968 9570
144 6537
813 5730
118 7548
464 5603
541 6865
668 9671
820 5399
782 8955
540 5038
873 5993
294 6198
299 8658
238 6408
800 5983
281 5984
787 7941
454 8452
400 7302
48 9401
442 8021
197 5945
852 5513
522 6859
853 8110
809 7707
836 8492
301 6100
769 6331
698 9234
786 5571
43 5589
217 6484
202 7258
141 7950
132 6205
543 5446
331 6550
113 8212
638 9279
550 8711
200 7255
154 5722
702 8931
882 6893
51 6707
752 9758
398 9195
818 7723
251 8334
272 5692
975 5887
486 7474
627 9156
607 6390
477 9982
831 8778
719 5716
71 7969
205 6963
984 9533
122 6469
957 9179
402 8253
547 5017
764 9515
170 6699
53 7528
311 5857
293 6488
68 5313
459 8649
823 9159
754 6283
818 6096
150 6081
517 8777
320 5895
480 9235
780 7574
312 5823
940 9537
182 7394
239 6068
512 9005
48 8709
639 6504
144 5523
571 8939
18 7123
331 6855
113 8453
956 9944
578 8048
223 9722
763 5816
787 6672
742 7205
432 8540
620 8622
233 9624
683 9263
904 8062
362 7291
818 8989
767 8822
181 8994
976 9274
173 8674
353 9340
849 7272
259 5742
2 5831
278 6383
878 9742
165 5683
912 9553
508 9365
445 6590
557 6541
238 7965
445 8788
503 9592
180 6146
871 8188
486 9813
139 6577
184 9439
137 5370
967 7150
36 8271
678 8149
120 8643
429 6167
14 9818
828 6820
390 8839
173 8379
283 5891
653 5118
294 5434
983 8186
426 8532
91 5114
493 6271
485 5848
379 5154
914 9120
384 6149
630 7548
368 5652
253 7825
828 8944
595 6385
262 8614
674 6083
883 7950
306 5296
761 7194
144 5018
396 8063
252 9842
286 6579
417 6031
406 8917
735 9553
127 7208
391 9089
93 9253
427 9809
559 6177
120 8487
77 6942
814 8963
684 9656
560 5075
132 5352
742 6200
919 6586
432 6660
115 9833
278 9514
84 7587
29 5725
922 9437
380 8636
900 7930
279 8262
647 8170
237 7717
883 7458
390 6903
9 5797
291 7687
720 6616
641 7279
806 7817
456 9233
511 5666
471 5517
875 7291
87 6247
327 9743
672 6875
475 9745
796 7471
293 5272
685 8868
259 5617
465 7793
826 7905
631 7648
406 8122
204 6878
27 8108
482 9639
670 7152
500 9617
600 5638
852 7379
14 7994
799 7600
143 8475
322 8709
849 9525
236 5996
443 7823
710 8758
340 7171
294 8009
578 6095
572 9857
266 9643
80 8668
449 7912
606 8487
434 9022
838 6120
74 7078
151 6978
244 6196
886 6555
123 6154
317 6946
811 8594
169 5418
556 8239
465 5035
201 9630
810 8650
896 9016
120 9701
198 5651
128 8010
404 5526
21 5023
844 8225
977 9736
602 6308
143 5283
967 6520
558 8845
840 7040
551 9961
364 6991
949 8306
168 7105
908 7542
134 5183
762 5037
654 9030
660 5774
518 9224
77 6144
308 8151
860 8675
525 8288
769 8681
854 9891
651 8688
265 6103
549 5309
763 7816
22 9645
661 8840
812 8585
571 5721
331 6748
9 5976
329 7233
685 5496
884 6871
803 5561
467 8086
912 5980
465 7729
613 7333
155 7649
582 6272
820 5900
531 9492
284 6365
624 8910
94 9563
533 7070
557 7478
387 9690
870 9240
282 5238
119 5598
400 6970
874 5628
255 9175
911 6708
812 5027
878 9717
13 6996
662 7956
975 7730
53 7861
601 7782
740 8859
431 8166
42 6537
