
100 718800
585 485
194 94
426 326
606 506
348 248
516 416
521 421
1092 992
422 322
749 649
895 795
337 237
143 43
557 457
945 845
915 815
1055 955
546 446
352 252
522 422
109 9
891 791
1001 901
459 359
222 122
767 667
194 94
698 598
838 738
107 7
674 574
644 544
815 715
434 334
982 882
866 766
467 367
1094 994
1084 984
993 893
399 299
733 633
533 433
231 131
782 682
528 428
172 72
800 700
974 874
717 617
238 138
974 874
956 856
820 720
245 145
519 419
1095 995
894 794
629 529
296 196
299 199
1097 997
377 277
216 116
197 97
1008 908
819 719
639 539
342 242
807 707
207 107
669 569
222 122
637 537
170 70
1031 931
198 98
826 726
700 600
587 487
745 645
872 772
367 267
613 513
1072 972
181 81
995 895
1043 943
313 213
158 58
848 748
403 303
587 487
864 764
1023 923
636 536
129 29
824 724
774 674
889 789
784 5824
867 5266
763 7199
695 5887
485 9353
1003 8778
121 5294
296 8798
750 7405
503 8050
310 9638
113 9156
264 7197
1024 8879
914 8316
825 8093
512 6052
1017 6321
477 8148
1044 6897
132 9158
1045 8101
293 5042
339 8705
777 5541
969 8110
497 6902
160 6737
616 8095
157 8518
221 7952
1076 6647
852 7375
969 8085
234 6592
915 9796
567 7633
698 6931
137 9824
728 6176
546 9537
715 5722
473 6689
995 9505
223 9564
525 8919
379 6255
817 8897
347 7719
557 7126
526 5216
785 5715
285 5780
810 5862
898 6551
723 7178
866 7273
407 8114
811 5116
489 7047
575 8871
626 7872
716 5804
1001 7930
509 8642
420 8478
806 9182
583 6689
457 9550
713 8684
855 6495
990 5786
991 5721
273 9070
130 7649
269 6770
791 5326
395 6123
519 5880
894 5696
873 6039
1062 5295
928 8142
224 6278
548 9333
370 7598
306 5912
143 9467
445 7917
941 8884
426 6047
246 5670
1065 5291
134 6420
727 9754
1060 5081
932 9358
389 9862
165 5977
713 6992
