
100 509700
482 485
257 326
286 248
517 421
404 322
713 795
45 43
924 845
873 955
160 252
1 9
838 901
40 122
58 94
676 738
627 574
766 715
862 882
405 367
923 984
379 299
461 433
612 682
133 72
813 874
97 138
908 856
165 145
996 995
623 529
220 199
298 277
157 97
723 719
144 242
48 107
129 122
148 70
35 98
644 600
632 645
272 267
1040 972
977 895
312 213
778 748
567 487
965 923
1 29
616 674
569 540
628 554
493 467
76 46
733 710
575 553
288 191
775 724
723 730
912 988
64 90
354 340
565 549
210 196
922 865
775 678
566 570
934 936
626 722
742 651
194 123
485 431
483 508
617 585
876 853
653 642
896 992
652 725
220 286
727 812
900 859
563 663
56 88
157 179
280 187
537 619
284 261
920 846
124 192
239 261
459 514
931 886
504 530
910 849
382 294
795 799
485 391
351 330
289 298
865 790
509 8846
279 5881
209 8034
131 9579
237 5869
733 9114
335 8783
637 7740
120 6135
105 8517
399 6570
1026 7106
194 8528
141 6150
342 8541
336 5930
952 6275
534 5038
879 8286
841 9502
207 6747
507 9988
564 9548
377 7881
215 5453
206 6655
70 9412
515 9203
267 5985
488 9823
190 5515
957 8863
299 6010
751 7503
1038 5491
766 6760
327 9471
317 5059
57 9397
79 8582
603 9980
389 5081
390 6729
794 8867
855 5777
833 5400
852 9833
506 8770
670 9010
253 9764
900 7733
702 5918
516 5377
520 7838
110 8139
366 8320
203 6683
109 8866
161 9369
937 8484
234 8667
39 9160
173 8190
813 8877
226 5674
85 9012
84 5173
763 5245
241 7235
238 5030
196 8153
752 5210
995 7942
128 9682
525 8108
1027 6870
69 8913
150 5365
259 5816
255 6094
758 7533
50 8820
223 5907
367 8690
258 7529
315 9055
791 8555
466 6687
787 9951
840 8841
720 6682
914 9970
403 5638
12 9589
280 6166
399 9793
1024 7754
939 9731
736 8453
788 7744
