2000 551800
585 485
194 94
426 326
606 506
348 248
516 416
521 421
1092 992
422 322
749 649
895 795
337 237
143 43
557 457
945 845
915 815
1055 955
546 446
352 252
522 422
109 9
891 791
1001 901
459 359
222 122
767 667
194 94
698 598
838 738
107 7
674 574
644 544
815 715
434 334
982 882
866 766
467 367
1094 994
1084 984
993 893
399 299
733 633
533 433
231 131
782 682
528 428
172 72
800 700
974 874
717 617
238 138
974 874
956 856
820 720
245 145
519 419
1095 995
894 794
629 529
296 196
299 199
1097 997
377 277
216 116
197 97
1008 908
819 719
639 539
342 242
807 707
207 107
669 569
222 122
637 537
170 70
1031 931
198 98
826 726
700 600
587 487
745 645
872 772
367 267
613 513
1072 972
181 81
995 895
1043 943
313 213
158 58
848 748
403 303
587 487
864 764
1023 923
636 536
129 29
824 724
774 674
889 789
640 540
579 479
654 554
242 142
567 467
439 339
146 46
741 641
810 710
296 196
653 553
594 494
291 191
166 66
824 724
924 824
830 730
308 208
1088 988
811 711
190 90
900 800
440 340
414 314
649 549
389 289
296 196
501 401
965 865
566 466
778 678
789 689
670 570
933 833
1036 936
325 225
822 722
344 244
751 651
949 849
223 123
213 113
531 431
479 379
608 508
461 361
685 585
165 65
953 853
586 486
742 642
786 686
1092 992
386 286
825 725
989 889
386 286
124 24
912 812
591 491
959 859
991 891
763 663
190 90
188 88
281 181
279 179
314 214
287 187
117 17
719 619
572 472
361 261
518 418
946 846
519 419
292 192
456 356
361 261
782 682
614 514
406 306
986 886
301 201
630 530
485 385
949 849
1052 952
394 294
600 500
899 799
294 194
491 391
837 737
430 330
424 324
398 298
1092 992
890 790
324 224
375 275
360 260
926 826
197 97
172 72
310 210
966 866
749 649
1051 951
1019 919
848 748
163 63
785 685
1058 958
1056 956
904 804
664 564
618 518
283 183
528 428
500 400
637 537
821 721
446 346
307 207
253 153
423 323
1071 971
711 611
762 662
216 116
297 197
209 109
191 91
895 795
629 529
443 343
226 126
962 862
847 747
785 685
569 469
110 10
870 770
981 881
1034 934
1084 984
823 723
503 403
995 895
460 360
668 568
549 449
272 172
641 541
1058 958
372 272
483 383
977 877
408 308
459 359
1070 970
807 707
683 583
408 308
148 48
870 770
1030 930
130 30
669 569
308 208
103 3
411 311
120 20
200 100
709 609
1039 939
987 887
522 422
925 825
885 785
1030 930
470 370
1004 904
1089 989
341 241
1069 969
479 379
243 143
476 376
1072 972
1062 962
128 28
989 889
161 61
543 443
738 638
316 216
448 348
438 338
447 347
260 160
166 66
506 406
491 391
259 159
738 638
131 31
395 295
304 204
926 826
520 420
296 196
253 153
549 449
525 425
955 855
431 331
243 143
665 565
587 487
938 838
240 140
109 9
664 564
1018 918
715 615
633 533
235 135
332 232
664 564
1057 957
460 360
691 591
893 793
676 576
263 163
846 746
959 859
477 377
860 760
958 858
811 711
186 86
762 662
534 434
259 159
658 558
760 660
379 279
368 268
940 840
1048 948
835 735
415 315
674 574
776 676
226 126
441 341
1012 912
789 689
839 739
994 894
921 821
806 706
725 625
590 490
1017 917
578 478
301 201
771 671
1093 993
1032 932
249 149
999 899
152 52
337 237
859 759
287 187
367 267
572 472
356 256
872 772
883 783
198 98
217 117
1006 906
616 516
1011 911
280 180
735 635
125 25
325 225
480 380
923 823
812 712
264 164
366 266
443 343
316 216
832 732
548 448
602 502
641 541
840 740
764 664
676 576
1054 954
712 612
826 726
1002 902
872 772
554 454
631 531
511 411
1043 943
1073 973
850 750
803 703
427 327
950 850
1017 917
177 77
105 5
320 220
213 113
902 802
1013 913
503 403
891 791
281 181
1098 998
110 10
959 859
625 525
445 345
1019 919
531 431
768 668
775 675
627 527
933 833
562 462
538 438
391 291
623 523
705 605
1016 916
557 457
520 420
505 405
215 115
517 417
760 660
379 279
361 261
785 685
872 772
696 596
488 388
407 307
864 764
324 224
943 843
422 322
306 206
940 840
507 407
1075 975
739 639
501 401
952 852
191 91
642 542
427 327
160 60
430 330
857 757
282 182
182 82
703 603
737 637
893 793
193 93
715 615
714 614
833 733
236 136
964 864
287 187
116 16
202 102
963 863
1072 972
1087 987
263 163
406 306
601 501
134 34
577 477
940 840
592 492
800 700
221 121
806 706
180 80
887 787
238 138
205 105
760 660
934 834
329 229
898 798
927 827
410 310
548 448
709 609
330 230
790 690
932 832
661 561
589 489
679 579
686 586
160 60
391 291
488 388
765 665
409 309
760 660
507 407
802 702
300 200
253 153
413 313
706 606
1070 970
223 123
133 33
353 253
373 273
809 709
377 277
932 832
1097 997
208 108
140 40
988 888
327 227
581 481
960 860
383 283
1040 940
958 858
708 608
384 284
1090 990
811 711
690 590
950 850
906 806
339 239
152 52
1043 943
901 801
295 195
864 764
195 95
810 710
510 410
486 386
764 664
693 593
1000 900
150 50
212 112
594 494
1063 963
256 156
854 754
1036 936
558 458
1065 965
119 19
186 86
325 225
823 723
669 569
284 184
197 97
968 868
294 194
440 340
854 754
512 412
702 602
587 487
161 61
309 209
795 695
446 346
447 347
960 860
819 719
407 307
200 100
195 95
197 97
921 821
943 843
1041 941
845 745
921 821
386 286
687 587
592 492
301 201
216 116
765 665
631 531
627 527
524 424
912 812
353 253
524 424
526 426
559 459
513 413
443 343
1080 980
936 836
391 291
606 506
933 833
279 179
586 486
1016 916
109 9
530 430
675 575
696 596
1022 922
908 808
245 145
369 269
997 897
612 512
504 404
911 811
842 742
785 685
828 728
667 567
369 269
876 776
203 103
955 855
845 745
818 718
135 35
953 853
879 779
197 97
171 71
246 146
180 80
846 746
942 842
115 15
228 128
1065 965
1041 941
612 512
327 227
580 480
130 30
1058 958
442 342
765 665
705 605
291 191
631 531
1064 964
464 364
615 515
459 359
706 606
967 867
922 822
920 820
636 536
413 313
793 693
307 207
119 19
1011 911
435 335
408 308
201 101
530 430
1022 922
785 685
394 294
741 641
1010 910
213 113
510 410
241 141
350 250
790 690
646 546
800 700
829 729
659 559
709 609
581 481
820 720
603 503
1076 976
866 766
859 759
107 7
898 798
982 882
174 74
959 859
748 648
282 182
399 299
525 425
885 785
642 542
946 846
783 683
490 390
953 853
997 897
1038 938
516 416
189 89
937 837
724 624
347 247
281 181
393 293
978 878
244 144
1033 933
1038 938
680 580
567 467
352 252
580 480
307 207
1055 955
758 658
765 665
120 20
126 26
1054 954
664 564
447 347
549 449
859 759
126 26
546 446
621 521
114 14
401 301
757 657
421 321
810 710
713 613
1080 980
488 388
288 188
979 879
736 636
1090 990
303 203
288 188
532 432
1063 963
229 129
920 820
730 630
400 300
609 509
922 822
337 237
355 255
473 373
377 277
938 838
253 153
495 395
500 400
792 692
327 227
203 103
618 518
318 218
547 447
484 384
415 315
1031 931
913 813
496 396
424 324
489 389
602 502
740 640
399 299
387 287
880 780
397 297
476 376
1077 977
616 516
612 512
312 212
319 219
429 329
655 555
910 810
498 398
586 486
389 289
585 485
898 798
516 416
698 598
1052 952
149 49
994 894
672 572
458 358
797 697
121 21
870 770
747 647
825 725
144 44
642 542
783 683
314 214
461 361
987 887
914 814
145 45
331 231
194 94
108 8
382 282
265 165
182 82
596 496
419 319
799 699
726 626
952 852
246 146
559 459
641 541
635 535
974 874
414 314
825 725
1044 944
877 777
406 306
654 554
559 459
308 208
737 637
887 787
547 447
1076 976
508 408
1012 912
207 107
544 444
1062 962
103 3
665 565
401 301
507 407
264 164
957 857
537 437
417 317
752 652
198 98
864 764
918 818
141 41
700 600
837 737
388 288
276 176
1002 902
236 136
667 567
228 128
290 190
494 394
849 749
335 235
1008 908
142 42
376 276
924 824
848 748
784 684
692 592
1079 979
493 393
668 568
463 363
467 367
263 163
152 52
1083 983
742 642
279 179
435 335
116 16
226 126
578 478
230 130
359 259
683 583
968 868
229 129
395 295
852 752
696 596
267 167
171 71
956 856
722 622
740 640
964 864
870 770
744 644
531 431
105 5
295 195
465 365
548 448
529 429
801 701
164 64
1052 952
954 854
980 880
870 770
268 168
188 88
179 79
257 157
1061 961
468 368
572 472
521 421
317 217
819 719
809 709
371 271
247 147
1075 975
396 296
916 816
1009 909
1062 962
864 764
635 535
351 251
538 438
978 878
796 696
853 753
981 881
670 570
418 318
353 253
145 45
766 666
152 52
1031 931
596 496
533 433
413 313
910 810
238 138
778 678
434 334
223 123
1088 988
312 212
608 508
166 66
870 770
306 206
851 751
850 750
880 780
164 64
541 441
566 466
307 207
437 337
616 516
610 510
774 674
896 796
508 408
275 175
1020 920
537 437
673 573
1038 938
734 634
948 848
978 878
661 561
1090 990
818 718
926 826
1048 948
796 696
749 649
900 800
669 569
511 411
763 663
522 422
682 582
807 707
943 843
434 334
302 202
1086 986
802 702
594 494
679 579
250 150
825 725
662 562
903 803
480 380
440 340
932 832
256 156
1079 979
932 832
476 376
702 602
611 511
334 234
514 414
788 688
260 160
284 184
1082 982
1078 978
338 238
513 413
590 490
733 633
999 899
685 585
351 251
706 606
626 526
1063 963
997 897
450 350
139 39
342 242
757 657
639 539
552 452
839 739
638 538
367 267
931 831
265 165
560 460
277 177
285 185
820 720
1034 934
902 802
540 440
744 644
590 490
182 82
268 168
898 798
171 71
297 197
1077 977
273 173
558 458
181 81
304 204
335 235
903 803
212 112
239 139
203 103
499 399
368 268
520 420
979 879
1091 991
743 643
678 578
206 106
1072 972
222 122
277 177
544 444
498 398
362 262
448 348
791 691
596 496
1097 997
376 276
546 446
925 825
271 171
714 614
649 549
221 121
381 281
830 730
311 211
441 341
212 112
384 284
508 408
798 698
830 730
117 17
463 363
646 546
189 89
772 672
705 605
1074 974
1038 938
966 866
268 168
477 377
805 705
659 559
147 47
440 340
500 400
627 527
315 215
879 779
214 114
861 761
151 51
583 483
981 881
192 92
649 549
490 390
779 679
683 583
428 328
761 661
350 250
491 391
303 203
436 336
581 481
761 661
852 752
225 125
807 707
189 89
182 82
375 275
163 63
459 359
760 660
278 178
121 21
880 780
387 287
142 42
319 219
105 5
600 500
480 380
920 820
872 772
195 95
916 816
144 44
109 9
848 748
584 484
778 678
645 545
376 276
689 589
578 478
257 157
763 663
1001 901
694 594
877 777
857 757
174 74
1047 947
347 247
548 448
155 55
670 570
579 479
413 313
885 785
1081 981
1058 958
895 795
780 680
652 552
493 393
489 389
1044 944
380 280
696 596
964 864
719 619
736 636
711 611
612 512
952 852
992 892
383 283
284 184
399 299
1047 947
866 766
714 614
412 312
725 625
926 826
249 149
826 726
477 377
833 733
574 474
905 805
118 18
779 679
762 662
503 403
516 416
1064 964
101 1
437 337
630 530
641 541
852 752
578 478
122 22
469 369
1081 981
1046 946
877 777
921 821
1057 957
933 833
375 275
937 837
684 584
590 490
682 582
137 37
221 121
694 594
1051 951
229 129
768 668
358 258
218 118
346 246
419 319
462 362
996 896
855 755
621 521
604 504
1048 948
171 71
348 248
277 177
574 474
276 176
451 351
903 803
154 54
337 237
255 155
777 677
760 660
133 33
971 871
215 115
586 486
697 597
394 294
869 769
525 425
636 536
345 245
1056 956
482 382
441 341
471 371
284 184
808 708
334 234
644 544
669 569
894 794
316 216
487 387
637 537
838 738
184 84
620 520
910 810
381 281
757 657
602 502
133 33
191 91
259 159
603 503
620 520
1024 924
768 668
116 16
387 287
133 33
329 229
444 344
474 374
449 349
574 474
706 606
772 672
996 896
1015 915
695 595
611 511
541 441
223 123
202 102
669 569
152 52
299 199
754 654
496 396
810 710
815 715
534 434
159 59
345 245
710 610
136 36
1017 917
761 661
1027 927
513 413
370 270
113 13
217 117
470 370
616 516
500 400
315 215
295 195
316 216
1084 984
337 237
576 476
715 615
264 164
599 499
505 405
577 477
774 674
860 760
296 196
385 285
708 608
156 56
1007 907
1066 966
632 532
722 622
151 51
321 221
816 716
294 194
427 327
191 91
980 880
447 347
810 710
352 252
367 267
573 473
500 400
616 516
476 376
485 385
709 609
457 357
420 320
1058 958
296 196
765 665
638 538
892 792
1035 935
164 64
504 404
520 420
200 100
771 671
226 126
1068 968
955 855
977 877
194 94
277 177
831 731
623 523
353 253
239 139
108 8
252 152
493 393
832 732
643 543
346 246
448 348
665 565
418 318
840 740
589 489
1002 902
122 22
117 17
1098 998
1073 973
149 49
398 298
481 381
711 611
110 10
132 32
529 429
111 11
321 221
437 337
250 150
236 136
817 717
989 889
630 530
622 522
432 332
905 805
1042 942
128 28
665 565
1031 931
316 216
857 757
161 61
709 609
270 170
644 544
972 872
1005 905
744 644
695 595
308 208
346 246
780 680
213 113
797 697
275 175
739 639
256 156
779 679
344 244
1061 961
983 883
461 361
365 265
902 802
983 883
459 359
562 462
939 839
585 485
818 718
372 272
380 280
304 204
352 252
1084 984
380 280
509 409
202 102
498 398
715 615
1009 909
396 296
470 370
581 481
982 882
1056 956
314 214
330 230
866 766
359 259
135 35
1022 922
521 421
806 706
371 271
372 272
470 370
256 156
948 848
652 552
150 50
585 485
1076 976
636 536
370 270
170 70
896 796
1002 902
1063 963
552 452
479 379
135 35
1091 991
1047 947
651 551
478 378
997 897
157 57
407 307
452 352
521 421
769 669
174 74
802 702
488 388
241 141
659 559
558 458
1080 980
563 463
715 615
856 756
781 681
987 887
331 231
432 332
307 207
628 528
918 818
756 656
431 331
354 254
1079 979
887 787
545 445
595 495
448 348
470 370
824 724
110 10
501 401
300 200
746 646
427 327
768 668
117 17
342 242
474 374
402 302
855 755
961 861
1080 980
930 830
476 376
177 77
108 8
541 441
132 32
689 589
560 460
1090 990
904 804
289 189
123 23
968 868
969 869
1096 996
1043 943
463 363
815 715
337 237
728 628
520 420
173 73
665 565
299 199
314 214
138 38
433 333
309 209
826 726
427 327
275 175
1012 912
158 58
899 799
725 625
472 372
166 66
1076 976
269 169
220 120
575 475
767 667
304 204
288 188
190 90
128 28
596 496
804 704
101 1
749 649
574 474
846 746
549 449
797 697
352 252
812 712
432 332
389 289
387 287
725 625
289 189
1053 953
989 889
562 462
163 63
402 302
478 378
179 79
306 206
141 41
997 897
923 823
330 230
1008 908
482 382
765 665
675 575
136 36
160 60
832 732
629 529
909 809
577 477
166 66
390 290
391 291
189 89
691 591
1061 961
683 583
561 461
352 252
802 702
579 479
632 532
630 530
780 680
324 224
153 53
888 788
742 642
409 309
1100 1000
466 366
991 891
452 352
922 822
502 402
252 152
645 545
424 324
213 113
733 633
1067 967
367 267
554 454
481 381
823 723
372 272
114 14
606 506
120 20
519 419
408 308
561 461
744 644
626 526
813 713
1078 978
582 482
568 468
436 336
829 729
389 289
895 795
596 496
681 581
426 326
483 383
630 530
326 226
267 167
521 421
622 522
486 386
930 830
373 273
191 91
584 484
216 116
776 676
847 747
207 107
495 395
329 229
1058 958
1002 902
856 756
1062 962
362 262
205 105
803 703
184 84
611 511
1091 991
581 481
801 701
549 449
789 689
988 888
755 655
699 599
700 600
406 306
638 538
592 492
599 499
903 803
981 881
545 445
1081 981
416 316
573 473
989 889
483 383
885 785
779 679
865 765
673 573
591 491
689 589
689 589
580 480
224 124
245 145
841 741
724 624
998 898
1023 923
825 725
1015 915
782 682
332 232
231 131
1074 974
498 398
835 735
1006 906
778 678
853 753
740 640
412 312
744 644
890 790
312 212
401 301
223 123
1045 945
353 253
547 447
1043 943
297 197
118 18
127 27
1016 916
673 573
427 327
689 589
740 640
1034 934
715 615
309 209
570 470
629 529
755 655
999 899
388 288
115 15
501 401
692 592
940 840
192 92
733 633
675 575
807 707
914 814
524 424
454 354
782 682
227 127
294 194
474 374
955 855
666 566
290 190
694 594
828 728
1073 973
278 178
745 645
375 275
703 603
188 88
812 712
467 367
132 32
644 544
398 298
838 738
661 561
1063 963
1006 906
560 460
726 626
366 266
243 143
827 727
604 504
133 33
936 836
542 442
461 361
728 628
531 431
484 384
654 554
344 244
124 24
582 482
516 416
865 765
835 735
546 446
343 243
347 247
554 454
1013 913
1032 932
660 560
594 494
628 528
748 648
694 594
457 357
1035 935
696 596
562 462
888 788
721 621
636 536
760 660
859 759
664 564
300 200
402 302
666 566
1036 936
841 741
692 592
317 217
824 724
319 219
218 118
932 832
399 299
919 819
351 251
587 487
229 129
573 473
196 96
341 241
267 167
164 64
269 169
616 516
481 381
957 857
1076 976
318 218
867 767
590 490
937 837
604 504
507 407
807 707
303 203
442 342
487 387
575 475
835 735
275 175
806 706
886 786
435 335
271 171
140 40
332 232
921 821
988 888
231 131
966 866
259 159
1076 976
1078 978
353 253
153 53
719 619
949 849
742 642
578 478
560 460
119 19
318 218
330 230
318 218
553 453
767 667
436 336
1049 949
1031 931
189 89
688 588
588 488
549 449
668 568
666 566
626 526
733 5431
828 8955
123 8520
1100 9747
850 9017
624 7811
831 5031
365 9574
1066 7691
251 5737
653 7641
669 8529
793 6784
135 5783
864 8638
297 7294
311 5548
1097 7283
1065 6302
166 5713
887 9693
732 9709
644 8687
459 9448
727 9332
261 6335
219 7950
142 6310
536 6692
442 9842
273 6958
838 7768
589 8416
264 6257
993 9068
451 6930
773 8431
242 9726
752 5318
151 5505
305 9981
301 5991
159 5386
578 6741
316 9553
154 5338
195 6234
766 6313
953 6458
468 9663
447 7064
417 9285
1005 9515
643 9580
701 9939
598 9810
908 7300
537 9926
451 7023
695 6488
850 6045
127 5590
461 6280
674 7430
254 6847
112 7442
720 9573
902 6423
1013 7704
856 6931
358 7818
112 7111
483 7856
745 5397
890 7134
984 7676
1053 6153
597 6715
642 6416
1020 9062
451 8034
1082 8244
451 6654
305 5627
775 5352
1072 6731
538 5691
119 5189
491 9974
969 9779
781 9377
1049 9992
463 7678
980 5412
495 9286
412 8966
118 6004
195 8473
413 7817
278 9442
385 5572
494 5982
891 5967
244 6706
576 6363
216 5045
298 6276
140 7224
803 9627
529 8707
294 7631
810 8559
339 5560
626 5647
949 9576
987 7281
136 7350
627 6105
780 8928
861 8101
889 6034
857 6076
1061 8301
767 8396
493 9069
346 6681
1011 7246
652 5795
911 8056
717 6316
165 7908
447 5105
146 9940
950 9749
665 5437
433 6524
194 7277
648 6979
525 9970
718 7846
738 9605
563 6508
272 6336
184 5453
498 5662
854 5477
703 7128
807 7982
303 9929
775 5299
890 5978
919 8715
687 6326
779 9744
784 7953
813 8530
187 7723
970 8450
109 5583
127 7821
300 7375
422 5050
1077 5929
705 8955
1005 7143
468 5746
211 7526
695 5427
501 7633
1020 5179
503 6833
105 5602
151 8537
826 5861
948 8477
478 6260
716 7265
111 7596
224 5212
439 6221
1087 6305
480 6598
728 6720
240 6125
1053 5253
445 6527
954 8173
1037 9690
170 8705
668 6054
961 7471
376 6056
265 9999
1048 9626
303 8765
946 6151
436 9069
977 8759
107 7200
146 6087
558 9156
536 8251
697 6949
468 8203
249 9068
1044 9175
314 5419
819 8756
909 5579
1064 5392
733 8258
580 8031
712 9360
535 5331
771 8074
702 7851
147 9171
671 8858
202 6024
258 7941
396 7920
374 9955
812 7810
470 9866
562 6350
190 7849
144 8417
474 5160
849 6842
971 7432
258 7045
820 7499
142 8857
346 7247
497 6559
508 7904
1039 9414
1087 6984
272 6715
541 7938
383 5902
714 8237
469 6462
760 7876
130 9694
718 6859
222 6156
111 7116
635 7769
505 6195
781 6350
622 8754
198 7523
176 6606
948 7950
741 8418
851 8050
500 9506
670 8021
1081 7731
907 8386
929 6855
694 7725
351 9657
1087 7266
1043 9944
1064 6450
840 5828
661 5707
159 8825
663 8207
477 7232
222 6401
389 5190
739 6492
872 6561
422 6062
435 9019
635 5766
298 9190
969 9642
604 5855
721 5184
282 9295
1092 9846
765 7789
1057 6015
500 8624
524 8027
924 5219
587 9803
474 7543
427 6321
433 5954
110 6451
723 9407
581 8075
875 7068
516 5126
478 5508
602 6002
783 8864
933 5521
939 7340
1036 6750
177 7563
860 7090
584 5096
888 5271
360 8562
574 9202
787 5221
497 9748
787 7281
454 6806
439 8190
779 9972
905 5967
252 7716
499 5947
1068 8036
989 5628
586 8782
415 9796
803 8334
1019 8958
783 9424
534 7008
455 9997
151 7377
679 9207
493 5704
793 7847
199 9078
505 7451
236 7226
436 8004
274 8532
198 9752
990 9963
175 7979
842 6818
357 7507
173 9227
263 6685
655 6963
458 5875
788 7448
971 9670
1028 6434
892 7506
956 8656
288 7384
333 5916
1074 9180
706 8401
682 6157
640 8762
201 9609
1023 6435
627 6567
668 9163
758 5009
648 6296
637 5184
283 8916
625 6757
772 6552
1090 6921
822 8180
852 5289
810 8965
682 7202
1045 6909
1053 6277
487 6877
942 6530
250 7901
718 5644
162 7239
552 5467
1004 6433
810 7597
715 6421
233 5739
764 7972
260 6592
151 5741
808 9228
602 6861
238 9942
866 6347
444 8223
127 5754
882 7217
431 9422
297 9910
784 9333
443 9278
159 5721
543 8559
817 5949
623 7249
287 8735
1095 5387
548 8750
342 8536
213 5980
732 6583
510 7330
1093 5866
924 6397
104 7526
682 6012
791 8553
614 6705
338 5631
685 5181
436 9969
174 6303
124 5338
882 9565
1067 8252
1009 9125
1052 5162
237 7192
909 9951
1029 5658
652 7278
1090 5015
877 6732
1016 8851
1097 8394
1005 8579
410 5914
161 6756
400 6355
526 8684
1022 8480
771 8320
124 5481
278 7224
550 5355
450 9449
282 8191
120 5677
160 9115
501 9578
192 7877
233 7623
854 7200
755 9979
640 9050
1023 5927
852 7426
773 9406
893 9521
574 9907
690 9044
673 5362
773 7070
268 7306
771 7160
872 5635
533 7948
435 5401
751 8150
301 6858
283 8402
180 6252
426 7256
315 5219
752 8093
607 9122
1044 5408
144 9040
296 9243
737 8685
858 8029
229 5916
1021 6747
675 9115
101 7272
564 5265
504 6724
409 6895
877 9167
291 6209
855 8257
1089 5956
446 7554
470 5337
795 5726
389 9809
749 8361
194 5872
905 8205
894 7237
597 7345
1016 9550
614 9718
855 9751
616 6849
664 5257
171 7962
627 5774
936 9489
979 5925
1026 7538
1009 8186
747 9157
675 6231
187 9746
346 8675
219 9632
764 6379
461 5220
410 8011
796 9523
416 6996
906 9009
631 8024
258 5469
832 6885
376 6631
512 5835
410 6997
396 5519
332 5895
1082 8729
597 9140
798 7955
482 9695
766 9119
581 8434
685 6660
515 9135
746 7970
328 9532
815 5162
507 5151
231 6303
1011 6839
506 5941
1000 8942
956 6846
398 9479
294 6995
102 7046
276 7617
448 9231
426 5763
562 6092
353 8477
713 8184
285 9282
1085 5439
512 9399
165 8765
603 7203
795 5920
438 7691
972 5665
702 6419
371 9015
387 6741
361 7212
279 5221
452 9544
1001 7391
741 8191
430 6894
146 6321
912 5882
228 6852
659 8667
237 7430
875 5543
1087 8313
180 5515
398 5346
633 5190
533 7362
166 5773
905 5204
209 9548
838 9478
245 9227
1049 8452
603 7239
658 9872
184 8673
380 9747
901 5112
574 9069
654 5124
200 6415
564 9191
721 9405
795 9863
335 9587
920 9010
392 5068
144 7495
1091 9046
414 7660
650 6195
490 5200
536 7696
517 8839
363 8362
136 6825
369 9517
237 8495
528 6761
847 6411
174 5675
811 6125
382 7556
809 6797
192 8486
781 9697
474 9251
753 8053
669 9687
1065 5510
1087 8524
640 9124
854 7099
848 8056
971 7705
679 9778
805 8694
129 6503
860 7985
790 7083
164 7910
236 9709
952 6097
804 5459
605 7938
844 5855
817 6725
949 6061
114 6968
891 7821
555 9494
1093 8554
745 7464
539 8708
538 7582
231 7727
330 5336
673 5124
584 8936
1051 7178
339 9191
516 8637
322 5231
527 7334
327 5028
327 5629
289 9211
444 6899
778 6163
619 7470
1088 6811
164 9676
512 8821
393 9072
883 5262
1001 5858
699 9678
661 6294
790 8773
374 9939
687 8358
184 7549
1055 9040
325 5134
623 6080
827 6723
119 8336
878 8432
610 7237
231 7708
690 5939
415 9117
673 5086
998 9582
170 8949
625 6095
230 7375
409 6379
727 9115
712 8439
551 6848
666 8128
973 6886
747 7208
518 6350
967 6813
242 6159
912 7716
1063 7093
487 7620
138 5195
813 5359
287 9250
263 8104
711 8348
247 5361
696 7647
992 6365
397 6823
280 6308
1012 5981
122 6577
732 5797
630 6195
681 8513
672 6793
975 6447
181 6641
129 6142
598 5735
1094 6341
691 8569
754 7133
116 6909
351 5735
145 5747
1098 6749
532 7073
669 9861
357 8902
503 6017
104 5816
1009 5506
801 8642
306 6122
148 9146
425 9534
658 9622
601 5386
536 7362
285 5002
125 7182
293 8987
870 7170
194 8971
161 7156
578 5896
514 7736
171 9108
448 5984
350 6607
1069 5019
823 8114
895 9281
126 8697
977 7327
448 5481
708 6098
301 6832
571 7007
887 5493
774 9703
1035 8605
234 8377
1034 5219
960 5980
714 9262
1036 6074
951 5468
826 7422
835 8055
351 8641
511 6674
238 6572
411 9283
519 5916
153 7713
519 5313
976 5284
762 9612
522 6579
730 5838
1045 6092
296 7687
547 6706
419 7304
920 5384
461 9515
915 7587
878 9872
991 6455
142 8611
870 5020
660 6445
739 9947
251 7159
543 8629
370 6360
943 7858
241 7964
107 5014
561 8666
260 6597
531 6229
339 9644
797 9212
402 9091
237 7336
881 8568
858 6890
260 5906
611 7992
742 7889
564 5201
465 9514
1018 9638
599 7232
860 7389
851 6936
429 6976
1056 8657
505 9653
668 5028
1086 8959
671 5961
707 5539
712 6530
271 5159
129 7535
400 6169
109 8830
980 9372
1029 6011
583 6999
634 7412
664 6610
745 9148
743 9555
1064 5822
573 8372
508 9204
782 6762
380 9445
355 9275
309 5469
655 9740
770 5345
1088 6700
378 8304
324 5783
245 8996
195 8257
411 6245
878 9392
660 6671
229 9856
484 5626
995 7165
433 9514
747 6885
517 6192
817 6888
751 7351
600 9488
867 8542
368 6239
509 5965
496 7706
657 9020
535 6970
407 5936
389 9457
578 8115
432 9569
662 6265
1025 7988
888 8162
609 6694
1088 6854
572 7936
1035 7049
718 5431
794 8420
409 6567
413 7666
979 7667
304 6189
930 9224
949 8315
397 6406
953 8239
762 7383
109 9044
651 6210
371 8645
107 5275
198 7341
595 6755
278 7072
1021 9313
633 7999
161 5445
283 6169
709 7428
997 9770
644 8952
627 9102
612 5026
287 9605
827 6643
561 9704
1053 9911
696 8990
678 5093
810 8328
358 6970
575 5758
838 9365
867 8339
656 7764
497 8290
815 7268
869 6234
555 8457
602 5458
132 7826
117 8782
184 7080
871 5469
708 9615
1048 6956
441 8371
784 5720
785 5399
1045 6329
307 9702
617 7013
919 8189
166 8551
800 6191
766 6278
129 5377
215 6908
742 9000
618 6463
905 7707
369 7198
474 6835
616 9498
703 8505
749 9534
706 8869
863 6968
613 9924
257 7330
1076 9022
1030 5722
476 9916
748 8497
522 5849
247 9974
718 8497
753 9855
252 6422
347 5135
390 8928
390 6481
394 9366
276 5274
735 5737
514 6081
497 9314
272 7571
971 8216
308 8506
1076 5015
749 9923
130 8491
301 7992
877 6415
366 8373
376 8071
683 6891
417 6757
605 7661
1078 8799
1019 5308
790 6829
919 6291
1063 6731
1097 5232
741 6215
346 9500
842 6082
746 5959
183 9562
640 9314
441 8257
997 9586
802 8609
645 6642
814 9653
355 7406
957 7631
822 8156
479 5520
391 7095
873 8399
333 8209
165 5315
406 9866
1020 7142
1042 7470
697 5115
439 5250
786 8004
448 6968
426 9836
486 7031
872 9299
518 9775
857 8548
579 7975
793 8781
394 8946
723 5021
525 5686
266 7280
117 6576
374 7073
609 8119
962 8413
1000 7404
486 6247
1020 6502
1018 9338
1093 6043
138 8165
331 5117
612 9240
308 6482
1021 9948
843 5161
541 9191
769 8018
126 6450
228 7999
913 7946
904 6216
259 5967
689 6284
575 8866
193 7578
911 9248
401 9588
724 9466
450 8613
1051 9628
240 7298
927 9859
201 5105
800 9563
494 6480
980 8569
192 8323
793 5374
440 9463
461 8010
419 5480
196 8724
429 6181
1062 8173
391 7251
986 9853
295 9591
792 7223
960 6977
611 5093
965 9710
1024 7506
598 7639
495 9006
433 9280
713 9911
921 6781
865 8738
582 7750
444 9107
610 8285
968 7899
706 6208
406 6640
675 6193
841 6781
692 8643
1082 8525
712 9782
162 6576
455 5908
695 9179
162 9913
189 7746
446 8508
909 7064
923 8168
573 5409
238 7584
788 9258
1037 8850
967 6289
1005 5184
441 8895
403 5875
995 5645
668 9037
612 7843
894 8203
523 9998
187 8233
341 9307
1035 5337
569 6406
832 9709
1074 9318
843 7121
865 8408
794 7951
405 7683
786 5294
937 6248
487 8297
616 9933
978 8053
568 6256
877 5335
759 5380
959 8466
546 7010
1007 8696
666 6079
1035 6391
602 6369
236 9450
795 7577
739 9624
576 9190
534 7154
269 7666
1063 6224
875 5932
372 6766
216 8542
385 7359
395 6259
1001 9132
269 5807
891 8853
880 7477
555 5058
983 9351
346 5795
783 8890
235 8019
266 6265
244 8033
132 7315
200 8252
221 7929
964 7610
876 6971
811 9225
487 5436
842 7658
635 9493
1080 8558
820 9271
233 8146
810 6211
375 6406
859 9299
468 9381
601 7578
453 7049
168 5138
920 9583
1059 5024
327 6183
762 8463
1096 8064
1012 9384
262 5312
1005 5180
612 7133
115 6930
998 9832
427 8639
544 7896
497 5621
307 7284
607 6878
169 9972
680 9144
163 8833
1053 8649
466 5928
942 8761
557 5169
956 7503
558 9101
609 9801
956 7561
773 7445
469 5378
1002 9015
780 6711
399 8057
487 7674
925 7509
662 8803
565 6076
832 5288
919 8790
763 9278
786 8480
775 5790
693 8522
623 6848
649 9709
459 9004
547 9928
916 8648
655 7486
961 6367
1089 8487
492 7160
1017 8981
197 8145
437 9361
694 8581
679 8565
344 9676
497 6651
678 5640
349 9561
945 9711
657 8304
737 9526
749 5929
1084 8199
980 9666
166 5078
831 8863
620 9273
368 8077
571 6447
549 6677
445 7470
442 6726
510 6526
978 7434
744 6742
835 7650
438 8653
403 6046
686 5678
632 5609
552 9331
754 7201
251 7091
395 7957
311 7033
281 5614
124 8633
177 9818
1047 9281
1024 5711
554 8311
432 8076
1068 6942
499 6239
851 5037
744 7479
739 6149
670 6796
512 6049
380 9297
1070 9485
919 8963
638 7729
229 5116
203 7475
643 8908
537 9446
130 5982
196 5172
130 7807
231 5384
644 7761
522 9192
583 5296
384 8399
1089 5738
987 9142
215 7062
994 9636
378 8988
932 6822
451 5030
607 9046
1026 9341
654 6563
681 8918
575 6843
944 6489
1049 9658
731 7928
771 5749
398 5412
892 5405
124 8137
668 8354
983 7301
908 8489
988 7452
670 5544
292 7911
194 9861
915 9364
527 9897
172 9714
209 7074
264 8341
629 9918
781 7147
641 6544
687 9659
484 5343
268 7790
284 5775
492 8820
901 6918
850 6555
624 7256
643 7751
174 5680
316 9138
728 9047
301 9612
831 8587
773 5395
354 8287
829 7565
963 6730
926 6871
509 9219
950 7836
454 8163
699 9719
342 6999
294 7943
908 8115
435 8028
980 9558
228 6341
630 9933
985 5257
435 5233
297 8270
316 8885
331 9481
463 5608
582 7768
912 5772
936 5672
513 6166
900 5278
484 8821
107 6947
377 8421
523 5628
748 5771
726 7920
800 6849
223 5706
139 8153
929 5904
175 5101
941 9865
878 8293
414 8436
724 5929
525 6541
1047 5506
298 9015
203 7349
490 5289
445 6115
218 5767
1020 5933
799 7882
234 5790
806 7993
639 8896
723 7722
404 8660
912 8346
326 5930
406 8270
325 8067
131 7488
314 8495
278 7252
375 5345
444 6240
319 6779
1082 7855
944 8931
316 8981
817 6645
193 6827
263 6200
127 7551
337 8826
308 5084
635 5296
768 5237
855 9088
194 9242
823 7635
223 5555
632 6066
480 6725
596 8390
110 7466
707 9851
315 6891
466 5564
151 6038
840 8524
671 7589
527 8169
955 7624
505 5069
142 9217
854 7854
463 5262
725 6540
176 9167
350 6498
634 7006
986 8546
263 7693
488 5659
135 9781
416 8038
433 7757
1001 5883
622 7503
273 6228
1060 9990
421 7679
286 5758
306 7114
756 8180
657 5429
1059 9579
489 8189
801 7610
239 6365
713 5936
322 9955
294 6193
826 8613
223 5205
341 6120
898 8964
315 9506
596 7816
183 8704
629 8800
547 8078
217 7617
488 8199
545 7186
157 5860
888 8958
924 8582
752 8321
590 5943
306 6357
529 6463
821 6551
665 7044
1062 7032
389 9597
133 8722
272 6444
508 7752
784 5259
469 6822
538 9044
527 8041
428 9381
954 8074
932 6488
937 9150
996 5802
257 5341
793 7743
1038 5037
101 9001
489 8683
201 5968
1056 6115
803 6984
163 5604
865 7646
968 8664
827 5125
305 8734
118 6502
196 9989
629 8666
583 6338
712 6433
1099 5707
742 9834
1025 6490
738 8140
781 8682
301 6695
1098 7304
928 7372
965 7752
144 6541
140 7500
323 7491
688 5076
1018 8874
285 9050
538 6511
729 5620
1053 7954
448 7716
687 9962
327 9456
840 7293
605 5576
191 9357
266 8672
973 8372
178 6413
636 5654
208 8772
1064 7486
387 9213
548 9907
391 8472
232 8003
710 9432
350 9233
783 8279
871 8775
116 5594
291 6936
549 8206
895 7580
937 5043
1061 9892
1065 5884
672 5416
1094 9129
982 8736
641 7898
719 7703
573 8683
149 8887
316 6300
350 6113
361 6892
729 6204
290 6168
1064 7286
239 6706
511 5131
415 9990
921 6418
974 7608
786 5497
538 7840
366 9522
175 5862
566 5955
832 5885
770 5673
420 9881
102 9843
205 5920
429 6433
506 5841
429 7873
776 9521
284 7063
248 9427
678 8792
331 6783
1028 5330
204 6253
678 8657
183 5320
916 8903
974 6785
491 9180
668 5628
325 5182
957 7079
822 5402
253 8214
249 8257
549 7018
700 7592
1049 8625
766 5801
936 5764
251 5940
848 7734
735 7977
311 6114
654 7437
272 9152
309 5164
482 9449
1082 9873
798 9394
909 8562
487 8221
282 8149
851 7672
574 7371
884 7559
424 8405
1013 8035
112 8434
597 8645
601 7576
453 8314
579 9801
586 5719
310 8759
824 8338
124 8726
1017 7335
508 8710
292 6011
872 6960
1025 8178
153 8580
962 5288
837 8537
526 8319
865 5554
847 5834
250 9708
1021 8297
338 9273
847 9217
859 7103
848 6822
252 6993
936 6774
747 5898
671 9470
885 8001
1031 8052
1025 7410
419 8296
296 5243
748 9753
677 8381
718 5092
514 9505
767 8889
643 6834
820 8777
258 5532
571 8857
188 6486
221 8233
314 6484
788 6045
118 5883
974 8992
572 5882
709 6323
391 9805
133 8822
956 5393
566 5022
715 5739
387 5101
532 6403
581 6896
275 9903
1055 8335
435 9350
430 8458
572 7661
431 8165
105 7203
715 8287
123 7835
437 8720
482 6739
574 5923
973 8640
901 9323
783 9126
106 6815
243 5378
777 7926
412 7769
495 5842
932 5042
575 8806
269 8273
656 7992
531 8829
516 6774
349 6478
286 8671
550 6441
871 7735
500 9095
149 6548
178 5466
887 5738
470 9786
310 5642
483 7598
657 6963
910 9948
438 6070
117 6353
102 6378
369 6848
105 5243
1081 6941
629 9986
426 6626
728 5771
857 5206
220 8436
1015 7834
205 9670
163 9624
690 8044
426 8766
801 8040
457 8069
581 8405
378 8061
692 8066
109 5144
982 9088
685 6503
295 7161
202 6154
900 8779
642 8589
784 7594
969 6245
1072 7335
326 6393
766 5389
405 7516
816 7118
465 5584
332 9371
414 5213
310 9051
785 6248
435 8031
239 6382
728 7100
623 9278
634 7422
767 9345
269 7663
565 8563
178 9189
278 7099
312 7382
725 6478
331 7320
376 5571
867 6026
313 7483
199 8643
403 5494
738 9879
220 6931
307 7172
166 8669
553 9082
937 6095
343 7131
1092 5850
1009 7986
560 6205
146 7144
581 9961
816 6887
1039 8555
144 9383
618 9960
930 7438
102 5880
876 9522
235 6286
381 5826
883 5720
369 8107
814 6291
415 6736
976 5295
495 8996
286 9266
746 8236
357 9906
203 8994
898 6497
1061 7100
566 8469
277 7237
325 9250
1004 6047
987 6882
788 6260
821 6379
493 6147
255 7663
676 5161
979 5747
679 9573
1064 6949
715 5161
306 7393
834 7378
466 5023
370 7769
417 5190
483 5519
497 6761
771 9702
1017 6976
889 8396
1051 9829
207 6290
1088 9411
578 6848
262 6033
771 8579
705 9105
211 6102
110 5118
863 7736
951 6260
1038 5828
871 6622
564 9095
947 8889
737 7663
636 6015
683 5790
1034 5468
777 8927
714 5204
463 7584
1081 9422
235 9419
464 5342
766 6440
264 9795
683 7558
573 6805
592 9809
831 9513
161 8334
107 9183
207 8722
709 7172
1099 6686
909 5866
832 7274
822 9279
1061 7899
914 6930
674 7720
427 8330
1008 5230
476 6210
166 8366
509 8436
530 9798
1100 6697
489 7415
712 5064
511 5899
993 9095
470 6416
493 7387
460 6787
262 7424
149 6404
497 9282
905 9109
920 5613
879 6518
377 8694
799 5635
716 9317
837 7282
1018 8381
127 6429
789 6738
891 9918
978 6679
672 7828
547 6317
453 5650
565 8725
491 9977
351 9929
1051 7832
819 6962
422 5581
412 5580
250 9366
224 9903
677 9481
938 6771
914 8023
553 6667
188 7556
309 6248
271 8970
314 8877
136 6226
200 8125
870 8731
448 9773
580 8911
537 9008
812 7786
156 5068
672 6748
901 5099
635 8223
112 5596
1079 9676
308 8267
294 5365
114 9869
971 8797
685 9871
176 8506
380 7672
523 7247
987 6615
402 7807
1015 7439
187 6672
1036 8799
511 6161
826 6375
1053 7744
912 5570
584 5806
1099 6545
175 8360
709 9365
844 7424
369 5777
608 5496
472 8110
416 8061
163 7066
292 8779
1016 5786
190 8630
223 8985
786 9182
150 9478
535 8766
