
1000 730100
585 485
194 94
426 326
606 506
348 248
516 416
521 421
1092 992
422 322
749 649
895 795
337 237
143 43
557 457
945 845
915 815
1055 955
546 446
352 252
522 422
109 9
891 791
1001 901
459 359
222 122
767 667
194 94
698 598
838 738
107 7
674 574
644 544
815 715
434 334
982 882
866 766
467 367
1094 994
1084 984
993 893
399 299
733 633
533 433
231 131
782 682
528 428
172 72
800 700
974 874
717 617
238 138
974 874
956 856
820 720
245 145
519 419
1095 995
894 794
629 529
296 196
299 199
1097 997
377 277
216 116
197 97
1008 908
819 719
639 539
342 242
807 707
207 107
669 569
222 122
637 537
170 70
1031 931
198 98
826 726
700 600
587 487
745 645
872 772
367 267
613 513
1072 972
181 81
995 895
1043 943
313 213
158 58
848 748
403 303
587 487
864 764
1023 923
636 536
129 29
824 724
774 674
889 789
640 540
579 479
654 554
242 142
567 467
439 339
146 46
741 641
810 710
296 196
653 553
594 494
291 191
166 66
824 724
924 824
830 730
308 208
1088 988
811 711
190 90
900 800
440 340
414 314
649 549
389 289
296 196
501 401
965 865
566 466
778 678
789 689
670 570
933 833
1036 936
325 225
822 722
344 244
751 651
949 849
223 123
213 113
531 431
479 379
608 508
461 361
685 585
165 65
953 853
586 486
742 642
786 686
1092 992
386 286
825 725
989 889
386 286
124 24
912 812
591 491
959 859
991 891
763 663
190 90
188 88
281 181
279 179
314 214
287 187
117 17
719 619
572 472
361 261
518 418
946 846
519 419
292 192
456 356
361 261
782 682
614 514
406 306
986 886
301 201
630 530
485 385
949 849
1052 952
394 294
600 500
899 799
294 194
491 391
837 737
430 330
424 324
398 298
1092 992
890 790
324 224
375 275
360 260
926 826
197 97
172 72
310 210
966 866
749 649
1051 951
1019 919
848 748
163 63
785 685
1058 958
1056 956
904 804
664 564
618 518
283 183
528 428
500 400
637 537
821 721
446 346
307 207
253 153
423 323
1071 971
711 611
762 662
216 116
297 197
209 109
191 91
895 795
629 529
443 343
226 126
962 862
847 747
785 685
569 469
110 10
870 770
981 881
1034 934
1084 984
823 723
503 403
995 895
460 360
668 568
549 449
272 172
641 541
1058 958
372 272
483 383
977 877
408 308
459 359
1070 970
807 707
683 583
408 308
148 48
870 770
1030 930
130 30
669 569
308 208
103 3
411 311
120 20
200 100
709 609
1039 939
987 887
522 422
925 825
885 785
1030 930
470 370
1004 904
1089 989
341 241
1069 969
479 379
243 143
476 376
1072 972
1062 962
128 28
989 889
161 61
543 443
738 638
316 216
448 348
438 338
447 347
260 160
166 66
506 406
491 391
259 159
738 638
131 31
395 295
304 204
926 826
520 420
296 196
253 153
549 449
525 425
955 855
431 331
243 143
665 565
587 487
938 838
240 140
109 9
664 564
1018 918
715 615
633 533
235 135
332 232
664 564
1057 957
460 360
691 591
893 793
676 576
263 163
846 746
959 859
477 377
860 760
958 858
811 711
186 86
762 662
534 434
259 159
658 558
760 660
379 279
368 268
940 840
1048 948
835 735
415 315
674 574
776 676
226 126
441 341
1012 912
789 689
839 739
994 894
921 821
806 706
725 625
590 490
1017 917
578 478
301 201
771 671
1093 993
1032 932
249 149
999 899
152 52
337 237
859 759
287 187
367 267
572 472
356 256
872 772
883 783
198 98
217 117
1006 906
616 516
1011 911
280 180
735 635
125 25
325 225
480 380
923 823
812 712
264 164
366 266
443 343
316 216
832 732
548 448
602 502
641 541
840 740
764 664
676 576
1054 954
712 612
826 726
1002 902
872 772
554 454
631 531
511 411
1043 943
1073 973
850 750
803 703
427 327
950 850
1017 917
177 77
105 5
320 220
213 113
902 802
1013 913
503 403
891 791
281 181
1098 998
110 10
959 859
625 525
445 345
1019 919
531 431
768 668
775 675
627 527
933 833
562 462
538 438
391 291
623 523
705 605
1016 916
557 457
520 420
505 405
215 115
517 417
760 660
379 279
361 261
785 685
872 772
696 596
488 388
407 307
864 764
324 224
943 843
422 322
306 206
940 840
507 407
1075 975
739 639
501 401
952 852
191 91
642 542
427 327
160 60
430 330
857 757
282 182
182 82
703 603
737 637
893 793
193 93
715 615
714 614
833 733
236 136
964 864
287 187
116 16
202 102
963 863
1072 972
1087 987
263 163
406 306
601 501
134 34
577 477
940 840
592 492
800 700
221 121
806 706
180 80
887 787
238 138
205 105
760 660
934 834
329 229
898 798
927 827
410 310
548 448
709 609
330 230
790 690
932 832
661 561
589 489
679 579
686 586
160 60
391 291
488 388
765 665
409 309
760 660
507 407
802 702
300 200
253 153
413 313
706 606
1070 970
223 123
133 33
353 253
373 273
809 709
377 277
932 832
1097 997
208 108
140 40
988 888
327 227
581 481
960 860
383 283
1040 940
958 858
708 608
384 284
1090 990
811 711
690 590
950 850
906 806
339 239
152 52
1043 943
901 801
295 195
864 764
195 95
810 710
510 410
486 386
764 664
693 593
1000 900
150 50
212 112
594 494
1063 963
256 156
854 754
1036 936
558 458
1065 965
119 19
186 86
325 225
823 723
669 569
284 184
197 97
968 868
294 194
440 340
854 754
512 412
702 602
587 487
161 61
309 209
795 695
446 346
447 347
960 860
819 719
407 307
200 100
195 95
197 97
921 821
943 843
1041 941
845 745
921 821
386 286
687 587
592 492
301 201
216 116
765 665
631 531
627 527
524 424
912 812
353 253
524 424
526 426
559 459
513 413
443 343
1080 980
936 836
391 291
606 506
933 833
279 179
586 486
1016 916
109 9
530 430
675 575
696 596
1022 922
908 808
245 145
369 269
997 897
612 512
504 404
911 811
842 742
785 685
828 728
667 567
369 269
876 776
203 103
955 855
845 745
818 718
135 35
953 853
879 779
197 97
171 71
246 146
180 80
846 746
942 842
115 15
228 128
1065 965
1041 941
612 512
327 227
580 480
130 30
1058 958
442 342
765 665
705 605
291 191
631 531
1064 964
464 364
615 515
459 359
706 606
967 867
922 822
920 820
636 536
413 313
793 693
307 207
119 19
1011 911
435 335
408 308
201 101
530 430
1022 922
785 685
394 294
741 641
1010 910
213 113
510 410
241 141
350 250
790 690
646 546
800 700
829 729
659 559
709 609
581 481
820 720
603 503
1076 976
866 766
859 759
107 7
898 798
982 882
174 74
959 859
748 648
282 182
399 299
525 425
885 785
642 542
946 846
783 683
490 390
953 853
997 897
1038 938
516 416
189 89
937 837
724 624
347 247
281 181
393 293
978 878
244 144
1033 933
1038 938
680 580
567 467
352 252
580 480
307 207
1055 955
758 658
765 665
120 20
126 26
1054 954
664 564
447 347
549 449
859 759
126 26
546 446
621 521
114 14
401 301
757 657
421 321
810 710
713 613
1080 980
488 388
288 188
979 879
736 636
1090 990
303 203
288 188
532 432
1063 963
229 129
920 820
730 630
400 300
609 509
922 822
337 237
355 255
473 373
377 277
938 838
253 153
495 395
500 400
792 692
327 227
203 103
618 518
318 218
547 447
484 384
415 315
1031 931
913 813
496 396
424 324
489 389
602 502
740 640
399 299
387 287
880 780
397 297
476 376
1077 977
616 516
612 512
312 212
319 219
429 329
655 555
910 810
498 398
586 486
389 289
585 485
898 798
516 416
698 598
1052 952
149 49
994 894
672 572
458 358
797 697
121 21
870 770
747 647
825 725
144 44
642 542
783 683
314 214
461 361
987 887
914 814
145 45
331 231
194 94
108 8
382 282
265 165
182 82
596 496
419 319
799 699
726 626
952 852
246 146
559 459
641 541
635 535
974 874
414 314
825 725
1044 944
877 777
406 306
654 554
559 459
308 208
737 637
887 787
547 447
1076 976
508 408
1012 912
207 107
544 444
1062 962
103 3
665 565
401 301
507 407
264 164
957 857
537 437
417 317
752 652
198 98
864 764
918 818
141 41
700 600
837 737
388 288
276 176
1002 902
236 136
667 567
228 128
290 190
494 394
849 749
335 235
1008 908
142 42
376 276
924 824
848 748
784 684
692 592
1079 979
493 393
668 568
463 363
467 367
263 163
152 52
1083 983
742 642
279 179
435 335
116 16
226 126
578 478
230 130
359 259
683 583
968 868
229 129
395 295
852 752
696 596
267 167
171 71
956 856
722 622
740 640
964 864
870 770
744 644
531 431
105 5
295 195
465 365
548 448
529 429
801 701
164 64
1052 952
954 854
980 880
870 770
268 168
188 88
179 79
257 157
1061 961
468 368
572 472
521 421
317 217
819 719
809 709
371 271
247 147
1075 975
396 296
916 816
1009 909
1062 962
864 764
635 535
351 251
538 438
978 878
796 696
853 753
981 881
670 570
418 318
353 253
145 45
766 666
152 52
1031 931
596 496
533 433
413 313
910 810
238 138
778 678
434 334
223 123
1088 988
312 212
691 5983
823 8887
799 9735
901 8863
546 7478
684 6199
891 6497
125 7854
337 9993
715 5177
289 5626
131 5415
500 8792
1050 9487
945 6659
296 6970
639 5254
202 9633
388 5168
792 8165
1084 6877
1076 5363
777 9501
410 5099
763 6893
142 7076
900 5046
174 7803
646 6841
708 7397
392 6896
438 5584
622 8435
651 5254
132 7562
351 6800
282 6358
191 5621
125 6466
134 9287
565 5790
726 8835
214 6249
1006 8420
748 6357
835 9890
856 5164
1002 8718
235 5876
176 6618
1047 8062
757 7049
758 6747
361 6850
811 7632
330 5683
979 6869
556 6514
1005 7577
625 9625
683 7483
978 6873
891 8978
357 6727
1079 7049
212 5959
1090 9684
688 8381
916 6724
809 5671
224 5501
196 9190
494 8602
515 6847
372 7250
728 9054
229 6022
948 7043
354 5814
422 6257
302 5706
972 8215
948 8602
852 5134
301 7039
506 9069
188 7431
917 7614
645 8175
365 5798
1058 7116
690 5595
1065 9019
802 6522
883 8770
986 7494
602 9613
283 6397
153 6165
499 5240
839 8068
671 5765
837 9767
484 8083
1001 9092
990 8272
673 6717
205 8975
906 7287
622 6209
1062 9978
603 8615
538 7945
158 9480
673 6730
875 5180
355 6044
658 9049
908 5360
127 9199
634 8396
166 5031
107 6045
993 9849
419 8760
1068 8090
582 5918
112 8633
332 5688
151 5847
460 9013
803 8721
235 8895
1015 5996
123 5104
646 5540
350 6046
592 7050
430 9229
821 5934
730 7173
849 8660
1082 5604
753 9083
412 8978
262 9615
1001 6069
409 9656
430 6506
891 6777
111 7719
1070 8281
880 7639
409 8643
579 8724
841 5980
189 8296
453 5365
682 9920
511 9630
1022 6544
843 6994
403 7900
691 7263
743 5217
377 8348
471 6595
552 7490
866 7420
616 5573
371 5838
968 7884
803 5850
147 9212
628 7189
432 7729
1041 8064
1079 8490
994 8864
383 6045
887 8377
586 7133
684 6095
962 6093
366 5967
127 5343
575 7120
144 8763
949 7732
652 8491
335 7778
264 8910
312 9929
297 5244
575 6673
655 7057
391 7022
994 7594
331 7304
168 6950
326 9265
618 7688
833 7895
1013 7803
717 8760
419 7874
488 6426
477 7714
571 7400
181 6545
1005 5077
549 7560
543 6915
1097 8891
203 5471
194 5915
738 5584
942 8238
945 9498
178 7309
200 5390
457 5610
282 7793
1034 9297
163 5477
462 5616
579 7732
963 9460
519 6373
235 9459
1029 8716
977 9825
722 7210
499 7436
603 5679
392 5949
611 5061
693 6032
635 5964
332 7957
893 6287
763 9476
154 5206
498 9512
422 7684
345 8483
825 5662
604 6956
1088 6802
357 8941
760 8661
103 5018
468 9109
800 8852
602 7647
892 8939
827 5041
577 6383
1075 6296
454 5727
342 6232
1091 8928
303 5327
200 9906
490 7577
803 8813
954 8079
319 8521
546 7190
915 8637
761 6605
154 5405
198 8742
1021 7907
135 7104
781 8406
158 6243
505 9351
814 7163
762 5410
826 5716
629 5294
1015 9795
782 7990
1080 8943
1056 5831
1045 5849
719 6641
774 7590
844 7782
208 6507
113 6879
263 6957
648 5121
310 6833
662 8667
763 8859
721 7654
692 9534
396 9142
990 5755
986 5203
337 5140
522 6180
976 6023
133 8565
436 8504
525 7754
593 7462
517 5183
608 5188
835 7957
391 8160
691 9776
539 8305
255 5723
268 9227
764 9368
703 6697
797 8874
731 6843
905 9704
950 6637
1009 8399
156 9509
846 5271
313 8396
651 7846
768 5728
327 8936
709 8251
791 7108
766 9478
700 5676
240 8866
1063 5062
197 7595
887 9708
911 7314
125 7585
478 6562
935 7810
1076 8458
964 6817
559 6561
304 7439
1067 7761
991 6477
1020 9100
410 8754
413 9709
523 5679
850 7823
670 7259
299 9318
303 9801
477 5274
833 7774
1053 7611
230 5870
1069 7526
501 7304
497 9082
208 5243
831 8663
1083 9994
632 6651
172 5996
1019 8476
960 9057
1007 5273
1076 9377
1064 8197
371 6112
327 5899
644 5909
333 7261
874 8779
410 9963
711 5098
1038 7338
720 8223
1094 7236
389 6349
676 8079
522 5293
544 8444
408 5085
276 8069
885 9047
141 8537
159 6158
676 9332
860 8647
301 5752
759 8655
636 7462
604 7091
954 8291
204 5697
555 5874
543 7546
974 8057
355 5427
199 8161
186 7651
867 6278
1031 8171
1097 8575
236 7429
249 9830
1080 5204
376 6411
832 8181
361 8981
415 7437
149 8810
103 7158
949 8057
983 7235
548 7779
382 8589
672 5747
1090 9024
132 6581
560 5757
560 9450
370 6427
601 9727
427 8167
614 6948
303 8092
810 7038
393 9300
910 6654
1019 8514
915 9133
877 9820
565 8965
591 8734
1083 6871
603 6111
998 9484
894 7216
321 8524
456 5410
1018 10000
279 5356
1016 7550
869 5755
964 7781
336 7229
731 5408
982 9923
211 9783
959 5581
212 7799
756 6925
861 6594
299 9021
188 6316
200 7850
844 8965
829 8730
654 9169
273 5894
389 7452
932 9573
861 5305
1078 8814
235 9847
377 9127
1081 9777
259 7040
338 9579
212 5738
218 6939
198 7223
731 7116
676 8853
1041 6383
207 6344
569 5901
485 9223
882 6360
895 6214
840 9108
435 7022
1079 7393
890 5466
1047 9074
156 9033
121 6631
668 8435
161 8936
812 5316
649 8023
652 5182
236 7488
462 9988
466 6148
776 5740
455 7521
854 6447
1074 5427
552 9746
815 6627
406 7427
834 7782
124 9861
786 8100
635 8718
391 5448
511 8132
954 9246
1060 9435
810 9634
192 7762
338 8029
586 6908
144 6535
198 6688
221 7505
906 9623
127 9757
308 6081
729 6385
159 7472
693 7948
821 7749
176 9590
486 5011
1007 5901
131 6845
930 6978
383 6267
900 9336
681 8766
744 8818
695 7370
517 7946
393 6123
604 7703
490 6579
884 7288
838 5097
980 7696
779 6646
1083 7655
227 7162
894 9305
979 7256
528 6858
703 5529
238 6705
600 6901
475 6257
158 8316
460 6589
883 6942
790 8568
257 6281
900 9105
560 7801
242 7311
185 5717
586 6679
757 5512
1025 9873
845 8331
292 9686
149 8578
644 6623
662 7495
165 8283
162 8779
547 9370
160 8623
914 8034
873 9327
979 5398
214 6431
142 6456
342 5180
190 6410
380 5866
329 8466
824 7805
153 8615
192 5499
425 5229
210 5133
522 7634
233 8066
803 9722
323 8676
1092 5272
1015 6866
904 8942
754 8612
217 7783
1009 5521
436 8149
707 9512
1062 9050
837 5437
646 9090
949 7806
596 5720
238 7053
383 7698
302 5269
905 7044
320 9689
969 5117
728 5946
1020 7771
335 7394
517 7246
527 7103
668 7831
737 7464
564 5748
404 5261
229 5506
440 8662
698 7537
230 5923
326 9064
488 8475
996 5698
673 9864
252 7929
597 5634
378 7686
932 6262
1023 7180
241 9587
778 5872
840 8601
416 5146
285 9329
1058 5621
955 9744
840 7928
148 8556
149 6574
338 5600
989 8809
458 8100
750 9016
253 9369
154 9545
315 7914
580 6151
313 8962
360 9155
620 6588
885 8881
165 6865
961 8624
891 5683
219 8910
748 8189
120 6535
933 5554
706 8875
549 5769
1008 6951
1093 5491
718 6353
677 5940
781 8461
714 6849
711 6814
1005 5997
902 7766
576 6952
231 5064
992 9899
203 5059
1087 9566
421 7452
701 6204
516 6564
1025 6410
1034 9368
915 9717
815 9361
1017 8244
202 6356
756 8459
263 6907
921 5372
372 9983
669 8266
346 8477
476 5279
575 5364
1070 8857
536 9089
347 6742
355 8414
744 9920
799 8402
991 6706
797 6427
893 8638
922 5918
266 8557
692 7641
497 10000
452 7434
704 7428
111 8429
234 5713
215 5214
330 6176
274 5053
831 9516
1036 9138
567 7083
1046 5068
387 5900
1083 7618
240 5697
971 5666
450 5575
547 7539
1030 8249
134 7006
659 9348
381 6534
638 9239
1054 6680
125 6197
158 6706
317 8335
288 9945
775 9070
164 9584
276 5715
837 8932
1070 6060
793 7582
1010 9820
354 5043
227 5033
905 9982
571 6523
160 6633
559 8613
238 7894
536 7222
153 7376
596 7882
191 9618
471 7992
109 6101
129 8126
616 5428
783 9247
266 7110
194 8862
813 6286
546 9075
818 9095
446 5138
303 9999
414 5445
548 6537
225 6175
230 6075
942 6584
121 8983
914 6139
618 5103
1001 8808
146 9755
455 8455
1063 6377
584 9395
300 5938
994 5076
816 8047
714 5340
120 9256
953 6985
223 6146
210 8059
207 6066
984 5703
439 7689
423 5125
649 9003
257 9233
805 8065
523 6942
761 7872
217 6265
1015 8607
124 8609
466 6193
1098 6910
1051 5067
143 7298
290 6768
359 6426
297 9952
782 6992
901 8958
813 9812
759 5243
474 8202
805 8799
606 9523
641 9466
671 8442
676 7630
159 7616
709 5611
908 8828
945 9351
527 8319
308 7824
434 9901
170 9000
807 7763
933 9253
395 8214
916 9844
875 9057
845 8772
762 6208
817 9504
898 9065
799 7414
529 6171
440 5555
1004 5912
199 5712
626 9769
535 8880
327 7853
942 8196
812 8442
896 6762
552 7827
155 9184
356 9695
903 6034
948 5189
855 9872
487 8704
615 6083
134 7156
659 7566
182 5725
1025 6690
824 8731
694 5547
713 5655
706 8228
728 6258
433 8073
480 5536
514 8746
311 6861
206 6737
844 8822
317 5754
216 7779
195 6903
1035 7110
780 9054
650 7238
185 7617
576 6388
915 9524
539 5629
758 5684
544 6901
821 8384
654 9379
219 8128
435 8481
919 9758
413 9513
438 9707
223 8702
204 9359
216 6560
342 5656
160 6366
307 8895
257 7683
961 9788
594 9513
927 6079
306 8758
288 7642
456 5048
1063 8772
1017 5713
1051 8583
1019 5579
486 9466
211 7830
1004 7893
751 9627
429 7179
748 9111
584 5498
270 5254
448 6457
378 8938
528 6661
952 9148
206 9188
745 9338
1076 9045
701 5785
776 8754
661 7573
836 7094
699 9072
916 5646
997 7202
1028 7371
828 6748
644 9591
284 8113
390 6928
353 5650
393 9002
145 7361
1004 7677
549 9665
610 8239
1052 5877
742 8197
178 6509
591 7974
344 9170
360 5551
858 9569
751 7847
495 6716
218 8312
791 5520
119 5848
519 6281
172 7897
257 6504
298 9881
828 9353
671 5382
989 5824
1092 7817
468 5589
586 6581
866 7212
822 7361
633 7156
800 9744
1054 7986
695 7957
212 9079
461 6898
827 7561
588 5246
410 5113
1069 7884
271 5201
1088 9994
118 9874
497 9290
970 9186
205 5458
770 7665
342 6510
943 5040
1087 8400
625 8882
909 9756
332 7727
916 9242
395 9511
918 6493
180 5432
968 6767
551 5416
233 8430
408 9382
792 5566
921 9753
537 7446
482 6782
611 8289
334 8000
