
5000 501400
585 485
194 94
426 326
606 506
348 248
516 416
521 421
1092 992
422 322
749 649
895 795
337 237
143 43
557 457
945 845
915 815
1055 955
546 446
352 252
522 422
109 9
891 791
1001 901
459 359
222 122
767 667
194 94
698 598
838 738
107 7
674 574
644 544
815 715
434 334
982 882
866 766
467 367
1094 994
1084 984
993 893
399 299
733 633
533 433
231 131
782 682
528 428
172 72
800 700
974 874
717 617
238 138
974 874
956 856
820 720
245 145
519 419
1095 995
894 794
629 529
296 196
299 199
1097 997
377 277
216 116
197 97
1008 908
819 719
639 539
342 242
807 707
207 107
669 569
222 122
637 537
170 70
1031 931
198 98
826 726
700 600
587 487
745 645
872 772
367 267
613 513
1072 972
181 81
995 895
1043 943
313 213
158 58
848 748
403 303
587 487
864 764
1023 923
636 536
129 29
824 724
774 674
889 789
640 540
579 479
654 554
242 142
567 467
439 339
146 46
741 641
810 710
296 196
653 553
594 494
291 191
166 66
824 724
924 824
830 730
308 208
1088 988
811 711
190 90
900 800
440 340
414 314
649 549
389 289
296 196
501 401
965 865
566 466
778 678
789 689
670 570
933 833
1036 936
325 225
822 722
344 244
751 651
949 849
223 123
213 113
531 431
479 379
608 508
461 361
685 585
165 65
953 853
586 486
742 642
786 686
1092 992
386 286
825 725
989 889
386 286
124 24
912 812
591 491
959 859
991 891
763 663
190 90
188 88
281 181
279 179
314 214
287 187
117 17
719 619
572 472
361 261
518 418
946 846
519 419
292 192
456 356
361 261
782 682
614 514
406 306
986 886
301 201
630 530
485 385
949 849
1052 952
394 294
600 500
899 799
294 194
491 391
837 737
430 330
424 324
398 298
1092 992
890 790
324 224
375 275
360 260
926 826
197 97
172 72
310 210
966 866
749 649
1051 951
1019 919
848 748
163 63
785 685
1058 958
1056 956
904 804
664 564
618 518
283 183
528 428
500 400
637 537
821 721
446 346
307 207
253 153
423 323
1071 971
711 611
762 662
216 116
297 197
209 109
191 91
895 795
629 529
443 343
226 126
962 862
847 747
785 685
569 469
110 10
870 770
981 881
1034 934
1084 984
823 723
503 403
995 895
460 360
668 568
549 449
272 172
641 541
1058 958
372 272
483 383
977 877
408 308
459 359
1070 970
807 707
683 583
408 308
148 48
870 770
1030 930
130 30
669 569
308 208
103 3
411 311
120 20
200 100
709 609
1039 939
987 887
522 422
925 825
885 785
1030 930
470 370
1004 904
1089 989
341 241
1069 969
479 379
243 143
476 376
1072 972
1062 962
128 28
989 889
161 61
543 443
738 638
316 216
448 348
438 338
447 347
260 160
166 66
506 406
491 391
259 159
738 638
131 31
395 295
304 204
926 826
520 420
296 196
253 153
549 449
525 425
955 855
431 331
243 143
665 565
587 487
938 838
240 140
109 9
664 564
1018 918
715 615
633 533
235 135
332 232
664 564
1057 957
460 360
691 591
893 793
676 576
263 163
846 746
959 859
477 377
860 760
958 858
811 711
186 86
762 662
534 434
259 159
658 558
760 660
379 279
368 268
940 840
1048 948
835 735
415 315
674 574
776 676
226 126
441 341
1012 912
789 689
839 739
994 894
921 821
806 706
725 625
590 490
1017 917
578 478
301 201
771 671
1093 993
1032 932
249 149
999 899
152 52
337 237
859 759
287 187
367 267
572 472
356 256
872 772
883 783
198 98
217 117
1006 906
616 516
1011 911
280 180
735 635
125 25
325 225
480 380
923 823
812 712
264 164
366 266
443 343
316 216
832 732
548 448
602 502
641 541
840 740
764 664
676 576
1054 954
712 612
826 726
1002 902
872 772
554 454
631 531
511 411
1043 943
1073 973
850 750
803 703
427 327
950 850
1017 917
177 77
105 5
320 220
213 113
902 802
1013 913
503 403
891 791
281 181
1098 998
110 10
959 859
625 525
445 345
1019 919
531 431
768 668
775 675
627 527
933 833
562 462
538 438
391 291
623 523
705 605
1016 916
557 457
520 420
505 405
215 115
517 417
760 660
379 279
361 261
785 685
872 772
696 596
488 388
407 307
864 764
324 224
943 843
422 322
306 206
940 840
507 407
1075 975
739 639
501 401
952 852
191 91
642 542
427 327
160 60
430 330
857 757
282 182
182 82
703 603
737 637
893 793
193 93
715 615
714 614
833 733
236 136
964 864
287 187
116 16
202 102
963 863
1072 972
1087 987
263 163
406 306
601 501
134 34
577 477
940 840
592 492
800 700
221 121
806 706
180 80
887 787
238 138
205 105
760 660
934 834
329 229
898 798
927 827
410 310
548 448
709 609
330 230
790 690
932 832
661 561
589 489
679 579
686 586
160 60
391 291
488 388
765 665
409 309
760 660
507 407
802 702
300 200
253 153
413 313
706 606
1070 970
223 123
133 33
353 253
373 273
809 709
377 277
932 832
1097 997
208 108
140 40
988 888
327 227
581 481
960 860
383 283
1040 940
958 858
708 608
384 284
1090 990
811 711
690 590
950 850
906 806
339 239
152 52
1043 943
901 801
295 195
864 764
195 95
810 710
510 410
486 386
764 664
693 593
1000 900
150 50
212 112
594 494
1063 963
256 156
854 754
1036 936
558 458
1065 965
119 19
186 86
325 225
823 723
669 569
284 184
197 97
968 868
294 194
440 340
854 754
512 412
702 602
587 487
161 61
309 209
795 695
446 346
447 347
960 860
819 719
407 307
200 100
195 95
197 97
921 821
943 843
1041 941
845 745
921 821
386 286
687 587
592 492
301 201
216 116
765 665
631 531
627 527
524 424
912 812
353 253
524 424
526 426
559 459
513 413
443 343
1080 980
936 836
391 291
606 506
933 833
279 179
586 486
1016 916
109 9
530 430
675 575
696 596
1022 922
908 808
245 145
369 269
997 897
612 512
504 404
911 811
842 742
785 685
828 728
667 567
369 269
876 776
203 103
955 855
845 745
818 718
135 35
953 853
879 779
197 97
171 71
246 146
180 80
846 746
942 842
115 15
228 128
1065 965
1041 941
612 512
327 227
580 480
130 30
1058 958
442 342
765 665
705 605
291 191
631 531
1064 964
464 364
615 515
459 359
706 606
967 867
922 822
920 820
636 536
413 313
793 693
307 207
119 19
1011 911
435 335
408 308
201 101
530 430
1022 922
785 685
394 294
741 641
1010 910
213 113
510 410
241 141
350 250
790 690
646 546
800 700
829 729
659 559
709 609
581 481
820 720
603 503
1076 976
866 766
859 759
107 7
898 798
982 882
174 74
959 859
748 648
282 182
399 299
525 425
885 785
642 542
946 846
783 683
490 390
953 853
997 897
1038 938
516 416
189 89
937 837
724 624
347 247
281 181
393 293
978 878
244 144
1033 933
1038 938
680 580
567 467
352 252
580 480
307 207
1055 955
758 658
765 665
120 20
126 26
1054 954
664 564
447 347
549 449
859 759
126 26
546 446
621 521
114 14
401 301
757 657
421 321
810 710
713 613
1080 980
488 388
288 188
979 879
736 636
1090 990
303 203
288 188
532 432
1063 963
229 129
920 820
730 630
400 300
609 509
922 822
337 237
355 255
473 373
377 277
938 838
253 153
495 395
500 400
792 692
327 227
203 103
618 518
318 218
547 447
484 384
415 315
1031 931
913 813
496 396
424 324
489 389
602 502
740 640
399 299
387 287
880 780
397 297
476 376
1077 977
616 516
612 512
312 212
319 219
429 329
655 555
910 810
498 398
586 486
389 289
585 485
898 798
516 416
698 598
1052 952
149 49
994 894
672 572
458 358
797 697
121 21
870 770
747 647
825 725
144 44
642 542
783 683
314 214
461 361
987 887
914 814
145 45
331 231
194 94
108 8
382 282
265 165
182 82
596 496
419 319
799 699
726 626
952 852
246 146
559 459
641 541
635 535
974 874
414 314
825 725
1044 944
877 777
406 306
654 554
559 459
308 208
737 637
887 787
547 447
1076 976
508 408
1012 912
207 107
544 444
1062 962
103 3
665 565
401 301
507 407
264 164
957 857
537 437
417 317
752 652
198 98
864 764
918 818
141 41
700 600
837 737
388 288
276 176
1002 902
236 136
667 567
228 128
290 190
494 394
849 749
335 235
1008 908
142 42
376 276
924 824
848 748
784 684
692 592
1079 979
493 393
668 568
463 363
467 367
263 163
152 52
1083 983
742 642
279 179
435 335
116 16
226 126
578 478
230 130
359 259
683 583
968 868
229 129
395 295
852 752
696 596
267 167
171 71
956 856
722 622
740 640
964 864
870 770
744 644
531 431
105 5
295 195
465 365
548 448
529 429
801 701
164 64
1052 952
954 854
980 880
870 770
268 168
188 88
179 79
257 157
1061 961
468 368
572 472
521 421
317 217
819 719
809 709
371 271
247 147
1075 975
396 296
916 816
1009 909
1062 962
864 764
635 535
351 251
538 438
978 878
796 696
853 753
981 881
670 570
418 318
353 253
145 45
766 666
152 52
1031 931
596 496
533 433
413 313
910 810
238 138
778 678
434 334
223 123
1088 988
312 212
608 508
166 66
870 770
306 206
851 751
850 750
880 780
164 64
541 441
566 466
307 207
437 337
616 516
610 510
774 674
896 796
508 408
275 175
1020 920
537 437
673 573
1038 938
734 634
948 848
978 878
661 561
1090 990
818 718
926 826
1048 948
796 696
749 649
900 800
669 569
511 411
763 663
522 422
682 582
807 707
943 843
434 334
302 202
1086 986
802 702
594 494
679 579
250 150
825 725
662 562
903 803
480 380
440 340
932 832
256 156
1079 979
932 832
476 376
702 602
611 511
334 234
514 414
788 688
260 160
284 184
1082 982
1078 978
338 238
513 413
590 490
733 633
999 899
685 585
351 251
706 606
626 526
1063 963
997 897
450 350
139 39
342 242
757 657
639 539
552 452
839 739
638 538
367 267
931 831
265 165
560 460
277 177
285 185
820 720
1034 934
902 802
540 440
744 644
590 490
182 82
268 168
898 798
171 71
297 197
1077 977
273 173
558 458
181 81
304 204
335 235
903 803
212 112
239 139
203 103
499 399
368 268
520 420
979 879
1091 991
743 643
678 578
206 106
1072 972
222 122
277 177
544 444
498 398
362 262
448 348
791 691
596 496
1097 997
376 276
546 446
925 825
271 171
714 614
649 549
221 121
381 281
830 730
311 211
441 341
212 112
384 284
508 408
798 698
830 730
117 17
463 363
646 546
189 89
772 672
705 605
1074 974
1038 938
966 866
268 168
477 377
805 705
659 559
147 47
440 340
500 400
627 527
315 215
879 779
214 114
861 761
151 51
583 483
981 881
192 92
649 549
490 390
779 679
683 583
428 328
761 661
350 250
491 391
303 203
436 336
581 481
761 661
852 752
225 125
807 707
189 89
182 82
375 275
163 63
459 359
760 660
278 178
121 21
880 780
387 287
142 42
319 219
105 5
600 500
480 380
920 820
872 772
195 95
916 816
144 44
109 9
848 748
584 484
778 678
645 545
376 276
689 589
578 478
257 157
763 663
1001 901
694 594
877 777
857 757
174 74
1047 947
347 247
548 448
155 55
670 570
579 479
413 313
885 785
1081 981
1058 958
895 795
780 680
652 552
493 393
489 389
1044 944
380 280
696 596
964 864
719 619
736 636
711 611
612 512
952 852
992 892
383 283
284 184
399 299
1047 947
866 766
714 614
412 312
725 625
926 826
249 149
826 726
477 377
833 733
574 474
905 805
118 18
779 679
762 662
503 403
516 416
1064 964
101 1
437 337
630 530
641 541
852 752
578 478
122 22
469 369
1081 981
1046 946
877 777
921 821
1057 957
933 833
375 275
937 837
684 584
590 490
682 582
137 37
221 121
694 594
1051 951
229 129
768 668
358 258
218 118
346 246
419 319
462 362
996 896
855 755
621 521
604 504
1048 948
171 71
348 248
277 177
574 474
276 176
451 351
903 803
154 54
337 237
255 155
777 677
760 660
133 33
971 871
215 115
586 486
697 597
394 294
869 769
525 425
636 536
345 245
1056 956
482 382
441 341
471 371
284 184
808 708
334 234
644 544
669 569
894 794
316 216
487 387
637 537
838 738
184 84
620 520
910 810
381 281
757 657
602 502
133 33
191 91
259 159
603 503
620 520
1024 924
768 668
116 16
387 287
133 33
329 229
444 344
474 374
449 349
574 474
706 606
772 672
996 896
1015 915
695 595
611 511
541 441
223 123
202 102
669 569
152 52
299 199
754 654
496 396
810 710
815 715
534 434
159 59
345 245
710 610
136 36
1017 917
761 661
1027 927
513 413
370 270
113 13
217 117
470 370
616 516
500 400
315 215
295 195
316 216
1084 984
337 237
576 476
715 615
264 164
599 499
505 405
577 477
774 674
860 760
296 196
385 285
708 608
156 56
1007 907
1066 966
632 532
722 622
151 51
321 221
816 716
294 194
427 327
191 91
980 880
447 347
810 710
352 252
367 267
573 473
500 400
616 516
476 376
485 385
709 609
457 357
420 320
1058 958
296 196
765 665
638 538
892 792
1035 935
164 64
504 404
520 420
200 100
771 671
226 126
1068 968
955 855
977 877
194 94
277 177
831 731
623 523
353 253
239 139
108 8
252 152
493 393
832 732
643 543
346 246
448 348
665 565
418 318
840 740
589 489
1002 902
122 22
117 17
1098 998
1073 973
149 49
398 298
481 381
711 611
110 10
132 32
529 429
111 11
321 221
437 337
250 150
236 136
817 717
989 889
630 530
622 522
432 332
905 805
1042 942
128 28
665 565
1031 931
316 216
857 757
161 61
709 609
270 170
644 544
972 872
1005 905
744 644
695 595
308 208
346 246
780 680
213 113
797 697
275 175
739 639
256 156
779 679
344 244
1061 961
983 883
461 361
365 265
902 802
983 883
459 359
562 462
939 839
585 485
818 718
372 272
380 280
304 204
352 252
1084 984
380 280
509 409
202 102
498 398
715 615
1009 909
396 296
470 370
581 481
982 882
1056 956
314 214
330 230
866 766
359 259
135 35
1022 922
521 421
806 706
371 271
372 272
470 370
256 156
948 848
652 552
150 50
585 485
1076 976
636 536
370 270
170 70
896 796
1002 902
1063 963
552 452
479 379
135 35
1091 991
1047 947
651 551
478 378
997 897
157 57
407 307
452 352
521 421
769 669
174 74
802 702
488 388
241 141
659 559
558 458
1080 980
563 463
715 615
856 756
781 681
987 887
331 231
432 332
307 207
628 528
918 818
756 656
431 331
354 254
1079 979
887 787
545 445
595 495
448 348
470 370
824 724
110 10
501 401
300 200
746 646
427 327
768 668
117 17
342 242
474 374
402 302
855 755
961 861
1080 980
930 830
476 376
177 77
108 8
541 441
132 32
689 589
560 460
1090 990
904 804
289 189
123 23
968 868
969 869
1096 996
1043 943
463 363
815 715
337 237
728 628
520 420
173 73
665 565
299 199
314 214
138 38
433 333
309 209
826 726
427 327
275 175
1012 912
158 58
899 799
725 625
472 372
166 66
1076 976
269 169
220 120
575 475
767 667
304 204
288 188
190 90
128 28
596 496
804 704
101 1
749 649
574 474
846 746
549 449
797 697
352 252
812 712
432 332
389 289
387 287
725 625
289 189
1053 953
989 889
562 462
163 63
402 302
478 378
179 79
306 206
141 41
997 897
923 823
330 230
1008 908
482 382
765 665
675 575
136 36
160 60
832 732
629 529
909 809
577 477
166 66
390 290
391 291
189 89
691 591
1061 961
683 583
561 461
352 252
802 702
579 479
632 532
630 530
780 680
324 224
153 53
888 788
742 642
409 309
1100 1000
466 366
991 891
452 352
922 822
502 402
252 152
645 545
424 324
213 113
733 633
1067 967
367 267
554 454
481 381
823 723
372 272
114 14
606 506
120 20
519 419
408 308
561 461
744 644
626 526
813 713
1078 978
582 482
568 468
436 336
829 729
389 289
895 795
596 496
681 581
426 326
483 383
630 530
326 226
267 167
521 421
622 522
486 386
930 830
373 273
191 91
584 484
216 116
776 676
847 747
207 107
495 395
329 229
1058 958
1002 902
856 756
1062 962
362 262
205 105
803 703
184 84
611 511
1091 991
581 481
801 701
549 449
789 689
988 888
755 655
699 599
700 600
406 306
638 538
592 492
599 499
903 803
981 881
545 445
1081 981
416 316
573 473
989 889
483 383
885 785
779 679
865 765
673 573
591 491
689 589
689 589
580 480
224 124
245 145
841 741
724 624
998 898
1023 923
825 725
1015 915
782 682
332 232
231 131
1074 974
498 398
835 735
1006 906
778 678
853 753
740 640
412 312
744 644
890 790
312 212
401 301
223 123
1045 945
353 253
547 447
1043 943
297 197
118 18
127 27
1016 916
673 573
427 327
689 589
740 640
1034 934
715 615
309 209
570 470
629 529
755 655
999 899
388 288
115 15
501 401
692 592
940 840
192 92
733 633
675 575
807 707
914 814
524 424
454 354
782 682
227 127
294 194
474 374
955 855
666 566
290 190
694 594
828 728
1073 973
278 178
745 645
375 275
703 603
188 88
812 712
467 367
132 32
644 544
398 298
838 738
661 561
1063 963
1006 906
560 460
726 626
366 266
243 143
827 727
604 504
133 33
936 836
542 442
461 361
728 628
531 431
484 384
654 554
344 244
124 24
582 482
516 416
865 765
835 735
546 446
343 243
347 247
554 454
1013 913
1032 932
660 560
594 494
628 528
748 648
694 594
457 357
1035 935
696 596
562 462
888 788
721 621
636 536
760 660
859 759
664 564
300 200
402 302
666 566
1036 936
841 741
692 592
317 217
824 724
319 219
218 118
932 832
399 299
919 819
351 251
587 487
229 129
573 473
196 96
341 241
267 167
164 64
269 169
616 516
481 381
957 857
1076 976
318 218
867 767
590 490
937 837
604 504
507 407
807 707
303 203
442 342
487 387
575 475
835 735
275 175
806 706
886 786
435 335
271 171
140 40
332 232
921 821
988 888
231 131
966 866
259 159
1076 976
1078 978
353 253
153 53
719 619
949 849
742 642
578 478
560 460
119 19
318 218
330 230
318 218
553 453
767 667
436 336
1049 949
1031 931
189 89
688 588
588 488
549 449
668 568
666 566
626 526
372 272
960 860
983 883
104 4
831 731
872 772
180 80
834 734
313 213
359 259
277 177
370 270
972 872
106 6
726 626
524 424
1040 940
304 204
250 150
413 313
479 379
259 159
933 833
305 205
617 517
125 25
824 724
1051 951
1073 973
821 721
681 581
735 635
939 839
393 293
372 272
812 712
512 412
510 410
939 839
565 465
592 492
466 366
653 553
174 74
818 718
123 23
838 738
516 416
939 839
864 764
490 390
149 49
688 588
917 817
623 523
607 507
730 630
252 152
870 770
356 256
846 746
662 562
149 49
595 495
469 369
514 414
637 537
178 78
215 115
1012 912
315 215
159 59
1071 971
359 259
702 602
358 258
651 551
941 841
140 40
237 137
594 494
690 590
352 252
483 383
258 158
969 869
172 72
1039 939
277 177
382 282
767 667
980 880
583 483
579 479
915 815
554 454
119 19
830 730
845 745
656 556
439 339
295 195
714 614
509 409
402 302
680 580
419 319
199 99
770 670
1013 913
613 513
898 798
666 566
418 318
127 27
890 790
422 322
444 344
745 645
180 80
310 210
568 468
941 841
1022 922
1025 925
279 179
621 521
447 347
1075 975
331 231
369 269
697 597
1029 929
707 607
578 478
1003 903
1070 970
410 310
784 684
323 223
331 231
110 10
773 673
945 845
448 348
1005 905
332 232
158 58
827 727
193 93
697 597
859 759
497 397
1012 912
639 539
1006 906
1007 907
143 43
992 892
176 76
799 699
652 552
508 408
770 670
461 361
771 671
889 789
453 353
629 529
937 837
290 190
112 12
980 880
989 889
336 236
1012 912
815 715
477 377
818 718
156 56
539 439
685 585
914 814
952 852
1002 902
815 715
758 658
521 421
510 410
430 330
512 412
151 51
190 90
940 840
778 678
797 697
1051 951
948 848
137 37
926 826
693 593
298 198
837 737
441 341
311 211
374 274
234 134
840 740
947 847
439 339
590 490
975 875
195 95
500 400
535 435
703 603
837 737
574 474
960 860
226 126
410 310
1073 973
648 548
1073 973
1084 984
681 581
760 660
888 788
186 86
729 629
735 635
899 799
1041 941
575 475
156 56
1059 959
472 372
180 80
750 650
1017 917
1064 964
191 91
835 735
883 783
782 682
873 773
251 151
812 712
383 283
755 655
873 773
1053 953
743 643
379 279
998 898
801 701
917 817
806 706
369 269
247 147
831 731
455 355
607 507
200 100
941 841
598 498
307 207
361 261
852 752
691 591
418 318
730 630
226 126
474 374
253 153
1060 960
201 101
1017 917
660 560
506 406
843 743
859 759
916 816
718 618
1080 980
1081 981
101 1
741 641
182 82
231 131
986 886
1020 920
477 377
634 534
565 465
553 453
853 753
497 397
942 842
151 51
647 547
401 301
680 580
297 197
854 754
1010 910
137 37
311 211
648 548
951 851
996 896
142 42
756 656
1019 919
637 537
130 30
178 78
774 674
640 540
1079 979
697 597
864 764
414 314
1037 937
945 845
756 656
461 361
690 590
1030 930
437 337
754 654
1097 997
941 841
743 643
910 810
752 652
198 98
732 632
914 814
927 827
998 898
759 659
337 237
156 56
336 236
197 97
497 397
404 304
568 468
871 771
260 160
780 680
268 168
444 344
289 189
661 561
223 123
732 632
883 783
766 666
1091 991
335 235
875 775
171 71
665 565
427 327
1006 906
924 824
704 604
101 1
333 233
1048 948
793 693
951 851
309 209
880 780
379 279
703 603
331 231
480 380
775 675
184 84
470 370
784 684
914 814
857 757
376 276
705 605
338 238
404 304
810 710
458 358
1031 931
394 294
979 879
842 742
592 492
137 37
181 81
104 4
447 347
807 707
517 417
231 131
682 582
760 660
901 801
189 89
295 195
555 455
503 403
403 303
347 247
780 680
456 356
1070 970
727 627
1034 934
958 858
1051 951
903 803
504 404
336 236
546 446
672 572
449 349
585 485
193 93
686 586
772 672
848 748
258 158
335 235
872 772
959 859
991 891
888 788
632 532
445 345
721 621
961 861
447 347
442 342
327 227
879 779
655 555
695 595
116 16
1063 963
403 303
360 260
1041 941
466 366
933 833
935 835
290 190
833 733
722 622
934 834
445 345
542 442
993 893
873 773
292 192
980 880
530 430
973 873
260 160
893 793
867 767
273 173
270 170
502 402
910 810
160 60
418 318
728 628
790 690
119 19
324 224
246 146
152 52
785 685
511 411
238 138
303 203
693 593
885 785
302 202
319 219
600 500
161 61
189 89
1019 919
533 433
291 191
163 63
811 711
614 514
394 294
965 865
1037 937
493 393
353 253
369 269
203 103
211 111
416 316
714 614
725 625
372 272
739 639
1073 973
741 641
709 609
239 139
336 236
145 45
596 496
416 316
124 24
318 218
971 871
393 293
327 227
847 747
520 420
979 879
950 850
733 633
227 127
110 10
270 170
456 356
324 224
765 665
822 722
636 536
289 189
923 823
697 597
703 603
386 286
492 392
122 22
358 258
1057 957
871 771
636 536
920 820
321 221
239 139
381 281
666 566
338 238
329 229
631 531
425 325
549 449
904 804
835 735
886 786
770 670
1083 983
746 646
947 847
372 272
488 388
705 605
732 632
494 394
353 253
608 508
505 405
637 537
237 137
1055 955
383 283
577 477
778 678
1069 969
759 659
792 692
806 706
1063 963
886 786
929 829
413 313
738 638
243 143
306 206
813 713
285 185
344 244
287 187
589 489
229 129
944 844
400 300
996 896
214 114
702 602
405 305
310 210
299 199
1030 930
1016 916
792 692
939 839
557 457
999 899
341 241
552 452
1050 950
285 185
329 229
661 561
312 212
948 848
322 222
291 191
132 32
930 830
847 747
960 860
969 869
973 873
345 245
749 649
675 575
691 591
918 818
1074 974
304 204
1074 974
684 584
552 452
922 822
497 397
298 198
450 350
1042 942
697 597
1042 942
113 13
999 899
492 392
475 375
443 343
427 327
856 756
579 479
487 387
166 66
1024 924
1050 950
288 188
564 464
168 68
386 286
652 552
673 573
266 166
394 294
535 435
237 137
114 14
657 557
897 797
523 423
354 254
527 427
400 300
195 95
531 431
815 715
467 367
503 403
297 197
553 453
333 233
835 735
249 149
101 1
162 62
245 145
138 38
882 782
169 69
948 848
525 425
556 456
910 810
590 490
978 878
779 679
603 503
561 461
408 308
944 844
898 798
170 70
537 437
699 599
898 798
988 888
136 36
495 395
683 583
833 733
512 412
895 795
295 195
468 368
978 878
194 94
488 388
214 114
538 438
146 46
632 532
895 795
103 3
683 583
368 268
421 321
517 417
814 714
377 277
432 332
329 229
357 257
545 445
1006 906
480 380
401 301
1074 974
377 277
348 248
751 651
533 433
318 218
1100 1000
209 109
974 874
658 558
1039 939
488 388
860 760
221 121
573 473
472 372
911 811
328 228
866 766
308 208
406 306
426 326
656 556
672 572
621 521
150 50
464 364
853 753
560 460
177 77
236 136
366 266
558 458
327 227
884 784
602 502
748 648
437 337
883 783
131 31
1060 960
729 629
237 137
315 215
691 591
453 353
975 875
374 274
540 440
443 343
363 263
858 758
140 40
938 838
935 835
578 478
1043 943
695 595
849 749
355 255
363 263
431 331
697 597
462 362
105 5
184 84
1099 999
116 16
261 161
559 459
135 35
320 220
991 891
116 16
559 459
965 865
1096 996
819 719
692 592
392 292
154 54
275 175
1085 985
561 461
501 401
401 301
398 298
859 759
559 459
815 715
177 77
307 207
711 611
229 129
259 159
781 681
567 467
361 261
837 737
993 893
995 895
499 399
149 49
477 377
482 382
289 189
385 285
460 360
488 388
114 14
1072 972
828 728
365 265
414 314
829 729
325 225
910 810
634 534
1073 973
1014 914
918 818
194 94
395 295
649 549
632 532
774 674
158 58
534 434
836 736
311 211
287 187
1086 986
996 896
963 863
1098 998
902 802
1097 997
379 279
576 476
131 31
359 259
910 810
575 475
1068 968
594 494
287 187
230 130
891 791
251 151
290 190
739 639
510 410
955 855
692 592
580 480
986 886
578 478
975 875
486 386
863 763
772 672
452 352
461 361
158 58
994 894
915 815
560 460
662 562
248 148
671 571
760 660
422 322
728 628
565 465
429 329
518 418
1075 975
298 198
101 1
654 554
607 507
756 656
850 750
208 108
209 109
553 453
1015 915
1009 909
800 700
676 576
175 75
746 646
996 896
214 114
329 229
413 313
185 85
792 692
244 144
859 759
636 536
743 643
1019 919
562 462
616 516
960 860
573 473
1004 904
125 25
1059 959
125 25
763 663
711 611
309 209
144 44
664 564
822 722
333 233
1080 980
578 478
663 563
816 716
772 672
716 616
1014 914
207 107
641 541
1079 979
982 882
566 466
242 142
1071 971
359 259
176 76
135 35
986 886
643 543
598 498
789 689
250 150
821 721
542 442
242 142
236 136
630 530
136 36
603 503
137 37
550 450
444 344
348 248
650 550
699 599
455 355
1019 919
1080 980
736 636
573 473
281 181
1057 957
973 873
424 324
254 154
959 859
527 427
670 570
704 604
394 294
413 313
360 260
463 363
774 674
694 594
439 339
913 813
359 259
929 829
482 382
149 49
760 660
891 791
530 430
654 554
860 760
599 499
782 682
326 226
764 664
445 345
458 358
532 432
214 114
858 758
242 142
164 64
119 19
943 843
853 753
737 637
263 163
1041 941
221 121
1065 965
194 94
548 448
498 398
957 857
687 587
1068 968
198 98
451 351
242 142
858 758
403 303
451 351
1068 968
1080 980
633 533
762 662
1082 982
457 357
668 568
1014 914
619 519
648 548
377 277
823 723
722 622
123 23
617 517
270 170
820 720
451 351
735 635
213 113
155 55
883 783
363 263
866 766
385 285
627 527
289 189
306 206
728 628
744 644
107 7
358 258
390 290
961 861
755 655
828 728
487 387
169 69
741 641
228 128
842 742
492 392
841 741
245 145
893 793
151 51
902 802
212 112
997 897
353 253
362 262
440 340
293 193
1032 932
982 882
917 817
231 131
1065 965
582 482
580 480
673 573
824 724
543 443
939 839
303 203
600 500
1065 965
846 746
175 75
911 811
907 807
473 373
905 805
705 605
613 513
352 252
572 472
272 172
897 797
494 394
790 690
277 177
395 295
198 98
884 784
477 377
632 532
586 486
255 155
955 855
210 110
390 290
984 884
230 130
273 173
455 355
178 78
942 842
814 714
333 233
733 633
201 101
577 477
786 686
219 119
836 736
818 718
1030 930
115 15
800 700
572 472
169 69
428 328
707 607
893 793
979 879
299 199
1016 916
1099 999
1060 960
277 177
508 408
625 525
779 679
1048 948
238 138
598 498
285 185
595 495
882 782
990 890
149 49
1006 906
553 453
434 334
730 630
485 385
529 429
499 399
953 853
438 338
645 545
620 520
751 651
929 829
865 765
581 481
259 159
199 99
1100 1000
780 680
279 179
187 87
817 717
902 802
985 885
990 890
132 32
939 839
938 838
439 339
286 186
983 883
570 470
167 67
285 185
644 544
1021 921
457 357
476 376
557 457
1086 986
544 444
1034 934
742 642
271 171
252 152
745 645
159 59
146 46
716 616
781 681
159 59
143 43
1087 987
334 234
453 353
203 103
630 530
596 496
1058 958
489 389
713 613
1031 931
938 838
679 579
185 85
232 132
186 86
1008 908
669 569
872 772
579 479
777 677
783 683
443 343
500 400
803 703
470 370
239 139
982 882
444 344
246 146
487 387
216 116
1009 909
860 760
639 539
507 407
404 304
547 447
755 655
488 388
478 378
141 41
192 92
758 658
962 862
219 119
511 411
128 28
462 362
557 457
497 397
298 198
390 290
117 17
252 152
532 432
711 611
421 321
273 173
527 427
237 137
305 205
1046 946
444 344
465 365
663 563
575 475
404 304
1082 982
147 47
1020 920
794 694
902 802
191 91
166 66
1061 961
878 778
744 644
844 744
209 109
564 464
1059 959
413 313
1069 969
441 341
142 42
785 685
208 108
431 331
748 648
185 85
149 49
776 676
328 228
191 91
1029 929
634 534
627 527
266 166
1067 967
151 51
416 316
1066 966
682 582
941 841
940 840
725 625
675 575
214 114
603 503
116 16
1011 911
213 113
405 305
926 826
1089 989
606 506
936 836
838 738
469 369
664 564
687 587
555 455
332 232
835 735
552 452
364 264
1000 900
648 548
1052 952
838 738
181 81
953 853
1095 995
675 575
662 562
669 569
839 739
465 365
805 705
720 620
105 5
364 264
657 557
293 193
590 490
121 21
394 294
473 373
461 361
184 84
1000 900
350 250
147 47
388 288
305 205
232 132
245 145
251 151
946 846
519 419
758 658
621 521
949 849
1074 974
780 680
755 655
248 148
748 648
196 96
837 737
310 210
398 298
790 690
287 187
119 19
1081 981
931 831
1065 965
779 679
1054 954
826 726
266 166
628 528
348 248
115 15
736 636
664 564
660 560
947 847
663 563
821 721
124 24
109 9
996 896
800 700
903 803
546 446
116 16
958 858
374 274
799 699
814 714
371 271
549 449
1077 977
329 229
633 533
380 280
254 154
523 423
856 756
968 868
971 871
224 124
1012 912
1070 970
827 727
331 231
1068 968
1035 935
669 569
908 808
263 163
123 23
718 618
310 210
785 685
188 88
750 650
251 151
907 807
870 770
493 393
655 555
376 276
713 613
404 304
966 866
1011 911
323 223
333 233
403 303
142 42
405 305
500 400
406 306
262 162
1000 900
151 51
1064 964
834 734
497 397
1033 933
998 898
466 366
159 59
116 16
728 628
277 177
325 225
460 360
637 537
842 742
712 612
825 725
733 633
968 868
414 314
589 489
578 478
601 501
1081 981
732 632
1004 904
465 365
919 819
296 196
208 108
596 496
279 179
844 744
252 152
245 145
698 598
601 501
449 349
980 880
180 80
348 248
862 762
783 683
414 314
600 500
613 513
489 389
305 205
720 620
684 584
191 91
752 652
821 721
994 894
959 859
298 198
765 665
243 143
516 416
771 671
581 481
402 302
420 320
711 611
965 865
731 631
226 126
626 526
857 757
626 526
1063 963
503 403
881 781
331 231
340 240
930 830
430 330
383 283
618 518
964 864
924 824
855 755
1035 935
259 159
151 51
320 220
409 309
547 447
118 18
900 800
963 863
933 833
101 1
905 805
849 749
891 791
758 658
512 412
677 577
957 857
679 579
508 408
609 509
995 895
254 154
460 360
1023 923
927 827
497 397
1071 971
787 687
1061 961
1059 959
619 519
717 617
435 335
737 637
338 238
723 623
983 883
274 174
322 222
875 775
986 886
708 608
808 708
406 306
575 475
1100 1000
976 876
1057 957
223 123
741 641
227 127
572 472
484 384
826 726
845 745
405 305
384 284
814 714
529 429
743 643
785 685
808 708
612 512
731 631
603 503
589 489
699 599
929 829
1083 983
846 746
562 462
832 732
1092 992
832 732
370 270
769 669
591 491
522 422
382 282
154 54
931 831
1000 900
267 167
782 682
215 115
766 666
761 661
1057 957
664 564
209 109
1034 934
554 454
708 608
1064 964
613 513
1033 933
153 53
240 140
759 659
295 195
746 646
124 24
264 164
757 657
863 763
331 231
925 825
269 169
1049 949
228 128
455 355
637 537
911 811
364 264
264 164
146 46
951 851
104 4
389 289
1000 900
492 392
902 802
324 224
168 68
560 460
550 450
1003 903
226 126
447 347
158 58
738 638
498 398
201 101
586 486
687 587
551 451
897 797
435 335
981 881
262 162
310 210
206 106
343 243
845 745
1069 969
1069 969
398 298
532 432
353 253
259 159
693 593
734 634
553 453
665 565
757 657
116 16
172 72
710 610
322 222
603 503
419 319
611 511
161 61
852 752
794 694
155 55
484 384
569 469
901 801
929 829
236 136
792 692
636 536
277 177
1058 958
311 211
747 647
599 499
626 526
215 115
128 28
1084 984
1004 904
918 818
609 509
333 233
984 884
524 424
665 565
1076 976
701 601
471 371
423 323
506 406
622 522
434 334
292 192
884 784
203 103
776 676
551 451
268 168
967 867
527 427
702 602
532 432
883 783
631 531
411 311
437 337
1094 994
777 677
272 172
637 537
151 51
1100 1000
489 389
479 379
337 237
203 103
821 721
885 785
697 597
1043 943
592 492
512 412
431 331
672 572
480 380
928 828
359 259
871 771
826 726
1039 939
155 55
694 594
601 501
119 19
559 459
600 500
890 790
476 376
104 4
789 689
734 634
876 776
217 117
574 474
701 601
675 575
908 808
1053 953
644 544
243 143
642 542
610 510
690 590
321 221
927 827
715 615
917 817
699 599
717 617
667 567
132 32
645 545
979 879
827 727
792 692
658 558
785 685
407 307
188 88
664 564
1011 911
431 331
646 546
668 568
680 580
981 881
1097 997
749 649
1037 937
846 746
1088 988
493 393
451 351
337 237
761 661
617 517
730 630
621 521
460 360
313 213
1008 908
920 820
303 203
299 199
579 479
913 813
351 251
114 14
262 162
903 803
1005 905
548 448
267 167
307 207
962 862
186 86
469 369
223 123
281 181
320 220
865 765
258 158
351 251
1044 944
1009 909
524 424
745 645
411 311
668 568
499 399
947 847
159 59
638 538
353 253
640 540
333 233
199 99
412 312
523 423
890 790
346 246
949 849
265 165
302 202
644 544
652 552
152 52
753 653
231 131
888 788
472 372
993 893
571 471
213 113
725 625
598 498
784 684
542 442
478 378
1029 929
634 534
186 86
173 73
112 12
640 540
418 318
771 671
358 258
227 127
624 524
512 412
679 579
1072 972
524 424
923 823
568 468
763 663
464 364
884 784
181 81
688 588
499 399
596 496
996 896
270 170
251 151
253 153
726 626
299 199
467 367
252 152
937 837
358 258
740 640
383 283
224 124
389 289
672 572
708 608
508 408
563 463
458 358
280 180
995 895
429 329
984 884
321 221
623 523
394 294
538 438
225 125
378 278
725 625
125 25
527 427
829 729
896 796
1096 996
251 151
1056 956
967 867
288 188
222 122
619 519
470 370
135 35
940 840
411 311
215 115
295 195
975 875
929 829
1012 912
884 784
185 85
1004 904
1069 969
199 99
814 714
543 443
1071 971
838 738
843 743
813 713
298 198
209 109
735 635
488 388
141 41
936 836
740 640
361 261
831 731
793 693
322 222
553 453
636 536
589 489
265 165
614 514
411 311
170 70
224 124
434 334
873 773
811 711
1023 923
734 634
380 280
235 135
357 257
371 271
1061 961
552 452
367 267
769 669
338 238
228 128
910 810
384 284
271 171
624 524
388 288
243 143
489 389
1089 989
666 566
1094 994
174 74
380 280
913 813
492 392
149 49
573 473
275 175
331 231
854 754
995 895
557 457
1043 943
997 897
648 548
612 512
777 677
168 68
940 840
336 236
458 358
674 574
641 541
993 893
858 758
715 615
642 542
957 857
789 689
638 538
116 16
172 72
821 721
392 292
718 618
1016 916
1058 958
904 804
365 265
756 656
647 547
479 379
352 252
167 67
705 605
380 280
363 263
461 361
835 735
1084 984
278 178
371 271
516 416
589 489
541 441
356 256
498 398
982 882
107 7
325 225
104 4
629 529
127 27
610 510
739 639
1100 1000
513 413
291 191
602 502
913 813
326 226
998 898
427 327
520 420
270 170
570 470
811 711
719 619
223 123
477 377
1046 946
565 465
723 623
987 887
412 312
864 764
836 736
155 55
108 8
827 727
1015 915
944 844
122 22
744 644
750 650
281 181
931 831
271 171
608 508
645 545
634 534
539 439
515 415
647 547
996 896
517 417
1082 982
305 205
293 193
600 500
489 389
432 332
901 801
920 820
437 337
516 416
589 489
343 243
833 733
954 854
371 271
166 66
1042 942
336 236
1054 954
668 568
148 48
1069 969
1019 919
806 706
494 394
395 295
981 881
267 167
1017 917
873 773
475 375
379 279
110 10
761 661
548 448
827 727
228 128
938 838
630 530
504 404
641 541
843 743
411 311
334 234
416 316
629 529
573 473
291 191
481 381
932 832
752 652
637 537
102 2
466 366
237 137
980 880
449 349
1040 940
200 100
845 745
763 663
137 37
167 67
772 672
543 443
909 809
395 295
782 682
317 217
1079 979
1011 911
400 300
459 359
611 511
955 855
832 732
398 298
968 868
716 616
718 618
430 330
869 769
260 160
286 186
903 803
684 584
150 50
932 832
308 208
816 716
685 585
572 472
630 530
372 272
1051 951
598 498
754 654
465 365
1086 986
683 583
912 812
579 479
905 805
998 898
799 699
233 133
600 500
746 646
743 643
1015 915
644 544
155 55
1070 970
313 213
1087 987
723 623
988 888
975 875
746 646
613 513
498 398
456 356
610 510
686 586
725 625
116 16
794 694
1084 984
1033 933
522 422
593 493
454 354
120 20
314 214
204 104
990 890
330 230
312 212
1062 962
127 27
150 50
869 769
451 351
935 835
598 498
332 232
964 864
354 254
328 228
742 642
813 713
576 476
177 77
1019 919
507 407
1012 912
597 497
854 754
369 269
834 734
129 29
1067 967
297 197
141 41
498 398
359 259
847 747
1026 926
486 386
940 840
225 125
644 544
511 411
1008 908
459 359
325 225
944 844
169 69
680 580
221 121
208 108
623 523
938 838
778 678
508 408
693 593
914 814
765 665
521 421
414 314
1099 999
1092 992
607 507
696 596
657 557
458 358
745 645
624 524
671 571
263 163
632 532
1042 942
526 426
637 537
487 387
282 182
330 230
304 204
346 246
308 208
637 537
753 653
816 716
948 848
663 563
632 532
1047 947
203 103
733 633
971 871
934 834
1032 932
1038 938
607 507
429 329
1086 986
581 481
713 613
1057 957
423 323
505 405
690 590
789 689
477 377
432 332
1005 905
786 686
1032 932
1089 989
574 474
750 650
706 606
193 93
489 389
219 119
771 671
382 282
460 360
550 450
945 845
103 3
746 646
424 324
199 99
644 544
709 609
1057 957
601 501
834 734
864 764
368 268
698 598
799 699
342 242
271 171
490 390
251 151
161 61
379 279
359 259
991 891
619 519
242 142
926 826
480 380
1042 942
453 353
382 282
811 711
996 896
1029 929
1082 982
709 609
376 276
161 61
401 301
498 398
1052 952
485 385
956 856
731 631
528 428
959 859
355 255
325 225
823 723
307 207
380 280
428 328
1037 937
1071 971
137 37
647 547
1001 901
728 628
556 456
948 848
1096 996
643 543
690 590
964 864
555 455
328 228
610 510
185 85
767 667
768 668
929 829
1036 936
151 51
855 755
483 383
932 832
440 340
1028 928
1015 915
185 85
897 797
342 242
647 547
886 786
1100 1000
945 845
435 335
580 480
885 785
350 250
897 797
347 247
399 299
288 188
443 343
515 415
381 281
595 495
382 282
249 149
364 264
855 755
178 78
950 850
234 134
114 14
226 126
761 661
962 862
323 223
290 190
749 649
440 340
890 790
824 724
861 761
371 271
518 418
801 701
1059 959
564 464
727 627
505 405
768 668
330 230
529 429
253 153
798 698
1023 923
586 486
913 813
409 309
786 686
834 734
1025 925
851 751
121 21
489 389
158 58
439 339
395 295
672 572
1000 900
102 2
1056 956
973 873
186 86
357 257
446 346
1065 965
527 427
512 412
321 221
646 546
302 202
535 435
517 417
986 886
524 424
478 378
1043 943
905 805
983 883
1027 927
390 290
687 587
147 47
433 333
369 269
722 622
875 775
785 685
479 379
349 249
221 121
768 668
462 362
985 885
634 534
107 7
928 828
471 371
488 388
999 899
1008 908
649 549
494 394
405 305
382 282
166 66
532 432
218 118
543 443
1020 920
837 737
397 297
684 584
527 427
306 206
522 422
428 328
344 244
948 848
371 271
905 805
633 533
437 337
102 2
588 488
724 624
619 519
322 222
462 362
435 335
330 230
675 575
493 393
515 415
453 353
717 617
375 275
858 758
945 845
365 265
477 377
287 187
302 202
274 174
1071 971
320 220
531 431
411 311
608 508
182 82
925 825
370 270
326 226
782 682
819 719
1046 946
640 540
737 637
1073 973
1062 962
580 480
202 102
447 347
777 677
636 536
239 139
942 842
747 647
740 640
977 877
311 211
866 766
787 687
678 578
679 579
719 619
268 168
1022 922
778 678
135 35
344 244
858 758
579 479
329 229
849 749
616 516
149 49
1002 902
277 177
659 559
905 805
468 368
445 345
408 308
669 569
725 625
1026 926
155 55
373 273
1012 912
843 743
160 60
985 885
982 882
916 816
869 769
251 151
694 594
175 75
404 304
963 863
732 632
736 636
855 755
745 645
700 600
959 859
524 424
917 817
191 91
455 355
512 412
1030 930
1071 971
950 850
688 588
382 282
859 759
649 549
650 550
215 115
234 134
494 394
810 710
565 465
213 113
253 153
456 356
750 650
1085 985
715 615
439 339
946 846
1092 992
284 184
825 725
115 15
1055 955
404 304
1061 961
537 437
256 156
1043 943
163 63
1029 929
731 631
635 535
870 770
488 388
646 546
623 523
1088 988
615 515
1099 999
145 45
188 88
757 657
970 870
848 748
348 248
149 49
767 667
469 369
402 302
474 374
444 344
240 140
636 536
382 282
295 195
916 816
577 477
563 463
755 655
627 527
287 187
633 533
484 384
847 747
1055 955
1021 921
820 720
799 699
809 709
418 318
131 31
954 854
953 853
1038 938
115 15
763 663
1099 999
460 360
1041 941
288 188
258 158
785 685
1079 979
809 709
836 736
925 825
783 683
250 150
537 437
432 332
714 614
677 577
482 382
839 739
831 731
855 755
799 699
714 614
983 883
597 497
793 693
619 519
1004 904
539 439
750 650
1060 960
698 598
744 644
794 694
861 761
1062 962
410 310
818 718
754 654
819 719
1073 973
564 464
741 641
699 599
651 551
827 727
565 465
794 694
724 624
239 139
314 214
415 315
535 435
537 437
483 383
1092 992
549 449
404 304
454 354
172 72
728 628
654 554
955 855
812 712
125 25
685 585
134 34
802 702
661 561
351 251
168 68
258 158
1014 914
994 894
433 333
856 756
394 294
691 591
868 768
687 587
548 448
186 86
798 698
664 564
842 742
185 85
132 32
222 122
771 671
1093 993
816 716
142 42
183 83
198 98
263 163
237 137
1053 953
489 389
771 671
305 205
757 657
740 640
848 748
457 357
899 799
641 541
389 289
729 629
348 248
812 712
130 30
525 425
849 749
247 147
840 740
822 722
453 353
205 105
744 644
1099 999
908 808
482 382
172 72
959 859
522 422
313 213
476 376
360 260
1052 952
160 60
983 883
1008 908
807 707
798 698
719 619
764 664
764 664
189 89
966 866
954 854
261 161
763 663
994 894
1063 963
807 707
714 614
243 143
1014 914
707 607
246 146
421 321
205 105
187 87
511 411
999 899
930 830
165 65
260 160
262 162
786 686
751 651
312 212
558 458
114 14
679 579
945 845
303 203
1079 979
381 281
258 158
208 108
1039 939
529 429
627 527
882 782
818 718
186 86
775 675
963 863
1035 935
850 750
339 239
350 250
417 317
411 311
558 458
420 320
723 623
437 337
715 615
121 21
512 412
696 596
531 431
1093 993
739 639
1097 997
280 180
1061 961
957 857
907 807
740 640
981 881
597 497
227 127
657 557
1085 985
498 398
623 523
770 670
717 617
362 262
147 47
525 425
1094 994
275 175
866 7920
315 6223
1062 9205
1023 6347
151 7183
200 6836
588 9092
907 9289
998 8108
1015 5529
402 9675
372 6919
999 9065
1091 6794
773 7913
379 8698
784 6153
818 7368
125 8287
1008 8963
173 7937
455 6965
487 8130
932 5759
964 8923
450 8579
694 7953
951 5469
130 6483
940 5297
941 6712
1033 9320
605 9708
1030 7368
548 5755
154 8004
896 8143
637 6046
537 5950
523 7403
498 6707
968 8467
289 9268
195 6866
564 5767
1056 7198
426 5008
558 9452
326 6010
503 8695
134 7686
259 7416
908 6970
308 7444
303 6094
1013 6422
388 7113
837 8944
423 8694
1088 7100
160 7201
599 7245
752 5432
984 8595
914 5596
356 7560
318 9850
540 9444
883 6485
477 8711
858 7010
128 8425
199 6319
396 6581
1020 5810
1022 8799
941 6799
1039 8550
554 5813
1099 5839
292 6267
612 6111
335 7148
1054 6539
129 8486
1049 7545
979 9575
981 9358
162 7387
969 7462
133 6727
899 9416
265 9788
110 7950
852 5394
456 5580
367 5630
1045 9473
800 8367
353 8589
897 7821
552 8277
749 8536
573 5843
1072 8990
842 6959
605 5508
183 7819
822 7825
145 9710
893 9063
732 6219
982 8536
228 7273
764 5004
586 9571
221 6687
254 9283
162 9636
796 9288
958 6197
181 8438
851 8441
804 5803
104 8919
566 7390
567 6874
927 5447
632 9786
373 8414
799 5713
1064 8308
534 6021
441 5783
272 7057
1019 8382
204 6984
243 6557
902 9701
554 5413
222 6085
825 9898
790 9473
256 7282
130 7406
688 9321
733 8687
397 9416
545 6233
874 8876
709 9874
607 6815
603 5548
1057 7810
189 6211
846 9465
752 9569
352 8808
599 5038
778 6820
1045 7809
1051 5656
603 5882
809 5836
651 8453
187 7350
188 9956
435 5302
492 9124
149 5966
669 6910
102 5569
755 6500
840 8098
696 6377
136 9520
632 7708
1019 9899
952 9038
517 9010
610 6052
356 9745
442 8136
485 5548
674 9490
564 9265
464 5716
1089 7212
397 6121
490 7861
1007 5452
853 7746
436 8953
397 9866
425 9206
812 6416
572 9300
536 7156
570 5584
343 5239
399 6306
785 7937
328 5245
828 7178
852 8565
960 8870
382 5306
180 5174
352 6033
735 5147
1075 7344
312 8452
986 5425
1011 6268
695 5234
315 8187
267 6291
771 8585
997 8051
1011 9152
272 8198
1060 5890
708 6994
751 6658
509 7618
196 5744
621 8101
472 8555
1030 6121
786 5168
476 8868
848 7712
520 7492
934 8776
537 9595
311 6330
542 6900
308 9374
1059 6570
1074 6938
276 5040
412 8090
223 7819
1040 7679
431 5390
210 5727
690 6599
200 8522
1044 5083
984 8487
587 6095
205 9379
689 9735
1099 5493
301 9616
792 6458
254 8128
1046 8851
499 8268
622 8928
828 6866
734 5823
737 9458
934 9745
772 6322
372 9874
769 7912
423 9450
262 5058
446 7742
784 8541
549 6506
631 8128
1085 7774
1061 7324
430 7633
605 8216
941 7031
1073 5362
209 8927
260 6934
604 8907
558 5559
886 8074
251 6593
322 8500
1023 6766
340 6434
542 6116
1087 6677
387 8876
483 8364
126 7179
611 5206
848 5262
654 7298
135 9920
214 7503
1078 8377
948 8989
487 5153
766 8056
705 9587
303 8085
514 8921
641 8333
220 8309
180 8626
808 7381
480 9601
589 5160
124 5636
550 8033
258 9402
417 6668
734 8934
1043 7546
761 6296
117 7379
711 9344
1051 7846
276 8107
485 7382
532 7340
865 6600
147 5909
962 5425
251 9455
214 7786
201 8757
1085 7177
204 7882
543 8695
623 5522
203 5352
746 8571
935 7774
365 7934
117 6678
1006 9143
646 7798
598 5943
482 5517
1090 7931
463 5819
118 5471
125 9441
908 8008
328 8608
623 8903
626 6113
160 8587
645 6915
476 9504
296 8899
328 7120
328 6491
174 9571
1021 7586
889 7442
993 9120
333 7305
402 5277
933 6806
644 9003
552 6358
876 8385
569 9895
554 7337
493 8443
928 5404
1073 9292
506 9271
800 8365
221 6864
157 7845
518 9520
513 5650
1058 7107
802 9213
298 7041
254 6334
860 7146
252 9526
1063 9964
859 5453
326 7775
366 7651
874 7397
368 8607
539 9608
933 5545
316 9341
107 6454
196 7010
137 8754
907 9865
141 7055
250 6805
391 6776
796 5563
409 7641
1100 8404
776 7654
484 5820
1060 5005
415 9589
208 7465
619 5220
301 5579
799 9526
930 9512
503 7913
657 8987
175 8425
964 5949
217 8483
542 6386
498 6548
223 5897
157 8017
195 9461
826 8365
667 8482
931 7268
535 8982
773 9160
901 7172
134 6231
433 8558
107 6428
920 6431
403 8340
1027 6657
506 9024
803 7927
127 5930
134 9045
267 6808
1029 8449
804 7803
924 6597
580 6104
890 7793
721 5021
771 5451
427 6390
196 5023
884 6140
635 9367
513 7334
914 5257
429 8565
869 7775
549 9670
984 9545
287 8803
952 8559
492 9003
252 7069
267 8271
699 9511
1012 5356
550 9689
731 5210
250 9044
455 6006
653 6443
891 9161
314 8120
318 9277
595 6899
799 9877
290 5303
673 5250
314 5402
874 8654
485 6328
636 8748
878 7108
514 5230
105 8513
176 5643
501 7858
525 6337
499 8180
1019 8931
715 9107
194 8598
274 8475
778 9339
967 5695
521 9768
867 6943
110 5311
934 9783
912 7854
117 7120
834 5581
386 7089
838 8149
570 6965
1024 9590
1034 6081
616 5163
957 5593
628 6467
1009 7837
429 6338
435 5602
549 8253
964 9423
215 8632
336 9602
718 9148
596 9857
1032 9350
501 9912
365 7905
543 9632
256 7390
823 7879
533 8937
856 7725
158 8686
489 8253
878 7376
1057 8732
474 9274
249 8586
447 5348
725 9734
339 7043
363 9626
558 7754
165 6704
898 8651
694 9528
1079 7853
489 7406
414 5667
206 5126
435 9537
364 8509
595 8922
699 9065
340 6620
635 6720
176 6782
584 5795
148 9190
604 5819
402 6950
472 8892
499 8418
240 5760
531 6803
387 7603
894 9327
347 9952
689 8140
426 5456
820 8309
885 8135
865 9469
1098 5428
325 8599
223 7860
886 8879
1039 5369
703 8328
395 8801
758 9302
777 9569
652 6141
239 6028
921 8511
245 7030
340 8600
246 9727
979 9516
571 6017
664 9429
135 9672
672 7092
912 9162
201 5867
707 8502
457 6323
333 6890
878 9622
1070 6305
450 9519
589 5503
541 7740
391 9306
1075 8196
537 7453
973 6255
806 7086
501 5334
178 7692
707 5687
844 7727
1001 6604
491 5652
932 7218
904 9714
445 5147
848 8008
559 5566
293 5428
977 9534
326 9288
825 8294
683 9241
270 7593
556 9926
474 6943
237 8353
133 5916
596 9848
675 5703
582 6291
760 9388
234 7858
286 6570
191 7693
181 6286
513 5689
132 7589
198 6286
270 6899
754 5738
125 7961
242 6961
787 8502
518 8137
745 7228
378 6715
934 9056
408 7782
794 9708
157 6254
370 6139
304 9838
372 7618
1084 9976
843 5628
515 9094
622 7290
806 5893
467 5010
590 9658
693 6654
1091 5310
712 5552
795 9659
497 7343
162 9642
635 9470
319 8711
510 9385
780 8966
486 7365
820 6089
545 6282
849 5859
224 5064
1027 5466
164 8522
674 5117
461 8474
219 5122
436 6778
437 6819
200 9760
310 5633
651 8432
1091 8853
517 8915
412 8741
361 9722
121 5524
745 9382
145 8299
1028 8227
935 5789
659 7124
195 7748
255 5310
234 7938
458 6189
521 7509
876 7883
937 6242
129 9839
346 8256
526 6400
892 7308
229 8526
196 8907
231 9000
636 7304
830 8388
752 9018
737 7944
945 8697
408 9304
720 9574
437 5219
874 6858
479 9111
546 6583
792 5516
183 6034
886 9076
942 9934
763 5335
521 8476
924 8776
995 6478
564 6013
933 5559
514 8267
189 6933
220 7605
790 5476
180 5121
110 8198
983 6989
426 6039
639 6080
588 6952
1050 8424
229 9106
995 8187
1066 8194
873 7966
348 7680
712 7629
1042 5566
1006 5598
103 5773
175 5196
465 6757
378 5151
1079 5305
834 9647
175 5145
796 6501
819 6012
645 8828
280 7330
813 7372
524 7222
1025 5305
288 9008
111 6904
593 7717
1090 9358
724 6576
825 6401
1028 8600
369 8705
1059 7802
261 9708
697 9158
835 5957
230 6132
381 6441
802 7722
361 8451
531 6790
641 6769
165 9582
714 8894
150 5252
985 6027
998 5037
553 6471
604 9356
626 6291
532 5976
1069 7784
1073 8564
1030 8878
153 6855
454 6873
315 5234
389 7985
281 6378
734 9716
261 9313
444 8870
689 6978
431 6402
597 8939
413 5860
224 6686
104 7321
348 5426
928 6186
519 6118
179 8635
507 8115
370 7578
862 8849
236 8721
247 5945
471 5995
748 6307
187 7965
599 5886
638 7708
1030 5254
172 9497
1016 7645
832 5564
1003 8979
1020 9342
462 8370
695 5515
826 5718
146 9293
733 6270
1030 8807
537 7713
182 7520
602 7397
1073 9556
564 8034
835 5452
113 6198
658 8374
874 9863
347 6961
439 6815
797 6308
205 8370
635 8200
907 7212
521 7883
432 7797
224 7416
488 6168
362 7120
144 9147
876 9389
585 6550
352 5618
343 5659
404 6739
271 9054
357 8858
783 5310
591 7400
536 7476
155 7676
495 7849
525 9812
817 5098
212 5540
687 8165
192 8539
590 7390
1004 8508
821 9831
345 7049
1085 6619
279 9903
642 6497
766 9529
1037 6032
460 6693
112 6260
657 9453
496 9314
797 7486
961 6586
862 7112
284 8779
136 7441
610 9823
362 5676
611 5882
463 6160
191 9184
1069 8234
963 5282
253 6722
970 6144
982 7819
415 5496
735 6727
881 6386
703 7102
779 7998
1084 6184
262 5141
842 9583
151 6724
231 8143
712 6529
986 9373
1048 8738
798 9379
494 5996
599 6753
532 7787
265 5686
254 7081
181 8212
470 7957
441 6582
759 5302
199 7188
691 9500
242 9952
1096 9397
249 9372
488 7844
438 8204
391 5120
281 8194
435 5704
371 8024
526 8155
482 5446
282 8436
1061 9010
433 6052
797 5637
131 8503
724 6918
932 6266
138 8419
925 9619
672 8788
616 8347
835 8941
483 8482
101 7682
1097 6167
563 9535
174 6858
727 8284
760 8855
308 9680
204 6256
503 7641
1033 6641
520 9873
415 7441
598 6755
197 9450
269 7704
971 6840
487 8576
290 6436
284 6394
1058 6691
366 6081
194 8386
570 7697
886 9358
230 8662
358 6890
378 5338
241 7227
560 6186
962 7173
132 8390
430 8290
862 5857
448 8744
410 8766
890 5913
244 9981
374 5358
349 7789
235 5360
909 9056
393 7086
487 10000
923 5622
323 6881
124 7874
267 8940
251 9125
302 5166
660 5285
584 6257
985 6270
126 6991
777 5563
1091 9594
591 6178
562 9916
294 8307
198 9623
535 7744
1043 5781
375 6166
655 9766
435 9464
482 5886
666 5894
1058 8950
797 5063
672 8749
124 7660
670 9051
221 9734
249 9832
641 7188
948 5167
912 5101
180 7450
1041 8949
507 5835
421 6748
312 9160
989 5449
1066 9937
769 6984
1011 7334
392 8796
269 8357
797 7801
592 7690
426 8904
802 9067
299 7315
1021 5014
294 6427
928 6501
145 7031
304 6221
519 9469
973 6521
903 8276
744 5333
852 9230
404 9895
770 6917
671 7154
973 6293
377 5285
1077 7688
159 8965
513 5642
554 6170
777 9828
279 8622
136 7747
955 7986
522 7069
231 9476
1002 7383
544 9202
966 6596
985 9112
1019 5825
1057 5844
164 9330
545 8420
882 5873
892 5671
263 9330
408 6350
903 6846
259 8794
704 8755
314 8266
617 9547
503 8972
1071 6860
195 8004
913 8754
206 8405
217 9336
963 6512
497 8443
795 7225
377 9899
946 8037
769 6121
725 6362
227 9685
1069 6788
596 9516
1000 5785
614 6361
280 8121
550 6319
533 9065
540 9285
766 9851
529 5933
159 7954
464 8225
633 8515
514 9343
1064 8173
122 8692
375 6198
182 6773
195 7496
1099 9409
253 5612
597 8042
654 5631
456 7344
362 8536
300 9577
448 7907
596 8508
320 8599
284 8874
744 8520
641 5917
461 8105
396 9412
362 7002
953 5085
1040 6569
314 9825
965 8903
943 7323
519 7538
544 7623
853 6404
511 7307
442 6167
542 9236
744 8570
261 8423
867 7136
499 9176
565 9758
460 9515
899 7767
579 9727
665 5381
335 6495
839 7375
337 5671
357 8333
152 7284
1050 5093
872 8653
621 7427
942 9807
864 7380
878 5957
229 6947
597 9663
294 7915
1019 9958
894 6547
409 9995
525 9362
1022 8484
550 7160
285 7439
950 5648
586 6785
564 9171
876 5777
363 5587
912 6124
994 7654
1027 6707
589 8631
150 9938
976 7760
864 5448
503 9913
236 7746
1009 6669
993 7620
658 6401
269 9695
916 7873
765 5371
864 9936
697 7771
119 8385
452 8414
386 9133
1057 6019
708 7702
344 9823
1096 6779
834 9225
1059 8836
247 8405
244 5500
811 8449
946 7756
186 9639
933 9492
820 7716
974 5006
992 9325
533 6115
695 8341
1013 8151
774 6935
102 9320
465 5713
660 7689
1003 9652
715 6812
755 9809
506 6790
785 8168
636 7162
870 9758
850 7429
1073 6625
518 8878
275 7955
252 7103
198 5284
780 9438
846 9671
915 8917
742 6467
185 6608
561 7936
397 5210
384 9438
940 8738
220 6573
1028 9288
976 9801
866 6555
112 9098
439 6272
264 8258
838 7557
659 9040
1001 5473
310 8952
273 8009
402 6797
134 9420
690 7698
1061 6718
439 8913
103 8164
906 7558
669 7197
120 9553
751 5867
643 8934
209 5067
806 9484
627 5380
680 6091
958 9054
698 5050
529 9860
560 7923
397 5855
713 8206
465 6531
608 7070
363 7060
610 5920
393 9487
589 5803
934 7326
156 7730
958 5682
109 6483
672 9546
437 9216
662 9225
256 7082
269 7523
534 5412
389 6323
434 9907
779 9815
972 8476
360 9325
188 6758
415 6855
969 8922
662 5456
905 8847
759 7850
647 7629
320 7143
647 6815
215 6160
322 9285
1003 6544
747 7987
836 7984
786 9127
563 7156
403 7232
312 7506
397 9027
950 9855
194 9814
830 9068
701 6507
377 9521
882 8901
377 5960
237 6116
674 5185
221 5250
1042 8565
784 6926
797 6949
477 5161
539 6384
942 7660
933 8338
888 9219
652 5757
922 9246
876 5158
243 9066
959 9050
440 7715
231 9780
565 9333
449 7800
1048 8219
1059 5857
668 7847
818 6508
360 8268
106 9957
951 7367
852 6514
211 8702
120 9581
1043 7521
781 8888
200 9970
105 9364
948 8753
1100 6270
347 7029
924 9673
617 7861
914 7828
377 8158
481 8131
365 6074
318 8948
534 7631
951 7822
794 6571
347 6698
814 5076
1007 8984
721 9947
781 5883
305 5038
305 6498
799 5063
146 6837
139 9121
317 5439
879 7779
1029 5826
525 9650
745 6282
1052 8384
722 7192
1093 8807
763 6370
704 9539
828 8151
615 5541
869 7735
799 6079
914 8325
979 6853
731 8976
222 8579
1084 9054
1078 8228
587 7487
951 5264
707 9460
529 9616
872 6039
756 7271
209 9685
451 6835
680 6468
658 6990
481 9794
637 5626
399 8535
703 6291
530 5335
1070 6332
695 8530
993 9581
774 5482
676 6291
820 6183
1035 6512
848 5830
170 7457
608 9843
435 8236
867 6095
295 6959
214 6346
595 6331
569 9411
440 5215
1031 9047
908 9331
217 8834
241 5265
393 8319
698 9619
576 8440
216 5399
881 5152
745 5256
1038 9790
305 9427
773 6037
982 6143
581 6365
315 9088
698 5351
515 7657
629 7276
345 5829
709 7316
1097 6366
174 9958
936 5877
1003 9577
636 6347
1093 6208
174 6996
467 5843
719 7833
1001 7743
521 6302
165 8052
427 8398
156 7095
691 7460
369 7958
432 9252
549 9396
902 6151
140 6935
690 7486
370 9475
164 8184
818 5436
749 7234
1038 9093
512 8654
796 6681
176 7379
420 8203
787 5279
984 6332
479 9982
228 5625
538 8987
392 6500
1088 8430
690 7466
904 5818
625 9324
765 8801
314 7128
724 7355
400 7288
563 8492
459 8014
700 9712
497 9364
881 9753
492 9359
450 7486
950 8553
743 7561
542 8721
156 7919
931 7448
925 7928
221 5807
479 6102
304 5315
760 8161
249 9829
689 5159
913 6768
843 9565
593 8937
1050 7724
430 5516
524 7727
183 8603
981 9912
950 7332
410 8461
650 9446
996 6566
394 5615
545 9253
794 7748
881 5585
622 7748
880 8445
191 8758
1046 8577
165 8315
944 5321
487 6582
143 6060
989 6942
312 8825
480 5541
625 8363
927 8934
229 9247
625 6768
471 8585
765 5217
1009 6880
287 6265
1081 6748
106 5415
623 8858
547 5326
147 6300
454 8332
732 6864
128 9561
518 9806
189 5599
363 8322
619 5822
238 6480
588 7002
214 9300
1022 6089
523 5652
270 7623
312 6718
493 9707
441 5698
276 6280
703 6454
638 8318
644 5035
104 8631
973 6300
272 7506
440 8079
984 5768
138 8303
463 9022
639 9467
113 6310
661 9022
831 8377
935 6304
939 9810
438 9067
581 8653
921 5885
1028 9842
427 8874
714 8131
702 6617
372 6771
946 5284
1062 8829
584 9537
999 7421
794 6350
824 8296
1076 8546
1084 9782
499 7924
873 7280
863 6347
934 9108
268 8314
881 9772
791 9927
726 5081
649 9534
576 8906
986 6969
931 8484
495 5663
798 9947
266 7964
837 5858
498 7525
691 8547
624 7469
963 7617
590 6612
683 8374
263 5212
117 7961
340 6523
1100 7483
813 7443
458 6404
364 5204
108 8964
157 6034
471 5107
436 8402
747 9656
438 6194
186 7291
632 8301
253 5001
277 5114
937 9699
884 9254
265 7420
936 5702
884 6098
660 6638
306 7354
755 8128
941 6289
1029 7657
307 7471
847 8751
1043 8884
347 8038
373 7383
925 7437
668 7901
478 9368
639 8239
785 8784
790 5190
540 8230
675 8908
682 8714
318 5116
721 9893
603 9600
527 5992
398 9142
286 6352
848 6106
842 7218
677 9066
763 5572
229 5653
686 6510
623 9695
921 5614
523 8789
118 5142
382 7954
678 8212
395 8113
661 5188
1086 6241
550 7218
727 8738
857 8120
107 7997
739 8153
856 8354
1010 8766
628 5269
683 6360
545 9340
244 8400
588 8750
941 8734
986 6870
358 5428
125 9675
610 9597
970 5368
805 8828
582 9085
949 8149
875 5050
700 7772
586 5068
497 7053
921 9304
712 9642
618 6848
698 5359
1004 9023
692 5342
330 6082
987 8277
271 6011
817 7253
585 5391
195 5155
815 6117
540 5288
871 6863
729 6927
878 5449
537 8433
438 9548
135 5795
771 8451
215 9943
333 8788
409 5023
541 8466
873 6973
1069 8268
943 9896
912 8879
510 9287
488 9856
1063 5459
619 9071
697 5978
518 6840
152 9550
567 9969
673 9841
304 6680
623 9010
996 9004
299 7266
288 9836
1097 6112
1082 7485
902 5560
727 7568
794 7821
517 5925
465 5710
221 5393
318 6245
787 9216
563 5908
350 6346
479 8473
205 8157
251 6407
188 5568
508 7951
504 6339
629 9278
542 8381
893 7022
843 8368
406 7929
564 8039
161 6712
1081 5141
795 8104
334 5329
172 7109
1006 6294
491 8679
1066 7204
887 8803
298 6074
894 5423
1004 9995
186 6298
930 6945
336 5198
234 5011
271 6636
878 6320
191 7080
897 9088
467 7633
1067 7020
917 6527
938 7307
965 6998
632 6159
752 7482
662 5807
797 5625
512 7121
344 6417
1023 5167
474 6799
800 5969
937 6832
495 6614
393 6306
511 5301
111 5226
459 7779
818 7454
1027 5504
514 6403
701 7883
415 9283
382 7790
193 5805
128 7261
437 5858
515 7237
434 9764
436 5079
255 9007
232 6201
780 7345
863 8548
772 7004
241 8074
636 9318
753 5916
722 5681
160 8595
327 9827
495 7712
767 6401
391 7328
225 6413
504 6203
1058 9152
428 9713
205 6055
468 7712
697 7531
911 7396
542 6953
763 9408
168 7747
730 9941
777 6571
258 6442
877 5457
736 6186
124 6936
939 8553
593 6483
1071 9641
591 6828
710 7037
305 5274
837 8059
202 6867
180 9839
970 8386
253 8263
660 6955
357 6143
318 6901
781 7386
901 9179
322 7469
1089 5025
312 5652
152 6175
498 7351
896 8958
830 6558
498 5995
705 8223
1010 7747
305 9537
514 6556
463 7669
511 7860
295 8935
233 6120
562 7842
211 5216
629 6605
501 7116
701 5246
719 8431
116 6747
631 7126
336 8233
677 5150
783 5560
293 6865
458 6260
685 9333
523 9406
921 9833
967 7602
867 9440
1096 5477
204 10000
997 6613
202 7567
580 9450
272 8443
938 7291
937 7516
832 9733
269 8581
285 8273
1045 6972
201 7863
1092 6907
700 7879
916 9111
182 6305
462 7396
670 9849
872 7590
947 7545
831 6941
133 6522
629 8188
133 5667
1073 7286
1003 8981
419 9346
751 6710
138 9031
319 8605
444 5960
834 7969
608 7003
108 5956
900 7004
455 8546
178 7858
654 5752
133 5403
240 6866
348 6446
168 5311
267 8251
477 5989
473 5585
377 6521
749 6990
773 6908
434 5848
133 7158
884 9592
158 5502
628 7460
823 7506
857 6554
918 5890
1031 5469
608 5585
296 9622
957 7797
211 5184
725 9783
746 6086
488 7342
638 7512
242 9164
236 8059
564 8976
976 8090
950 8592
1038 6483
332 9526
1038 7616
184 9237
447 9800
1065 6746
873 5147
906 6130
248 9011
406 8964
590 9300
187 7482
514 5177
503 6920
892 7131
671 8484
919 5405
184 5812
643 6850
940 6538
610 9412
865 7216
811 5958
818 8613
623 7119
1068 8917
146 6029
953 9370
608 7943
987 6379
806 8083
474 9681
268 8882
879 6185
587 6297
902 8620
692 6952
755 6934
437 7453
682 8857
386 7096
1068 8006
154 8471
770 9839
844 5900
857 8443
372 5328
871 9190
389 9072
1095 8498
142 6001
780 7578
103 5861
153 9505
1076 6988
471 6948
424 7702
777 8221
979 6445
422 9936
587 8974
346 9554
924 7477
676 7668
752 5014
910 5749
562 8434
515 9919
825 7341
965 8949
792 8917
448 9232
201 6689
149 6707
1030 6110
515 7281
197 9469
845 7027
901 8357
204 9669
812 7603
514 6032
757 9758
574 9209
226 5397
140 6792
176 6511
532 8753
853 8264
612 5677
854 9624
873 7257
727 7102
405 8737
321 6415
900 9520
715 8961
126 9215
198 6347
618 5112
537 9586
757 8401
161 9469
849 8346
413 8670
579 6483
760 5668
503 7507
491 7446
1001 5992
600 8549
663 5094
730 9886
126 8700
646 8630
337 8720
666 8653
826 7174
314 9575
231 7665
133 8494
672 9571
697 7088
249 9519
583 8048
845 7742
447 9889
976 9353
531 7268
947 6979
838 7122
858 8879
677 7595
1067 8472
155 5260
370 9042
507 7915
189 9671
743 5419
796 5930
181 8960
595 8896
753 5250
526 6050
990 8244
589 9742
186 8359
159 7801
357 8284
175 6058
577 8545
182 7897
609 8626
124 8654
1018 5118
346 8262
288 9478
703 7760
244 9102
380 6926
916 8974
197 7537
251 7544
581 8353
534 7357
614 9486
718 8175
990 5670
497 8195
627 6526
1090 7201
252 6783
1004 7973
420 9664
692 9688
314 7774
934 6822
397 9281
455 6635
143 7947
854 7299
738 7987
852 7456
869 7492
930 7402
640 5334
427 6778
747 8494
678 7309
1013 5976
198 5167
355 5194
842 6001
1054 5730
151 9330
242 6807
664 7241
1064 6679
189 5231
979 6186
1066 6950
129 5403
630 9553
254 5301
469 8368
707 9271
927 9098
795 7352
270 6399
675 9521
636 6862
1085 6380
382 6477
247 6322
112 6062
454 6435
997 6899
437 7533
805 5252
509 5311
238 8769
503 7366
708 9989
688 6826
491 9730
751 8615
942 7183
921 5749
736 7300
162 8393
1053 5023
719 6417
883 5430
1042 8635
634 7111
568 5378
807 9414
823 5471
342 5716
879 7868
652 6884
298 7997
1057 8610
751 7411
878 9750
164 6038
463 6589
572 8014
229 6392
611 9672
591 9987
959 5546
415 9714
807 8808
982 9499
936 5139
973 8805
554 6461
469 6679
706 7533
723 6239
1000 7508
290 5080
1014 8716
243 8195
518 7793
670 8634
233 5017
367 6040
760 6684
957 6329
288 5290
529 5482
671 9161
804 7435
859 8718
211 6404
694 8126
556 5789
351 6038
340 9131
432 9043
628 6705
822 5373
252 6522
455 5571
352 7136
138 9775
910 5476
689 6238
812 5887
753 8048
297 7192
1013 7727
742 7439
479 9226
588 9334
445 8106
551 6876
505 6487
792 7543
295 8754
484 5632
203 9230
673 9249
154 7313
548 6603
440 7855
636 7826
390 6917
719 9329
525 9091
679 5787
431 9796
492 5370
970 5603
720 7149
120 7654
732 7329
148 6405
874 8305
724 6973
285 8024
341 6043
586 7988
500 8739
237 8253
608 6267
220 8890
886 6760
325 7267
374 7287
455 6213
741 6138
1016 5567
350 5922
948 7559
354 7805
722 5383
394 8626
170 8054
872 6362
199 5044
589 9274
165 8675
224 6967
591 9347
306 8619
209 6611
1024 8621
465 8200
1048 6336
563 9805
1056 9112
474 5330
192 9530
360 6984
935 8462
445 9021
219 9854
270 9232
301 6881
599 7863
1056 9835
451 9970
975 5380
682 9524
525 9190
531 6101
427 6829
180 7115
902 8860
1030 8739
602 7915
697 5630
1080 9179
429 9909
386 5334
736 5655
906 9090
453 5421
837 5555
296 6072
811 9197
645 8115
1081 5760
312 8850
916 8512
619 8645
578 7459
944 7991
933 6774
494 5095
919 6791
145 8186
347 5947
641 7295
1013 5618
851 8091
588 6625
727 5048
876 9761
156 5097
851 7014
122 9797
940 8891
535 5354
576 9055
344 8710
993 7551
384 8460
959 7439
396 9079
822 6688
577 6191
1067 9560
749 8812
607 6340
1024 6154
492 5123
1052 5302
714 6696
520 5445
266 8295
149 7914
866 6275
108 9288
308 6273
800 5796
929 9110
378 8709
663 7538
791 8611
991 5939
357 8996
278 7142
1052 5968
133 7841
240 8444
451 5676
331 5763
1092 8011
479 7922
999 5208
576 8972
1012 9122
148 7629
1011 7276
345 9637
177 9859
158 9168
689 7453
242 7671
793 9473
1053 8662
465 7121
313 9461
642 7352
881 6396
915 6746
870 5789
131 5284
956 6661
992 6251
174 9109
710 6601
877 6411
746 6907
562 9157
117 9156
637 8537
344 5197
843 6201
452 8569
358 6153
1077 6426
883 5282
486 8260
370 7300
739 7598
892 5953
408 6766
560 7840
634 7305
747 8691
584 9200
880 6520
239 5370
476 6153
978 7151
219 7236
245 5852
538 9498
208 9396
793 8161
775 7828
988 9079
1075 7772
238 7859
130 9486
946 9754
940 5989
738 8571
659 6810
351 7012
106 9297
352 7221
342 5551
586 8609
509 9924
685 8574
523 7345
318 5242
670 6016
253 6480
432 9480
995 5262
971 7735
595 6979
131 9228
1061 6575
854 6789
393 8351
597 7514
143 9417
455 5807
636 7810
1049 7700
641 7908
1063 9409
623 5469
486 8299
794 7634
303 5671
585 8673
419 5523
332 5681
374 8722
548 5153
380 5011
732 8087
1069 9570
1044 6500
312 5824
371 6000
313 5825
589 7379
1063 8856
731 6155
123 7685
668 8311
629 9068
788 6614
150 5469
479 9458
174 6955
763 9237
284 6830
1066 6685
1012 8252
585 5053
542 9554
690 8882
449 9227
479 7162
140 5263
207 7339
642 8865
437 9147
182 5096
768 9552
448 9583
1083 7771
373 7084
382 6031
988 6016
902 8132
1040 7132
121 9962
598 9001
1096 8842
347 8068
542 5093
334 9860
430 5145
368 8094
387 8974
415 9231
977 8133
740 5272
967 5932
349 6020
247 5975
840 8810
914 5301
142 6907
103 7725
951 8370
825 7928
964 8660
585 7500
168 6592
804 5325
475 8647
470 7703
642 9598
967 9484
541 7088
421 6367
977 8537
459 7489
793 5381
701 6043
521 9621
781 7419
1071 9703
1021 5228
844 6528
212 7085
512 8460
807 8896
708 6928
1088 6160
475 7867
801 6681
711 5370
147 8612
1002 6081
508 8368
187 7998
320 8953
607 7921
821 9721
786 6788
760 9717
876 8301
939 9038
442 8802
279 8011
193 7922
681 5062
705 8078
1003 7962
524 7960
334 7484
397 5835
139 8613
483 6088
933 8737
495 6694
904 7288
366 5427
431 5601
827 6853
365 8308
163 5936
645 5645
714 9401
341 6210
126 8460
350 7280
400 9727
625 7098
610 6131
204 9100
934 9916
460 9761
193 8757
739 9595
1000 5269
178 9268
935 9318
156 5609
997 9222
674 7443
825 7335
1030 9248
608 5377
960 5601
705 8578
1047 6752
923 9499
148 5398
760 5897
106 5433
992 6470
753 5335
1006 9562
103 9773
204 7490
967 9387
750 8529
827 7571
927 9040
535 5797
626 5464
774 6949
198 7968
713 6305
414 6576
547 6349
378 9667
133 6060
442 8791
562 9608
430 8970
526 9461
507 6859
307 8418
378 7095
519 7068
881 9137
982 9345
849 9701
793 7447
241 6515
882 5766
378 5499
265 7680
443 5520
748 9384
571 7266
195 8644
1091 9249
747 7080
832 5204
902 5004
269 9621
1092 9840
628 8261
850 8654
424 6831
934 8419
459 5667
945 8562
964 6717
382 5259
549 8347
917 8201
868 7496
272 6464
231 5492
551 8697
689 9629
505 5734
280 5854
385 8736
499 5616
366 6703
129 9399
498 8329
601 7014
927 8836
967 9829
363 9771
477 10000
623 6458
420 7249
856 8886
591 7060
1003 7393
1098 7249
957 8014
1035 8648
702 9744
723 7907
1015 8460
686 6663
754 5021
932 7885
700 5325
436 8897
1029 9430
771 5928
792 7251
207 5212
1020 7759
749 7670
680 7904
519 6624
960 9530
685 9871
984 7602
680 6851
636 5972
414 8111
199 9482
764 6253
357 9086
1024 8531
630 7512
381 9650
634 8376
1074 9506
1055 8464
465 8907
585 8272
448 6541
561 6546
178 8299
627 5358
237 9451
657 8245
312 7706
168 5667
389 8045
118 5895
1035 7943
231 8490
475 9738
228 9301
625 6646
619 7142
910 7153
441 9975
722 6873
894 8918
892 6347
759 6503
587 8662
206 5907
921 7613
116 7689
235 5106
303 8791
436 5154
727 8203
474 6186
454 7823
884 8493
110 8719
786 5900
961 7235
685 5195
898 8466
522 9472
806 7294
371 9741
134 7959
779 6271
886 8238
826 6679
389 6962
558 7659
689 7036
132 7172
122 6188
859 7847
567 6645
609 9922
479 6029
1057 5309
576 6022
1073 9170
223 7605
357 5875
918 6572
847 7056
815 5733
966 9222
705 5581
420 6229
696 8377
1071 7271
365 9716
1068 9115
588 9130
676 7132
393 7753
921 7735
1074 8469
917 5418
623 6659
401 9136
291 5967
489 7918
693 6725
733 8363
542 7879
848 6123
128 6066
384 9203
531 6354
460 6920
706 7793
477 5105
380 7460
1067 8639
975 8104
434 9552
1045 5541
1043 9860
270 9925
326 8165
495 9765
1038 8042
1075 7914
323 6742
260 8898
656 7709
587 7324
868 6053
367 6614
649 8051
509 5789
413 9777
1027 6454
378 6454
664 6396
225 7852
1042 6362
558 5857
866 9012
613 7684
877 5510
855 6444
288 5497
769 9298
464 6296
1033 9968
1013 5245
836 7302
693 8498
499 9261
667 5605
467 6908
765 5020
392 8387
733 6715
538 6634
773 7469
261 9873
257 5681
824 7855
224 7512
305 5217
515 9854
324 6086
650 7930
1090 5603
976 8635
1014 8616
880 7956
940 9622
706 6961
990 9634
332 9625
518 5506
498 8946
150 6723
645 7745
623 8692
991 5319
827 6874
901 9882
400 8230
530 8829
976 5006
126 9464
514 5103
772 6182
248 9541
165 5815
152 7625
121 5483
581 9699
713 8276
245 9958
449 8601
568 9527
246 7031
787 9036
485 6347
256 9433
603 7677
442 5581
163 8366
759 5801
1074 5048
561 6829
661 6776
974 7077
524 6956
159 5461
300 5345
812 6491
899 5428
775 8457
650 8038
559 9856
672 7607
1024 7777
1007 6223
872 5957
477 7459
529 6995
1089 8531
846 7144
183 7671
356 5602
205 5185
418 9556
747 6275
467 9753
137 5101
1061 7122
116 8116
615 6972
881 6084
371 5922
1026 8530
876 7142
427 7004
845 6656
431 6232
1092 9209
1076 7265
670 7792
133 5314
900 6159
427 6938
629 6637
925 9474
129 8401
748 6834
739 9892
437 6511
727 7743
528 5975
1000 6429
1076 7320
475 7365
586 8515
918 8580
388 8949
866 7009
276 5026
247 6598
933 5760
600 7288
762 7869
255 7541
708 8509
632 6364
198 7270
185 5206
954 7201
752 9676
1099 7082
440 7012
225 9849
232 9706
518 5061
443 7732
992 6566
733 8863
660 6055
857 6821
1082 6845
437 5135
293 5696
263 8638
360 6848
877 6911
563 9864
736 6037
703 9820
413 9281
616 8752
334 7757
440 7089
191 5994
1007 5705
1034 9026
843 9680
861 9449
340 5211
200 8695
411 9645
173 8273
682 7783
241 7980
479 7753
271 5631
834 7450
1049 5032
557 5452
824 9866
713 9757
163 5677
1002 9812
347 8864
934 8789
661 6695
867 8131
328 6922
771 5835
766 5772
270 7976
333 8641
694 8199
672 8865
258 8949
336 6032
1059 8333
120 6923
779 8107
788 6281
203 9861
468 7269
1017 9714
1066 6425
349 8000
784 7388
1042 7436
562 8540
273 5638
983 6344
834 8649
786 8946
524 9914
605 5738
922 7791
841 9283
160 6332
307 8191
931 6384
138 8239
398 5363
421 6005
803 9670
314 5953
903 9824
888 9995
893 5335
104 8634
324 9136
725 8579
269 8266
237 6926
1003 9264
499 9869
480 7943
177 9405
280 9490
753 7313
824 6148
149 8205
788 6557
821 8035
816 5397
599 9880
995 5415
820 8987
359 9059
824 9210
297 5804
950 8803
453 6740
930 7598
310 5364
224 6810
409 8565
919 9242
124 9323
891 5118
433 9088
831 6426
460 5140
496 7307
339 6318
173 8019
957 9293
1011 9797
1009 9924
337 6012
398 7204
587 9433
1068 5119
329 6524
872 6367
191 8522
992 6844
308 7612
786 8247
688 8450
234 6375
803 7472
679 6908
647 6014
1032 5448
525 9090
800 6763
960 5637
868 8331
594 5027
462 7147
557 7300
804 8888
673 5102
983 8120
238 8403
804 8551
698 5628
150 8366
882 9860
217 9962
479 7153
1074 8901
909 6040
1076 5655
149 8770
205 7414
597 9479
208 8804
632 6783
739 9571
329 8749
673 7883
264 9876
1034 8506
760 7511
380 8473
513 8194
990 7784
575 8700
1042 8088
774 8789
778 7414
802 8877
972 5043
600 6431
284 9014
993 6675
579 9764
823 7003
928 9072
403 8249
707 7715
413 9079
1073 7156
983 5421
301 5222
947 5171
251 8963
690 9673
1066 6584
751 9293
890 8631
829 9151
704 5789
922 8092
419 7248
124 5327
923 7754
478 6447
284 5688
784 9703
275 7170
680 6221
210 9575
1023 9369
244 8979
444 7797
567 8809
386 7984
621 6590
161 9067
1095 9645
108 5930
679 9891
513 8777
135 9158
193 7243
729 8449
201 5192
224 6227
373 7639
1039 8315
142 9439
995 9812
705 5341
1042 5345
892 5813
1074 7853
599 8095
707 9816
177 9584
271 6509
361 9171
953 6560
246 8545
406 8212
931 8826
1019 8666
882 9407
542 9874
667 6917
623 6459
155 8569
650 5170
571 5077
520 8349
147 8313
1001 8956
822 7689
397 8819
669 8736
882 9732
862 7092
863 5258
404 8556
893 8221
286 9925
736 7794
141 6421
443 7440
920 9042
564 6018
578 9384
622 5426
662 5558
107 8511
308 6470
604 7740
415 7965
267 6273
385 5056
756 6656
578 5338
302 5702
961 6714
661 9648
131 9610
430 6107
936 9286
224 8735
608 7180
466 8344
175 7858
802 9844
273 7578
900 7356
755 5658
266 8518
224 5147
677 7237
641 8223
950 9472
544 7688
699 5965
1032 6178
379 7949
1066 5921
586 6673
738 5169
1042 5394
691 7004
190 7588
427 8454
680 8511
1060 6391
487 5346
687 5413
1002 7145
732 9797
134 5705
774 8472
797 9225
1024 7929
439 9905
677 5919
544 5079
688 9097
229 9297
918 9154
149 7406
287 6609
394 5211
871 5361
174 5418
942 9661
424 9967
750 6807
879 5911
105 8399
420 5323
657 7020
616 8361
886 9745
292 9382
346 6399
160 8750
707 9381
250 5753
355 7789
592 8001
1083 6213
1049 7560
167 8844
338 6856
434 5701
452 8540
249 7587
110 8027
529 8960
870 6443
555 8044
901 7007
431 6358
965 8531
767 8700
283 8078
915 6014
907 9920
758 7008
242 6298
972 7941
298 7438
694 9144
216 7641
492 9145
542 9900
523 5410
645 5519
1019 5570
469 8891
730 5474
1069 9888
348 7243
944 9632
459 6323
318 8351
379 7040
919 9328
521 5656
438 8317
710 9168
683 7837
401 9450
242 7234
501 9833
1035 8863
216 9422
542 7903
305 8710
285 5619
484 6778
294 8284
806 6261
462 7587
1059 6244
190 9481
485 9680
339 8660
939 9819
488 7870
603 5419
1027 5907
362 6194
972 6595
477 5722
291 9419
853 6247
645 8809
526 9434
716 7799
524 6484
886 9720
915 7396
354 8816
634 6593
717 6182
949 6239
657 7017
374 5649
826 6774
299 6508
358 8512
1083 9174
616 5313
215 6674
391 8506
294 8284
577 6527
942 7870
594 6784
1003 9259
664 6081
960 8171
289 6653
122 7696
1051 7389
652 7048
657 9663
985 6157
245 6840
155 5452
1054 9113
728 9848
475 8543
976 9426
387 6029
561 5880
949 8692
1020 5030
205 8944
368 5176
462 7509
373 7966
171 6614
297 8850
904 5918
142 5323
523 7228
693 5206
729 6368
145 6635
1020 8884
524 5605
481 8336
148 6762
117 9126
1039 6220
969 8680
112 5264
765 6329
774 6549
421 6666
540 5004
664 8299
889 9742
966 6065
994 8974
909 8829
585 7495
805 8842
834 7060
106 5936
564 6690
998 8642
501 9794
381 7960
434 6380
763 6255
199 8635
942 9434
399 8637
452 9190
485 9819
973 9978
151 5117
559 6456
860 7387
682 9756
250 8196
306 9092
926 6404
1063 7275
658 7430
686 5959
888 8438
811 9313
691 6871
236 5057
323 8811
1018 5615
207 5195
1083 6807
294 9646
625 9928
545 6986
569 5848
609 6043
226 9018
365 9695
273 8437
148 5804
529 5512
669 5423
895 8638
419 7035
318 7182
149 5064
872 8934
629 5332
984 8102
866 9022
1073 9106
247 5077
590 6974
260 5405
598 9269
364 5832
1052 7549
162 9581
603 5445
1046 8121
374 9182
560 7976
459 9764
984 7250
221 8665
1055 8203
264 5420
918 8723
820 9534
815 6902
344 8660
959 8602
694 8210
1021 6133
247 9016
1090 8408
720 6764
836 7850
883 9133
672 6227
1045 9713
1033 7464
980 6874
870 5746
609 7122
624 7659
126 9723
166 5033
1005 5344
150 9793
522 6215
258 7412
910 6547
1051 6350
1098 8461
652 9704
1092 7467
1060 6192
836 7758
214 8647
788 7166
221 6475
309 5663
656 8927
538 6039
628 5341
254 6831
936 6657
597 7187
626 8396
529 8018
610 8886
326 5904
610 9756
615 9778
1054 5499
954 8020
774 8800
1024 7054
1034 5308
570 9951
404 6082
818 9852
179 5263
584 8446
684 5247
850 7068
463 7474
121 7440
305 8358
838 7406
316 7141
848 8996
866 7551
635 5864
367 9197
1009 8456
595 6093
477 5303
667 7548
330 6220
662 5806
138 6484
152 6744
559 8550
992 9807
327 8804
1044 5280
123 7896
734 6070
526 8081
296 5899
141 6389
598 8151
403 8175
415 5718
103 8405
200 7185
961 5073
595 7919
669 9171
591 5941
182 6196
730 9792
925 6785
941 6052
603 7080
961 9159
811 9396
329 8874
533 9737
153 5233
207 7452
439 6347
491 8396
814 8374
518 6996
141 7625
1096 5300
664 5304
565 5596
990 6443
1050 8572
773 7295
963 8760
236 8680
109 9840
151 8589
182 9601
275 8017
982 5165
179 6788
1069 9869
679 8290
919 5763
369 7922
1042 7733
697 7226
859 9666
892 7744
655 9981
721 9653
174 8923
196 6856
129 8774
268 6628
260 6986
568 8254
751 8158
119 9444
880 5983
512 5852
918 8738
323 8949
492 5402
689 7981
264 9505
345 9098
155 8583
568 5457
494 5792
577 8934
108 9019
303 6124
902 5950
542 7773
209 5406
562 5899
234 5783
168 7353
144 7066
249 7410
1053 6528
783 6760
810 5217
870 9066
575 5197
429 7686
641 5054
685 6407
749 9361
778 5902
347 9731
902 7174
841 6439
297 9851
240 9978
523 6447
1017 6558
182 6591
374 8752
643 5820
664 8744
525 5274
382 5209
266 7418
1060 6876
926 9554
675 9639
184 9892
508 5252
528 6553
730 9726
1033 9662
1022 5311
790 9031
542 9755
1016 5432
930 7478
233 8760
418 6507
536 8106
474 8629
786 9108
770 8783
936 5767
1049 7352
1041 8698
720 8069
255 7373
225 9049
275 6675
696 9821
915 8363
694 8325
455 9926
603 6689
140 7120
621 8594
187 6544
1002 6980
376 5063
211 6919
1056 5152
693 6303
741 6331
649 6936
524 8075
433 5916
187 6082
1021 8639
596 9280
1010 7954
790 5909
747 6534
261 8370
394 6828
780 6921
306 9976
1045 9370
929 7412
580 7141
648 7936
945 5209
300 7175
374 8681
152 8768
544 9747
1021 9904
817 5295
1096 8841
540 8409
1043 6531
273 9964
158 7566
860 5750
817 8452
980 5194
969 9778
376 6605
292 5133
319 7972
793 8825
953 9211
214 6256
479 8873
329 7711
388 7457
816 7983
832 5664
890 7380
752 9187
486 9065
980 5768
978 8268
1068 7756
362 7930
102 5375
857 7765
381 5735
930 7394
423 5706
563 6648
645 6813
541 5409
136 8661
897 5675
650 5173
759 6574
694 9988
932 7415
433 8143
186 7286
420 9781
543 5133
827 8272
132 7789
419 5825
261 5986
270 6849
754 9795
548 6065
300 8234
727 9013
875 8780
694 5296
745 9396
188 9424
414 7076
348 9383
312 6614
1082 9077
892 9388
757 9038
992 6554
776 5950
580 5296
196 8632
108 8748
781 8070
930 7870
1077 8444
788 9184
492 6677
657 7643
465 6796
720 9965
804 7347
734 5192
479 6269
291 6314
487 9003
952 5274
1008 9580
197 7534
501 9792
387 6633
523 8910
974 7502
847 7835
432 9656
982 7626
887 5400
230 9852
286 5700
742 9611
384 6021
228 8356
737 8371
606 7457
473 5189
440 8602
658 8276
360 8627
394 6893
555 9541
894 7301
610 8065
736 8767
256 9316
859 8934
252 6180
180 5916
764 7167
121 5850
481 5631
724 9409
502 5185
929 8046
890 8401
262 8941
376 7101
582 9663
502 6346
913 7629
620 8534
658 5711
296 9203
237 5280
134 9539
883 8888
350 8732
965 5733
566 5819
1068 6300
1095 6118
557 9784
225 5062
126 9920
143 7553
729 5863
154 7994
919 6636
393 6667
778 8449
374 6855
815 7944
502 8445
136 9544
385 7459
627 8666
1027 9719
546 5723
688 8696
410 7908
230 5037
352 6227
693 9043
292 8886
936 8451
1043 6192
694 5929
1038 8438
155 8798
790 7417
606 5909
949 7213
132 9829
219 5559
1029 6786
333 8473
868 8761
591 8121
695 7514
421 9361
569 8473
1086 7816
275 7560
804 5010
909 7077
556 6641
904 7135
727 7312
1035 5668
198 5070
581 6113
1023 8834
511 5139
597 5251
448 7993
502 5912
975 7037
230 9566
647 5013
273 7593
1090 9021
473 5158
459 8384
424 8402
535 5477
1092 8782
609 5568
287 8466
792 8525
798 8607
953 7776
169 5214
616 6513
176 7992
597 5609
1071 8171
548 7726
765 7598
471 8156
257 7654
570 9743
702 7839
427 5740
298 9366
380 8474
322 9217
289 9705
1073 8503
1054 6578
200 6811
571 7625
711 7953
620 5028
922 7574
281 5335
330 8249
101 7489
622 5177
180 7651
503 6056
245 6783
704 5752
799 6789
102 7900
270 9842
751 8618
1063 8058
581 5871
399 9402
492 5797
245 7856
709 5182
168 7193
819 9680
455 5871
1094 5759
696 7295
111 9345
521 8972
602 6494
905 9341
179 8703
1024 8273
546 7703
456 7006
188 7254
408 5917
839 7830
410 7638
774 8732
937 8771
518 8613
391 7804
785 6276
562 8500
553 9129
168 6925
905 7464
915 7932
806 7887
690 7587
616 9291
190 8623
1087 7524
969 7344
724 9146
848 5073
491 7761
443 9282
560 5111
405 5454
704 5352
264 9129
238 6456
201 9715
122 6835
635 7606
789 9413
629 5031
377 9054
689 5852
615 8148
554 8082
724 5687
701 6693
917 5942
519 9426
553 8519
372 9943
169 5438
1092 9033
551 9917
689 9110
263 8887
996 7504
1003 8217
723 7298
691 7057
955 9233
358 7175
757 5625
948 8252
822 5717
1080 9706
1040 7922
984 5599
274 8393
232 6095
390 9173
919 5823
621 8241
176 8933
856 9800
766 7213
201 8253
555 7487
315 6221
1040 7552
545 8996
827 8450
1028 9188
572 9681
572 5948
890 9598
485 5354
1035 6146
197 6586
614 8922
1037 8096
1034 9960
564 8813
459 7765
113 9279
723 7780
941 6560
986 6661
959 6231
658 7610
649 5328
1079 8994
949 7053
908 6769
426 7424
150 9494
139 7050
956 7749
848 5586
760 6880
619 7438
640 6520
991 7945
855 9188
555 5363
788 8427
259 5415
620 8695
184 8735
852 8169
500 6235
973 5412
107 6866
147 5036
375 5405
955 5880
935 8150
870 5187
131 9174
872 5770
276 7989
412 7082
1056 7886
282 7279
240 7220
576 5157
427 5706
503 5962
236 7248
504 7622
532 8373
871 9660
322 5107
345 7102
491 9157
633 9617
183 9661
639 5467
431 6709
613 9912
1000 8412
521 8461
188 5379
786 6064
684 5270
539 6382
981 9397
708 5079
978 5760
621 6690
914 7474
597 6162
745 7811
460 8549
267 5296
637 6485
655 5776
422 8463
491 8592
419 5695
718 5379
666 9740
803 6018
480 8963
939 5339
1045 8047
561 6390
855 8713
652 8479
255 6892
757 8581
766 5470
195 5339
671 5097
985 8792
938 6245
784 7237
960 9005
247 7209
1018 6753
483 9067
209 6043
452 8776
1093 7742
705 8116
124 7459
996 7737
1012 9674
715 7219
643 5122
168 6569
1019 8212
985 7396
564 8986
518 8656
449 9956
231 5035
731 8453
335 5552
416 9269
285 6638
381 9742
1058 5062
489 5077
956 9711
1059 7038
542 9027
1071 9701
430 5908
1029 7744
537 7027
262 5969
1099 9880
1087 5394
948 9012
166 5471
614 5161
524 8422
250 6127
734 8794
970 7557
549 6164
594 7575
145 7313
371 8000
830 6600
768 5277
975 8532
887 7378
129 6262
227 6182
299 8698
306 6457
954 7330
368 5902
229 6657
197 8407
764 5475
788 6308
841 5095
1034 7566
1093 5876
126 7648
676 8683
162 5643
598 9549
530 8219
285 6465
114 9682
288 9462
1078 9282
503 7115
487 5431
1033 5198
368 5034
308 9582
874 5206
264 9566
194 5647
510 6428
592 8790
272 8057
610 6509
277 7887
636 7711
481 7002
711 7400
759 6395
637 7863
339 9567
294 8609
671 9151
1052 6628
897 5292
922 5806
698 7954
442 9309
1020 7955
222 9522
1001 5239
206 6325
769 8254
519 5434
234 7539
331 8533
756 9508
655 5925
361 9093
1017 9665
891 8947
632 8113
857 7324
384 5856
1082 5236
111 8087
420 9883
1078 6151
204 7482
1032 6865
203 7809
842 6635
216 9601
659 9997
589 7639
643 9718
1070 9669
359 6620
561 6696
496 8961
809 6023
1085 9690
696 5179
440 8408
960 6963
300 6942
937 6195
916 7120
681 7856
578 5002
847 5290
1072 6673
175 6545
374 9300
138 5951
485 8461
671 6334
1010 7483
424 7264
958 5616
1048 7316
973 5736
574 8226
673 6070
972 6880
866 7770
819 6542
164 7996
966 9375
1053 7081
1002 7493
799 7699
552 5542
914 9187
247 9367
113 9901
207 6967
484 7032
384 6681
113 7986
775 5121
197 5004
340 8055
1100 5604
191 7271
194 5182
732 7198
871 7510
987 7654
607 5088
952 6540
353 5036
419 9798
389 6932
700 8202
960 9386
256 7279
307 8225
775 5314
587 9479
638 5131
198 8169
765 8818
686 9177
264 9021
385 7651
600 5917
860 6397
969 9412
918 6033
286 7330
314 5828
288 6787
698 6688
716 5112
335 8871
151 9860
619 8143
224 6535
858 7245
1053 9087
903 7560
1071 8384
996 7362
425 7032
1055 7371
452 9400
845 8113
825 7592
910 6004
689 9441
302 6845
1016 5235
371 8439
651 9826
607 8726
989 5474
983 7919
716 5227
315 5940
582 9121
294 7043
973 7838
130 9635
386 7567
217 8118
288 7924
830 9967
616 9116
257 6777
1067 8827
301 5343
883 8896
435 5003
1036 6260
506 9062
446 8441
633 8598
462 6487
261 5927
790 8750
996 7620
576 9183
537 7764
688 8115
671 5509
432 6915
992 9701
407 5848
478 8174
747 9784
539 5599
648 5946
1091 5418
871 5636
1082 8072
575 6408
248 5575
406 7706
902 7334
1063 6640
562 9332
557 8806
287 5230
1020 5761
714 5239
221 6475
1100 5852
115 8497
414 7322
766 8173
530 9972
335 9250
949 8453
390 5449
620 5056
786 6096
304 8261
965 8371
1006 7065
751 6959
403 7592
580 6933
952 7648
974 5884
162 6789
434 5538
1012 5056
970 6141
294 9410
545 7977
371 7427
663 8296
989 5272
553 9379
451 5415
970 8992
400 6706
1060 5333
375 8451
578 7122
1015 6244
216 9234
395 8206
735 9467
994 8463
875 7934
974 5321
726 9414
731 6212
917 6722
707 5866
598 6521
197 6667
613 6291
583 8644
395 6153
896 9239
362 8332
857 7512
863 9691
588 9799
609 5654
612 8006
770 8932
917 6347
912 5418
849 6439
634 8144
400 6965
918 9517
859 7322
404 8616
712 5972
398 8288
708 6912
765 9903
178 9754
984 5219
111 6938
1069 6143
177 6191
355 9491
1040 9114
1083 9636
525 7458
500 9175
289 8764
577 6636
499 8236
225 8939
302 8887
462 5062
757 9421
731 9933
547 5434
129 7382
812 5668
314 9846
207 7070
642 5865
412 8487
552 9685
998 7547
230 5783
1069 9974
734 9897
451 5815
792 9308
264 6015
425 7375
659 7321
179 8126
430 5959
384 5208
206 7480
558 5034
427 9441
753 6947
160 5689
599 6007
178 8654
354 8392
697 8581
403 8364
912 6276
472 5841
333 6348
964 7258
1095 6503
1029 8514
326 7889
738 9507
462 5978
188 7231
296 6238
570 6378
325 6928
450 7936
635 5973
445 6962
349 7886
997 7436
417 6995
238 8044
548 6178
582 6576
730 5606
723 7888
975 7372
505 5977
291 7899
926 8888
520 6259
434 7031
408 5873
967 5626
115 9869
712 8220
459 5544
795 8118
903 7303
424 8182
437 5024
902 7776
744 6075
567 8761
287 7251
201 9002
305 7492
360 7891
775 7741
812 5239
575 7725
272 7613
662 5300
827 7770
941 6196
248 5078
1044 5470
1061 7699
312 8038
1068 8276
375 9989
408 7635
942 7962
447 5944
744 8572
866 5674
834 8593
696 7903
376 8351
295 8542
591 8323
498 7571
465 6361
590 7859
600 5474
161 9362
990 6044
537 7874
885 9586
1087 8357
820 5522
1026 8891
787 5127
197 6556
960 8875
212 7478
111 6942
235 9924
752 7659
348 9759
742 9384
1072 7609
394 8036
216 5515
350 6176
426 6078
434 8310
928 6930
755 6500
150 7754
625 8648
651 9032
767 5833
553 5454
258 8726
1092 9379
678 7922
481 9424
757 8855
395 7014
438 9507
1021 7391
398 6367
303 9228
976 8142
573 7156
1042 9257
199 7476
397 8254
880 8508
400 6636
181 5598
235 5803
397 6857
376 8584
1008 5881
112 5036
245 8252
629 8165
481 5970
435 5852
904 7142
373 9769
757 6806
737 9035
522 5168
368 8898
504 5371
702 9218
811 8369
327 6008
386 8430
463 8274
910 7104
385 7633
384 9689
343 6119
874 5183
638 6990
733 6567
261 8858
359 5485
578 8706
899 9819
631 8604
812 8704
417 8294
711 7181
962 6855
716 7403
1035 7535
179 8515
162 6774
384 9218
1027 7159
982 6373
516 9418
647 6763
580 9007
947 7963
848 8699
876 5776
433 6849
435 9601
709 7824
875 7972
482 8859
711 7506
479 8786
894 5795
426 7585
344 9343
550 7195
483 5354
800 6250
516 7822
263 6335
102 6127
659 5974
762 7653
604 8419
274 9918
303 9746
276 5620
630 8589
849 6776
999 9600
582 7886
944 8790
425 8514
194 8419
742 5748
1000 5877
830 9800
410 6686
833 7846
1078 7785
506 8826
107 6115
820 9456
625 8581
327 6581
674 8417
907 9938
362 9607
523 5595
359 5816
348 5176
873 8846
828 5969
317 7509
374 8285
196 8391
1057 5381
879 5804
635 8878
397 7311
105 8136
729 8784
103 6250
1062 7455
809 7436
215 7106
436 7964
270 5531
1025 9329
708 9910
383 6001
1027 9455
473 8960
346 6026
615 5000
894 6443
844 8447
288 5595
645 9494
998 9771
607 8176
393 8645
735 8078
834 6723
187 9935
507 6578
912 9828
287 5501
464 8203
803 6282
339 7209
653 5216
1005 9790
612 8316
270 8991
575 7919
850 9848
647 9769
850 8500
221 6992
409 8564
104 7332
310 8307
340 5294
144 6459
1050 8541
522 8055
768 7974
147 7155
468 8474
634 5179
212 6945
824 5394
857 7930
630 8457
1023 8358
929 5848
725 6044
574 7878
494 9684
791 7669
707 6742
466 7121
277 7674
939 5147
732 9056
534 9527
868 9641
371 6790
364 7110
260 8754
842 6514
404 7962
149 5754
250 5883
450 5125
689 7211
233 5098
462 5941
1059 7967
757 6194
874 9247
773 5802
879 5592
346 7290
390 7685
863 8684
339 6876
587 5572
483 5471
593 9241
780 8759
231 6890
953 6013
744 7667
579 7586
368 7005
1050 6030
816 5242
759 9791
947 6937
781 7890
610 9513
