
100 993400
94 485
506 326
416 248
992 421
649 322
237 795
457 43
815 845
446 955
422 252
791 9
359 901
667 122
598 94
7 738
544 574
334 715
766 882
994 367
893 984
633 299
131 433
428 682
700 72
617 874
874 138
720 856
419 145
794 995
196 529
997 199
116 277
908 97
539 719
707 242
569 107
537 122
931 70
726 98
487 600
772 645
513 267
81 972
943 895
58 213
303 748
764 487
536 923
724 29
789 674
479 540
142 554
339 467
641 46
196 710
494 553
66 191
824 724
208 730
711 988
800 90
314 340
289 549
401 196
466 865
689 678
833 570
225 936
244 722
849 651
113 123
379 431
361 508
65 585
486 853
686 642
286 992
889 725
24 286
491 812
891 859
90 663
181 88
214 179
17 187
472 619
418 261
419 846
356 192
682 261
306 514
201 886
385 530
952 849
500 294
194 799
737 391
324 330
992 298
224 790
290 8761
511 6070
602 9455
271 8666
197 6543
531 6763
344 8460
262 6810
634 6133
742 7124
938 5500
428 8424
653 6064
292 7884
855 8491
637 7641
608 5374
785 5729
336 6353
381 9187
526 9150
145 6517
818 7277
713 8194
362 9105
154 7457
390 7586
878 7634
721 5267
826 8228
926 6878
864 6942
218 7257
791 7566
341 7770
184 6437
330 8625
710 9993
646 5478
664 7748
651 8408
466 9911
480 8919
854 7637
659 8632
448 8394
368 8003
891 9311
351 8278
681 5500
890 7297
720 9165
409 9885
787 8269
677 9622
81 8860
946 9963
289 6246
97 8876
94 5056
537 9727
345 5804
172 9110
456 5937
348 5457
598 6773
708 8085
603 5241
30 7441
837 6497
470 5074
192 6365
987 6200
919 6359
753 9881
127 6506
777 9921
135 5814
547 5252
861 5424
794 8102
498 6772
337 9811
291 5520
351 7373
82 8090
288 7445
222 6574
968 9242
960 9288
310 9411
728 9570
455 7071
594 9640
264 7375
669 9825
325 5581
635 8166
261 8328
618 7243
