
200 845400
482 485
257 326
286 248
517 421
404 322
713 795
45 43
924 845
873 955
160 252
1 9
838 901
40 122
58 94
676 738
627 574
766 715
862 882
405 367
923 984
379 299
461 433
612 682
133 72
813 874
97 138
908 856
165 145
996 995
623 529
220 199
298 277
157 97
723 719
144 242
48 107
129 122
148 70
35 98
644 600
632 645
272 267
1040 972
977 895
312 213
778 748
567 487
965 923
1 29
616 674
569 540
628 554
493 467
76 46
733 710
575 553
288 191
775 724
723 730
912 988
64 90
354 340
565 549
210 196
922 865
775 678
566 570
934 936
626 722
742 651
194 123
485 431
483 508
617 585
876 853
653 642
896 992
652 725
220 286
727 812
900 859
563 663
56 88
157 179
280 187
537 619
284 261
920 846
124 192
239 261
459 514
931 886
504 530
910 849
382 294
795 799
485 391
351 330
289 298
865 790
250 275
738 826
75 72
788 866
947 951
651 748
595 685
993 956
663 564
265 183
338 400
637 721
206 207
328 323
618 611
64 116
139 109
806 795
412 343
912 862
715 685
1 10
929 881
1025 984
410 403
273 360
507 449
450 541
174 272
882 877
427 359
787 707
355 308
734 770
1 30
248 208
397 311
159 100
874 939
449 422
857 785
286 370
976 989
908 969
103 143
1071 972
1 28
117 61
697 638
424 348
439 347
74 66
442 391
568 638
195 295
854 826
281 196
433 449
845 855
224 143
487 487
181 140
496 564
690 615
124 135
575 564
374 360
766 793
149 163
776 859
793 760
674 711
696 662
90 159
732 660
214 268
935 948
228 315
619 676
349 341
734 689
964 894
644 706
484 490
491 478
628 671
1009 932
944 899
315 237
92 187
554 472
757 772
88 98
952 906
818 911
628 635
316 225
818 823
255 164
432 343
542 7881
885 7359
339 9350
165 9541
605 9904
857 7712
711 6216
603 6371
112 7138
172 7011
638 8309
644 6644
462 7625
261 5572
686 6817
546 5392
884 7287
665 7274
1051 8470
659 7785
482 5036
554 5530
974 9222
130 9129
708 9003
378 9101
293 8642
334 5420
724 5705
1030 8672
743 6400
749 8295
361 5856
994 9806
544 7307
1070 9143
1062 5216
787 8818
504 7277
61 8270
903 7812
163 7550
739 7182
686 5451
524 8181
29 5678
437 7151
958 6427
471 9978
32 6122
288 6774
216 7976
803 8796
242 6152
440 7027
648 7695
361 5111
377 5521
577 6987
839 8207
841 9813
96 7935
325 5436
261 8726
681 8484
883 7659
659 9587
837 5389
573 5419
842 5815
744 5754
501 9029
670 7551
276 7790
940 7930
208 8304
659 9379
1029 7536
183 8369
986 8084
757 8640
862 7841
161 6985
102 5726
743 5035
343 6449
931 6539
207 5234
938 7110
611 8247
337 7678
1053 7967
282 6132
1027 8991
525 9971
758 6857
419 6022
861 5074
560 5811
776 7576
640 5859
1066 7338
921 6406
355 7154
790 5024
989 6239
211 6684
323 5410
905 7288
1034 9972
173 6835
1030 6999
879 6876
329 6601
790 8268
141 8353
387 5235
713 6752
480 5912
272 5310
242 8290
608 6317
241 6810
69 9278
170 8439
584 8033
717 5562
66 5210
34 7433
647 5154
495 9424
469 5131
14 7796
18 5891
84 6574
175 6121
378 7383
182 9611
724 6574
963 9733
841 7261
746 8934
119 5897
831 8075
979 6725
379 6320
556 8487
410 5260
1061 5717
164 8855
477 9473
746 8826
535 7587
857 7889
559 6665
723 6151
962 6516
74 7388
221 5651
300 6524
697 5558
343 7961
823 6754
765 7941
561 7154
454 8170
909 5556
627 7571
496 5189
856 6223
538 5811
181 8045
664 7282
418 9864
987 8523
80 7251
809 7777
835 5159
1070 8067
27 8592
571 5517
384 9706
859 9925
134 5637
279 8033
344 5341
846 5509
77 5363
497 7278
31 6203
918 6740
316 5211
521 8648
51 9501
420 6584
520 7128
850 9921
91 7909
19 7581
102 7740
