
2000 717500
94 485
506 326
416 248
992 421
649 322
237 795
457 43
815 845
446 955
422 252
791 9
359 901
667 122
598 94
7 738
544 574
334 715
766 882
994 367
893 984
633 299
131 433
428 682
700 72
617 874
874 138
720 856
419 145
794 995
196 529
997 199
116 277
908 97
539 719
707 242
569 107
537 122
931 70
726 98
487 600
772 645
513 267
81 972
943 895
58 213
303 748
764 487
536 923
724 29
789 674
479 540
142 554
339 467
641 46
196 710
494 553
66 191
824 724
208 730
711 988
800 90
314 340
289 549
401 196
466 865
689 678
833 570
225 936
244 722
849 651
113 123
379 431
361 508
65 585
486 853
686 642
286 992
889 725
24 286
491 812
891 859
90 663
181 88
214 179
17 187
472 619
418 261
419 846
356 192
682 261
306 514
201 886
385 530
952 849
500 294
194 799
737 391
324 330
992 298
224 790
260 275
97 826
210 72
649 866
919 951
63 748
958 685
804 956
518 564
428 183
537 400
346 721
153 207
971 323
662 611
197 116
91 109
529 795
126 343
747 862
469 685
770 10
934 881
723 984
895 403
568 360
172 449
958 541
383 272
308 877
970 359
583 707
48 308
930 770
569 30
3 208
20 311
609 100
887 939
825 422
930 785
904 370
241 989
379 969
376 143
962 972
889 28
443 61
216 638
338 348
160 347
406 66
159 391
31 638
204 295
420 826
153 196
425 449
331 855
565 143
838 487
9 140
918 564
533 615
232 135
957 564
591 360
576 793
746 163
377 859
858 760
86 711
434 662
558 159
279 660
840 268
735 948
574 315
126 676
912 341
739 689
821 894
625 706
917 490
201 478
993 671
149 932
52 899
759 237
267 187
256 472
783 772
117 98
516 906
180 911
25 635
380 225
712 823
266 164
216 343
448 732
541 502
664 740
954 576
726 612
772 902
531 454
943 411
750 973
327 703
917 850
5 77
113 220
913 802
791 403
998 181
859 10
345 525
431 919
675 668
833 527
438 462
523 291
916 605
420 457
115 405
660 417
261 279
772 685
388 596
764 307
843 224
206 322
407 840
639 975
852 401
542 91
60 327
757 330
82 182
637 603
93 793
614 615
136 733
187 864
102 16
972 863
163 987
501 306
477 34
492 840
121 700
80 706
138 787
660 105
229 834
827 798
448 310
230 609
832 690
489 561
586 579
291 60
665 388
660 309
702 407
153 200
606 313
123 970
253 33
709 273
832 277
108 997
888 40
481 227
283 860
858 940
284 608
711 990
850 590
239 806
943 52
195 801
95 764
410 710
664 386
900 593
112 50
963 494
754 156
458 936
19 965
225 86
569 723
97 184
194 868
754 340
602 412
61 487
695 209
347 346
719 860
100 307
97 95
843 821
745 941
286 821
492 587
116 201
531 665
424 527
253 812
426 424
413 459
980 343
291 836
833 506
486 179
9 916
575 430
922 596
145 808
897 269
404 512
742 811
728 685
269 567
103 776
745 855
35 718
779 853
71 97
80 146
842 746
128 15
941 965
227 512
30 480
342 958
605 665
531 191
364 964
359 515
867 606
820 822
313 536
207 693
911 19
308 335
430 101
685 922
641 294
113 910
141 410
690 250
700 546
559 729
481 609
503 720
766 976
7 759
882 798
859 74
182 648
425 299
542 785
683 846
853 390
938 897
89 416
624 837
181 247
878 293
933 144
580 938
252 467
207 480
658 955
20 665
954 26
347 564
759 449
446 26
14 521
657 301
710 321
980 613
188 388
636 879
203 990
432 188
129 963
630 820
509 300
237 822
373 255
838 277
395 153
692 400
103 227
218 518
384 447
931 315
396 813
389 324
640 502
287 299
297 780
977 376
512 516
219 212
555 329
398 810
289 486
798 485
598 416
49 952
572 894
697 358
770 21
725 647
542 44
214 683
887 361
45 814
94 231
282 8
82 165
319 496
626 699
146 852
541 459
874 535
725 314
777 944
554 306
208 459
787 637
976 447
912 408
444 107
3 962
301 565
164 407
437 857
652 317
764 98
41 818
737 600
176 288
136 902
128 567
394 190
235 749
42 908
824 276
684 748
979 592
568 393
367 363
52 163
642 983
335 179
126 16
130 478
583 259
129 868
752 295
167 596
856 71
640 622
770 864
431 644
195 5
448 365
701 429
952 64
880 854
168 770
79 88
961 157
472 368
217 421
709 719
147 271
296 975
909 816
764 962
251 535
878 438
753 696
570 881
253 318
666 45
931 52
433 496
810 313
678 138
123 334
212 988
66 508
206 770
750 751
64 780
466 441
337 207
510 516
796 674
175 408
437 920
938 573
848 634
561 878
718 990
948 826
649 696
569 800
663 411
582 422
843 707
202 334
702 986
579 494
725 150
803 562
340 380
156 832
832 979
602 376
234 511
688 414
184 160
978 982
413 238
633 490
585 899
606 251
963 526
350 897
242 39
539 657
739 452
267 538
165 831
177 460
720 185
802 934
644 440
82 490
798 168
197 71
173 977
81 458
235 204
112 803
103 139
268 399
879 420
643 991
106 578
122 972
444 177
262 398
691 348
997 496
446 276
171 825
549 614
281 121
211 730
112 341
408 284
730 698
363 17
89 546
605 672
938 974
168 866
705 377
47 559
400 340
215 527
114 779
51 761
881 483
549 92
679 390
328 583
250 661
203 391
481 336
752 661
707 125
82 89
63 275
660 359
21 178
287 780
219 42
500 5
820 380
95 772
44 816
748 9
678 484
276 545
478 589
663 157
594 901
757 777
947 74
448 247
570 55
313 479
981 785
795 958
552 680
389 393
280 944
864 596
636 619
512 611
892 852
184 283
947 299
614 766
625 312
149 826
377 726
474 733
18 805
662 679
416 403
1 964
530 337
752 541
22 478
981 369
777 946
957 821
275 833
584 837
582 490
121 37
951 594
668 129
118 258
319 246
896 362
521 755
948 504
248 71
474 177
351 176
54 803
155 237
660 677
871 33
486 115
294 597
425 769
245 536
382 956
371 341
708 184
544 234
794 569
387 216
738 537
520 84
281 810
502 657
91 33
503 159
924 520
16 668
33 287
344 229
349 374
606 474
896 672
595 915
441 511
102 123
52 569
654 199
710 396
434 715
245 59
36 610
661 917
413 927
13 270
370 117
400 516
195 215
984 216
476 237
164 615
405 499
674 477
196 760
608 285
907 56
532 966
51 622
716 221
327 194
880 91
710 347
267 252
400 473
376 516
609 385
320 357
196 958
538 665
935 792
404 64
100 420
126 671
855 968
94 877
731 177
253 523
8 139
393 152
543 732
348 246
318 565
489 740
22 902
998 17
49 973
381 298
10 611
429 32
221 11
150 337
717 136
530 889
332 522
942 805
565 28
216 931
61 757
170 609
872 544
644 905
208 595
680 246
697 113
639 175
679 156
961 244
361 883
802 265
359 883
839 462
718 485
280 272
252 204
280 984
102 409
615 398
296 909
481 370
956 882
230 214
259 766
922 35
706 421
272 271
156 370
552 848
485 50
536 976
70 270
902 796
452 963
35 379
947 991
378 551
57 897
352 307
669 421
702 74
141 388
458 559
463 980
756 615
887 681
332 231
528 207
656 818
254 331
787 979
495 445
370 348
10 724
200 401
327 646
17 668
374 242
755 302
980 861
376 830
8 77
32 441
460 589
804 990
23 189
869 868
943 996
715 363
628 237
73 420
199 565
38 214
209 333
327 726
912 175
799 58
372 625
976 66
120 169
667 475
188 204
28 90
704 496
649 1
746 474
697 449
712 252
289 332
625 287
953 189
462 889
302 63
79 378
41 206
823 897
908 230
665 382
36 575
732 60
809 529
66 477
291 290
591 89
583 961
252 461
479 702
530 532
224 680
788 53
309 642
366 1000
352 891
402 822
545 152
113 324
967 633
454 267
723 381
14 272
20 506
308 419
644 461
713 526
482 978
336 468
289 729
496 795
326 581
530 383
167 226
522 421
830 386
91 273
116 484
747 676
395 107
958 229
756 902
262 962
703 105
511 84
481 991
449 701
888 689
599 655
306 600
492 538
803 499
445 881
316 981
889 473
785 383
765 679
491 573
589 589
124 480
741 145
898 624
725 923
682 915
131 232
398 974
906 735
753 678
312 640
790 644
301 212
945 123
447 253
197 943
27 18
573 916
589 327
934 640
209 615
529 470
899 655
15 288
592 401
92 840
575 633
814 707
354 424
127 682
374 194
566 855
594 190
973 728
645 178
603 275
712 88
32 367
298 544
561 738
906 963
626 460
143 266
504 727
836 33
361 442
431 628
554 384
24 244
416 482
735 765
243 446
454 247
932 913
494 560
648 528
357 594
596 935
788 462
536 621
759 660
200 564
566 302
741 936
217 592
219 724
832 118
819 299
487 251
473 129
241 96
64 167
516 169
857 381
218 976
490 767
504 837
707 407
342 203
475 387
175 735
786 706
171 335
232 40
888 821
866 131
976 159
253 978
619 53
642 849
460 478
218 19
218 230
667 453
949 336
89 931
488 588
568 449
526 566
860 272
4 883
772 731
734 80
259 213
270 177
6 872
424 626
204 940
313 150
159 379
205 833
25 517
951 724
721 973
635 581
293 839
712 272
410 412
465 839
366 492
74 553
23 718
416 738
764 839
49 390
817 588
507 523
152 630
256 770
562 746
495 49
414 369
78 537
912 115
59 215
259 971
258 602
841 551
137 40
590 494
383 252
869 158
939 72
282 177
880 667
479 483
454 815
730 19
556 745
195 339
409 614
580 302
99 319
913 670
798 513
318 566
790 27
344 322
80 645
468 210
922 841
179 925
347 521
231 975
597 269
607 929
903 478
310 970
223 684
10 231
845 673
905 348
58 232
93 727
759 597
912 397
906 539
43 907
76 892
552 699
670 408
671 361
353 789
837 529
12 190
889 880
912 236
377 715
56 718
585 439
852 814
715 902
421 658
330 410
51 412
840 90
697 678
848 951
826 37
198 593
341 737
274 211
740 134
339 847
875 490
400 95
603 435
474 737
126 860
973 310
973 548
581 984
788 660
629 86
799 635
475 941
959 56
80 372
917 650
91 964
783 735
773 682
712 151
655 283
953 773
279 643
701 898
706 817
147 269
355 731
100 507
498 841
261 207
591 752
630 318
374 126
960 153
917 101
406 560
759 743
618 816
981 980
641 1
131 82
920 886
534 377
453 465
397 753
51 842
301 547
197 580
910 754
211 37
851 548
42 896
919 656
30 537
674 78
979 540
764 597
937 314
656 845
590 361
337 930
997 654
643 841
652 810
632 98
827 814
659 898
56 237
97 236
304 397
771 468
680 160
344 168
561 189
632 123
666 783
235 991
71 775
327 565
824 906
1 604
948 233
851 693
780 209
603 279
380 231
84 675
684 370
757 814
605 276
304 238
358 710
294 931
742 879
37 492
4 81
707 347
131 417
660 582
89 801
455 195
303 403
680 247
970 356
934 627
951 858
404 803
446 236
349 572
93 485
672 586
158 748
772 235
891 859
532 788
621 345
347 861
227 342
555 779
16 595
303 963
941 260
833 366
190 835
622 733
345 834
893 442
192 773
430 880
160 873
767 793
170 173
810 402
318 60
690 628
224 19
52 146
411 685
203 138
785 593
219 202
61 500
919 89
191 433
711 63
294 514
937 865
253 393
103 269
316 111
625 614
639 272
641 973
139 609
45 236
316 496
218 24
293 871
747 227
879 420
633 850
10 127
356 170
665 224
536 722
823 189
603 597
392 286
258 22
771 957
820 536
139 221
566 281
229 238
325 531
804 449
786 735
983 670
847 646
388 272
632 605
253 394
405 508
137 537
283 955
678 477
659 969
706 692
786 963
313 829
143 638
713 206
244 185
489 187
844 129
896 300
602 114
210 305
930 199
692 916
457 839
241 899
950 452
229 185
212 561
222 848
32 191
747 830
869 860
245 873
575 649
818 591
204 974
584 974
822 452
198 397
942 350
942 597
899 13
375 392
327 343
479 756
66 387
950 924
464 188
286 68
573 552
294 166
137 435
557 14
423 797
427 254
95 300
715 431
403 367
453 197
735 233
1 149
145 62
782 38
848 69
456 425
490 810
679 878
461 503
844 308
70 798
599 437
888 798
395 36
733 583
795 412
368 195
94 878
114 388
46 438
795 532
583 3
321 268
714 417
332 277
257 229
906 445
301 380
277 974
651 248
218 433
109 1000
558 874
388 939
121 760
372 473
228 811
208 766
326 306
572 556
50 521
753 364
77 460
266 136
227 458
502 784
337 648
31 783
629 960
215 137
353 591
274 875
343 440
758 263
838 40
478 835
595 943
255 749
331 263
362 597
84 5
16 999
459 161
220 35
16 891
865 459
719 996
292 592
175 54
461 985
301 401
759 298
715 459
207 77
129 611
681 159
261 467
893 737
399 895
377 49
189 382
360 285
14 388
728 972
314 265
225 729
534 810
914 973
94 818
549 295
674 532
434 58
211 736
986 187
863 896
802 998
279 997
31 476
810 259
968 475
187 494
791 130
190 151
410 639
592 855
886 480
875 478
763 386
352 672
58 361
815 894
562 460
571 148
322 660
465 628
418 329
198 975
554 1
656 507
108 750
453 109
909 915
576 700
646 75
114 896
313 229
692 85
759 144
643 536
462 919
860 516
904 473
959 25
663 25
209 611
564 44
233 722
478 980
716 563
616 672
107 914
979 541
466 882
971 142
76 259
886 35
498 543
150 689
442 721
136 142
36 530
37 503
344 450
550 248
355 599
980 919
473 636
957 181
324 873
859 154
570 427
294 604
260 313
674 363
339 594
259 813
382 829
660 49
430 791
760 554
682 499
664 226
358 345
114 432
142 758
19 64
753 843
163 637
121 941
94 965
398 448
587 857
98 968
142 351
303 758
968 351
533 980
982 662
568 357
519 914
277 548
622 723
517 23
720 170
635 351
55 113
263 783
285 766
189 527
628 206
7 644
290 258
655 861
387 728
641 69
742 128
741 392
793 145
802 51
897 112
262 253
193 340
882 932
131 817
482 965
573 480
443 724
203 839
965 500
75 746
807 811
805 373
513 605
472 252
797 172
690 394
295 177
784 98
532 377
155 486
110 855
884 290
173 130
78 355
714 842
633 233
477 101
119 686
718 736
15 930
472 700
328 69
793 607
199 879
999 916
177 960
525 408
948 679
498 138
495 185
890 782
906 49
334 453
385 630
399 429
338 853
520 545
829 651
481 765
99 159
680 1000
87 179
802 717
890 885
839 32
339 838
883 186
67 470
544 185
357 921
457 376
444 986
642 934
152 171
59 645
616 46
59 681
987 43
353 234
530 103
958 496
613 389
838 931
85 579
86 132
569 908
479 772
683 677
400 343
370 703
882 139
146 344
116 387
760 909
407 539
447 304
388 655
41 378
658 92
119 862
28 411
457 362
198 397
17 290
432 152
321 611
427 173
205 137
344 946
563 365
304 475
47 982
694 920
91 802
961 66
644 778
109 744
959 464
969 313
42 341
108 685
648 331
49 85
228 676
929 91
527 534
967 166
316 51
582 966
840 841
575 625
503 114
911 16
305 113
989 826
836 506
369 738
587 564
232 455
452 735
900 264
952 548
81 738
995 853
562 575
739 569
705 365
5 620
557 264
490 193
294 21
361 373
900 84
47 250
205 288
145 132
846 151
658 419
849 521
680 974
148 655
96 648
210 737
690 298
19 187
831 981
679 965
726 954
528 166
15 248
564 636
847 560
721 563
9 24
700 896
446 803
858 16
699 274
271 714
977 449
533 229
154 280
756 423
871 868
912 124
727 970
968 231
569 935
163 808
618 23
685 210
650 88
807 151
393 770
276 555
304 613
911 866
233 223
42 303
400 305
162 306
51 900
734 964
933 397
366 898
16 59
177 628
360 225
742 537
725 612
868 633
489 314
501 478
632 981
365 904
196 819
496 108
744 179
145 152
501 598
880 349
248 80
683 762
500 314
389 513
620 205
91 584
721 652
859 894
665 198
416 143
481 671
320 302
865 611
126 631
757 526
963 526
781 403
240 231
330 830
518 283
824 864
935 755
51 159
309 220
18 447
863 800
1 833
749 805
658 791
577 412
579 857
509 408
154 895
923 360
397 827
687 971
959 961
617 519
637 335
623 238
174 883
775 222
608 886
306 708
1000 475
957 876
641 123
472 127
726 384
305 745
714 284
643 429
708 685
631 512
489 503
829 599
746 983
732 462
732 992
669 270
422 491
54 282
900 831
682 167
666 115
957 661
109 564
454 934
964 608
933 513
140 53
195 659
24 646
657 164
231 763
169 825
128 949
537 355
264 811
46 164
4 851
900 289
802 392
68 224
450 460
126 903
58 347
398 638
486 101
451 587
335 797
162 881
106 210
745 243
969 969
432 298
159 253
634 593
565 453
16 657
610 72
503 222
511 319
752 61
55 694
469 384
829 801
692 136
177 536
211 958
499 647
115 526
984 28
818 904
233 509
424 884
976 565
371 601
406 323
334 522
784 192
676 103
168 451
427 867
432 602
531 783
337 311
677 994
537 172
1000 51
379 389
103 237
785 721
943 597
412 492
572 331
828 380
771 259
939 726
594 55
19 501
500 459
376 790
689 4
776 634
474 117
575 601
953 808
143 544
510 542
221 590
615 827
599 817
567 617
545 32
727 879
558 692
307 685
564 88
331 911
568 546
881 580
649 997
746 937
393 988
237 351
517 661
521 630
213 360
820 908
199 203
813 479
14 251
803 162
448 905
207 167
86 862
123 369
220 181
158 765
944 251
424 909
311 645
399 568
59 847
253 538
233 540
312 99
790 423
849 246
202 165
552 544
653 52
788 131
893 372
113 471
498 625
442 684
929 378
86 534
12 73
318 540
258 671
524 127
579 412
424 972
468 823
364 663
81 784
399 588
896 496
151 170
626 153
367 199
837 152
640 258
124 283
572 289
408 608
358 463
895 180
884 329
523 221
438 294
278 125
25 625
729 427
996 796
956 151
188 867
519 122
35 370
311 840
195 115
829 875
784 912
904 85
99 969
443 714
904 7877
691 9832
76 6789
495 6523
78 6548
115 9116
889 5499
661 6813
326 5970
825 9433
678 8556
908 5445
534 6044
384 9076
389 9253
302 5338
235 5525
46 9956
556 7406
889 5325
8 9726
304 7566
980 5174
859 7748
513 5917
973 7892
140 8588
713 8533
934 9855
253 7476
620 7186
329 6501
674 8913
211 5163
29 6652
370 6509
956 9800
377 8104
382 5377
404 5960
337 8165
4 6882
138 9401
941 8530
266 9020
275 8447
981 6246
84 8318
85 8900
561 9495
701 5634
878 7165
487 6829
649 7152
508 7288
897 7167
404 8775
182 7062
309 6125
524 9009
675 6477
566 7662
188 5664
796 5991
534 9356
486 7258
403 6678
976 7859
399 5285
385 7048
953 7209
278 8296
533 8600
315 7950
407 9569
664 8646
433 9593
804 9775
852 8654
90 9355
568 8895
129 8384
646 7906
592 5431
847 7460
897 8045
545 9412
163 9375
477 9149
787 8482
305 5131
920 5689
443 9832
610 6898
59 5765
724 6035
528 5683
691 7450
74 7960
933 5527
452 8374
127 5417
782 8426
442 8819
142 8321
713 9858
317 7616
462 5223
292 5604
407 5221
714 5420
795 6613
851 8454
647 5791
206 7918
420 7217
992 9268
601 5399
351 7452
255 8584
174 7355
457 8385
106 5253
841 6597
427 9678
226 7573
991 5368
508 6415
227 8280
739 7733
4 8481
759 6891
475 6398
709 8741
469 5414
318 7740
318 8291
417 5553
732 7271
739 6582
621 5160
828 7462
680 8758
438 5465
177 5617
27 5283
749 9630
172 7161
363 6826
517 7859
408 5627
848 5176
162 7076
578 6474
913 7870
89 6645
204 8332
612 6572
51 8728
252 9503
462 5045
333 6985
593 9126
49 5115
158 8427
420 9037
303 6543
150 7247
324 9643
736 7239
251 6252
396 6924
376 5487
524 7171
263 5764
69 5950
435 7372
487 9978
116 7104
322 6441
897 5082
548 5753
497 6835
213 8300
257 7393
957 7225
529 5767
385 7193
740 8928
907 9030
336 5815
552 8179
441 8516
635 6792
995 6425
835 5335
877 7996
494 6499
192 7095
71 8351
558 6506
633 6741
562 8240
842 6922
799 6692
12 8478
992 8706
900 9033
5 6574
604 6365
829 6329
119 9361
27 5118
1000 8995
170 8781
112 6794
487 5113
37 6346
194 5029
171 8751
680 8820
489 6452
579 5122
290 9540
408 5261
515 6194
585 7471
463 5566
999 5613
566 7667
603 9055
868 9454
333 6935
815 8852
960 9362
861 9774
950 6600
329 7497
938 5218
123 9693
422 6038
30 5492
822 6291
356 8325
427 8229
650 6547
374 6035
461 6745
186 7970
14 8936
69 5803
511 9042
980 6885
512 5100
696 6480
608 9794
369 9432
972 7387
65 8196
820 5303
287 6533
447 9009
213 7552
977 6545
537 7533
344 5432
230 9028
362 6772
82 9522
337 8189
117 7021
469 8085
645 9685
155 5794
720 7859
625 8564
591 6761
60 5743
204 7144
947 7334
653 9273
424 7771
427 9431
948 7353
196 6659
794 6561
11 6117
542 8106
95 5229
456 9760
178 9612
603 8669
709 6496
387 6155
942 6613
129 8642
497 9175
66 8316
448 8583
805 9586
532 6964
445 5976
982 7326
117 6371
515 5887
465 6250
738 6901
335 9216
859 6293
877 5846
633 6786
151 5994
475 7709
637 6754
859 9113
660 6154
352 8252
313 6315
858 7887
325 5205
701 9202
901 9326
134 6075
570 8183
71 6589
918 5995
590 9644
8 6952
791 6393
557 9005
477 7254
666 6012
417 9202
595 6375
5 5792
543 7266
891 9976
101 6834
481 5671
310 5677
687 7122
589 8759
820 5529
937 6225
42 9369
992 7636
38 5004
159 8655
303 9089
687 9190
168 9351
763 7831
532 7571
808 9847
858 7257
568 9245
741 9614
305 5766
760 7153
37 7281
955 5204
439 5709
530 7434
3 6986
816 9060
253 9005
928 6859
912 5637
111 6871
994 8050
190 5147
721 8553
709 6723
232 6228
841 9991
293 8267
237 6623
114 8640
557 7690
156 7085
451 7752
518 5438
705 6663
70 8332
668 9209
224 5037
840 7372
215 6906
455 7383
714 6229
757 7002
496 8536
965 7177
580 5170
143 8755
347 5787
743 7423
562 5102
248 8443
167 8453
386 9689
998 5302
27 6060
255 9961
226 9406
918 7116
690 6869
426 5518
346 7675
51 7811
294 8833
612 7597
245 6890
413 9600
343 9775
829 9706
135 6237
101 7412
173 7399
880 8078
41 9649
814 5546
720 7016
586 8300
175 5249
351 5763
283 7760
839 5246
578 8211
955 6414
922 8239
722 6123
134 7400
371 9232
177 6506
572 9015
47 7948
673 5067
152 6580
34 7245
987 8200
752 7553
329 6329
972 6565
650 8119
897 8328
90 6811
559 5828
945 9491
192 9610
78 9342
399 5314
776 8180
741 7129
989 5294
935 8534
813 9458
491 6618
102 5712
354 6234
659 5018
441 6290
554 6348
195 5882
553 6553
74 8130
90 9956
771 8984
275 8574
221 5247
165 7804
352 7130
993 8495
8 7815
918 5736
41 9292
52 5056
442 7972
995 6797
227 7636
619 5721
16 6772
314 8151
954 6146
746 8579
870 5022
448 9352
449 8407
556 7864
367 8860
32 7187
521 6518
711 6780
392 9386
104 5205
421 5718
759 6135
260 8112
904 5061
778 9408
893 7850
464 6260
318 7282
102 5026
220 7966
137 7351
330 9117
31 8509
157 9447
39 9078
115 7577
596 5262
746 9767
29 8315
740 7445
790 5240
119 8851
910 8630
704 9483
872 9520
381 8262
334 9386
941 5243
895 8138
968 8484
925 6147
927 8279
482 7312
604 5131
918 7626
708 5096
525 7452
711 9382
37 8104
11 8523
673 7777
501 5130
948 9831
856 6257
690 5998
569 8707
811 6326
780 9807
40 9674
384 5212
313 7779
86 8600
553 6188
228 5602
158 8092
970 7000
436 6545
663 7015
964 7093
195 7226
160 9996
154 5695
295 7645
64 7283
563 5771
762 5886
403 9784
930 8284
362 9805
919 9618
78 9811
828 8011
229 7120
232 6312
183 7215
548 9465
33 6658
858 6599
520 9258
517 6828
788 6452
44 5364
675 9736
766 8357
951 7148
694 8397
186 7707
37 6011
47 7541
145 8860
871 9127
843 9438
877 9808
283 5835
541 6575
774 5420
32 5774
137 5892
253 8342
510 7277
544 7742
434 9143
706 7087
90 5321
324 8064
608 7104
264 8293
667 7792
683 5645
617 8500
71 6354
429 5303
877 5085
880 7289
965 9865
619 6106
680 7490
297 8544
478 8580
655 7574
215 9275
237 6723
337 9322
318 6851
33 5047
129 5315
789 9525
877 7962
780 5756
15 6304
623 6933
721 6077
612 5279
599 7034
547 6709
196 6985
306 8975
903 7373
372 8293
234 7424
517 5362
702 7752
528 5156
63 6608
844 7648
63 9310
17 7526
227 8733
701 7779
659 7644
198 7862
523 7365
433 9803
138 9156
64 6566
452 5069
515 8413
440 6707
141 5454
970 6965
846 9580
167 5748
224 8952
31 5270
499 9753
1 9836
176 5467
674 5186
169 9923
330 5828
821 9946
286 7724
13 8081
368 7611
331 5460
180 6836
906 5458
976 7211
230 6191
838 7142
794 7020
119 6109
93 6981
998 6844
791 5560
363 6781
192 7874
488 7512
484 6088
732 8110
102 9823
596 9246
785 6525
905 7422
208 9305
217 5982
699 5681
502 5003
852 7167
910 6985
506 5906
219 5936
321 9880
459 7320
621 7203
111 6175
195 6054
859 8936
978 8834
327 7120
970 9865
801 5576
929 5763
127 9563
419 9784
814 5345
866 7156
543 6448
408 8181
392 5708
373 9676
26 5417
152 7295
260 9947
316 6155
452 7006
258 5329
532 9717
971 5316
4 7930
119 6430
473 9869
906 5229
424 7539
843 8797
397 9173
297 9142
417 9606
507 9764
746 6371
472 6492
102 9278
804 8970
244 8456
963 7164
125 5915
884 5032
283 6632
709 9055
965 9487
176 5150
761 5042
632 9569
625 7323
785 5445
268 7514
423 8062
165 8414
781 9117
481 9490
939 9242
798 9698
813 8962
968 9117
80 9608
645 5417
719 9622
811 5982
544 9660
259 8538
907 6343
48 8360
209 9949
103 5433
545 7991
315 6717
218 6481
653 7837
99 7204
918 9129
630 5290
657 6981
218 5400
820 9369
160 6789
279 9732
507 7260
810 8202
35 7651
584 7979
452 9644
178 7297
344 9142
691 9707
848 9333
614 9664
231 7622
127 7384
597 8531
10 8141
184 6223
982 7744
716 9827
747 9925
948 5766
970 7015
690 8567
179 7414
640 7545
801 5735
965 6520
827 8150
78 8549
568 5628
412 6214
963 7909
694 8468
504 8725
577 6399
755 7420
455 9157
726 6676
464 6530
885 7855
133 6421
92 5152
388 6335
167 5765
374 9865
546 6118
234 5152
182 8692
664 6980
894 7007
297 9496
535 7802
196 5813
121 6544
980 8466
596 6976
634 8528
489 7775
26 8466
851 9906
45 9477
910 8030
403 5658
828 7283
297 7917
952 8047
73 6347
565 8470
669 7560
250 9806
854 9877
908 9010
374 5813
201 9008
376 6026
754 7458
295 8063
875 7162
979 6161
895 8260
412 9929
118 6770
635 6516
72 8323
68 8940
82 7256
749 9403
345 6116
926 9922
302 8022
910 7276
427 8548
375 9207
499 8633
751 9224
857 7973
753 5948
909 9680
287 5226
847 9595
151 5948
573 8476
120 6074
62 6412
130 8920
698 6322
74 7122
619 7705
678 9434
126 9061
974 8871
502 5213
923 5787
621 6278
215 7747
162 7613
576 6065
855 7570
119 9286
616 8723
137 9561
713 7686
149 5236
482 6767
634 8361
368 9252
443 5241
513 9503
722 9673
41 5658
209 5375
163 6490
979 5712
156 5299
494 8979
985 5132
368 7595
211 9519
246 5038
206 5606
831 5547
711 7635
826 9765
35 8297
260 6507
135 7872
30 7441
975 6564
242 5199
109 7670
167 8250
279 5575
66 9862
745 8260
206 8851
625 9007
154 8736
502 8779
424 7690
33 6853
575 5229
963 9180
372 5186
457 9178
365 9002
6 7608
939 5211
458 9375
988 9247
310 6645
753 6006
404 8374
119 8392
935 8088
608 7778
924 6554
965 8169
715 7646
804 7432
648 5211
103 5360
166 7671
464 8222
65 9609
892 6473
945 8671
369 8775
498 9630
961 5378
128 7390
623 6703
312 6938
147 8700
625 7320
572 6431
822 6736
720 8651
559 8017
206 9036
570 7383
471 9509
545 8910
973 7236
920 5714
488 5837
645 7673
533 8155
500 7782
749 9542
682 9957
813 8602
937 8072
123 9696
242 8181
314 6829
693 9203
293 9978
831 5507
266 5243
993 6327
881 5854
724 8035
806 7025
751 8391
840 7389
648 8415
844 8433
869 6806
444 9390
720 8157
829 6505
403 8001
697 7637
229 6894
326 6852
431 8983
918 6355
429 8725
635 7074
883 6294
307 5068
869 9412
483 6026
452 6735
285 7412
973 8358
76 9099
587 5625
350 9734
584 9543
120 5091
467 5577
215 5035
403 5657
270 9675
870 9440
448 9513
139 5046
618 8493
329 7843
340 6651
610 5351
396 9637
70 6839
186 6553
590 6972
437 6938
540 8990
407 7441
674 9567
865 7168
574 7847
796 7485
459 6148
688 8108
169 7553
373 5241
948 8731
673 8743
745 7416
947 7498
232 9391
970 7547
465 9106
633 9660
335 7550
189 8775
458 7647
99 5776
176 6944
759 7001
804 6595
506 5575
334 6682
825 5565
453 7335
938 6242
941 7451
495 8378
976 9013
380 8604
30 6593
514 8926
498 8652
587 6097
80 9799
567 5771
884 8394
574 7453
884 6817
140 8720
368 9343
803 5908
582 6487
639 9910
879 7771
623 9923
73 9061
547 7209
867 7348
839 7033
338 6723
873 7233
994 8301
558 6616
579 5723
268 8507
351 6996
749 5939
346 6459
246 7727
448 9738
937 9365
790 7790
270 8025
465 5904
157 8845
231 5565
265 6525
135 8140
80 9476
546 8372
748 5176
635 6056
179 6003
490 8319
461 9902
716 6280
506 5485
283 5486
577 6410
511 5500
295 6039
488 8432
587 9624
787 5816
464 5408
768 9790
388 8168
771 5718
656 6266
314 7928
460 5846
773 7924
733 9044
664 9104
141 8569
199 8629
315 5505
22 9702
441 9126
520 6605
678 5268
282 7156
595 8614
718 7721
772 7680
934 8228
833 5911
86 9390
102 7567
262 8497
995 9701
371 5987
529 5460
115 5353
563 6050
59 7510
661 6025
667 7976
101 9811
11 5746
398 8199
910 7210
993 9420
897 7268
509 6307
423 8746
551 9512
333 6457
107 7468
702 5079
409 5473
330 9016
202 5115
227 7813
864 6985
778 8987
667 9783
426 9877
365 6035
789 9601
261 5989
178 8896
699 8013
203 5125
291 5500
960 9023
627 6310
540 5469
967 9910
211 9494
15 7909
487 5073
469 8359
185 7671
143 7113
515 9040
135 6331
880 7023
112 6488
95 6510
771 8314
755 6263
816 8869
626 5890
733 8371
172 7594
698 5508
471 8607
256 5224
334 7284
648 7328
435 6838
55 9800
317 6261
370 8701
260 9022
111 9758
643 7101
791 5053
500 8166
725 8711
567 8573
478 5252
417 8214
857 8713
858 7367
115 5421
679 7065
826 9161
163 6895
236 9424
76 8202
946 8284
404 9563
67 5505
762 8967
983 5156
723 6118
704 7421
481 5642
393 5243
521 7041
625 7032
451 8011
700 6515
621 5634
455 10000
687 9486
630 9090
705 5436
317 5635
938 8076
34 6286
473 7881
499 5386
338 7021
12 8433
330 9893
760 5398
504 9573
220 9176
396 8130
930 9234
735 9056
91 5676
635 8802
330 9543
7 5269
836 9629
507 5590
5 7529
317 5215
242 9119
389 9977
850 5671
1 8161
258 9152
274 9599
988 7468
400 5203
360 6931
634 5174
771 5903
117 7582
753 9839
997 7128
312 7761
144 8440
833 6733
760 6131
256 6471
662 5639
492 8706
848 8382
698 5958
62 7384
739 7649
435 5401
438 7173
736 9646
518 7542
364 7825
250 5015
766 9027
383 6930
655 6160
69 9077
411 8842
878 5563
12 5316
931 6584
571 8893
150 5848
973 8063
633 6952
61 5949
173 8261
909 6142
28 6056
81 9157
945 9384
443 7455
685 9957
704 6681
187 7793
355 8580
150 6917
57 8286
956 6153
929 9204
809 6875
1000 9398
680 6949
543 5377
540 5471
851 9060
206 9341
14 6674
53 9319
323 6172
709 8297
435 5218
650 8051
777 6815
766 7772
669 7127
150 6393
644 8469
197 7747
922 6544
421 6888
121 7224
661 6163
561 7433
30 6161
914 7346
109 7079
492 9414
44 5222
458 6675
723 8526
499 5060
218 9783
469 9296
879 6624
13 7042
906 7750
495 8745
420 5734
904 8418
553 6722
520 8249
759 5693
984 8976
894 8201
446 9742
848 7363
1000 6104
862 7536
144 7059
418 6842
564 6459
814 6284
182 5024
392 9577
238 7348
271 9120
680 5275
520 5920
23 6155
663 9506
345 7488
803 6358
46 7968
484 9462
964 5689
608 5880
334 9541
466 5015
538 5038
701 9534
878 6162
200 5526
610 8818
84 6262
601 8510
826 8060
179 8345
516 6058
582 9381
436 8568
627 7430
729 5681
195 8357
546 6478
398 9527
703 8003
998 8895
405 9868
430 6913
534 8591
575 9508
63 8657
745 8260
336 6881
115 8954
404 6628
824 7890
139 9710
444 8250
534 6330
379 7256
531 7026
411 5070
285 7176
470 8971
735 8225
606 5064
246 8622
406 6418
110 9128
57 9917
497 7451
894 9061
687 9122
563 8825
531 8134
481 7616
357 9444
375 6503
39 5340
110 7955
551 9336
119 6028
690 6487
670 8195
133 8131
121 9054
48 7920
623 6169
769 8250
794 6875
49 8067
285 8684
162 5105
116 5479
607 5732
769 7282
933 5405
301 9328
238 9698
559 5716
390 6587
666 7925
968 9362
552 5767
52 5852
666 9187
55 6253
830 5777
212 5169
623 7069
261 8018
30 6010
922 5797
192 7587
396 7634
459 5851
119 7690
739 9299
778 5425
968 7891
226 5648
595 5157
28 8841
213 8589
682 6743
903 5696
526 6689
604 8024
67 7936
226 8548
493 7923
713 8758
917 6557
462 9092
604 6974
495 6098
330 5429
160 6353
911 7390
58 6054
313 5405
890 9999
52 8460
186 6713
273 6667
256 5969
932 9170
461 5438
233 7828
542 7040
376 9518
456 8625
19 7031
704 9433
999 9049
356 5641
244 9356
751 6652
942 9445
296 5138
590 7293
515 8777
358 6663
429 8897
174 6934
975 7748
133 6678
50 9482
32 8334
535 8462
288 7102
416 5069
387 7794
899 9319
905 7941
270 9076
770 6142
820 8932
668 9960
439 8717
195 9451
778 5136
780 5775
524 7491
661 5112
534 7152
744 6376
831 7957
598 7603
202 8142
187 9313
889 8932
891 6198
949 5373
881 5862
523 5101
166 8041
72 6838
184 6777
562 5414
627 6172
335 9571
410 7711
751 5931
600 7201
260 5473
669 7987
114 9560
633 9026
772 6295
595 9513
821 9361
875 6502
139 9733
671 7695
778 5818
930 9122
827 6221
671 7202
90 6329
151 9889
620 8792
999 8026
78 6404
667 6050
16 9706
196 8950
125 8218
228 6993
66 6975
675 8310
205 7474
339 8962
270 7233
278 6768
876 5972
341 8371
150 5129
595 9414
899 5262
658 9666
996 8616
988 6194
24 6533
599 8177
1 7950
947 6311
897 5522
698 5000
354 7995
951 8298
70 9901
26 9662
354 9597
272 5413
232 6154
196 5457
828 5681
13 9359
169 8127
46 5809
880 8107
61 5598
863 9901
751 8761
373 5526
695 9666
719 6547
88 7859
84 6427
684 9062
1000 6747
236 5583
999 7120
313 7315
27 7012
75 5821
877 6597
425 8450
747 8228
190 7938
215 5713
823 8832
216 6241
615 6597
304 9638
820 9362
701 9522
749 5931
370 5530
369 5936
507 8624
286 8287
565 7972
242 8175
251 6587
574 6919
950 8900
153 7728
105 7092
507 9380
415 6725
181 5065
999 8776
515 8550
828 5126
182 5748
721 8768
921 7214
145 7267
333 7665
611 9324
656 7088
703 9931
847 6257
394 8461
448 8438
429 7363
480 9126
318 5063
503 7477
120 5893
905 8909
412 6263
95 9183
766 9784
768 8827
105 8407
333 5581
574 8160
271 9103
226 9342
379 9134
927 6430
544 9176
423 7050
699 5029
341 7862
350 5819
990 6971
706 8255
452 6283
833 8229
70 6454
219 7115
695 7498
92 9824
807 9742
944 5858
74 5880
602 8547
514 6395
541 9087
1000 8444
528 5471
114 7880
201 8915
700 8498
449 7061
928 7114
631 7809
925 5721
52 6265
849 7334
444 8924
481 6880
945 8156
7 8070
958 9157
307 9102
675 5511
134 5446
699 6062
754 9849
253 9916
125 7528
974 7742
73 9604
651 9635
72 5283
490 8628
588 9451
78 7538
886 6425
403 7482
136 7386
18 5682
176 6655
467 7940
579 6501
734 9507
390 8156
544 9775
566 9262
424 6036
708 8374
543 7198
68 7935
415 9665
373 9039
167 7029
146 6378
120 9276
542 9119
135 9498
621 9869
396 8272
27 9415
128 7781
421 8497
977 6794
159 5140
414 5941
901 5275
720 6447
298 5420
1 6587
707 9691
162 6187
202 7365
334 5516
161 9624
901 9950
50 5549
938 9031
849 5785
246 7851
633 8950
860 7011
90 7950
397 7130
833 7020
516 5660
27 8504
652 7270
309 6662
746 8914
889 5109
291 5083
239 6878
744 5149
318 9859
58 9542
646 6382
933 8540
726 9145
344 5756
735 7329
310 7424
687 9912
335 7113
964 6434
342 9151
422 7258
520 5324
263 9611
180 5077
443 7554
441 6437
75 5625
730 5067
427 7602
941 6422
829 5752
49 6377
613 6676
628 6577
764 6278
154 6407
477 7370
669 8192
881 7144
147 9307
984 6965
871 9184
882 6578
979 9771
325 9989
508 7830
548 7949
922 6135
950 5718
20 5372
517 8424
418 9829
612 6298
989 9404
185 8219
979 5530
495 5240
885 9342
596 7265
955 8407
371 8214
512 7368
926 5149
497 6261
48 9326
793 8661
148 7248
805 9880
624 9069
741 7828
563 9852
541 8470
914 5959
303 8303
701 5926
44 7881
434 9892
895 9554
280 9007
659 5282
92 6226
731 5178
681 7786
223 8407
44 5285
494 6385
982 9308
953 6423
763 5595
147 8843
293 8698
482 6009
535 9500
886 7665
55 6315
469 5944
230 7818
132 9423
331 9735
517 7095
764 9724
38 7490
283 8514
647 9936
122 9447
119 7126
900 9444
649 7143
754 7113
113 5623
629 6288
433 8348
847 9198
189 5787
741 6036
731 7598
283 6946
894 9699
522 5675
213 9079
681 5683
118 7454
152 9510
513 8935
981 9212
524 7866
787 9009
38 9295
706 8941
499 6949
804 8483
277 9114
590 5841
54 7794
403 8792
935 7973
55 8277
392 5189
846 5904
966 7809
30 5526
56 5073
270 8634
281 7802
362 8890
686 7595
247 7182
41 5230
174 6548
11 7668
913 5615
305 9735
116 6111
134 5915
856 5118
3 8892
799 5103
113 9881
458 5320
355 6117
566 5892
608 6407
813 6892
535 8536
984 9117
498 7464
636 8249
101 5893
451 8307
100 9718
47 9382
90 6100
10 7759
337 9191
696 8530
623 7974
660 7603
344 6359
59 6418
993 7934
960 9690
584 9191
269 5531
773 6080
