5000 589600
585 485
194 94
426 326
606 506
348 248
516 416
521 421
1092 992
422 322
749 649
895 795
337 237
143 43
557 457
945 845
915 815
1055 955
546 446
352 252
522 422
109 9
891 791
1001 901
459 359
222 122
767 667
194 94
698 598
838 738
107 7
674 574
644 544
815 715
434 334
982 882
866 766
467 367
1094 994
1084 984
993 893
399 299
733 633
533 433
231 131
782 682
528 428
172 72
800 700
974 874
717 617
238 138
974 874
956 856
820 720
245 145
519 419
1095 995
894 794
629 529
296 196
299 199
1097 997
377 277
216 116
197 97
1008 908
819 719
639 539
342 242
807 707
207 107
669 569
222 122
637 537
170 70
1031 931
198 98
826 726
700 600
587 487
745 645
872 772
367 267
613 513
1072 972
181 81
995 895
1043 943
313 213
158 58
848 748
403 303
587 487
864 764
1023 923
636 536
129 29
824 724
774 674
889 789
640 540
579 479
654 554
242 142
567 467
439 339
146 46
741 641
810 710
296 196
653 553
594 494
291 191
166 66
824 724
924 824
830 730
308 208
1088 988
811 711
190 90
900 800
440 340
414 314
649 549
389 289
296 196
501 401
965 865
566 466
778 678
789 689
670 570
933 833
1036 936
325 225
822 722
344 244
751 651
949 849
223 123
213 113
531 431
479 379
608 508
461 361
685 585
165 65
953 853
586 486
742 642
786 686
1092 992
386 286
825 725
989 889
386 286
124 24
912 812
591 491
959 859
991 891
763 663
190 90
188 88
281 181
279 179
314 214
287 187
117 17
719 619
572 472
361 261
518 418
946 846
519 419
292 192
456 356
361 261
782 682
614 514
406 306
986 886
301 201
630 530
485 385
949 849
1052 952
394 294
600 500
899 799
294 194
491 391
837 737
430 330
424 324
398 298
1092 992
890 790
324 224
375 275
360 260
926 826
197 97
172 72
310 210
966 866
749 649
1051 951
1019 919
848 748
163 63
785 685
1058 958
1056 956
904 804
664 564
618 518
283 183
528 428
500 400
637 537
821 721
446 346
307 207
253 153
423 323
1071 971
711 611
762 662
216 116
297 197
209 109
191 91
895 795
629 529
443 343
226 126
962 862
847 747
785 685
569 469
110 10
870 770
981 881
1034 934
1084 984
823 723
503 403
995 895
460 360
668 568
549 449
272 172
641 541
1058 958
372 272
483 383
977 877
408 308
459 359
1070 970
807 707
683 583
408 308
148 48
870 770
1030 930
130 30
669 569
308 208
103 3
411 311
120 20
200 100
709 609
1039 939
987 887
522 422
925 825
885 785
1030 930
470 370
1004 904
1089 989
341 241
1069 969
479 379
243 143
476 376
1072 972
1062 962
128 28
989 889
161 61
543 443
738 638
316 216
448 348
438 338
447 347
260 160
166 66
506 406
491 391
259 159
738 638
131 31
395 295
304 204
926 826
520 420
296 196
253 153
549 449
525 425
955 855
431 331
243 143
665 565
587 487
938 838
240 140
109 9
664 564
1018 918
715 615
633 533
235 135
332 232
664 564
1057 957
460 360
691 591
893 793
676 576
263 163
846 746
959 859
477 377
860 760
958 858
811 711
186 86
762 662
534 434
259 159
658 558
760 660
379 279
368 268
940 840
1048 948
835 735
415 315
674 574
776 676
226 126
441 341
1012 912
789 689
839 739
994 894
921 821
806 706
725 625
590 490
1017 917
578 478
301 201
771 671
1093 993
1032 932
249 149
999 899
152 52
337 237
859 759
287 187
367 267
572 472
356 256
872 772
883 783
198 98
217 117
1006 906
616 516
1011 911
280 180
735 635
125 25
325 225
480 380
923 823
812 712
264 164
366 266
443 343
316 216
832 732
548 448
602 502
641 541
840 740
764 664
676 576
1054 954
712 612
826 726
1002 902
872 772
554 454
631 531
511 411
1043 943
1073 973
850 750
803 703
427 327
950 850
1017 917
177 77
105 5
320 220
213 113
902 802
1013 913
503 403
891 791
281 181
1098 998
110 10
959 859
625 525
445 345
1019 919
531 431
768 668
775 675
627 527
933 833
562 462
538 438
391 291
623 523
705 605
1016 916
557 457
520 420
505 405
215 115
517 417
760 660
379 279
361 261
785 685
872 772
696 596
488 388
407 307
864 764
324 224
943 843
422 322
306 206
940 840
507 407
1075 975
739 639
501 401
952 852
191 91
642 542
427 327
160 60
430 330
857 757
282 182
182 82
703 603
737 637
893 793
193 93
715 615
714 614
833 733
236 136
964 864
287 187
116 16
202 102
963 863
1072 972
1087 987
263 163
406 306
601 501
134 34
577 477
940 840
592 492
800 700
221 121
806 706
180 80
887 787
238 138
205 105
760 660
934 834
329 229
898 798
927 827
410 310
548 448
709 609
330 230
790 690
932 832
661 561
589 489
679 579
686 586
160 60
391 291
488 388
765 665
409 309
760 660
507 407
802 702
300 200
253 153
413 313
706 606
1070 970
223 123
133 33
353 253
373 273
809 709
377 277
932 832
1097 997
208 108
140 40
988 888
327 227
581 481
960 860
383 283
1040 940
958 858
708 608
384 284
1090 990
811 711
690 590
950 850
906 806
339 239
152 52
1043 943
901 801
295 195
864 764
195 95
810 710
510 410
486 386
764 664
693 593
1000 900
150 50
212 112
594 494
1063 963
256 156
854 754
1036 936
558 458
1065 965
119 19
186 86
325 225
823 723
669 569
284 184
197 97
968 868
294 194
440 340
854 754
512 412
702 602
587 487
161 61
309 209
795 695
446 346
447 347
960 860
819 719
407 307
200 100
195 95
197 97
921 821
943 843
1041 941
845 745
921 821
386 286
687 587
592 492
301 201
216 116
765 665
631 531
627 527
524 424
912 812
353 253
524 424
526 426
559 459
513 413
443 343
1080 980
936 836
391 291
606 506
933 833
279 179
586 486
1016 916
109 9
530 430
675 575
696 596
1022 922
908 808
245 145
369 269
997 897
612 512
504 404
911 811
842 742
785 685
828 728
667 567
369 269
876 776
203 103
955 855
845 745
818 718
135 35
953 853
879 779
197 97
171 71
246 146
180 80
846 746
942 842
115 15
228 128
1065 965
1041 941
612 512
327 227
580 480
130 30
1058 958
442 342
765 665
705 605
291 191
631 531
1064 964
464 364
615 515
459 359
706 606
967 867
922 822
920 820
636 536
413 313
793 693
307 207
119 19
1011 911
435 335
408 308
201 101
530 430
1022 922
785 685
394 294
741 641
1010 910
213 113
510 410
241 141
350 250
790 690
646 546
800 700
829 729
659 559
709 609
581 481
820 720
603 503
1076 976
866 766
859 759
107 7
898 798
982 882
174 74
959 859
748 648
282 182
399 299
525 425
885 785
642 542
946 846
783 683
490 390
953 853
997 897
1038 938
516 416
189 89
937 837
724 624
347 247
281 181
393 293
978 878
244 144
1033 933
1038 938
680 580
567 467
352 252
580 480
307 207
1055 955
758 658
765 665
120 20
126 26
1054 954
664 564
447 347
549 449
859 759
126 26
546 446
621 521
114 14
401 301
757 657
421 321
810 710
713 613
1080 980
488 388
288 188
979 879
736 636
1090 990
303 203
288 188
532 432
1063 963
229 129
920 820
730 630
400 300
609 509
922 822
337 237
355 255
473 373
377 277
938 838
253 153
495 395
500 400
792 692
327 227
203 103
618 518
318 218
547 447
484 384
415 315
1031 931
913 813
496 396
424 324
489 389
602 502
740 640
399 299
387 287
880 780
397 297
476 376
1077 977
616 516
612 512
312 212
319 219
429 329
655 555
910 810
498 398
586 486
389 289
585 485
898 798
516 416
698 598
1052 952
149 49
994 894
672 572
458 358
797 697
121 21
870 770
747 647
825 725
144 44
642 542
783 683
314 214
461 361
987 887
914 814
145 45
331 231
194 94
108 8
382 282
265 165
182 82
596 496
419 319
799 699
726 626
952 852
246 146
559 459
641 541
635 535
974 874
414 314
825 725
1044 944
877 777
406 306
654 554
559 459
308 208
737 637
887 787
547 447
1076 976
508 408
1012 912
207 107
544 444
1062 962
103 3
665 565
401 301
507 407
264 164
957 857
537 437
417 317
752 652
198 98
864 764
918 818
141 41
700 600
837 737
388 288
276 176
1002 902
236 136
667 567
228 128
290 190
494 394
849 749
335 235
1008 908
142 42
376 276
924 824
848 748
784 684
692 592
1079 979
493 393
668 568
463 363
467 367
263 163
152 52
1083 983
742 642
279 179
435 335
116 16
226 126
578 478
230 130
359 259
683 583
968 868
229 129
395 295
852 752
696 596
267 167
171 71
956 856
722 622
740 640
964 864
870 770
744 644
531 431
105 5
295 195
465 365
548 448
529 429
801 701
164 64
1052 952
954 854
980 880
870 770
268 168
188 88
179 79
257 157
1061 961
468 368
572 472
521 421
317 217
819 719
809 709
371 271
247 147
1075 975
396 296
916 816
1009 909
1062 962
864 764
635 535
351 251
538 438
978 878
796 696
853 753
981 881
670 570
418 318
353 253
145 45
766 666
152 52
1031 931
596 496
533 433
413 313
910 810
238 138
778 678
434 334
223 123
1088 988
312 212
608 508
166 66
870 770
306 206
851 751
850 750
880 780
164 64
541 441
566 466
307 207
437 337
616 516
610 510
774 674
896 796
508 408
275 175
1020 920
537 437
673 573
1038 938
734 634
948 848
978 878
661 561
1090 990
818 718
926 826
1048 948
796 696
749 649
900 800
669 569
511 411
763 663
522 422
682 582
807 707
943 843
434 334
302 202
1086 986
802 702
594 494
679 579
250 150
825 725
662 562
903 803
480 380
440 340
932 832
256 156
1079 979
932 832
476 376
702 602
611 511
334 234
514 414
788 688
260 160
284 184
1082 982
1078 978
338 238
513 413
590 490
733 633
999 899
685 585
351 251
706 606
626 526
1063 963
997 897
450 350
139 39
342 242
757 657
639 539
552 452
839 739
638 538
367 267
931 831
265 165
560 460
277 177
285 185
820 720
1034 934
902 802
540 440
744 644
590 490
182 82
268 168
898 798
171 71
297 197
1077 977
273 173
558 458
181 81
304 204
335 235
903 803
212 112
239 139
203 103
499 399
368 268
520 420
979 879
1091 991
743 643
678 578
206 106
1072 972
222 122
277 177
544 444
498 398
362 262
448 348
791 691
596 496
1097 997
376 276
546 446
925 825
271 171
714 614
649 549
221 121
381 281
830 730
311 211
441 341
212 112
384 284
508 408
798 698
830 730
117 17
463 363
646 546
189 89
772 672
705 605
1074 974
1038 938
966 866
268 168
477 377
805 705
659 559
147 47
440 340
500 400
627 527
315 215
879 779
214 114
861 761
151 51
583 483
981 881
192 92
649 549
490 390
779 679
683 583
428 328
761 661
350 250
491 391
303 203
436 336
581 481
761 661
852 752
225 125
807 707
189 89
182 82
375 275
163 63
459 359
760 660
278 178
121 21
880 780
387 287
142 42
319 219
105 5
600 500
480 380
920 820
872 772
195 95
916 816
144 44
109 9
848 748
584 484
778 678
645 545
376 276
689 589
578 478
257 157
763 663
1001 901
694 594
877 777
857 757
174 74
1047 947
347 247
548 448
155 55
670 570
579 479
413 313
885 785
1081 981
1058 958
895 795
780 680
652 552
493 393
489 389
1044 944
380 280
696 596
964 864
719 619
736 636
711 611
612 512
952 852
992 892
383 283
284 184
399 299
1047 947
866 766
714 614
412 312
725 625
926 826
249 149
826 726
477 377
833 733
574 474
905 805
118 18
779 679
762 662
503 403
516 416
1064 964
101 1
437 337
630 530
641 541
852 752
578 478
122 22
469 369
1081 981
1046 946
877 777
921 821
1057 957
933 833
375 275
937 837
684 584
590 490
682 582
137 37
221 121
694 594
1051 951
229 129
768 668
358 258
218 118
346 246
419 319
462 362
996 896
855 755
621 521
604 504
1048 948
171 71
348 248
277 177
574 474
276 176
451 351
903 803
154 54
337 237
255 155
777 677
760 660
133 33
971 871
215 115
586 486
697 597
394 294
869 769
525 425
636 536
345 245
1056 956
482 382
441 341
471 371
284 184
808 708
334 234
644 544
669 569
894 794
316 216
487 387
637 537
838 738
184 84
620 520
910 810
381 281
757 657
602 502
133 33
191 91
259 159
603 503
620 520
1024 924
768 668
116 16
387 287
133 33
329 229
444 344
474 374
449 349
574 474
706 606
772 672
996 896
1015 915
695 595
611 511
541 441
223 123
202 102
669 569
152 52
299 199
754 654
496 396
810 710
815 715
534 434
159 59
345 245
710 610
136 36
1017 917
761 661
1027 927
513 413
370 270
113 13
217 117
470 370
616 516
500 400
315 215
295 195
316 216
1084 984
337 237
576 476
715 615
264 164
599 499
505 405
577 477
774 674
860 760
296 196
385 285
708 608
156 56
1007 907
1066 966
632 532
722 622
151 51
321 221
816 716
294 194
427 327
191 91
980 880
447 347
810 710
352 252
367 267
573 473
500 400
616 516
476 376
485 385
709 609
457 357
420 320
1058 958
296 196
765 665
638 538
892 792
1035 935
164 64
504 404
520 420
200 100
771 671
226 126
1068 968
955 855
977 877
194 94
277 177
831 731
623 523
353 253
239 139
108 8
252 152
493 393
832 732
643 543
346 246
448 348
665 565
418 318
840 740
589 489
1002 902
122 22
117 17
1098 998
1073 973
149 49
398 298
481 381
711 611
110 10
132 32
529 429
111 11
321 221
437 337
250 150
236 136
817 717
989 889
630 530
622 522
432 332
905 805
1042 942
128 28
665 565
1031 931
316 216
857 757
161 61
709 609
270 170
644 544
972 872
1005 905
744 644
695 595
308 208
346 246
780 680
213 113
797 697
275 175
739 639
256 156
779 679
344 244
1061 961
983 883
461 361
365 265
902 802
983 883
459 359
562 462
939 839
585 485
818 718
372 272
380 280
304 204
352 252
1084 984
380 280
509 409
202 102
498 398
715 615
1009 909
396 296
470 370
581 481
982 882
1056 956
314 214
330 230
866 766
359 259
135 35
1022 922
521 421
806 706
371 271
372 272
470 370
256 156
948 848
652 552
150 50
585 485
1076 976
636 536
370 270
170 70
896 796
1002 902
1063 963
552 452
479 379
135 35
1091 991
1047 947
651 551
478 378
997 897
157 57
407 307
452 352
521 421
769 669
174 74
802 702
488 388
241 141
659 559
558 458
1080 980
563 463
715 615
856 756
781 681
987 887
331 231
432 332
307 207
628 528
918 818
756 656
431 331
354 254
1079 979
887 787
545 445
595 495
448 348
470 370
824 724
110 10
501 401
300 200
746 646
427 327
768 668
117 17
342 242
474 374
402 302
855 755
961 861
1080 980
930 830
476 376
177 77
108 8
541 441
132 32
689 589
560 460
1090 990
904 804
289 189
123 23
968 868
969 869
1096 996
1043 943
463 363
815 715
337 237
728 628
520 420
173 73
665 565
299 199
314 214
138 38
433 333
309 209
826 726
427 327
275 175
1012 912
158 58
899 799
725 625
472 372
166 66
1076 976
269 169
220 120
575 475
767 667
304 204
288 188
190 90
128 28
596 496
804 704
101 1
749 649
574 474
846 746
549 449
797 697
352 252
812 712
432 332
389 289
387 287
725 625
289 189
1053 953
989 889
562 462
163 63
402 302
478 378
179 79
306 206
141 41
997 897
923 823
330 230
1008 908
482 382
765 665
675 575
136 36
160 60
832 732
629 529
909 809
577 477
166 66
390 290
391 291
189 89
691 591
1061 961
683 583
561 461
352 252
802 702
579 479
632 532
630 530
780 680
324 224
153 53
888 788
742 642
409 309
1100 1000
466 366
991 891
452 352
922 822
502 402
252 152
645 545
424 324
213 113
733 633
1067 967
367 267
554 454
481 381
823 723
372 272
114 14
606 506
120 20
519 419
408 308
561 461
744 644
626 526
813 713
1078 978
582 482
568 468
436 336
829 729
389 289
895 795
596 496
681 581
426 326
483 383
630 530
326 226
267 167
521 421
622 522
486 386
930 830
373 273
191 91
584 484
216 116
776 676
847 747
207 107
495 395
329 229
1058 958
1002 902
856 756
1062 962
362 262
205 105
803 703
184 84
611 511
1091 991
581 481
801 701
549 449
789 689
988 888
755 655
699 599
700 600
406 306
638 538
592 492
599 499
903 803
981 881
545 445
1081 981
416 316
573 473
989 889
483 383
885 785
779 679
865 765
673 573
591 491
689 589
689 589
580 480
224 124
245 145
841 741
724 624
998 898
1023 923
825 725
1015 915
782 682
332 232
231 131
1074 974
498 398
835 735
1006 906
778 678
853 753
740 640
412 312
744 644
890 790
312 212
401 301
223 123
1045 945
353 253
547 447
1043 943
297 197
118 18
127 27
1016 916
673 573
427 327
689 589
740 640
1034 934
715 615
309 209
570 470
629 529
755 655
999 899
388 288
115 15
501 401
692 592
940 840
192 92
733 633
675 575
807 707
914 814
524 424
454 354
782 682
227 127
294 194
474 374
955 855
666 566
290 190
694 594
828 728
1073 973
278 178
745 645
375 275
703 603
188 88
812 712
467 367
132 32
644 544
398 298
838 738
661 561
1063 963
1006 906
560 460
726 626
366 266
243 143
827 727
604 504
133 33
936 836
542 442
461 361
728 628
531 431
484 384
654 554
344 244
124 24
582 482
516 416
865 765
835 735
546 446
343 243
347 247
554 454
1013 913
1032 932
660 560
594 494
628 528
748 648
694 594
457 357
1035 935
696 596
562 462
888 788
721 621
636 536
760 660
859 759
664 564
300 200
402 302
666 566
1036 936
841 741
692 592
317 217
824 724
319 219
218 118
932 832
399 299
919 819
351 251
587 487
229 129
573 473
196 96
341 241
267 167
164 64
269 169
616 516
481 381
957 857
1076 976
318 218
867 767
590 490
937 837
604 504
507 407
807 707
303 203
442 342
487 387
575 475
835 735
275 175
806 706
886 786
435 335
271 171
140 40
332 232
921 821
988 888
231 131
966 866
259 159
1076 976
1078 978
353 253
153 53
719 619
949 849
742 642
578 478
560 460
119 19
318 218
330 230
318 218
553 453
767 667
436 336
1049 949
1031 931
189 89
688 588
588 488
549 449
668 568
666 566
626 526
372 272
960 860
983 883
104 4
831 731
872 772
180 80
834 734
313 213
359 259
277 177
370 270
972 872
106 6
726 626
524 424
1040 940
304 204
250 150
413 313
479 379
259 159
933 833
305 205
617 517
125 25
824 724
1051 951
1073 973
821 721
681 581
735 635
939 839
393 293
372 272
812 712
512 412
510 410
939 839
565 465
592 492
466 366
653 553
174 74
818 718
123 23
838 738
516 416
939 839
864 764
490 390
149 49
688 588
917 817
623 523
607 507
730 630
252 152
870 770
356 256
846 746
662 562
149 49
595 495
469 369
514 414
637 537
178 78
215 115
1012 912
315 215
159 59
1071 971
359 259
702 602
358 258
651 551
941 841
140 40
237 137
594 494
690 590
352 252
483 383
258 158
969 869
172 72
1039 939
277 177
382 282
767 667
980 880
583 483
579 479
915 815
554 454
119 19
830 730
845 745
656 556
439 339
295 195
714 614
509 409
402 302
680 580
419 319
199 99
770 670
1013 913
613 513
898 798
666 566
418 318
127 27
890 790
422 322
444 344
745 645
180 80
310 210
568 468
941 841
1022 922
1025 925
279 179
621 521
447 347
1075 975
331 231
369 269
697 597
1029 929
707 607
578 478
1003 903
1070 970
410 310
784 684
323 223
331 231
110 10
773 673
945 845
448 348
1005 905
332 232
158 58
827 727
193 93
697 597
859 759
497 397
1012 912
639 539
1006 906
1007 907
143 43
992 892
176 76
799 699
652 552
508 408
770 670
461 361
771 671
889 789
453 353
629 529
937 837
290 190
112 12
980 880
989 889
336 236
1012 912
815 715
477 377
818 718
156 56
539 439
685 585
914 814
952 852
1002 902
815 715
758 658
521 421
510 410
430 330
512 412
151 51
190 90
940 840
778 678
797 697
1051 951
948 848
137 37
926 826
693 593
298 198
837 737
441 341
311 211
374 274
234 134
840 740
947 847
439 339
590 490
975 875
195 95
500 400
535 435
703 603
837 737
574 474
960 860
226 126
410 310
1073 973
648 548
1073 973
1084 984
681 581
760 660
888 788
186 86
729 629
735 635
899 799
1041 941
575 475
156 56
1059 959
472 372
180 80
750 650
1017 917
1064 964
191 91
835 735
883 783
782 682
873 773
251 151
812 712
383 283
755 655
873 773
1053 953
743 643
379 279
998 898
801 701
917 817
806 706
369 269
247 147
831 731
455 355
607 507
200 100
941 841
598 498
307 207
361 261
852 752
691 591
418 318
730 630
226 126
474 374
253 153
1060 960
201 101
1017 917
660 560
506 406
843 743
859 759
916 816
718 618
1080 980
1081 981
101 1
741 641
182 82
231 131
986 886
1020 920
477 377
634 534
565 465
553 453
853 753
497 397
942 842
151 51
647 547
401 301
680 580
297 197
854 754
1010 910
137 37
311 211
648 548
951 851
996 896
142 42
756 656
1019 919
637 537
130 30
178 78
774 674
640 540
1079 979
697 597
864 764
414 314
1037 937
945 845
756 656
461 361
690 590
1030 930
437 337
754 654
1097 997
941 841
743 643
910 810
752 652
198 98
732 632
914 814
927 827
998 898
759 659
337 237
156 56
336 236
197 97
497 397
404 304
568 468
871 771
260 160
780 680
268 168
444 344
289 189
661 561
223 123
732 632
883 783
766 666
1091 991
335 235
875 775
171 71
665 565
427 327
1006 906
924 824
704 604
101 1
333 233
1048 948
793 693
951 851
309 209
880 780
379 279
703 603
331 231
480 380
775 675
184 84
470 370
784 684
914 814
857 757
376 276
705 605
338 238
404 304
810 710
458 358
1031 931
394 294
979 879
842 742
592 492
137 37
181 81
104 4
447 347
807 707
517 417
231 131
682 582
760 660
901 801
189 89
295 195
555 455
503 403
403 303
347 247
780 680
456 356
1070 970
727 627
1034 934
958 858
1051 951
903 803
504 404
336 236
546 446
672 572
449 349
585 485
193 93
686 586
772 672
848 748
258 158
335 235
872 772
959 859
991 891
888 788
632 532
445 345
721 621
961 861
447 347
442 342
327 227
879 779
655 555
695 595
116 16
1063 963
403 303
360 260
1041 941
466 366
933 833
935 835
290 190
833 733
722 622
934 834
445 345
542 442
993 893
873 773
292 192
980 880
530 430
973 873
260 160
893 793
867 767
273 173
270 170
502 402
910 810
160 60
418 318
728 628
790 690
119 19
324 224
246 146
152 52
785 685
511 411
238 138
303 203
693 593
885 785
302 202
319 219
600 500
161 61
189 89
1019 919
533 433
291 191
163 63
811 711
614 514
394 294
965 865
1037 937
493 393
353 253
369 269
203 103
211 111
416 316
714 614
725 625
372 272
739 639
1073 973
741 641
709 609
239 139
336 236
145 45
596 496
416 316
124 24
318 218
971 871
393 293
327 227
847 747
520 420
979 879
950 850
733 633
227 127
110 10
270 170
456 356
324 224
765 665
822 722
636 536
289 189
923 823
697 597
703 603
386 286
492 392
122 22
358 258
1057 957
871 771
636 536
920 820
321 221
239 139
381 281
666 566
338 238
329 229
631 531
425 325
549 449
904 804
835 735
886 786
770 670
1083 983
746 646
947 847
372 272
488 388
705 605
732 632
494 394
353 253
608 508
505 405
637 537
237 137
1055 955
383 283
577 477
778 678
1069 969
759 659
792 692
806 706
1063 963
886 786
929 829
413 313
738 638
243 143
306 206
813 713
285 185
344 244
287 187
589 489
229 129
944 844
400 300
996 896
214 114
702 602
405 305
310 210
299 199
1030 930
1016 916
792 692
939 839
557 457
999 899
341 241
552 452
1050 950
285 185
329 229
661 561
312 212
948 848
322 222
291 191
132 32
930 830
847 747
960 860
969 869
973 873
345 245
749 649
675 575
691 591
918 818
1074 974
304 204
1074 974
684 584
552 452
922 822
497 397
298 198
450 350
1042 942
697 597
1042 942
113 13
999 899
492 392
475 375
443 343
427 327
856 756
579 479
487 387
166 66
1024 924
1050 950
288 188
564 464
168 68
386 286
652 552
673 573
266 166
394 294
535 435
237 137
114 14
657 557
897 797
523 423
354 254
527 427
400 300
195 95
531 431
815 715
467 367
503 403
297 197
553 453
333 233
835 735
249 149
101 1
162 62
245 145
138 38
882 782
169 69
948 848
525 425
556 456
910 810
590 490
978 878
779 679
603 503
561 461
408 308
944 844
898 798
170 70
537 437
699 599
898 798
988 888
136 36
495 395
683 583
833 733
512 412
895 795
295 195
468 368
978 878
194 94
488 388
214 114
538 438
146 46
632 532
895 795
103 3
683 583
368 268
421 321
517 417
814 714
377 277
432 332
329 229
357 257
545 445
1006 906
480 380
401 301
1074 974
377 277
348 248
751 651
533 433
318 218
1100 1000
209 109
974 874
658 558
1039 939
488 388
860 760
221 121
573 473
472 372
911 811
328 228
866 766
308 208
406 306
426 326
656 556
672 572
621 521
150 50
464 364
853 753
560 460
177 77
236 136
366 266
558 458
327 227
884 784
602 502
748 648
437 337
883 783
131 31
1060 960
729 629
237 137
315 215
691 591
453 353
975 875
374 274
540 440
443 343
363 263
858 758
140 40
938 838
935 835
578 478
1043 943
695 595
849 749
355 255
363 263
431 331
697 597
462 362
105 5
184 84
1099 999
116 16
261 161
559 459
135 35
320 220
991 891
116 16
559 459
965 865
1096 996
819 719
692 592
392 292
154 54
275 175
1085 985
561 461
501 401
401 301
398 298
859 759
559 459
815 715
177 77
307 207
711 611
229 129
259 159
781 681
567 467
361 261
837 737
993 893
995 895
499 399
149 49
477 377
482 382
289 189
385 285
460 360
488 388
114 14
1072 972
828 728
365 265
414 314
829 729
325 225
910 810
634 534
1073 973
1014 914
918 818
194 94
395 295
649 549
632 532
774 674
158 58
534 434
836 736
311 211
287 187
1086 986
996 896
963 863
1098 998
902 802
1097 997
379 279
576 476
131 31
359 259
910 810
575 475
1068 968
594 494
287 187
230 130
891 791
251 151
290 190
739 639
510 410
955 855
692 592
580 480
986 886
578 478
975 875
486 386
863 763
772 672
452 352
461 361
158 58
994 894
915 815
560 460
662 562
248 148
671 571
760 660
422 322
728 628
565 465
429 329
518 418
1075 975
298 198
101 1
654 554
607 507
756 656
850 750
208 108
209 109
553 453
1015 915
1009 909
800 700
676 576
175 75
746 646
996 896
214 114
329 229
413 313
185 85
792 692
244 144
859 759
636 536
743 643
1019 919
562 462
616 516
960 860
573 473
1004 904
125 25
1059 959
125 25
763 663
711 611
309 209
144 44
664 564
822 722
333 233
1080 980
578 478
663 563
816 716
772 672
716 616
1014 914
207 107
641 541
1079 979
982 882
566 466
242 142
1071 971
359 259
176 76
135 35
986 886
643 543
598 498
789 689
250 150
821 721
542 442
242 142
236 136
630 530
136 36
603 503
137 37
550 450
444 344
348 248
650 550
699 599
455 355
1019 919
1080 980
736 636
573 473
281 181
1057 957
973 873
424 324
254 154
959 859
527 427
670 570
704 604
394 294
413 313
360 260
463 363
774 674
694 594
439 339
913 813
359 259
929 829
482 382
149 49
760 660
891 791
530 430
654 554
860 760
599 499
782 682
326 226
764 664
445 345
458 358
532 432
214 114
858 758
242 142
164 64
119 19
943 843
853 753
737 637
263 163
1041 941
221 121
1065 965
194 94
548 448
498 398
957 857
687 587
1068 968
198 98
451 351
242 142
858 758
403 303
451 351
1068 968
1080 980
633 533
762 662
1082 982
457 357
668 568
1014 914
619 519
648 548
377 277
823 723
722 622
123 23
617 517
270 170
820 720
451 351
735 635
213 113
155 55
883 783
363 263
866 766
385 285
627 527
289 189
306 206
728 628
744 644
107 7
358 258
390 290
961 861
755 655
828 728
487 387
169 69
741 641
228 128
842 742
492 392
841 741
245 145
893 793
151 51
902 802
212 112
997 897
353 253
362 262
440 340
293 193
1032 932
982 882
917 817
231 131
1065 965
582 482
580 480
673 573
824 724
543 443
939 839
303 203
600 500
1065 965
846 746
175 75
911 811
907 807
473 373
905 805
705 605
613 513
352 252
572 472
272 172
897 797
494 394
790 690
277 177
395 295
198 98
884 784
477 377
632 532
586 486
255 155
955 855
210 110
390 290
984 884
230 130
273 173
455 355
178 78
942 842
814 714
333 233
733 633
201 101
577 477
786 686
219 119
836 736
818 718
1030 930
115 15
800 700
572 472
169 69
428 328
707 607
893 793
979 879
299 199
1016 916
1099 999
1060 960
277 177
508 408
625 525
779 679
1048 948
238 138
598 498
285 185
595 495
882 782
990 890
149 49
1006 906
553 453
434 334
730 630
485 385
529 429
499 399
953 853
438 338
645 545
620 520
751 651
929 829
865 765
581 481
259 159
199 99
1100 1000
780 680
279 179
187 87
817 717
902 802
985 885
990 890
132 32
939 839
938 838
439 339
286 186
983 883
570 470
167 67
285 185
644 544
1021 921
457 357
476 376
557 457
1086 986
544 444
1034 934
742 642
271 171
252 152
745 645
159 59
146 46
716 616
781 681
159 59
143 43
1087 987
334 234
453 353
203 103
630 530
596 496
1058 958
489 389
713 613
1031 931
938 838
679 579
185 85
232 132
186 86
1008 908
669 569
872 772
579 479
777 677
783 683
443 343
500 400
803 703
470 370
239 139
982 882
444 344
246 146
487 387
216 116
1009 909
860 760
639 539
507 407
404 304
547 447
755 655
488 388
478 378
141 41
192 92
758 658
962 862
219 119
511 411
128 28
462 362
557 457
497 397
298 198
390 290
117 17
252 152
532 432
711 611
421 321
273 173
527 427
237 137
305 205
1046 946
444 344
465 365
663 563
575 475
404 304
1082 982
147 47
1020 920
794 694
902 802
191 91
166 66
1061 961
878 778
744 644
844 744
209 109
564 464
1059 959
413 313
1069 969
441 341
142 42
785 685
208 108
431 331
748 648
185 85
149 49
776 676
328 228
191 91
1029 929
634 534
627 527
266 166
1067 967
151 51
416 316
1066 966
682 582
941 841
940 840
725 625
675 575
214 114
603 503
116 16
1011 911
213 113
405 305
926 826
1089 989
606 506
936 836
838 738
469 369
664 564
687 587
555 455
332 232
835 735
552 452
364 264
1000 900
648 548
1052 952
838 738
181 81
953 853
1095 995
675 575
662 562
669 569
839 739
465 365
805 705
720 620
105 5
364 264
657 557
293 193
590 490
121 21
394 294
473 373
461 361
184 84
1000 900
350 250
147 47
388 288
305 205
232 132
245 145
251 151
946 846
519 419
758 658
621 521
949 849
1074 974
780 680
755 655
248 148
748 648
196 96
837 737
310 210
398 298
790 690
287 187
119 19
1081 981
931 831
1065 965
779 679
1054 954
826 726
266 166
628 528
348 248
115 15
736 636
664 564
660 560
947 847
663 563
821 721
124 24
109 9
996 896
800 700
903 803
546 446
116 16
958 858
374 274
799 699
814 714
371 271
549 449
1077 977
329 229
633 533
380 280
254 154
523 423
856 756
968 868
971 871
224 124
1012 912
1070 970
827 727
331 231
1068 968
1035 935
669 569
908 808
263 163
123 23
718 618
310 210
785 685
188 88
750 650
251 151
907 807
870 770
493 393
655 555
376 276
713 613
404 304
966 866
1011 911
323 223
333 233
403 303
142 42
405 305
500 400
406 306
262 162
1000 900
151 51
1064 964
834 734
497 397
1033 933
998 898
466 366
159 59
116 16
728 628
277 177
325 225
460 360
637 537
842 742
712 612
825 725
733 633
968 868
414 314
589 489
578 478
601 501
1081 981
732 632
1004 904
465 365
919 819
296 196
208 108
596 496
279 179
844 744
252 152
245 145
698 598
601 501
449 349
980 880
180 80
348 248
862 762
783 683
414 314
600 500
613 513
489 389
305 205
720 620
684 584
191 91
752 652
821 721
994 894
959 859
298 198
765 665
243 143
516 416
771 671
581 481
402 302
420 320
711 611
965 865
731 631
226 126
626 526
857 757
626 526
1063 963
503 403
881 781
331 231
340 240
930 830
430 330
383 283
618 518
964 864
924 824
855 755
1035 935
259 159
151 51
320 220
409 309
547 447
118 18
900 800
963 863
933 833
101 1
905 805
849 749
891 791
758 658
512 412
677 577
957 857
679 579
508 408
609 509
995 895
254 154
460 360
1023 923
927 827
497 397
1071 971
787 687
1061 961
1059 959
619 519
717 617
435 335
737 637
338 238
723 623
983 883
274 174
322 222
875 775
986 886
708 608
808 708
406 306
575 475
1100 1000
976 876
1057 957
223 123
741 641
227 127
572 472
484 384
826 726
845 745
405 305
384 284
814 714
529 429
743 643
785 685
808 708
612 512
731 631
603 503
589 489
699 599
929 829
1083 983
846 746
562 462
832 732
1092 992
832 732
370 270
769 669
591 491
522 422
382 282
154 54
931 831
1000 900
267 167
782 682
215 115
766 666
761 661
1057 957
664 564
209 109
1034 934
554 454
708 608
1064 964
613 513
1033 933
153 53
240 140
759 659
295 195
746 646
124 24
264 164
757 657
863 763
331 231
925 825
269 169
1049 949
228 128
455 355
637 537
911 811
364 264
264 164
146 46
951 851
104 4
389 289
1000 900
492 392
902 802
324 224
168 68
560 460
550 450
1003 903
226 126
447 347
158 58
738 638
498 398
201 101
586 486
687 587
551 451
897 797
435 335
981 881
262 162
310 210
206 106
343 243
845 745
1069 969
1069 969
398 298
532 432
353 253
259 159
693 593
734 634
553 453
665 565
757 657
116 16
172 72
710 610
322 222
603 503
419 319
611 511
161 61
852 752
794 694
155 55
484 384
569 469
901 801
929 829
236 136
792 692
636 536
277 177
1058 958
311 211
747 647
599 499
626 526
215 115
128 28
1084 984
1004 904
918 818
609 509
333 233
984 884
524 424
665 565
1076 976
701 601
471 371
423 323
506 406
622 522
434 334
292 192
884 784
203 103
776 676
551 451
268 168
967 867
527 427
702 602
532 432
883 783
631 531
411 311
437 337
1094 994
777 677
272 172
637 537
151 51
1100 1000
489 389
479 379
337 237
203 103
821 721
885 785
697 597
1043 943
592 492
512 412
431 331
672 572
480 380
928 828
359 259
871 771
826 726
1039 939
155 55
694 594
601 501
119 19
559 459
600 500
890 790
476 376
104 4
789 689
734 634
876 776
217 117
574 474
701 601
675 575
908 808
1053 953
644 544
243 143
642 542
610 510
690 590
321 221
927 827
715 615
917 817
699 599
717 617
667 567
132 32
645 545
979 879
827 727
792 692
658 558
785 685
407 307
188 88
664 564
1011 911
431 331
646 546
668 568
680 580
981 881
1097 997
749 649
1037 937
846 746
1088 988
493 393
451 351
337 237
761 661
617 517
730 630
621 521
460 360
313 213
1008 908
920 820
303 203
299 199
579 479
913 813
351 251
114 14
262 162
903 803
1005 905
548 448
267 167
307 207
962 862
186 86
469 369
223 123
281 181
320 220
865 765
258 158
351 251
1044 944
1009 909
524 424
745 645
411 311
668 568
499 399
947 847
159 59
638 538
353 253
640 540
333 233
199 99
412 312
523 423
890 790
346 246
949 849
265 165
302 202
644 544
652 552
152 52
753 653
231 131
888 788
472 372
993 893
571 471
213 113
725 625
598 498
784 684
542 442
478 378
1029 929
634 534
186 86
173 73
112 12
640 540
418 318
771 671
358 258
227 127
624 524
512 412
679 579
1072 972
524 424
923 823
568 468
763 663
464 364
884 784
181 81
688 588
499 399
596 496
996 896
270 170
251 151
253 153
726 626
299 199
467 367
252 152
937 837
358 258
740 640
383 283
224 124
389 289
672 572
708 608
508 408
563 463
458 358
280 180
995 895
429 329
984 884
321 221
623 523
394 294
538 438
225 125
378 278
725 625
125 25
527 427
829 729
896 796
1096 996
251 151
1056 956
967 867
288 188
222 122
619 519
470 370
135 35
940 840
411 311
215 115
295 195
975 875
929 829
1012 912
884 784
185 85
1004 904
1069 969
199 99
814 714
543 443
1071 971
838 738
843 743
813 713
298 198
209 109
735 635
488 388
141 41
936 836
740 640
361 261
831 731
793 693
322 222
553 453
636 536
589 489
265 165
614 514
411 311
170 70
224 124
434 334
873 773
811 711
1023 923
734 634
380 280
235 135
357 257
371 271
1061 961
552 452
367 267
769 669
338 238
228 128
910 810
384 284
271 171
624 524
388 288
243 143
489 389
1089 989
666 566
1094 994
174 74
380 280
913 813
492 392
149 49
573 473
275 175
331 231
854 754
995 895
557 457
1043 943
997 897
648 548
612 512
777 677
168 68
940 840
336 236
458 358
674 574
641 541
993 893
858 758
715 615
642 542
957 857
789 689
638 538
116 16
172 72
821 721
392 292
718 618
1016 916
1058 958
904 804
365 265
756 656
647 547
479 379
352 252
167 67
705 605
380 280
363 263
461 361
835 735
1084 984
278 178
371 271
516 416
589 489
541 441
356 256
498 398
982 882
107 7
325 225
104 4
629 529
127 27
610 510
739 639
1100 1000
513 413
291 191
602 502
913 813
326 226
998 898
427 327
520 420
270 170
570 470
811 711
719 619
223 123
477 377
1046 946
565 465
723 623
987 887
412 312
864 764
836 736
155 55
108 8
827 727
1015 915
944 844
122 22
744 644
750 650
281 181
931 831
271 171
608 508
645 545
634 534
539 439
515 415
647 547
996 896
517 417
1082 982
305 205
293 193
600 500
489 389
432 332
901 801
920 820
437 337
516 416
589 489
343 243
833 733
954 854
371 271
166 66
1042 942
336 236
1054 954
668 568
148 48
1069 969
1019 919
806 706
494 394
395 295
981 881
267 167
1017 917
873 773
475 375
379 279
110 10
761 661
548 448
827 727
228 128
938 838
630 530
504 404
641 541
843 743
411 311
334 234
416 316
629 529
573 473
291 191
481 381
932 832
752 652
637 537
102 2
466 366
237 137
980 880
449 349
1040 940
200 100
845 745
763 663
137 37
167 67
772 672
543 443
909 809
395 295
782 682
317 217
1079 979
1011 911
400 300
459 359
611 511
955 855
832 732
398 298
968 868
716 616
718 618
430 330
869 769
260 160
286 186
903 803
684 584
150 50
932 832
308 208
816 716
685 585
572 472
630 530
372 272
1051 951
598 498
754 654
465 365
1086 986
683 583
912 812
579 479
905 805
998 898
799 699
233 133
600 500
746 646
743 643
1015 915
644 544
155 55
1070 970
313 213
1087 987
723 623
988 888
975 875
746 646
613 513
498 398
456 356
610 510
686 586
725 625
116 16
794 694
1084 984
1033 933
522 422
593 493
454 354
120 20
314 214
204 104
990 890
330 230
312 212
1062 962
127 27
150 50
869 769
451 351
935 835
598 498
332 232
964 864
354 254
328 228
742 642
813 713
576 476
177 77
1019 919
507 407
1012 912
597 497
854 754
369 269
834 734
129 29
1067 967
297 197
141 41
498 398
359 259
847 747
1026 926
486 386
940 840
225 125
644 544
511 411
1008 908
459 359
325 225
944 844
169 69
680 580
221 121
208 108
623 523
938 838
778 678
508 408
693 593
914 814
765 665
521 421
414 314
1099 999
1092 992
607 507
696 596
657 557
458 358
745 645
624 524
671 571
263 163
632 532
1042 942
526 426
637 537
487 387
282 182
330 230
304 204
346 246
308 208
637 537
753 653
816 716
948 848
663 563
632 532
1047 947
203 103
733 633
971 871
934 834
1032 932
1038 938
607 507
429 329
1086 986
581 481
713 613
1057 957
423 323
505 405
690 590
789 689
477 377
432 332
1005 905
786 686
1032 932
1089 989
574 474
750 650
706 606
193 93
489 389
219 119
771 671
382 282
460 360
550 450
945 845
103 3
746 646
424 324
199 99
644 544
709 609
1057 957
601 501
834 734
864 764
368 268
698 598
799 699
342 242
271 171
490 390
251 151
161 61
379 279
359 259
991 891
619 519
242 142
926 826
480 380
1042 942
453 353
382 282
811 711
996 896
1029 929
1082 982
709 609
376 276
161 61
401 301
498 398
1052 952
485 385
956 856
731 631
528 428
959 859
355 255
325 225
823 723
307 207
380 280
428 328
1037 937
1071 971
137 37
647 547
1001 901
728 628
556 456
948 848
1096 996
643 543
690 590
964 864
555 455
328 228
610 510
185 85
767 667
768 668
929 829
1036 936
151 51
855 755
483 383
932 832
440 340
1028 928
1015 915
185 85
897 797
342 242
647 547
886 786
1100 1000
945 845
435 335
580 480
885 785
350 250
897 797
347 247
399 299
288 188
443 343
515 415
381 281
595 495
382 282
249 149
364 264
855 755
178 78
950 850
234 134
114 14
226 126
761 661
962 862
323 223
290 190
749 649
440 340
890 790
824 724
861 761
371 271
518 418
801 701
1059 959
564 464
727 627
505 405
768 668
330 230
529 429
253 153
798 698
1023 923
586 486
913 813
409 309
786 686
834 734
1025 925
851 751
121 21
489 389
158 58
439 339
395 295
672 572
1000 900
102 2
1056 956
973 873
186 86
357 257
446 346
1065 965
527 427
512 412
321 221
646 546
302 202
535 435
517 417
986 886
524 424
478 378
1043 943
905 805
983 883
1027 927
390 290
687 587
147 47
433 333
369 269
722 622
875 775
785 685
479 379
349 249
221 121
768 668
462 362
985 885
634 534
107 7
928 828
471 371
488 388
999 899
1008 908
649 549
494 394
405 305
382 282
166 66
532 432
218 118
543 443
1020 920
837 737
397 297
684 584
527 427
306 206
522 422
428 328
344 244
948 848
371 271
905 805
633 533
437 337
102 2
588 488
724 624
619 519
322 222
462 362
435 335
330 230
675 575
493 393
515 415
453 353
717 617
375 275
858 758
945 845
365 265
477 377
287 187
302 202
274 174
1071 971
320 220
531 431
411 311
608 508
182 82
925 825
370 270
326 226
782 682
819 719
1046 946
640 540
737 637
1073 973
1062 962
580 480
202 102
447 347
777 677
636 536
239 139
942 842
747 647
740 640
977 877
311 211
866 766
787 687
678 578
679 579
719 619
268 168
1022 922
778 678
135 35
344 244
858 758
579 479
329 229
849 749
616 516
149 49
1002 902
277 177
659 559
905 805
468 368
445 345
408 308
669 569
725 625
1026 926
155 55
373 273
1012 912
843 743
160 60
985 885
982 882
916 816
869 769
251 151
694 594
175 75
404 304
963 863
732 632
736 636
855 755
745 645
700 600
959 859
524 424
917 817
191 91
455 355
512 412
1030 930
1071 971
950 850
688 588
382 282
859 759
649 549
650 550
215 115
234 134
494 394
810 710
565 465
213 113
253 153
456 356
750 650
1085 985
715 615
439 339
946 846
1092 992
284 184
825 725
115 15
1055 955
404 304
1061 961
537 437
256 156
1043 943
163 63
1029 929
731 631
635 535
870 770
488 388
646 546
623 523
1088 988
615 515
1099 999
145 45
188 88
757 657
970 870
848 748
348 248
149 49
767 667
469 369
402 302
474 374
444 344
240 140
636 536
382 282
295 195
916 816
577 477
563 463
755 655
627 527
287 187
633 533
484 384
847 747
1055 955
1021 921
820 720
799 699
809 709
418 318
131 31
954 854
953 853
1038 938
115 15
763 663
1099 999
460 360
1041 941
288 188
258 158
785 685
1079 979
809 709
836 736
925 825
783 683
250 150
537 437
432 332
714 614
677 577
482 382
839 739
831 731
855 755
799 699
714 614
983 883
597 497
793 693
619 519
1004 904
539 439
750 650
1060 960
698 598
744 644
794 694
861 761
1062 962
410 310
818 718
754 654
819 719
1073 973
564 464
741 641
699 599
651 551
827 727
565 465
794 694
724 624
239 139
314 214
415 315
535 435
537 437
483 383
1092 992
549 449
404 304
454 354
172 72
728 628
654 554
955 855
812 712
125 25
685 585
134 34
802 702
661 561
351 251
168 68
258 158
1014 914
994 894
433 333
856 756
394 294
691 591
868 768
687 587
548 448
186 86
798 698
664 564
842 742
185 85
132 32
222 122
771 671
1093 993
816 716
142 42
183 83
198 98
263 163
237 137
1053 953
489 389
771 671
305 205
757 657
740 640
848 748
457 357
899 799
641 541
389 289
729 629
348 248
812 712
130 30
525 425
849 749
247 147
840 740
822 722
453 353
205 105
744 644
1099 999
908 808
482 382
172 72
959 859
522 422
313 213
476 376
360 260
1052 952
160 60
983 883
1008 908
807 707
798 698
719 619
764 664
764 664
189 89
966 866
954 854
261 161
763 663
994 894
1063 963
807 707
714 614
243 143
1014 914
707 607
246 146
421 321
205 105
187 87
511 411
999 899
930 830
165 65
260 160
262 162
786 686
751 651
312 212
558 458
114 14
679 579
945 845
303 203
1079 979
381 281
258 158
208 108
1039 939
529 429
627 527
882 782
818 718
186 86
775 675
963 863
1035 935
850 750
339 239
350 250
417 317
411 311
558 458
420 320
723 623
437 337
715 615
121 21
512 412
696 596
531 431
1093 993
739 639
1097 997
280 180
1061 961
957 857
907 807
740 640
981 881
597 497
227 127
657 557
1085 985
498 398
623 523
770 670
717 617
362 262
147 47
525 425
1094 994
275 175
561 7737
156 8821
400 7755
888 9863
519 8011
961 8632
1014 7389
1099 5404
377 8139
587 9497
647 5837
646 8129
1094 7750
896 6649
760 7283
161 8132
930 5711
695 7025
925 8167
283 5272
1062 5903
151 6421
448 9132
586 6391
271 5524
843 5152
1096 5357
287 8895
408 5669
980 6880
894 9416
750 6170
1006 9390
753 7708
597 7570
1000 5332
489 8205
443 7652
1003 10000
329 8865
590 8074
446 7963
446 8710
1099 9047
830 8352
967 7775
757 5054
192 7227
898 5606
598 6038
842 9851
431 9031
513 5939
1070 7362
529 5127
189 5640
338 9549
161 5593
122 7072
941 7101
141 8714
668 7710
109 7740
317 6849
201 5893
1048 5396
1063 6162
598 9560
538 6095
696 8623
971 9111
924 6080
413 8339
293 5388
513 9244
174 7686
375 5641
871 9607
222 6996
976 8634
321 5144
350 8450
602 9989
470 5950
222 5373
575 7966
262 7873
585 7299
601 7083
789 7988
779 8128
1094 7392
774 9616
1095 5150
436 6418
378 5395
869 6818
228 9590
864 6374
902 5628
301 7343
657 6860
722 8865
898 9757
113 8127
477 5864
508 6449
500 6537
927 8775
307 9064
235 5421
323 9457
769 7554
1020 7301
419 9920
1040 9786
1032 8682
847 6870
408 5830
300 6115
849 5117
201 9388
581 8271
710 7872
1096 6486
285 7617
524 8899
398 5459
157 6602
651 7384
918 9772
741 7219
327 9986
247 6843
132 7167
640 5673
1092 7152
315 9062
166 9526
514 5082
387 7969
1083 9397
472 7781
615 7332
784 5760
657 8244
1029 7996
813 7871
821 7460
855 8478
741 5580
181 7679
618 9421
863 8479
721 5139
165 5531
270 8964
172 6659
387 8299
912 8246
1055 8711
345 8963
854 9306
375 7865
975 5646
290 8520
211 8325
717 8531
434 6774
323 6398
993 6627
324 8086
962 5314
887 9964
1098 8118
322 6162
802 8803
908 7453
726 7955
341 9851
645 6402
864 7295
434 7756
1000 7463
652 5919
707 8668
725 6648
120 7722
340 9851
195 5731
149 9108
342 9385
687 5373
998 8038
194 5477
529 5112
279 8986
462 9797
118 7585
420 7053
265 9331
867 6924
102 8872
788 6335
198 6683
411 6147
324 9156
865 7787
527 9892
891 6034
327 9041
472 9195
872 5415
295 6390
754 9806
497 6250
573 6102
992 8274
982 8338
1046 7601
953 5485
1085 8782
910 6864
691 8723
544 7135
149 7092
357 5750
693 6795
263 8790
917 7493
828 6801
130 8638
560 5469
1085 6444
219 5958
862 7444
1028 6657
976 7486
416 6327
201 7991
868 9270
370 9488
1054 9835
170 8604
775 7880
420 6609
742 8286
290 6339
630 9861
234 7780
189 8182
501 6844
218 6212
1026 8018
1042 8197
873 6287
731 7058
739 5759
649 5519
281 8903
548 7759
555 9563
132 6496
512 9073
786 6158
1093 6453
541 8794
372 9677
861 8469
280 8829
539 9619
1071 7143
506 8991
822 7027
720 5902
995 7360
422 7654
427 7294
789 5154
821 6042
527 6729
1097 7083
281 7901
647 5363
462 5053
283 5119
768 9040
703 7448
996 7057
518 5748
636 8089
898 5252
400 5454
387 8229
599 9093
970 8862
205 7394
609 6894
636 6867
1002 5730
971 5563
533 7884
424 9867
363 7944
640 5942
750 6591
940 9581
1075 7636
153 5015
328 5050
526 5248
458 9981
627 5010
181 9523
233 6687
1046 6203
137 7326
743 7316
556 8431
912 7593
978 7717
839 8317
634 6882
664 5642
752 6186
846 5743
830 9634
412 9055
610 6772
617 5991
195 7122
449 9465
970 5676
474 5459
356 6764
183 9193
768 9285
409 8186
259 7534
122 9555
998 5214
366 9110
781 6378
767 5737
703 9964
1051 9437
291 6715
299 9501
254 8783
578 5220
263 8931
397 7506
851 7720
966 6653
915 9957
315 9627
760 6407
230 8701
157 9260
549 5092
215 7934
896 8622
986 9184
330 6271
441 5444
802 8701
683 5808
668 7513
111 7839
297 6668
112 6989
869 9992
849 6304
250 5064
195 7612
512 5085
623 7291
506 7443
1015 6280
474 7902
444 6535
621 8658
565 9251
206 5052
513 8856
295 5498
896 8657
282 9788
1072 7269
518 6183
753 6003
951 9211
526 6236
868 6590
672 5280
564 7538
707 7982
500 6780
906 7223
1052 8450
748 5786
748 6762
1018 8984
381 5053
378 9619
281 6037
1038 8035
380 9622
368 6364
295 7237
735 7175
274 5356
1025 5361
967 5970
391 7625
103 6194
1007 5692
802 9896
251 8706
448 8189
748 8653
190 8121
601 5391
836 9684
561 7478
912 5062
382 9593
249 9340
734 9578
134 5408
1095 5457
979 7067
490 9996
199 9246
809 7006
149 6034
590 8551
1064 7008
791 7256
663 9894
281 8505
349 9588
813 7999
1074 8645
782 7020
267 7316
788 7950
816 8717
888 6318
791 7488
983 7070
205 7627
565 6296
196 7684
1086 5654
956 5375
1062 8197
931 6251
424 9068
187 7126
842 9196
869 7713
1042 7082
389 8342
555 7803
249 6876
891 7729
694 7380
175 6470
715 7432
1000 6410
158 9909
467 8345
298 6895
1040 8952
142 7719
425 5396
1017 9360
275 9891
230 6860
1069 5094
976 8089
1025 9769
866 7618
1001 5186
950 6104
577 7737
733 5791
933 6355
402 6420
707 8964
282 5365
146 6433
1059 5676
201 8410
280 7199
989 6634
998 8315
705 5853
748 6092
983 7990
1051 6113
965 8125
363 9152
939 5059
104 8891
483 6243
137 9797
963 8327
1066 5329
965 9016
456 6399
105 5407
738 9955
139 5300
841 9557
296 8203
1037 6826
904 9771
197 6765
1019 5503
275 5355
558 6756
403 8220
1060 8942
544 7965
335 6127
774 7122
472 5838
788 6018
536 7043
245 7848
957 8966
339 7333
355 5108
1083 5371
927 7381
120 5555
568 6155
151 8677
790 6285
313 8154
579 8046
687 7553
723 9998
476 8572
537 9212
869 7268
635 6883
432 5576
693 9022
592 8435
530 9797
1044 8142
332 7671
234 6929
492 9178
315 6600
212 6060
124 5163
1099 7692
374 8839
429 6917
1009 8289
888 9407
830 9613
290 6764
332 5069
219 9788
144 9341
467 5721
940 9073
601 9784
782 9168
597 7857
585 9627
655 7874
747 7516
272 8429
808 9834
542 8935
846 8294
809 5868
838 7294
556 5435
694 7449
679 7979
853 5374
357 6996
476 5958
981 6085
623 9271
440 6333
316 5588
468 6351
211 9996
427 5969
493 5538
1020 6601
214 6369
385 6451
370 7299
369 6378
146 5035
1022 7038
667 9771
1029 5247
568 6990
560 9464
803 8323
1032 6695
460 5497
639 7699
105 6303
148 8911
252 5163
246 7380
841 9185
481 9072
243 6147
339 6668
375 8101
683 5821
729 8903
1009 6279
872 7086
263 7110
516 6090
832 8827
120 8819
238 7495
212 7898
936 9881
546 7663
433 7443
987 5229
858 5609
951 9339
959 7141
1030 7831
346 9363
751 6306
326 5856
681 7292
1082 9666
879 7070
534 6290
458 5241
585 6440
482 5484
527 8307
227 7473
182 8193
209 8161
492 5426
325 7959
757 9326
679 9358
289 5604
412 9230
416 9828
415 7516
992 5567
294 5756
889 6188
572 5168
168 7751
461 6501
181 6500
416 5833
781 9713
918 6893
378 9407
789 7109
347 8949
270 5082
136 5407
168 6092
1066 6246
295 8884
914 7823
910 6137
522 5207
859 5934
385 8689
911 6832
1013 6820
782 8235
320 7618
212 5405
311 6532
598 5451
592 6763
923 9524
798 5258
285 9583
640 6668
983 8801
209 9923
847 5131
268 6383
246 8284
781 9644
402 5114
532 7568
616 7263
725 7465
329 6682
601 5268
235 5924
556 7740
723 7143
363 6934
611 6246
929 7935
706 7561
483 9142
692 8369
594 8142
496 6387
618 5639
276 7635
487 8541
532 5542
858 5553
995 5088
308 8798
296 6567
442 8398
537 6050
463 5251
487 9455
658 9678
806 7214
948 9899
706 7271
855 5363
523 7009
877 7809
440 5638
383 5098
176 8597
561 9573
731 8671
718 8282
396 8648
635 8445
538 8960
866 6214
329 7357
525 8012
221 5402
268 5891
832 7430
845 8941
902 6968
1077 5017
232 7076
776 7350
841 6839
583 7568
342 7061
1076 5804
977 9161
887 7102
904 9128
545 5821
929 6402
894 7350
676 9474
899 6778
481 6544
623 9011
242 5076
342 7385
995 6735
797 9234
689 7672
248 7516
890 9420
1067 7068
976 7311
625 9090
110 9506
447 6617
1029 8732
660 6273
558 9124
531 7725
145 7386
584 6007
884 6814
198 6722
403 9585
111 9699
728 8659
409 7802
799 6093
1048 5584
388 9233
848 7101
775 8431
132 9184
531 7482
226 9665
520 7877
429 6814
591 7293
810 5072
927 6580
414 6369
1096 5505
591 7209
886 7043
145 5119
328 6286
766 7069
252 8490
431 7217
264 7781
873 8416
316 8240
293 6487
746 9210
821 7652
849 9700
520 9845
534 5734
246 8704
476 8263
490 8293
794 8985
558 9043
648 9500
323 9783
305 8025
111 9946
438 8635
340 6896
806 6026
912 8401
877 8326
506 5526
1000 5059
606 8539
458 5872
719 5689
1001 5831
580 8339
875 6799
999 9246
970 9784
757 7384
489 7591
451 7708
695 8331
401 5663
102 5975
1060 6713
689 8032
311 8253
935 9429
982 7665
181 5281
199 5627
247 8324
631 6722
539 8239
407 6616
672 7880
102 8899
882 8022
272 5831
806 8196
675 5279
628 7927
1069 9514
746 9892
587 5038
420 7044
168 7762
554 7603
638 6552
1094 7234
171 6403
108 5476
294 5545
352 5179
1069 5816
909 8937
391 8685
153 5981
817 5133
330 9811
1047 7288
782 7829
185 7003
819 6983
103 7125
1021 5369
554 9542
550 6020
559 5804
832 7398
764 7732
538 8806
110 7660
266 6565
905 8048
491 8033
901 6882
200 9157
316 7948
602 5896
688 7097
746 9192
163 9850
143 6851
543 8454
199 6525
129 7689
1062 8421
776 6421
991 6326
429 5591
311 6012
127 5640
779 9684
180 9147
921 8331
285 8149
326 6260
241 6378
278 7249
529 8871
689 7520
880 9002
655 5956
789 6515
265 8265
934 7398
969 5244
296 8950
814 5760
862 8554
349 8450
386 9379
1050 8548
837 9444
741 8420
170 5575
275 6750
428 6693
480 8961
979 8037
245 5181
216 9703
994 8909
264 8106
680 9629
702 8186
138 6728
688 5081
529 7005
595 5098
322 8092
532 5292
1026 6136
628 8716
376 5870
276 6040
132 9260
147 6030
779 5438
170 5347
953 7609
101 8240
885 8545
984 9522
531 6965
792 7029
374 5568
596 9370
710 7222
910 7115
670 8648
711 5994
212 8498
376 5341
250 9676
247 8678
732 6801
863 5676
479 6098
112 5542
1087 5615
571 8760
857 6432
785 5161
617 5141
131 5151
276 5692
476 9704
194 6307
730 7864
444 7729
189 8525
246 7046
623 7291
918 6197
531 5658
587 8317
799 9484
346 6857
139 6072
826 5948
617 8305
829 9587
456 6745
985 9569
909 9340
235 5116
125 7017
499 5633
298 6648
456 5857
682 7897
599 6716
630 6742
719 6474
369 9285
921 5283
780 8530
645 5261
1091 7940
167 8379
962 8667
557 5116
256 6968
1084 8647
709 7625
680 9702
110 7659
302 6135
578 7828
729 7653
580 6361
515 8515
171 8815
810 7991
348 9514
534 8560
872 9110
269 5506
351 5805
777 9364
826 9053
682 7288
167 7466
601 5405
223 7780
552 6399
479 5184
352 8564
879 7957
256 6424
1061 9675
1032 6054
272 6245
885 7473
588 6199
167 5168
760 9354
258 5116
531 7436
1073 9371
326 9904
882 5130
593 8806
751 8771
702 5098
965 5174
843 8414
982 8345
487 6007
1059 8006
195 6720
249 7053
474 8588
476 5398
773 6939
731 6410
1038 6797
835 7499
1057 5134
577 8624
703 7531
1005 6847
820 7361
166 6748
675 5885
692 9526
736 6991
1080 8773
404 8065
659 6727
466 7080
482 7668
483 8621
325 7691
643 7836
551 6463
408 9678
144 5183
928 6946
363 8609
513 5047
170 6321
377 7565
353 7201
466 9312
404 8971
250 7182
388 5601
404 5570
811 6617
537 5988
379 6460
1100 9734
983 5462
965 7001
820 6152
689 6014
107 7595
974 7574
994 8367
430 9971
452 8282
668 5609
390 6785
999 6481
664 8626
457 9872
1099 7859
961 8818
163 7401
311 6187
716 5809
415 8046
772 5544
166 7992
763 8129
1049 7535
285 8701
359 8427
231 9640
127 9737
1065 7940
926 5654
939 5961
1079 8563
255 7167
570 7326
728 5646
612 9529
924 6894
581 6408
595 9313
365 6467
953 7098
822 8285
405 6041
315 7526
566 7688
924 6626
511 8017
166 5004
828 6160
994 6969
400 8888
138 9104
880 7760
905 6812
147 5328
789 6545
993 5693
574 8622
936 9822
137 6131
710 5201
774 5187
942 7494
848 5552
259 5558
142 9134
603 6277
612 9028
429 5164
687 7870
266 5910
1071 8124
901 8062
870 6412
146 6343
827 5010
1019 7904
192 7763
1098 8347
215 7615
1032 8707
253 9128
782 7627
512 6916
347 5205
259 6824
451 6804
1094 9559
596 7892
215 8896
159 9533
835 8729
302 7760
478 6892
618 6145
170 9213
740 5573
144 6086
902 6710
970 5507
649 9052
540 9723
516 9477
568 5394
613 7991
1099 7217
803 8685
655 6695
350 5907
1080 8640
617 8239
308 8967
697 7101
679 9019
805 8456
305 7573
992 6933
1087 8158
687 9239
572 8379
581 9859
350 9248
852 7193
1044 9912
109 5653
687 5284
534 8841
1065 9945
1021 8338
795 9586
122 9432
443 6340
388 6741
773 5797
620 8928
682 6776
840 5523
1094 6374
551 5638
808 6124
650 6389
244 5188
964 9668
161 6969
316 8053
770 5887
1053 9530
404 7261
1068 8165
626 5557
226 8078
701 6588
312 5290
597 7218
381 8383
970 5019
583 9376
445 8103
957 9920
648 5409
754 5446
677 7923
1037 7337
1008 7403
831 9829
466 9780
982 8743
762 8096
856 5580
602 9127
388 7719
1075 8767
370 6408
1030 8496
138 7198
395 5475
321 8895
475 7434
860 9382
1004 8318
1086 7359
562 8206
130 9371
599 8133
682 6686
1089 7550
745 9793
1011 8821
1087 8810
578 5266
507 8738
734 7803
864 5127
629 5397
281 5661
644 9424
207 9713
234 6706
847 6816
588 8968
742 9473
843 5127
933 6076
684 5311
364 9518
923 5653
732 6785
445 7435
606 7062
811 6584
951 6352
313 9629
684 5604
1094 5324
668 9110
677 9402
105 6153
991 8132
568 7998
317 7185
599 9731
887 5932
1047 6636
1005 9229
414 6992
931 8759
506 5983
1082 5654
391 9468
657 6926
836 5886
570 7173
484 6494
600 8592
867 8553
309 5466
167 6259
141 5372
606 9054
850 6386
282 6752
105 5139
1095 8427
876 6831
630 8627
989 5577
348 8082
268 5482
765 5537
962 9352
889 8228
432 7631
1034 9718
1083 9215
603 9286
616 9176
921 6316
1022 9628
453 9629
822 6433
856 5988
843 8169
265 8309
213 5840
498 5932
656 5508
589 6737
913 9678
453 8999
184 6588
236 9785
999 7528
110 9664
137 6125
774 6710
101 6821
341 8939
203 5034
540 5884
322 6206
284 9391
397 5600
743 7855
105 6091
721 9650
876 9704
431 9430
700 9111
1007 5618
860 8040
393 7968
496 7919
198 6562
785 7374
536 6765
646 9901
430 9154
1065 9113
971 7778
871 9829
668 6283
344 9642
500 6124
772 8910
635 7927
694 7806
1019 9260
543 7782
272 9693
1003 6171
897 5504
396 8817
879 9534
247 6174
157 6040
902 9649
583 8945
745 5817
269 7287
895 5499
450 5084
392 8293
145 5485
673 8198
632 6234
801 5434
674 8218
517 5986
814 7901
915 6567
220 8972
939 9753
828 6957
297 7723
762 7622
654 6010
872 5761
383 9653
624 8750
320 8289
299 7496
512 7705
728 5334
1002 9825
413 8596
625 8947
1006 9970
820 5118
770 5817
151 7018
581 5853
284 5403
590 5849
821 6704
805 6292
734 5771
1063 7377
1037 8172
240 9833
294 7865
595 7227
1090 9171
656 7269
638 6677
185 6093
773 6540
232 8424
158 6746
102 5472
857 8247
578 5973
494 5271
357 8547
762 5572
251 9411
500 6873
254 8377
481 6463
175 9904
476 5017
359 8708
211 8152
610 6025
194 8776
802 8655
1079 5955
145 6568
978 6021
448 5460
409 6239
295 6965
161 6141
225 5665
455 6411
250 7753
815 7088
804 9931
489 6867
103 6072
731 9540
811 7873
602 6328
507 6460
484 5558
664 8999
633 6148
816 5389
292 5602
736 9556
174 9476
592 8050
216 7287
335 7224
968 9362
1075 9763
114 7527
829 9678
586 8771
628 8374
619 7212
524 5516
350 6089
664 5744
509 5683
733 7426
944 9654
926 8667
691 5911
727 8872
954 8512
476 9411
242 8188
379 7238
962 7144
540 6337
436 6511
384 6398
573 8066
652 6011
536 8766
676 6317
881 6181
331 7160
741 6934
1079 7203
128 5760
236 6167
852 8510
168 8467
634 6814
899 5519
752 8312
537 7788
446 6560
611 7780
699 8977
181 5634
999 7881
568 7233
355 6488
210 9817
217 7045
656 6069
948 9700
725 7475
682 8941
865 5435
710 7934
234 5333
812 6643
933 7284
303 9535
717 7298
622 6513
560 6073
172 9064
399 5925
1065 9179
564 6005
599 6095
481 8311
899 5811
142 5938
520 8969
242 6775
809 7030
474 7843
516 7972
922 8280
224 7302
665 6033
195 6245
275 9862
981 7026
930 5649
404 6672
1046 9831
794 9542
1092 6944
351 9255
1063 9056
958 9191
565 7575
296 6632
356 8722
877 5664
662 8000
1100 6531
739 7160
1074 6182
327 9503
260 9550
777 5745
706 5835
338 6970
1070 8046
374 8765
624 9049
663 9518
252 9240
578 8246
657 7030
670 7026
322 5055
881 9237
1042 9345
461 5304
824 9782
997 8085
118 6726
1097 9157
870 6029
127 7010
254 8751
642 5412
876 7755
580 5866
604 5098
717 8844
587 7912
402 5588
145 7703
801 9327
1095 9031
841 6780
447 6350
956 5924
946 8009
910 5530
692 5869
710 6372
605 5363
885 8747
998 7793
890 8807
842 7925
832 8320
760 7523
803 8266
915 6552
517 9113
1018 8860
960 5833
1062 8184
1045 6814
748 9924
906 6415
547 5548
935 6954
1044 5321
117 8297
815 6539
373 7010
462 9216
619 8504
393 5927
403 8264
457 5241
337 8280
730 9094
687 6610
140 6147
174 5028
297 9899
954 5745
781 9907
706 5939
804 8138
903 6580
170 7170
818 9619
690 6905
839 8894
775 6333
415 7949
564 5363
483 7237
483 6707
599 6285
310 9421
439 7372
585 7067
644 9344
977 8085
384 9399
820 6982
709 5716
886 8835
261 5500
413 9209
638 5847
368 7471
552 8860
649 6418
194 7984
141 5867
1006 5493
479 8868
761 8130
202 7984
376 9316
237 7053
682 9016
617 9302
971 8626
407 8669
721 9523
802 8589
524 5408
524 9395
526 5650
654 9323
642 9305
1010 6472
195 9157
688 9485
703 5292
196 6856
528 8855
603 5837
993 6301
363 8163
232 6454
1090 5767
522 6815
538 8779
604 9409
579 7573
160 7972
1017 6870
155 8726
954 9178
748 8785
1052 5741
869 9605
433 5519
581 7513
184 6741
798 8120
209 5243
148 9203
323 6902
183 8886
758 7307
124 5028
1065 5941
835 6944
910 8792
451 6705
712 8767
169 6279
1016 7768
506 8192
733 7756
343 9961
244 7833
1083 6768
267 9908
330 8004
771 6073
742 9351
312 9801
958 5469
278 5681
936 9811
237 9027
1068 6085
553 9683
826 8733
508 6882
1049 6084
492 6410
180 6256
560 8101
1038 8609
890 7284
138 6158
653 7018
793 6242
507 8572
908 5854
432 6406
467 9175
348 6523
901 7465
754 9997
712 7640
642 9721
323 6264
606 8930
234 6217
158 9949
490 9601
1009 8690
1012 7680
625 7550
139 7576
481 9359
599 6845
779 7077
1096 8006
712 9561
270 8816
221 7239
359 7428
598 5975
331 5886
500 9237
407 7001
927 7251
985 7509
1070 8350
602 5841
784 9330
140 9209
204 7492
762 5513
406 5429
264 9770
1000 5673
276 9559
892 5320
1098 5928
534 6602
334 9762
619 8740
1045 6926
412 6034
509 8802
142 6426
745 5921
120 6690
1094 9136
708 5593
161 6222
516 9743
796 8774
146 5339
104 7428
812 8516
933 7483
319 8888
554 6998
178 5738
447 6505
743 8733
509 7292
217 9447
492 7486
785 8747
593 9893
437 5613
101 9153
684 6422
305 7930
525 6326
521 6314
620 8024
683 5571
385 8184
460 8437
1028 6423
531 8123
895 7876
429 6764
130 7674
182 8305
611 6232
1012 6755
517 7086
1097 5323
717 6230
134 6511
855 8813
712 9891
861 6360
229 5997
506 7113
492 5042
611 8262
446 5392
819 7577
589 9096
157 8743
1080 8433
960 9557
631 8563
891 8984
1026 6301
313 8221
885 5320
843 6176
238 8881
531 5298
374 9780
403 7282
752 7169
812 7723
411 6469
368 5392
257 9005
148 7828
1002 5400
139 5139
772 9772
348 6826
791 9756
606 7463
460 6334
188 9565
217 9524
935 8937
274 7930
235 6304
862 8712
1021 6166
706 7053
687 5880
1026 8206
245 8205
937 9678
976 8484
148 8340
962 8595
977 6977
796 5430
906 6878
311 8522
868 5902
1008 5787
716 8231
558 7165
556 9833
762 7991
576 8370
839 5735
656 7382
366 7909
510 8589
772 9136
649 6147
976 9952
128 8934
754 9718
738 8038
1082 6768
761 7721
799 7287
1038 9489
818 5797
825 8817
806 7243
1095 5360
741 6950
382 8694
473 7280
719 8137
994 7234
942 8174
733 7651
597 5259
460 5209
742 5080
170 6085
352 9427
958 7250
689 9436
705 7306
241 7831
876 8228
336 5561
780 6452
436 9253
304 7206
599 9020
450 9053
510 9207
966 8296
170 6345
708 9716
185 7244
473 8447
664 8759
222 5624
978 6506
301 8407
839 5564
578 6256
920 7017
243 6652
708 7082
105 5901
728 8067
194 5481
154 7000
744 8750
797 8052
940 8022
672 9482
942 6117
154 9655
557 6251
436 5892
617 7511
574 9751
275 8190
704 6396
733 8430
780 5908
775 7061
443 7393
315 6791
974 9066
818 5368
415 8279
655 8417
151 5388
467 5896
828 7727
557 7736
778 5408
931 8207
759 8502
256 8392
611 8266
535 6701
320 9465
391 9473
852 5285
303 7916
357 5291
872 9298
400 7300
117 6914
978 5238
492 6898
919 8019
943 7949
122 7193
166 6281
198 9750
795 9693
1058 9925
422 8001
230 7036
745 6004
640 6058
672 7798
128 8431
775 8627
903 6863
365 5687
530 9074
298 8136
498 7204
103 9384
989 7622
549 9980
739 9070
216 5069
764 9697
711 5436
435 5114
210 6799
1016 6064
365 6114
597 5289
791 6295
653 8385
370 8404
1066 7508
1056 9347
609 6855
761 7421
1097 6816
1098 6033
658 5902
951 6129
497 8880
619 7741
327 7872
280 6177
848 8170
466 8287
648 8775
996 5515
1040 6404
1039 6408
440 6432
950 5238
102 8731
1070 7714
298 8364
661 5099
1061 6585
1063 5854
224 7033
129 9868
1080 9518
616 9025
878 6233
227 8662
1041 7145
592 6473
230 7982
528 9540
603 9565
576 7218
585 6709
209 6697
308 7264
461 9266
724 9116
713 6079
340 7419
1015 9536
121 8520
902 7080
643 7773
956 7460
816 7840
914 7610
148 8703
389 6123
1088 6701
129 7193
310 5066
1001 8385
173 7136
481 9483
366 5165
523 5736
331 5697
519 7827
345 8083
533 7085
452 8636
471 6102
368 8523
288 9431
1005 9921
508 7962
539 9868
361 8251
1097 9817
995 8133
965 6931
711 9367
822 9332
816 6001
747 8130
717 5381
805 9260
1099 9972
275 8448
507 7067
901 9637
911 9209
538 7926
345 7884
299 9623
1062 8211
661 8531
546 8901
484 5037
396 8813
705 9368
816 5300
204 7630
1084 8673
909 9468
478 7492
480 9352
488 5346
961 8226
483 8953
193 8107
302 6422
242 9579
254 8439
502 7159
571 5614
796 8670
431 5621
1022 7616
322 6078
235 7766
837 8135
551 6280
214 6656
260 5966
295 5009
654 8554
945 7029
665 9805
205 5429
1066 6405
529 6441
308 7379
355 5099
824 5629
161 8585
637 7019
687 6954
146 5525
102 7811
514 7484
1077 8541
102 7072
475 6655
406 7012
969 6129
962 5436
699 9425
165 6083
534 5707
799 8212
500 5370
819 6042
869 8481
1011 5832
365 6294
452 6922
678 8611
194 8874
256 7578
261 9451
559 7610
559 9356
530 5311
893 7229
533 5518
306 7297
126 9735
101 8442
143 8383
262 9651
398 6139
894 7344
364 5529
770 5323
861 9569
370 6725
362 6666
851 5546
689 7965
916 7055
208 5480
695 6373
319 5303
123 9943
1091 7567
651 8048
1078 7933
373 5278
499 7571
975 7794
1008 7819
599 9249
929 6530
680 5625
280 7065
137 9740
158 8187
209 6294
706 9843
479 9377
926 7426
400 6001
814 9045
245 5850
952 8573
575 7199
994 9468
280 6766
589 6137
459 6656
301 6034
271 6154
277 5652
175 6257
594 8743
322 7562
377 9346
429 8202
581 5501
593 6902
439 5175
629 5607
541 6174
202 9688
533 5462
869 7702
294 9373
447 5237
529 9793
126 7904
117 7276
1046 9458
508 9474
362 9014
623 5709
712 7871
360 9702
485 7303
151 7328
263 5511
217 8552
773 9176
169 6986
514 6323
729 7520
790 5285
847 7966
292 5280
432 9287
487 8194
905 8499
702 8754
159 7329
708 9154
929 7216
659 9765
381 5098
1013 6016
400 9008
203 9058
391 5828
542 6064
287 7408
152 7096
458 8076
758 7333
440 9437
618 7470
656 5315
528 6146
908 6130
217 5888
299 6606
1048 8369
282 9280
220 6694
931 5101
405 6029
844 8889
988 8630
265 9435
887 8678
810 8337
583 9430
748 7738
545 6608
1098 7666
718 9959
922 8758
281 7153
205 5524
851 6901
512 9274
218 8851
632 9272
362 5998
726 8796
329 9758
142 8581
394 5631
1077 6769
196 6254
539 6067
851 5988
505 9310
841 7039
395 9866
549 6689
170 6833
225 5421
471 9075
496 6273
217 8033
1051 8525
111 5660
139 6142
697 7186
168 8984
168 9465
640 7637
469 9377
222 7433
786 8398
942 6608
1016 8633
443 6457
554 5116
300 6694
419 9762
433 5660
405 9954
806 9130
752 7759
449 6496
288 9831
1088 9592
656 6976
832 9295
195 7205
814 6879
344 7781
381 7976
361 7122
515 9612
395 9131
760 5743
641 6459
647 8142
586 5652
465 8266
790 7945
356 9879
1055 7480
792 9347
842 8190
818 9560
949 7819
487 9480
437 9928
1026 5472
727 7096
883 6328
120 8936
904 9634
840 5266
971 9830
808 7036
111 5763
1071 8721
253 5958
697 5161
415 6028
906 8853
138 5855
872 8323
881 7441
700 8175
596 9569
1094 9633
800 8969
347 7774
930 9223
369 9342
435 7577
626 8989
385 7497
815 7988
861 5273
482 6911
539 9456
474 9246
959 6013
114 8170
771 6853
1011 6168
1042 8396
986 8746
750 8499
776 6576
343 8502
1008 5482
405 7053
275 7888
679 8632
563 9376
185 9654
894 9760
126 9939
1023 8514
133 8682
296 5779
277 6135
446 9498
866 5313
839 9158
350 7938
429 5353
407 7025
809 5369
523 5482
406 8779
185 5407
241 9714
359 7240
321 9414
179 7786
1091 9066
887 9376
277 5551
112 8433
579 9305
467 5637
488 8917
121 5821
496 5483
993 6928
295 7648
222 7432
767 6353
623 9064
958 8262
288 5127
596 8352
769 8288
931 6330
244 8260
619 8157
395 7297
749 7748
1036 9042
958 6990
137 7087
502 6573
628 9098
981 8466
498 8782
1000 7349
322 5312
220 5681
772 6210
873 5443
606 5502
265 6809
986 5545
1084 8023
1067 9134
790 7688
429 7507
191 8031
375 5948
837 7101
823 6273
303 8167
435 6206
576 8070
317 5341
933 5235
1019 9437
526 5854
562 9051
695 9907
1082 6872
309 9217
622 6425
897 6196
372 6968
614 7306
247 8159
569 7038
625 7507
803 6126
190 7072
318 9716
154 5524
310 6513
767 9845
924 6667
563 9874
975 6546
835 7879
603 7586
1015 7040
141 6226
819 8883
791 9984
982 7110
503 9784
898 7557
477 5443
717 6599
1061 5354
666 7682
410 7085
314 9330
1032 5149
877 5721
505 8457
617 9010
826 6104
706 5140
710 8562
910 9621
554 7932
792 5061
710 8060
748 8492
1100 6583
667 8078
583 7762
103 7138
174 7534
878 9405
293 7647
877 5588
554 7755
890 7222
934 9769
416 8622
584 5033
259 5239
668 5952
166 6167
538 9310
691 8145
265 7873
515 9928
583 6231
675 8547
1052 5072
944 7944
394 9775
890 9864
855 9660
473 6157
681 8682
674 5705
271 5522
1086 8491
252 5882
528 9981
890 7460
749 8765
691 6915
890 9771
155 9749
608 9877
428 9769
492 8142
811 6002
1046 7832
587 6600
172 9939
760 5050
771 5892
347 8013
629 5215
844 7359
186 5201
848 5531
140 9861
651 7671
223 5085
302 7721
457 7039
551 9719
604 7884
679 9423
861 8526
309 5851
714 5647
1091 7314
937 9147
772 8457
665 6406
483 9088
785 8225
377 7046
175 9474
1023 7562
917 6894
1054 5387
893 9623
649 9803
575 7203
761 7651
638 5710
184 9855
683 5398
278 9478
522 8924
884 5823
357 7634
384 8043
732 6597
559 7422
760 5854
895 9232
655 5130
396 8339
902 7692
823 5496
918 7654
926 7114
325 9019
1059 5383
688 8917
191 6707
503 5019
243 6389
920 7695
218 6679
1039 5133
634 7047
824 9297
1067 9941
123 5089
1059 7876
1022 6643
657 7380
1037 5842
307 8369
845 7428
265 8147
566 9104
401 8608
564 5072
945 6367
447 7087
163 5567
154 8126
383 7038
243 6349
917 9644
747 6828
1043 5575
469 5544
719 5669
1077 5131
633 7875
311 9247
122 5532
127 9953
159 9932
692 8265
578 6635
842 6120
550 6440
809 6515
607 5293
603 5120
256 7334
546 8439
538 8164
611 6471
527 9530
279 7868
1059 7169
342 9790
291 5325
1074 7178
297 8650
834 6306
125 9947
739 6788
235 6336
427 9017
476 5115
856 6592
522 8271
104 7198
279 5650
478 9878
130 5537
474 8782
935 9082
774 5545
180 9255
972 8227
734 5398
325 8725
927 6580
240 8359
488 7058
850 9354
1015 9078
684 8627
387 6417
161 8158
530 9310
611 8399
703 5253
299 7335
150 7132
1045 5413
241 7469
672 9405
1043 6976
691 9691
689 7664
422 6762
1045 5635
785 5867
565 8829
500 8196
397 5091
234 5124
1028 9335
595 7745
487 7093
190 5952
350 6875
257 7238
1062 9805
925 6333
183 6752
867 7154
977 8735
612 9030
1023 7396
316 8175
791 8525
524 5032
246 7113
825 6928
329 7675
777 7329
901 9024
742 7543
754 6428
861 6536
332 5626
1038 9673
485 7050
712 9916
438 6497
871 9224
715 5045
381 7298
1055 9371
293 8022
322 8574
509 5659
208 7953
310 6562
386 9246
641 5100
734 6083
964 5454
463 5284
343 7900
138 7489
908 8015
150 9731
925 9216
661 8831
364 7206
808 7003
767 7660
798 8879
320 6252
294 5485
422 9674
230 6530
330 7907
856 9066
526 8015
311 5318
587 7982
777 5881
152 7535
1064 5571
860 5519
448 6167
591 9266
996 6872
687 6983
230 5223
262 8106
169 9731
965 8502
365 6502
358 6639
901 9109
341 9207
640 8996
401 5617
602 7237
526 6121
1001 5689
905 5125
904 9020
424 7778
463 7800
620 7667
245 7771
1004 7982
419 9722
481 6488
641 6354
791 6305
711 7390
385 6820
129 8257
947 5454
153 9679
230 9648
677 7330
500 7580
449 7666
359 8677
1053 9936
758 6078
473 9699
171 6375
941 5433
761 9751
574 5882
1036 8286
394 8203
604 5518
479 6259
313 6485
937 5705
740 7494
999 8235
749 9086
521 5322
207 7001
713 6319
315 7426
430 8187
707 9596
477 7865
184 6528
769 6306
606 6075
346 5040
966 7437
103 7537
664 8340
435 9949
195 9571
1017 7332
604 5565
1047 8539
530 8627
208 8536
800 8499
446 8239
554 8028
250 6074
163 6985
717 9747
166 5317
874 9155
870 9048
488 8080
807 7427
535 6113
884 8720
503 8994
294 9073
128 6128
689 6975
126 9857
1068 9681
217 7762
736 7028
556 9728
1076 5035
391 7749
1093 7426
136 9112
603 9753
950 6074
700 6372
914 8092
858 7805
270 6560
321 9822
210 7152
1081 8904
363 6511
442 5759
780 6334
567 8534
680 7508
977 6372
939 8587
798 7578
355 7567
879 8188
752 6047
264 8067
637 5361
603 5889
812 7560
725 7351
613 6008
549 7977
413 7359
961 9734
250 9510
926 8696
857 5510
872 6388
738 8111
283 8469
881 5011
685 7799
1075 9505
1077 6397
1071 5303
408 5034
990 9246
508 8863
114 5841
577 9668
905 5446
520 7931
435 7920
176 5350
273 9237
823 5743
963 8491
864 6400
699 8501
1017 9148
152 5980
1062 8853
551 7421
188 7284
688 9819
138 5516
285 6123
505 6732
995 6530
1095 5099
181 7532
194 7449
917 5972
262 6471
599 5614
882 7401
847 8224
877 9512
821 7933
343 7928
545 6186
268 8517
563 8284
692 8267
443 9284
439 6151
137 5118
720 9916
918 6032
449 8815
921 5979
870 8957
745 8157
194 7111
1090 8963
670 6638
878 9590
284 9810
664 6207
457 8309
998 9024
778 5237
208 8332
480 8613
184 7626
282 6167
880 5696
126 9895
978 8485
1028 9739
829 8950
1003 9040
709 6590
1058 8775
695 7791
547 6552
1062 9756
702 8462
833 9702
732 9357
403 9805
1055 6749
253 5569
1043 9228
540 8593
337 8016
936 9172
663 6202
215 8547
368 8669
182 7797
438 6469
889 8232
658 8138
417 9038
388 5350
733 7761
229 5380
861 8913
208 8221
468 7974
874 5929
142 9042
207 5806
947 6985
302 6990
435 6876
758 5429
648 9217
460 5991
1054 5007
1010 6324
1041 9097
304 5546
520 9264
742 6065
802 9836
330 9954
212 6840
461 7674
800 7689
377 5197
473 9524
734 9045
704 8310
1066 7927
549 8158
958 6488
308 6520
490 5824
365 6434
931 8469
740 6664
765 9649
951 6414
836 9010
346 9921
420 5185
460 9119
141 9659
741 5658
1009 6491
646 5284
233 5324
446 6730
234 9160
1056 8500
234 9847
540 9958
620 7025
788 7415
1009 7807
1053 9139
379 9665
1052 9117
806 6068
940 9614
878 7238
990 6853
814 5133
617 8830
246 7478
1058 9662
369 8700
682 8064
211 5716
826 9304
799 6132
627 8155
761 8702
492 8697
808 8989
916 7512
856 5296
475 8424
663 5855
803 6657
628 9039
586 9192
865 9407
859 8394
367 8893
711 9635
808 9210
108 9489
771 8737
546 6942
1095 5359
394 5845
246 5359
963 6859
193 7854
668 9041
513 6630
449 7277
521 6995
1083 9049
961 9818
1025 6532
994 7254
841 8154
672 7621
305 8286
542 5136
318 9020
677 6722
116 9146
1038 7951
557 7554
573 5003
254 5330
801 8912
573 7216
227 9414
448 9863
1100 9977
789 7386
286 9662
169 7266
401 8837
869 9345
317 5167
225 7372
654 7835
253 5444
443 7579
1043 9566
385 7307
993 5505
511 9589
1066 8745
1069 7756
537 7978
540 8772
717 7108
854 7091
175 6378
298 5036
543 7599
498 6469
668 5124
979 5426
914 8002
1048 5071
1021 8304
500 8107
481 5714
751 8853
455 8705
428 9747
136 6177
543 8955
1015 6951
338 6689
1042 8952
833 7643
849 7243
280 6896
748 9947
381 7622
906 5402
545 5417
872 8934
632 6211
338 6148
336 5367
545 7549
589 7380
550 7955
681 7111
330 9694
709 5843
877 9946
813 5802
779 7708
753 6956
431 5508
943 5538
673 7462
708 5915
1091 7332
723 7708
757 5365
825 6672
117 5082
717 5763
850 7031
533 6179
1094 6812
515 7023
611 6913
176 5559
236 6600
1082 7052
519 9866
632 7192
790 5846
221 8240
347 7821
272 7050
112 9706
141 9058
880 5197
489 7389
717 9944
209 9076
348 6773
902 6382
675 6369
196 6747
611 5185
485 6380
866 8951
784 5992
479 6074
494 6476
896 9061
620 8657
692 6133
732 6564
842 7014
882 9334
714 5896
329 6528
881 8330
1010 8056
1049 6307
212 8707
417 6707
922 5437
396 7894
185 8840
765 6971
108 9068
855 7006
626 8070
153 8771
524 8371
379 7542
982 8284
570 5706
1083 6906
187 8495
152 7900
252 9214
304 7790
263 9171
525 5169
632 9619
587 6865
902 8445
641 6716
168 8192
907 7873
132 7135
506 6331
910 7650
800 8001
931 6123
525 8877
1078 5746
979 6386
514 5952
793 5513
469 9287
393 5529
939 5483
208 6880
558 5912
1093 7866
361 8931
290 9436
849 5913
106 5363
925 9336
1061 7680
757 5990
390 8453
1084 5463
335 9381
441 5596
863 7989
643 6136
670 5817
549 6933
1078 5793
839 6051
128 7263
153 9355
528 6039
949 5542
1082 5743
877 7116
619 7647
109 5244
790 6783
487 5663
337 8462
874 9727
277 5112
585 8576
365 9771
659 8169
492 6236
545 9261
886 9357
868 7117
527 9923
619 7594
322 5897
383 5372
253 8533
572 8092
254 9266
559 7413
402 6747
700 9218
126 8261
448 5838
718 5926
489 8073
726 6796
299 7375
193 5973
598 6007
639 5713
210 9143
966 6388
862 8437
1047 6844
492 7613
106 8758
864 9928
200 8323
138 9190
282 5179
337 5317
325 6906
796 7632
757 8920
140 6937
1084 8974
937 9377
410 9156
821 9595
234 9023
244 8046
802 7604
585 5963
440 7546
326 7552
474 7680
601 7412
1019 6174
417 5582
213 6456
1078 9553
1096 9304
908 5004
280 8725
848 7712
519 8776
522 9714
487 6322
651 6799
431 5745
909 8672
533 9423
923 9075
306 8308
345 6818
978 9273
599 6410
566 6970
1013 8408
815 6705
660 5447
381 5410
971 7340
285 9778
232 7050
405 9781
634 9841
558 7479
609 8311
990 5806
116 9780
813 5958
406 7401
784 5591
593 9189
1034 8984
186 8367
294 6573
663 6369
366 5088
946 6961
1075 5128
260 8257
369 9830
153 5696
848 9025
737 5604
666 7815
133 6432
582 8264
927 9236
384 8209
625 8643
301 8154
421 6410
1003 5223
828 7014
593 8311
693 8604
268 7077
957 9322
993 7316
558 8723
331 7870
985 5214
128 9447
1004 9015
219 6106
170 7902
946 5876
651 5443
681 5275
673 9904
702 7257
440 9967
489 5364
1067 5156
1053 6416
381 8845
559 5853
813 6624
348 6350
757 7401
1020 9025
317 7662
976 6780
1054 7015
679 6876
486 7452
745 6963
511 7155
464 5900
751 6866
440 8925
446 5097
378 6789
1056 5015
992 8179
184 6952
1027 5159
937 5851
525 7226
453 8199
835 8250
457 7192
756 7699
978 8235
390 7673
565 8357
551 7782
872 7230
470 6757
515 9541
103 5991
1070 6123
829 5355
537 7230
542 9285
215 5919
531 7316
454 6165
739 9672
347 8022
1008 5685
658 7362
675 5482
236 8828
608 7685
867 9580
744 9872
416 6789
413 7064
998 7600
321 8231
864 5779
1094 6620
339 5812
315 6666
622 5158
520 8691
538 8905
296 6617
535 6543
600 5152
568 6916
657 7863
644 7400
747 6979
1037 9308
117 8318
942 8254
535 6710
567 6198
736 5789
714 5532
880 9306
364 7465
835 9055
954 6888
862 5832
124 5502
1068 7558
620 8839
1032 9157
566 6542
933 7934
297 5732
1013 8160
293 8921
915 5960
505 6421
177 6106
576 8072
335 6590
116 7495
809 7669
435 6888
987 7878
232 6141
822 5793
211 8554
904 8593
598 8924
796 5716
687 9013
166 5266
401 8479
511 9485
430 7902
338 6891
147 8761
923 7621
560 6420
378 5271
561 7067
858 8822
215 7246
231 5580
1008 6362
240 8099
127 8308
418 8441
963 9208
724 5118
302 7226
233 7757
678 7280
212 5684
377 5701
724 5797
654 5860
893 5090
486 9174
184 9279
234 8320
656 9828
982 8424
630 6551
764 8396
132 5932
273 6544
450 6808
1058 9507
388 9861
550 9647
360 5306
103 8862
138 5605
322 9684
693 7796
348 9182
671 7768
539 8170
675 8951
734 7885
678 8688
931 9458
623 8856
288 8890
946 5689
1098 9614
158 5805
509 5100
1001 6517
537 6233
790 7509
906 8915
245 8299
318 8528
981 7265
473 9895
546 8295
211 5323
250 5210
842 7490
379 5972
510 8550
333 6886
229 8962
1018 9305
897 9995
1007 8789
945 5029
186 8112
811 7012
845 5262
173 8422
692 7853
735 5693
772 5328
309 5556
445 8058
850 8820
183 7226
246 6470
551 7727
295 6063
483 7512
819 8300
351 6844
614 7677
176 6692
179 6240
603 7766
223 8390
528 7304
862 5685
1051 9218
109 7959
339 6768
487 6719
1037 8171
482 6435
371 9530
288 6997
859 8890
666 8066
349 7839
1082 5116
733 8942
174 6904
377 6073
587 6126
208 8296
989 7582
861 6738
646 9672
1050 8290
738 8621
524 9534
545 7934
867 9376
479 5078
860 8484
202 6592
766 5153
182 5088
850 9320
341 9721
255 6448
251 8016
630 5387
582 6679
807 9279
128 8152
750 8998
304 6652
868 5710
151 7017
1050 8246
406 8964
304 8851
765 8562
1023 8213
495 8810
305 9515
562 8341
393 8711
752 6276
519 8941
750 5723
285 7461
1006 8717
894 7309
125 5995
266 7846
649 8476
122 9403
478 8257
647 8331
116 8580
736 5158
328 5754
247 5213
872 9864
196 8534
304 7463
192 5957
217 8072
996 8712
346 7997
346 8748
135 5435
397 7596
207 7585
603 5356
746 7352
550 6028
231 6406
631 6573
664 6160
151 7033
935 9533
356 6729
969 5218
762 7545
1002 8500
432 5571
626 7893
941 5716
455 5082
703 8388
629 6356
156 6892
944 8816
150 5481
183 9400
943 8185
814 5632
959 6409
1033 6119
447 6158
1046 9221
1063 9951
768 6565
180 8387
170 7857
225 9284
908 5183
791 6019
718 5548
1067 6510
460 5242
730 8751
789 9810
467 7649
121 7811
262 7031
692 5679
735 9849
1057 6589
185 9618
231 9011
272 6357
801 9628
772 5865
277 8127
343 6644
830 6507
643 6911
108 5398
901 5967
565 5270
330 6468
163 5758
566 9368
919 7108
1098 8960
769 6368
907 8864
288 5030
1062 5742
157 7963
534 9445
275 6860
955 9690
245 9186
666 5074
803 7064
286 6048
669 8771
486 7680
826 9881
603 6317
750 9362
927 8158
412 7334
148 5990
295 8303
806 8545
822 5956
1071 9543
427 8799
214 6780
458 8632
553 5545
933 6148
814 7170
987 8697
115 5762
686 5936
462 8804
582 6806
623 7988
404 6683
766 8862
806 6558
245 8895
127 8362
190 6323
595 5359
883 8392
471 9750
144 5606
205 5145
546 8013
526 7662
167 9190
770 9856
173 5380
746 7372
270 8003
650 5425
327 6701
467 5898
441 5535
749 9636
577 9325
1075 5721
566 8079
660 5304
643 9343
573 7375
896 8425
336 6183
654 8503
222 6272
170 5641
948 5944
761 8079
976 6619
460 7916
176 8440
789 7718
743 7643
959 9842
194 9556
754 6797
1043 5063
992 8378
331 6889
660 5155
420 5680
421 6224
651 8991
270 8048
562 7200
1061 9828
173 7454
869 5247
109 5813
163 9124
1041 6419
277 7629
655 6102
1018 5590
595 7887
385 7336
201 6956
404 7214
421 8670
1098 7683
484 6797
257 7554
562 7618
515 5710
871 5322
896 9221
301 5455
775 7630
487 9063
132 6993
1053 8881
804 5510
459 9317
664 6834
464 8485
824 5966
387 5148
262 7437
961 5637
528 5322
994 5244
1051 8855
296 8293
604 7280
310 9593
477 8329
908 9477
892 5937
143 5053
589 6191
629 9294
879 8555
703 6800
847 9714
479 6150
1095 9330
1025 6125
820 7669
616 6191
1044 8590
697 5833
400 8309
465 8537
1034 6687
619 7328
499 8691
871 6784
1064 9694
567 8337
566 8891
834 5159
448 5765
210 6918
125 6794
154 8402
1069 6649
168 7361
409 7218
1018 6016
670 7677
1070 8104
306 7068
827 8136
920 8661
622 5425
383 6900
796 7472
699 9322
942 7600
502 9023
734 7789
524 7837
121 5315
560 6519
376 5264
982 7930
144 7378
374 8360
246 6186
436 7087
222 6372
523 7474
604 7559
914 8011
205 9840
1097 6799
427 8737
391 8407
374 5052
840 7953
681 6679
846 5638
106 7127
423 5701
503 6860
1063 6568
127 8221
1075 9325
507 5903
743 8915
878 8775
952 7620
824 9876
650 5918
262 6464
396 9759
503 9034
529 8088
840 5447
620 9791
288 9530
699 9941
1094 6498
230 9967
509 9838
749 7598
902 6711
1027 9497
402 6627
658 8774
477 6350
517 5478
550 8750
459 7505
182 5199
852 6275
668 5512
299 9235
235 5786
566 9533
784 8855
458 6370
517 6377
935 6326
893 5358
467 6864
830 8837
668 9877
668 8069
408 7876
1045 5085
469 5572
195 5227
862 9163
943 5596
487 7290
477 5344
521 8041
157 7236
815 5913
498 7228
307 8891
563 7512
973 7527
279 5554
930 8972
112 6944
413 5052
225 9347
558 8233
486 9291
160 9466
954 7278
1085 8309
619 5290
625 8748
206 9730
405 8386
580 8711
239 8184
427 9471
192 9452
283 7019
874 5411
564 8787
537 8922
188 7475
160 7254
125 5736
288 6687
656 6453
238 6812
492 8279
901 8713
918 6612
805 7355
825 8438
143 6827
598 8385
125 5876
650 8392
302 6224
508 8799
632 7584
453 6614
165 9160
635 5089
593 7330
318 7573
279 9487
904 7067
247 8433
712 7821
119 9449
967 8945
674 7438
848 5588
1009 7653
773 8641
120 5158
450 8563
113 7940
521 7412
560 9571
519 5435
395 7723
240 6180
633 5292
313 9907
883 6815
312 6272
489 6592
962 8309
790 5647
867 8796
773 8851
165 7140
420 5219
595 7220
213 6851
177 7868
726 7393
391 6768
1040 5060
698 9851
819 8662
820 8547
168 6671
175 7392
518 9996
427 7309
308 8441
509 6495
1073 7376
1049 9490
800 7276
1091 9802
720 7596
326 6890
294 6243
587 7521
290 5146
727 7352
103 6075
174 6017
126 6206
706 8169
497 8392
189 8631
328 9485
968 6490
415 5383
150 9901
470 5942
498 9904
166 6879
574 5540
992 7984
336 9683
513 5472
1052 7569
383 5827
354 5376
246 7000
1045 9149
852 8406
105 7792
392 7752
883 8270
243 7324
940 8418
481 9141
1023 9108
1093 8047
224 5629
1017 5808
595 9152
457 5708
283 6256
388 9543
765 7630
917 8889
929 9467
1001 8214
786 7407
1002 5890
151 5568
534 6793
785 7077
503 5287
622 5572
423 6698
563 7626
185 5208
713 6163
328 6384
878 5577
998 6948
348 5915
710 8753
697 5034
633 6986
710 8001
228 5929
995 5144
465 9564
980 5924
1043 6598
635 9415
927 9862
288 9390
572 5188
232 9976
847 9249
717 5515
424 6960
500 7270
397 6460
341 9537
401 7314
261 7836
848 8498
232 8197
844 7296
1073 9833
343 5591
1002 6237
514 9042
133 5715
885 8087
823 7027
999 8400
1035 7357
900 9243
695 6179
897 8665
592 8843
127 6491
361 8556
760 5813
310 9947
661 7427
882 5437
177 8282
1061 5425
973 5469
648 7659
655 6067
635 5797
1015 7178
567 9593
787 8184
455 5624
1006 8704
438 9515
200 9807
285 6825
659 6221
662 5944
803 5520
517 6528
890 5036
346 9958
537 7749
220 7162
1069 9930
450 8233
1083 5107
611 5438
343 5893
110 6169
857 9783
736 9646
1058 8869
663 6053
693 6357
214 8401
323 6308
523 8187
263 7371
1019 9633
106 5543
319 8749
861 8865
858 9716
857 6674
807 5815
897 9514
156 9965
873 6447
196 5327
331 8792
333 6386
239 9324
852 5315
976 9246
854 5105
1023 8124
796 9706
400 8217
563 7685
823 5407
168 7041
785 7783
1059 9281
859 6944
566 7761
335 8363
769 6370
426 5524
880 9685
590 5988
983 7262
368 6228
922 5985
802 8159
606 8786
764 6511
950 9357
204 7324
406 5199
619 5035
866 8551
218 6604
823 8802
763 7387
704 5161
819 6788
182 9852
738 9725
485 5773
994 6154
768 5156
378 8175
738 7549
544 8190
710 5037
795 6667
795 7671
963 6026
640 6632
609 9125
654 8763
828 7209
955 5598
192 9635
1092 6481
194 8246
156 9723
307 8332
658 7490
751 7968
199 7075
666 6253
590 7312
298 9238
495 7874
162 7580
697 8710
703 5755
403 6800
677 7837
856 5614
305 5215
1008 8242
461 8060
804 6986
431 8491
732 7454
1019 8289
274 8005
641 5973
716 7537
807 9270
813 8068
431 8105
214 8887
723 8373
949 7452
634 6541
314 6556
181 7940
230 8921
1025 9270
323 9335
302 8602
743 6223
998 6262
672 9514
680 6259
478 8817
709 6751
603 8249
761 6885
887 5347
971 9559
469 8582
1042 9176
349 6835
274 5654
350 5631
727 8566
864 5406
318 5420
491 8325
159 9615
126 8823
224 7221
131 5274
814 5235
910 7507
817 8156
535 7560
266 9192
674 9888
246 9911
881 5039
101 6932
169 6502
450 7842
461 6320
921 9629
659 5463
571 5327
927 8021
720 6756
814 7335
888 5999
475 8106
622 6866
851 9512
195 9630
562 9109
504 8638
686 7827
166 6321
101 5341
671 8252
867 7661
778 6631
139 5281
966 5340
902 6828
760 7093
913 5518
995 7361
344 7147
491 8672
715 6471
246 5233
601 6004
516 5719
231 6898
785 9493
470 8538
367 5801
1087 9742
509 5248
423 6885
341 7472
1087 6653
1075 7041
1016 9643
667 6204
975 7218
867 7042
708 8009
129 8617
456 5359
367 6920
847 8272
1009 6142
935 6109
384 7979
1006 7279
108 6086
951 8791
1059 7965
265 9602
824 6117
405 9802
666 5057
754 9057
779 7949
575 5558
417 9958
525 9086
306 9789
136 7024
254 9358
500 6017
333 9789
256 9228
381 5776
850 7994
1064 9634
247 8486
900 9281
816 7542
613 6944
751 6563
656 9794
161 9698
983 5126
356 6697
732 7640
284 8442
560 6074
129 6025
313 5931
967 7099
909 5853
906 5944
703 6380
1025 6809
373 5348
519 6456
923 8493
366 8698
491 6738
188 9521
298 9328
147 9221
460 8197
889 5216
1068 5526
1081 5959
365 7447
769 9331
837 5219
482 7138
115 7498
441 5569
480 5911
324 6336
805 7829
985 6761
519 5599
153 5291
884 8137
606 6187
789 6004
574 5174
670 7669
156 6428
123 8091
1019 7939
314 8235
279 9234
459 8544
816 7708
770 5187
911 6663
520 7322
491 8705
576 5982
464 8747
686 9407
174 6478
389 8212
656 6777
864 8623
964 8808
370 8144
1039 8951
326 7381
332 8354
453 5867
693 8559
198 5981
1022 6304
485 5988
775 6017
672 5482
544 6856
868 5866
922 5684
920 5486
176 9253
289 8028
836 5605
882 8551
152 8782
580 9838
961 5190
531 9455
367 7049
793 6639
529 8014
321 9161
556 9858
736 6972
999 6856
782 7430
1058 5519
332 7057
279 9615
852 5496
422 5267
1096 7762
1024 9455
1042 5540
1040 8580
845 5997
488 5057
234 9844
1063 5572
943 6139
119 7831
1024 8079
617 5189
799 6853
727 5291
158 5784
383 9923
883 7328
177 9479
301 5890
714 8618
956 8807
881 6223
705 9208
388 5615
142 8871
941 5595
384 5726
439 7319
718 5768
325 5171
850 8381
831 9656
307 8790
742 5455
1029 8869
187 6638
121 7490
685 8827
1005 9222
245 5489
943 9995
910 9466
260 7088
517 6697
782 9209
568 6844
201 6111
263 7311
782 7462
701 5082
830 8396
608 5976
852 6129
195 9895
1086 8684
704 8274
389 5256
277 7106
639 8013
1011 6661
911 6150
901 8541
366 8192
518 7609
972 8531
950 5170
117 6555
440 9740
149 7406
843 6306
460 7834
620 8534
362 9720
230 6836
237 7319
547 6699
594 9827
544 5215
704 7916
767 9730
617 7042
603 6610
854 7037
1059 6320
675 7141
417 7512
1043 8239
499 9379
418 9159
742 6554
897 5387
851 5117
772 8437
123 8151
749 6215
562 5297
782 9189
234 7945
331 5381
496 8901
216 9665
415 9028
825 9415
298 6672
973 5736
979 7061
1089 9533
1086 8909
999 5877
799 5544
1064 7602
420 6134
224 6527
768 6808
762 9305
483 8300
186 9953
947 6186
433 7640
843 6960
502 6704
370 5492
499 8688
1002 7682
339 9041
897 5970
648 7844
174 7707
806 8813
285 7406
795 8380
901 7632
208 8698
980 7019
711 6468
537 8242
858 8298
126 6179
960 5783
429 8467
440 7333
909 8284
707 5436
932 5115
998 9169
226 7050
170 5961
720 7482
556 7435
622 6827
251 8431
427 6761
309 7590
1097 8625
137 8390
926 8503
161 8489
482 8070
451 7130
179 6032
108 9041
550 5279
559 6627
422 9500
491 6120
862 8771
516 6809
166 7009
138 9563
713 5000
582 5416
626 8230
987 8679
518 5042
236 9709
930 8216
936 9166
595 5556
1086 5773
436 8544
441 5413
412 5411
694 8469
774 6327
669 6041
393 5090
377 8942
358 8406
417 7744
910 5440
561 5770
697 7494
581 7534
614 6757
310 6256
176 7148
803 5956
922 8252
328 8244
596 9518
609 7314
568 5196
108 5853
105 7630
845 9161
689 8407
398 5535
764 9871
420 7976
1050 7970
295 7174
734 9422
265 8811
1046 6741
1003 5882
1067 6804
374 5534
756 6635
401 6331
500 6509
673 7213
770 6071
666 6172
657 6149
497 7040
418 8376
506 8276
173 6395
887 6891
891 8428
1042 5399
242 5101
601 5257
821 8486
710 9795
113 9055
130 8818
330 9700
470 6090
1044 8144
972 6189
383 7594
486 9201
376 5628
962 7063
901 6819
303 6825
1024 8060
484 9946
571 7267
904 8905
123 7692
959 5008
1065 9808
672 9587
987 8748
384 8504
288 6903
1021 5614
