200 501500
94 485
506 326
416 248
992 421
649 322
237 795
457 43
815 845
446 955
422 252
791 9
359 901
667 122
598 94
7 738
544 574
334 715
766 882
994 367
893 984
633 299
131 433
428 682
700 72
617 874
874 138
720 856
419 145
794 995
196 529
997 199
116 277
908 97
539 719
707 242
569 107
537 122
931 70
726 98
487 600
772 645
513 267
81 972
943 895
58 213
303 748
764 487
536 923
724 29
789 674
479 540
142 554
339 467
641 46
196 710
494 553
66 191
824 724
208 730
711 988
800 90
314 340
289 549
401 196
466 865
689 678
833 570
225 936
244 722
849 651
113 123
379 431
361 508
65 585
486 853
686 642
286 992
889 725
24 286
491 812
891 859
90 663
181 88
214 179
17 187
472 619
418 261
419 846
356 192
682 261
306 514
201 886
385 530
952 849
500 294
194 799
737 391
324 330
992 298
224 790
260 275
97 826
210 72
649 866
919 951
63 748
958 685
804 956
518 564
428 183
537 400
346 721
153 207
971 323
662 611
197 116
91 109
529 795
126 343
747 862
469 685
770 10
934 881
723 984
895 403
568 360
172 449
958 541
383 272
308 877
970 359
583 707
48 308
930 770
569 30
3 208
20 311
609 100
887 939
825 422
930 785
904 370
241 989
379 969
376 143
962 972
889 28
443 61
216 638
338 348
160 347
406 66
159 391
31 638
204 295
420 826
153 196
425 449
331 855
565 143
838 487
9 140
918 564
533 615
232 135
957 564
591 360
576 793
746 163
377 859
858 760
86 711
434 662
558 159
279 660
840 268
735 948
574 315
126 676
912 341
739 689
821 894
625 706
917 490
201 478
993 671
149 932
52 899
759 237
267 187
256 472
783 772
117 98
516 906
180 911
25 635
380 225
712 823
266 164
216 343
143 5780
926 7458
257 6721
353 6287
912 8583
150 5544
115 6873
377 9098
824 9828
175 5307
754 6673
603 8486
74 9811
114 7466
566 6044
425 8012
621 6652
721 8686
597 7347
634 5475
815 6640
138 5729
82 9886
188 8300
210 9953
394 6301
861 7658
589 5099
254 7304
296 8608
613 7435
33 9558
761 5300
7 7224
532 5099
71 8851
219 7839
725 5199
822 5432
116 6873
561 6520
173 6108
528 6255
365 8288
634 9371
761 7614
615 10000
403 5556
460 7596
611 8607
347 8344
789 7819
894 8603
154 8287
857 7904
237 5238
39 8784
137 6037
510 8886
254 8562
873 6872
156 6435
172 5834
531 5959
80 8280
623 5905
972 6465
748 9571
33 5092
563 5277
163 7664
627 6977
801 6600
317 6419
173 5491
152 9610
219 6149
930 9817
332 5936
411 5464
194 5615
476 5964
598 6114
222 6268
323 8023
793 7328
568 7768
632 8334
901 5554
816 9995
334 7371
610 7203
481 7460
699 9645
76 9147
403 8079
254 5460
300 9891
645 6393
31 9134
240 9208
909 6882
411 8873
96 9694
486 7089
714 6659
356 8087
787 9430
441 9898
708 8546
892 9032
29 8733
594 9263
542 9133
444 9814
8 5894
496 8422
557 7709
707 9774
162 6226
299 7011
34 7758
225 8808
793 9404
714 5464
38 6046
357 9626
21 6998
908 9492
366 8444
838 5546
49 6542
129 8828
786 6791
448 9440
184 9041
330 9935
651 9062
844 9450
244 8079
325 8229
157 6358
367 8569
169 5330
800 5836
692 7830
892 6712
607 5190
738 8918
980 5168
969 7033
411 5981
594 9278
292 6314
756 5223
774 9919
479 6662
707 8653
853 7954
132 7517
164 5430
838 8521
347 6316
163 6706
868 6250
231 7563
525 5970
659 7066
548 7285
995 8819
551 7359
19 7670
466 5061
772 6803
456 8420
483 9937
261 9612
16 5109
897 6836
634 6935
271 8693
101 7105
565 8522
391 6487
901 9972
122 9634
78 9760
582 6891
874 8057
22 5748
188 8994
733 5538
457 6682
777 5626
910 5155
561 8047
370 8740
267 5599
135 9162
138 8141
