2000 842700
94 485
506 326
416 248
992 421
649 322
237 795
457 43
815 845
446 955
422 252
791 9
359 901
667 122
598 94
7 738
544 574
334 715
766 882
994 367
893 984
633 299
131 433
428 682
700 72
617 874
874 138
720 856
419 145
794 995
196 529
997 199
116 277
908 97
539 719
707 242
569 107
537 122
931 70
726 98
487 600
772 645
513 267
81 972
943 895
58 213
303 748
764 487
536 923
724 29
789 674
479 540
142 554
339 467
641 46
196 710
494 553
66 191
824 724
208 730
711 988
800 90
314 340
289 549
401 196
466 865
689 678
833 570
225 936
244 722
849 651
113 123
379 431
361 508
65 585
486 853
686 642
286 992
889 725
24 286
491 812
891 859
90 663
181 88
214 179
17 187
472 619
418 261
419 846
356 192
682 261
306 514
201 886
385 530
952 849
500 294
194 799
737 391
324 330
992 298
224 790
260 275
97 826
210 72
649 866
919 951
63 748
958 685
804 956
518 564
428 183
537 400
346 721
153 207
971 323
662 611
197 116
91 109
529 795
126 343
747 862
469 685
770 10
934 881
723 984
895 403
568 360
172 449
958 541
383 272
308 877
970 359
583 707
48 308
930 770
569 30
3 208
20 311
609 100
887 939
825 422
930 785
904 370
241 989
379 969
376 143
962 972
889 28
443 61
216 638
338 348
160 347
406 66
159 391
31 638
204 295
420 826
153 196
425 449
331 855
565 143
838 487
9 140
918 564
533 615
232 135
957 564
591 360
576 793
746 163
377 859
858 760
86 711
434 662
558 159
279 660
840 268
735 948
574 315
126 676
912 341
739 689
821 894
625 706
917 490
201 478
993 671
149 932
52 899
759 237
267 187
256 472
783 772
117 98
516 906
180 911
25 635
380 225
712 823
266 164
216 343
448 732
541 502
664 740
954 576
726 612
772 902
531 454
943 411
750 973
327 703
917 850
5 77
113 220
913 802
791 403
998 181
859 10
345 525
431 919
675 668
833 527
438 462
523 291
916 605
420 457
115 405
660 417
261 279
772 685
388 596
764 307
843 224
206 322
407 840
639 975
852 401
542 91
60 327
757 330
82 182
637 603
93 793
614 615
136 733
187 864
102 16
972 863
163 987
501 306
477 34
492 840
121 700
80 706
138 787
660 105
229 834
827 798
448 310
230 609
832 690
489 561
586 579
291 60
665 388
660 309
702 407
153 200
606 313
123 970
253 33
709 273
832 277
108 997
888 40
481 227
283 860
858 940
284 608
711 990
850 590
239 806
943 52
195 801
95 764
410 710
664 386
900 593
112 50
963 494
754 156
458 936
19 965
225 86
569 723
97 184
194 868
754 340
602 412
61 487
695 209
347 346
719 860
100 307
97 95
843 821
745 941
286 821
492 587
116 201
531 665
424 527
253 812
426 424
413 459
980 343
291 836
833 506
486 179
9 916
575 430
922 596
145 808
897 269
404 512
742 811
728 685
269 567
103 776
745 855
35 718
779 853
71 97
80 146
842 746
128 15
941 965
227 512
30 480
342 958
605 665
531 191
364 964
359 515
867 606
820 822
313 536
207 693
911 19
308 335
430 101
685 922
641 294
113 910
141 410
690 250
700 546
559 729
481 609
503 720
766 976
7 759
882 798
859 74
182 648
425 299
542 785
683 846
853 390
938 897
89 416
624 837
181 247
878 293
933 144
580 938
252 467
207 480
658 955
20 665
954 26
347 564
759 449
446 26
14 521
657 301
710 321
980 613
188 388
636 879
203 990
432 188
129 963
630 820
509 300
237 822
373 255
838 277
395 153
692 400
103 227
218 518
384 447
931 315
396 813
389 324
640 502
287 299
297 780
977 376
512 516
219 212
555 329
398 810
289 486
798 485
598 416
49 952
572 894
697 358
770 21
725 647
542 44
214 683
887 361
45 814
94 231
282 8
82 165
319 496
626 699
146 852
541 459
874 535
725 314
777 944
554 306
208 459
787 637
976 447
912 408
444 107
3 962
301 565
164 407
437 857
652 317
764 98
41 818
737 600
176 288
136 902
128 567
394 190
235 749
42 908
824 276
684 748
979 592
568 393
367 363
52 163
642 983
335 179
126 16
130 478
583 259
129 868
752 295
167 596
856 71
640 622
770 864
431 644
195 5
448 365
701 429
952 64
880 854
168 770
79 88
961 157
472 368
217 421
709 719
147 271
296 975
909 816
764 962
251 535
878 438
753 696
570 881
253 318
666 45
931 52
433 496
810 313
678 138
123 334
212 988
66 508
206 770
750 751
64 780
466 441
337 207
510 516
796 674
175 408
437 920
938 573
848 634
561 878
718 990
948 826
649 696
569 800
663 411
582 422
843 707
202 334
702 986
579 494
725 150
803 562
340 380
156 832
832 979
602 376
234 511
688 414
184 160
978 982
413 238
633 490
585 899
606 251
963 526
350 897
242 39
539 657
739 452
267 538
165 831
177 460
720 185
802 934
644 440
82 490
798 168
197 71
173 977
81 458
235 204
112 803
103 139
268 399
879 420
643 991
106 578
122 972
444 177
262 398
691 348
997 496
446 276
171 825
549 614
281 121
211 730
112 341
408 284
730 698
363 17
89 546
605 672
938 974
168 866
705 377
47 559
400 340
215 527
114 779
51 761
881 483
549 92
679 390
328 583
250 661
203 391
481 336
752 661
707 125
82 89
63 275
660 359
21 178
287 780
219 42
500 5
820 380
95 772
44 816
748 9
678 484
276 545
478 589
663 157
594 901
757 777
947 74
448 247
570 55
313 479
981 785
795 958
552 680
389 393
280 944
864 596
636 619
512 611
892 852
184 283
947 299
614 766
625 312
149 826
377 726
474 733
18 805
662 679
416 403
1 964
530 337
752 541
22 478
981 369
777 946
957 821
275 833
584 837
582 490
121 37
951 594
668 129
118 258
319 246
896 362
521 755
948 504
248 71
474 177
351 176
54 803
155 237
660 677
871 33
486 115
294 597
425 769
245 536
382 956
371 341
708 184
544 234
794 569
387 216
738 537
520 84
281 810
502 657
91 33
503 159
924 520
16 668
33 287
344 229
349 374
606 474
896 672
595 915
441 511
102 123
52 569
654 199
710 396
434 715
245 59
36 610
661 917
413 927
13 270
370 117
400 516
195 215
984 216
476 237
164 615
405 499
674 477
196 760
608 285
907 56
532 966
51 622
716 221
327 194
880 91
710 347
267 252
400 473
376 516
609 385
320 357
196 958
538 665
935 792
404 64
100 420
126 671
855 968
94 877
731 177
253 523
8 139
393 152
543 732
348 246
318 565
489 740
22 902
998 17
49 973
381 298
10 611
429 32
221 11
150 337
717 136
530 889
332 522
942 805
565 28
216 931
61 757
170 609
872 544
644 905
208 595
680 246
697 113
639 175
679 156
961 244
361 883
802 265
359 883
839 462
718 485
280 272
252 204
280 984
102 409
615 398
296 909
481 370
956 882
230 214
259 766
922 35
706 421
272 271
156 370
552 848
485 50
536 976
70 270
902 796
452 963
35 379
947 991
378 551
57 897
352 307
669 421
702 74
141 388
458 559
463 980
756 615
887 681
332 231
528 207
656 818
254 331
787 979
495 445
370 348
10 724
200 401
327 646
17 668
374 242
755 302
980 861
376 830
8 77
32 441
460 589
804 990
23 189
869 868
943 996
715 363
628 237
73 420
199 565
38 214
209 333
327 726
912 175
799 58
372 625
976 66
120 169
667 475
188 204
28 90
704 496
649 1
746 474
697 449
712 252
289 332
625 287
953 189
462 889
302 63
79 378
41 206
823 897
908 230
665 382
36 575
732 60
809 529
66 477
291 290
591 89
583 961
252 461
479 702
530 532
224 680
788 53
309 642
366 1000
352 891
402 822
545 152
113 324
967 633
454 267
723 381
14 272
20 506
308 419
644 461
713 526
482 978
336 468
289 729
496 795
326 581
530 383
167 226
522 421
830 386
91 273
116 484
747 676
395 107
958 229
756 902
262 962
703 105
511 84
481 991
449 701
888 689
599 655
306 600
492 538
803 499
445 881
316 981
889 473
785 383
765 679
491 573
589 589
124 480
741 145
898 624
725 923
682 915
131 232
398 974
906 735
753 678
312 640
790 644
301 212
945 123
447 253
197 943
27 18
573 916
589 327
934 640
209 615
529 470
899 655
15 288
592 401
92 840
575 633
814 707
354 424
127 682
374 194
566 855
594 190
973 728
645 178
603 275
712 88
32 367
298 544
561 738
906 963
626 460
143 266
504 727
836 33
361 442
431 628
554 384
24 244
416 482
735 765
243 446
454 247
932 913
494 560
648 528
357 594
596 935
788 462
536 621
759 660
200 564
566 302
741 936
217 592
219 724
832 118
819 299
487 251
473 129
241 96
64 167
516 169
857 381
218 976
490 767
504 837
707 407
342 203
475 387
175 735
786 706
171 335
232 40
888 821
866 131
976 159
253 978
619 53
642 849
460 478
218 19
218 230
667 453
949 336
89 931
488 588
568 449
526 566
860 272
4 883
772 731
734 80
259 213
270 177
6 872
424 626
204 940
313 150
159 379
205 833
25 517
951 724
721 973
635 581
293 839
712 272
410 412
465 839
366 492
74 553
23 718
416 738
764 839
49 390
817 588
507 523
152 630
256 770
562 746
495 49
414 369
78 537
912 115
59 215
259 971
258 602
841 551
137 40
590 494
383 252
869 158
939 72
282 177
880 667
479 483
454 815
730 19
556 745
195 339
409 614
580 302
99 319
913 670
798 513
318 566
790 27
344 322
80 645
468 210
922 841
179 925
347 521
231 975
597 269
607 929
903 478
310 970
223 684
10 231
845 673
905 348
58 232
93 727
759 597
912 397
906 539
43 907
76 892
552 699
670 408
671 361
353 789
837 529
12 190
889 880
912 236
377 715
56 718
585 439
852 814
715 902
421 658
330 410
51 412
840 90
697 678
848 951
826 37
198 593
341 737
274 211
740 134
339 847
875 490
400 95
603 435
474 737
126 860
973 310
973 548
581 984
788 660
629 86
799 635
475 941
959 56
80 372
917 650
91 964
783 735
773 682
712 151
655 283
953 773
279 643
701 898
706 817
147 269
355 731
100 507
498 841
261 207
591 752
630 318
374 126
960 153
917 101
406 560
759 743
618 816
981 980
641 1
131 82
920 886
534 377
453 465
397 753
51 842
301 547
197 580
910 754
211 37
851 548
42 896
919 656
30 537
674 78
979 540
764 597
937 314
656 845
590 361
337 930
997 654
643 841
652 810
632 98
827 814
659 898
56 237
97 236
304 397
771 468
680 160
344 168
561 189
632 123
666 783
235 991
71 775
327 565
824 906
1 604
948 233
851 693
780 209
603 279
380 231
84 675
684 370
757 814
605 276
304 238
358 710
294 931
742 879
37 492
4 81
707 347
131 417
660 582
89 801
455 195
303 403
680 247
970 356
934 627
951 858
404 803
446 236
349 572
93 485
672 586
158 748
772 235
891 859
532 788
621 345
347 861
227 342
555 779
16 595
303 963
941 260
833 366
190 835
622 733
345 834
893 442
192 773
430 880
160 873
767 793
170 173
810 402
318 60
690 628
224 19
52 146
411 685
203 138
785 593
219 202
61 500
919 89
191 433
711 63
294 514
937 865
253 393
103 269
316 111
625 614
639 272
641 973
139 609
45 236
316 496
218 24
293 871
747 227
879 420
633 850
10 127
356 170
665 224
536 722
823 189
603 597
392 286
258 22
771 957
820 536
139 221
566 281
229 238
325 531
804 449
786 735
983 670
847 646
388 272
632 605
253 394
405 508
137 537
283 955
678 477
659 969
706 692
786 963
313 829
143 638
713 206
244 185
489 187
844 129
896 300
602 114
210 305
930 199
692 916
457 839
241 899
950 452
229 185
212 561
222 848
32 191
747 830
869 860
245 873
575 649
818 591
204 974
584 974
822 452
198 397
942 350
942 597
899 13
375 392
327 343
479 756
66 387
950 924
464 188
286 68
573 552
294 166
137 435
557 14
423 797
427 254
95 300
715 431
403 367
453 197
735 233
1 149
145 62
782 38
848 69
456 425
490 810
679 878
461 503
844 308
70 798
599 437
888 798
395 36
733 583
795 412
368 195
94 878
114 388
46 438
795 532
583 3
321 268
714 417
332 277
257 229
906 445
301 380
277 974
651 248
218 433
109 1000
558 874
388 939
121 760
372 473
228 811
208 766
326 306
572 556
50 521
753 364
77 460
266 136
227 458
502 784
337 648
31 783
629 960
215 137
353 591
274 875
343 440
758 263
838 40
478 835
595 943
255 749
331 263
362 597
84 5
16 999
459 161
220 35
16 891
865 459
719 996
292 592
175 54
461 985
301 401
759 298
715 459
207 77
129 611
681 159
261 467
893 737
399 895
377 49
189 382
360 285
14 388
728 972
314 265
225 729
534 810
914 973
94 818
549 295
674 532
434 58
211 736
986 187
863 896
802 998
279 997
31 476
810 259
968 475
187 494
791 130
190 151
410 639
592 855
886 480
875 478
763 386
352 672
58 361
815 894
562 460
571 148
322 660
465 628
418 329
198 975
554 1
656 507
108 750
453 109
909 915
576 700
646 75
114 896
313 229
692 85
759 144
643 536
462 919
860 516
904 473
959 25
663 25
209 611
564 44
233 722
478 980
716 563
616 672
107 914
979 541
466 882
971 142
76 259
886 35
498 543
150 689
442 721
136 142
36 530
37 503
344 450
550 248
355 599
980 919
473 636
957 181
324 873
859 154
570 427
294 604
260 313
674 363
339 594
259 813
382 829
660 49
430 791
760 554
682 499
664 226
358 345
114 432
142 758
19 64
753 843
163 637
121 941
94 965
398 448
587 857
98 968
142 351
303 758
968 351
533 980
982 662
568 357
519 914
277 548
622 723
517 23
720 170
635 351
55 113
263 783
285 766
189 527
628 206
7 644
290 258
655 861
387 728
641 69
742 128
741 392
793 145
802 51
897 112
262 253
193 340
882 932
131 817
482 965
573 480
443 724
203 839
965 500
75 746
807 811
805 373
513 605
472 252
797 172
690 394
295 177
784 98
532 377
155 486
110 855
884 290
173 130
78 355
714 842
633 233
477 101
119 686
718 736
15 930
472 700
328 69
793 607
199 879
999 916
177 960
525 408
948 679
498 138
495 185
890 782
906 49
334 453
385 630
399 429
338 853
520 545
829 651
481 765
99 159
680 1000
87 179
802 717
890 885
839 32
339 838
883 186
67 470
544 185
357 921
457 376
444 986
642 934
152 171
59 645
616 46
59 681
987 43
353 234
530 103
958 496
613 389
838 931
85 579
86 132
569 908
479 772
683 677
400 343
370 703
882 139
146 344
116 387
760 909
407 539
447 304
388 655
41 378
658 92
119 862
28 411
457 362
198 397
17 290
432 152
321 611
427 173
205 137
344 946
563 365
304 475
47 982
694 920
91 802
961 66
644 778
109 744
959 464
969 313
42 341
108 685
648 331
49 85
228 676
929 91
527 534
967 166
316 51
582 966
840 841
575 625
503 114
911 16
305 113
989 826
836 506
369 738
587 564
232 455
452 735
900 264
952 548
81 738
995 853
562 575
739 569
705 365
5 620
557 264
490 193
294 21
361 373
900 84
47 250
205 288
145 132
846 151
658 419
849 521
680 974
148 655
96 648
210 737
690 298
19 187
831 981
679 965
726 954
528 166
15 248
564 636
847 560
721 563
9 24
700 896
446 803
858 16
699 274
271 714
977 449
533 229
154 280
756 423
871 868
912 124
727 970
968 231
569 935
163 808
618 23
685 210
650 88
807 151
393 770
276 555
304 613
911 866
233 223
42 303
400 305
162 306
51 900
734 964
933 397
366 898
16 59
177 628
360 225
742 537
725 612
868 633
489 314
501 478
632 981
365 904
196 819
496 108
744 179
145 152
501 598
880 349
248 80
683 762
500 314
389 513
620 205
91 584
721 652
859 894
665 198
416 143
481 671
320 302
865 611
126 631
757 526
963 526
781 403
240 231
330 830
518 283
824 864
935 755
51 159
309 220
18 447
863 800
1 833
749 805
658 791
577 412
579 857
509 408
154 895
923 360
397 827
687 971
959 961
617 519
637 335
623 238
174 883
775 222
608 886
306 708
1000 475
957 876
641 123
472 127
726 384
305 745
714 284
643 429
708 685
631 512
489 503
829 599
746 983
732 462
732 992
669 270
422 491
54 282
900 831
682 167
666 115
957 661
109 564
454 934
964 608
933 513
140 53
195 659
24 646
657 164
231 763
169 825
128 949
537 355
264 811
46 164
4 851
900 289
802 392
68 224
450 460
126 903
58 347
398 638
486 101
451 587
335 797
162 881
106 210
745 243
969 969
432 298
159 253
634 593
565 453
16 657
610 72
503 222
511 319
752 61
55 694
469 384
829 801
692 136
177 536
211 958
499 647
115 526
984 28
818 904
233 509
424 884
976 565
371 601
406 323
334 522
784 192
676 103
168 451
427 867
432 602
531 783
337 311
677 994
537 172
1000 51
379 389
103 237
785 721
943 597
412 492
572 331
828 380
771 259
939 726
594 55
19 501
500 459
376 790
689 4
776 634
474 117
575 601
953 808
143 544
510 542
221 590
615 827
599 817
567 617
545 32
727 879
558 692
307 685
564 88
331 911
568 546
881 580
649 997
746 937
393 988
237 351
517 661
521 630
213 360
820 908
199 203
813 479
14 251
803 162
448 905
207 167
86 862
123 369
220 181
158 765
944 251
424 909
311 645
399 568
59 847
253 538
233 540
312 99
790 423
849 246
202 165
552 544
653 52
788 131
893 372
113 471
498 625
442 684
929 378
86 534
12 73
318 540
258 671
524 127
579 412
424 972
468 823
364 663
81 784
399 588
896 496
151 170
626 153
367 199
837 152
640 258
124 283
572 289
408 608
358 463
895 180
884 329
523 221
438 294
278 125
25 625
729 427
996 796
956 151
188 867
519 122
35 370
311 840
195 115
829 875
784 912
904 85
99 969
443 714
962 8884
7 6961
59 8235
782 5006
319 9884
429 5189
380 9975
819 7363
796 6877
571 7482
713 5835
506 9255
81 5458
332 6256
270 9250
66 7257
760 7037
203 7325
872 5270
65 8442
576 6195
114 8799
785 9999
811 7261
638 9036
830 7866
677 8511
144 7839
971 6300
504 8502
19 5011
27 5973
559 7007
207 9161
148 5149
701 7780
26 5718
880 8505
164 8288
884 8136
66 6517
513 7545
272 6879
807 6612
444 7552
153 5990
840 5758
574 6893
907 6830
259 9167
976 6075
715 8986
874 7653
919 7828
312 9230
785 7755
845 8970
424 6157
124 7548
399 7865
416 7868
605 7450
888 8803
807 7827
125 6531
905 9916
416 8234
487 9296
465 7839
458 5210
536 8108
753 9897
236 9537
710 9153
253 8765
612 5122
959 5519
92 9049
834 8788
40 9429
952 5772
865 7063
231 5895
133 7907
209 5335
843 7711
917 8111
119 9690
199 7961
43 9067
948 6987
58 6736
123 9081
853 6288
701 8981
592 7676
553 7039
276 8651
741 7097
173 6117
953 7208
323 5821
829 9244
532 7284
317 9496
770 7389
772 6162
415 6926
242 5509
258 6831
502 9091
544 7524
145 7396
326 6160
211 5700
514 6823
41 5708
673 9800
25 9363
707 5685
524 6132
404 9955
152 5776
224 9326
562 9204
513 8194
188 8600
250 6385
380 8232
429 7703
78 8477
939 5440
822 6668
845 6819
250 8390
913 5082
459 5183
79 6335
640 7772
765 7911
304 7033
515 8612
376 7097
109 5136
124 9897
791 5872
892 9383
359 6262
1000 6433
72 6705
761 6425
606 5311
432 8338
370 6156
997 9375
747 7546
248 7268
645 6125
52 5939
361 7653
387 9109
576 7282
392 7321
887 7585
672 6918
817 6821
628 8447
671 8218
490 7698
972 5930
434 7272
104 8962
746 9778
460 5628
386 7241
863 7203
145 7450
798 8841
528 8583
371 7320
381 5729
969 7941
542 5995
183 8095
192 6661
218 7135
469 5560
875 9658
90 5474
744 8644
429 8580
388 5768
31 8665
762 5836
210 6181
113 8642
476 8051
906 7449
285 7084
208 6860
937 8604
530 6616
184 9642
672 6092
674 7697
701 5867
29 8396
8 7329
962 8771
5 6931
570 6368
100 8911
299 9048
456 6108
348 6068
609 8470
615 6431
343 5538
403 9868
3 9292
56 6103
755 7508
448 8212
317 8151
994 7496
315 7462
870 6262
289 6885
426 9767
194 8306
941 9354
747 7264
227 6408
9 9620
435 5285
128 5809
377 5244
412 5309
12 8563
431 7059
615 6392
316 6781
10 7091
891 5595
613 6219
570 6274
628 8877
509 9775
163 8924
56 5157
482 5206
303 5329
219 5902
78 6282
487 7439
752 9332
301 9756
994 7970
148 6016
345 8395
387 5980
356 8823
960 6561
257 7419
251 7703
597 9286
960 6298
288 6197
982 6900
709 8019
268 6773
911 6490
225 8080
750 7652
795 9262
239 6158
830 6420
570 8600
520 5551
780 9744
92 8349
263 8757
771 9770
606 6866
654 8838
464 8014
930 6251
221 9262
531 8908
748 9662
697 7440
245 6117
468 8143
420 5802
36 7886
495 6307
134 6796
551 8080
643 5449
717 6293
653 8861
299 5109
911 7506
269 7059
564 5000
330 6366
305 8227
773 7625
347 5911
808 9198
255 6293
212 5287
353 9794
67 6417
907 8185
595 7755
690 8988
637 5087
138 7307
426 6207
77 7335
760 5466
238 8504
985 9300
553 7319
9 8798
438 6489
939 5927
303 9427
433 5985
38 8067
765 5316
874 8577
268 5098
291 6848
170 7171
241 6829
837 8395
715 6380
844 5950
353 8847
246 5176
971 8980
426 5321
692 7798
745 9272
701 7160
160 8589
611 6972
631 8640
174 5975
969 6876
545 9928
25 5085
637 6059
631 8390
182 8655
706 5428
485 9916
810 7664
162 9432
13 5738
477 8664
336 5734
875 7441
686 9740
543 8059
804 5293
364 8908
816 6330
525 9086
937 9229
17 8233
684 6539
412 8136
867 8661
504 7965
180 7749
687 8890
122 7610
270 7653
908 5379
334 8654
168 6970
171 6688
617 5326
798 9777
75 9131
926 9416
313 7321
982 7361
70 8398
872 9707
530 7111
648 5452
902 9847
208 5206
54 7056
861 6880
83 9284
978 9386
838 6131
289 5357
569 7515
32 9230
94 5553
785 5836
24 5239
202 7741
676 6864
227 5264
86 5365
882 5470
415 7840
665 9113
965 5354
169 9022
774 7816
682 9740
511 9791
951 6079
735 8275
626 8018
191 6181
15 5669
75 5271
492 8825
792 8923
648 6040
163 9378
454 8513
24 9101
872 8365
336 9765
359 7343
667 6442
133 6504
284 8817
71 6561
169 5391
779 6510
81 5598
103 7811
29 8580
311 6669
77 9697
498 6356
174 7313
714 8692
39 6608
178 6415
529 6108
301 9312
474 7096
831 5930
284 9205
837 5017
508 5287
487 8864
659 9111
352 9681
973 9789
4 6104
508 6444
853 6257
934 5598
231 7458
19 7949
651 8719
901 9747
710 9870
159 7571
120 9704
704 6336
507 7755
141 7358
13 6954
473 8880
737 6235
534 9117
710 9370
212 9746
481 9046
199 6786
944 5502
416 9354
530 7404
527 5026
331 7929
378 9492
665 7526
12 7003
334 8952
589 6563
526 8795
711 8417
848 9322
215 9188
846 7133
592 6416
586 5607
569 5498
584 8681
803 5094
997 5650
214 7875
977 6405
286 5691
382 7629
862 7089
826 6119
966 6163
771 9733
604 6385
9 8079
986 6781
48 8721
317 5672
393 5455
528 8387
438 9014
834 6569
696 8865
767 5156
140 6895
797 9571
783 8789
866 7842
125 5593
133 9476
391 5421
811 8323
160 5164
541 9882
118 9807
946 9736
648 5037
264 7302
620 8165
49 6818
734 7745
51 9945
301 9606
931 7651
146 8458
360 7883
5 9866
950 9691
569 5579
487 9573
627 6076
892 8285
372 7804
134 9152
328 6801
677 7051
487 7832
39 7019
148 8995
645 9948
733 5333
839 9420
662 9869
974 6563
64 8223
26 7763
613 6935
438 9656
482 9765
188 7376
295 9751
318 6298
936 5002
165 8894
925 5530
421 5709
434 9321
908 9469
769 9395
996 8171
821 7878
76 5127
731 8061
466 7330
220 6236
701 7455
568 5426
501 6944
35 9382
496 8265
546 5723
892 5087
482 7967
392 5858
112 6321
858 6912
993 7824
145 7231
912 6337
143 6238
138 8445
807 9249
593 8251
271 6254
37 8757
968 8877
624 5520
976 9565
742 5187
291 7674
647 7995
458 9059
365 7548
330 9815
388 7854
899 8441
924 6825
663 7781
314 9233
483 9139
56 5303
627 7273
909 7742
312 6281
470 5252
37 6876
755 7499
566 7414
17 5149
127 9215
476 5710
909 9868
637 9817
720 5225
206 9054
279 7059
114 5091
612 8727
196 9344
295 6919
931 8266
596 9189
514 6158
464 7380
929 5304
287 5085
255 5113
496 7859
877 5458
222 7391
68 6543
350 8350
775 6313
270 7476
52 6471
98 6001
304 9845
258 9437
45 9268
408 5650
825 8750
462 9211
703 6459
34 9548
446 7060
158 6995
842 7542
990 5248
774 7345
303 9569
447 7744
931 6155
825 9001
755 8552
607 6019
726 5155
15 6715
113 5111
52 5243
383 6808
27 5834
878 6960
922 5897
88 5246
225 8685
523 6406
443 6885
381 7670
84 5376
113 9888
415 8233
545 9064
553 7373
444 8003
291 6547
10 8857
794 6244
261 7254
539 7825
636 7690
354 6114
97 5616
828 6429
560 8790
514 7206
585 8555
820 5027
492 7731
827 5784
989 6994
75 6714
218 7306
643 7982
100 7955
50 9329
426 9421
197 6437
820 6851
845 9867
698 9550
968 8424
132 7793
661 9200
520 9084
270 7392
259 7296
543 5442
933 6511
857 9896
411 8473
724 8840
783 7232
641 6102
405 7089
693 5280
148 6914
270 6433
36 6646
187 7099
733 6728
160 9553
638 7569
616 9770
157 9553
187 5301
531 9009
999 6461
103 8225
202 8898
357 7564
673 6152
705 8556
630 7925
726 8212
387 6655
261 9422
737 7041
449 6784
699 6391
969 5361
928 8735
718 7845
21 6872
543 7454
395 8738
264 9541
307 9452
504 9217
218 7362
20 9053
969 7723
342 6055
850 7401
405 6308
57 9044
1000 9012
790 8014
890 7477
664 6437
119 5688
624 7984
544 7358
560 6657
132 7425
531 7292
711 8842
715 9588
816 8442
351 5246
885 6307
186 5651
854 8366
734 7703
908 8292
258 5408
809 9387
435 9379
912 5944
367 7261
616 7490
46 7664
404 5517
129 7588
14 9378
344 9696
267 5035
447 5416
801 6809
474 7723
207 6627
786 6413
342 5020
582 6182
226 7209
592 5508
851 6814
99 9402
294 5290
518 7071
814 9771
50 8100
308 7795
319 5031
715 6164
32 5238
400 7501
249 7586
331 5846
407 7037
513 9317
891 5344
655 5131
157 8556
467 8163
276 9848
542 5524
745 5964
742 6622
478 7099
191 9160
263 6039
733 6815
489 9921
831 6361
153 6053
812 9215
290 8967
987 9602
621 6943
312 7002
711 8947
444 6749
235 9689
464 9036
680 5134
832 5306
592 7041
781 6319
398 5280
439 6791
724 5756
899 6784
86 6462
457 5923
948 7861
822 5991
579 5198
779 5811
541 6878
487 9868
232 7859
749 9856
633 9452
511 5519
398 8209
366 9226
859 7635
295 5956
27 9117
327 9061
95 7381
125 5980
334 5807
547 5540
411 9751
453 5499
988 7249
213 5686
100 7678
493 7918
313 9581
388 6445
857 9451
62 7419
824 9593
836 5494
111 6799
395 9227
538 6004
37 6439
84 5801
850 5486
188 7884
449 9503
358 5744
703 7269
43 9537
89 7629
670 7971
612 5763
358 6216
457 6535
284 8239
863 6154
928 8150
679 7284
442 9700
42 6421
285 5880
749 8458
15 8846
170 6656
401 7045
157 8098
945 6855
483 8800
648 9950
167 8998
942 8944
405 7686
899 9059
295 9759
81 9180
998 5782
226 9506
2 9881
532 9311
698 8191
96 8900
145 8600
222 7605
159 9070
405 9902
465 5576
737 6788
904 5984
348 8782
888 5024
36 9979
810 9725
160 7013
587 9217
594 6813
901 6467
305 5412
434 9399
40 7370
991 7969
537 8361
451 6984
548 7047
225 5144
707 5183
795 7823
686 7711
373 6252
801 9183
82 6624
472 6271
864 7527
353 9751
136 7569
287 5825
925 6991
420 7906
178 8198
413 6128
301 7450
512 5618
959 8253
15 5742
241 9333
133 9632
144 5107
89 6996
550 7289
201 9251
146 7141
517 9797
30 9538
392 9429
288 8631
420 7337
897 7769
247 5518
243 9720
173 6434
477 9360
755 9689
443 7311
844 5998
107 6099
983 7113
469 8458
403 9932
768 5924
450 5485
485 7298
683 8677
290 8889
51 8719
240 7382
774 9450
954 8288
272 7910
547 8962
302 9752
248 5670
365 6748
512 5094
381 7321
452 5168
119 7090
4 5346
917 9611
112 8090
581 5452
58 5106
883 9591
829 7778
172 6994
996 7909
905 7002
374 9445
822 9653
203 8036
15 9795
968 9063
896 9981
505 8689
641 7431
302 7125
631 5328
419 5109
916 7525
159 7548
294 8184
622 9920
69 8255
918 8920
771 7857
100 9719
817 7762
416 9185
295 7168
232 8939
273 9041
567 8177
145 6443
225 6630
259 5310
79 8678
772 6762
409 7074
216 7042
256 8931
643 8826
41 9957
285 8051
360 7254
977 7905
862 8656
311 8284
46 9288
279 5456
548 9518
573 7021
491 5106
106 8691
126 5582
973 9271
961 7409
435 8957
363 9728
93 8926
225 6293
552 9805
813 9233
316 5580
393 7885
175 9742
108 9381
623 5143
650 8700
978 9458
747 8944
354 9400
336 7691
366 5535
808 8860
301 7071
458 6147
155 8057
64 6169
605 9056
69 8680
673 9429
646 7774
581 8456
854 6638
417 7560
229 8641
803 5129
967 7087
257 6183
459 9301
795 9304
276 7595
226 6763
482 5463
570 5325
339 9233
164 5003
311 8365
698 5135
526 6481
388 9075
1 5838
922 7330
407 7651
599 6500
60 5531
595 6388
564 5143
927 5535
834 9508
662 9916
627 5579
166 6631
851 6472
492 6753
997 9853
79 6921
679 6218
474 7068
42 9874
817 5580
937 8847
90 5404
472 7789
671 9520
580 6344
788 7781
715 5352
520 9086
64 7578
85 9418
331 6990
57 8487
84 9231
624 5583
374 7814
484 9360
846 8437
888 7776
652 6932
94 9564
119 5646
389 5811
550 8808
893 6454
453 8132
86 7893
41 8692
570 6003
982 8224
898 7456
262 7113
511 5086
132 6080
157 6921
745 8903
238 6919
423 9629
570 7394
96 5571
801 5435
153 9611
68 6968
789 7872
315 9876
663 9155
561 5482
793 7695
622 5532
99 7196
662 6052
423 5665
856 7460
279 7682
97 5446
988 8657
803 7638
539 8064
375 6481
241 9028
799 5880
258 5936
288 6885
593 8566
465 9187
835 9352
833 9122
12 6199
370 9665
937 8858
797 6770
820 8543
629 6921
386 8623
176 6421
601 9393
135 8495
689 5232
524 7273
642 8230
806 9727
839 5079
710 8492
637 5176
44 5009
408 8973
68 6440
555 9710
209 7636
567 5827
936 5741
375 5458
94 9291
650 9006
89 9590
946 9965
291 5222
760 8789
833 7760
497 7843
67 7461
860 7572
4 7639
157 8332
424 5938
806 9442
662 6253
900 6093
871 6846
895 8838
193 6676
889 9467
112 6639
636 6827
17 8696
354 8336
961 5488
71 7535
558 9212
353 9759
234 6549
851 6512
37 5158
988 7483
927 5917
264 5358
35 8444
202 9863
564 5235
381 9910
223 6857
608 7239
885 5340
19 9571
879 7760
488 6010
476 6691
199 6631
299 8762
753 7617
867 6546
879 7442
472 8740
612 8136
302 7063
158 5031
93 9549
773 5948
241 9118
558 9882
803 9616
961 6370
454 6127
889 6750
555 6700
520 8184
273 6522
879 6776
176 6875
89 6997
164 9402
845 6343
876 6488
559 5657
921 9131
884 7426
523 8167
990 6753
637 7443
708 5825
653 9612
521 6618
377 5424
422 6812
432 8412
805 6322
16 8966
217 7933
166 9354
427 6228
898 9585
742 6374
900 6997
474 7775
458 5867
724 5632
351 9920
588 5587
548 6011
398 5834
205 5502
171 8716
544 7708
345 6946
374 9001
862 8474
672 6798
302 5770
640 9161
844 7792
553 5641
872 5618
833 7794
582 6212
443 8965
133 9179
584 5848
592 9465
733 6194
20 9455
220 7042
629 8635
56 6254
866 7442
626 8873
610 7986
897 5514
829 6783
53 7332
513 8478
692 8956
280 9034
455 5263
747 9603
279 7545
750 8829
198 8868
437 7048
99 6044
395 8374
806 9501
546 9703
782 8003
30 6729
253 6448
365 7433
296 7363
79 6085
11 9013
307 5895
105 6733
919 5587
983 6781
998 5249
866 6978
872 5169
234 5685
682 7660
146 6360
774 9144
330 9012
598 9717
201 7079
562 6265
830 8964
989 7059
307 7554
489 8749
629 5757
897 7900
861 9158
227 9182
445 8122
773 9788
421 9706
27 7056
516 6455
503 7586
513 6139
40 9374
941 6317
497 7859
550 6149
1 6999
560 6306
744 7848
218 8461
241 9524
451 5475
802 9308
129 6311
867 5532
60 6298
525 9349
645 6078
758 5059
986 8736
826 6427
434 7889
887 8053
812 9247
492 9718
955 5633
663 7281
39 9264
171 5298
810 5323
782 9133
448 9018
660 8510
872 9958
946 9177
578 9557
811 9940
676 7029
697 9556
242 7831
475 8422
154 6247
65 9202
261 8097
255 8690
203 8782
199 9513
615 7964
31 7498
865 6302
523 7266
674 7100
401 7055
351 7811
205 5421
84 8619
551 7884
312 6510
902 5321
147 7089
909 7392
216 8362
519 9939
714 8395
504 8169
591 6819
909 9911
249 5148
74 7070
746 6844
597 8316
3 9459
359 7762
589 7269
434 5882
389 9273
474 6272
879 5304
940 6425
656 6067
953 6409
919 5704
504 8178
925 9951
74 8460
533 9935
561 7583
828 5610
956 7996
680 7104
638 5445
501 8441
858 8984
492 8441
302 5698
107 9188
994 5944
790 5766
981 7316
30 5453
148 6972
43 6194
549 5404
805 9665
565 6693
253 5608
217 6763
621 8334
781 7709
139 8367
788 8978
579 5299
267 5008
835 5887
762 8790
715 7246
361 8072
948 5408
154 7823
704 9613
186 5678
896 8598
824 7793
719 5919
996 8052
903 9115
190 8787
483 9477
917 7630
672 8811
524 7189
428 9862
929 5912
732 7188
477 8375
706 5199
173 7552
426 6062
219 9905
109 5667
781 5472
414 9060
38 8371
165 5417
776 7813
770 6797
224 6195
185 5467
963 5137
598 7071
413 8421
425 7118
352 9878
798 7241
575 9108
90 9975
560 5976
762 7032
912 9943
188 9432
442 9107
777 6052
751 8277
497 6403
235 9978
99 8480
215 7345
765 7014
659 5172
491 9782
328 8016
220 8355
549 9545
478 8755
502 6114
43 7867
221 8347
467 7216
841 9486
861 6699
863 7923
419 8732
815 5679
495 7447
178 8354
876 9380
295 5310
420 9019
727 5222
58 9957
745 7295
629 9461
406 7195
541 8351
831 7155
427 7360
654 9427
626 5128
701 7054
518 8679
714 8414
931 7396
212 6263
883 5613
552 8187
653 7591
932 9925
906 9845
195 8896
63 8621
293 7416
514 8238
486 9904
419 9639
557 9780
38 7558
390 9827
568 7174
973 9378
683 9389
17 5164
939 6705
481 6488
841 7672
151 7014
582 6005
988 6209
955 5086
171 6394
378 5781
10 8525
509 7095
819 8156
869 6457
389 7233
344 9539
890 9496
998 9687
530 6246
524 5635
53 8421
76 5972
182 7532
455 7272
548 9968
920 8859
923 9136
567 5760
422 7511
521 7268
863 5552
259 7079
480 5369
779 9349
906 7731
650 8639
911 5527
316 8313
445 6561
811 5777
828 9274
430 8479
138 6654
113 7524
550 6533
263 6854
286 9115
632 8107
771 5109
346 6878
759 8891
362 9200
198 5697
671 7201
719 6115
472 6494
82 7805
557 6953
759 9881
899 8534
359 7492
526 9068
437 8486
796 5856
615 6967
870 9520
192 9559
747 5209
486 6347
65 8620
58 6474
403 6008
850 8754
247 5709
746 7283
622 8978
405 9665
87 8913
313 5960
727 5097
207 5669
740 5224
828 6936
703 5163
578 5671
694 5761
257 5327
685 8440
948 5327
581 9586
132 7708
509 8265
663 9972
192 9220
941 9351
143 5422
469 6341
367 6727
281 5514
363 9792
572 5094
136 9674
862 6836
614 6783
152 6370
331 9437
720 7023
255 6408
635 7124
375 8782
946 7199
138 6195
919 9040
138 6712
184 9684
294 6532
14 5658
692 6526
366 9732
149 8351
541 8983
389 6030
235 5771
194 6345
891 9205
409 7188
886 7813
635 7848
520 5134
397 8251
422 6781
593 6031
218 5457
779 7707
699 9103
181 9127
120 6796
705 7071
807 8128
987 7498
533 5019
932 8604
72 8863
809 5615
159 7018
85 8490
558 5729
521 7887
908 8017
131 8489
145 8779
21 7252
845 7843
457 9085
295 9250
131 5182
210 9008
237 9867
273 8567
881 9246
551 6359
693 9810
932 8369
996 5008
918 6337
8 9128
581 9330
381 6642
59 8902
81 9518
745 6507
308 5702
816 5980
80 5890
175 9824
968 7573
221 8574
423 7020
853 5708
431 7311
146 9237
475 8695
325 5180
99 5156
840 9451
808 5673
342 7164
255 9847
493 6916
640 8442
325 7316
290 5852
409 9632
801 5735
660 6229
973 9166
427 7358
221 5719
405 5417
631 6809
906 7413
754 8978
948 7107
439 8063
81 7190
667 8483
293 8393
571 6867
343 6778
197 5075
882 9588
956 7145
623 5999
612 6283
345 5576
867 5245
319 8911
164 5039
906 9139
52 8418
582 5139
693 5510
83 5963
888 5070
587 8100
807 5338
888 5865
556 8572
520 9665
129 6151
597 6696
390 6392
432 6228
307 9983
633 7789
379 5414
434 9989
454 5017
223 7627
201 7874
125 6493
559 6645
234 8957
678 8497
152 7443
715 7509
716 6489
46 8771
436 8646
734 8747
18 7225
306 9126
147 5471
181 5969
203 5936
106 6552
464 6317
383 7275
971 6008
112 6518
475 6899
87 6726
51 8934
247 9282
774 7329
10 7372
945 8752
339 6245
967 7702
378 7203
693 8912
265 5422
930 6225
122 8720
289 8585
923 9646
975 7897
274 9772
775 6830
484 5036
160 6301
287 7326
551 5840
198 6484
526 8668
212 7137
250 5349
711 8308
508 8237
569 6749
542 8880
719 8250
84 8796
776 9461
686 8651
190 9819
665 6011
318 8482
193 8042
273 6349
204 6960
717 8676
385 6584
763 8921
271 7046
45 9500
444 9977
890 5189
172 6117
640 7313
495 6656
368 5888
296 6871
345 9098
779 7775
524 5965
112 7480
146 8072
108 7221
713 9242
23 8450
396 6881
93 8368
57 9107
139 6730
938 5894
497 7229
750 8310
6 6435
819 9548
645 7754
477 5028
24 9060
532 9661
181 7982
484 5425
451 5649
985 5744
670 7797
723 7053
487 7656
814 7844
537 8705
166 6800
537 5081
727 5020
416 7175
923 5395
966 8248
32 9319
709 9913
122 8602
360 9655
652 7463
146 7415
276 7637
589 9641
452 6007
540 8333
536 8141
605 6500
46 8936
186 9913
567 7711
430 8962
95 5627
750 5055
