1000 2058
482 485
257 326
286 248
517 421
404 322
713 795
45 43
924 845
873 955
160 252
1 9
838 901
40 122
58 94
676 738
627 574
766 715
862 882
405 367
923 984
379 299
461 433
612 682
133 72
813 874
97 138
908 856
165 145
996 995
623 529
220 199
298 277
157 97
723 719
144 242
48 107
129 122
148 70
35 98
644 600
632 645
272 267
1040 972
977 895
312 213
778 748
567 487
965 923
1 29
616 674
569 540
628 554
493 467
76 46
733 710
575 553
288 191
775 724
723 730
912 988
64 90
354 340
565 549
210 196
922 865
775 678
566 570
934 936
626 722
742 651
194 123
485 431
483 508
617 585
876 853
653 642
896 992
652 725
220 286
727 812
900 859
563 663
56 88
157 179
280 187
537 619
284 261
920 846
124 192
239 261
459 514
931 886
504 530
910 849
382 294
795 799
485 391
351 330
289 298
865 790
250 275
738 826
75 72
788 866
947 951
651 748
595 685
993 956
663 564
265 183
338 400
637 721
206 207
328 323
618 611
64 116
139 109
806 795
412 343
912 862
715 685
1 10
929 881
1025 984
410 403
273 360
507 449
450 541
174 272
882 877
427 359
787 707
355 308
734 770
1 30
248 208
397 311
159 100
874 939
449 422
857 785
286 370
976 989
908 969
103 143
1071 972
1 28
117 61
697 638
424 348
439 347
74 66
442 391
568 638
195 295
854 826
281 196
433 449
845 855
224 143
487 487
181 140
496 564
690 615
124 135
575 564
374 360
766 793
149 163
776 859
793 760
674 711
696 662
90 159
732 660
214 268
935 948
228 315
619 676
349 341
734 689
964 894
644 706
484 490
491 478
628 671
1009 932
944 899
315 237
92 187
554 472
757 772
88 98
952 906
818 911
628 635
316 225
818 823
255 164
432 343
763 732
490 502
721 740
587 576
530 612
992 902
491 454
343 411
880 973
645 703
761 850
152 77
241 220
727 802
352 403
246 181
1 10
479 525
958 919
749 668
551 527
538 462
319 291
580 605
501 457
487 405
349 417
252 279
731 685
637 596
339 307
257 224
271 322
740 840
1002 975
404 401
190 91
254 327
277 330
100 182
648 603
810 793
535 615
702 733
855 864
76 16
773 863
917 987
279 306
123 34
922 840
613 700
658 706
705 787
101 105
807 834
883 798
358 310
634 609
786 690
618 561
644 579
141 60
466 388
340 309
495 407
283 200
352 313
886 970
95 33
291 273
217 277
1007 997
1 40
219 227
764 860
1025 940
600 608
895 990
690 590
738 806
1 52
772 801
727 764
774 710
340 386
503 593
1 50
432 494
228 156
993 936
1058 965
130 86
821 723
189 184
943 868
343 340
404 412
560 487
196 209
418 346
782 860
314 307
59 95
778 821
979 941
828 821
584 587
122 201
741 665
566 527
760 812
385 424
395 459
250 343
789 836
492 506
261 179
914 916
380 430
537 596
731 808
361 269
473 512
737 811
708 685
635 567
804 776
827 855
695 718
756 853
57 97
178 146
688 746
1 15
871 965
415 512
510 480
1057 958
764 665
193 191
905 964
583 515
696 606
887 822
444 536
741 693
12 19
313 335
81 101
828 922
354 294
981 910
499 410
283 250
545 546
635 729
540 609
689 720
946 976
730 759
703 798
14 74
644 648
241 299
793 785
912 846
461 390
801 897
424 416
744 837
272 247
338 293
193 144
987 938
432 467
505 480
944 955
653 665
38 26
468 564
461 449
1 26
576 521
329 301
274 321
701 613
432 388
851 879
915 990
137 188
927 963
903 820
373 300
770 822
160 255
285 277
231 153
366 400
317 227
423 518
420 447
216 315
772 813
271 324
566 502
243 299
725 780
390 376
491 516
225 212
392 329
781 810
434 486
535 485
368 416
938 952
946 894
353 358
1 21
707 647
143 44
630 683
364 361
822 814
147 231
54 8
91 165
431 496
606 699
917 852
553 459
473 535
222 314
954 944
369 306
413 459
717 637
491 447
447 408
44 107
994 962
518 565
448 407
931 857
369 317
181 98
815 818
655 600
267 288
960 902
611 567
271 190
771 749
993 908
359 276
810 748
563 592
360 393
264 363
199 163
1074 983
131 179
41 16
423 478
197 259
779 868
344 295
536 596
140 71
669 622
938 864
715 644
67 5
321 365
434 429
19 64
928 854
759 770
178 88
160 157
277 368
467 421
653 719
330 271
966 975
817 816
1045 962
508 535
492 438
743 696
884 881
259 318
56 45
1 52
421 496
270 313
99 138
429 334
1004 988
512 508
702 770
657 751
862 780
516 441
246 207
592 516
641 674
390 408
831 920
522 573
611 634
825 878
929 990
734 826
718 696
883 800
355 411
426 422
668 707
235 334
1080 986
397 494
137 150
648 562
342 380
799 832
1067 979
313 376
452 511
441 414
214 160
1059 982
260 238
579 490
897 899
316 251
526 526
909 897
139 39
634 657
384 452
577 538
840 831
509 460
262 185
934 934
513 440
556 490
97 168
107 71
937 977
370 458
193 204
802 803
134 139
390 399
439 420
1034 991
636 578
1008 972
191 177
429 398
445 348
483 496
347 276
769 825
540 614
212 121
789 730
317 341
381 284
714 698
24 17
570 546
771 672
1052 974
776 866
290 377
470 559
367 340
626 527
879 779
688 761
553 483
112 92
440 390
510 583
741 661
473 391
289 336
574 661
85 125
36 89
362 275
310 359
129 178
763 780
31 42
69 5
470 380
739 772
726 816
57 9
476 484
498 545
669 589
112 157
934 901
854 777
112 74
246 247
1 55
481 479
883 785
1051 958
763 680
417 393
900 944
573 596
601 619
588 611
900 852
327 283
199 299
847 766
240 312
862 826
635 726
680 733
806 805
767 679
495 403
870 964
259 337
476 541
512 478
467 369
1001 946
798 821
819 833
835 837
502 490
119 37
652 594
82 129
242 258
215 246
291 362
687 755
550 504
1 71
249 177
203 176
865 803
189 237
758 677
90 33
188 115
621 597
807 769
481 536
1031 956
349 341
222 184
260 234
551 569
245 216
631 537
183 84
873 810
656 657
5 33
137 159
579 520
656 668
373 287
232 229
352 374
428 474
598 672
943 915
582 511
120 123
573 569
218 199
347 396
628 715
1 59
642 610
959 917
983 927
186 270
60 117
513 516
143 215
234 216
290 237
597 615
452 499
521 477
837 760
267 285
20 56
1027 966
690 622
235 221
199 194
186 91
374 347
244 252
424 473
438 516
385 385
337 357
945 958
686 665
698 792
16 64
464 420
655 671
911 968
839 877
144 177
535 523
65 139
230 152
806 732
312 246
578 565
699 740
817 902
105 17
886 973
360 298
658 611
53 32
1 11
319 337
36 136
879 889
595 522
721 805
80 28
981 931
838 757
654 609
480 544
973 905
647 595
243 246
152 113
183 175
140 156
263 244
856 883
338 265
792 883
403 462
560 485
238 272
214 204
1011 984
453 409
330 398
819 909
469 370
882 882
279 214
811 766
82 35
341 421
271 271
397 370
876 848
128 50
1016 976
243 270
843 796
949 963
451 379
1091 991
594 551
867 897
353 307
471 421
100 74
401 388
591 559
884 980
607 615
651 681
209 231
133 207
741 818
372 331
950 979
403 445
419 348
780 724
345 401
618 646
766 668
335 242
288 302
795 861
777 830
117 77
541 441
499 589
1025 990
217 189
799 868
944 996
329 363
232 237
367 420
552 565
220 214
353 333
811 726
176 175
35 58
548 625
1 66
142 169
400 475
298 204
27 90
421 496
40 1
462 474
359 449
299 252
395 332
382 287
206 189
980 889
1 63
285 378
109 206
813 897
219 230
361 382
601 575
155 60
442 529
405 477
253 290
57 89
894 961
548 461
763 702
542 532
704 680
44 53
545 642
1018 1000
803 891
730 822
59 152
423 324
590 633
266 267
325 381
307 272
422 506
403 419
524 461
613 526
1033 978
403 468
820 729
777 795
631 581
298 383
302 226
505 421
461 386
351 273
556 484
638 676
152 107
236 229
831 902
882 962
38 105
100 84
1006 991
661 701
596 689
748 655
528 600
587 538
492 499
783 881
1017 981
546 473
368 383
618 679
662 573
563 589
553 480
161 145
612 624
926 923
972 915
249 232
948 974
662 735
735 678
682 640
722 644
146 212
75 123
276 253
890 943
1 18
1007 916
302 327
607 640
646 615
488 470
565 655
239 288
448 401
906 840
564 633
647 707
339 424
757 682
213 194
829 855
229 190
703 728
257 178
255 275
123 88
321 367
517 544
768 738
1040 963
439 460
282 266
739 727
128 33
471 442
714 628
467 384
298 244
411 482
760 765
435 446
245 247
865 913
658 560
457 528
694 594
882 935
415 462
555 621
705 660
525 564
276 302
871 936
582 592
639 724
181 118
200 299
201 251
35 129
5 96
85 167
239 169
359 381
948 976
771 767
804 837
457 407
284 203
485 387
803 735
629 706
358 335
13 40
808 821
68 131
96 159
956 978
101 53
767 849
577 478
1 19
278 230
388 453
318 336
847 931
592 588
494 449
615 566
742 991
123 109
1036 192
718 579
212 168
959 310
253 858
174 835
969 874
617 21
759 96
667 994
48 808
151 973
245 476
432 384
453 534
850 186
619 124
849 455
604 443
144 9
1003 38
28 815
387 140
1034 561
204 82
899 200
3 188
160 304
79 890
288 792
834 306
937 38
254 223
156 738
95 206
655 863
188 475
480 421
201 858
384 690
687 931
926 959
400 823
70 546
66 292
357 923
937 677
83 106
793 145
766 418
168 290
240 909
946 753
843 204
435 172
149 646
297 651
700 310
996 435
74 42
891 684
780 667
774 111
486 317
903 671
605 444
977 402
886 514
793 30
871 221
350 157
1027 129
94 777
275 432
69 541
610 568
945 934
599 939
15 887
79 289
555 368
366 389
597 370
82 30
247 852
1055 495
491 941
404 442
748 689
152 697
369 738
446 994
32 644
436 508
324 187
747 499
793 301
748 287
1041 612
552 137
762 309
100 428
405 773
611 944
632 544
1017 969
782 568
388 302
1076 408
325 973
804 145
18 825
859 196
792 682
738 861
933 148
27 900
840 102
498 405
781 543
898 7
746 293
368 399
865 659
954 951
39 959
711 378
760 596
189 797
227 890
41 197
752 540
922 852
770 136
776 759
92 521
661 774
142 747
209 145
823 299
761 746
292 364
256 279
17 211
114 376
973 143
574 802
555 389
906 698
422 370
1041 720
885 698
532 541
462 402
873 844
1062 513
51 272
521 551
60 176
239 679
10 891
816 51
793 670
194 787
150 521
741 703
778 938
659 576
293 152
465 101
922 383
817 987
878 625
1058 28
177 698
199 568
544 782
293 984
615 600
85 198
738 2
769 915
293 237
260 59
757 958
682 281
344 513
906 776
1026 794
586 505
550 489
709 926
957 530
126 184
281 154
92 82
707 551
250 726
661 241
297 419
1005 56
192 497
134 485
789 349
156 939
319 819
328 568
84 735
234 534
491 610
695 362
1034 886
776 507
85 888
231 148
335 13
860 58
831 938
1046 670
837 653
805 614
203 257
250 397
371 646
684 608
612 94
195 46
219 332
289 710
747 36
366 567
324 99
597 152
1018 304
585 596
809 598
653 295
76 904
1042 277
174 421
917 83
438 459
335 772
65 664
1015 10
405 466
908 694
1067 811
834 640
46 319
1014 94
1029 105
164 194
151 900
580 75
205 638
477 790
92 567
175 627
236 77
877 383
199 381
161 685
924 755
873 432
182 709
774 818
435 17
232 430
267 139
4 379
622 255
633 379
352 741
733 851
407 280
439 496
829 503
229 535
464 48
774 687
54 257
286 652
826 694
880 802
533 308
196 264
155 603
157 156
471 620
962 765
224 589
588 871
286 860
627 689
312 826
1032 693
607 523
741 650
811 487
308 797
786 372
966 716
41 512
67 375
332 550
149 370
890 530
367 377
463 57
876 307
371 135
879 464
578 555
874 750
869 323
416 317
1027 549
349 990
253 810
885 29
604 11
198 562
879 578
425 260
371 320
375 520
1003 123
59 909
664 355
1025 777
258 896
562 390
94 136
212 935
928 413
1037 122
686 985
782 303
399 929
11 637
131 86
732 536
805 589
972 215
958 341
334 415
472 581
153 667
788 340
637 754
722 48
167 860
957 44
219 272
19 264
660 962
1004 302
358 261
416 93
114 241
480 377
458 193
385 778
685 839
1049 890
642 67
719 726
734 696
777 747
205 649
356 590
365 91
800 973
140 52
167 156
191 292
8 64
949 416
739 436
453 211
1024 853
955 632
1064 150
610 106
1067 783
563 700
1036 276
463 8
222 766
313 163
352 215
801 446
161 891
23 289
397 460
150 28
854 674
1066 759
908 636
635 643
204 904
875 367
469 167
696 222
108 550
898 721
997 710
389 90
191 241
168 675
345 540
88 568
258 359
259 421
886 675
1044 873
91 458
639 440
61 134
783 508
385 981
251 922
250 309
990 371
3 532
155 132
891 878
445 947
366 542
31 440
324 836
208 69
388 404
840 487
868 338
1060 308
746 719
399 621
1000 238
441 120
969 4
213 488
976 790
643 830
337 447
242 995
821 835
388 242
153 183
146 312
200 527
61 2
104 529
77 240
56 157
375 621
984 176
228 621
757 381
788 421
531 466
351 575
59 341
393 525
451 618
327 980
984 471
361 236
654 593
246 455
253 708
989 525
990 804
335 1000
473 775
999 305
1080 987
982 427
161 407
487 602
870 641
146 826
69 449
103 639
626 5
285 976
79 895
407 663
183 308
775 442
465 877
512 954
333 970
1066 547
17 475
598 194
325 810
190 400
540 808
432 690
1068 894
308 145
985 210
641 942
977 613
679 916
494 474
655 878
445 515
727 296
351 388
658 617
64 550
757 584
871 457
834 237
71 815
118 679
1083 72
431 485
218 364
966 822
122 178
390 826
857 847
361 458
629 905
1082 838
763 456
456 284
558 558
693 455
978 827
802 157
248 686
754 119
420 785
520 492
342 676
796 850
560 692
624 334
774 745
222 147
615 208
562 684
579 490
75 525
1055 406
958 299
547 369
139 479
992 492
884 14
952 563
206 379
537 658
845 426
417 545
274 102
1001 613
919 210
340 936
143 233
504 113
158 15
15 778
927 762
968 752
110 377
570 966
1045 548
553 922
385 869
908 434
51 934
350 929
102 942
711 482
1040 580
1071 590
457 981
95 491
848 31
97 266
418 473
716 600
209 765
3 355
894 615
894 504
153 642
740 221
389 317
194 607
579 142
237 878
249 852
168 905
419 29
119 262
913 222
698 617
878 92
1047 94
19 839
660 830
320 377
994 676
49 986
1049 682
649 97
530 695
953 130
214 4
580 550
191 473
765 97
16 733
543 422
1047 688
762 866
463 323
375 316
881 364
504 467
266 762
647 667
161 548
528 624
421 251
291 994
684 699
515 457
743 713
803 583
838 913
406 275
863 192
663 605
325 745
430 915
655 673
569 917
740 327
727 193
357 982
195 284
820 683
1072 857
754 355
452 769
476 693
192 751
719 435
246 530
609 908
597 659
189 310
966 308
444 972
576 200
813 209
139 430
470 730
620 672
294 917
369 391
1042 388
358 150
1054 264
167 360
556 209
768 241
726 589
197 758
934 837
428 556
33 570
41 964
1076 731
179 98
690 982
519 288
288 241
603 323
69 961
1091 230
655 545
460 919
645 847
670 900
478 956
69 95
710 877
421 358
507 332
729 108
187 513
882 244
521 700
728 912
198 626
930 368
1084 796
334 22
258 664
891 163
563 585
360 844
453 135
575 268
778 684
651 990
1008 447
418 889
390 283
1020 894
641 961
534 745
502 277
122 518
233 547
365 801
261 454
888 859
980 838
397 431
590 142
807 589
381 789
646 416
43 509
706 320
1054 482
272 532
741 89
783 761
1006 29
72 236
550 269
901 133
134 51
996 309
86 591
255 880
961 535
183 269
256 680
956 816
619 407
520 559
531 833
823 952
509 7
823 126
284 150
466 280
888 13
1002 393
359 293
633 713
118 72
776 468
138 880
350 769
1067 615
549 494
538 399
1052 806
510 153
417 555
636 621
87 301
413 117
663 311
382 687
803 522
721 29
281 190
20 674
641 22
94 105
729 165
81 473
903 790
173 822
823 215
350 357
170 238
1 863
800 369
269 400
197 346
147 91
2 556
448 879
1052 892
945 303
532 139
458 210
450 477
665 594
306 755
845 829
464 293
721 22
447 274
278 246
286 895
788 640
67 81
361 509
809 942
2 603
381 424
97 288
106 70
316 845
1084 86
897 178
765 942
361 780
355 819
826 817
770 116
927 828
47 9
1033 699
585 101
828 663
792 330
799 407
1087 923
882 656
1009 121
235 844
536 297
10 142
795 826
995 672
593 900
676 173
316 259
935 187
451 910
1089 320
211 822
39 211
747 978
596 257
876 447
138 425
655 768
66 523
422 696
1023 147
530 67
852 241
769 669
445 146
904 842
1067 914
205 573
654 528
334 52
580 43
638 257
106 338
95 778
24 446
1041 438
647 887
707 873
792 66
403 425
290 335
228 344
931 386
675 841
783 834
401 970
681 481
390 814
778 262
667 53
526 933
96 715
431 478
774 758
960 842
454 337
1081 991
147 111
105 139
1047 204
829 276
372 856
969 232
606 843
912 256
438 41
730 375
995 542
631 605
480 530
859 491
348 570
604 526
490 557
52 514
243 751
560 826
297 725
315 714
241 152
228 764
386 791
329 114
291 191
841 81
1061 376
238 382
934 191
45 545
82 120
228 302
280 727
12 634
204 923
962 753
666 877
1018 914
175 81
939 690
219 946
568 498
307 510
1048 524
167 568
542 712
264 399
260 848
739 43
623 87
551 747
49 259
930 514
389 320
251 636
268 547
209 81
867 711
144 614
616 940
783 687
980 355
804 910
582 735
339 239
812 965
597 794
860 516
111 265
163 525
398 136
653 923
614 189
439 958
508 138
909 632
185 149
688 25
166 805
835 858
249 771
688 355
715 939
565 579
153 512
429 585
925 571
287 88
558 913
325 220
704 528
1088 104
284 958
404 979
604 166
738 705
413 393
840 3
1076 497
858 563
796 694
826 381
