1000 1756
482 485
257 326
286 248
517 421
404 322
713 795
45 43
924 845
873 955
160 252
1 9
838 901
40 122
58 94
676 738
627 574
766 715
862 882
405 367
923 984
379 299
461 433
612 682
133 72
813 874
97 138
908 856
165 145
996 995
623 529
220 199
298 277
157 97
723 719
144 242
48 107
129 122
148 70
35 98
644 600
632 645
272 267
1040 972
977 895
312 213
778 748
567 487
965 923
1 29
616 674
569 540
628 554
493 467
76 46
733 710
575 553
288 191
775 724
723 730
912 988
64 90
354 340
565 549
210 196
922 865
775 678
566 570
934 936
626 722
742 651
194 123
485 431
483 508
617 585
876 853
653 642
896 992
652 725
220 286
727 812
900 859
563 663
56 88
157 179
280 187
537 619
284 261
920 846
124 192
239 261
459 514
931 886
504 530
910 849
382 294
795 799
485 391
351 330
289 298
865 790
250 275
738 826
75 72
788 866
947 951
651 748
595 685
993 956
663 564
265 183
338 400
637 721
206 207
328 323
618 611
64 116
139 109
806 795
412 343
912 862
715 685
1 10
929 881
1025 984
410 403
273 360
507 449
450 541
174 272
882 877
427 359
787 707
355 308
734 770
1 30
248 208
397 311
159 100
874 939
449 422
857 785
286 370
976 989
908 969
103 143
1071 972
1 28
117 61
697 638
424 348
439 347
74 66
442 391
568 638
195 295
854 826
281 196
433 449
845 855
224 143
487 487
181 140
496 564
690 615
124 135
575 564
374 360
766 793
149 163
776 859
793 760
674 711
696 662
90 159
732 660
214 268
935 948
228 315
619 676
349 341
734 689
964 894
644 706
484 490
491 478
628 671
1009 932
944 899
315 237
92 187
554 472
757 772
88 98
952 906
818 911
628 635
316 225
818 823
255 164
432 343
763 732
490 502
721 740
587 576
530 612
992 902
491 454
343 411
880 973
645 703
761 850
152 77
241 220
727 802
352 403
246 181
1 10
479 525
958 919
749 668
551 527
538 462
319 291
580 605
501 457
487 405
349 417
252 279
731 685
637 596
339 307
257 224
271 322
740 840
1002 975
404 401
190 91
254 327
277 330
100 182
648 603
810 793
535 615
702 733
855 864
76 16
773 863
917 987
279 306
123 34
922 840
613 700
658 706
705 787
101 105
807 834
883 798
358 310
634 609
786 690
618 561
644 579
141 60
466 388
340 309
495 407
283 200
352 313
886 970
95 33
291 273
217 277
1007 997
1 40
219 227
764 860
1025 940
600 608
895 990
690 590
738 806
1 52
772 801
727 764
774 710
340 386
503 593
1 50
432 494
228 156
993 936
1058 965
130 86
821 723
189 184
943 868
343 340
404 412
560 487
196 209
418 346
782 860
314 307
59 95
778 821
979 941
828 821
584 587
122 201
741 665
566 527
760 812
385 424
395 459
250 343
789 836
492 506
261 179
914 916
380 430
537 596
731 808
361 269
473 512
737 811
708 685
635 567
804 776
827 855
695 718
756 853
57 97
178 146
688 746
1 15
871 965
415 512
510 480
1057 958
764 665
193 191
905 964
583 515
696 606
887 822
444 536
741 693
12 19
313 335
81 101
828 922
354 294
981 910
499 410
283 250
545 546
635 729
540 609
689 720
946 976
730 759
703 798
14 74
644 648
241 299
793 785
912 846
461 390
801 897
424 416
744 837
272 247
338 293
193 144
987 938
432 467
505 480
944 955
653 665
38 26
468 564
461 449
1 26
576 521
329 301
274 321
701 613
432 388
851 879
915 990
137 188
927 963
903 820
373 300
770 822
160 255
285 277
231 153
366 400
317 227
423 518
420 447
216 315
772 813
271 324
566 502
243 299
725 780
390 376
491 516
225 212
392 329
781 810
434 486
535 485
368 416
938 952
946 894
353 358
1 21
707 647
143 44
630 683
364 361
822 814
147 231
54 8
91 165
431 496
606 699
917 852
553 459
473 535
222 314
954 944
369 306
413 459
717 637
491 447
447 408
44 107
994 962
518 565
448 407
931 857
369 317
181 98
815 818
655 600
267 288
960 902
611 567
271 190
771 749
993 908
359 276
810 748
563 592
360 393
264 363
199 163
1074 983
131 179
41 16
423 478
197 259
779 868
344 295
536 596
140 71
669 622
938 864
715 644
67 5
321 365
434 429
19 64
928 854
759 770
178 88
160 157
277 368
467 421
653 719
330 271
966 975
817 816
1045 962
508 535
492 438
743 696
884 881
259 318
56 45
1 52
421 496
270 313
99 138
429 334
1004 988
512 508
702 770
657 751
862 780
516 441
246 207
592 516
641 674
390 408
831 920
522 573
611 634
825 878
929 990
734 826
718 696
883 800
355 411
426 422
668 707
235 334
1080 986
397 494
137 150
648 562
342 380
799 832
1067 979
313 376
452 511
441 414
214 160
1059 982
260 238
579 490
897 899
316 251
526 526
909 897
139 39
634 657
384 452
577 538
840 831
509 460
262 185
934 934
513 440
556 490
97 168
107 71
937 977
370 458
193 204
802 803
134 139
390 399
439 420
1034 991
636 578
1008 972
191 177
429 398
445 348
483 496
347 276
769 825
540 614
212 121
789 730
317 341
381 284
714 698
24 17
570 546
771 672
1052 974
776 866
290 377
470 559
367 340
626 527
879 779
688 761
553 483
112 92
440 390
510 583
741 661
473 391
289 336
574 661
85 125
36 89
362 275
310 359
129 178
763 780
31 42
69 5
470 380
739 772
726 816
57 9
476 484
498 545
669 589
112 157
934 901
854 777
112 74
246 247
1 55
481 479
883 785
1051 958
763 680
417 393
900 944
573 596
601 619
588 611
900 852
327 283
199 299
847 766
240 312
862 826
635 726
680 733
806 805
767 679
495 403
870 964
259 337
476 541
512 478
467 369
1001 946
798 821
819 833
835 837
502 490
119 37
652 594
82 129
242 258
215 246
291 362
687 755
550 504
1 71
249 177
203 176
865 803
189 237
758 677
90 33
188 115
621 597
807 769
481 536
1031 956
349 341
222 184
260 234
551 569
245 216
631 537
183 84
873 810
656 657
5 33
137 159
579 520
656 668
373 287
232 229
352 374
428 474
598 672
943 915
582 511
120 123
573 569
218 199
347 396
628 715
1 59
642 610
959 917
983 927
186 270
60 117
513 516
143 215
234 216
290 237
597 615
452 499
521 477
837 760
267 285
20 56
1027 966
690 622
235 221
199 194
186 91
374 347
244 252
424 473
438 516
385 385
337 357
945 958
686 665
698 792
16 64
464 420
655 671
911 968
839 877
144 177
535 523
65 139
230 152
806 732
312 246
578 565
699 740
817 902
105 17
886 973
360 298
658 611
53 32
1 11
319 337
36 136
879 889
595 522
721 805
80 28
981 931
838 757
654 609
480 544
973 905
647 595
243 246
152 113
183 175
140 156
263 244
856 883
338 265
792 883
403 462
560 485
238 272
214 204
1011 984
453 409
330 398
819 909
469 370
882 882
279 214
811 766
82 35
341 421
271 271
397 370
876 848
128 50
1016 976
243 270
843 796
949 963
451 379
1091 991
594 551
867 897
353 307
471 421
100 74
401 388
591 559
884 980
607 615
651 681
209 231
133 207
741 818
372 331
950 979
403 445
419 348
780 724
345 401
618 646
766 668
335 242
288 302
795 861
777 830
117 77
541 441
499 589
1025 990
217 189
799 868
944 996
329 363
232 237
367 420
552 565
220 214
353 333
811 726
176 175
35 58
548 625
1 66
142 169
400 475
298 204
27 90
421 496
40 1
462 474
359 449
299 252
395 332
382 287
206 189
980 889
1 63
285 378
109 206
813 897
219 230
361 382
601 575
155 60
442 529
405 477
253 290
57 89
894 961
548 461
763 702
542 532
704 680
44 53
545 642
1018 1000
803 891
730 822
59 152
423 324
590 633
266 267
325 381
307 272
422 506
403 419
524 461
613 526
1033 978
403 468
820 729
777 795
631 581
298 383
302 226
505 421
461 386
351 273
556 484
638 676
152 107
236 229
831 902
882 962
38 105
100 84
1006 991
661 701
596 689
748 655
528 600
587 538
492 499
783 881
1017 981
546 473
368 383
618 679
662 573
563 589
553 480
161 145
612 624
926 923
972 915
249 232
948 974
662 735
735 678
682 640
722 644
146 212
75 123
276 253
890 943
1 18
1007 916
302 327
607 640
646 615
488 470
565 655
239 288
448 401
906 840
564 633
647 707
339 424
757 682
213 194
829 855
229 190
703 728
257 178
255 275
123 88
321 367
517 544
768 738
1040 963
439 460
282 266
739 727
128 33
471 442
714 628
467 384
298 244
411 482
760 765
435 446
245 247
865 913
658 560
457 528
694 594
882 935
415 462
555 621
705 660
525 564
276 302
871 936
582 592
639 724
181 118
200 299
201 251
35 129
5 96
85 167
239 169
359 381
948 976
771 767
804 837
457 407
284 203
485 387
803 735
629 706
358 335
13 40
808 821
68 131
96 159
956 978
101 53
767 849
577 478
1 19
278 230
388 453
318 336
847 931
592 588
494 449
615 566
517 302
579 570
785 453
451 843
805 993
955 982
723 82
248 271
234 407
368 500
168 866
514 569
112 571
248 469
973 200
235 912
503 412
27 682
607 490
241 558
678 270
929 438
847 820
207 965
913 578
48 727
862 860
829 200
339 551
1090 743
929 471
546 569
254 37
451 208
869 64
7 397
831 514
1048 729
712 361
356 179
876 940
701 25
12 619
90 419
944 23
4 521
560 201
1028 651
994 984
1018 442
391 129
336 818
411 827
1013 261
467 987
509 242
1033 574
207 743
1002 423
624 865
363 617
792 515
336 562
623 463
999 2
1029 403
567 963
905 497
497 519
967 601
504 964
292 413
771 929
1018 385
460 548
590 66
210 132
517 169
550 753
550 43
719 328
267 803
309 626
557 837
608 767
979 24
4 236
561 279
568 9
309 359
703 601
486 448
248 802
305 625
274 857
459 87
843 284
390 45
926 484
683 130
284 929
867 961
510 301
747 84
918 931
959 526
652 939
50 466
181 208
942 287
474 398
777 94
279 187
339 277
946 264
470 542
209 221
161 418
415 308
893 981
533 731
441 817
473 432
162 462
630 402
93 23
622 851
543 998
62 169
446 368
15 506
170 880
204 399
986 325
457 112
721 872
1033 756
106 584
306 866
1011 773
409 509
366 360
1085 793
1032 588
122 279
119 995
767 83
1049 437
1009 937
803 721
558 996
678 917
14 166
707 583
667 533
858 327
319 862
930 596
724 708
857 547
918 930
580 695
542 274
308 891
304 93
328 233
843 357
126 894
961 454
901 355
874 945
873 668
804 912
736 94
186 493
556 160
694 825
465 26
634 830
113 221
267 783
869 982
612 626
577 622
468 244
390 493
597 584
923 344
1023 897
477 344
606 170
667 928
878 660
982 818
505 114
1069 47
216 686
826 588
396 839
717 559
989 294
26 114
26 694
6 876
897 742
268 281
365 425
1034 757
89 608
35 165
398 636
792 987
539 486
726 378
1022 412
776 735
346 626
426 212
169 711
343 48
674 314
657 252
582 380
404 434
833 745
293 780
32 890
796 641
162 867
341 276
991 1000
117 577
581 326
295 988
614 360
917 740
120 994
520 309
45 563
905 731
1054 610
190 524
593 95
51 179
73 474
55 897
622 414
1056 745
947 664
754 40
247 997
324 258
256 444
552 145
872 817
630 3
214 479
644 777
519 621
1055 994
187 419
4 6
176 76
146 445
156 78
384 42
908 531
75 985
72 637
142 388
952 526
417 829
382 12
224 5
418 207
503 801
731 121
108 145
701 43
23 517
259 885
756 695
1038 361
1052 211
972 548
33 364
375 334
295 904
806 537
859 75
834 659
473 446
756 561
502 582
226 718
429 906
822 282
441 735
368 304
269 111
1020 967
922 441
1016 973
63 562
81 928
866 472
1037 69
914 491
134 626
730 596
68 262
997 281
416 359
674 133
333 863
328 844
1043 304
466 86
1040 31
68 614
330 854
259 267
321 21
1040 273
935 468
314 32
729 307
647 384
422 543
284 336
49 280
877 920
198 50
618 874
957 431
457 457
537 963
175 206
412 805
644 556
965 258
867 755
719 613
731 872
976 400
348 487
1058 155
199 721
306 847
419 212
851 360
598 630
159 288
1048 497
974 584
305 119
359 529
706 720
733 247
509 35
38 631
611 286
875 95
719 213
853 960
923 223
85 451
328 904
974 183
1046 918
598 398
905 635
950 195
705 760
331 973
306 158
286 64
1075 326
405 917
491 849
997 558
787 247
1041 226
1023 705
231 617
355 491
323 873
250 490
1016 798
697 341
97 882
229 125
610 154
1014 260
914 957
604 471
205 559
850 207
630 940
1059 214
977 285
1031 461
461 54
826 920
460 684
481 458
503 118
920 785
702 966
280 126
794 482
616 657
199 695
178 535
532 208
887 434
213 476
923 251
307 294
500 416
100 36
789 805
205 668
407 663
633 487
965 409
287 584
265 266
824 593
823 247
1035 416
158 282
622 871
150 260
435 749
672 985
133 81
531 113
270 964
749 800
164 300
157 306
1085 12
111 720
132 8
873 983
606 577
443 920
216 478
1086 371
14 731
64 576
627 479
490 798
845 689
45 584
1070 298
38 154
1045 381
328 49
430 819
1063 886
110 803
308 611
743 246
361 527
1081 19
836 1
985 369
952 339
626 149
90 176
467 622
886 258
1006 239
40 11
931 256
71 966
408 144
538 768
25 806
369 964
913 553
289 718
572 853
152 752
932 914
87 459
339 556
820 965
592 281
471 445
33 788
241 722
503 977
414 642
861 158
461 135
866 987
679 401
448 377
680 902
482 373
646 754
820 646
969 913
539 27
889 74
1065 993
1016 611
484 582
471 518
336 936
497 640
594 984
851 602
1068 370
300 703
182 742
600 405
125 43
798 938
492 735
757 432
429 511
148 597
616 899
62 520
245 420
887 972
1025 346
215 341
803 970
454 259
772 384
199 839
926 903
510 744
850 986
429 61
1035 599
749 925
602 132
269 136
949 79
600 492
796 679
473 905
150 253
265 794
510 538
229 843
884 570
1041 701
203 136
912 66
747 156
203 374
112 740
989 659
120 280
595 889
474 209
745 729
413 51
697 206
840 284
1028 298
898 657
756 365
2 147
659 16
1021 413
938 755
1018 825
1052 194
397 655
29 357
863 329
572 484
834 530
406 487
126 229
889 50
293 905
235 683
347 830
390 809
879 91
268 142
1085 557
630 430
256 14
402 259
29 745
203 297
709 816
167 373
833 45
970 519
937 7
247 427
892 37
113 132
676 683
548 551
898 27
794 863
1061 398
1009 394
199 65
268 654
668 98
380 58
402 348
945 285
565 13
807 911
810 959
1032 762
92 445
487 882
186 651
751 464
810 366
386 152
46 306
162 239
596 384
624 420
316 206
247 271
303 84
666 578
829 806
653 30
601 903
301 694
196 628
679 490
58 162
676 19
185 277
1040 557
1064 59
999 153
268 958
308 409
606 460
1042 847
803 841
934 831
798 167
913 775
679 259
265 83
658 36
319 134
820 431
437 381
95 674
457 241
159 901
1008 199
732 392
946 774
678 832
74 149
856 879
1015 652
731 660
935 243
490 475
400 146
397 559
956 841
1006 988
820 461
698 297
187 285
734 372
556 203
808 741
252 62
967 974
204 193
285 649
1049 437
617 850
677 149
505 170
1040 17
481 929
333 586
674 587
381 64
593 700
271 289
201 561
454 97
388 655
814 915
398 861
261 709
717 322
582 584
783 619
839 361
206 65
247 151
580 12
237 259
987 796
229 695
796 566
1037 638
449 168
13 962
955 301
639 139
122 664
870 771
610 579
616 130
708 437
1041 603
304 409
341 379
971 267
436 688
3 114
823 998
616 461
163 478
288 24
586 241
147 539
648 619
761 441
200 873
496 102
383 214
443 356
445 671
472 995
693 73
447 939
928 311
939 974
614 988
625 909
591 66
617 21
738 17
821 406
915 198
169 398
217 115
1045 253
369 91
1015 10
348 584
222 911
467 975
378 348
43 568
675 410
847 592
1008 818
1 590
42 821
237 632
1082 155
87 780
909 486
494 272
627 827
946 952
359 836
908 966
879 856
801 912
845 848
359 258
178 226
712 733
125 317
401 677
783 617
447 599
824 460
759 403
811 733
313 353
387 841
615 43
564 771
969 42
47 346
1053 918
88 905
851 786
227 434
321 606
593 122
413 273
608 540
946 725
680 894
754 800
1001 199
566 877
459 25
672 252
566 622
584 291
1004 813
462 663
50 485
763 34
628 214
188 309
857 868
100 791
1012 789
250 735
569 864
92 422
585 119
1068 602
743 29
386 6
37 467
15 359
860 126
563 641
1032 371
8 305
1046 784
1003 653
759 39
505 316
797 546
334 683
589 404
392 448
929 951
221 267
15 998
517 125
557 526
816 533
374 182
343 239
569 318
175 977
472 663
86 211
493 963
363 712
1087 269
467 464
789 24
996 612
432 393
323 509
366 62
501 772
370 384
262 413
259 695
326 385
213 483
458 648
985 420
81 283
132 827
230 782
248 461
627 191
1080 357
99 257
1084 959
471 997
233 447
78 674
1005 622
313 551
591 463
721 835
929 740
361 959
461 587
395 604
1007 240
528 160
1067 193
861 811
498 80
967 798
463 848
493 323
300 904
508 917
554 369
248 324
503 378
514 9
471 917
979 5
57 87
98 358
36 850
948 393
975 860
735 456
530 927
844 22
325 650
690 673
1039 982
392 426
1045 481
49 844
858 927
1036 859
1062 316
1058 803
578 658
998 90
131 83
462 231
693 455
369 899
1039 452
26 390
6 523
679 955
1082 131
209 302
887 335
552 981
40 494
1027 313
532 166
47 725
774 478
497 887
512 10
610 783
949 837
343 57
499 649
725 466
989 753
823 723
869 235
151 694
139 283
659 421
1015 254
454 266
415 95
238 153
975 513
25 808
256 205
1005 341
340 478
856 326
1089 87
288 543
952 57
802 148
11 891
840 754
208 418
96 697
532 184
1015 707
589 831
727 402
831 252
714 594
474 698
745 439
104 35
798 805
1005 394
401 54
1060 613
622 151
275 792
652 868
892 959
9 304
831 603
878 207
162 900
497 439
