200 1840
585 485
194 94
426 326
606 506
348 248
516 416
521 421
1092 992
422 322
749 649
895 795
337 237
143 43
557 457
945 845
915 815
1055 955
546 446
352 252
522 422
109 9
891 791
1001 901
459 359
222 122
767 667
194 94
698 598
838 738
107 7
674 574
644 544
815 715
434 334
982 882
866 766
467 367
1094 994
1084 984
993 893
399 299
733 633
533 433
231 131
782 682
528 428
172 72
800 700
974 874
717 617
238 138
974 874
956 856
820 720
245 145
519 419
1095 995
894 794
629 529
296 196
299 199
1097 997
377 277
216 116
197 97
1008 908
819 719
639 539
342 242
807 707
207 107
669 569
222 122
637 537
170 70
1031 931
198 98
826 726
700 600
587 487
745 645
872 772
367 267
613 513
1072 972
181 81
995 895
1043 943
313 213
158 58
848 748
403 303
587 487
864 764
1023 923
636 536
129 29
824 724
774 674
889 789
640 540
579 479
654 554
242 142
567 467
439 339
146 46
741 641
810 710
296 196
653 553
594 494
291 191
166 66
824 724
924 824
830 730
308 208
1088 988
811 711
190 90
900 800
440 340
414 314
649 549
389 289
296 196
501 401
965 865
566 466
778 678
789 689
670 570
933 833
1036 936
325 225
822 722
344 244
751 651
949 849
223 123
213 113
531 431
479 379
608 508
461 361
685 585
165 65
953 853
586 486
742 642
786 686
1092 992
386 286
825 725
989 889
386 286
124 24
912 812
591 491
959 859
991 891
763 663
190 90
188 88
281 181
279 179
314 214
287 187
117 17
719 619
572 472
361 261
518 418
946 846
519 419
292 192
456 356
361 261
782 682
614 514
406 306
986 886
301 201
630 530
485 385
949 849
1052 952
394 294
600 500
899 799
294 194
491 391
837 737
430 330
424 324
398 298
1092 992
890 790
324 224
407 786
251 939
349 493
291 299
119 852
1033 565
480 457
959 417
292 869
416 197
315 872
278 945
467 579
422 355
185 499
881 648
735 279
1072 194
1018 108
611 284
190 676
359 785
739 471
449 86
514 591
869 524
438 291
146 61
260 502
234 886
1010 196
993 698
822 680
875 528
497 636
445 343
485 189
788 253
756 29
505 283
403 248
855 315
721 995
762 728
589 91
934 754
389 246
906 339
208 253
413 892
307 825
1059 253
721 93
959 114
643 385
574 864
273 862
377 190
303 686
130 933
291 818
925 163
393 430
312 829
390 475
831 786
777 99
991 293
563 498
984 410
445 447
371 69
851 555
978 61
366 950
766 366
1096 627
937 362
876 373
261 747
751 11
953 531
674 965
663 985
697 63
365 652
286 524
194 104
796 704
624 312
766 968
706 423
326 60
598 299
544 120
388 309
625 839
194 871
495 186
228 131
110 981
133 911
311 629
1038 913
444 807
531 258
920 349
313 332
718 259
874 739
605 524
231 40
161 238
155 114
960 950
920 400
841 886
855 667
623 585
185 382
622 137
558 803
504 605
370 121
403 164
957 524
588 943
1053 35
856 321
1069 36
906 175
125 729
522 829
576 867
143 254
419 217
246 165
1040 608
1007 336
584 129
121 423
304 353
659 622
730 535
315 435
1040 516
820 823
810 32
804 228
601 49
998 463
133 174
219 714
445 845
294 331
603 741
335 310
1039 695
923 468
321 360
414 363
716 887
864 712
1008 77
310 642
445 392
273 575
851 683
1017 545
1001 785
255 734
461 462
1083 609
833 254
814 542
110 460
276 511
918 898
620 617
169 850
843 914
431 704
884 180
894 541
266 86
318 350
537 557
696 376
563 967
742 488
882 726
1094 292
730 117
742 416
889 925
282 504
476 733
761 340
403 482
468 645
