2000 1629
94 485
506 326
416 248
992 421
649 322
237 795
457 43
815 845
446 955
422 252
791 9
359 901
667 122
598 94
7 738
544 574
334 715
766 882
994 367
893 984
633 299
131 433
428 682
700 72
617 874
874 138
720 856
419 145
794 995
196 529
997 199
116 277
908 97
539 719
707 242
569 107
537 122
931 70
726 98
487 600
772 645
513 267
81 972
943 895
58 213
303 748
764 487
536 923
724 29
789 674
479 540
142 554
339 467
641 46
196 710
494 553
66 191
824 724
208 730
711 988
800 90
314 340
289 549
401 196
466 865
689 678
833 570
225 936
244 722
849 651
113 123
379 431
361 508
65 585
486 853
686 642
286 992
889 725
24 286
491 812
891 859
90 663
181 88
214 179
17 187
472 619
418 261
419 846
356 192
682 261
306 514
201 886
385 530
952 849
500 294
194 799
737 391
324 330
992 298
224 790
260 275
97 826
210 72
649 866
919 951
63 748
958 685
804 956
518 564
428 183
537 400
346 721
153 207
971 323
662 611
197 116
91 109
529 795
126 343
747 862
469 685
770 10
934 881
723 984
895 403
568 360
172 449
958 541
383 272
308 877
970 359
583 707
48 308
930 770
569 30
3 208
20 311
609 100
887 939
825 422
930 785
904 370
241 989
379 969
376 143
962 972
889 28
443 61
216 638
338 348
160 347
406 66
159 391
31 638
204 295
420 826
153 196
425 449
331 855
565 143
838 487
9 140
918 564
533 615
232 135
957 564
591 360
576 793
746 163
377 859
858 760
86 711
434 662
558 159
279 660
840 268
735 948
574 315
126 676
912 341
739 689
821 894
625 706
917 490
201 478
993 671
149 932
52 899
759 237
267 187
256 472
783 772
117 98
516 906
180 911
25 635
380 225
712 823
266 164
216 343
448 732
541 502
664 740
954 576
726 612
772 902
531 454
943 411
750 973
327 703
917 850
5 77
113 220
913 802
791 403
998 181
859 10
345 525
431 919
675 668
833 527
438 462
523 291
916 605
420 457
115 405
660 417
261 279
772 685
388 596
764 307
843 224
206 322
407 840
639 975
852 401
542 91
60 327
757 330
82 182
637 603
93 793
614 615
136 733
187 864
102 16
972 863
163 987
501 306
477 34
492 840
121 700
80 706
138 787
660 105
229 834
827 798
448 310
230 609
832 690
489 561
586 579
291 60
665 388
660 309
702 407
153 200
606 313
123 970
253 33
709 273
832 277
108 997
888 40
481 227
283 860
858 940
284 608
711 990
850 590
239 806
943 52
195 801
95 764
410 710
664 386
900 593
112 50
963 494
754 156
458 936
19 965
225 86
569 723
97 184
194 868
754 340
602 412
61 487
695 209
347 346
719 860
100 307
97 95
843 821
745 941
286 821
492 587
116 201
531 665
424 527
253 812
426 424
413 459
980 343
291 836
833 506
486 179
9 916
575 430
922 596
145 808
897 269
404 512
742 811
728 685
269 567
103 776
745 855
35 718
779 853
71 97
80 146
842 746
128 15
941 965
227 512
30 480
342 958
605 665
531 191
364 964
359 515
867 606
820 822
313 536
207 693
911 19
308 335
430 101
685 922
641 294
113 910
141 410
690 250
700 546
559 729
481 609
503 720
766 976
7 759
882 798
859 74
182 648
425 299
542 785
683 846
853 390
938 897
89 416
624 837
181 247
878 293
933 144
580 938
252 467
207 480
658 955
20 665
954 26
347 564
759 449
446 26
14 521
657 301
710 321
980 613
188 388
636 879
203 990
432 188
129 963
630 820
509 300
237 822
373 255
838 277
395 153
692 400
103 227
218 518
384 447
931 315
396 813
389 324
640 502
287 299
297 780
977 376
512 516
219 212
555 329
398 810
289 486
798 485
598 416
49 952
572 894
697 358
770 21
725 647
542 44
214 683
887 361
45 814
94 231
282 8
82 165
319 496
626 699
146 852
541 459
874 535
725 314
777 944
554 306
208 459
787 637
976 447
912 408
444 107
3 962
301 565
164 407
437 857
652 317
764 98
41 818
737 600
176 288
136 902
128 567
394 190
235 749
42 908
824 276
684 748
979 592
568 393
367 363
52 163
642 983
335 179
126 16
130 478
583 259
129 868
752 295
167 596
856 71
640 622
770 864
431 644
195 5
448 365
701 429
952 64
880 854
168 770
79 88
961 157
472 368
217 421
709 719
147 271
296 975
909 816
764 962
251 535
878 438
753 696
570 881
253 318
666 45
931 52
433 496
810 313
678 138
123 334
212 988
66 508
206 770
750 751
64 780
466 441
337 207
510 516
796 674
175 408
437 920
938 573
848 634
561 878
718 990
948 826
649 696
569 800
663 411
582 422
843 707
202 334
702 986
579 494
725 150
803 562
340 380
156 832
832 979
602 376
234 511
688 414
184 160
978 982
413 238
633 490
585 899
606 251
963 526
350 897
242 39
539 657
739 452
267 538
165 831
177 460
720 185
802 934
644 440
82 490
798 168
197 71
173 977
81 458
235 204
112 803
103 139
268 399
879 420
643 991
106 578
122 972
444 177
262 398
691 348
997 496
446 276
171 825
549 614
281 121
211 730
112 341
408 284
730 698
363 17
89 546
605 672
938 974
168 866
705 377
47 559
400 340
215 527
114 779
51 761
881 483
549 92
679 390
328 583
250 661
203 391
481 336
752 661
707 125
82 89
63 275
660 359
21 178
287 780
219 42
500 5
820 380
95 772
44 816
748 9
678 484
276 545
478 589
663 157
594 901
757 777
947 74
448 247
570 55
313 479
981 785
795 958
552 680
389 393
280 944
864 596
636 619
512 611
892 852
184 283
947 299
614 766
625 312
149 826
377 726
474 733
18 805
662 679
416 403
1 964
530 337
752 541
22 478
981 369
777 946
957 821
275 833
584 837
582 490
121 37
951 594
668 129
118 258
319 246
896 362
521 755
948 504
248 71
474 177
351 176
54 803
155 237
660 677
871 33
486 115
294 597
425 769
245 536
382 956
371 341
708 184
544 234
794 569
387 216
738 537
520 84
281 810
502 657
91 33
503 159
924 520
16 668
33 287
344 229
349 374
606 474
896 672
595 915
441 511
102 123
52 569
654 199
710 396
434 715
245 59
36 610
661 917
413 927
13 270
370 117
400 516
195 215
984 216
476 237
164 615
405 499
674 477
196 760
608 285
907 56
532 966
51 622
716 221
327 194
880 91
710 347
267 252
400 473
376 516
609 385
320 357
196 958
538 665
935 792
404 64
100 420
126 671
855 968
94 877
731 177
253 523
8 139
393 152
543 732
348 246
318 565
489 740
22 902
998 17
49 973
381 298
10 611
429 32
221 11
150 337
717 136
530 889
332 522
942 805
565 28
216 931
61 757
170 609
872 544
644 905
208 595
680 246
697 113
639 175
679 156
961 244
361 883
802 265
359 883
839 462
718 485
280 272
252 204
280 984
102 409
615 398
296 909
481 370
956 882
230 214
259 766
922 35
706 421
272 271
156 370
552 848
485 50
536 976
70 270
902 796
452 963
35 379
947 991
378 551
57 897
352 307
669 421
702 74
141 388
458 559
463 980
756 615
887 681
332 231
528 207
656 818
254 331
787 979
495 445
370 348
10 724
200 401
327 646
17 668
374 242
755 302
980 861
376 830
8 77
32 441
460 589
804 990
23 189
869 868
943 996
715 363
628 237
73 420
199 565
38 214
209 333
327 726
912 175
799 58
372 625
976 66
120 169
667 475
188 204
28 90
704 496
649 1
746 474
697 449
712 252
289 332
625 287
953 189
462 889
302 63
79 378
41 206
823 897
908 230
665 382
36 575
732 60
809 529
66 477
291 290
591 89
583 961
252 461
479 702
530 532
224 680
788 53
309 642
366 1000
352 891
402 822
545 152
113 324
967 633
454 267
723 381
14 272
20 506
308 419
644 461
713 526
482 978
336 468
289 729
496 795
326 581
530 383
167 226
522 421
830 386
91 273
116 484
747 676
395 107
958 229
756 902
262 962
703 105
511 84
481 991
449 701
888 689
599 655
306 600
492 538
803 499
445 881
316 981
889 473
785 383
765 679
491 573
589 589
124 480
741 145
898 624
725 923
682 915
131 232
398 974
906 735
753 678
312 640
790 644
301 212
945 123
447 253
197 943
27 18
573 916
589 327
934 640
209 615
529 470
899 655
15 288
592 401
92 840
575 633
814 707
354 424
127 682
374 194
566 855
594 190
973 728
645 178
603 275
712 88
32 367
298 544
561 738
906 963
626 460
143 266
504 727
836 33
361 442
431 628
554 384
24 244
416 482
735 765
243 446
454 247
932 913
494 560
648 528
357 594
596 935
788 462
536 621
759 660
200 564
566 302
741 936
217 592
219 724
832 118
819 299
487 251
473 129
241 96
64 167
516 169
857 381
218 976
490 767
504 837
707 407
342 203
475 387
175 735
786 706
171 335
232 40
888 821
866 131
976 159
253 978
619 53
642 849
460 478
218 19
218 230
667 453
949 336
89 931
488 588
568 449
526 566
860 272
4 883
772 731
734 80
259 213
270 177
6 872
424 626
204 940
313 150
159 379
205 833
25 517
951 724
721 973
635 581
293 839
712 272
410 412
465 839
366 492
74 553
23 718
416 738
764 839
49 390
817 588
507 523
152 630
256 770
562 746
495 49
414 369
78 537
912 115
59 215
259 971
258 602
841 551
137 40
590 494
383 252
869 158
939 72
282 177
880 667
479 483
454 815
730 19
556 745
195 339
409 614
580 302
99 319
913 670
798 513
318 566
790 27
344 322
80 645
468 210
922 841
179 925
347 521
231 975
597 269
607 929
903 478
310 970
223 684
10 231
845 673
905 348
58 232
93 727
759 597
912 397
906 539
43 907
76 892
552 699
670 408
671 361
353 789
837 529
12 190
889 880
912 236
377 715
56 718
585 439
852 814
715 902
421 658
330 410
51 412
840 90
697 678
848 951
826 37
198 593
341 737
274 211
740 134
339 847
875 490
400 95
603 435
474 737
126 860
973 310
973 548
581 984
788 660
629 86
799 635
475 941
959 56
80 372
917 650
91 964
783 735
773 682
712 151
655 283
953 773
279 643
701 898
706 817
147 269
355 731
100 507
498 841
261 207
591 752
630 318
374 126
960 153
917 101
406 560
759 743
618 816
981 980
641 1
131 82
920 886
534 377
453 465
397 753
51 842
301 547
197 580
910 754
211 37
851 548
42 896
919 656
30 537
674 78
979 540
764 597
937 314
656 845
590 361
337 930
997 654
643 841
652 810
632 98
827 814
659 898
56 237
97 236
304 397
771 468
680 160
344 168
561 189
632 123
666 783
235 991
71 775
327 565
824 906
1 604
948 233
851 693
780 209
603 279
380 231
84 675
684 370
757 814
605 276
304 238
358 710
294 931
742 879
37 492
4 81
707 347
131 417
660 582
89 801
455 195
303 403
680 247
970 356
934 627
951 858
404 803
446 236
349 572
93 485
672 586
158 748
772 235
891 859
532 788
621 345
347 861
227 342
555 779
16 595
303 963
941 260
833 366
190 835
622 733
345 834
893 442
192 773
430 880
160 873
767 793
170 173
810 402
318 60
690 628
224 19
52 146
411 685
203 138
785 593
219 202
61 500
919 89
191 433
711 63
294 514
937 865
253 393
103 269
316 111
625 614
639 272
641 973
139 609
45 236
316 496
218 24
293 871
747 227
879 420
633 850
10 127
356 170
665 224
536 722
823 189
603 597
392 286
258 22
771 957
820 536
139 221
566 281
229 238
325 531
804 449
786 735
983 670
847 646
388 272
632 605
253 394
405 508
137 537
283 955
678 477
659 969
706 692
786 963
313 829
143 638
713 206
244 185
489 187
844 129
896 300
602 114
210 305
930 199
692 916
457 839
241 899
950 452
229 185
212 561
222 848
32 191
747 830
869 860
245 873
575 649
818 591
204 974
584 974
822 452
198 397
942 350
942 597
899 13
375 392
327 343
479 756
66 387
950 924
464 188
286 68
573 552
294 166
137 435
557 14
423 797
427 254
95 300
715 431
403 367
453 197
735 233
1 149
145 62
782 38
848 69
456 425
490 810
679 878
461 503
844 308
70 798
599 437
888 798
395 36
733 583
795 412
368 195
94 878
114 388
46 438
795 532
583 3
321 268
714 417
332 277
257 229
906 445
301 380
277 974
651 248
218 433
109 1000
558 874
388 939
121 760
372 473
228 811
208 766
326 306
572 556
50 521
753 364
77 460
266 136
227 458
502 784
337 648
31 783
629 960
215 137
353 591
274 875
343 440
758 263
838 40
478 835
595 943
255 749
331 263
362 597
84 5
16 999
459 161
220 35
16 891
865 459
719 996
292 592
175 54
461 985
301 401
759 298
715 459
207 77
129 611
681 159
261 467
893 737
399 895
377 49
189 382
360 285
14 388
728 972
314 265
225 729
534 810
914 973
94 818
549 295
674 532
434 58
211 736
986 187
863 896
802 998
279 997
31 476
810 259
968 475
187 494
791 130
190 151
410 639
592 855
886 480
875 478
763 386
352 672
58 361
815 894
562 460
571 148
322 660
465 628
418 329
198 975
554 1
656 507
108 750
453 109
909 915
576 700
646 75
114 896
313 229
692 85
759 144
643 536
462 919
860 516
904 473
959 25
663 25
209 611
564 44
233 722
478 980
716 563
616 672
107 914
979 541
466 882
971 142
76 259
886 35
498 543
150 689
442 721
136 142
36 530
37 503
344 450
550 248
355 599
980 919
473 636
957 181
324 873
859 154
570 427
294 604
260 313
674 363
339 594
259 813
382 829
660 49
430 791
760 554
682 499
664 226
358 345
114 432
142 758
19 64
753 843
163 637
121 941
94 965
398 448
587 857
98 968
142 351
303 758
968 351
533 980
982 662
568 357
519 914
277 548
622 723
517 23
720 170
635 351
55 113
263 783
285 766
189 527
628 206
7 644
290 258
655 861
387 728
641 69
742 128
741 392
793 145
802 51
897 112
262 253
193 340
882 932
131 817
482 965
573 480
443 724
203 839
965 500
75 746
807 811
805 373
513 605
472 252
797 172
690 394
295 177
784 98
532 377
155 486
110 855
884 290
173 130
78 355
714 842
633 233
477 101
119 686
718 736
15 930
472 700
328 69
793 607
199 879
999 916
177 960
525 408
948 679
498 138
495 185
890 782
906 49
334 453
385 630
399 429
338 853
520 545
829 651
481 765
99 159
680 1000
87 179
802 717
890 885
839 32
339 838
883 186
67 470
544 185
357 921
457 376
444 986
642 934
152 171
59 645
616 46
59 681
987 43
353 234
530 103
958 496
613 389
838 931
85 579
86 132
569 908
479 772
683 677
400 343
370 703
882 139
146 344
116 387
760 909
407 539
447 304
388 655
41 378
658 92
119 862
28 411
457 362
198 397
17 290
432 152
321 611
427 173
205 137
344 946
563 365
304 475
47 982
694 920
91 802
961 66
644 778
109 744
959 464
969 313
42 341
108 685
648 331
49 85
228 676
929 91
527 534
967 166
316 51
582 966
840 841
575 625
503 114
911 16
305 113
989 826
836 506
369 738
587 564
232 455
452 735
900 264
952 548
81 738
995 853
562 575
739 569
705 365
5 620
557 264
490 193
294 21
361 373
900 84
47 250
205 288
145 132
846 151
658 419
849 521
680 974
148 655
96 648
210 737
690 298
19 187
831 981
679 965
726 954
528 166
15 248
564 636
847 560
721 563
9 24
700 896
446 803
858 16
699 274
271 714
977 449
533 229
154 280
756 423
871 868
912 124
727 970
968 231
569 935
163 808
618 23
685 210
650 88
807 151
393 770
276 555
304 613
911 866
233 223
42 303
400 305
162 306
51 900
734 964
933 397
366 898
16 59
177 628
360 225
742 537
725 612
868 633
489 314
501 478
632 981
365 904
196 819
496 108
744 179
145 152
501 598
880 349
248 80
683 762
500 314
389 513
620 205
91 584
721 652
859 894
665 198
416 143
481 671
320 302
865 611
126 631
757 526
963 526
781 403
240 231
330 830
518 283
824 864
935 755
51 159
309 220
18 447
863 800
1 833
749 805
658 791
577 412
579 857
509 408
154 895
923 360
397 827
687 971
959 961
617 519
637 335
623 238
174 883
775 222
608 886
306 708
1000 475
957 876
641 123
472 127
726 384
305 745
714 284
643 429
708 685
631 512
489 503
829 599
746 983
732 462
732 992
669 270
422 491
54 282
900 831
682 167
666 115
957 661
109 564
454 934
964 608
933 513
140 53
195 659
24 646
657 164
231 763
169 825
128 949
537 355
264 811
46 164
4 851
900 289
802 392
68 224
450 460
126 903
58 347
398 638
486 101
451 587
335 797
162 881
106 210
745 243
969 969
432 298
159 253
634 593
565 453
16 657
610 72
503 222
511 319
752 61
55 694
469 384
829 801
692 136
177 536
211 958
499 647
115 526
984 28
818 904
233 509
424 884
976 565
371 601
406 323
334 522
784 192
676 103
168 451
427 867
432 602
531 783
337 311
677 994
537 172
1000 51
379 389
103 237
785 721
943 597
412 492
572 331
828 380
771 259
939 726
594 55
19 501
500 459
376 790
689 4
776 634
474 117
575 601
953 808
143 544
510 542
221 590
615 827
599 817
567 617
545 32
727 879
558 692
307 685
564 88
331 911
568 546
881 580
649 997
746 937
393 988
237 351
517 661
521 630
213 360
820 908
199 203
813 479
14 251
803 162
448 905
207 167
86 862
123 369
220 181
158 765
944 251
424 909
311 645
399 568
59 847
253 538
233 540
312 99
790 423
849 246
202 165
552 544
653 52
788 131
893 372
113 471
498 625
442 684
929 378
86 534
12 73
318 540
258 671
524 127
579 412
424 972
468 823
364 663
81 784
399 588
896 496
151 170
626 153
367 199
837 152
640 258
124 283
572 289
408 608
358 463
895 180
884 329
523 221
438 294
278 125
25 625
729 427
996 796
956 151
188 867
519 122
35 370
311 840
195 115
829 875
784 912
904 85
99 969
443 714
345 643
464 679
902 913
109 940
771 394
215 976
252 749
786 412
367 134
711 857
534 608
563 717
255 218
777 929
729 77
7 806
484 511
321 816
113 807
957 635
387 731
571 59
219 312
351 409
352 600
359 673
543 33
913 140
12 178
959 487
346 574
948 778
543 736
997 382
218 165
303 549
173 257
589 668
168 808
121 243
657 842
241 96
917 588
253 616
214 462
964 772
232 484
29 534
548 217
929 399
476 427
58 156
951 373
200 135
775 764
703 759
88 272
671 824
528 440
845 138
284 843
989 86
391 32
407 220
325 469
150 337
370 91
29 501
834 97
930 657
968 202
418 202
380 932
254 310
370 485
994 368
861 238
124 136
24 153
628 847
212 452
584 734
187 973
655 702
331 529
40 53
708 986
70 690
522 142
61 859
556 94
516 603
60 274
811 334
602 729
924 773
331 935
716 55
597 208
34 852
974 492
287 868
260 398
742 30
586 196
265 572
422 551
171 85
921 970
499 61
505 909
666 720
186 232
354 5
573 78
619 566
840 544
685 870
431 708
223 305
108 422
976 916
121 445
763 430
183 173
702 289
99 234
199 438
882 632
682 822
481 143
87 54
625 227
790 572
580 936
542 162
635 149
843 551
712 162
624 758
685 521
639 678
725 620
232 91
929 14
360 409
422 111
83 263
81 647
49 560
340 991
675 629
276 703
203 701
562 929
66 168
742 229
42 14
715 599
375 284
225 973
5 373
399 251
362 465
914 119
323 355
406 589
282 269
399 743
223 127
419 317
590 901
268 762
768 961
166 574
352 286
531 972
472 330
133 666
360 1
770 741
935 406
880 165
56 617
841 757
709 175
535 958
775 482
875 398
443 173
226 953
491 626
432 909
843 178
145 730
982 146
307 553
153 6
708 544
481 883
767 408
658 301
146 698
326 462
955 608
422 444
251 298
8 856
876 687
880 607
831 366
642 146
472 820
925 878
184 368
204 513
559 398
63 577
535 762
52 209
691 35
753 253
643 45
565 941
9 756
858 593
636 205
685 524
755 932
102 766
785 118
293 905
440 2
340 287
316 714
541 294
331 553
501 6
943 866
847 685
717 153
331 54
133 677
419 944
504 830
12 917
562 728
27 470
112 945
287 408
630 732
62 72
600 557
483 581
634 756
711 482
587 661
437 461
155 114
377 74
330 467
984 424
112 783
222 677
797 60
385 49
612 504
854 672
753 134
432 195
62 671
542 504
14 251
532 877
308 854
112 762
394 737
459 982
345 434
675 315
576 402
289 179
103 559
985 193
455 258
890 139
806 758
619 697
327 98
453 598
46 108
397 922
963 896
104 625
206 98
25 157
782 388
874 713
580 364
381 649
902 173
702 701
603 185
505 334
987 363
179 203
272 621
791 534
393 506
312 457
880 606
953 219
439 629
251 192
483 160
836 76
805 938
750 923
735 959
9 708
876 726
298 800
626 678
122 812
507 784
550 63
445 321
646 533
165 252
246 610
981 217
805 563
423 965
529 331
137 400
104 927
178 22
458 975
31 74
902 782
684 85
489 401
995 320
418 269
78 326
863 493
736 202
715 495
525 326
599 751
44 476
452 401
309 137
27 736
802 675
572 400
927 834
36 38
153 616
48 507
851 816
941 645
622 708
872 724
278 252
374 946
491 500
724 409
118 486
434 147
270 925
896 699
463 638
144 871
188 545
945 632
819 250
760 650
683 15
601 165
91 553
551 285
785 678
786 574
681 658
558 379
528 528
3 263
30 233
843 909
540 996
493 230
414 312
442 904
181 862
747 71
249 347
435 343
761 925
924 443
287 868
93 171
597 371
495 88
52 998
634 59
22 163
266 769
630 327
963 384
539 324
211 855
947 125
309 698
681 737
265 251
822 890
351 6
412 79
3 9
665 571
143 182
738 145
64 643
666 492
211 549
183 999
323 742
72 819
190 866
359 858
259 334
323 9
663 110
698 75
481 792
693 638
835 603
641 387
413 468
684 705
300 931
31 859
963 662
148 483
29 254
754 730
334 636
858 829
637 135
89 410
142 448
729 24
293 368
987 499
93 492
787 497
785 349
181 256
9 65
560 713
888 913
169 401
327 408
9 11
204 700
154 891
693 876
240 485
258 989
288 431
493 32
787 901
973 383
472 402
990 753
818 371
415 960
235 289
818 979
833 556
428 28
644 761
337 980
923 563
286 218
654 960
152 204
849 314
607 820
440 992
934 894
168 366
226 4
914 643
279 269
988 675
963 19
623 822
864 535
878 989
667 181
32 571
746 712
197 491
557 572
923 516
182 441
200 259
593 278
732 789
947 647
155 724
214 70
694 530
29 392
512 834
17 601
711 17
435 185
648 651
419 916
323 829
836 44
500 566
114 958
148 527
628 723
710 132
250 50
881 909
111 758
35 568
57 990
186 494
680 518
253 535
114 352
247 462
504 108
509 720
163 611
886 830
408 315
323 809
159 141
799 791
855 379
972 49
669 628
936 162
910 440
945 264
993 130
825 309
843 762
96 822
762 980
637 682
994 116
976 737
572 636
560 15
472 717
195 219
511 935
475 881
182 845
724 938
875 606
756 279
849 904
689 152
785 615
866 176
101 585
582 681
455 664
170 914
988 124
44 5
468 686
69 470
73 530
373 549
688 195
619 200
952 410
235 945
956 727
742 516
860 867
506 472
933 703
969 240
686 958
662 646
905 117
557 618
365 694
338 262
359 259
164 16
415 750
590 674
433 283
741 100
865 528
325 780
595 128
658 260
557 961
80 882
797 847
399 374
9 591
949 666
888 779
800 572
929 77
414 376
909 639
841 407
999 503
60 191
6 421
31 421
363 214
748 171
34 109
286 368
15 780
614 755
991 764
837 930
457 584
443 261
51 884
674 130
915 439
322 795
273 576
450 367
171 965
244 301
25 30
225 326
869 683
430 893
54 965
541 216
662 959
772 822
68 387
900 743
848 412
583 619
333 369
516 82
143 945
619 12
349 456
441 6
820 730
520 540
984 475
294 528
286 764
276 932
942 437
399 149
291 953
975 467
359 527
507 165
531 33
486 824
601 159
329 982
758 822
668 104
586 252
395 270
492 849
345 981
867 557
45 250
789 909
155 518
844 362
295 739
908 94
156 63
620 744
876 404
281 379
337 896
85 522
673 628
273 902
872 651
387 351
134 676
707 897
209 949
195 215
355 944
262 162
476 681
110 422
257 610
842 894
222 409
513 571
300 941
8 149
255 629
292 816
849 288
19 776
538 425
490 652
884 740
645 926
501 735
699 960
749 89
129 357
227 600
244 926
758 267
132 893
951 442
963 987
961 63
782 58
189 732
366 209
551 336
253 289
964 855
108 773
109 266
290 987
721 904
52 523
121 686
630 335
246 687
306 64
539 398
93 357
811 129
36 129
30 600
138 177
663 45
566 387
294 611
928 546
41 423
746 512
87 143
803 757
376 975
456 213
938 537
934 794
436 414
946 734
39 508
773 762
121 84
637 891
917 49
855 765
133 602
419 565
333 941
153 298
557 988
620 52
428 421
679 132
7 133
625 691
253 824
646 144
589 98
294 331
322 73
943 298
495 149
88 81
106 962
447 650
939 758
773 130
481 657
928 725
712 911
449 857
348 797
723 553
316 628
938 884
429 169
492 196
950 130
163 781
337 796
609 376
710 873
715 118
830 272
63 400
773 676
46 376
2 244
388 612
614 31
626 661
122 329
211 142
678 226
836 767
418 714
395 24
709 745
432 928
771 430
677 190
623 178
381 688
646 404
891 978
974 216
556 250
869 699
897 382
537 471
393 433
920 218
180 7
139 443
79 493
323 538
47 101
579 168
428 740
652 264
77 213
792 821
501 479
328 18
871 900
807 967
303 645
609 39
632 121
557 586
395 938
827 182
397 669
12 567
187 29
980 355
704 931
397 996
492 520
615 877
940 266
594 563
889 848
705 695
584 489
658 599
54 269
383 605
547 535
444 723
716 207
92 292
396 115
519 817
679 856
222 767
925 995
437 886
391 393
316 987
832 776
151 280
617 435
100 116
180 807
184 117
387 137
695 326
288 377
281 633
87 522
55 509
143 632
42 138
217 620
673 789
317 836
948 365
398 64
156 952
406 44
617 935
910 944
44 366
28 738
516 709
973 511
771 410
159 646
210 503
38 255
613 667
336 778
767 844
622 413
169 688
636 2
638 63
426 47
387 351
295 295
605 915
366 802
423 403
316 209
431 11
698 380
390 631
538 336
797 222
363 438
209 2
256 321
955 421
259 821
748 949
771 1
103 260
497 764
703 435
596 31
554 403
610 471
119 171
753 371
513 90
843 923
689 892
10 369
748 562
324 397
190 12
160 736
664 974
455 311
220 441
329 155
697 671
789 338
202 516
854 674
857 999
34 81
987 345
833 213
252 514
743 769
175 490
94 326
656 873
89 676
157 494
949 735
605 784
554 661
900 336
495 65
805 453
792 755
165 476
363 546
829 248
152 412
349 127
987 337
917 992
820 502
789 402
608 321
394 765
903 969
793 529
174 295
221 790
228 651
918 133
208 532
894 15
269 693
211 568
244 259
905 525
590 702
336 273
90 967
404 954
824 595
958 86
690 784
670 153
4 310
674 7
960 221
903 367
309 654
197 143
273 859
458 552
187 101
927 508
582 729
454 392
293 760
701 110
911 968
672 176
947 916
534 71
725 883
148 739
451 41
185 895
47 595
246 262
638 963
164 216
241 529
188 15
912 417
137 620
996 529
716 470
23 511
459 5
177 717
247 265
139 768
590 496
68 128
618 113
637 804
65 951
47 147
631 408
806 997
148 539
578 144
769 140
757 168
893 209
197 584
883 413
659 351
646 981
348 826
357 227
698 712
605 260
768 494
599 78
624 973
186 804
945 939
235 121
344 751
849 853
175 226
104 161
708 427
108 335
852 363
377 17
756 453
492 897
641 150
997 531
48 297
236 766
414 618
256 285
950 965
705 229
970 115
557 517
325 444
799 23
929 813
177 5
876 250
484 539
769 107
54 988
446 230
870 537
434 117
598 81
365 447
339 365
988 77
98 475
682 227
63 375
182 356
568 767
703 688
625 813
620 172
323 121
444 218
964 931
209 954
173 731
503 854
926 993
708 997
46 778
745 560
579 790
105 999
773 187
108 924
370 248
553 171
685 154
235 14
521 458
524 659
158 779
360 301
305 667
39 975
1000 646
876 450
579 516
540 877
436 483
552 170
515 414
472 593
347 715
238 770
732 572
322 965
899 275
390 591
71 417
667 683
70 201
13 129
33 543
227 13
966 710
419 40
410 307
45 937
133 199
620 28
862 39
359 648
176 939
92 648
784 669
729 635
737 658
460 205
42 224
781 375
986 214
595 457
833 723
921 413
985 250
90 830
851 319
660 653
401 15
185 856
663 87
836 487
15 195
947 315
987 519
106 104
297 189
952 435
669 117
222 870
5 965
779 922
616 545
595 287
265 820
281 189
275 653
56 907
466 922
964 103
147 891
163 126
944 900
577 395
416 392
255 133
848 39
439 394
275 280
657 352
875 408
687 965
734 702
460 302
294 294
876 401
888 31
753 401
306 981
42 197
883 95
237 223
643 937
569 945
212 298
950 347
468 198
380 697
403 167
922 125
171 832
966 249
877 25
475 964
279 941
516 231
355 474
673 2
392 445
732 752
830 933
43 836
408 835
874 288
508 776
553 643
507 896
457 382
557 950
485 634
12 710
960 637
664 26
424 21
461 662
975 944
74 427
809 828
159 662
726 950
398 39
249 924
945 666
667 245
155 995
691 280
345 173
379 550
402 694
296 777
213 25
710 290
5 429
78 219
701 807
628 390
908 666
536 939
678 765
45 136
981 895
23 805
917 295
235 569
298 840
716 365
970 33
283 574
819 925
272 252
181 587
188 492
162 859
809 89
588 186
834 998
306 700
387 681
876 711
646 965
194 1000
740 844
507 862
845 867
540 877
754 847
438 329
783 338
704 342
233 238
623 266
932 336
153 544
616 676
873 215
344 946
567 636
809 262
577 807
352 551
252 598
179 667
419 995
242 875
630 389
370 335
152 698
631 449
370 797
442 953
611 185
506 447
931 289
751 454
94 126
952 931
647 773
210 299
699 852
262 165
424 341
919 836
127 412
895 580
691 203
304 712
308 543
312 319
731 24
310 454
969 812
911 958
224 747
146 291
751 85
773 515
59 783
574 584
662 281
263 412
667 538
746 68
780 622
74 74
572 239
209 713
121 516
918 892
933 511
988 275
331 648
174 610
754 406
98 572
316 113
474 796
448 202
457 676
558 204
117 524
196 828
189 534
895 31
920 50
914 93
256 124
107 549
407 118
483 233
33 994
270 59
926 719
871 738
2 517
359 550
928 988
182 726
283 171
267 487
723 68
836 268
990 354
701 983
784 135
625 172
647 223
137 183
322 771
44 695
592 220
980 514
318 832
547 996
623 670
126 289
627 25
141 985
92 119
436 327
398 626
258 585
497 437
280 925
705 864
160 917
977 361
644 293
609 257
764 469
886 313
198 118
274 600
438 846
100 550
583 425
84 432
914 826
656 189
121 157
534 692
89 249
290 924
200 320
3 607
214 773
182 766
104 244
286 430
849 67
828 8
492 431
224 535
676 785
445 445
385 724
757 314
564 448
362 300
491 711
94 244
909 876
70 51
312 374
327 837
319 428
216 856
254 13
409 694
77 66
494 66
818 501
326 576
661 988
90 757
695 755
862 453
233 565
148 253
866 359
578 382
3 162
449 722
159 481
8 506
142 913
138 265
813 879
584 81
39 129
902 715
389 940
14 976
342 380
145 330
582 786
452 502
360 315
557 711
169 729
702 351
122 305
440 599
272 83
233 793
350 281
67 301
904 927
102 503
102 644
463 446
691 287
733 686
168 600
530 455
287 242
269 160
682 955
536 977
556 657
982 882
627 597
214 960
239 881
59 85
225 404
682 971
816 146
777 134
493 724
700 554
259 494
369 957
951 242
912 125
990 358
787 422
917 965
466 863
669 56
58 734
117 878
635 83
569 573
712 260
463 417
674 636
684 71
392 988
933 32
260 809
807 757
287 929
375 600
956 165
245 910
44 206
51 697
953 918
511 979
301 955
35 609
146 223
96 481
700 786
316 407
513 481
83 895
898 212
187 443
629 615
312 416
171 518
187 149
216 619
290 980
777 798
474 956
147 361
34 56
352 495
491 216
959 800
910 816
844 524
424 272
692 841
635 228
754 362
248 523
59 33
489 334
789 510
257 775
434 982
252 484
132 1
996 759
480 628
217 634
860 846
829 912
733 194
647 533
332 969
487 204
991 279
261 64
589 851
116 749
64 240
453 51
471 199
238 310
79 742
456 680
676 782
517 434
939 353
213 1000
950 243
787 387
776 466
630 424
862 581
139 511
523 199
159 537
857 994
912 436
138 288
686 986
392 717
77 319
897 889
7 675
240 900
953 773
827 283
467 905
425 400
33 531
14 496
688 191
49 126
603 389
134 533
795 274
374 156
686 808
930 812
785 390
463 427
692 85
158 132
397 616
995 383
974 37
240 392
630 672
635 694
654 657
11 269
653 935
89 616
840 49
427 245
263 903
864 523
282 649
482 398
324 343
777 908
67 993
839 629
2 963
849 497
783 610
514 740
94 11
267 832
591 437
840 504
615 633
656 646
196 977
551 844
395 647
347 853
97 804
422 935
537 512
605 120
692 509
746 467
109 687
953 472
937 725
278 689
534 879
213 275
305 353
72 292
516 924
696 940
294 659
143 446
528 606
136 754
172 295
411 311
445 736
835 737
1000 87
945 322
899 348
339 424
685 531
140 659
426 588
326 235
616 989
661 669
633 212
324 563
130 985
263 891
491 334
339 207
854 949
633 631
349 294
607 250
366 768
777 613
339 641
776 840
863 78
573 894
710 146
560 869
303 89
239 584
895 984
623 119
733 280
661 277
659 181
61 837
312 576
757 237
563 794
791 847
853 80
161 860
907 114
985 606
214 219
383 528
284 678
301 595
376 608
746 17
728 499
283 167
637 147
779 298
148 890
520 525
804 123
530 397
66 248
502 657
954 449
244 855
3 989
58 738
791 800
240 983
427 476
198 90
197 815
323 570
78 334
257 470
53 989
456 750
837 893
947 497
784 91
412 498
396 641
899 521
166 662
123 705
16 148
481 51
875 978
479 892
364 197
774 110
809 980
794 245
645 788
285 598
260 204
896 937
202 50
710 541
413 410
236 558
37 126
781 863
345 452
186 266
249 873
493 665
771 137
918 299
760 873
482 534
201 308
974 370
534 907
586 743
983 432
52 505
122 241
802 578
599 889
788 156
721 328
287 816
368 481
882 929
463 374
568 773
461 86
493 154
911 351
90 227
678 743
772 169
218 835
440 158
62 482
313 620
624 155
8 24
710 849
305 568
132 325
369 269
907 499
955 278
427 545
644 495
827 251
635 939
139 414
124 978
263 804
106 638
580 802
878 338
241 5
937 251
717 338
133 631
463 777
392 442
61 28
759 320
422 655
418 503
957 322
577 739
182 54
525 55
794 101
97 406
982 505
375 332
753 194
87 276
1 956
504 728
531 899
80 382
956 605
174 612
807 671
297 821
284 352
178 583
328 757
708 295
291 937
24 143
117 764
293 591
72 201
630 916
219 741
669 490
47 799
794 931
83 260
471 228
336 747
833 355
696 455
852 933
521 64
134 404
727 426
977 774
435 193
289 51
558 24
946 15
651 690
643 976
938 465
808 766
172 832
172 713
519 122
61 520
136 943
85 323
411 208
54 750
888 384
485 623
286 676
894 499
710 590
715 871
313 899
505 580
548 700
131 75
533 274
128 309
183 507
901 259
539 796
425 198
344 424
60 468
395 766
382 678
744 652
596 598
226 237
468 647
344 505
921 992
126 293
999 604
160 513
422 871
487 125
512 155
486 948
126 996
133 612
917 482
826 280
521 501
665 961
819 502
353 696
635 417
929 657
913 357
804 808
901 453
509 475
732 741
449 346
620 513
