100 2808
94 485
506 326
416 248
992 421
649 322
237 795
457 43
815 845
446 955
422 252
791 9
359 901
667 122
598 94
7 738
544 574
334 715
766 882
994 367
893 984
633 299
131 433
428 682
700 72
617 874
874 138
720 856
419 145
794 995
196 529
997 199
116 277
908 97
539 719
707 242
569 107
537 122
931 70
726 98
487 600
772 645
513 267
81 972
943 895
58 213
303 748
764 487
536 923
724 29
789 674
479 540
142 554
339 467
641 46
196 710
494 553
66 191
824 724
208 730
711 988
800 90
314 340
289 549
401 196
466 865
689 678
833 570
225 936
244 722
849 651
113 123
379 431
361 508
65 585
486 853
686 642
286 992
889 725
24 286
491 812
891 859
90 663
181 88
214 179
17 187
472 619
418 261
419 846
356 192
682 261
306 514
201 886
385 530
952 849
500 294
194 799
737 391
324 330
992 298
224 790
132 741
108 62
320 812
961 466
22 892
514 440
76 701
906 587
444 375
310 898
50 659
438 87
919 582
987 577
31 737
736 987
941 977
200 945
431 55
944 130
726 435
73 755
149 703
800 288
906 923
810 866
899 48
815 297
28 655
511 119
917 336
750 288
86 454
10 215
39 370
493 492
12 166
138 274
554 867
203 182
910 710
431 824
97 119
892 420
11 13
624 841
651 935
168 160
169 342
732 764
410 769
199 457
124 109
936 446
949 665
139 220
727 732
778 883
881 271
110 602
584 212
571 784
181 62
773 636
904 488
172 985
624 553
425 507
387 294
565 444
697 89
271 737
223 717
344 379
56 369
764 633
603 491
357 87
262 596
98 614
114 983
419 112
294 401
28 58
993 74
26 477
410 279
259 335
162 175
412 303
671 500
194 126
599 254
773 826
724 711
371 197
555 97
245 146
280 141
441 648
