5000 1469
482 485
257 326
286 248
517 421
404 322
713 795
45 43
924 845
873 955
160 252
1 9
838 901
40 122
58 94
676 738
627 574
766 715
862 882
405 367
923 984
379 299
461 433
612 682
133 72
813 874
97 138
908 856
165 145
996 995
623 529
220 199
298 277
157 97
723 719
144 242
48 107
129 122
148 70
35 98
644 600
632 645
272 267
1040 972
977 895
312 213
778 748
567 487
965 923
1 29
616 674
569 540
628 554
493 467
76 46
733 710
575 553
288 191
775 724
723 730
912 988
64 90
354 340
565 549
210 196
922 865
775 678
566 570
934 936
626 722
742 651
194 123
485 431
483 508
617 585
876 853
653 642
896 992
652 725
220 286
727 812
900 859
563 663
56 88
157 179
280 187
537 619
284 261
920 846
124 192
239 261
459 514
931 886
504 530
910 849
382 294
795 799
485 391
351 330
289 298
865 790
250 275
738 826
75 72
788 866
947 951
651 748
595 685
993 956
663 564
265 183
338 400
637 721
206 207
328 323
618 611
64 116
139 109
806 795
412 343
912 862
715 685
1 10
929 881
1025 984
410 403
273 360
507 449
450 541
174 272
882 877
427 359
787 707
355 308
734 770
1 30
248 208
397 311
159 100
874 939
449 422
857 785
286 370
976 989
908 969
103 143
1071 972
1 28
117 61
697 638
424 348
439 347
74 66
442 391
568 638
195 295
854 826
281 196
433 449
845 855
224 143
487 487
181 140
496 564
690 615
124 135
575 564
374 360
766 793
149 163
776 859
793 760
674 711
696 662
90 159
732 660
214 268
935 948
228 315
619 676
349 341
734 689
964 894
644 706
484 490
491 478
628 671
1009 932
944 899
315 237
92 187
554 472
757 772
88 98
952 906
818 911
628 635
316 225
818 823
255 164
432 343
763 732
490 502
721 740
587 576
530 612
992 902
491 454
343 411
880 973
645 703
761 850
152 77
241 220
727 802
352 403
246 181
1 10
479 525
958 919
749 668
551 527
538 462
319 291
580 605
501 457
487 405
349 417
252 279
731 685
637 596
339 307
257 224
271 322
740 840
1002 975
404 401
190 91
254 327
277 330
100 182
648 603
810 793
535 615
702 733
855 864
76 16
773 863
917 987
279 306
123 34
922 840
613 700
658 706
705 787
101 105
807 834
883 798
358 310
634 609
786 690
618 561
644 579
141 60
466 388
340 309
495 407
283 200
352 313
886 970
95 33
291 273
217 277
1007 997
1 40
219 227
764 860
1025 940
600 608
895 990
690 590
738 806
1 52
772 801
727 764
774 710
340 386
503 593
1 50
432 494
228 156
993 936
1058 965
130 86
821 723
189 184
943 868
343 340
404 412
560 487
196 209
418 346
782 860
314 307
59 95
778 821
979 941
828 821
584 587
122 201
741 665
566 527
760 812
385 424
395 459
250 343
789 836
492 506
261 179
914 916
380 430
537 596
731 808
361 269
473 512
737 811
708 685
635 567
804 776
827 855
695 718
756 853
57 97
178 146
688 746
1 15
871 965
415 512
510 480
1057 958
764 665
193 191
905 964
583 515
696 606
887 822
444 536
741 693
12 19
313 335
81 101
828 922
354 294
981 910
499 410
283 250
545 546
635 729
540 609
689 720
946 976
730 759
703 798
14 74
644 648
241 299
793 785
912 846
461 390
801 897
424 416
744 837
272 247
338 293
193 144
987 938
432 467
505 480
944 955
653 665
38 26
468 564
461 449
1 26
576 521
329 301
274 321
701 613
432 388
851 879
915 990
137 188
927 963
903 820
373 300
770 822
160 255
285 277
231 153
366 400
317 227
423 518
420 447
216 315
772 813
271 324
566 502
243 299
725 780
390 376
491 516
225 212
392 329
781 810
434 486
535 485
368 416
938 952
946 894
353 358
1 21
707 647
143 44
630 683
364 361
822 814
147 231
54 8
91 165
431 496
606 699
917 852
553 459
473 535
222 314
954 944
369 306
413 459
717 637
491 447
447 408
44 107
994 962
518 565
448 407
931 857
369 317
181 98
815 818
655 600
267 288
960 902
611 567
271 190
771 749
993 908
359 276
810 748
563 592
360 393
264 363
199 163
1074 983
131 179
41 16
423 478
197 259
779 868
344 295
536 596
140 71
669 622
938 864
715 644
67 5
321 365
434 429
19 64
928 854
759 770
178 88
160 157
277 368
467 421
653 719
330 271
966 975
817 816
1045 962
508 535
492 438
743 696
884 881
259 318
56 45
1 52
421 496
270 313
99 138
429 334
1004 988
512 508
702 770
657 751
862 780
516 441
246 207
592 516
641 674
390 408
831 920
522 573
611 634
825 878
929 990
734 826
718 696
883 800
355 411
426 422
668 707
235 334
1080 986
397 494
137 150
648 562
342 380
799 832
1067 979
313 376
452 511
441 414
214 160
1059 982
260 238
579 490
897 899
316 251
526 526
909 897
139 39
634 657
384 452
577 538
840 831
509 460
262 185
934 934
513 440
556 490
97 168
107 71
937 977
370 458
193 204
802 803
134 139
390 399
439 420
1034 991
636 578
1008 972
191 177
429 398
445 348
483 496
347 276
769 825
540 614
212 121
789 730
317 341
381 284
714 698
24 17
570 546
771 672
1052 974
776 866
290 377
470 559
367 340
626 527
879 779
688 761
553 483
112 92
440 390
510 583
741 661
473 391
289 336
574 661
85 125
36 89
362 275
310 359
129 178
763 780
31 42
69 5
470 380
739 772
726 816
57 9
476 484
498 545
669 589
112 157
934 901
854 777
112 74
246 247
1 55
481 479
883 785
1051 958
763 680
417 393
900 944
573 596
601 619
588 611
900 852
327 283
199 299
847 766
240 312
862 826
635 726
680 733
806 805
767 679
495 403
870 964
259 337
476 541
512 478
467 369
1001 946
798 821
819 833
835 837
502 490
119 37
652 594
82 129
242 258
215 246
291 362
687 755
550 504
1 71
249 177
203 176
865 803
189 237
758 677
90 33
188 115
621 597
807 769
481 536
1031 956
349 341
222 184
260 234
551 569
245 216
631 537
183 84
873 810
656 657
5 33
137 159
579 520
656 668
373 287
232 229
352 374
428 474
598 672
943 915
582 511
120 123
573 569
218 199
347 396
628 715
1 59
642 610
959 917
983 927
186 270
60 117
513 516
143 215
234 216
290 237
597 615
452 499
521 477
837 760
267 285
20 56
1027 966
690 622
235 221
199 194
186 91
374 347
244 252
424 473
438 516
385 385
337 357
945 958
686 665
698 792
16 64
464 420
655 671
911 968
839 877
144 177
535 523
65 139
230 152
806 732
312 246
578 565
699 740
817 902
105 17
886 973
360 298
658 611
53 32
1 11
319 337
36 136
879 889
595 522
721 805
80 28
981 931
838 757
654 609
480 544
973 905
647 595
243 246
152 113
183 175
140 156
263 244
856 883
338 265
792 883
403 462
560 485
238 272
214 204
1011 984
453 409
330 398
819 909
469 370
882 882
279 214
811 766
82 35
341 421
271 271
397 370
876 848
128 50
1016 976
243 270
843 796
949 963
451 379
1091 991
594 551
867 897
353 307
471 421
100 74
401 388
591 559
884 980
607 615
651 681
209 231
133 207
741 818
372 331
950 979
403 445
419 348
780 724
345 401
618 646
766 668
335 242
288 302
795 861
777 830
117 77
541 441
499 589
1025 990
217 189
799 868
944 996
329 363
232 237
367 420
552 565
220 214
353 333
811 726
176 175
35 58
548 625
1 66
142 169
400 475
298 204
27 90
421 496
40 1
462 474
359 449
299 252
395 332
382 287
206 189
980 889
1 63
285 378
109 206
813 897
219 230
361 382
601 575
155 60
442 529
405 477
253 290
57 89
894 961
548 461
763 702
542 532
704 680
44 53
545 642
1018 1000
803 891
730 822
59 152
423 324
590 633
266 267
325 381
307 272
422 506
403 419
524 461
613 526
1033 978
403 468
820 729
777 795
631 581
298 383
302 226
505 421
461 386
351 273
556 484
638 676
152 107
236 229
831 902
882 962
38 105
100 84
1006 991
661 701
596 689
748 655
528 600
587 538
492 499
783 881
1017 981
546 473
368 383
618 679
662 573
563 589
553 480
161 145
612 624
926 923
972 915
249 232
948 974
662 735
735 678
682 640
722 644
146 212
75 123
276 253
890 943
1 18
1007 916
302 327
607 640
646 615
488 470
565 655
239 288
448 401
906 840
564 633
647 707
339 424
757 682
213 194
829 855
229 190
703 728
257 178
255 275
123 88
321 367
517 544
768 738
1040 963
439 460
282 266
739 727
128 33
471 442
714 628
467 384
298 244
411 482
760 765
435 446
245 247
865 913
658 560
457 528
694 594
882 935
415 462
555 621
705 660
525 564
276 302
871 936
582 592
639 724
181 118
200 299
201 251
35 129
5 96
85 167
239 169
359 381
948 976
771 767
804 837
457 407
284 203
485 387
803 735
629 706
358 335
13 40
808 821
68 131
96 159
956 978
101 53
767 849
577 478
1 19
278 230
388 453
318 336
847 931
592 588
494 449
615 566
265 272
806 883
754 731
94 80
113 213
203 177
896 872
712 626
1000 940
69 150
279 379
847 833
509 517
686 724
946 973
652 581
872 839
237 272
314 412
789 839
440 492
526 553
714 718
791 738
816 839
385 390
557 588
562 523
715 630
815 770
752 746
1 49
280 369
498 537
116 115
155 215
872 971
572 602
551 551
1 40
399 494
306 252
153 158
81 72
84 177
755 667
504 483
724 815
94 19
725 745
266 339
660 614
263 302
341 319
635 670
519 513
647 566
24 27
259 322
707 645
162 210
925 841
830 925
600 521
931 975
177 269
862 929
437 478
918 970
737 684
227 231
595 673
343 348
194 232
683 727
616 597
401 397
608 539
923 907
928 892
731 699
435 408
265 361
828 789
583 529
275 190
812 880
212 236
659 715
725 718
348 439
774 814
845 902
593 658
393 410
511 412
5 90
689 678
916 951
120 37
624 593
781 737
174 211
156 134
769 847
433 490
57 95
389 435
822 737
760 860
360 310
545 548
991 984
669 660
142 86
707 635
935 941
156 56
357 372
630 650
1041 964
734 735
730 682
166 151
223 283
834 773
648 643
918 898
781 817
362 269
760 731
454 507
853 841
294 207
779 752
407 318
86 126
182 153
49 101
623 560
786 743
765 816
981 980
29 1
69 82
914 886
448 377
476 465
752 753
847 842
609 547
660 580
700 754
1 37
616 548
963 896
735 656
615 537
143 78
582 540
525 597
253 314
877 845
321 361
988 930
562 654
866 841
754 810
193 98
846 814
977 898
220 237
310 236
375 397
512 468
112 160
176 168
262 189
123 123
826 783
1063 991
839 775
505 565
838 906
680 604
229 233
759 693
188 209
241 279
166 231
773 675
324 370
777 814
285 276
200 238
663 710
916 931
833 879
433 492
168 81
386 347
360 417
612 582
755 801
282 195
474 403
215 247
351 356
571 627
838 858
722 803
277 236
521 572
585 485
526 586
808 748
291 235
838 859
793 788
394 345
801 861
395 342
783 779
555 595
910 963
195 260
315 366
796 835
687 733
808 834
357 442
690 773
974 880
928 873
722 793
164 173
394 402
38 60
688 628
1 19
146 146
741 685
88 138
636 593
265 202
590 500
66 89
508 433
133 63
494 514
785 865
433 393
364 269
129 111
659 614
330 272
950 973
673 609
285 236
493 496
120 24
795 871
186 227
391 420
933 850
112 127
186 170
190 224
714 722
267 189
548 597
346 286
1 22
958 957
576 536
311 221
292 281
261 238
622 531
472 449
714 735
575 670
667 646
297 272
546 605
390 394
595 508
570 537
893 955
408 477
947 969
697 692
896 963
914 829
623 638
122 206
229 185
210 187
36 129
266 300
207 114
391 305
174 199
897 916
802 839
966 899
464 452
163 185
552 561
825 848
167 191
864 830
885 860
952 873
574 649
632 591
915 974
1037 974
471 452
364 397
331 350
671 597
34 13
405 392
273 343
844 756
438 387
888 924
174 188
1 68
581 552
112 166
406 435
3 14
782 797
186 254
228 300
483 431
346 367
220 197
237 233
249 149
51 62
1 38
106 69
430 425
855 810
834 878
484 503
240 308
781 798
394 437
805 798
23 36
527 583
418 412
182 195
783 878
347 388
478 438
435 532
18 3
332 268
373 417
282 277
273 229
486 445
358 380
884 974
329 248
491 433
1039 1000
781 874
889 939
813 760
538 473
721 811
810 766
236 306
558 556
527 521
377 364
467 460
230 136
537 458
839 784
623 648
693 783
922 960
42 137
524 591
845 875
503 440
310 263
91 40
916 835
863 943
726 749
214 263
621 597
59 5
1029 999
118 161
1 35
933 891
377 459
926 996
675 592
1 54
1080 985
444 401
259 298
383 459
144 77
617 611
169 159
392 467
821 737
887 895
135 49
482 382
347 285
326 388
1048 972
353 265
691 729
822 810
1056 973
867 818
349 295
566 532
126 58
758 736
113 187
923 896
1063 998
914 997
564 476
221 259
536 475
465 494
124 130
222 151
669 639
774 855
565 480
431 478
471 386
602 672
371 361
821 894
447 460
122 148
749 660
706 628
367 329
898 975
17 1
584 507
815 750
53 109
878 915
735 700
38 75
880 896
233 229
1 85
147 144
595 536
841 919
584 516
425 473
1 25
1 25
682 611
22 44
798 722
954 980
615 563
585 672
976 914
448 541
917 882
178 142
346 259
113 35
641 543
652 689
819 721
235 142
509 530
602 503
519 450
305 248
608 599
911 919
546 636
205 181
799 873
112 154
440 427
669 604
313 313
441 363
601 594
815 813
898 829
133 49
808 791
463 554
471 499
215 226
325 345
402 432
671 758
113 64
933 843
585 637
945 941
891 965
502 448
798 857
982 968
258 351
691 758
307 351
901 980
670 662
338 357
921 914
642 548
793 723
1 23
214 170
326 351
35 113
755 783
747 766
497 527
233 206
551 644
348 258
921 861
675 728
122 69
173 128
397 392
81 145
112 51
179 112
245 253
300 340
1027 932
832 817
970 965
493 480
633 724
812 839
549 500
726 746
767 811
450 373
641 605
351 252
162 172
388 394
229 177
84 98
325 377
518 486
792 855
382 290
146 130
426 355
885 842
255 233
81 101
671 686
676 736
844 930
748 700
92 69
696 607
949 879
904 916
1037 960
345 408
681 679
130 138
123 185
684 782
9 49
464 453
551 630
364 429
845 853
450 545
645 651
853 765
155 159
1007 1000
120 179
743 717
816 885
71 32
833 838
148 186
486 470
270 185
836 921
385 376
954 986
852 934
90 171
552 645
1 46
762 681
1 43
231 234
99 103
536 496
486 389
945 931
639 579
164 132
966 908
679 772
736 677
425 343
714 703
134 139
337 344
418 387
840 909
471 539
361 304
745 655
374 378
153 92
841 862
428 411
420 362
383 397
331 290
182 152
687 611
188 173
226 137
982 946
432 365
410 475
971 982
832 920
710 802
1 66
711 778
715 744
535 464
399 313
401 341
620 685
339 331
150 85
741 676
89 91
535 534
229 166
124 51
970 966
849 841
558 625
173 114
1 16
29 113
800 826
581 506
794 738
657 564
364 455
711 735
283 264
526 548
717 738
900 853
557 575
495 569
316 365
599 620
340 264
144 193
1 21
285 373
168 84
167 250
190 288
86 132
180 151
337 419
522 521
907 974
601 655
690 648
830 737
398 298
227 187
1017 981
870 965
979 954
149 166
330 248
655 636
565 560
624 563
11 24
813 896
821 803
1 16
291 274
809 714
406 449
192 229
188 280
494 423
769 868
115 124
945 970
312 231
859 935
809 808
61 23
110 210
149 88
192 151
742 770
600 555
580 613
771 866
230 223
258 303
383 305
312 306
951 900
962 964
467 397
966 898
63 59
571 628
182 225
473 537
624 612
619 633
275 314
551 478
1071 981
868 904
776 819
187 108
245 179
196 152
686 598
321 349
100 80
796 762
292 314
417 513
293 205
510 584
731 652
983 894
149 198
220 143
601 671
304 302
575 611
631 631
533 526
533 526
439 403
141 231
794 830
242 283
772 864
728 755
62 159
141 220
454 447
892 800
880 833
804 805
724 791
499 412
850 857
476 408
859 895
313 360
874 827
875 971
909 961
431 519
432 335
329 238
935 883
204 222
827 886
764 708
376 475
933 876
69 123
76 127
310 384
798 745
311 284
388 429
776 685
593 512
577 503
576 599
925 983
439 462
1064 992
236 270
393 491
267 282
766 831
146 167
28 115
579 661
539 564
902 934
527 608
586 513
1 53
725 659
706 646
120 164
752 763
828 825
887 949
321 355
775 811
188 164
766 851
253 289
483 392
130 224
419 460
886 903
440 347
579 638
45 101
666 587
736 797
792 881
219 210
194 243
938 969
225 298
161 253
576 593
439 453
663 657
172 72
225 222
402 319
1 61
750 694
448 384
739 801
218 136
522 536
1012 958
557 647
610 526
1 28
999 904
484 509
922 884
539 565
635 601
417 323
615 522
149 192
66 103
483 451
903 867
555 602
874 783
346 311
1027 994
187 172
1 51
332 389
193 237
796 721
561 597
417 492
248 331
358 380
190 259
653 726
54 55
496 501
395 459
729 790
1 4
715 634
170 117
666 601
711 808
457 544
504 542
598 590
829 827
864 817
657 617
1 32
815 879
593 692
709 685
90 88
820 911
553 546
528 580
948 997
1018 937
1069 988
433 351
563 661
617 630
367 360
897 908
263 203
545 479
270 251
212 162
967 905
227 167
779 862
346 369
86 181
684 765
291 251
992 909
712 645
664 568
896 847
547 538
466 540
193 99
438 423
323 246
88 165
549 544
120 52
218 131
273 372
500 471
651 625
696 684
432 378
542 534
46 73
458 540
639 671
207 127
507 412
1067 972
825 823
716 663
755 784
608 588
514 496
209 170
133 153
209 199
216 152
355 258
208 283
305 289
616 608
428 463
157 180
404 329
271 221
266 294
119 125
534 625
376 427
712 796
131 151
883 867
214 122
416 370
752 840
41 115
806 875
947 912
163 85
958 969
734 714
984 971
745 743
284 198
556 635
76 41
711 640
782 731
149 222
601 536
150 165
343 311
142 124
869 773
868 923
190 280
316 257
946 961
246 267
176 238
745 810
233 171
261 288
442 389
554 566
19 74
765 813
1 49
232 175
688 754
409 457
935 897
458 512
152 68
138 236
665 574
959 893
661 615
920 857
578 538
37 72
250 292
933 916
732 804
583 656
422 379
72 67
287 280
359 361
964 984
259 271
566 489
240 256
916 882
133 225
454 529
568 510
996 1000
282 191
741 813
976 898
444 420
510 470
629 619
307 377
472 465
926 887
746 764
43 55
705 727
835 844
700 644
188 181
126 171
475 545
473 439
558 547
430 417
151 205
463 500
365 332
775 820
330 416
328 243
811 854
138 66
170 236
520 568
1045 969
665 706
298 295
170 167
837 773
209 279
742 661
809 727
888 838
378 404
749 743
149 234
546 529
274 191
786 832
622 537
341 366
864 880
1011 940
830 745
1 37
725 672
805 809
680 682
1050 979
328 300
445 511
646 732
889 868
625 618
753 769
172 186
574 584
891 832
772 716
455 472
260 272
563 498
287 365
626 583
562 479
848 898
178 133
601 646
1014 915
135 55
222 213
630 623
878 875
437 513
286 356
588 586
1 16
1002 984
433 422
417 354
297 214
856 890
145 212
93 27
693 769
735 835
209 232
212 254
599 642
405 476
950 919
862 912
663 754
673 734
1042 967
1 41
251 259
927 926
808 840
567 544
895 908
235 225
145 69
164 121
601 523
742 678
633 593
590 665
250 314
930 992
590 596
320 358
470 524
80 163
882 942
628 537
230 182
200 204
235 208
582 653
830 848
571 532
166 103
934 871
906 932
508 507
908 986
674 613
298 323
675 590
386 377
980 905
869 932
561 474
661 606
297 389
761 671
325 360
850 845
706 646
143 99
566 609
509 501
807 764
553 598
258 242
367 390
1 61
309 259
551 519
845 826
1042 942
209 282
955 896
978 982
236 276
219 301
1018 952
761 856
452 428
223 255
681 723
298 280
861 937
1 37
818 901
418 456
981 996
682 590
461 455
580 510
648 667
921 829
80 51
448 383
380 340
838 915
734 797
616 547
930 1000
429 335
753 785
791 797
341 299
278 343
288 281
273 282
293 264
121 78
61 134
182 126
896 862
216 190
440 340
809 724
264 271
795 701
501 464
323 405
287 230
185 153
945 923
848 813
601 686
941 925
48 21
128 58
339 295
824 900
983 956
1 86
270 346
446 427
245 221
206 202
354 417
478 424
843 943
790 883
217 290
1 47
289 269
780 775
327 379
171 121
394 362
600 534
840 828
431 388
956 908
350 394
284 282
415 432
508 443
824 737
603 584
278 206
298 328
930 848
717 805
314 337
473 488
591 519
277 362
170 230
372 393
272 353
250 275
930 845
347 377
189 202
951 971
385 431
460 508
870 825
205 226
809 719
561 540
999 973
574 480
321 347
469 536
831 842
591 640
263 211
712 687
629 579
191 168
658 678
196 244
464 479
717 749
1 49
195 177
821 805
313 345
519 569
911 926
227 273
763 743
972 885
853 816
110 151
157 75
829 863
632 636
653 645
789 859
818 817
331 355
925 930
913 850
215 282
473 549
107 115
453 394
398 465
118 153
736 650
713 615
796 846
181 184
85 15
395 304
421 437
891 943
1015 929
473 535
475 388
619 523
569 515
132 45
657 657
752 748
1 49
377 369
461 374
128 140
189 282
776 816
482 463
552 527
512 533
794 747
993 921
678 699
364 318
839 854
1031 938
629 663
431 360
260 188
683 685
771 709
810 825
180 150
336 332
614 577
703 739
835 755
578 614
597 497
466 519
419 439
1035 960
649 644
730 761
258 310
581 654
972 973
580 641
541 551
558 465
714 624
162 214
423 435
471 383
530 449
293 354
721 628
854 855
58 25
1 34
628 561
162 68
826 914
324 333
372 294
746 768
374 448
712 698
742 742
1 32
595 671
771 716
181 83
126 163
928 953
650 671
601 657
699 748
814 799
338 289
341 248
1 30
727 749
709 740
260 353
718 644
750 808
16 72
325 422
355 376
1024 952
931 883
803 707
626 619
626 664
851 866
66 161
856 894
790 707
67 143
549 607
363 321
90 87
865 899
106 65
242 162
623 651
476 458
674 579
132 203
304 281
113 108
455 429
850 782
130 86
831 863
788 750
228 250
343 311
259 320
357 337
1 21
513 596
1043 993
1068 997
886 961
871 807
915 881
89 127
902 985
585 523
690 617
1 47
1090 994
554 614
333 259
981 986
534 564
1 1
885 787
120 204
1052 993
176 156
184 87
623 579
250 226
610 709
118 177
953 985
1031 951
1 32
758 801
855 800
48 61
634 701
8 61
403 429
625 695
203 230
1 42
472 487
517 527
44 112
243 249
287 334
169 75
610 599
502 525
424 510
867 826
112 100
660 721
874 843
427 374
22 48
213 285
656 645
840 938
795 888
464 527
678 579
702 779
635 680
658 716
909 977
394 417
919 850
983 974
919 972
511 524
820 902
109 156
199 225
343 344
649 737
538 615
208 292
519 451
704 648
523 529
853 773
629 724
670 699
479 422
170 73
679 700
866 956
543 500
464 481
991 910
89 135
50 52
815 804
1 31
775 850
97 32
571 581
522 520
536 556
353 309
523 441
154 57
447 455
526 488
671 695
614 518
749 679
277 290
135 111
153 83
1 42
956 926
417 462
239 201
200 167
203 143
44 78
822 849
404 305
610 517
118 168
72 101
1 43
88 174
201 203
148 51
610 644
312 358
576 523
402 387
894 978
105 89
353 421
871 814
138 48
887 926
255 319
8 87
636 705
449 483
660 618
563 475
714 756
847 773
824 753
467 370
442 360
782 815
511 609
462 405
511 607
428 495
220 233
16 72
298 388
150 110
505 545
490 391
503 574
783 742
40 76
299 362
691 781
119 163
385 447
433 386
405 426
343 357
51 97
389 443
518 456
243 170
770 739
896 818
1053 991
818 829
464 456
644 590
142 237
783 748
858 803
393 321
745 685
313 387
828 901
81 118
193 202
308 283
240 333
217 122
285 241
466 551
849 816
560 660
430 436
438 435
823 865
397 438
676 660
75 13
741 727
150 99
197 204
474 494
670 763
531 529
691 666
395 312
778 824
277 239
924 967
386 446
569 668
653 677
748 755
112 208
527 491
180 152
687 756
261 358
616 585
869 876
371 293
264 322
489 550
627 530
215 201
753 713
255 240
186 282
1058 975
380 432
53 39
804 719
87 4
1 80
944 874
510 568
858 887
642 667
609 644
199 258
752 717
239 199
272 371
757 704
547 531
572 576
792 733
519 477
31 50
295 295
1 50
171 223
584 578
398 351
145 87
422 435
1 1
822 764
346 287
83 53
864 779
955 860
310 241
681 599
997 929
1 15
1025 935
466 558
263 203
904 913
637 698
508 514
603 529
432 356
866 904
1 75
216 235
482 560
658 688
885 959
775 678
734 685
367 283
220 233
731 687
713 661
834 746
322 337
723 775
174 100
681 748
258 168
205 143
891 801
749 830
1024 986
394 451
909 876
963 906
447 523
280 257
69 64
850 787
196 108
485 392
699 640
858 845
916 862
754 659
333 291
751 655
63 100
400 429
814 745
922 978
538 498
464 525
225 237
291 192
1032 993
291 233
361 451
229 312
296 210
537 476
968 897
717 710
735 680
948 849
579 591
439 397
908 889
871 807
70 112
730 726
751 675
449 485
65 113
949 896
599 536
524 524
1007 983
493 504
77 92
119 42
234 179
585 511
648 651
167 83
15 54
819 881
454 422
510 488
661 663
874 858
304 380
893 825
225 234
886 928
507 419
576 660
680 696
581 606
912 982
286 310
1066 987
715 780
324 349
120 182
175 200
526 529
176 162
1 6
547 477
679 756
765 776
251 331
920 882
205 220
1027 964
205 130
71 138
209 252
75 78
204 179
437 464
167 195
374 446
878 967
226 164
852 917
383 465
246 315
579 557
785 701
996 970
188 125
910 887
147 245
288 347
50 115
751 836
635 538
543 572
511 513
740 684
351 450
571 512
1 1
848 799
348 295
791 805
874 866
491 526
802 818
80 137
286 275
544 487
337 298
779 719
657 590
825 736
806 813
439 410
136 176
339 273
628 643
466 487
735 805
604 532
1012 944
868 821
353 254
424 366
976 961
655 621
881 796
634 597
1 43
666 667
460 363
1079 985
255 296
934 893
290 378
472 397
453 475
440 449
366 431
475 444
315 352
151 184
196 262
727 686
75 167
183 239
860 824
636 658
232 272
1046 979
172 237
210 267
711 750
717 794
147 244
134 166
733 814
392 358
398 496
381 319
384 454
987 906
962 970
650 697
900 928
374 396
544 531
105 205
36 6
470 395
560 617
475 439
562 629
322 241
754 734
1004 989
695 684
402 416
796 742
888 969
495 476
539 622
703 703
258 188
596 551
875 954
716 672
364 363
419 434
788 694
229 188
544 548
819 789
808 853
354 454
964 983
338 319
598 660
343 244
427 390
779 740
276 322
184 238
939 911
984 945
151 121
763 678
656 734
204 220
649 660
456 368
677 774
681 638
582 497
336 248
350 367
574 538
340 359
76 112
293 286
795 789
90 46
602 641
1 17
163 149
91 19
665 742
561 538
906 972
333 363
53 150
267 289
652 709
609 516
24 1
123 124
458 419
372 401
538 632
237 201
1010 934
788 860
912 950
764 736
1017 983
893 916
662 571
469 507
360 408
715 807
983 917
775 710
571 590
893 830
406 446
252 273
569 649
193 125
1006 963
823 827
195 280
315 241
411 457
677 606
252 240
560 570
134 208
952 992
758 755
260 184
245 146
152 205
790 819
399 488
430 490
884 831
985 958
525 478
140 158
396 344
732 824
936 962
981 910
499 484
232 134
355 389
301 397
331 290
699 695
318 258
857 893
798 817
631 539
1055 959
1 21
350 317
297 237
112 75
41 36
557 625
779 827
887 904
809 908
536 595
760 730
256 223
626 705
794 789
1011 996
877 928
127 50
452 424
424 443
930 961
181 180
614 600
1028 941
625 556
662 644
838 901
289 360
335 427
309 387
593 517
691 636
749 709
597 497
645 557
312 302
295 216
356 420
653 743
904 833
930 918
641 719
160 235
914 980
281 194
862 806
167 184
758 720
581 626
471 510
823 728
883 793
673 652
322 359
884 937
757 714
305 402
482 547
503 409
737 715
371 432
240 190
548 535
257 356
352 259
551 477
847 943
620 537
628 641
524 449
726 699
972 893
889 845
841 787
999 916
649 601
534 537
1046 983
957 872
314 236
81 43
985 907
907 931
665 585
58 27
895 886
172 216
204 158
587 681
1 11
831 895
251 209
132 57
316 413
644 607
578 483
33 24
195 114
353 450
470 382
576 525
784 779
353 413
573 608
689 683
868 879
894 870
910 816
612 699
730 653
619 630
588 509
909 948
833 856
874 791
641 716
605 693
49 58
242 269
74 168
107 46
557 564
787 782
290 233
91 5
16 1
466 516
898 872
958 996
302 248
476 447
745 711
350 325
820 849
144 220
348 362
486 560
808 796
872 859
807 722
485 529
164 127
1044 986
502 486
708 725
72 39
375 341
1 50
78 74
232 283
688 759
326 362
91 84
85 109
573 488
413 325
263 212
727 738
756 742
845 844
488 585
384 335
483 509
181 185
850 905
178 124
853 874
273 299
494 445
389 346
749 745
609 582
553 514
797 790
723 628
1083 997
479 549
426 461
206 108
886 946
343 412
135 192
190 279
156 145
597 537
522 479
401 458
218 202
850 775
924 999
38 23
356 374
358 421
539 566
899 870
271 367
576 576
853 835
683 732
524 618
722 714
885 936
258 280
417 389
622 527
420 426
370 355
894 939
278 308
271 341
755 717
920 869
232 137
27 18
748 653
948 888
864 917
457 474
681 647
903 907
252 326
466 417
812 764
652 607
228 320
499 566
687 704
391 359
370 346
417 343
891 829
316 319
954 983
702 783
55 42
764 743
713 648
261 274
60 71
195 119
132 124
682 709
1018 992
386 442
1 49
712 640
780 856
282 237
971 970
818 829
975 965
227 142
527 489
820 920
838 784
873 927
1 27
963 926
767 867
1 90
174 81
799 704
589 530
259 324
141 203
968 975
784 685
717 716
501 492
555 647
30 98
1018 962
681 739
91 6
3 84
835 826
674 757
9 83
1 33
699 632
1 46
475 433
600 693
46 108
687 727
517 571
623 545
1004 997
322 238
216 247
639 600
64 23
213 275
221 317
106 190
386 335
226 318
174 207
891 817
641 667
57 44
470 400
124 154
472 420
840 809
547 511
145 50
1 5
491 493
6 35
403 351
816 803
667 689
534 469
894 814
678 612
963 977
668 675
47 16
859 954
891 817
806 737
745 791
313 375
73 97
823 855
488 575
527 544
296 242
1066 968
343 375
461 396
197 272
322 318
53 143
865 852
246 176
887 929
152 154
1042 986
337 377
996 927
835 899
217 283
528 596
449 458
377 377
712 671
10 22
266 199
770 844
250 269
741 811
798 723
103 151
315 298
976 986
848 790
758 750
91 24
589 629
724 745
590 671
304 208
719 727
516 521
528 499
172 171
561 621
673 771
925 915
558 562
518 592
874 872
904 900
547 611
1011 967
924 928
312 229
547 557
664 599
666 704
298 334
176 120
356 380
925 838
1 9
118 215
448 463
469 553
557 570
518 439
557 623
228 203
327 240
424 407
5 42
1052 968
223 307
452 544
790 731
823 879
506 590
622 684
685 586
927 917
891 900
183 201
345 346
959 926
47 92
439 461
993 947
229 238
36 94
397 480
239 286
169 241
539 605
598 591
203 255
169 73
221 148
425 429
183 274
13 46
653 715
893 833
908 1000
368 396
714 722
710 660
460 360
597 682
153 154
648 698
697 777
582 511
793 745
478 422
474 500
160 221
470 467
842 776
713 740
1 88
551 483
272 264
698 750
833 797
824 818
628 681
210 283
180 277
214 172
10 89
72 43
41 73
959 960
924 829
848 802
549 645
233 262
372 311
1 21
131 143
373 440
618 649
281 219
193 286
1021 947
1 1
753 677
135 229
664 597
714 637
539 512
883 911
840 902
971 886
745 719
306 362
612 529
140 182
378 315
407 398
153 193
487 475
1 53
567 629
858 950
213 308
167 184
10 10
12 104
441 480
648 641
520 540
155 56
297 236
445 432
695 642
596 547
848 867
591 662
100 149
98 136
246 269
86 7
277 251
635 599
721 634
476 543
135 80
968 873
895 806
720 774
905 892
1 68
806 725
777 766
650 722
829 790
461 485
998 929
467 564
592 503
626 696
936 957
306 290
253 345
1070 993
991 898
1 2
475 537
774 788
707 615
137 70
297 341
75 56
142 194
160 195
816 837
77 62
229 175
112 14
748 779
777 752
544 517
369 382
900 829
971 917
719 703
371 351
162 176
619 529
285 222
217 219
250 260
342 351
512 505
454 504
174 132
808 824
580 518
256 334
566 660
1025 979
916 896
781 815
523 515
454 413
304 377
692 720
572 584
151 120
248 158
410 396
476 399
889 813
157 168
711 645
592 595
769 723
1 7
249 156
85 123
54 120
413 503
1002 926
330 318
999 932
935 892
693 631
255 209
52 147
392 479
135 119
6 13
1 33
784 728
1046 986
95 75
626 685
301 387
520 521
414 394
544 488
508 518
506 603
103 172
231 317
61 70
34 81
310 215
444 504
299 279
103 163
320 368
549 513
210 123
495 565
812 759
695 760
462 503
345 246
247 199
835 816
942 883
429 453
906 908
489 533
277 256
603 628
429 524
743 840
193 281
85 183
431 377
477 479
823 868
900 819
1038 971
497 407
111 96
126 225
347 408
11 76
29 79
367 306
601 510
368 333
773 675
618 618
427 517
603 690
175 113
462 518
955 926
358 335
136 195
530 488
694 704
665 568
297 271
101 48
650 584
233 245
529 595
445 538
556 558
913 837
1 19
873 780
813 804
454 460
760 830
32 46
486 583
639 630
158 118
411 410
587 646
505 515
642 694
317 283
147 200
873 787
351 252
515 471
1 48
614 553
746 646
724 711
108 146
966 874
841 854
512 412
775 748
774 781
149 216
871 953
582 672
995 929
26 16
734 781
754 726
892 947
511 495
984 927
477 452
20 32
612 645
395 426
333 336
102 164
419 349
588 624
698 689
760 851
41 45
209 217
715 651
424 510
157 205
215 211
39 73
415 411
194 277
278 272
293 243
755 791
205 225
923 869
210 288
616 556
943 982
468 431
356 370
358 270
862 908
382 437
8 22
639 559
841 867
353 347
336 299
394 376
169 208
553 459
88 128
727 801
116 167
890 859
358 360
902 902
95 103
836 779
677 583
410 498
325 411
728 757
391 403
913 836
492 477
1053 965
918 837
807 726
554 515
624 537
647 736
484 442
617 692
536 600
249 334
398 326
74 105
485 564
129 80
879 975
370 326
125 81
169 236
432 494
766 688
562 493
73 110
283 344
31 38
623 704
839 857
64 47
134 161
670 619
473 453
878 948
285 381
122 115
276 320
309 342
117 56
423 444
565 487
244 162
275 352
376 375
74 36
696 602
328 391
288 198
308 398
360 400
702 728
654 685
1090 998
921 930
706 664
638 585
449 430
454 476
891 815
1031 994
533 506
588 635
750 695
896 842
448 360
673 670
322 305
112 188
902 993
460 397
882 932
245 280
321 327
229 316
943 960
560 515
190 239
442 358
123 148
113 153
88 46
69 27
236 261
22 93
980 982
163 132
89 113
449 493
1024 983
732 700
131 85
348 400
231 272
234 262
727 756
882 865
795 845
801 787
75 121
1 19
219 304
411 483
399 376
580 524
329 362
845 872
368 403
170 108
923 920
190 112
834 913
193 157
775 768
214 234
346 367
94 170
810 907
554 645
336 360
1 25
818 786
672 637
736 806
673 763
175 195
769 840
299 369
803 777
8 60
795 835
142 140
802 790
283 220
226 271
135 100
719 785
1 54
142 159
959 954
624 665
341 302
292 241
861 894
584 585
972 979
687 778
273 347
624 675
243 198
499 532
1021 960
108 86
113 167
220 218
394 451
177 210
759 740
223 184
912 917
210 249
750 716
718 765
770 834
466 470
716 765
837 738
1045 951
762 838
766 763
1008 985
315 284
194 251
689 730
92 8
774 810
760 845
404 416
524 454
306 372
245 145
315 262
662 699
243 159
550 460
839 862
267 257
401 355
371 327
635 595
858 919
736 785
19 18
495 590
839 762
749 652
662 730
1051 988
744 819
883 850
949 876
444 418
164 150
499 562
486 577
971 932
88 158
338 334
903 859
314 383
611 644
841 864
276 276
904 924
93 63
303 286
983 931
754 798
1040 955
727 743
279 231
240 216
473 404
600 557
174 235
604 585
301 249
129 154
199 259
763 673
828 867
671 621
419 427
417 339
231 221
367 348
671 716
318 307
13 11
517 457
783 728
1 39
844 797
751 679
214 275
571 640
792 707
42 100
521 538
378 311
315 415
279 198
99 165
448 394
420 408
903 832
538 478
347 302
852 883
1 4
276 336
454 428
847 778
108 159
851 779
47 86
746 687
185 106
1 20
834 776
138 174
872 940
314 343
875 897
33 104
714 675
48 127
256 289
625 573
1 2
251 225
480 515
957 910
513 570
883 799
358 442
660 563
346 251
307 272
926 925
794 864
776 689
499 490
243 220
942 919
1 89
61 19
967 994
183 259
308 275
1 9
614 539
275 224
398 375
230 166
759 805
708 798
416 354
135 63
476 568
1 29
300 208
346 274
1056 984
530 576
596 616
793 701
846 879
627 564
790 781
948 876
68 77
723 623
215 282
136 193
1050 994
746 787
14 50
192 283
552 608
596 682
7 15
503 409
328 395
924 945
347 345
487 478
258 210
432 415
1 20
426 356
737 773
282 212
16 77
865 771
163 246
841 908
425 387
373 305
638 682
381 340
949 975
778 792
135 127
882 905
262 278
390 341
380 381
535 461
192 179
1 28
497 447
108 27
452 456
185 279
456 385
61 72
729 723
491 526
702 617
601 562
817 786
343 262
862 847
1 2
575 578
818 868
707 646
600 523
677 689
621 713
329 315
233 242
641 729
231 205
458 459
552 630
1030 998
1 69
867 790
327 327
928 980
832 750
468 448
651 680
767 851
844 865
206 228
453 414
982 949
949 943
808 729
713 656
359 364
1043 989
254 343
211 135
704 678
379 430
71 64
857 885
635 643
509 493
346 337
238 279
674 659
46 82
114 120
792 741
428 433
186 113
301 293
495 462
827 924
320 377
699 667
898 991
728 659
491 496
209 197
435 474
809 798
449 481
154 83
155 160
864 842
908 871
195 108
494 522
194 282
481 409
995 899
921 889
743 680
939 846
868 965
419 483
8 92
34 80
604 511
591 655
213 233
224 155
918 889
216 189
775 796
538 516
485 543
616 552
715 630
729 676
238 324
434 341
925 951
314 251
687 663
488 556
795 891
708 759
1033 959
637 667
666 614
340 429
967 912
794 768
620 569
723 628
300 262
419 373
190 268
925 879
420 447
911 931
454 428
334 297
290 219
629 578
142 116
104 80
832 781
680 620
1 5
463 444
786 744
536 487
128 176
176 230
980 948
727 753
652 591
433 363
594 544
191 276
255 162
955 929
53 143
885 793
276 238
799 806
375 413
667 742
817 805
865 854
491 489
579 490
877 834
633 587
552 651
879 821
18 67
586 652
344 380
544 619
811 727
647 648
109 194
264 183
1 16
230 322
566 523
119 130
733 648
156 172
876 950
156 195
879 941
170 221
132 223
52 61
123 30
98 197
836 794
983 998
706 716
330 238
441 477
433 516
933 956
287 322
854 872
241 328
13 42
622 529
377 397
100 36
305 221
559 482
44 122
454 478
131 207
814 798
231 243
584 525
350 332
273 274
592 578
395 384
931 967
80 163
319 361
463 372
887 946
407 337
194 124
48 124
473 412
716 670
177 274
572 496
193 210
526 446
774 746
500 505
782 688
341 375
640 560
785 696
447 375
879 872
894 951
718 732
981 895
452 427
298 261
138 154
412 339
412 500
1 36
813 797
643 641
447 441
218 293
429 429
415 369
551 617
56 12
799 793
656 595
804 831
757 833
891 951
717 763
1051 975
481 435
425 384
437 390
737 733
663 684
157 239
86 140
271 250
107 130
675 768
229 166
100 144
422 425
390 323
578 502
428 371
87 131
454 519
236 155
699 663
278 330
731 657
8 4
443 462
630 578
358 261
579 674
908 873
431 522
183 241
548 472
198 220
393 425
911 934
11 28
539 452
183 226
548 512
690 749
774 769
857 866
223 291
385 444
730 654
520 478
200 213
446 525
46 6
390 296
490 425
215 237
695 766
507 545
948 872
153 203
670 696
800 821
523 599
728 784
166 115
401 308
935 933
533 601
504 445
441 476
895 803
131 41
878 779
656 578
588 636
222 137
914 837
1020 944
108 156
398 442
266 221
277 285
88 131
345 407
22 6
312 346
467 545
732 790
135 94
272 289
219 217
117 189
597 598
191 126
749 655
126 190
114 62
560 504
311 324
313 285
917 860
488 534
492 510
424 366
919 907
668 683
56 106
207 226
149 214
111 44
549 612
259 248
191 260
867 854
448 467
832 765
786 834
806 786
141 192
844 871
866 871
618 555
695 717
535 563
246 337
143 157
688 631
808 780
573 626
910 885
420 389
591 669
401 447
767 733
267 256
238 211
220 244
777 862
305 387
621 629
793 723
408 381
816 803
708 638
464 436
704 680
637 710
488 487
493 524
829 800
475 453
295 335
685 752
619 671
1 35
890 941
309 312
364 425
468 453
377 473
508 558
353 260
379 369
739 656
459 486
168 193
482 457
18 39
165 134
313 306
166 247
859 765
905 876
834 796
841 776
597 635
282 188
676 708
257 291
156 116
677 586
902 916
924 897
848 807
167 233
1 76
410 500
815 746
67 4
414 418
888 825
597 654
776 851
697 709
644 656
399 463
186 210
583 611
200 264
650 651
573 600
665 728
226 174
959 976
556 651
286 272
311 220
807 760
702 654
140 90
41 123
241 333
379 428
252 284
489 539
761 743
250 268
310 307
807 744
463 563
502 437
1009 994
141 133
452 515
335 400
356 383
168 201
535 490
490 499
426 411
286 222
97 46
285 298
987 976
63 126
822 814
728 694
570 555
210 183
289 356
1 15
649 673
874 862
1002 922
834 907
175 115
742 669
265 278
462 551
320 244
765 846
710 807
581 666
453 383
411 311
473 495
492 527
502 459
129 117
808 865
594 656
690 624
472 427
800 737
1015 973
232 209
604 538
863 809
920 925
18 82
28 96
701 720
926 954
561 642
1 27
795 722
338 271
409 423
682 693
46 61
669 666
781 862
603 503
935 959
460 364
230 297
698 631
408 507
405 461
921 929
399 428
659 675
1007 986
458 459
596 598
709 732
45 49
610 692
538 536
196 103
157 217
993 896
757 672
835 843
753 765
511 420
292 387
316 366
663 719
461 401
865 787
564 627
438 438
338 362
643 698
312 355
307 370
313 226
317 342
945 902
690 749
555 616
55 29
85 40
75 41
263 356
21 64
84 22
425 502
524 441
375 417
644 696
851 874
634 635
871 934
705 775
108 41
908 840
642 550
902 813
951 932
933 937
860 920
499 465
50 67
466 447
383 289
888 890
220 213
579 656
319 332
234 169
419 501
716 793
16 25
583 577
109 76
758 786
27 8
670 688
560 627
619 543
475 453
400 429
788 728
969 916
909 811
692 593
597 613
621 574
287 283
160 208
816 806
891 806
924 972
759 807
201 193
215 166
532 609
340 397
548 485
231 195
589 592
510 428
479 381
181 131
244 159
269 238
381 420
115 78
277 335
313 322
468 441
1078 983
34 75
450 526
908 906
422 322
184 231
806 780
279 354
126 125
550 522
285 295
592 508
339 368
562 638
922 868
814 855
447 535
174 125
840 764
605 538
665 620
1 3
316 302
666 630
691 679
580 624
916 951
101 105
196 96
408 389
971 899
566 567
718 729
684 619
901 866
588 641
807 790
113 185
395 422
921 999
133 86
505 517
776 689
237 335
896 937
247 319
459 521
852 845
713 793
305 267
408 486
888 923
931 875
652 677
922 832
443 520
14 101
748 668
229 283
655 706
49 127
896 937
331 324
228 222
535 492
567 631
616 706
221 268
150 183
494 410
914 872
467 421
335 248
13 66
954 879
522 534
374 351
184 199
566 654
619 677
888 797
903 963
649 724
299 376
1015 943
1017 917
847 929
944 963
30 68
190 282
989 963
1005 912
953 908
106 124
981 884
767 814
495 528
839 781
1017 958
145 212
126 151
665 570
315 257
953 980
94 148
497 433
940 969
498 507
685 762
734 773
436 370
881 925
197 154
209 135
533 565
118 83
933 913
11 36
793 819
18 86
352 381
1027 987
69 14
7 74
931 870
895 925
264 268
896 862
695 687
939 997
584 605
826 752
477 523
341 408
29 74
876 972
235 242
842 820
859 798
1022 987
633 683
518 530
848 878
1006 909
215 202
538 565
538 610
345 554
1026 92
968 755
1058 870
629 119
532 149
635 865
240 929
681 386
65 617
944 961
622 425
561 389
745 940
769 222
442 670
550 952
731 99
672 302
550 481
526 201
473 436
797 575
423 534
287 695
104 695
179 310
182 946
590 791
350 659
60 699
1055 196
1065 153
145 442
659 164
177 276
296 670
237 844
504 316
836 432
617 706
598 936
67 205
506 305
806 380
827 769
427 788
814 338
49 292
903 204
1040 910
487 744
296 704
660 277
185 327
1074 655
540 475
264 250
932 451
209 765
525 369
516 37
853 974
285 205
760 862
1006 345
983 429
815 603
292 783
137 507
9 143
411 752
1010 205
344 304
403 717
199 571
237 1000
115 815
702 134
375 400
245 285
999 156
660 248
120 824
504 679
676 478
158 854
78 657
813 422
150 617
530 917
501 864
115 315
27 841
605 793
903 313
171 558
570 109
553 711
26 862
36 986
7 341
840 355
486 435
614 502
1090 196
328 313
691 43
598 719
814 1000
972 930
89 928
138 758
1076 687
1036 443
766 591
165 274
1050 178
211 785
513 633
954 47
311 69
851 396
600 738
256 641
169 875
557 638
359 660
660 66
351 641
555 143
915 184
483 658
648 239
579 684
688 27
170 953
984 60
650 911
337 276
745 390
343 378
1060 52
449 45
682 862
493 182
647 313
328 705
744 869
53 927
560 476
998 400
224 131
994 485
822 304
2 982
1010 110
743 683
90 683
687 729
1070 939
489 49
58 119
573 4
1070 174
1091 532
924 584
464 94
785 794
285 561
899 706
847 473
1037 490
905 258
129 731
811 112
711 250
899 322
590 325
988 719
613 557
379 451
163 207
155 925
823 999
390 344
486 874
440 204
262 931
342 468
635 613
111 573
570 103
122 764
36 1
103 220
463 269
989 403
797 65
248 731
68 431
8 948
14 482
907 983
723 851
1044 27
368 239
338 244
619 828
13 856
87 553
932 968
360 138
163 663
71 17
917 356
1078 18
255 920
650 265
542 362
120 176
1066 768
727 592
156 594
467 891
254 886
544 406
807 946
1014 505
769 445
758 897
209 553
618 155
897 344
209 301
718 485
673 938
1031 752
907 909
354 293
489 467
1082 468
323 500
269 612
803 156
969 635
975 883
512 990
730 595
714 116
952 60
604 538
859 891
613 795
441 770
608 323
384 821
249 594
274 666
781 761
95 481
302 842
12 78
871 337
800 99
504 877
759 487
40 294
782 461
801 203
135 612
54 170
560 92
209 259
310 742
544 989
546 115
473 276
191 418
295 275
834 378
514 648
782 940
118 674
1028 538
30 386
461 636
267 139
87 433
149 566
785 281
860 966
767 464
43 177
692 305
27 69
433 957
295 149
326 915
147 600
415 667
146 434
278 139
403 166
828 158
184 933
1066 720
77 412
1040 268
837 901
296 510
152 787
579 689
999 33
141 556
1083 547
559 787
923 803
762 283
108 89
698 321
291 768
448 260
943 356
296 658
720 510
926 650
324 934
239 285
267 422
80 484
741 396
539 556
42 251
742 223
503 744
412 796
825 702
741 3
1059 463
987 821
291 122
749 965
162 432
525 615
299 630
650 401
776 237
560 520
495 49
873 944
407 838
101 502
369 693
411 879
978 200
271 185
979 583
886 360
848 482
786 484
996 942
68 480
415 770
615 941
1022 452
94 58
684 771
1087 897
79 854
796 424
423 296
373 959
997 928
479 706
1049 181
269 485
34 334
1048 960
472 831
334 612
10 808
757 75
260 505
1060 172
1028 490
435 908
413 768
520 650
889 697
1052 893
568 659
567 753
974 639
309 777
650 427
1090 774
263 968
86 945
250 579
562 581
773 597
738 105
1001 572
757 376
315 76
292 954
377 984
323 323
466 889
925 486
607 749
632 832
212 209
492 84
813 746
535 794
551 141
179 255
271 992
944 682
910 901
553 989
1023 337
897 761
440 208
390 429
906 525
1020 691
756 359
60 320
988 643
800 959
900 700
458 435
875 418
513 368
826 341
628 922
831 511
621 686
339 275
181 654
461 102
283 699
850 183
10 674
246 734
166 675
722 900
489 150
508 18
622 610
230 912
65 966
243 567
420 238
810 184
170 293
385 151
139 87
316 472
666 793
740 78
806 393
542 55
410 899
961 474
442 627
746 793
842 121
44 913
191 47
300 364
821 837
731 182
548 421
205 562
345 805
600 121
1003 342
540 344
515 752
512 963
958 448
958 448
15 738
935 111
1050 155
717 403
645 416
400 201
370 170
441 745
498 779
1038 814
358 399
581 481
538 203
841 576
211 52
374 894
231 30
312 766
459 467
891 470
409 71
823 865
602 54
324 385
635 423
602 433
843 447
41 887
1071 42
68 73
870 748
887 26
570 781
328 113
575 866
683 720
658 402
1036 257
963 101
513 502
684 156
99 970
43 862
412 1
989 239
198 870
374 262
967 376
230 51
661 429
467 712
676 524
112 100
1069 387
332 10
460 676
1051 314
934 294
747 351
575 632
490 298
1062 88
425 659
34 522
261 154
19 324
1087 815
842 222
375 456
676 208
145 231
499 555
566 573
49 881
691 251
358 820
849 683
277 732
413 120
391 92
82 209
916 584
297 340
513 890
328 15
918 686
502 865
590 644
1037 714
46 127
750 64
215 130
470 666
443 360
625 613
914 344
882 429
985 960
535 655
893 795
388 447
1042 267
1012 33
202 681
348 711
366 519
88 720
472 78
1091 127
547 324
320 58
516 371
672 391
904 115
981 622
1052 365
352 965
737 380
522 597
824 933
904 79
491 286
76 403
4 907
962 705
552 680
30 531
783 593
379 858
621 27
920 220
626 155
284 416
43 123
610 530
149 968
1021 541
1090 587
686 346
478 866
1042 133
440 937
1066 154
76 743
819 370
638 741
500 938
30 728
792 340
717 435
349 933
868 949
373 58
630 382
429 772
760 126
814 587
451 366
653 155
758 607
248 274
800 494
594 515
487 376
844 932
748 838
116 58
770 161
252 879
952 833
796 721
612 582
57 747
794 609
205 807
634 35
1024 219
1030 519
846 453
1010 296
206 821
419 398
716 109
802 660
407 878
329 719
785 54
897 413
510 178
200 865
1024 840
811 591
808 295
851 894
262 353
165 597
323 858
815 592
771 813
628 576
789 294
338 374
552 925
308 943
1058 873
282 946
101 516
45 719
411 111
455 397
888 124
238 14
568 310
67 896
734 982
246 237
192 163
883 169
490 44
247 191
1044 506
524 861
460 608
480 841
1073 536
944 999
45 97
1034 768
164 495
130 530
762 686
323 341
811 643
463 161
720 404
171 46
983 992
1003 772
82 472
456 948
310 780
460 201
498 264
269 426
982 918
378 84
448 548
19 152
775 329
894 946
653 671
107 405
595 720
1082 758
546 939
1011 612
974 302
708 816
1071 900
918 909
1032 241
1060 630
699 944
1044 711
23 346
303 483
924 445
380 556
407 808
141 259
387 864
179 509
602 803
380 543
928 256
139 151
551 11
67 936
1070 344
412 643
533 333
453 876
926 968
324 597
263 385
1072 942
249 526
600 978
966 154
762 154
223 725
762 15
692 983
804 901
746 921
813 812
310 531
433 192
878 958
511 38
1015 965
383 675
987 608
201 337
203 434
811 686
492 975
412 439
495 997
730 326
419 995
576 120
503 414
611 158
401 196
447 188
101 592
426 681
10 955
839 987
114 407
951 596
735 784
366 215
857 695
933 340
75 812
751 710
695 155
290 614
263 371
250 662
38 238
545 13
393 214
593 463
496 166
996 469
1016 241
390 948
362 842
489 784
987 839
340 4
308 901
132 866
489 291
417 708
96 241
296 304
370 390
357 521
666 998
729 642
425 378
562 978
696 310
118 941
122 572
149 531
207 490
368 577
226 888
714 740
996 97
464 461
755 8
384 696
434 603
480 757
520 244
732 650
551 638
970 57
989 940
696 426
927 274
994 228
171 785
575 565
28 75
491 768
1046 750
845 959
972 573
462 554
935 284
199 638
586 973
590 357
214 900
722 644
641 778
422 127
190 875
507 241
187 149
643 824
528 954
698 843
826 835
60 672
632 656
63 698
665 562
78 803
194 547
518 726
214 355
922 314
207 197
579 716
1031 290
915 324
471 358
845 230
250 232
914 180
287 187
67 571
1058 977
791 578
1027 870
875 275
765 22
236 467
479 894
1084 495
159 422
788 433
916 510
289 706
238 387
1003 826
86 70
350 346
471 81
815 957
986 229
32 183
1055 813
973 999
503 892
540 974
502 78
596 142
584 491
413 116
499 196
691 566
463 680
450 283
893 751
1006 466
315 367
512 665
42 776
610 767
537 521
1055 419
638 152
159 902
225 933
516 387
599 657
404 726
268 851
376 372
1058 64
693 348
387 727
693 567
918 758
247 239
432 273
312 543
238 629
871 795
198 943
512 60
1076 943
759 366
383 31
494 644
948 290
599 85
101 285
955 323
1003 304
51 318
499 328
294 921
428 340
58 831
938 565
170 712
1002 423
393 349
4 717
243 658
507 283
357 679
955 115
772 87
541 148
514 598
49 735
1006 634
863 245
506 812
709 236
916 123
335 577
926 898
203 84
174 143
443 834
397 942
260 187
587 668
284 488
744 30
877 391
579 866
1028 695
732 909
889 519
1011 214
1072 980
207 53
619 169
997 157
484 765
48 828
936 949
181 987
805 465
204 682
98 68
272 546
954 982
210 503
127 437
389 67
340 443
730 633
1041 17
64 371
702 261
989 910
873 292
874 723
439 688
201 795
611 347
652 586
943 672
936 660
56 254
719 69
952 111
1049 29
352 149
1034 420
50 639
227 179
527 86
737 530
894 938
642 594
1070 671
888 85
204 491
440 619
782 240
665 507
579 960
20 310
226 923
10 218
262 942
790 27
282 292
629 563
675 480
446 283
803 483
927 62
713 32
284 173
860 418
438 529
85 730
290 134
792 771
329 915
666 179
998 780
144 57
947 763
13 809
344 163
929 18
1080 981
559 687
156 181
214 660
436 662
460 655
981 774
138 550
307 987
592 899
386 814
271 630
439 524
126 580
190 65
898 554
95 911
294 737
258 694
9 545
312 948
507 710
573 655
635 102
778 942
423 147
341 471
581 937
958 971
800 788
232 777
1074 728
442 309
563 255
462 381
277 156
472 270
1013 249
147 505
142 565
487 943
657 498
240 390
815 707
1075 461
203 755
942 302
601 525
227 249
413 203
849 773
570 394
894 621
513 214
593 262
243 403
987 734
1034 527
509 526
790 695
749 426
439 749
594 623
794 281
993 839
633 427
45 74
530 957
1058 357
16 538
930 92
321 98
944 144
441 469
191 188
365 957
353 943
9 712
575 649
739 49
813 376
527 497
258 768
585 216
200 102
822 313
640 645
81 827
964 310
562 752
617 222
905 410
578 384
962 655
32 333
632 166
130 553
579 631
380 336
345 865
885 473
229 943
685 35
440 515
888 194
1050 805
151 878
124 301
1006 767
195 903
548 11
86 942
210 566
866 828
542 539
114 887
775 175
820 615
183 515
871 882
372 847
515 31
873 345
1002 532
839 486
741 960
355 926
1051 722
545 186
636 280
193 642
893 23
1044 261
1076 343
171 116
538 994
668 463
924 582
503 52
582 434
151 177
72 450
711 760
14 127
422 66
46 326
456 713
585 516
424 239
340 649
689 537
581 879
709 369
1063 925
630 520
793 201
342 201
521 781
794 675
757 330
987 357
1053 183
653 509
184 987
3 972
199 183
78 648
43 208
845 555
623 828
875 495
896 355
527 48
883 339
379 633
282 439
1009 971
921 141
670 147
839 278
915 203
248 47
52 52
488 614
914 665
803 59
479 39
802 419
371 58
27 532
778 580
557 137
1052 976
719 28
556 861
404 32
976 779
330 519
376 831
295 341
30 396
403 96
584 627
514 709
196 804
499 454
158 463
694 32
175 591
66 154
770 692
171 92
596 570
159 772
157 584
555 837
47 1
42 55
966 154
156 196
985 692
950 814
161 85
481 51
54 765
896 904
585 475
876 166
693 718
414 7
455 371
447 283
666 408
803 583
543 292
753 822
357 323
825 860
1087 160
785 679
210 602
493 541
451 316
379 242
197 359
469 250
398 234
205 983
1038 447
581 620
693 61
1003 115
54 691
104 662
115 654
552 734
766 304
1058 854
594 475
709 328
953 404
748 282
368 851
994 114
200 693
553 273
330 675
734 902
801 294
849 597
23 468
420 864
771 409
964 258
778 666
70 284
289 332
858 292
619 118
238 882
401 271
565 451
283 805
947 633
258 363
24 526
826 541
676 880
466 185
184 33
1068 257
569 51
553 991
160 539
497 685
788 365
856 973
827 558
478 492
733 641
313 341
1049 75
10 190
471 336
983 583
990 515
985 493
1004 218
377 446
488 679
456 498
355 32
771 612
641 294
523 138
982 260
253 188
29 88
412 193
120 490
589 517
378 512
463 289
179 837
9 473
655 234
369 988
648 898
601 955
180 464
588 359
195 308
351 211
629 474
754 644
608 152
236 862
771 819
354 410
421 713
1064 749
286 216
916 383
637 292
857 52
1007 254
758 723
707 703
951 83
548 547
763 96
546 544
711 65
716 932
677 937
873 87
269 942
613 989
172 736
432 693
985 83
90 60
346 659
146 259
903 53
297 96
686 907
772 876
412 745
665 863
26 389
589 526
336 385
567 668
868 739
760 151
99 669
722 774
972 302
740 150
76 516
305 154
314 536
261 912
478 470
677 328
816 596
651 825
873 325
833 139
125 843
939 820
152 24
1086 142
534 874
372 39
353 509
783 873
520 100
756 130
1084 329
833 978
693 717
1083 782
921 244
714 622
126 637
450 574
181 705
478 410
192 715
659 350
627 142
420 522
296 202
373 177
547 712
290 717
417 308
358 256
902 504
748 373
236 640
1087 519
1070 655
118 456
152 505
337 841
760 100
460 463
65 310
499 600
280 11
135 8
301 866
609 976
118 763
345 525
1048 489
985 751
131 461
67 520
234 888
240 966
64 102
432 515
359 90
606 825
703 786
456 859
558 93
179 743
720 348
1010 942
226 714
755 760
488 704
556 459
470 743
276 283
54 500
806 523
472 595
715 273
189 157
368 178
840 853
384 735
908 940
602 732
133 274
21 496
800 199
333 753
816 187
1046 71
59 48
682 519
174 120
863 5
230 946
982 305
290 488
1011 995
59 920
1022 464
1011 466
89 809
796 335
618 737
496 774
54 601
1077 310
1071 258
825 731
173 323
61 325
10 296
672 502
873 262
47 757
876 485
1038 375
622 968
708 296
76 308
285 925
792 773
789 476
1058 463
183 306
1083 527
472 754
192 322
22 103
833 391
418 832
241 949
742 857
504 268
937 417
128 133
221 755
788 997
872 830
53 368
526 31
936 199
618 946
43 901
116 62
196 709
32 664
894 311
115 748
270 702
18 493
117 278
819 382
1061 810
769 90
611 131
1071 793
432 393
903 552
735 249
964 294
325 2
619 763
421 2
155 254
723 74
80 360
849 601
138 375
679 214
24 771
724 199
663 747
34 193
736 990
531 437
1 63
571 226
245 64
961 588
789 681
52 259
872 952
714 22
692 16
555 150
152 502
692 746
957 486
423 608
56 447
692 382
928 555
484 594
901 372
876 463
258 319
778 510
885 962
680 286
1042 474
351 11
86 643
904 952
199 997
882 72
557 801
156 44
719 711
923 567
787 200
739 235
712 84
597 571
684 23
301 944
701 830
291 168
373 29
906 512
495 684
701 610
442 168
330 869
107 156
193 562
422 263
969 407
333 159
655 619
1074 368
407 317
1078 224
764 205
367 453
121 964
407 886
551 938
1041 172
953 180
307 292
594 582
589 411
66 130
73 98
611 247
304 548
1082 30
1028 139
296 906
136 75
604 242
941 192
110 777
1000 84
226 255
1031 774
656 409
394 356
12 136
70 516
674 647
98 652
660 29
736 599
199 842
905 428
886 27
423 731
815 172
292 766
274 191
527 12
873 589
172 262
460 787
444 109
220 500
427 823
807 395
986 930
3 272
958 79
838 521
151 541
95 114
472 909
226 627
511 601
411 763
939 180
327 715
743 297
568 843
693 847
210 77
224 57
809 291
227 778
870 667
954 935
347 84
486 509
1044 374
896 48
824 439
141 508
380 19
440 699
967 398
59 237
297 882
360 593
421 846
408 923
6 297
386 699
734 713
817 296
424 840
78 459
343 174
622 573
458 398
954 275
949 926
764 226
752 980
519 401
700 401
1030 104
24 115
564 40
885 223
959 790
835 664
796 819
473 513
861 460
573 510
273 684
456 652
508 168
401 832
512 443
457 557
481 24
171 632
125 929
177 205
209 907
296 658
275 348
569 738
967 892
212 922
412 205
229 959
119 282
517 228
186 484
951 319
990 428
70 95
626 200
164 651
582 138
291 976
312 725
584 21
814 65
892 37
266 177
874 368
854 106
52 88
951 878
259 354
110 133
714 150
215 664
207 286
410 464
471 491
1044 110
507 819
61 844
906 475
7 334
39 305
1005 54
273 143
672 565
782 928
794 876
530 799
99 829
517 557
886 771
739 845
878 717
419 492
504 380
868 972
373 513
839 881
923 40
999 645
317 486
756 21
181 402
1091 753
561 391
1085 838
197 699
668 647
283 706
737 83
578 79
547 707
806 473
71 496
829 916
387 480
186 175
766 998
22 408
874 167
1087 624
1076 458
223 275
874 337
124 747
460 739
653 77
21 823
995 184
580 329
559 967
291 809
925 622
101 297
223 302
675 185
562 870
433 900
519 468
969 890
967 933
255 223
61 986
711 853
308 696
1057 91
567 601
322 125
928 662
365 134
836 949
313 226
1010 892
242 714
120 115
5 321
777 168
337 905
597 383
118 120
1050 216
291 463
638 288
632 258
390 247
365 518
1 438
890 574
367 985
8 823
233 719
337 932
32 722
976 29
836 476
1010 206
779 589
503 287
198 172
260 173
377 435
759 560
343 52
854 268
570 590
163 729
672 619
268 525
118 316
1000 783
286 911
1086 302
612 925
1015 938
250 265
489 885
238 651
416 160
90 83
1075 664
401 570
702 717
675 201
983 840
681 173
767 381
490 574
1051 620
29 984
979 323
155 748
431 952
503 802
239 250
511 809
918 569
377 627
706 588
277 965
797 455
132 798
759 325
1040 512
389 647
624 644
482 912
898 288
313 990
312 986
326 260
844 877
225 594
861 456
135 204
680 580
76 479
835 617
374 436
585 890
419 781
1027 702
381 420
206 206
426 540
29 704
176 786
325 711
735 336
1079 981
307 437
166 710
867 260
908 81
584 737
339 951
25 720
572 497
207 765
884 806
988 226
885 500
395 956
435 942
420 803
587 876
645 736
138 768
828 291
840 475
583 462
446 359
761 479
537 419
357 814
294 135
358 636
1089 248
206 800
90 949
491 90
700 815
200 573
1056 726
180 42
766 226
273 594
420 327
736 553
103 267
963 750
923 949
434 667
442 459
790 987
356 267
779 978
682 151
100 799
108 624
579 955
380 283
1088 602
1079 455
1079 721
740 784
51 557
1086 58
352 104
972 57
578 200
172 213
679 514
1090 855
323 242
46 299
898 733
9 271
527 30
595 985
12 594
142 226
219 560
87 301
149 314
567 196
726 983
43 839
401 544
448 432
625 724
533 724
1048 539
152 342
348 93
978 264
149 653
884 369
694 867
598 658
728 156
506 401
820 673
376 166
587 860
283 747
482 864
498 295
20 15
464 546
373 133
831 991
685 55
620 377
824 696
1011 626
1030 804
842 439
119 235
1074 600
956 440
90 78
771 749
665 392
501 544
597 707
292 294
755 491
495 687
126 203
131 161
474 404
74 499
302 125
380 517
778 642
228 505
184 949
242 71
749 889
685 256
296 928
1039 253
379 910
214 438
794 753
420 669
552 115
519 499
661 27
642 362
575 7
483 101
619 889
1058 331
196 533
974 10
113 952
938 280
496 750
198 187
556 927
1019 334
600 798
910 667
640 896
318 312
211 387
723 985
1047 186
553 933
1090 263
46 135
36 693
229 267
1007 394
107 236
315 193
435 674
439 88
292 258
615 465
653 727
123 100
240 957
593 572
29 889
753 431
935 203
141 406
534 739
136 859
709 940
150 305
715 858
313 532
255 31
707 139
1003 786
900 253
564 18
673 738
133 548
374 872
875 256
1073 156
349 919
158 886
683 730
928 300
530 695
750 599
570 861
1042 67
1064 309
511 601
34 336
426 354
196 180
996 802
35 373
965 772
901 806
336 495
649 570
126 906
152 885
612 98
56 159
631 117
600 41
448 48
150 379
518 571
1067 678
192 907
189 136
131 377
806 791
649 169
569 904
908 424
642 861
251 142
139 567
804 790
438 838
617 579
315 56
464 515
357 236
753 643
613 201
719 78
816 857
481 874
759 918
160 610
1039 572
614 845
560 741
661 916
182 874
776 575
795 913
916 139
99 816
921 701
1018 928
933 691
390 174
904 441
899 954
108 622
721 743
536 163
364 916
394 632
1050 781
938 778
356 826
425 602
870 909
735 112
482 879
818 399
186 813
698 141
414 599
720 777
1020 510
817 211
1020 169
135 192
1085 538
480 405
949 477
25 473
722 501
162 919
513 265
32 419
609 156
331 646
347 608
170 23
132 433
1090 43
825 284
1012 754
208 920
159 471
192 911
723 211
383 785
436 122
596 459
522 753
965 850
173 668
24 781
27 343
243 35
578 805
240 744
882 919
792 393
639 55
194 375
190 467
604 77
849 929
317 720
280 96
1024 849
876 852
546 926
1046 825
347 722
741 127
260 110
851 104
985 184
295 140
390 135
104 209
306 790
214 179
683 384
492 138
377 901
934 921
411 247
325 12
718 836
32 670
214 946
88 283
221 813
238 371
40 500
52 137
769 63
419 304
973 299
536 335
542 165
256 732
543 863
49 256
169 692
347 893
1049 448
707 980
275 597
944 587
740 539
1082 826
129 408
528 516
677 693
24 366
984 955
977 801
86 680
899 165
174 792
1034 980
165 129
229 469
205 704
216 913
716 444
123 635
344 806
874 248
22 686
923 731
41 335
552 595
376 155
470 674
279 899
1046 538
774 532
590 235
1087 946
148 323
738 755
561 738
525 278
460 724
636 468
43 930
720 697
868 418
726 596
227 803
168 685
140 961
78 963
38 903
93 900
919 873
996 345
300 791
671 627
251 359
630 935
263 855
939 495
92 627
964 237
534 97
151 767
46 14
203 84
468 792
981 874
337 723
939 428
366 121
1041 98
1082 734
65 46
657 335
60 200
8 183
575 873
1062 229
412 184
633 34
393 676
461 871
690 66
148 402
1067 794
27 173
129 775
1011 490
604 979
596 799
774 446
977 459
32 664
447 72
125 120
1076 215
980 677
376 210
391 783
955 86
972 741
850 547
953 602
845 310
161 444
142 127
659 692
1081 410
889 543
123 986
891 388
250 215
265 662
1016 608
1017 320
502 576
1080 832
140 401
588 696
35 472
915 628
923 185
427 515
625 848
478 337
576 760
19 225
445 231
417 47
422 320
708 635
230 242
1083 854
257 743
296 443
15 957
880 968
239 930
609 627
1072 769
332 216
980 41
784 350
285 502
408 689
338 909
129 554
151 602
386 766
926 327
214 680
518 959
644 264
189 785
151 692
134 259
1023 739
142 641
1076 997
410 911
95 907
786 940
189 843
731 116
849 829
1088 399
549 780
122 32
233 74
522 604
438 494
507 395
72 816
990 975
835 603
212 880
307 314
15 620
187 388
745 335
24 54
1079 910
426 795
89 674
1024 792
1058 792
860 265
1018 400
456 636
738 268
16 751
21 116
67 768
385 992
287 24
930 85
198 360
425 632
870 312
646 982
142 752
733 357
828 913
124 782
122 326
875 48
480 884
279 540
116 297
295 394
789 44
437 772
348 672
134 893
337 647
1033 143
679 975
1002 927
1020 261
717 673
811 784
555 359
577 858
464 209
205 13
444 832
1085 108
22 244
151 610
230 451
248 191
97 602
1087 771
311 389
147 881
387 614
930 340
118 963
112 963
719 534
950 313
950 496
523 623
13 308
37 579
491 363
983 720
458 880
628 205
743 473
967 698
49 58
1071 552
314 386
444 54
671 43
498 78
480 271
712 118
98 155
1077 889
594 879
292 243
65 224
142 177
935 726
996 375
113 66
141 487
901 651
1078 403
668 725
230 946
849 164
627 955
1022 80
643 903
545 48
805 838
752 449
845 693
849 795
86 778
686 290
823 120
699 928
1033 253
660 55
1088 291
660 470
68 487
141 699
312 680
853 765
436 478
577 670
564 504
425 435
1074 543
358 880
580 421
1025 343
525 617
217 621
515 266
243 443
508 466
697 213
195 436
767 73
815 926
770 5
1073 611
786 699
296 749
645 954
546 507
1013 367
200 117
35 268
982 396
827 827
834 143
206 630
1060 111
972 564
614 577
660 56
1088 323
736 25
218 224
55 779
507 417
722 397
650 312
864 951
520 34
157 78
600 416
19 259
1083 82
596 579
817 465
444 756
836 154
833 591
129 862
428 324
1043 215
873 843
1060 621
643 860
99 550
511 472
262 163
372 478
945 199
268 354
166 707
649 319
915 30
838 335
299 657
158 926
227 887
826 975
170 674
245 139
454 858
805 229
427 172
626 220
483 537
763 175
891 424
290 399
782 613
124 975
703 829
480 900
471 184
814 102
1030 300
740 761
821 1
793 482
109 788
746 21
685 90
565 807
987 132
315 874
820 501
710 981
433 921
252 576
886 856
1049 154
488 499
719 230
213 860
151 303
1078 724
293 830
834 614
779 482
191 860
881 313
173 279
213 471
82 590
294 144
295 868
673 462
685 88
152 536
145 504
428 788
752 537
422 457
500 614
451 820
568 810
437 232
344 627
1034 221
139 266
1078 334
211 954
965 59
600 739
866 872
852 453
896 805
468 570
1020 608
758 21
261 161
504 883
230 573
608 56
198 814
261 930
926 520
12 722
926 165
977 860
246 925
1031 674
775 358
654 253
924 16
1050 177
1050 620
977 95
644 297
937 997
424 493
841 777
663 159
108 999
909 824
47 359
929 213
921 36
9 120
19 948
687 779
598 359
637 7
928 155
679 920
168 729
418 539
908 238
195 104
437 838
491 672
375 444
688 969
846 82
657 5
126 902
773 360
137 494
465 956
931 756
1087 632
444 702
653 768
973 758
182 925
253 669
251 518
425 830
931 837
49 75
1019 422
788 124
808 958
491 996
530 727
456 175
28 420
32 127
714 580
124 921
917 501
602 933
980 716
585 370
272 255
367 879
58 205
500 111
259 504
268 485
160 980
1052 209
144 487
973 362
1000 622
655 279
649 869
252 672
452 554
274 680
416 155
957 88
149 675
344 934
63 933
51 655
464 484
17 126
288 785
546 159
903 842
1075 994
325 657
933 407
344 454
843 331
567 437
319 48
279 628
21 427
483 993
331 26
838 291
264 79
707 12
688 508
267 663
81 764
429 693
124 22
887 17
717 422
261 316
933 175
264 85
910 657
1015 571
596 781
829 645
660 619
806 400
821 162
169 94
825 182
1074 614
687 855
163 654
944 794
814 280
333 46
200 334
623 130
11 312
438 293
1018 585
633 981
553 239
929 759
630 65
285 528
544 69
716 401
376 525
506 439
596 31
672 508
181 490
538 703
1088 425
719 479
26 576
760 555
1091 720
685 558
114 266
899 794
567 304
288 235
16 224
1051 21
281 734
1 744
1072 763
114 531
571 534
296 23
1037 459
726 182
30 745
695 688
801 447
800 747
95 559
591 517
439 622
324 863
1039 496
1040 137
839 786
101 531
112 671
594 974
142 860
530 750
420 920
938 203
348 656
709 607
940 592
996 339
74 150
26 773
509 293
5 671
617 344
626 552
969 146
137 830
622 817
399 186
609 902
76 732
118 476
109 688
13 474
127 779
472 44
601 495
852 345
291 582
898 891
512 472
110 858
380 883
630 841
52 696
817 283
151 510
158 528
132 510
160 365
428 717
951 209
937 670
377 626
521 334
871 744
998 309
1002 2
407 348
1087 876
803 989
208 274
663 691
433 564
983 207
412 428
741 699
338 757
866 460
495 59
519 534
204 217
699 276
791 152
995 671
384 850
32 140
889 89
447 437
671 421
655 568
1001 662
1020 465
373 467
857 260
716 114
958 192
514 353
506 592
957 931
685 985
910 535
960 617
594 152
819 495
145 439
154 527
455 380
133 423
355 975
17 922
587 800
492 981
745 530
555 770
392 911
513 153
496 248
912 28
851 425
186 134
524 725
394 391
894 799
426 12
665 527
487 143
264 333
516 655
308 547
916 287
940 373
168 308
696 135
999 570
912 314
342 872
665 225
692 162
778 285
233 499
861 935
110 761
251 690
285 174
634 946
283 141
29 578
897 276
280 297
637 627
975 286
97 764
920 349
773 570
488 745
441 603
69 487
523 507
318 150
987 520
122 280
258 155
424 396
468 214
147 35
661 558
538 805
675 62
322 626
952 832
336 762
1081 728
217 829
844 216
269 361
1015 355
774 490
881 336
1057 910
33 588
204 803
633 135
130 785
922 204
839 161
801 302
461 821
1042 217
310 738
287 703
163 487
873 120
281 110
8 160
98 656
59 342
1066 275
657 959
314 817
365 590
980 918
74 95
131 540
492 645
27 268
32 221
667 68
809 954
420 289
250 253
237 437
716 740
300 49
107 710
194 577
14 145
136 999
555 824
708 291
711 779
695 959
1018 852
404 526
406 19
214 536
482 317
586 764
262 683
470 251
401 251
777 412
381 285
1011 612
153 605
327 870
343 464
962 775
233 662
180 845
749 187
66 340
395 529
1077 268
581 784
574 689
245 361
599 573
641 957
955 25
188 662
857 912
709 945
813 974
890 375
379 575
537 937
735 235
458 604
658 611
530 922
199 176
118 494
73 524
713 472
574 941
286 721
134 306
1044 202
298 605
346 418
314 399
133 1000
833 686
32 920
677 568
649 609
1040 275
551 86
753 254
1005 675
559 612
576 775
240 426
1027 180
789 703
669 474
1084 196
539 765
450 749
333 282
109 632
928 328
564 427
459 962
825 482
711 771
712 653
375 61
1034 33
1068 686
941 547
163 480
311 676
328 544
752 588
972 592
58 167
677 116
811 148
842 212
405 249
856 314
807 495
1024 89
730 275
208 204
628 982
300 921
276 162
827 661
31 862
510 100
541 763
833 672
649 878
838 236
9 747
513 137
850 738
95 543
250 612
990 158
912 602
83 398
279 868
710 872
275 916
434 797
975 996
861 658
5 800
532 449
156 26
872 606
120 845
163 154
558 481
647 549
1032 245
802 931
421 806
600 671
812 550
35 586
690 765
1011 105
663 286
186 474
977 133
1079 854
739 915
868 769
684 313
170 717
227 648
907 110
948 361
1020 180
839 655
733 451
487 648
520 853
94 603
572 537
1003 462
1030 58
26 276
1040 236
885 64
859 404
395 488
445 791
476 979
135 890
380 969
561 572
788 454
276 398
187 434
733 333
621 538
22 138
355 632
792 125
366 17
37 114
1062 642
925 725
677 919
188 844
770 460
380 517
124 971
843 969
1015 153
192 245
133 1000
644 727
389 503
732 936
338 907
313 895
693 927
395 549
211 852
243 397
993 769
516 446
501 979
799 873
429 51
771 967
789 873
77 188
591 251
722 527
956 796
28 91
578 516
180 273
384 73
517 845
1077 230
38 238
343 367
705 910
515 75
178 498
587 232
441 345
690 4
1074 917
808 541
163 42
421 396
35 980
994 726
117 722
118 306
561 651
832 23
704 263
283 196
927 720
531 71
165 48
3 267
995 307
669 643
942 365
227 896
626 627
241 300
91 516
96 302
521 885
201 560
876 571
541 752
152 953
500 927
460 567
876 169
30 186
205 9
715 809
178 786
659 682
165 607
981 761
424 855
294 623
914 945
403 952
635 107
978 589
126 668
644 693
594 5
1068 179
166 838
775 764
950 626
398 849
90 142
727 888
760 355
627 670
11 730
430 852
613 85
368 187
491 797
827 846
477 614
355 649
353 131
770 682
706 489
209 619
480 261
1061 234
326 846
121 512
503 246
117 545
551 24
805 355
686 787
779 829
848 494
1091 693
506 543
99 925
499 298
339 230
201 741
936 948
1028 384
243 368
992 330
1020 331
220 688
881 737
1070 336
625 315
299 419
243 893
742 411
540 122
360 490
61 1000
455 284
420 716
1043 700
571 296
621 345
269 394
433 520
187 360
44 468
710 96
444 496
719 233
115 990
687 48
945 730
384 117
888 460
983 609
646 919
176 523
267 888
574 487
225 718
604 766
36 761
131 572
270 414
916 333
918 328
879 832
310 87
466 260
1006 161
394 869
267 862
516 909
394 144
347 815
869 648
712 618
643 379
863 451
898 13
678 340
734 349
935 129
278 20
769 597
539 664
954 698
1003 801
831 784
243 138
865 497
206 87
995 504
1026 961
1019 297
358 161
365 624
524 555
345 371
606 24
918 530
181 769
485 689
696 466
282 148
1068 92
541 170
392 655
777 565
922 631
478 76
1033 307
896 390
727 186
81 592
1085 56
717 53
422 516
510 984
697 662
485 498
339 624
779 685
865 808
365 612
1084 427
826 636
321 5
900 564
1066 342
8 687
513 19
363 92
303 249
517 791
220 553
488 571
743 414
45 6
519 621
910 960
156 827
168 514
141 468
444 382
479 323
782 453
787 351
765 955
1073 575
1010 747
19 655
334 160
209 801
768 522
8 716
2 323
248 206
896 154
823 940
679 141
507 255
613 534
948 650
610 348
1077 72
743 815
742 541
473 146
363 752
51 920
465 64
764 610
465 177
996 864
184 778
351 804
840 427
194 878
105 32
969 507
490 308
891 163
1055 872
683 98
327 248
1088 129
281 919
110 657
99 302
49 954
938 544
313 71
1089 222
133 388
923 257
96 797
951 278
795 232
946 515
260 159
336 15
337 384
35 50
241 974
641 696
18 245
116 126
263 935
717 537
722 373
1030 439
82 186
867 494
959 130
984 515
337 135
233 369
497 922
154 458
168 900
925 291
700 225
111 739
705 686
72 102
549 676
1028 741
667 127
605 428
288 180
828 747
578 378
225 493
893 219
574 698
196 986
140 201
889 669
640 935
603 509
500 569
1005 249
793 274
1005 762
882 326
847 547
1029 96
212 937
822 588
812 4
683 111
525 287
524 343
947 1000
917 258
1015 567
391 303
959 489
621 993
808 247
541 604
163 760
5 369
916 704
750 342
740 509
178 749
696 705
342 224
837 504
688 972
656 669
741 533
400 366
1056 881
581 897
323 660
294 704
141 545
54 157
422 472
161 89
21 996
108 331
817 830
510 434
462 973
682 268
376 345
609 435
360 658
3 904
558 7
888 44
338 160
391 919
954 635
797 921
927 782
837 81
883 600
501 232
832 105
875 391
595 273
514 257
790 244
334 223
839 283
452 833
697 893
945 582
861 505
956 970
380 633
332 794
781 137
1016 991
934 181
535 424
737 679
798 888
323 516
919 835
271 613
757 741
349 905
110 188
425 105
855 879
464 399
167 989
891 511
113 786
892 201
504 262
38 84
560 313
758 919
1062 761
70 424
1056 956
1025 213
297 960
153 708
431 987
447 89
836 169
74 211
381 181
1018 822
649 473
293 656
637 279
639 82
649 552
486 544
287 96
715 480
164 99
747 866
1058 212
704 145
1071 84
631 203
167 578
43 229
180 80
617 861
641 797
750 149
500 462
778 569
141 436
803 174
40 29
368 940
1066 392
83 622
29 623
622 95
649 371
210 50
82 923
876 608
566 370
806 296
1059 732
450 790
228 910
649 543
893 543
27 170
473 980
1072 439
652 532
856 864
434 209
603 245
996 805
271 880
570 684
16 849
435 592
773 337
1070 691
343 244
766 993
869 811
250 579
210 385
39 312
938 470
457 730
351 268
792 778
975 714
1012 374
1023 501
701 52
855 363
356 239
1064 591
1072 70
785 507
889 201
738 791
954 542
336 242
686 804
96 857
725 792
1039 903
243 651
442 593
703 722
319 999
887 634
1049 281
224 253
813 306
419 857
909 699
518 545
43 789
358 864
1032 454
76 950
24 754
877 659
689 784
49 901
952 240
687 916
266 805
578 290
436 487
1080 978
602 923
132 56
975 640
727 609
604 785
679 516
961 756
527 218
714 768
504 533
329 490
112 953
550 769
216 764
770 882
927 241
769 7
293 991
189 806
594 714
836 124
226 918
329 473
732 44
122 567
966 429
982 23
25 420
782 618
458 992
753 259
976 730
892 532
761 429
375 920
176 418
825 27
248 951
755 562
524 78
702 288
560 879
958 743
46 103
53 117
628 746
884 921
432 447
246 566
817 563
406 26
940 520
1042 889
71 719
1076 143
963 535
971 460
962 169
333 139
642 916
877 716
939 108
159 577
651 66
36 137
350 603
632 446
921 594
535 918
585 644
1016 895
848 67
322 176
650 841
165 275
706 66
757 837
150 88
888 387
697 848
315 74
215 784
289 795
326 115
276 825
75 354
444 564
928 884
142 829
58 67
42 52
66 152
196 870
449 264
951 567
1032 721
45 863
819 441
281 852
37 897
700 946
825 10
420 280
751 464
729 347
560 114
208 87
776 442
218 47
140 553
633 918
688 301
943 435
696 556
785 65
119 25
337 556
411 209
413 813
377 335
690 255
428 452
598 858
649 380
575 282
614 23
434 380
289 201
259 212
705 142
1070 329
1075 316
285 497
959 289
774 734
901 20
459 289
904 192
1088 39
1035 157
266 529
148 33
807 289
12 115
636 978
895 803
123 439
793 773
944 851
422 400
626 989
654 997
872 621
852 26
89 6
834 262
717 192
54 584
932 177
62 538
141 324
757 250
1060 690
862 217
361 464
416 1000
747 670
95 391
169 639
913 283
509 519
442 357
264 358
324 314
22 906
940 331
24 465
342 986
351 407
176 94
281 90
544 81
374 445
586 380
540 38
191 985
281 953
77 242
17 255
470 49
506 883
421 333
487 506
136 104
198 712
39 330
917 532
429 810
78 778
864 663
979 352
356 261
531 995
145 550
853 176
126 403
967 876
102 115
891 220
11 537
379 331
1049 542
253 945
703 589
367 750
634 979
597 986
771 634
599 116
303 215
197 385
463 617
970 694
302 967
393 456
151 142
997 295
417 867
355 632
714 716
338 711
575 51
248 88
141 703
256 55
237 127
806 250
508 464
647 888
755 790
503 21
767 203
673 506
915 943
431 521
84 428
998 549
763 858
225 29
137 760
805 908
1012 304
887 839
923 890
242 526
375 45
22 831
67 247
326 397
137 562
240 42
199 249
387 615
542 200
287 785
465 761
784 557
257 783
568 284
1058 333
792 411
718 216
446 669
634 335
250 928
475 413
629 628
863 207
506 415
1090 18
545 17
959 869
188 887
446 14
243 373
444 654
554 318
478 85
670 591
1030 500
279 590
323 182
152 464
677 469
102 223
72 836
573 163
341 469
219 730
16 55
954 984
890 965
476 373
455 650
283 821
238 285
307 530
339 993
914 815
254 578
497 354
678 112
531 985
1056 795
573 575
114 692
248 464
45 152
1024 779
48 736
1061 261
102 255
508 604
858 308
4 555
446 469
1045 569
399 566
884 445
717 304
59 720
1021 894
972 807
198 867
42 341
845 564
14 402
903 635
294 178
84 828
767 776
198 765
877 425
374 167
743 215
508 622
604 494
413 241
346 900
623 512
711 746
490 914
818 97
267 332
1068 225
749 98
62 963
905 932
821 491
361 713
443 523
619 727
468 492
432 366
851 179
47 901
64 691
565 190
1052 971
953 634
760 860
349 860
699 563
465 430
943 233
330 12
372 817
529 280
165 355
610 985
891 335
788 801
524 343
130 932
385 792
166 766
1071 38
702 859
453 384
123 46
600 281
1055 59
549 96
889 563
762 123
540 221
727 507
877 402
651 272
1016 337
259 342
13 124
409 637
587 65
978 405
246 789
614 944
312 286
432 915
554 767
312 868
872 524
550 343
994 175
177 1000
20 674
706 120
536 28
817 108
404 253
243 43
186 917
88 114
32 217
633 871
1064 979
747 712
74 584
493 420
165 734
423 197
416 555
458 865
626 576
410 208
819 729
492 269
651 971
642 644
304 102
343 913
167 923
1044 852
492 933
150 822
464 666
128 865
229 787
675 99
834 655
416 488
266 855
346 393
1024 12
384 844
789 903
888 407
878 271
852 473
664 3
96 633
540 358
246 196
13 716
725 138
738 101
905 493
812 556
422 952
1078 297
39 159
939 667
709 987
1073 546
794 509
958 897
291 256
946 766
807 425
912 497
288 600
909 484
302 491
932 269
1005 182
79 289
428 293
709 786
345 329
1003 389
822 480
145 685
571 402
895 689
892 800
680 431
656 441
473 157
163 97
555 656
329 4
1055 898
1085 807
955 694
1021 345
299 762
684 969
901 145
77 504
147 662
236 976
455 285
246 9
162 968
300 982
240 205
265 309
199 783
893 437
433 676
257 856
104 589
606 201
769 982
1062 344
131 869
236 552
547 717
120 652
1044 633
540 850
760 752
567 68
789 767
275 614
1007 279
2 668
543 376
281 748
257 742
720 527
946 914
696 746
908 288
311 581
387 998
327 479
779 858
144 234
336 449
949 529
207 134
80 905
93 924
691 552
896 665
792 549
649 564
20 242
135 909
773 378
271 196
818 152
602 993
271 654
76 669
203 897
118 51
213 140
275 869
931 177
1042 205
67 835
1005 489
253 509
455 436
754 399
209 473
684 57
901 901
1017 577
547 525
484 426
41 18
142 942
382 206
322 556
875 558
1014 226
408 380
665 743
573 948
333 77
425 19
869 579
1001 694
768 761
595 662
97 192
238 42
4 912
541 497
913 594
493 787
27 16
110 172
852 44
779 656
863 391
553 513
489 469
1069 30
882 384
260 111
95 404
2 204
827 301
818 45
797 593
1013 564
43 570
566 537
538 281
796 540
101 681
239 642
1073 583
862 400
579 803
181 650
699 196
505 7
783 305
120 983
262 939
705 152
622 252
521 773
921 567
598 620
493 325
293 103
481 19
381 296
363 865
1081 262
672 504
786 37
979 199
257 609
133 966
816 935
260 851
714 971
383 724
393 415
10 763
502 406
10 136
242 668
88 551
127 227
901 443
476 149
905 832
147 867
776 551
295 83
501 81
907 332
262 874
1064 857
639 90
759 317
803 511
521 878
1004 658
545 294
200 264
670 2
1010 660
524 970
1086 880
501 638
956 772
338 340
783 260
647 351
118 341
626 773
591 117
367 457
101 929
40 918
225 540
1003 488
627 779
608 719
15 590
347 251
323 767
841 28
952 264
856 121
603 91
557 80
803 56
219 191
563 886
1040 966
975 377
399 274
725 888
916 124
154 637
947 120
165 17
238 904
370 459
489 53
648 818
571 219
344 121
9 280
1081 867
501 122
62 323
1032 65
790 475
16 691
20 724
1041 58
579 584
781 353
29 123
60 131
6 911
135 536
781 188
79 591
275 458
607 838
33 552
43 203
9 942
111 525
575 631
800 784
738 675
257 870
26 415
143 404
53 849
273 688
29 623
1075 502
33 992
697 232
968 809
628 475
796 173
992 701
345 897
255 363
715 97
397 499
746 22
942 330
977 807
400 82
169 106
59 774
46 420
522 626
248 616
445 875
572 487
963 894
716 825
1046 588
312 292
799 669
231 162
40 540
202 57
301 420
749 537
776 478
1037 619
446 295
160 652
409 818
840 609
110 317
854 749
488 822
363 789
838 401
376 737
103 870
389 720
1005 754
922 539
892 546
250 225
870 409
768 304
997 634
97 882
1085 163
207 338
107 902
106 938
929 797
822 981
318 25
204 911
563 547
254 304
663 198
505 14
563 80
574 749
1047 720
880 536
307 52
939 771
99 437
231 479
660 329
111 437
571 666
168 533
612 221
633 959
386 427
894 807
793 632
41 562
348 546
701 898
685 323
218 129
787 961
245 443
157 19
467 609
131 967
676 270
989 529
118 840
888 914
63 272
670 19
366 685
1023 567
253 228
158 243
857 682
456 7
856 595
185 657
80 129
595 232
513 329
428 643
268 234
434 682
68 7
893 996
31 945
842 358
68 836
739 663
565 176
340 578
143 97
324 932
991 150
250 247
561 93
25 423
390 176
895 726
908 874
995 611
574 866
54 270
139 951
185 236
873 225
883 1
379 674
800 105
927 742
317 879
354 489
296 446
952 496
316 754
144 170
709 359
115 45
717 974
237 298
156 596
833 490
540 810
180 33
881 317
128 362
269 283
66 669
255 54
293 572
89 385
879 364
997 398
387 506
1050 221
1000 996
886 662
205 72
1035 323
1021 882
785 85
755 524
38 312
450 725
611 376
227 987
395 174
827 485
652 764
464 61
193 731
237 430
851 426
10 196
571 718
465 822
466 554
332 704
878 293
1023 867
882 979
47 420
669 870
158 438
804 918
816 565
1043 640
921 143
548 122
131 135
150 195
391 514
910 381
515 486
708 678
1012 410
460 187
660 24
36 889
195 254
585 372
951 314
780 729
906 588
961 5
971 776
447 237
772 882
430 693
29 208
878 252
287 503
379 357
963 406
659 49
161 188
297 79
722 523
285 818
842 218
782 995
506 325
411 790
726 169
966 374
8 184
764 751
479 325
55 738
516 138
421 910
24 769
856 535
1030 321
55 808
712 570
817 786
627 14
1069 782
892 251
207 762
398 21
1011 975
248 175
870 753
668 522
379 635
688 988
492 882
363 21
345 467
690 65
648 513
1037 126
747 420
4 9
953 511
116 132
762 900
1079 113
827 508
823 181
574 305
930 434
884 218
758 320
396 125
816 574
