500 2057
94 485
506 326
416 248
992 421
649 322
237 795
457 43
815 845
446 955
422 252
791 9
359 901
667 122
598 94
7 738
544 574
334 715
766 882
994 367
893 984
633 299
131 433
428 682
700 72
617 874
874 138
720 856
419 145
794 995
196 529
997 199
116 277
908 97
539 719
707 242
569 107
537 122
931 70
726 98
487 600
772 645
513 267
81 972
943 895
58 213
303 748
764 487
536 923
724 29
789 674
479 540
142 554
339 467
641 46
196 710
494 553
66 191
824 724
208 730
711 988
800 90
314 340
289 549
401 196
466 865
689 678
833 570
225 936
244 722
849 651
113 123
379 431
361 508
65 585
486 853
686 642
286 992
889 725
24 286
491 812
891 859
90 663
181 88
214 179
17 187
472 619
418 261
419 846
356 192
682 261
306 514
201 886
385 530
952 849
500 294
194 799
737 391
324 330
992 298
224 790
260 275
97 826
210 72
649 866
919 951
63 748
958 685
804 956
518 564
428 183
537 400
346 721
153 207
971 323
662 611
197 116
91 109
529 795
126 343
747 862
469 685
770 10
934 881
723 984
895 403
568 360
172 449
958 541
383 272
308 877
970 359
583 707
48 308
930 770
569 30
3 208
20 311
609 100
887 939
825 422
930 785
904 370
241 989
379 969
376 143
962 972
889 28
443 61
216 638
338 348
160 347
406 66
159 391
31 638
204 295
420 826
153 196
425 449
331 855
565 143
838 487
9 140
918 564
533 615
232 135
957 564
591 360
576 793
746 163
377 859
858 760
86 711
434 662
558 159
279 660
840 268
735 948
574 315
126 676
912 341
739 689
821 894
625 706
917 490
201 478
993 671
149 932
52 899
759 237
267 187
256 472
783 772
117 98
516 906
180 911
25 635
380 225
712 823
266 164
216 343
448 732
541 502
664 740
954 576
726 612
772 902
531 454
943 411
750 973
327 703
917 850
5 77
113 220
913 802
791 403
998 181
859 10
345 525
431 919
675 668
833 527
438 462
523 291
916 605
420 457
115 405
660 417
261 279
772 685
388 596
764 307
843 224
206 322
407 840
639 975
852 401
542 91
60 327
757 330
82 182
637 603
93 793
614 615
136 733
187 864
102 16
972 863
163 987
501 306
477 34
492 840
121 700
80 706
138 787
660 105
229 834
827 798
448 310
230 609
832 690
489 561
586 579
291 60
665 388
660 309
702 407
153 200
606 313
123 970
253 33
709 273
832 277
108 997
888 40
481 227
283 860
858 940
284 608
711 990
850 590
239 806
943 52
195 801
95 764
410 710
664 386
900 593
112 50
963 494
754 156
458 936
19 965
225 86
569 723
97 184
194 868
754 340
602 412
61 487
695 209
347 346
719 860
100 307
97 95
843 821
745 941
286 821
492 587
116 201
531 665
424 527
253 812
426 424
413 459
980 343
291 836
833 506
486 179
9 916
575 430
922 596
145 808
897 269
404 512
742 811
728 685
269 567
103 776
745 855
35 718
779 853
71 97
80 146
842 746
128 15
941 965
227 512
30 480
342 958
605 665
531 191
364 964
359 515
867 606
820 822
313 536
207 693
911 19
308 335
430 101
685 922
641 294
113 910
141 410
690 250
700 546
559 729
481 609
503 720
766 976
7 759
882 798
859 74
182 648
425 299
542 785
683 846
853 390
938 897
89 416
624 837
181 247
878 293
933 144
580 938
252 467
207 480
658 955
20 665
954 26
347 564
759 449
446 26
14 521
657 301
710 321
980 613
188 388
636 879
203 990
432 188
129 963
630 820
509 300
237 822
373 255
838 277
395 153
692 400
103 227
218 518
384 447
931 315
396 813
389 324
640 502
287 299
297 780
977 376
512 516
219 212
555 329
398 810
289 486
798 485
598 416
49 952
572 894
697 358
770 21
725 647
542 44
214 683
887 361
45 814
94 231
282 8
82 165
319 496
626 699
146 852
541 459
874 535
725 314
777 944
554 306
208 459
787 637
976 447
912 408
444 107
3 962
301 565
164 407
437 857
652 317
764 98
41 818
737 600
176 288
136 902
128 567
394 190
235 749
42 908
824 276
684 748
979 592
568 393
367 363
52 163
642 983
335 179
126 16
130 478
583 259
129 868
752 295
167 596
856 71
640 622
770 864
431 644
195 5
448 365
701 429
952 64
880 854
168 770
79 88
961 157
472 368
217 421
709 719
147 271
296 975
909 816
764 962
251 535
878 438
753 696
570 881
253 318
666 45
931 52
433 496
810 313
678 138
123 334
212 988
538 424
311 106
329 509
438 332
509 953
987 438
682 10
834 29
327 375
602 924
171 672
855 941
789 868
423 68
521 189
329 107
606 272
857 618
910 970
522 299
505 840
323 287
785 793
143 814
535 208
314 410
410 267
33 397
572 21
361 371
419 790
715 7
605 952
876 996
506 973
700 706
527 322
29 922
963 786
724 545
254 12
345 857
516 891
589 922
133 340
921 294
63 494
527 483
196 778
116 476
451 460
432 7
472 199
470 522
263 315
346 750
180 597
915 774
425 803
823 911
577 548
47 989
325 680
559 888
459 711
584 992
7 821
346 612
304 236
134 729
748 142
979 787
195 802
302 698
213 750
415 499
717 234
755 909
157 499
274 246
901 7
442 289
175 800
343 779
830 514
217 693
288 678
982 894
43 54
43 86
666 617
499 182
988 959
874 122
35 152
925 269
180 267
398 751
233 923
122 531
335 164
232 959
647 171
67 731
148 970
454 210
753 821
577 677
342 526
658 540
567 389
13 568
124 250
456 918
582 780
769 354
297 950
264 338
916 435
82 723
900 622
844 145
844 258
554 501
679 793
923 339
26 149
740 762
483 887
16 12
68 204
434 598
524 160
127 135
420 596
881 746
481 239
133 154
598 437
341 397
423 934
473 954
703 969
508 390
851 227
826 5
756 110
284 15
931 250
424 38
865 685
886 358
670 975
797 381
425 635
718 300
869 817
11 499
34 603
576 599
495 955
55 852
594 919
624 262
753 110
242 178
355 472
895 28
443 673
880 103
796 651
645 664
989 497
134 565
845 658
97 613
417 275
913 854
915 239
773 310
385 687
482 728
794 107
592 318
186 134
855 907
588 870
874 371
222 868
311 473
173 389
169 667
189 603
17 154
407 125
546 898
607 444
178 135
35 358
711 27
575 903
436 482
550 757
22 505
17 507
80 126
195 511
861 684
588 997
285 676
564 701
375 581
162 13
544 555
262 629
4 399
664 916
703 594
381 420
640 664
584 889
604 311
135 156
859 564
903 830
708 463
593 867
60 937
860 17
762 152
593 207
446 85
546 231
494 841
844 514
982 615
361 127
8 76
156 629
503 953
751 135
503 767
491 758
573 846
727 436
70 523
880 238
495 441
926 784
950 65
556 582
9 662
632 16
226 321
666 568
337 321
397 272
316 648
358 510
865 476
863 83
781 904
627 244
755 270
409 793
41 429
619 490
963 420
623 804
387 96
711 623
811 563
715 648
617 885
652 297
372 511
88 288
931 15
660 529
143 755
190 10
912 529
819 762
303 784
490 117
280 300
763 469
110 643
955 58
857 36
794 811
460 785
182 74
184 865
340 797
338 802
955 571
407 911
917 425
457 579
74 927
274 845
769 761
42 55
617 114
218 63
660 576
50 769
575 556
651 321
604 121
428 103
342 486
548 545
601 404
499 969
185 570
806 874
920 298
597 63
28 763
462 286
69 919
646 732
273 862
342 106
5 311
328 997
712 762
214 27
197 865
589 67
354 844
593 239
837 897
911 253
90 880
661 182
907 96
831 844
183 202
620 303
125 102
961 234
122 441
580 349
888 771
272 291
921 185
648 707
979 697
379 346
630 244
18 394
257 613
596 795
606 217
997 817
559 164
853 189
984 832
257 842
246 513
203 799
425 522
977 482
207 915
365 127
448 484
569 986
621 467
991 152
682 874
965 377
201 78
674 751
148 322
820 77
455 342
271 603
337 722
373 604
100 77
350 923
682 6
371 259
827 655
557 797
76 754
549 314
242 55
531 170
59 812
341 850
319 37
601 434
251 382
501 225
148 611
234 997
388 405
367 242
342 170
765 220
97 183
415 974
548 911
278 464
298 893
273 820
612 433
424 147
615 107
645 706
631 262
430 61
797 745
810 665
283 862
702 374
360 490
292 530
485 341
940 737
418 860
131 805
715 468
29 997
165 353
762 158
410 335
911 68
776 397
856 767
691 186
909 321
549 848
98 143
879 845
559 193
669 563
568 606
878 910
136 725
812 214
371 871
161 762
535 388
62 143
887 283
771 897
718 593
412 833
197 210
556 661
658 727
368 220
211 233
553 697
595 487
905 55
93 827
748 800
282 997
389 93
255 143
803 691
844 572
33 64
859 735
209 749
990 701
345 232
814 559
722 243
940 663
17 903
446 786
701 373
821 579
623 986
400 127
979 64
971 882
789 936
265 960
607 125
375 744
6 134
878 500
632 75
854 225
216 151
769 326
517 101
454 197
661 892
317 901
712 680
549 859
