1000 1701
585 485
194 94
426 326
606 506
348 248
516 416
521 421
1092 992
422 322
749 649
895 795
337 237
143 43
557 457
945 845
915 815
1055 955
546 446
352 252
522 422
109 9
891 791
1001 901
459 359
222 122
767 667
194 94
698 598
838 738
107 7
674 574
644 544
815 715
434 334
982 882
866 766
467 367
1094 994
1084 984
993 893
399 299
733 633
533 433
231 131
782 682
528 428
172 72
800 700
974 874
717 617
238 138
974 874
956 856
820 720
245 145
519 419
1095 995
894 794
629 529
296 196
299 199
1097 997
377 277
216 116
197 97
1008 908
819 719
639 539
342 242
807 707
207 107
669 569
222 122
637 537
170 70
1031 931
198 98
826 726
700 600
587 487
745 645
872 772
367 267
613 513
1072 972
181 81
995 895
1043 943
313 213
158 58
848 748
403 303
587 487
864 764
1023 923
636 536
129 29
824 724
774 674
889 789
640 540
579 479
654 554
242 142
567 467
439 339
146 46
741 641
810 710
296 196
653 553
594 494
291 191
166 66
824 724
924 824
830 730
308 208
1088 988
811 711
190 90
900 800
440 340
414 314
649 549
389 289
296 196
501 401
965 865
566 466
778 678
789 689
670 570
933 833
1036 936
325 225
822 722
344 244
751 651
949 849
223 123
213 113
531 431
479 379
608 508
461 361
685 585
165 65
953 853
586 486
742 642
786 686
1092 992
386 286
825 725
989 889
386 286
124 24
912 812
591 491
959 859
991 891
763 663
190 90
188 88
281 181
279 179
314 214
287 187
117 17
719 619
572 472
361 261
518 418
946 846
519 419
292 192
456 356
361 261
782 682
614 514
406 306
986 886
301 201
630 530
485 385
949 849
1052 952
394 294
600 500
899 799
294 194
491 391
837 737
430 330
424 324
398 298
1092 992
890 790
324 224
375 275
360 260
926 826
197 97
172 72
310 210
966 866
749 649
1051 951
1019 919
848 748
163 63
785 685
1058 958
1056 956
904 804
664 564
618 518
283 183
528 428
500 400
637 537
821 721
446 346
307 207
253 153
423 323
1071 971
711 611
762 662
216 116
297 197
209 109
191 91
895 795
629 529
443 343
226 126
962 862
847 747
785 685
569 469
110 10
870 770
981 881
1034 934
1084 984
823 723
503 403
995 895
460 360
668 568
549 449
272 172
641 541
1058 958
372 272
483 383
977 877
408 308
459 359
1070 970
807 707
683 583
408 308
148 48
870 770
1030 930
130 30
669 569
308 208
103 3
411 311
120 20
200 100
709 609
1039 939
987 887
522 422
925 825
885 785
1030 930
470 370
1004 904
1089 989
341 241
1069 969
479 379
243 143
476 376
1072 972
1062 962
128 28
989 889
161 61
543 443
738 638
316 216
448 348
438 338
447 347
260 160
166 66
506 406
491 391
259 159
738 638
131 31
395 295
304 204
926 826
520 420
296 196
253 153
549 449
525 425
955 855
431 331
243 143
665 565
587 487
938 838
240 140
109 9
664 564
1018 918
715 615
633 533
235 135
332 232
664 564
1057 957
460 360
691 591
893 793
676 576
263 163
846 746
959 859
477 377
860 760
958 858
811 711
186 86
762 662
534 434
259 159
658 558
760 660
379 279
368 268
940 840
1048 948
835 735
415 315
674 574
776 676
226 126
441 341
1012 912
789 689
839 739
994 894
921 821
806 706
725 625
590 490
1017 917
578 478
301 201
771 671
1093 993
1032 932
249 149
999 899
152 52
337 237
859 759
287 187
367 267
572 472
356 256
872 772
883 783
198 98
217 117
1006 906
616 516
1011 911
280 180
735 635
125 25
325 225
480 380
923 823
812 712
264 164
366 266
443 343
316 216
832 732
548 448
602 502
641 541
840 740
764 664
676 576
1054 954
712 612
826 726
1002 902
872 772
554 454
631 531
511 411
1043 943
1073 973
850 750
803 703
427 327
950 850
1017 917
177 77
105 5
320 220
213 113
902 802
1013 913
503 403
891 791
281 181
1098 998
110 10
959 859
625 525
445 345
1019 919
531 431
768 668
775 675
627 527
933 833
562 462
538 438
391 291
623 523
705 605
1016 916
557 457
520 420
505 405
215 115
517 417
760 660
379 279
361 261
785 685
872 772
696 596
488 388
407 307
864 764
324 224
943 843
422 322
306 206
940 840
507 407
1075 975
739 639
501 401
952 852
191 91
642 542
427 327
160 60
430 330
857 757
282 182
182 82
703 603
737 637
893 793
193 93
715 615
714 614
833 733
236 136
964 864
287 187
116 16
202 102
963 863
1072 972
1087 987
263 163
406 306
601 501
134 34
577 477
940 840
592 492
800 700
221 121
806 706
180 80
887 787
238 138
205 105
760 660
934 834
329 229
898 798
927 827
410 310
548 448
709 609
330 230
790 690
932 832
661 561
589 489
679 579
686 586
160 60
391 291
488 388
765 665
409 309
760 660
507 407
802 702
300 200
253 153
413 313
706 606
1070 970
223 123
133 33
353 253
373 273
809 709
377 277
932 832
1097 997
208 108
140 40
988 888
327 227
581 481
960 860
383 283
1040 940
958 858
708 608
384 284
1090 990
811 711
690 590
950 850
906 806
339 239
152 52
1043 943
901 801
295 195
864 764
195 95
810 710
510 410
486 386
764 664
693 593
1000 900
150 50
212 112
594 494
1063 963
256 156
854 754
1036 936
558 458
1065 965
119 19
186 86
325 225
823 723
669 569
284 184
197 97
968 868
294 194
440 340
854 754
512 412
702 602
587 487
161 61
309 209
795 695
446 346
447 347
960 860
819 719
407 307
200 100
195 95
197 97
921 821
943 843
1041 941
845 745
921 821
386 286
687 587
592 492
301 201
216 116
765 665
631 531
627 527
524 424
912 812
353 253
524 424
526 426
559 459
513 413
443 343
1080 980
936 836
391 291
606 506
933 833
279 179
586 486
1016 916
109 9
530 430
675 575
696 596
1022 922
908 808
245 145
369 269
997 897
612 512
504 404
911 811
842 742
785 685
828 728
667 567
369 269
876 776
203 103
955 855
845 745
818 718
135 35
953 853
879 779
197 97
171 71
246 146
180 80
846 746
942 842
115 15
228 128
1065 965
1041 941
612 512
327 227
580 480
130 30
1058 958
442 342
765 665
705 605
291 191
631 531
1064 964
464 364
615 515
459 359
706 606
967 867
922 822
920 820
636 536
413 313
793 693
307 207
119 19
1011 911
435 335
408 308
201 101
530 430
1022 922
785 685
394 294
741 641
1010 910
213 113
510 410
241 141
350 250
790 690
646 546
800 700
829 729
659 559
709 609
581 481
820 720
603 503
1076 976
866 766
859 759
107 7
898 798
982 882
174 74
959 859
748 648
282 182
399 299
525 425
885 785
642 542
946 846
783 683
490 390
953 853
997 897
1038 938
516 416
189 89
937 837
724 624
347 247
281 181
393 293
978 878
244 144
1033 933
1038 938
680 580
567 467
352 252
580 480
307 207
1055 955
758 658
765 665
120 20
126 26
1054 954
664 564
447 347
549 449
859 759
126 26
546 446
621 521
114 14
401 301
757 657
421 321
810 710
713 613
1080 980
488 388
288 188
979 879
736 636
1090 990
303 203
288 188
532 432
1063 963
229 129
920 820
730 630
400 300
609 509
922 822
337 237
355 255
473 373
377 277
938 838
253 153
495 395
500 400
792 692
327 227
203 103
618 518
318 218
547 447
484 384
415 315
1031 931
913 813
496 396
424 324
489 389
602 502
740 640
399 299
387 287
880 780
397 297
476 376
1077 977
616 516
612 512
312 212
319 219
429 329
655 555
910 810
498 398
586 486
389 289
585 485
898 798
516 416
698 598
1052 952
149 49
994 894
672 572
458 358
797 697
121 21
870 770
747 647
825 725
144 44
642 542
783 683
314 214
461 361
987 887
914 814
145 45
331 231
194 94
108 8
382 282
265 165
182 82
596 496
419 319
799 699
726 626
952 852
246 146
559 459
641 541
635 535
974 874
414 314
825 725
1044 944
877 777
406 306
654 554
559 459
308 208
737 637
887 787
547 447
1076 976
508 408
1012 912
207 107
544 444
1062 962
103 3
665 565
401 301
507 407
264 164
957 857
537 437
417 317
752 652
198 98
864 764
918 818
141 41
700 600
837 737
388 288
276 176
1002 902
236 136
667 567
228 128
290 190
494 394
849 749
335 235
1008 908
142 42
376 276
924 824
848 748
784 684
692 592
1079 979
493 393
668 568
463 363
467 367
263 163
152 52
1083 983
742 642
279 179
435 335
116 16
226 126
578 478
230 130
359 259
683 583
968 868
229 129
395 295
852 752
696 596
267 167
171 71
956 856
722 622
740 640
964 864
870 770
744 644
531 431
105 5
295 195
465 365
548 448
529 429
801 701
164 64
1052 952
954 854
980 880
870 770
268 168
188 88
179 79
257 157
1061 961
468 368
572 472
521 421
317 217
819 719
809 709
371 271
247 147
1075 975
396 296
916 816
1009 909
1062 962
864 764
635 535
351 251
538 438
978 878
796 696
853 753
981 881
670 570
418 318
353 253
145 45
766 666
152 52
1031 931
596 496
533 433
413 313
910 810
238 138
778 678
434 334
223 123
1088 988
312 212
365 265
886 528
275 88
856 511
687 9
153 442
978 195
544 738
576 101
204 488
140 693
118 322
806 678
466 980
174 656
1092 260
715 678
921 402
802 121
479 354
548 520
534 945
802 556
976 158
140 777
290 765
1012 276
740 474
239 453
793 498
296 879
810 816
318 70
720 663
844 669
704 956
991 789
997 54
901 399
283 971
1086 449
277 69
478 990
143 108
457 703
272 978
575 434
624 68
575 473
458 623
162 235
577 130
323 981
499 599
395 841
1083 603
857 687
945 118
991 887
174 916
172 304
1005 572
724 332
349 234
942 470
295 906
665 292
363 660
603 882
162 331
160 868
748 322
579 721
1051 204
1050 761
1015 102
288 252
203 392
160 359
141 810
366 835
943 495
1095 891
193 314
150 723
664 755
604 643
658 807
507 918
956 69
133 119
292 556
506 917
855 335
591 951
1094 382
811 550
567 828
386 304
459 996
188 753
405 236
280 837
126 113
620 83
779 499
1001 402
119 134
591 66
530 704
855 402
600 208
804 718
651 505
609 5
493 677
1012 515
537 63
178 695
482 944
120 804
346 520
765 603
704 282
478 259
606 21
197 626
929 315
366 240
276 530
215 356
488 603
247 527
375 862
639 833
760 749
903 336
825 163
784 156
754 771
1057 519
723 287
301 952
850 328
128 513
679 837
155 18
1004 423
498 753
1036 968
286 695
410 13
152 101
380 82
1056 920
733 539
385 296
828 247
568 962
405 878
703 990
625 42
729 588
203 728
264 717
1088 129
223 120
838 847
144 657
991 642
967 405
714 810
767 107
845 625
1094 662
956 603
832 715
713 404
332 838
410 219
372 752
424 171
527 280
336 994
975 78
1067 910
299 350
165 97
560 157
1032 368
995 841
705 911
159 91
623 793
254 154
878 32
187 715
1009 395
571 957
991 493
707 831
1003 388
509 432
469 525
1092 497
900 380
1039 380
490 85
938 120
1060 65
993 105
907 112
272 443
418 75
820 791
1018 380
274 729
937 541
1075 716
900 27
233 54
897 223
399 506
749 914
535 420
520 297
911 652
455 504
849 61
760 887
779 83
333 729
734 504
359 969
178 273
145 802
384 152
308 578
1017 81
418 532
920 876
936 31
910 516
1058 343
665 564
927 493
964 3
695 400
719 13
597 12
819 789
1002 607
704 331
135 314
1005 376
794 981
547 583
899 941
717 54
593 441
407 977
1039 528
943 955
357 271
570 948
241 543
474 165
781 573
984 143
125 343
614 712
611 643
859 243
847 362
683 975
279 395
906 300
857 272
496 441
188 193
1065 92
681 948
188 617
718 840
710 905
374 280
1064 127
348 818
876 547
234 983
352 807
153 752
801 568
432 571
850 666
348 701
677 196
801 670
181 548
952 815
720 197
403 297
1015 849
223 257
1014 500
216 735
917 403
322 978
903 689
873 495
457 828
142 718
413 518
832 947
301 64
318 253
882 864
1070 448
487 869
554 895
399 556
812 602
481 317
508 492
877 95
130 385
972 845
188 547
894 135
725 314
576 141
594 985
1065 483
915 151
177 626
391 80
110 444
554 163
529 843
613 986
397 502
370 668
705 400
130 978
134 609
959 962
335 793
343 273
237 660
732 259
637 525
417 16
422 859
250 91
1086 883
812 482
1013 255
999 360
940 890
134 168
869 554
370 516
610 352
222 168
992 83
676 363
484 701
1048 890
761 200
947 467
252 157
691 567
281 38
739 702
636 4
648 429
1040 219
199 526
119 120
166 744
715 684
439 429
391 686
622 189
670 973
991 226
1001 213
137 886
159 563
580 687
599 501
884 551
325 839
403 871
886 329
992 611
1001 41
510 369
624 416
269 910
515 411
412 847
370 176
1061 406
800 646
624 581
496 954
424 195
911 568
921 326
248 815
481 486
504 451
287 792
732 588
723 443
882 146
589 327
1027 95
610 992
404 76
944 194
631 337
431 223
659 228
989 792
931 650
1062 424
958 723
511 472
902 221
640 281
218 744
1091 130
290 130
805 915
695 518
1093 844
1089 733
136 530
490 777
332 212
150 655
664 500
988 761
138 35
883 774
1006 391
633 410
837 719
556 847
979 540
702 140
867 855
872 784
144 948
169 358
543 310
450 654
1080 797
686 503
815 179
107 264
525 569
1023 684
294 371
345 474
872 729
399 732
735 183
864 363
322 603
679 384
616 801
113 19
296 823
1084 618
112 950
520 363
683 285
385 61
136 953
680 281
972 417
855 680
482 115
127 964
899 777
107 568
543 853
447 160
984 31
976 534
219 768
578 883
495 834
485 941
991 610
578 726
374 681
480 184
811 120
349 865
104 401
413 128
488 141
205 149
542 244
797 424
810 821
923 616
312 58
1017 440
1045 403
439 390
530 313
683 170
316 489
929 737
791 386
984 522
816 978
464 835
1009 196
1041 489
184 479
934 685
835 94
442 926
460 671
332 978
392 117
759 572
321 479
879 263
771 600
819 641
786 703
304 510
407 847
662 360
463 30
445 170
304 353
987 929
343 37
1059 165
919 302
595 398
346 535
521 91
996 544
504 748
386 156
935 962
769 149
986 819
651 131
845 192
355 720
574 869
571 67
664 716
229 5
496 748
360 212
895 90
804 51
1073 765
887 724
847 951
451 154
786 218
428 495
663 245
329 230
759 52
685 48
215 214
1079 106
973 853
294 574
832 837
557 464
323 203
1070 80
548 526
236 603
255 412
776 500
508 525
230 480
307 916
528 184
534 105
290 508
175 565
355 952
138 110
944 331
163 810
551 706
1039 306
860 715
653 135
1042 723
1043 761
835 66
1050 152
674 615
390 446
728 572
409 218
284 531
134 604
1095 142
952 134
613 785
840 204
390 279
233 798
511 706
976 461
980 889
458 46
419 204
583 21
262 221
527 419
742 710
533 668
478 978
607 379
1070 661
647 387
470 475
174 186
636 54
1075 688
859 475
758 570
1097 577
807 514
869 929
358 713
981 212
262 206
310 307
393 215
450 430
664 690
979 314
161 574
826 80
295 95
536 753
111 580
939 50
870 556
141 270
383 628
679 674
879 693
999 4
378 573
503 894
140 463
932 966
157 341
793 932
881 501
194 419
677 774
549 288
192 109
819 227
1050 665
1046 264
506 692
113 736
528 349
637 551
1016 217
395 567
254 351
925 861
405 380
829 529
481 239
823 983
1031 38
954 219
261 627
938 971
1011 550
1048 895
858 614
993 816
421 15
1058 998
1050 393
1073 767
225 222
171 225
277 510
778 886
643 691
1003 426
372 424
852 685
871 354
933 509
679 527
677 191
140 241
706 249
502 337
151 496
396 863
261 957
200 479
284 337
252 425
140 347
951 352
877 387
773 884
494 543
875 186
1079 592
803 395
536 88
547 787
250 383
1055 925
264 364
599 244
532 244
1078 890
448 422
437 245
663 358
958 706
501 10
221 3
942 792
1083 849
178 795
516 902
774 78
769 86
371 237
912 113
293 952
818 876
561 152
991 547
111 501
322 958
698 686
814 760
929 736
156 69
433 366
925 244
728 608
883 732
790 897
321 824
140 384
236 279
852 644
676 392
945 477
475 27
652 866
476 669
618 471
252 482
180 44
177 653
570 585
221 776
864 953
445 311
205 223
639 858
1035 128
899 420
607 378
236 267
227 200
497 716
888 832
336 407
1092 530
450 290
122 400
659 91
633 434
115 56
347 963
543 876
614 708
861 198
280 119
1048 31
772 87
197 542
580 97
771 640
659 529
398 494
470 784
510 89
532 303
733 117
298 284
871 39
683 270
524 911
208 530
835 668
970 20
535 312
788 629
1017 961
759 145
564 430
990 860
298 180
607 351
474 10
266 287
393 156
1027 570
819 856
586 721
1043 100
317 95
642 771
876 241
843 721
420 464
977 755
300 12
112 164
384 314
310 557
1018 876
1002 468
905 229
375 157
123 666
713 710
520 299
325 579
399 687
1080 764
181 398
354 789
1094 605
1082 104
240 486
376 697
232 527
284 984
895 950
317 156
469 382
1071 810
731 250
388 71
1011 367
973 130
966 643
947 83
124 270
427 688
510 308
269 448
565 657
977 576
530 722
175 958
347 893
1039 567
106 71
186 852
319 482
674 477
220 19
216 775
846 610
655 351
1073 714
1047 421
145 267
743 906
475 769
835 519
744 237
247 652
606 835
432 55
842 132
952 529
149 984
585 153
841 338
592 205
670 566
312 925
687 951
177 505
744 691
1023 410
979 914
961 979
462 916
150 586
625 931
422 813
401 564
682 532
1045 519
658 853
201 98
272 192
903 6
874 649
794 652
992 899
650 842
272 373
398 951
815 828
191 682
250 392
777 261
873 178
104 888
696 106
706 831
509 411
857 948
691 188
493 991
460 640
814 632
276 379
427 173
744 882
816 948
448 904
755 746
626 360
847 246
160 151
682 180
591 260
855 254
480 634
695 94
1023 167
1063 653
925 243
1063 80
440 4
822 948
912 335
676 684
1012 736
176 408
170 565
1034 153
441 415
843 557
1015 714
211 646
971 216
1000 534
980 981
562 980
227 312
428 568
807 101
784 505
1034 983
272 765
721 346
308 49
355 317
149 146
964 458
250 186
123 884
770 752
973 118
1097 338
