1000 2540
585 485
194 94
426 326
606 506
348 248
516 416
521 421
1092 992
422 322
749 649
895 795
337 237
143 43
557 457
945 845
915 815
1055 955
546 446
352 252
522 422
109 9
891 791
1001 901
459 359
222 122
767 667
194 94
698 598
838 738
107 7
674 574
644 544
815 715
434 334
982 882
866 766
467 367
1094 994
1084 984
993 893
399 299
733 633
533 433
231 131
782 682
528 428
172 72
800 700
974 874
717 617
238 138
974 874
956 856
820 720
245 145
519 419
1095 995
894 794
629 529
296 196
299 199
1097 997
377 277
216 116
197 97
1008 908
819 719
639 539
342 242
807 707
207 107
669 569
222 122
637 537
170 70
1031 931
198 98
826 726
700 600
587 487
745 645
872 772
367 267
613 513
1072 972
181 81
995 895
1043 943
313 213
158 58
848 748
403 303
587 487
864 764
1023 923
636 536
129 29
824 724
774 674
889 789
640 540
579 479
654 554
242 142
567 467
439 339
146 46
741 641
810 710
296 196
653 553
594 494
291 191
166 66
824 724
924 824
830 730
308 208
1088 988
811 711
190 90
900 800
440 340
414 314
649 549
389 289
296 196
501 401
965 865
566 466
778 678
789 689
670 570
933 833
1036 936
325 225
822 722
344 244
751 651
949 849
223 123
213 113
531 431
479 379
608 508
461 361
685 585
165 65
953 853
586 486
742 642
786 686
1092 992
386 286
825 725
989 889
386 286
124 24
912 812
591 491
959 859
991 891
763 663
190 90
188 88
281 181
279 179
314 214
287 187
117 17
719 619
572 472
361 261
518 418
946 846
519 419
292 192
456 356
361 261
782 682
614 514
406 306
986 886
301 201
630 530
485 385
949 849
1052 952
394 294
600 500
899 799
294 194
491 391
837 737
430 330
424 324
398 298
1092 992
890 790
324 224
375 275
360 260
926 826
197 97
172 72
310 210
966 866
749 649
1051 951
1019 919
848 748
163 63
785 685
1058 958
1056 956
904 804
664 564
618 518
283 183
528 428
500 400
637 537
821 721
446 346
307 207
253 153
423 323
1071 971
711 611
762 662
216 116
297 197
209 109
191 91
895 795
629 529
443 343
226 126
962 862
847 747
785 685
569 469
110 10
870 770
981 881
1034 934
1084 984
823 723
503 403
995 895
460 360
668 568
549 449
272 172
641 541
1058 958
372 272
483 383
977 877
408 308
459 359
1070 970
807 707
683 583
408 308
148 48
870 770
1030 930
130 30
669 569
308 208
103 3
411 311
120 20
200 100
709 609
1039 939
987 887
522 422
925 825
885 785
1030 930
470 370
1004 904
1089 989
341 241
1069 969
479 379
243 143
476 376
1072 972
1062 962
128 28
989 889
161 61
543 443
738 638
316 216
448 348
438 338
447 347
260 160
166 66
506 406
491 391
259 159
738 638
131 31
395 295
304 204
926 826
520 420
296 196
253 153
549 449
525 425
955 855
431 331
243 143
665 565
587 487
938 838
240 140
109 9
664 564
1018 918
715 615
633 533
235 135
332 232
664 564
1057 957
460 360
691 591
893 793
676 576
263 163
846 746
959 859
477 377
860 760
958 858
811 711
186 86
762 662
534 434
259 159
658 558
760 660
379 279
368 268
940 840
1048 948
835 735
415 315
674 574
776 676
226 126
441 341
1012 912
789 689
839 739
994 894
921 821
806 706
725 625
590 490
1017 917
578 478
301 201
771 671
1093 993
1032 932
249 149
999 899
152 52
337 237
859 759
287 187
367 267
572 472
356 256
872 772
883 783
198 98
217 117
1006 906
616 516
1011 911
280 180
735 635
125 25
325 225
480 380
923 823
812 712
264 164
366 266
443 343
316 216
832 732
548 448
602 502
641 541
840 740
764 664
676 576
1054 954
712 612
826 726
1002 902
872 772
554 454
631 531
511 411
1043 943
1073 973
850 750
803 703
427 327
950 850
1017 917
177 77
105 5
320 220
213 113
902 802
1013 913
503 403
891 791
281 181
1098 998
110 10
959 859
625 525
445 345
1019 919
531 431
768 668
775 675
627 527
933 833
562 462
538 438
391 291
623 523
705 605
1016 916
557 457
520 420
505 405
215 115
517 417
760 660
379 279
361 261
785 685
872 772
696 596
488 388
407 307
864 764
324 224
943 843
422 322
306 206
940 840
507 407
1075 975
739 639
501 401
952 852
191 91
642 542
427 327
160 60
430 330
857 757
282 182
182 82
703 603
737 637
893 793
193 93
715 615
714 614
833 733
236 136
964 864
287 187
116 16
202 102
963 863
1072 972
1087 987
263 163
406 306
601 501
134 34
577 477
940 840
592 492
800 700
221 121
806 706
180 80
887 787
238 138
205 105
760 660
934 834
329 229
898 798
927 827
410 310
548 448
709 609
330 230
790 690
932 832
661 561
589 489
679 579
686 586
160 60
391 291
488 388
765 665
409 309
760 660
507 407
802 702
300 200
253 153
413 313
706 606
1070 970
223 123
133 33
353 253
373 273
809 709
377 277
932 832
1097 997
208 108
140 40
988 888
327 227
581 481
960 860
383 283
1040 940
958 858
708 608
384 284
1090 990
811 711
690 590
950 850
906 806
339 239
152 52
1043 943
901 801
295 195
864 764
195 95
810 710
510 410
486 386
764 664
693 593
1000 900
150 50
212 112
594 494
1063 963
256 156
854 754
1036 936
558 458
1065 965
119 19
186 86
325 225
823 723
669 569
284 184
197 97
968 868
294 194
440 340
854 754
512 412
702 602
587 487
161 61
309 209
795 695
446 346
447 347
960 860
819 719
407 307
200 100
195 95
197 97
921 821
943 843
1041 941
845 745
921 821
386 286
687 587
592 492
301 201
216 116
765 665
631 531
627 527
524 424
912 812
353 253
524 424
526 426
559 459
513 413
443 343
1080 980
936 836
391 291
606 506
933 833
279 179
586 486
1016 916
109 9
530 430
675 575
696 596
1022 922
908 808
245 145
369 269
997 897
612 512
504 404
911 811
842 742
785 685
828 728
667 567
369 269
876 776
203 103
955 855
845 745
818 718
135 35
953 853
879 779
197 97
171 71
246 146
180 80
846 746
942 842
115 15
228 128
1065 965
1041 941
612 512
327 227
580 480
130 30
1058 958
442 342
765 665
705 605
291 191
631 531
1064 964
464 364
615 515
459 359
706 606
967 867
922 822
920 820
636 536
413 313
793 693
307 207
119 19
1011 911
435 335
408 308
201 101
530 430
1022 922
785 685
394 294
741 641
1010 910
213 113
510 410
241 141
350 250
790 690
646 546
800 700
829 729
659 559
709 609
581 481
820 720
603 503
1076 976
866 766
859 759
107 7
898 798
982 882
174 74
959 859
748 648
282 182
399 299
525 425
885 785
642 542
946 846
783 683
490 390
953 853
997 897
1038 938
516 416
189 89
937 837
724 624
347 247
281 181
393 293
978 878
244 144
1033 933
1038 938
680 580
567 467
352 252
580 480
307 207
1055 955
758 658
765 665
120 20
126 26
1054 954
664 564
447 347
549 449
859 759
126 26
546 446
621 521
114 14
401 301
757 657
421 321
810 710
713 613
1080 980
488 388
288 188
979 879
736 636
1090 990
303 203
288 188
532 432
1063 963
229 129
920 820
730 630
400 300
609 509
922 822
337 237
355 255
473 373
377 277
938 838
253 153
495 395
500 400
792 692
327 227
203 103
618 518
318 218
547 447
484 384
415 315
1031 931
913 813
496 396
424 324
489 389
602 502
740 640
399 299
387 287
880 780
397 297
476 376
1077 977
616 516
612 512
312 212
319 219
429 329
655 555
910 810
498 398
586 486
389 289
585 485
898 798
516 416
698 598
1052 952
149 49
994 894
672 572
458 358
797 697
121 21
870 770
747 647
825 725
144 44
642 542
783 683
314 214
461 361
987 887
914 814
145 45
331 231
194 94
108 8
382 282
265 165
182 82
596 496
419 319
799 699
726 626
952 852
246 146
559 459
641 541
635 535
974 874
414 314
825 725
1044 944
877 777
406 306
654 554
559 459
308 208
737 637
887 787
547 447
1076 976
508 408
1012 912
207 107
544 444
1062 962
103 3
665 565
401 301
507 407
264 164
957 857
537 437
417 317
752 652
198 98
864 764
918 818
141 41
700 600
837 737
388 288
276 176
1002 902
236 136
667 567
228 128
290 190
494 394
849 749
335 235
1008 908
142 42
376 276
924 824
848 748
784 684
692 592
1079 979
493 393
668 568
463 363
467 367
263 163
152 52
1083 983
742 642
279 179
435 335
116 16
226 126
578 478
230 130
359 259
683 583
968 868
229 129
395 295
852 752
696 596
267 167
171 71
956 856
722 622
740 640
964 864
870 770
744 644
531 431
105 5
295 195
465 365
548 448
529 429
801 701
164 64
1052 952
954 854
980 880
870 770
268 168
188 88
179 79
257 157
1061 961
468 368
572 472
521 421
317 217
819 719
809 709
371 271
247 147
1075 975
396 296
916 816
1009 909
1062 962
864 764
635 535
351 251
538 438
978 878
796 696
853 753
981 881
670 570
418 318
353 253
145 45
766 666
152 52
1031 931
596 496
533 433
413 313
910 810
238 138
778 678
434 334
223 123
1088 988
312 212
125 6
324 307
167 683
641 634
226 417
241 166
344 463
557 354
319 70
394 788
677 974
557 907
323 573
730 703
545 991
338 535
383 382
1040 139
973 754
662 156
133 905
673 380
960 423
726 260
881 144
403 25
931 585
930 487
387 245
861 911
680 651
884 870
443 395
109 977
149 867
317 378
1065 639
1005 130
948 673
136 773
1031 684
517 214
1061 466
346 883
548 482
911 269
776 248
280 558
730 136
1043 908
575 140
313 825
546 589
835 586
338 93
271 308
736 128
403 203
483 749
673 65
274 379
390 861
645 704
148 743
611 216
207 477
271 17
995 115
640 183
660 822
788 777
846 181
705 225
509 235
718 886
444 579
419 712
764 416
359 96
771 674
876 901
523 813
902 421
1012 65
873 135
640 65
1024 845
418 147
921 145
1004 743
962 568
452 17
1022 613
857 469
1018 848
636 62
947 690
832 709
926 587
356 99
402 192
959 526
136 619
856 513
783 581
863 205
481 111
745 943
1054 143
664 281
186 891
268 826
921 616
393 778
378 89
220 156
400 377
902 840
1022 141
883 991
526 517
263 789
792 352
559 503
164 28
786 951
1007 203
517 119
1035 123
519 545
676 24
164 574
575 533
921 289
859 278
558 12
498 724
932 169
459 519
972 686
943 285
286 805
745 121
1074 106
291 393
927 654
236 511
769 388
1023 705
539 637
760 602
237 807
707 341
493 198
555 842
257 806
261 782
748 951
244 890
443 911
1076 420
837 123
970 334
970 77
958 279
714 710
552 317
665 960
656 108
705 442
393 944
492 226
932 645
955 685
240 707
722 452
611 670
1065 427
791 598
950 822
588 231
181 450
327 937
275 496
1042 737
115 675
470 60
196 701
262 874
190 271
188 380
549 80
901 536
988 188
1036 864
554 143
422 790
349 973
546 166
492 677
368 300
121 461
975 471
937 285
553 549
757 58
208 203
662 512
1003 255
954 83
908 849
456 497
252 443
626 279
430 742
658 779
561 354
174 744
363 75
444 570
526 881
993 227
986 185
153 980
753 524
190 737
232 787
287 466
167 143
999 76
144 817
901 973
1094 650
988 827
543 892
234 216
205 793
162 514
133 830
218 124
744 959
925 677
851 969
1058 40
569 21
802 687
923 632
910 326
1055 998
459 143
898 662
846 561
255 55
967 775
612 495
152 396
729 41
772 483
891 122
208 163
838 353
156 709
659 142
626 418
513 83
180 144
386 421
617 802
259 19
309 326
824 34
618 875
765 890
828 841
800 359
585 915
488 81
441 856
898 417
420 116
975 987
550 44
265 102
183 685
446 68
782 917
557 862
786 701
232 232
249 961
129 367
635 483
970 128
864 230
953 736
491 559
107 100
965 293
584 389
148 47
1013 906
665 422
389 860
597 85
268 926
1092 276
482 625
927 348
364 252
883 109
375 429
636 938
254 141
757 885
474 132
800 351
152 360
181 845
1073 674
906 290
952 582
775 291
1018 259
823 275
1033 155
213 711
699 94
564 868
491 103
249 198
663 89
550 802
910 228
274 565
564 18
385 792
702 859
813 952
1092 779
830 148
859 911
970 541
1055 269
255 682
472 551
632 32
738 806
868 714
925 280
812 893
1026 449
463 376
825 728
534 400
336 229
329 629
513 145
904 280
829 740
496 170
440 165
408 436
603 654
195 11
782 559
794 923
230 983
569 497
766 180
739 543
743 468
824 53
654 941
707 584
711 335
626 440
258 223
796 190
238 812
240 42
888 325
318 501
869 386
344 830
852 205
541 192
874 604
977 444
1080 24
272 736
920 930
882 622
531 852
855 100
151 304
863 611
180 331
780 347
335 913
460 864
766 612
279 735
108 786
1073 716
298 817
1092 462
959 364
223 380
190 657
158 572
746 372
206 684
609 576
155 145
662 74
1080 912
217 739
517 991
1090 930
604 735
472 586
124 849
252 907
1080 753
452 968
707 594
807 35
210 666
983 45
447 411
572 948
154 204
956 333
341 829
421 403
405 89
458 730
475 234
960 853
580 817
673 991
666 782
504 440
474 512
311 254
1016 656
127 280
690 425
822 120
196 594
286 791
1036 739
253 12
468 514
302 342
200 802
480 768
443 150
169 616
238 44
712 312
475 698
498 367
936 271
733 719
896 551
1053 686
662 390
967 31
697 941
864 110
391 893
431 673
1086 633
974 610
290 968
142 189
642 578
606 968
525 430
138 278
669 753
586 812
142 319
887 327
1009 285
777 145
768 336
826 292
1081 964
756 925
358 688
299 208
354 441
1054 749
209 63
869 525
1085 212
454 66
551 621
802 563
455 832
489 525
186 87
428 513
147 427
893 778
924 474
844 752
694 765
296 620
882 76
1017 96
459 237
114 217
669 507
584 982
630 79
368 461
509 52
950 960
463 251
332 997
819 815
380 448
1008 421
286 263
1030 673
1046 566
913 138
222 16
720 550
1087 421
128 756
848 126
811 288
138 368
401 504
444 583
714 893
927 165
939 688
470 981
875 321
805 752
452 763
380 534
593 616
442 692
829 190
517 854
953 363
406 350
367 620
861 498
917 37
635 828
792 654
461 357
621 975
446 899
910 418
435 238
914 659
266 841
789 284
902 438
347 586
323 7
406 307
834 390
752 596
663 588
456 450
243 923
249 600
176 101
1009 688
754 177
989 156
546 925
281 68
1066 783
903 703
620 715
948 357
964 212
481 23
162 802
1084 578
871 425
609 133
159 63
214 825
827 498
1048 661
699 909
583 422
469 23
1059 979
367 31
757 221
610 628
471 900
716 674
979 710
133 204
182 628
513 724
528 623
484 416
274 74
953 954
886 388
646 25
952 703
157 652
698 736
721 898
531 772
509 83
510 297
323 854
1066 942
345 280
186 206
695 777
960 602
403 405
772 303
867 419
914 211
217 432
167 309
282 839
703 487
206 542
352 247
833 106
1074 332
925 401
447 41
472 394
1093 843
826 572
924 594
594 648
563 626
698 992
187 170
649 221
1000 559
945 777
678 646
212 191
431 21
1089 335
630 682
372 732
498 417
548 444
440 346
1057 839
939 648
308 136
233 122
635 581
733 931
470 696
977 335
385 947
752 743
746 576
260 638
154 351
552 821
806 578
931 854
476 303
1027 841
829 857
576 792
612 777
545 639
103 444
693 167
652 63
683 249
811 804
665 871
532 959
483 259
459 299
391 971
640 570
1045 22
151 952
131 190
368 72
182 847
110 754
945 207
230 58
271 902
1085 552
299 615
340 157
950 966
185 444
905 641
572 179
334 520
298 890
704 770
822 857
533 850
865 956
326 669
183 656
1068 305
973 709
1087 421
631 87
461 278
1082 813
156 503
277 241
127 761
120 804
958 41
736 879
187 939
703 843
1075 322
427 248
586 340
543 41
129 255
871 416
549 659
750 363
140 427
651 584
1062 821
934 775
746 838
660 21
764 409
415 463
273 454
447 369
1043 907
994 759
535 369
981 72
220 526
643 581
126 621
785 350
1045 888
567 958
412 735
367 662
885 953
364 481
815 850
794 334
194 127
452 93
972 270
443 691
879 174
196 415
910 913
320 677
249 960
222 161
933 744
190 592
459 659
977 781
410 945
354 738
366 635
850 496
1031 479
963 545
632 300
898 947
687 648
947 254
110 14
768 380
649 132
956 805
304 599
208 303
510 547
558 141
805 251
290 193
882 409
383 776
594 696
562 681
1002 19
501 185
637 677
305 992
706 242
514 581
776 184
850 497
837 387
967 298
136 639
509 626
789 63
722 712
581 360
214 727
792 582
675 356
775 840
212 716
299 215
675 775
853 20
915 819
458 586
654 579
932 219
118 684
981 611
251 858
617 807
851 567
960 914
744 140
749 803
790 415
719 464
1083 894
970 131
832 51
795 427
356 429
637 375
955 986
1090 935
566 44
666 724
106 277
291 829
444 592
341 42
865 936
920 216
797 202
648 244
370 525
1089 951
231 673
923 987
1008 743
299 27
853 160
835 659
283 753
161 478
1022 573
182 115
166 53
698 605
246 573
306 497
348 212
202 193
366 355
1032 859
987 440
316 561
411 253
128 628
919 845
869 425
790 225
956 555
389 542
118 530
292 945
577 284
658 12
1092 607
835 346
395 247
152 869
127 474
1008 267
196 758
447 853
1079 102
992 262
500 438
865 65
594 884
895 971
137 720
278 438
133 398
978 462
1008 870
657 453
518 940
314 358
1060 562
917 161
750 514
246 472
851 525
853 989
408 732
809 144
582 975
635 884
942 181
651 153
944 705
980 630
761 663
595 508
193 993
894 544
631 383
334 896
1044 67
1060 825
777 548
338 706
596 988
802 52
1064 753
424 281
520 413
986 304
952 477
293 843
966 566
205 772
528 975
355 478
435 427
1051 870
638 206
940 424
741 886
728 178
993 576
787 736
387 31
864 592
507 330
775 362
516 270
627 850
687 927
221 429
426 48
276 979
849 22
590 765
407 103
1032 792
1010 346
291 512
863 541
374 307
658 874
514 956
650 383
698 551
1056 605
580 369
303 959
245 219
625 183
420 291
1004 113
522 219
478 863
950 236
359 120
241 50
702 460
356 831
1049 331
637 566
491 245
628 569
888 121
