2000 2355
585 485
194 94
426 326
606 506
348 248
516 416
521 421
1092 992
422 322
749 649
895 795
337 237
143 43
557 457
945 845
915 815
1055 955
546 446
352 252
522 422
109 9
891 791
1001 901
459 359
222 122
767 667
194 94
698 598
838 738
107 7
674 574
644 544
815 715
434 334
982 882
866 766
467 367
1094 994
1084 984
993 893
399 299
733 633
533 433
231 131
782 682
528 428
172 72
800 700
974 874
717 617
238 138
974 874
956 856
820 720
245 145
519 419
1095 995
894 794
629 529
296 196
299 199
1097 997
377 277
216 116
197 97
1008 908
819 719
639 539
342 242
807 707
207 107
669 569
222 122
637 537
170 70
1031 931
198 98
826 726
700 600
587 487
745 645
872 772
367 267
613 513
1072 972
181 81
995 895
1043 943
313 213
158 58
848 748
403 303
587 487
864 764
1023 923
636 536
129 29
824 724
774 674
889 789
640 540
579 479
654 554
242 142
567 467
439 339
146 46
741 641
810 710
296 196
653 553
594 494
291 191
166 66
824 724
924 824
830 730
308 208
1088 988
811 711
190 90
900 800
440 340
414 314
649 549
389 289
296 196
501 401
965 865
566 466
778 678
789 689
670 570
933 833
1036 936
325 225
822 722
344 244
751 651
949 849
223 123
213 113
531 431
479 379
608 508
461 361
685 585
165 65
953 853
586 486
742 642
786 686
1092 992
386 286
825 725
989 889
386 286
124 24
912 812
591 491
959 859
991 891
763 663
190 90
188 88
281 181
279 179
314 214
287 187
117 17
719 619
572 472
361 261
518 418
946 846
519 419
292 192
456 356
361 261
782 682
614 514
406 306
986 886
301 201
630 530
485 385
949 849
1052 952
394 294
600 500
899 799
294 194
491 391
837 737
430 330
424 324
398 298
1092 992
890 790
324 224
375 275
360 260
926 826
197 97
172 72
310 210
966 866
749 649
1051 951
1019 919
848 748
163 63
785 685
1058 958
1056 956
904 804
664 564
618 518
283 183
528 428
500 400
637 537
821 721
446 346
307 207
253 153
423 323
1071 971
711 611
762 662
216 116
297 197
209 109
191 91
895 795
629 529
443 343
226 126
962 862
847 747
785 685
569 469
110 10
870 770
981 881
1034 934
1084 984
823 723
503 403
995 895
460 360
668 568
549 449
272 172
641 541
1058 958
372 272
483 383
977 877
408 308
459 359
1070 970
807 707
683 583
408 308
148 48
870 770
1030 930
130 30
669 569
308 208
103 3
411 311
120 20
200 100
709 609
1039 939
987 887
522 422
925 825
885 785
1030 930
470 370
1004 904
1089 989
341 241
1069 969
479 379
243 143
476 376
1072 972
1062 962
128 28
989 889
161 61
543 443
738 638
316 216
448 348
438 338
447 347
260 160
166 66
506 406
491 391
259 159
738 638
131 31
395 295
304 204
926 826
520 420
296 196
253 153
549 449
525 425
955 855
431 331
243 143
665 565
587 487
938 838
240 140
109 9
664 564
1018 918
715 615
633 533
235 135
332 232
664 564
1057 957
460 360
691 591
893 793
676 576
263 163
846 746
959 859
477 377
860 760
958 858
811 711
186 86
762 662
534 434
259 159
658 558
760 660
379 279
368 268
940 840
1048 948
835 735
415 315
674 574
776 676
226 126
441 341
1012 912
789 689
839 739
994 894
921 821
806 706
725 625
590 490
1017 917
578 478
301 201
771 671
1093 993
1032 932
249 149
999 899
152 52
337 237
859 759
287 187
367 267
572 472
356 256
872 772
883 783
198 98
217 117
1006 906
616 516
1011 911
280 180
735 635
125 25
325 225
480 380
923 823
812 712
264 164
366 266
443 343
316 216
832 732
548 448
602 502
641 541
840 740
764 664
676 576
1054 954
712 612
826 726
1002 902
872 772
554 454
631 531
511 411
1043 943
1073 973
850 750
803 703
427 327
950 850
1017 917
177 77
105 5
320 220
213 113
902 802
1013 913
503 403
891 791
281 181
1098 998
110 10
959 859
625 525
445 345
1019 919
531 431
768 668
775 675
627 527
933 833
562 462
538 438
391 291
623 523
705 605
1016 916
557 457
520 420
505 405
215 115
517 417
760 660
379 279
361 261
785 685
872 772
696 596
488 388
407 307
864 764
324 224
943 843
422 322
306 206
940 840
507 407
1075 975
739 639
501 401
952 852
191 91
642 542
427 327
160 60
430 330
857 757
282 182
182 82
703 603
737 637
893 793
193 93
715 615
714 614
833 733
236 136
964 864
287 187
116 16
202 102
963 863
1072 972
1087 987
263 163
406 306
601 501
134 34
577 477
940 840
592 492
800 700
221 121
806 706
180 80
887 787
238 138
205 105
760 660
934 834
329 229
898 798
927 827
410 310
548 448
709 609
330 230
790 690
932 832
661 561
589 489
679 579
686 586
160 60
391 291
488 388
765 665
409 309
760 660
507 407
802 702
300 200
253 153
413 313
706 606
1070 970
223 123
133 33
353 253
373 273
809 709
377 277
932 832
1097 997
208 108
140 40
988 888
327 227
581 481
960 860
383 283
1040 940
958 858
708 608
384 284
1090 990
811 711
690 590
950 850
906 806
339 239
152 52
1043 943
901 801
295 195
864 764
195 95
810 710
510 410
486 386
764 664
693 593
1000 900
150 50
212 112
594 494
1063 963
256 156
854 754
1036 936
558 458
1065 965
119 19
186 86
325 225
823 723
669 569
284 184
197 97
968 868
294 194
440 340
854 754
512 412
702 602
587 487
161 61
309 209
795 695
446 346
447 347
960 860
819 719
407 307
200 100
195 95
197 97
921 821
943 843
1041 941
845 745
921 821
386 286
687 587
592 492
301 201
216 116
765 665
631 531
627 527
524 424
912 812
353 253
524 424
526 426
559 459
513 413
443 343
1080 980
936 836
391 291
606 506
933 833
279 179
586 486
1016 916
109 9
530 430
675 575
696 596
1022 922
908 808
245 145
369 269
997 897
612 512
504 404
911 811
842 742
785 685
828 728
667 567
369 269
876 776
203 103
955 855
845 745
818 718
135 35
953 853
879 779
197 97
171 71
246 146
180 80
846 746
942 842
115 15
228 128
1065 965
1041 941
612 512
327 227
580 480
130 30
1058 958
442 342
765 665
705 605
291 191
631 531
1064 964
464 364
615 515
459 359
706 606
967 867
922 822
920 820
636 536
413 313
793 693
307 207
119 19
1011 911
435 335
408 308
201 101
530 430
1022 922
785 685
394 294
741 641
1010 910
213 113
510 410
241 141
350 250
790 690
646 546
800 700
829 729
659 559
709 609
581 481
820 720
603 503
1076 976
866 766
859 759
107 7
898 798
982 882
174 74
959 859
748 648
282 182
399 299
525 425
885 785
642 542
946 846
783 683
490 390
953 853
997 897
1038 938
516 416
189 89
937 837
724 624
347 247
281 181
393 293
978 878
244 144
1033 933
1038 938
680 580
567 467
352 252
580 480
307 207
1055 955
758 658
765 665
120 20
126 26
1054 954
664 564
447 347
549 449
859 759
126 26
546 446
621 521
114 14
401 301
757 657
421 321
810 710
713 613
1080 980
488 388
288 188
979 879
736 636
1090 990
303 203
288 188
532 432
1063 963
229 129
920 820
730 630
400 300
609 509
922 822
337 237
355 255
473 373
377 277
938 838
253 153
495 395
500 400
792 692
327 227
203 103
618 518
318 218
547 447
484 384
415 315
1031 931
913 813
496 396
424 324
489 389
602 502
740 640
399 299
387 287
880 780
397 297
476 376
1077 977
616 516
612 512
312 212
319 219
429 329
655 555
910 810
498 398
586 486
389 289
585 485
898 798
516 416
698 598
1052 952
149 49
994 894
672 572
458 358
797 697
121 21
870 770
747 647
825 725
144 44
642 542
783 683
314 214
461 361
987 887
914 814
145 45
331 231
194 94
108 8
382 282
265 165
182 82
596 496
419 319
799 699
726 626
952 852
246 146
559 459
641 541
635 535
974 874
414 314
825 725
1044 944
877 777
406 306
654 554
559 459
308 208
737 637
887 787
547 447
1076 976
508 408
1012 912
207 107
544 444
1062 962
103 3
665 565
401 301
507 407
264 164
957 857
537 437
417 317
752 652
198 98
864 764
918 818
141 41
700 600
837 737
388 288
276 176
1002 902
236 136
667 567
228 128
290 190
494 394
849 749
335 235
1008 908
142 42
376 276
924 824
848 748
784 684
692 592
1079 979
493 393
668 568
463 363
467 367
263 163
152 52
1083 983
742 642
279 179
435 335
116 16
226 126
578 478
230 130
359 259
683 583
968 868
229 129
395 295
852 752
696 596
267 167
171 71
956 856
722 622
740 640
964 864
870 770
744 644
531 431
105 5
295 195
465 365
548 448
529 429
801 701
164 64
1052 952
954 854
980 880
870 770
268 168
188 88
179 79
257 157
1061 961
468 368
572 472
521 421
317 217
819 719
809 709
371 271
247 147
1075 975
396 296
916 816
1009 909
1062 962
864 764
635 535
351 251
538 438
978 878
796 696
853 753
981 881
670 570
418 318
353 253
145 45
766 666
152 52
1031 931
596 496
533 433
413 313
910 810
238 138
778 678
434 334
223 123
1088 988
312 212
608 508
166 66
870 770
306 206
851 751
850 750
880 780
164 64
541 441
566 466
307 207
437 337
616 516
610 510
774 674
896 796
508 408
275 175
1020 920
537 437
673 573
1038 938
734 634
948 848
978 878
661 561
1090 990
818 718
926 826
1048 948
796 696
749 649
900 800
669 569
511 411
763 663
522 422
682 582
807 707
943 843
434 334
302 202
1086 986
802 702
594 494
679 579
250 150
825 725
662 562
903 803
480 380
440 340
932 832
256 156
1079 979
932 832
476 376
702 602
611 511
334 234
514 414
788 688
260 160
284 184
1082 982
1078 978
338 238
513 413
590 490
733 633
999 899
685 585
351 251
706 606
626 526
1063 963
997 897
450 350
139 39
342 242
757 657
639 539
552 452
839 739
638 538
367 267
931 831
265 165
560 460
277 177
285 185
820 720
1034 934
902 802
540 440
744 644
590 490
182 82
268 168
898 798
171 71
297 197
1077 977
273 173
558 458
181 81
304 204
335 235
903 803
212 112
239 139
203 103
499 399
368 268
520 420
979 879
1091 991
743 643
678 578
206 106
1072 972
222 122
277 177
544 444
498 398
362 262
448 348
791 691
596 496
1097 997
376 276
546 446
925 825
271 171
714 614
649 549
221 121
381 281
830 730
311 211
441 341
212 112
384 284
508 408
798 698
830 730
117 17
463 363
646 546
189 89
772 672
705 605
1074 974
1038 938
966 866
268 168
477 377
805 705
659 559
147 47
440 340
500 400
627 527
315 215
879 779
214 114
861 761
151 51
583 483
981 881
192 92
649 549
490 390
779 679
683 583
428 328
761 661
350 250
491 391
303 203
436 336
581 481
761 661
852 752
225 125
807 707
189 89
182 82
375 275
163 63
459 359
760 660
278 178
121 21
880 780
387 287
142 42
319 219
105 5
600 500
480 380
920 820
872 772
195 95
916 816
144 44
109 9
848 748
584 484
778 678
645 545
376 276
689 589
578 478
257 157
763 663
1001 901
694 594
877 777
857 757
174 74
1047 947
347 247
548 448
155 55
670 570
579 479
413 313
885 785
1081 981
1058 958
895 795
780 680
652 552
493 393
489 389
1044 944
380 280
696 596
964 864
719 619
736 636
711 611
612 512
952 852
992 892
383 283
284 184
399 299
1047 947
866 766
714 614
412 312
725 625
926 826
249 149
826 726
477 377
833 733
574 474
905 805
118 18
779 679
762 662
503 403
516 416
1064 964
101 1
437 337
630 530
641 541
852 752
578 478
122 22
469 369
1081 981
1046 946
877 777
921 821
1057 957
933 833
375 275
937 837
684 584
590 490
682 582
137 37
221 121
694 594
1051 951
229 129
768 668
358 258
218 118
346 246
419 319
462 362
996 896
855 755
621 521
604 504
1048 948
171 71
348 248
277 177
574 474
276 176
451 351
903 803
154 54
337 237
255 155
777 677
760 660
133 33
971 871
215 115
586 486
697 597
394 294
869 769
525 425
636 536
345 245
1056 956
482 382
441 341
471 371
284 184
808 708
334 234
644 544
669 569
894 794
316 216
487 387
637 537
838 738
184 84
620 520
910 810
381 281
757 657
602 502
133 33
191 91
259 159
603 503
620 520
1024 924
768 668
116 16
387 287
133 33
329 229
444 344
474 374
449 349
574 474
706 606
772 672
996 896
1015 915
695 595
611 511
541 441
223 123
202 102
669 569
152 52
299 199
754 654
496 396
810 710
815 715
534 434
159 59
345 245
710 610
136 36
1017 917
761 661
1027 927
513 413
370 270
113 13
217 117
470 370
616 516
500 400
315 215
295 195
316 216
1084 984
337 237
576 476
715 615
264 164
599 499
505 405
577 477
774 674
860 760
296 196
385 285
708 608
156 56
1007 907
1066 966
632 532
722 622
151 51
321 221
816 716
294 194
427 327
191 91
980 880
447 347
810 710
352 252
367 267
573 473
500 400
616 516
476 376
485 385
709 609
457 357
420 320
1058 958
296 196
765 665
638 538
892 792
1035 935
164 64
504 404
520 420
200 100
771 671
226 126
1068 968
955 855
977 877
194 94
277 177
831 731
623 523
353 253
239 139
108 8
252 152
493 393
832 732
643 543
346 246
448 348
665 565
418 318
840 740
589 489
1002 902
122 22
117 17
1098 998
1073 973
149 49
398 298
481 381
711 611
110 10
132 32
529 429
111 11
321 221
437 337
250 150
236 136
817 717
989 889
630 530
622 522
432 332
905 805
1042 942
128 28
665 565
1031 931
316 216
857 757
161 61
709 609
270 170
644 544
972 872
1005 905
744 644
695 595
308 208
346 246
780 680
213 113
797 697
275 175
739 639
256 156
779 679
344 244
1061 961
983 883
461 361
365 265
902 802
983 883
459 359
562 462
939 839
585 485
818 718
372 272
380 280
304 204
352 252
1084 984
380 280
509 409
202 102
498 398
715 615
1009 909
396 296
470 370
581 481
982 882
1056 956
314 214
330 230
866 766
359 259
135 35
1022 922
521 421
806 706
371 271
372 272
470 370
256 156
948 848
652 552
150 50
585 485
1076 976
636 536
370 270
170 70
896 796
1002 902
1063 963
552 452
479 379
135 35
1091 991
1047 947
651 551
478 378
997 897
157 57
407 307
452 352
521 421
769 669
174 74
802 702
488 388
241 141
659 559
558 458
1080 980
563 463
715 615
856 756
781 681
987 887
331 231
432 332
307 207
628 528
918 818
756 656
431 331
354 254
1079 979
887 787
545 445
595 495
448 348
470 370
824 724
110 10
501 401
300 200
746 646
427 327
768 668
117 17
342 242
474 374
402 302
855 755
961 861
1080 980
930 830
476 376
177 77
108 8
541 441
132 32
689 589
560 460
1090 990
904 804
289 189
123 23
968 868
969 869
1096 996
1043 943
463 363
815 715
337 237
728 628
520 420
173 73
665 565
299 199
314 214
138 38
433 333
309 209
826 726
427 327
275 175
1012 912
158 58
899 799
725 625
472 372
166 66
1076 976
269 169
220 120
575 475
767 667
304 204
288 188
190 90
128 28
596 496
804 704
101 1
749 649
574 474
846 746
549 449
797 697
352 252
812 712
432 332
389 289
387 287
725 625
289 189
1053 953
989 889
562 462
163 63
402 302
478 378
179 79
306 206
141 41
997 897
923 823
330 230
1008 908
482 382
765 665
675 575
136 36
160 60
832 732
629 529
909 809
577 477
166 66
390 290
391 291
189 89
691 591
1061 961
683 583
561 461
352 252
802 702
579 479
632 532
630 530
780 680
324 224
153 53
888 788
742 642
409 309
1100 1000
466 366
991 891
452 352
922 822
502 402
252 152
645 545
424 324
213 113
733 633
1067 967
367 267
554 454
481 381
823 723
372 272
114 14
606 506
120 20
519 419
408 308
561 461
744 644
626 526
813 713
1078 978
582 482
568 468
436 336
829 729
389 289
895 795
596 496
681 581
426 326
483 383
630 530
326 226
267 167
521 421
622 522
486 386
930 830
373 273
191 91
584 484
216 116
776 676
847 747
207 107
495 395
329 229
1058 958
1002 902
856 756
1062 962
362 262
205 105
803 703
184 84
611 511
1091 991
581 481
801 701
549 449
789 689
988 888
755 655
699 599
700 600
406 306
638 538
592 492
599 499
903 803
981 881
545 445
1081 981
416 316
573 473
989 889
483 383
885 785
779 679
865 765
673 573
591 491
689 589
689 589
580 480
224 124
245 145
841 741
724 624
998 898
1023 923
825 725
1015 915
782 682
332 232
231 131
1074 974
498 398
835 735
1006 906
778 678
853 753
740 640
412 312
744 644
890 790
312 212
401 301
223 123
1045 945
353 253
547 447
1043 943
297 197
118 18
127 27
1016 916
673 573
427 327
689 589
740 640
1034 934
715 615
309 209
570 470
629 529
755 655
999 899
388 288
115 15
501 401
692 592
940 840
192 92
733 633
675 575
807 707
914 814
524 424
454 354
782 682
227 127
294 194
474 374
955 855
666 566
290 190
694 594
828 728
1073 973
278 178
745 645
375 275
703 603
188 88
812 712
467 367
132 32
644 544
398 298
838 738
661 561
1063 963
1006 906
560 460
726 626
366 266
243 143
827 727
604 504
133 33
936 836
542 442
461 361
728 628
531 431
484 384
654 554
344 244
124 24
582 482
516 416
865 765
835 735
546 446
343 243
347 247
554 454
1013 913
1032 932
660 560
594 494
628 528
748 648
694 594
457 357
1035 935
696 596
562 462
888 788
721 621
636 536
760 660
859 759
664 564
300 200
402 302
666 566
1036 936
841 741
692 592
317 217
824 724
319 219
218 118
932 832
399 299
919 819
351 251
587 487
229 129
573 473
196 96
341 241
267 167
164 64
269 169
616 516
481 381
957 857
1076 976
318 218
867 767
590 490
937 837
604 504
507 407
807 707
303 203
442 342
487 387
575 475
835 735
275 175
806 706
886 786
435 335
271 171
140 40
332 232
921 821
988 888
231 131
966 866
259 159
1076 976
1078 978
353 253
153 53
719 619
949 849
742 642
578 478
560 460
119 19
318 218
330 230
318 218
553 453
767 667
436 336
1049 949
1031 931
189 89
688 588
588 488
549 449
668 568
666 566
626 526
812 75
709 757
108 139
1055 120
722 52
645 173
818 928
917 600
525 940
221 744
630 187
140 303
194 138
788 583
555 970
595 185
900 165
818 307
1011 526
425 142
358 163
298 13
1085 584
381 211
254 656
704 986
261 70
414 753
377 240
228 417
605 677
321 164
604 647
388 594
668 356
725 500
926 664
377 200
1073 73
356 521
345 672
1020 987
998 386
974 81
210 185
449 13
720 962
748 484
949 705
1053 995
446 559
363 20
284 100
1043 580
825 485
588 611
938 48
289 365
625 715
173 462
631 262
797 378
286 494
420 830
357 782
801 796
389 741
503 198
246 313
745 920
514 752
536 732
772 667
207 940
256 126
861 431
1085 67
639 21
1045 34
687 483
473 697
609 647
288 194
959 412
431 554
545 762
348 717
319 198
485 471
743 235
200 204
675 195
577 178
296 38
644 496
159 1000
688 148
655 377
876 253
340 794
572 251
857 732
460 519
687 38
847 342
367 18
281 78
607 792
200 287
497 607
747 857
387 192
692 147
117 348
318 600
834 716
467 500
986 283
187 474
1025 276
114 756
475 556
149 523
550 220
435 780
1034 429
1028 701
713 386
442 32
799 231
271 990
462 95
604 795
524 449
862 116
335 763
551 286
435 8
247 966
478 760
898 449
694 131
778 826
250 193
553 286
158 810
977 983
489 466
471 1000
778 349
1020 912
780 503
274 822
600 788
501 511
327 648
942 573
344 473
373 524
249 721
1028 996
467 192
381 498
525 330
425 994
170 454
496 14
300 835
487 319
527 341
1018 369
881 669
986 920
1057 912
742 499
665 131
866 743
509 45
247 772
262 284
866 499
625 109
1094 513
688 970
958 645
788 401
1033 954
824 21
591 400
294 302
152 498
101 640
115 740
608 412
854 546
271 435
463 328
374 980
129 125
1073 206
334 377
799 677
124 658
933 956
901 187
315 195
255 1000
617 964
1046 299
926 498
1001 798
501 20
1017 843
250 950
878 828
360 849
335 801
871 51
135 189
260 142
317 541
1050 554
398 595
946 332
631 599
658 972
851 647
1070 239
594 634
992 276
731 588
839 874
107 929
731 161
753 292
1076 317
332 5
1002 426
552 30
663 95
180 845
500 223
167 626
695 711
979 266
588 810
913 955
135 126
566 48
987 534
918 137
731 349
988 641
542 767
1075 505
652 955
601 533
840 888
722 985
788 217
389 667
575 235
388 278
1009 648
379 487
1062 174
324 768
211 251
917 167
1047 436
885 322
405 956
174 309
181 62
453 27
286 58
1025 619
901 689
480 603
710 620
750 824
406 728
292 590
312 272
518 469
292 169
647 254
435 368
180 905
743 964
718 857
308 114
298 342
723 638
635 601
816 51
357 861
584 393
230 656
548 406
183 494
672 100
630 166
395 657
322 57
250 636
678 228
628 451
893 894
1089 360
161 547
336 340
959 631
321 382
135 205
714 291
873 536
377 172
222 817
446 864
198 778
594 943
187 445
665 990
605 345
797 885
567 223
1099 516
255 863
791 349
932 736
1046 669
916 600
1031 909
215 408
152 601
389 274
813 441
216 752
336 264
309 282
805 542
828 928
341 570
545 499
411 295
125 325
452 705
680 599
608 150
704 864
382 430
288 83
401 175
736 776
852 124
101 427
303 767
996 602
803 755
723 385
879 514
1030 242
1078 343
1095 695
264 242
328 275
562 789
214 595
716 841
303 705
227 888
244 982
889 634
434 909
286 667
591 253
114 854
757 286
988 800
303 614
927 279
306 283
817 111
692 554
735 822
788 126
426 202
778 167
861 643
138 146
629 682
993 204
599 10
754 949
913 236
1094 371
364 632
332 929
454 710
1074 87
882 663
532 959
391 493
562 135
1056 898
336 577
408 775
937 692
966 159
561 144
183 575
865 292
779 282
551 594
407 962
338 16
275 599
1049 201
482 43
975 820
1058 728
282 341
696 683
914 555
528 277
913 81
1072 737
249 185
427 868
279 960
576 941
938 489
293 194
868 302
1012 770
1099 745
849 526
746 516
211 911
411 669
1058 656
512 151
612 385
171 225
117 85
902 768
296 582
471 908
944 20
260 514
936 24
834 343
279 607
439 858
1047 967
990 19
573 453
462 949
835 390
718 13
375 435
426 604
108 176
662 212
623 24
142 311
485 208
462 620
1090 416
901 515
394 301
472 828
486 176
178 694
151 750
243 245
299 852
601 391
652 757
470 135
460 39
783 759
701 32
923 523
990 672
753 994
966 954
390 249
228 162
813 988
595 982
177 369
666 214
717 67
730 756
492 82
759 629
1034 220
1065 346
741 326
852 735
143 388
809 449
923 320
794 266
624 900
495 213
186 774
368 480
1076 910
391 936
616 873
764 325
501 406
681 6
268 64
180 845
858 622
889 709
304 826
1084 962
548 852
185 770
778 77
812 944
259 366
1041 758
888 922
219 824
1074 928
277 52
983 58
1091 438
1066 411
1098 524
817 256
946 421
582 567
642 430
341 384
282 5
560 537
1055 162
164 107
849 561
442 848
614 613
719 986
684 910
491 290
646 253
370 72
724 9
287 258
221 884
385 818
608 686
366 178
1067 981
958 521
486 430
664 528
132 518
791 696
900 324
428 874
206 216
566 463
481 1
847 330
995 75
616 785
1048 460
929 961
705 758
246 574
998 458
726 606
783 695
916 615
311 36
600 379
316 897
489 343
721 504
663 836
251 900
939 374
998 941
698 956
963 469
452 163
421 175
915 736
202 360
269 718
929 438
612 627
232 183
551 981
879 567
128 199
1037 58
806 126
489 25
185 287
1066 666
602 481
880 556
371 111
175 657
717 427
762 998
298 263
474 422
891 341
632 434
878 265
861 447
502 269
198 854
1013 727
291 335
134 34
1008 336
667 542
376 530
996 997
563 104
748 891
359 310
859 591
389 271
220 681
613 960
894 339
738 297
281 820
688 205
386 436
518 814
1041 106
178 249
462 223
447 539
359 891
1020 13
292 814
1061 233
786 873
271 390
649 477
981 427
953 826
441 81
327 51
542 450
353 260
479 534
460 181
954 464
677 830
125 906
492 980
291 84
157 718
500 94
1027 600
1011 61
340 877
577 601
211 487
161 739
115 239
405 585
434 876
297 534
1031 736
942 467
324 36
995 875
991 25
864 337
838 740
265 216
694 424
219 240
262 34
639 497
842 580
609 789
267 875
998 692
968 769
455 82
1071 216
649 927
295 352
1052 118
903 473
198 260
547 668
773 919
769 202
122 680
249 720
362 1
833 70
488 949
469 3
308 546
318 684
114 364
1076 213
716 898
479 245
777 284
442 309
602 329
880 842
341 981
856 140
170 25
411 907
349 902
390 766
316 542
651 643
724 709
290 169
293 55
543 379
819 921
730 640
724 191
526 98
383 935
191 60
760 37
950 723
350 352
218 136
498 380
718 36
433 663
1034 445
154 986
587 349
302 351
263 996
937 483
373 70
782 7
875 459
300 471
536 690
572 32
905 320
587 534
130 65
777 306
724 809
631 522
985 668
297 583
542 165
1030 931
575 816
948 589
155 242
270 832
734 661
199 804
455 917
130 919
944 774
1026 780
908 967
318 449
961 910
147 890
203 465
370 470
493 266
1052 521
1081 162
988 9
321 875
674 939
877 723
1088 827
318 814
584 570
214 843
1078 517
288 245
975 185
950 38
721 943
1078 282
421 931
202 83
345 109
792 753
359 126
859 90
1073 216
889 9
892 228
178 618
994 475
856 375
487 905
475 377
448 550
927 29
723 598
592 130
197 868
252 144
523 344
500 318
773 182
637 993
445 593
509 965
508 58
700 261
705 857
829 403
543 217
466 615
632 716
976 13
1092 393
630 847
693 651
126 376
722 285
153 30
1041 18
548 532
881 619
381 880
706 512
442 5
473 117
1018 673
1032 184
877 424
678 792
396 328
1040 452
617 816
485 204
455 546
853 494
624 231
457 980
651 255
420 384
896 705
1061 732
529 541
386 635
144 157
404 304
491 520
1019 799
502 671
518 731
855 81
773 273
715 213
699 810
171 469
393 745
455 858
368 814
595 524
202 974
1065 818
231 383
756 128
1014 129
196 787
350 266
785 787
978 743
779 612
606 855
868 590
915 948
1045 306
219 959
494 937
738 854
480 127
413 69
392 764
165 162
506 119
624 217
954 798
195 954
195 342
684 39
391 456
299 194
271 230
893 176
562 418
695 738
679 388
808 678
607 612
112 168
1014 1000
695 391
151 702
524 10
436 848
1078 124
232 568
454 461
413 791
983 746
445 478
306 164
119 850
1042 60
970 810
840 823
230 277
834 733
730 489
1005 778
1096 90
1033 337
224 703
530 880
826 111
750 579
1062 189
773 649
425 792
332 198
851 633
983 893
745 247
1021 865
364 464
997 434
583 194
547 179
1038 902
245 492
418 38
150 811
270 202
458 810
958 142
144 589
244 397
749 770
982 684
1010 950
599 224
556 924
1084 114
224 917
444 905
153 903
747 606
389 219
439 869
801 618
362 566
263 882
716 701
894 25
434 724
328 27
959 939
422 221
774 596
462 755
605 10
466 641
456 973
949 120
610 581
701 161
775 78
1079 780
877 975
510 536
261 141
605 374
295 13
582 851
394 180
135 821
588 355
1037 789
246 687
167 68
942 468
791 132
855 786
362 604
256 898
508 478
662 667
1067 322
689 458
1008 942
573 371
472 581
865 180
227 537
912 581
920 750
280 155
136 6
118 657
774 184
709 126
664 737
132 985
496 849
1090 959
1045 357
643 169
450 283
340 655
932 45
985 72
576 12
254 335
877 607
829 37
862 188
239 426
880 893
549 477
1019 939
530 615
883 787
787 645
919 569
784 556
782 509
836 601
159 618
514 144
698 700
475 650
171 651
1052 966
217 510
400 26
943 981
746 957
938 265
852 279
700 389
905 551
151 900
291 217
783 103
834 671
880 814
435 391
795 247
702 247
409 785
440 542
870 668
922 205
884 890
832 500
806 397
1010 650
811 430
847 910
126 211
126 243
1064 775
614 191
814 520
834 67
647 742
663 213
525 735
122 602
717 596
950 550
237 639
1068 165
284 643
1018 171
341 495
772 842
268 243
639 18
775 767
267 598
509 111
978 355
228 197
1069 649
1015 144
1081 278
530 815
696 94
909 796
525 245
545 718
938 580
906 361
778 512
123 907
330 58
927 188
210 241
829 130
217 699
337 848
931 617
1027 376
915 815
981 507
936 882
847 538
923 125
272 863
325 694
1028 80
785 444
717 542
535 194
448 609
1056 512
983 762
556 33
1012 683
1017 266
568 686
929 303
1091 987
239 56
749 657
944 906
590 674
641 536
393 864
985 345
339 848
675 166
717 243
420 732
648 241
966 893
330 639
478 205
678 324
663 346
211 845
518 457
305 33
396 467
1022 251
1080 459
892 7
650 439
734 710
181 864
253 677
686 1
1077 969
412 725
720 893
274 144
490 824
174 441
530 64
213 51
307 847
752 285
331 819
1061 432
541 815
395 171
681 392
950 286
583 461
998 949
482 717
597 558
1004 756
733 984
1026 497
480 711
772 57
480 902
1015 848
829 537
229 153
708 297
903 375
243 555
1042 216
278 243
153 791
554 702
530 781
204 973
390 304
984 429
559 294
1010 131
468 751
749 628
341 319
1046 293
356 757
453 991
495 851
178 464
215 542
1017 326
542 927
306 543
666 414
102 399
850 141
922 833
883 240
147 403
417 359
198 921
630 541
505 23
673 703
494 899
204 964
177 209
256 198
217 80
540 723
450 564
941 651
149 927
126 764
543 170
1000 240
1065 342
607 271
195 188
897 639
296 479
481 48
707 942
640 168
625 168
809 261
790 715
439 236
1056 205
433 136
929 346
480 544
953 487
1073 905
297 333
409 295
152 835
574 13
661 63
483 770
312 646
267 500
117 278
574 314
273 707
971 904
683 76
772 564
217 384
267 688
727 155
572 828
330 492
1034 98
955 483
811 304
1043 607
815 704
313 164
698 98
1011 746
518 562
347 482
279 69
593 467
159 256
152 349
1023 995
892 67
295 733
430 617
415 356
284 13
857 778
175 600
456 967
430 687
585 179
879 7
446 395
836 871
853 752
951 866
531 401
366 533
511 800
149 380
467 22
582 351
1017 913
333 136
242 731
277 371
816 318
380 390
371 140
982 863
882 535
297 392
1027 892
751 461
215 230
821 760
572 937
1035 494
297 267
1041 748
736 266
185 256
576 181
428 77
1058 798
679 1
340 357
928 460
973 392
155 664
531 905
806 182
869 822
725 302
510 327
213 656
395 205
985 83
474 547
755 64
427 443
690 219
877 944
422 926
665 837
177 526
303 54
250 814
634 906
862 173
470 519
284 403
1100 364
365 945
259 960
699 144
402 34
380 716
792 679
717 1
324 733
708 271
1099 121
272 347
1071 261
715 216
408 790
878 907
190 424
799 364
459 729
539 878
193 280
753 259
661 394
989 274
784 780
304 291
811 316
275 637
323 312
532 238
700 546
867 104
814 808
529 210
314 791
1075 531
111 373
104 648
1089 108
1093 142
1086 542
425 201
367 531
1066 693
274 276
517 188
650 564
133 517
153 459
546 787
997 443
500 976
122 992
499 359
420 637
767 373
698 909
689 208
781 351
1050 106
477 1
125 519
924 912
486 237
622 992
675 208
563 124
317 634
883 770
621 414
939 333
614 530
553 986
493 406
802 906
670 206
914 772
104 228
211 406
439 450
567 661
171 197
952 428
926 111
649 62
948 254
1081 503
248 893
598 298
131 309
480 944
651 969
990 996
1063 157
842 773
365 32
631 702
728 657
841 307
877 154
990 46
648 924
516 826
479 220
472 12
682 581
876 482
918 394
397 245
954 916
658 587
1031 575
118 39
699 42
630 488
363 313
729 70
1089 787
577 574
357 610
115 591
722 776
743 707
736 895
285 961
813 103
334 477
157 658
426 190
652 955
404 453
778 738
335 541
692 244
1097 371
404 67
230 784
152 622
626 618
205 648
956 912
526 674
1033 118
379 731
352 759
950 953
860 917
591 75
968 66
145 993
644 664
751 967
956 161
182 981
789 490
653 222
337 513
231 21
987 190
1064 998
365 486
608 918
931 368
126 154
484 21
236 20
348 282
405 460
424 546
574 690
220 249
793 419
928 933
199 301
487 325
477 560
736 180
432 937
234 885
888 102
391 683
111 29
331 392
973 941
274 268
980 550
254 325
570 962
971 686
655 962
326 110
565 768
681 913
985 616
258 521
457 919
114 787
727 205
825 229
210 760
202 46
985 513
809 863
165 993
214 309
1019 845
491 964
513 120
766 907
141 625
199 872
173 909
294 255
1058 854
273 946
329 27
878 893
1010 462
119 33
401 333
871 420
493 595
407 893
182 202
460 716
1010 334
120 474
316 548
588 979
670 817
422 446
884 431
239 619
907 632
416 849
340 734
523 499
502 433
151 154
701 44
104 64
120 504
110 650
268 463
178 180
208 935
586 274
583 927
633 450
801 982
826 45
120 397
786 74
1099 715
497 264
528 708
445 237
327 630
520 9
529 30
374 1000
780 537
507 569
720 483
534 131
418 770
512 414
904 892
1048 803
1082 941
659 221
203 291
117 432
386 781
190 115
631 397
1036 584
647 313
1024 793
855 280
575 468
192 678
723 530
161 853
665 661
979 786
382 821
966 674
216 188
690 675
922 532
496 234
678 607
414 1
343 723
603 689
787 721
670 7
613 480
609 717
916 448
945 726
910 352
909 414
212 179
1055 84
1061 686
873 593
831 392
114 792
887 249
875 934
183 446
1058 215
778 508
659 423
1087 48
546 610
157 840
1026 303
1008 790
878 59
854 714
426 203
413 76
154 135
827 816
778 628
356 388
438 666
713 55
440 108
1056 919
578 153
457 137
995 392
137 909
135 106
590 432
1013 641
837 931
119 714
648 613
425 517
529 461
787 453
860 149
118 732
1087 520
405 729
603 638
294 381
254 85
869 52
983 864
1088 972
840 677
327 947
587 837
173 283
304 46
164 544
947 563
836 766
473 850
110 581
580 556
584 942
811 723
800 711
409 641
514 570
961 194
400 694
120 90
449 234
128 139
1007 817
1092 400
301 359
452 263
839 168
530 322
137 540
949 648
1002 273
719 518
561 904
332 807
102 839
1006 921
608 506
1094 838
932 140
218 405
762 199
885 467
938 167
463 142
270 867
648 654
218 101
1045 691
1039 854
732 960
396 409
1044 699
1013 848
473 176
273 755
288 518
788 887
879 897
807 886
534 655
309 823
735 821
465 40
714 632
514 831
483 515
948 748
963 877
1023 521
149 469
580 448
159 263
1030 30
460 339
621 46
652 561
911 104
821 341
721 598
729 548
523 624
184 58
313 85
122 738
835 84
529 245
262 925
455 567
672 777
119 722
191 265
781 755
1047 472
922 981
986 779
560 410
735 612
1046 394
480 357
1054 360
467 615
339 229
574 379
418 751
489 652
794 981
732 709
138 441
265 976
589 738
968 324
319 555
938 712
848 963
832 706
1068 36
986 197
609 838
375 855
835 706
960 332
922 861
117 223
936 204
892 636
117 273
306 140
595 664
702 648
576 966
190 634
677 1000
581 906
618 897
829 179
390 510
1078 504
1057 874
389 717
370 530
665 971
748 38
956 669
823 698
533 540
132 208
605 424
140 654
428 941
494 685
283 614
919 356
115 661
948 875
114 222
808 791
948 651
194 351
732 75
194 905
314 781
381 261
495 943
971 585
403 611
560 165
138 521
812 516
681 913
436 377
731 595
1097 190
930 370
221 536
573 291
234 9
486 79
1087 411
1065 867
709 155
438 165
828 913
982 84
516 427
1080 873
662 829
546 515
428 502
374 840
606 199
442 518
109 170
684 11
414 300
976 767
251 788
477 153
205 605
442 339
742 811
608 109
366 213
487 160
796 545
318 999
544 132
873 82
762 832
177 579
647 695
702 925
254 178
833 804
486 581
261 986
266 125
930 408
293 706
920 71
553 167
911 580
577 503
893 144
667 568
315 621
595 980
559 739
1012 853
898 274
284 322
1049 538
843 851
447 423
335 803
242 837
847 27
333 55
672 788
952 417
1043 504
244 564
910 1000
634 568
867 139
896 74
630 991
953 457
615 860
307 478
1048 463
364 533
772 683
595 281
503 145
205 332
666 259
1009 930
128 819
290 43
210 348
309 457
233 304
194 552
498 807
