500 2272
482 485
257 326
286 248
517 421
404 322
713 795
45 43
924 845
873 955
160 252
1 9
838 901
40 122
58 94
676 738
627 574
766 715
862 882
405 367
923 984
379 299
461 433
612 682
133 72
813 874
97 138
908 856
165 145
996 995
623 529
220 199
298 277
157 97
723 719
144 242
48 107
129 122
148 70
35 98
644 600
632 645
272 267
1040 972
977 895
312 213
778 748
567 487
965 923
1 29
616 674
569 540
628 554
493 467
76 46
733 710
575 553
288 191
775 724
723 730
912 988
64 90
354 340
565 549
210 196
922 865
775 678
566 570
934 936
626 722
742 651
194 123
485 431
483 508
617 585
876 853
653 642
896 992
652 725
220 286
727 812
900 859
563 663
56 88
157 179
280 187
537 619
284 261
920 846
124 192
239 261
459 514
931 886
504 530
910 849
382 294
795 799
485 391
351 330
289 298
865 790
250 275
738 826
75 72
788 866
947 951
651 748
595 685
993 956
663 564
265 183
338 400
637 721
206 207
328 323
618 611
64 116
139 109
806 795
412 343
912 862
715 685
1 10
929 881
1025 984
410 403
273 360
507 449
450 541
174 272
882 877
427 359
787 707
355 308
734 770
1 30
248 208
397 311
159 100
874 939
449 422
857 785
286 370
976 989
908 969
103 143
1071 972
1 28
117 61
697 638
424 348
439 347
74 66
442 391
568 638
195 295
854 826
281 196
433 449
845 855
224 143
487 487
181 140
496 564
690 615
124 135
575 564
374 360
766 793
149 163
776 859
793 760
674 711
696 662
90 159
732 660
214 268
935 948
228 315
619 676
349 341
734 689
964 894
644 706
484 490
491 478
628 671
1009 932
944 899
315 237
92 187
554 472
757 772
88 98
952 906
818 911
628 635
316 225
818 823
255 164
432 343
763 732
490 502
721 740
587 576
530 612
992 902
491 454
343 411
880 973
645 703
761 850
152 77
241 220
727 802
352 403
246 181
1 10
479 525
958 919
749 668
551 527
538 462
319 291
580 605
501 457
487 405
349 417
252 279
731 685
637 596
339 307
257 224
271 322
740 840
1002 975
404 401
190 91
254 327
277 330
100 182
648 603
810 793
535 615
702 733
855 864
76 16
773 863
917 987
279 306
123 34
922 840
613 700
658 706
705 787
101 105
807 834
883 798
358 310
634 609
786 690
618 561
644 579
141 60
466 388
340 309
495 407
283 200
352 313
886 970
95 33
291 273
217 277
1007 997
1 40
219 227
764 860
1025 940
600 608
895 990
690 590
738 806
1 52
772 801
727 764
774 710
340 386
503 593
1 50
432 494
228 156
993 936
1058 965
130 86
821 723
189 184
943 868
343 340
404 412
560 487
196 209
418 346
782 860
314 307
59 95
778 821
979 941
828 821
584 587
122 201
741 665
566 527
760 812
385 424
395 459
250 343
789 836
492 506
261 179
914 916
380 430
537 596
731 808
361 269
473 512
737 811
708 685
635 567
804 776
827 855
695 718
756 853
57 97
178 146
688 746
1 15
871 965
415 512
510 480
1057 958
764 665
193 191
905 964
583 515
696 606
887 822
444 536
741 693
12 19
313 335
81 101
828 922
354 294
981 910
499 410
283 250
545 546
635 729
540 609
689 720
946 976
730 759
703 798
14 74
644 648
241 299
793 785
912 846
461 390
801 897
424 416
744 837
272 247
338 293
193 144
987 938
432 467
505 480
944 955
653 665
38 26
468 564
461 449
1 26
576 521
329 301
274 321
701 613
432 388
851 879
915 990
137 188
927 963
903 820
373 300
770 822
160 255
285 277
231 153
366 400
317 227
423 518
420 447
216 315
772 813
271 324
566 502
243 299
725 780
390 376
491 516
225 212
392 329
781 810
434 486
535 485
368 416
938 952
946 894
353 358
1 21
707 647
143 44
630 683
364 361
822 814
147 231
54 8
91 165
431 496
606 699
917 852
553 459
473 535
222 314
954 944
369 306
413 459
717 637
491 447
447 408
44 107
994 962
518 565
448 407
931 857
369 317
181 98
815 818
655 600
267 288
960 902
611 567
271 190
771 749
993 908
359 276
810 748
563 592
360 393
264 363
199 163
1074 983
131 179
41 16
423 478
197 259
779 868
344 295
536 596
140 71
669 622
938 864
715 644
67 5
321 365
434 429
19 64
928 854
759 770
178 88
160 157
277 368
467 421
653 719
330 271
966 975
817 816
1045 962
508 535
492 438
743 696
884 881
259 318
56 45
1 52
421 496
270 313
99 138
429 334
1004 988
524 145
614 344
557 775
855 311
251 290
158 917
876 814
781 191
926 49
285 244
289 436
74 914
504 232
1049 593
740 808
91 773
376 206
233 761
955 589
1043 591
177 928
779 110
79 887
907 997
683 422
20 212
234 932
613 333
600 504
948 246
850 909
276 892
431 627
822 48
348 376
1040 918
449 813
957 994
259 867
295 167
625 36
595 158
653 198
411 132
1013 645
1062 140
594 938
132 153
703 79
756 863
454 521
72 736
1058 337
983 92
679 777
207 540
55 711
810 404
256 186
421 748
432 699
734 964
674 340
1057 688
756 338
1028 36
788 544
202 612
380 864
958 484
192 142
680 509
158 596
466 410
117 397
393 72
509 9
846 722
370 723
24 77
591 951
1063 141
447 144
700 230
462 402
641 550
1008 997
670 771
1034 833
846 750
693 583
859 407
1033 543
266 541
676 735
290 614
503 596
843 647
667 942
964 629
199 494
413 775
865 894
331 635
432 24
654 61
805 753
499 619
204 690
478 5
170 809
1022 744
982 900
791 469
841 401
474 683
498 711
1012 79
1061 546
1030 86
388 870
406 471
867 213
682 781
119 937
791 868
186 854
443 897
640 908
31 55
454 542
556 61
843 628
716 197
428 542
275 276
1057 384
1000 424
439 266
616 772
762 101
19 223
393 203
845 90
176 245
137 213
15 730
537 608
692 673
144 834
134 129
953 635
1058 585
618 919
67 187
1023 963
231 246
880 840
999 262
824 375
674 505
213 331
692 242
372 917
865 157
1011 565
1053 433
591 425
941 652
111 419
439 7
589 17
249 725
24 995
122 712
229 149
1009 425
422 366
131 435
896 885
144 742
477 570
419 323
630 294
1038 259
858 590
534 378
401 883
742 645
104 220
1024 985
763 552
869 988
328 604
278 779
716 358
1028 258
120 902
393 221
905 583
1039 883
484 563
270 76
431 974
827 722
487 112
935 878
193 406
6 776
816 687
268 103
407 709
57 437
915 145
805 524
598 655
967 211
391 443
187 775
260 98
245 158
489 62
696 343
776 744
1019 237
562 120
785 965
284 310
1068 706
959 684
151 289
896 445
15 993
384 427
320 508
645 125
305 425
59 966
717 872
232 775
715 485
280 720
728 668
914 400
783 941
640 329
654 299
925 174
300 667
814 196
385 978
277 140
641 120
992 924
718 876
787 531
914 274
957 157
866 542
403 208
1069 615
951 24
621 857
826 138
15 128
650 721
288 894
222 235
600 659
881 994
479 520
680 541
551 682
144 468
353 782
49 894
444 446
524 735
782 365
877 343
44 931
574 173
218 466
31 593
492 423
805 675
916 687
436 35
51 526
170 690
645 518
899 81
205 757
1012 533
902 904
1015 870
710 376
375 136
682 44
236 409
416 598
538 95
759 275
560 683
38 697
771 927
363 990
234 365
412 202
765 15
206 80
683 51
974 131
683 656
240 315
448 524
190 989
929 315
887 668
366 890
260 953
569 296
911 427
817 522
267 767
343 696
51 430
827 292
431 756
1019 426
719 665
703 268
54 636
472 866
522 704
555 87
1005 590
1037 803
412 252
363 45
184 975
688 475
437 925
609 920
1021 396
210 201
455 311
705 29
128 239
756 364
236 319
887 98
262 964
590 365
966 383
935 192
802 135
1032 141
660 151
604 900
558 253
455 7
522 460
647 307
526 843
873 496
113 218
134 112
304 201
1012 149
794 951
759 774
212 833
969 425
951 697
995 178
176 356
931 716
1056 796
916 311
767 310
790 315
259 526
941 171
817 248
231 473
145 641
1050 852
370 809
778 609
968 592
177 588
1057 29
101 192
958 823
1066 98
1041 139
787 766
872 166
267 892
887 13
872 930
495 38
29 261
602 123
242 764
899 933
650 329
898 388
173 786
637 165
763 201
269 269
120 40
16 209
582 54
862 670
494 309
208 188
725 746
174 790
420 888
1072 631
34 536
307 483
131 862
685 975
673 649
196 337
642 213
343 264
764 814
103 464
658 623
665 769
994 843
97 465
126 563
1012 636
783 121
346 802
944 553
507 96
904 893
194 253
824 773
656 54
54 7
239 349
941 517
189 417
350 116
757 35
3 307
784 353
1046 350
429 153
301 593
635 843
321 430
134 156
298 487
945 957
610 640
10 995
849 232
1061 203
267 393
279 781
993 345
591 308
536 638
974 237
858 348
287 548
207 87
740 954
466 136
780 77
55 264
510 393
1011 403
334 249
346 799
864 882
258 583
995 888
765 32
360 197
406 844
650 807
359 71
707 477
460 341
967 942
191 115
264 456
89 75
1062 954
555 364
