2000 1113
482 485
257 326
286 248
517 421
404 322
713 795
45 43
924 845
873 955
160 252
1 9
838 901
40 122
58 94
676 738
627 574
766 715
862 882
405 367
923 984
379 299
461 433
612 682
133 72
813 874
97 138
908 856
165 145
996 995
623 529
220 199
298 277
157 97
723 719
144 242
48 107
129 122
148 70
35 98
644 600
632 645
272 267
1040 972
977 895
312 213
778 748
567 487
965 923
1 29
616 674
569 540
628 554
493 467
76 46
733 710
575 553
288 191
775 724
723 730
912 988
64 90
354 340
565 549
210 196
922 865
775 678
566 570
934 936
626 722
742 651
194 123
485 431
483 508
617 585
876 853
653 642
896 992
652 725
220 286
727 812
900 859
563 663
56 88
157 179
280 187
537 619
284 261
920 846
124 192
239 261
459 514
931 886
504 530
910 849
382 294
795 799
485 391
351 330
289 298
865 790
250 275
738 826
75 72
788 866
947 951
651 748
595 685
993 956
663 564
265 183
338 400
637 721
206 207
328 323
618 611
64 116
139 109
806 795
412 343
912 862
715 685
1 10
929 881
1025 984
410 403
273 360
507 449
450 541
174 272
882 877
427 359
787 707
355 308
734 770
1 30
248 208
397 311
159 100
874 939
449 422
857 785
286 370
976 989
908 969
103 143
1071 972
1 28
117 61
697 638
424 348
439 347
74 66
442 391
568 638
195 295
854 826
281 196
433 449
845 855
224 143
487 487
181 140
496 564
690 615
124 135
575 564
374 360
766 793
149 163
776 859
793 760
674 711
696 662
90 159
732 660
214 268
935 948
228 315
619 676
349 341
734 689
964 894
644 706
484 490
491 478
628 671
1009 932
944 899
315 237
92 187
554 472
757 772
88 98
952 906
818 911
628 635
316 225
818 823
255 164
432 343
763 732
490 502
721 740
587 576
530 612
992 902
491 454
343 411
880 973
645 703
761 850
152 77
241 220
727 802
352 403
246 181
1 10
479 525
958 919
749 668
551 527
538 462
319 291
580 605
501 457
487 405
349 417
252 279
731 685
637 596
339 307
257 224
271 322
740 840
1002 975
404 401
190 91
254 327
277 330
100 182
648 603
810 793
535 615
702 733
855 864
76 16
773 863
917 987
279 306
123 34
922 840
613 700
658 706
705 787
101 105
807 834
883 798
358 310
634 609
786 690
618 561
644 579
141 60
466 388
340 309
495 407
283 200
352 313
886 970
95 33
291 273
217 277
1007 997
1 40
219 227
764 860
1025 940
600 608
895 990
690 590
738 806
1 52
772 801
727 764
774 710
340 386
503 593
1 50
432 494
228 156
993 936
1058 965
130 86
821 723
189 184
943 868
343 340
404 412
560 487
196 209
418 346
782 860
314 307
59 95
778 821
979 941
828 821
584 587
122 201
741 665
566 527
760 812
385 424
395 459
250 343
789 836
492 506
261 179
914 916
380 430
537 596
731 808
361 269
473 512
737 811
708 685
635 567
804 776
827 855
695 718
756 853
57 97
178 146
688 746
1 15
871 965
415 512
510 480
1057 958
764 665
193 191
905 964
583 515
696 606
887 822
444 536
741 693
12 19
313 335
81 101
828 922
354 294
981 910
499 410
283 250
545 546
635 729
540 609
689 720
946 976
730 759
703 798
14 74
644 648
241 299
793 785
912 846
461 390
801 897
424 416
744 837
272 247
338 293
193 144
987 938
432 467
505 480
944 955
653 665
38 26
468 564
461 449
1 26
576 521
329 301
274 321
701 613
432 388
851 879
915 990
137 188
927 963
903 820
373 300
770 822
160 255
285 277
231 153
366 400
317 227
423 518
420 447
216 315
772 813
271 324
566 502
243 299
725 780
390 376
491 516
225 212
392 329
781 810
434 486
535 485
368 416
938 952
946 894
353 358
1 21
707 647
143 44
630 683
364 361
822 814
147 231
54 8
91 165
431 496
606 699
917 852
553 459
473 535
222 314
954 944
369 306
413 459
717 637
491 447
447 408
44 107
994 962
518 565
448 407
931 857
369 317
181 98
815 818
655 600
267 288
960 902
611 567
271 190
771 749
993 908
359 276
810 748
563 592
360 393
264 363
199 163
1074 983
131 179
41 16
423 478
197 259
779 868
344 295
536 596
140 71
669 622
938 864
715 644
67 5
321 365
434 429
19 64
928 854
759 770
178 88
160 157
277 368
467 421
653 719
330 271
966 975
817 816
1045 962
508 535
492 438
743 696
884 881
259 318
56 45
1 52
421 496
270 313
99 138
429 334
1004 988
512 508
702 770
657 751
862 780
516 441
246 207
592 516
641 674
390 408
831 920
522 573
611 634
825 878
929 990
734 826
718 696
883 800
355 411
426 422
668 707
235 334
1080 986
397 494
137 150
648 562
342 380
799 832
1067 979
313 376
452 511
441 414
214 160
1059 982
260 238
579 490
897 899
316 251
526 526
909 897
139 39
634 657
384 452
577 538
840 831
509 460
262 185
934 934
513 440
556 490
97 168
107 71
937 977
370 458
193 204
802 803
134 139
390 399
439 420
1034 991
636 578
1008 972
191 177
429 398
445 348
483 496
347 276
769 825
540 614
212 121
789 730
317 341
381 284
714 698
24 17
570 546
771 672
1052 974
776 866
290 377
470 559
367 340
626 527
879 779
688 761
553 483
112 92
440 390
510 583
741 661
473 391
289 336
574 661
85 125
36 89
362 275
310 359
129 178
763 780
31 42
69 5
470 380
739 772
726 816
57 9
476 484
498 545
669 589
112 157
934 901
854 777
112 74
246 247
1 55
481 479
883 785
1051 958
763 680
417 393
900 944
573 596
601 619
588 611
900 852
327 283
199 299
847 766
240 312
862 826
635 726
680 733
806 805
767 679
495 403
870 964
259 337
476 541
512 478
467 369
1001 946
798 821
819 833
835 837
502 490
119 37
652 594
82 129
242 258
215 246
291 362
687 755
550 504
1 71
249 177
203 176
865 803
189 237
758 677
90 33
188 115
621 597
807 769
481 536
1031 956
349 341
222 184
260 234
551 569
245 216
631 537
183 84
873 810
656 657
5 33
137 159
579 520
656 668
373 287
232 229
352 374
428 474
598 672
943 915
582 511
120 123
573 569
218 199
347 396
628 715
1 59
642 610
959 917
983 927
186 270
60 117
513 516
143 215
234 216
290 237
597 615
452 499
521 477
837 760
267 285
20 56
1027 966
690 622
235 221
199 194
186 91
374 347
244 252
424 473
438 516
385 385
337 357
945 958
686 665
698 792
16 64
464 420
655 671
911 968
839 877
144 177
535 523
65 139
230 152
806 732
312 246
578 565
699 740
817 902
105 17
886 973
360 298
658 611
53 32
1 11
319 337
36 136
879 889
595 522
721 805
80 28
981 931
838 757
654 609
480 544
973 905
647 595
243 246
152 113
183 175
140 156
263 244
856 883
338 265
792 883
403 462
560 485
238 272
214 204
1011 984
453 409
330 398
819 909
469 370
882 882
279 214
811 766
82 35
341 421
271 271
397 370
876 848
128 50
1016 976
243 270
843 796
949 963
451 379
1091 991
594 551
867 897
353 307
471 421
100 74
401 388
591 559
884 980
607 615
651 681
209 231
133 207
741 818
372 331
950 979
403 445
419 348
780 724
345 401
618 646
766 668
335 242
288 302
795 861
777 830
117 77
541 441
499 589
1025 990
217 189
799 868
944 996
329 363
232 237
367 420
552 565
220 214
353 333
811 726
176 175
35 58
548 625
1 66
142 169
400 475
298 204
27 90
421 496
40 1
462 474
359 449
299 252
395 332
382 287
206 189
980 889
1 63
285 378
109 206
813 897
219 230
361 382
601 575
155 60
442 529
405 477
253 290
57 89
894 961
548 461
763 702
542 532
704 680
44 53
545 642
1018 1000
803 891
730 822
59 152
423 324
590 633
266 267
325 381
307 272
422 506
403 419
524 461
613 526
1033 978
403 468
820 729
777 795
631 581
298 383
302 226
505 421
461 386
351 273
556 484
638 676
152 107
236 229
831 902
882 962
38 105
100 84
1006 991
661 701
596 689
748 655
528 600
587 538
492 499
783 881
1017 981
546 473
368 383
618 679
662 573
563 589
553 480
161 145
612 624
926 923
972 915
249 232
948 974
662 735
735 678
682 640
722 644
146 212
75 123
276 253
890 943
1 18
1007 916
302 327
607 640
646 615
488 470
565 655
239 288
448 401
906 840
564 633
647 707
339 424
757 682
213 194
829 855
229 190
703 728
257 178
255 275
123 88
321 367
517 544
768 738
1040 963
439 460
282 266
739 727
128 33
471 442
714 628
467 384
298 244
411 482
760 765
435 446
245 247
865 913
658 560
457 528
694 594
882 935
415 462
555 621
705 660
525 564
276 302
871 936
582 592
639 724
181 118
200 299
201 251
35 129
5 96
85 167
239 169
359 381
948 976
771 767
804 837
457 407
284 203
485 387
803 735
629 706
358 335
13 40
808 821
68 131
96 159
956 978
101 53
767 849
577 478
1 19
278 230
388 453
318 336
847 931
592 588
494 449
615 566
265 272
806 883
754 731
94 80
113 213
203 177
896 872
712 626
1000 940
69 150
279 379
847 833
509 517
686 724
946 973
652 581
872 839
237 272
314 412
789 839
440 492
526 553
714 718
791 738
816 839
385 390
557 588
562 523
715 630
815 770
752 746
1 49
280 369
498 537
116 115
155 215
872 971
572 602
551 551
1 40
399 494
306 252
153 158
81 72
84 177
755 667
504 483
724 815
94 19
725 745
266 339
660 614
263 302
341 319
635 670
519 513
647 566
24 27
259 322
707 645
162 210
925 841
830 925
600 521
931 975
177 269
862 929
437 478
918 970
737 684
227 231
595 673
343 348
194 232
683 727
616 597
401 397
608 539
923 907
928 892
731 699
435 408
265 361
828 789
583 529
275 190
812 880
212 236
659 715
725 718
348 439
774 814
845 902
593 658
393 410
511 412
5 90
689 678
916 951
120 37
624 593
781 737
174 211
156 134
769 847
433 490
57 95
389 435
822 737
760 860
360 310
545 548
991 984
669 660
142 86
707 635
935 941
156 56
357 372
630 650
1041 964
734 735
730 682
166 151
223 283
834 773
648 643
918 898
781 817
362 269
760 731
454 507
853 841
294 207
779 752
407 318
86 126
182 153
49 101
623 560
786 743
765 816
981 980
29 1
69 82
914 886
448 377
476 465
752 753
847 842
609 547
660 580
700 754
1 37
616 548
963 896
735 656
615 537
143 78
582 540
525 597
253 314
877 845
321 361
988 930
562 654
866 841
754 810
193 98
846 814
977 898
220 237
310 236
375 397
512 468
112 160
176 168
262 189
123 123
826 783
1063 991
839 775
505 565
838 906
680 604
229 233
759 693
188 209
241 279
166 231
773 675
324 370
777 814
285 276
200 238
663 710
916 931
833 879
433 492
168 81
386 347
360 417
612 582
755 801
282 195
474 403
215 247
351 356
571 627
838 858
722 803
277 236
521 572
585 485
526 586
808 748
291 235
838 859
793 788
394 345
801 861
395 342
783 779
555 595
910 963
195 260
315 366
796 835
687 733
808 834
357 442
690 773
974 880
928 873
722 793
164 173
394 402
38 60
688 628
1 19
146 146
741 685
88 138
636 593
265 202
590 500
66 89
508 433
133 63
494 514
785 865
433 393
364 269
129 111
659 614
330 272
950 973
673 609
285 236
493 496
120 24
795 871
186 227
391 420
933 850
112 127
186 170
190 224
714 722
267 189
548 597
346 286
1 22
958 957
576 536
311 221
292 281
261 238
622 531
472 449
714 735
575 670
667 646
297 272
546 605
390 394
595 508
570 537
893 955
408 477
947 969
697 692
896 963
914 829
623 638
122 206
229 185
210 187
36 129
266 300
207 114
391 305
174 199
897 916
802 839
966 899
464 452
163 185
552 561
825 848
167 191
864 830
885 860
952 873
574 649
632 591
915 974
1037 974
471 452
364 397
331 350
671 597
34 13
405 392
273 343
844 756
438 387
888 924
174 188
1 68
581 552
112 166
406 435
3 14
782 797
186 254
228 300
483 431
346 367
220 197
237 233
249 149
51 62
1 38
106 69
430 425
855 810
834 878
484 503
240 308
781 798
394 437
805 798
23 36
527 583
418 412
182 195
783 878
347 388
478 438
435 532
18 3
332 268
373 417
282 277
273 229
486 445
358 380
884 974
329 248
491 433
1039 1000
781 874
889 939
813 760
538 473
721 811
810 766
236 306
558 556
527 521
377 364
467 460
230 136
537 458
839 784
623 648
693 783
922 960
42 137
524 591
845 875
503 440
310 263
91 40
916 835
863 943
726 749
214 263
621 597
59 5
1029 999
118 161
1 35
933 891
377 459
926 996
675 592
1 54
1080 985
444 401
259 298
383 459
144 77
617 611
169 159
392 467
821 737
887 895
135 49
482 382
347 285
326 388
1048 972
353 265
691 729
822 810
1056 973
867 818
349 295
566 532
126 58
758 736
113 187
923 896
1063 998
914 997
564 476
221 259
536 475
465 494
124 130
222 151
669 639
774 855
565 480
431 478
471 386
602 672
371 361
821 894
447 460
122 148
749 660
706 628
367 329
898 975
17 1
584 507
815 750
53 109
878 915
735 700
38 75
880 896
233 229
1 85
147 144
595 536
841 919
584 516
425 473
1 25
1 25
682 611
22 44
798 722
954 980
615 563
585 672
976 914
448 541
917 882
178 142
346 259
113 35
641 543
652 689
819 721
235 142
509 530
602 503
519 450
305 248
608 599
911 919
546 636
205 181
799 873
112 154
440 427
669 604
313 313
441 363
601 594
815 813
898 829
133 49
808 791
463 554
471 499
215 226
325 345
402 432
671 758
113 64
933 843
585 637
945 941
891 965
502 448
798 857
982 968
258 351
691 758
307 351
901 980
670 662
338 357
921 914
642 548
793 723
1 23
214 170
326 351
35 113
755 783
747 766
497 527
233 206
551 644
348 258
921 861
675 728
122 69
173 128
397 392
81 145
112 51
179 112
245 253
300 340
1027 932
832 817
970 965
493 480
633 724
812 839
549 500
726 746
767 811
450 373
641 605
351 252
162 172
388 394
229 177
84 98
325 377
518 486
792 855
382 290
146 130
426 355
885 842
255 233
81 101
671 686
676 736
844 930
748 700
92 69
696 607
949 879
904 916
1037 960
345 408
681 679
130 138
123 185
684 782
9 49
464 453
551 630
364 429
845 853
450 545
645 651
853 765
155 159
1007 1000
120 179
743 717
816 885
71 32
833 838
148 186
486 470
270 185
836 921
385 376
954 986
852 934
90 171
552 645
1 46
762 681
1 43
231 234
99 103
536 496
486 389
945 931
639 579
164 132
966 908
679 772
736 677
425 343
714 703
134 139
337 344
418 387
840 909
471 539
361 304
745 655
374 378
153 92
841 862
428 411
420 362
383 397
331 290
182 152
687 611
188 173
226 137
982 946
432 365
410 475
971 982
832 920
710 802
1 66
711 778
715 744
535 464
399 313
401 341
620 685
339 331
150 85
741 676
89 91
535 534
229 166
124 51
970 966
849 841
558 625
173 114
1 16
29 113
800 826
581 506
794 738
657 564
364 455
711 735
283 264
526 548
717 738
900 853
557 575
495 569
316 365
599 620
340 264
144 193
1 21
285 373
168 84
167 250
190 288
86 132
180 151
337 419
522 521
907 974
601 655
690 648
830 737
398 298
227 187
1017 981
870 965
979 954
149 166
330 248
655 636
565 560
624 563
11 24
813 896
821 803
1 16
291 274
809 714
406 449
192 229
188 280
494 423
769 868
115 124
945 970
312 231
859 935
809 808
61 23
110 210
149 88
192 151
742 770
600 555
580 613
771 866
230 223
258 303
383 305
312 306
951 900
962 964
467 397
966 898
63 59
571 628
182 225
473 537
624 612
619 633
275 314
551 478
1071 981
868 904
776 819
187 108
245 179
196 152
686 598
321 349
100 80
796 762
292 314
417 513
293 205
510 584
731 652
983 894
149 198
220 143
601 671
304 302
575 611
631 631
533 526
533 526
439 403
141 231
794 830
242 283
772 864
728 755
62 159
141 220
454 447
892 800
880 833
804 805
724 791
499 412
850 857
476 408
859 895
313 360
874 827
875 971
909 961
431 519
432 335
329 238
935 883
204 222
827 886
764 708
376 475
933 876
69 123
76 127
310 384
798 745
311 284
388 429
776 685
593 512
577 503
576 599
925 983
439 462
1064 992
236 270
393 491
267 282
766 831
146 167
28 115
579 661
539 564
902 934
527 608
586 513
1 53
725 659
706 646
120 164
752 763
828 825
887 949
321 355
775 811
188 164
766 851
253 289
483 392
130 224
419 460
886 903
440 347
579 638
45 101
666 587
736 797
792 881
219 210
194 243
938 969
225 298
161 253
576 593
439 453
663 657
172 72
225 222
402 319
1 61
750 694
448 384
739 801
218 136
522 536
1012 958
557 647
610 526
1 28
999 904
484 509
922 884
539 565
635 601
417 323
615 522
149 192
66 103
483 451
903 867
555 602
874 783
346 311
1027 994
187 172
1 51
332 389
193 237
796 721
561 597
417 492
248 331
358 380
190 259
653 726
54 55
496 501
395 459
729 790
1 4
715 634
170 117
666 601
711 808
457 544
504 542
598 590
829 827
864 817
657 617
1 32
815 879
593 692
709 685
90 88
820 911
553 546
528 580
948 997
1018 937
1069 988
433 351
563 661
617 630
367 360
897 908
263 203
545 479
270 251
212 162
967 905
227 167
779 862
346 369
86 181
684 765
291 251
992 909
712 645
664 568
896 847
547 538
466 540
193 99
438 423
323 246
88 165
549 544
120 52
218 131
273 372
500 471
651 625
696 684
432 378
542 534
46 73
458 540
639 671
207 127
507 412
1067 972
825 823
716 663
755 784
608 588
514 496
209 170
133 153
209 199
216 152
355 258
208 283
305 289
616 608
428 463
157 180
404 329
271 221
266 294
119 125
534 625
376 427
712 796
131 151
883 867
214 122
416 370
752 840
41 115
806 875
947 912
163 85
958 969
734 714
233 182
585 430
81 3
866 62
1074 405
913 469
1012 845
635 27
649 175
832 803
51 595
950 22
365 238
1091 773
951 417
26 309
125 650
766 867
204 522
337 951
858 754
934 129
179 491
176 257
1027 618
440 765
981 300
589 366
48 42
943 920
693 331
506 937
428 697
785 956
236 704
853 530
337 407
635 938
1045 364
216 765
901 744
994 728
735 646
1050 310
390 209
261 200
324 14
926 144
546 962
182 608
557 68
6 646
431 107
702 438
1005 969
975 19
291 523
525 754
973 513
55 419
398 94
683 972
223 298
612 306
731 876
722 175
29 152
762 988
23 392
318 470
983 282
725 591
312 20
419 437
374 830
938 937
197 20
194 906
568 953
210 700
39 595
35 931
517 307
472 87
835 491
823 697
424 613
281 404
833 891
1041 497
707 64
261 405
707 450
464 650
833 358
219 717
119 22
656 401
126 890
867 127
874 47
519 633
176 973
462 220
743 202
572 278
1078 564
641 575
716 516
4 323
809 968
711 432
19 349
603 152
18 46
453 479
1043 481
148 611
333 32
726 873
329 134
833 117
430 848
821 972
797 910
807 96
679 339
912 988
406 781
1014 445
298 474
436 733
73 153
861 392
248 743
90 459
774 351
528 353
113 865
145 283
221 146
693 161
371 234
240 461
246 447
34 804
930 287
211 227
142 561
823 17
948 414
863 464
451 596
273 742
858 365
885 457
1053 372
54 452
1063 718
950 757
638 619
40 43
244 394
151 296
761 650
820 683
109 704
596 95
978 803
375 228
303 840
869 169
1083 88
4 491
782 381
290 936
6 967
1043 893
97 868
843 923
213 740
383 384
877 434
420 496
805 36
76 825
697 470
464 961
815 424
949 290
781 390
972 923
14 392
691 676
813 558
294 446
982 16
622 518
550 511
710 396
871 981
265 402
985 108
913 393
696 978
716 644
883 160
1019 671
417 947
800 658
398 252
1014 422
1071 850
74 552
996 663
156 222
951 639
826 694
797 499
297 744
16 921
800 648
593 317
530 105
813 466
66 454
488 772
498 193
568 439
140 835
122 67
724 222
808 239
417 192
686 781
1023 10
349 742
209 206
772 710
141 553
874 276
490 120
1043 44
509 222
1042 848
220 601
350 34
985 69
503 402
291 996
324 425
346 128
998 883
183 835
891 21
440 785
58 394
439 464
56 777
559 700
985 993
1022 626
76 10
311 828
441 371
28 203
215 715
17 506
419 683
746 51
696 330
836 240
747 504
258 621
386 798
1060 718
254 9
840 330
461 553
135 48
708 890
229 267
136 648
978 895
346 806
422 577
99 808
821 805
937 796
131 14
710 811
253 179
477 206
192 599
663 707
325 627
143 496
33 470
162 761
773 323
111 254
245 513
180 136
208 407
311 523
471 848
334 25
172 45
556 44
587 28
707 564
753 598
502 374
90 658
758 562
884 240
636 48
1075 309
298 85
451 858
254 110
92 681
1003 429
782 244
766 262
1042 519
557 433
389 129
582 927
681 101
126 594
300 458
239 94
348 591
206 781
93 963
386 580
368 156
398 518
382 365
759 364
704 26
493 341
213 394
395 759
122 12
1078 461
590 442
811 326
1062 995
162 969
994 68
526 136
57 351
11 533
904 906
443 655
323 728
924 319
487 849
816 879
829 390
605 571
933 362
404 738
532 485
171 201
196 689
52 49
830 262
322 5
871 83
66 16
663 397
356 728
517 892
572 902
799 573
48 413
709 749
641 796
683 291
102 897
198 163
1091 965
124 275
603 484
750 311
216 927
232 703
595 140
184 42
673 606
1039 985
743 667
780 689
815 727
1053 353
105 267
321 350
82 516
1089 220
1085 27
4 909
931 976
455 685
702 625
962 478
755 908
66 521
790 68
931 969
274 616
99 475
199 425
867 959
1021 290
661 999
922 824
1008 879
715 115
1022 16
380 377
694 532
334 107
404 790
929 451
986 686
837 650
926 240
907 9
877 696
99 307
827 75
433 155
591 270
1032 947
768 222
828 82
802 606
708 508
1070 498
117 291
352 957
393 764
977 381
1075 12
97 3
736 793
916 100
75 738
692 56
418 699
220 836
101 466
523 858
933 920
271 263
113 565
441 215
1026 520
787 484
111 177
208 55
542 89
980 430
502 705
174 571
390 347
256 671
799 645
565 550
399 779
653 199
664 139
471 242
439 918
391 545
1066 512
609 799
750 190
274 641
403 550
1034 163
928 989
837 460
766 55
394 352
855 490
194 689
383 582
561 401
255 199
523 142
891 485
19 411
341 272
271 596
380 678
52 999
1037 605
638 207
295 950
377 71
336 928
260 695
246 16
806 356
868 83
1020 758
573 444
1015 645
459 911
94 922
328 687
175 90
227 849
1048 744
81 521
62 951
105 671
998 172
596 895
401 522
57 465
75 628
239 493
1052 43
44 693
320 546
536 29
1040 165
95 744
688 291
926 1
503 722
995 336
543 252
849 22
160 942
791 631
972 399
901 184
393 37
104 661
911 45
39 546
662 75
1062 566
509 837
182 320
78 222
349 601
859 963
263 58
946 4
650 250
638 858
658 240
125 778
1021 976
650 674
21 655
93 248
458 197
927 576
4 3
668 555
893 621
1064 568
63 717
644 875
464 11
1049 523
565 753
359 750
532 670
885 116
242 228
86 796
598 388
757 519
951 580
245 654
814 154
796 848
903 701
385 130
338 589
879 295
687 657
122 934
809 509
407 296
635 140
408 346
247 671
717 360
301 618
798 293
357 789
140 873
1013 869
753 746
837 38
898 582
249 82
321 533
963 53
1090 325
296 587
1030 911
551 592
140 729
202 553
979 484
399 615
8 678
1005 872
731 675
615 730
556 905
117 984
637 843
851 481
973 883
104 97
522 687
76 391
1047 797
454 263
923 147
937 789
779 543
400 491
512 603
376 722
138 165
256 269
81 379
409 612
923 110
1091 453
1078 894
299 684
592 403
212 523
978 658
634 909
679 369
34 903
1 652
367 173
826 752
8 648
314 490
832 563
155 992
1019 237
45 380
510 556
761 305
346 945
827 808
52 333
902 172
301 280
1035 729
183 436
1062 254
957 870
553 463
493 833
622 136
310 356
433 347
1066 172
765 149
582 986
288 546
272 99
216 588
1035 74
78 926
241 502
711 575
537 995
247 74
533 722
641 919
117 271
114 347
375 561
939 868
734 60
776 307
740 450
798 494
1015 701
402 994
995 626
1040 570
272 110
814 81
251 432
647 111
702 705
838 380
258 429
970 612
1008 190
528 647
1064 884
461 231
320 11
528 926
969 435
648 200
992 854
308 906
919 634
999 565
632 648
669 601
133 594
72 567
111 574
530 178
127 647
748 18
220 688
872 733
628 921
900 469
795 961
633 538
26 587
786 258
244 670
1059 210
916 275
60 274
87 566
932 649
118 160
758 494
1077 152
734 451
422 493
845 925
718 130
55 456
86 713
951 154
466 367
716 554
1063 978
174 634
261 949
117 224
215 304
764 9
471 635
698 50
526 43
272 49
726 786
123 271
729 269
1026 285
1050 871
41 70
781 84
475 976
519 378
387 241
366 748
246 422
766 96
10 339
797 169
489 793
1004 928
221 439
362 362
595 178
1056 45
1082 330
804 877
1011 802
340 385
55 210
403 340
479 303
44 42
1043 22
52 760
442 356
885 815
348 55
39 480
837 308
471 225
568 641
338 73
388 706
377 373
394 899
165 690
676 481
615 952
379 295
206 552
457 395
843 130
498 941
533 594
616 179
874 550
979 255
2 379
843 31
525 186
228 532
214 673
167 19
319 107
152 198
259 742
837 834
902 142
127 216
691 492
33 802
627 571
483 944
23 764
632 907
667 402
984 601
965 484
275 410
247 189
904 368
237 466
154 966
802 849
155 584
341 586
729 321
712 632
606 518
595 688
389 654
301 108
79 111
696 913
324 590
526 56
275 461
1073 682
73 834
578 94
635 499
832 860
755 332
685 354
988 126
1038 745
881 954
814 764
841 197
614 849
399 653
10 53
62 902
415 696
400 4
171 720
719 241
650 276
393 54
842 460
660 262
906 620
245 512
199 483
356 848
736 536
61 597
175 859
839 805
1038 92
838 828
878 618
57 699
359 964
614 305
93 608
393 142
186 641
682 411
776 787
265 202
979 614
13 191
702 445
608 770
527 230
1036 117
65 702
134 437
304 206
501 739
67 32
904 980
124 166
125 921
450 420
1072 338
381 195
241 498
744 554
985 412
795 518
797 468
879 940
258 640
684 409
366 336
616 6
272 951
293 707
294 617
58 720
438 242
1004 320
400 47
888 874
169 365
1069 123
239 74
1006 776
1010 354
938 692
103 1000
814 217
227 145
1038 53
918 463
229 901
1072 628
911 834
709 451
668 325
872 449
813 362
1080 656
720 133
131 991
206 732
1022 404
562 219
907 165
829 525
250 877
151 796
205 713
234 724
938 892
721 701
475 373
466 666
234 709
318 676
936 540
97 376
906 967
240 854
24 50
329 121
395 646
502 434
479 216
384 373
422 479
736 836
656 303
688 171
45 127
582 658
396 151
862 462
709 191
68 855
543 530
985 797
630 57
41 360
110 392
346 879
810 103
891 421
820 404
283 836
1012 496
3 883
1074 818
821 188
790 799
100 608
274 581
850 218
336 634
183 957
933 883
448 315
1060 586
83 132
2 333
137 452
676 580
209 323
22 429
1011 778
184 102
198 764
540 359
623 970
699 126
855 157
229 144
998 136
95 872
990 372
115 235
245 405
746 791
919 787
746 54
615 594
78 500
625 70
479 358
632 169
1037 171
214 814
771 248
197 611
518 981
511 663
666 276
402 406
220 986
955 161
446 800
470 497
849 629
540 901
511 404
399 758
207 644
699 436
621 585
649 683
378 839
333 531
98 249
383 347
1076 800
609 17
188 592
879 469
132 245
680 525
560 975
914 536
332 559
199 370
304 374
1065 703
959 100
944 818
120 974
563 175
591 771
71 220
205 68
839 359
727 897
442 312
2 607
1007 336
795 743
849 989
1088 237
717 957
292 518
268 800
645 788
177 968
249 83
315 405
657 868
676 575
916 368
130 725
609 871
558 450
389 267
877 8
578 126
24 179
803 586
221 845
177 707
816 98
112 270
401 238
910 954
573 215
650 920
344 412
607 445
584 967
1048 554
183 416
863 536
435 504
180 137
466 389
945 824
92 854
1058 899
770 949
1057 669
535 619
315 941
68 117
636 685
668 324
141 710
557 179
71 229
210 437
842 310
1063 699
945 197
723 593
1025 713
67 402
1062 786
1091 215
597 359
905 896
632 984
456 420
321 296
566 835
71 77
118 503
877 579
563 674
582 839
494 673
258 266
960 968
355 126
276 82
510 198
587 486
325 822
748 704
450 106
226 490
348 853
349 287
1009 471
310 236
930 922
575 665
608 768
969 844
74 264
341 54
1017 964
267 426
23 871
621 128
411 775
792 67
116 952
95 886
285 916
1005 289
321 937
557 556
1048 588
297 587
878 900
156 989
98 367
1050 202
618 672
904 376
686 410
290 779
202 37
450 531
1014 628
442 73
1088 660
654 480
751 456
708 423
996 236
491 182
857 310
43 96
120 836
1054 67
984 978
886 796
665 815
451 83
177 905
908 459
392 676
31 584
508 455
805 907
789 706
807 552
414 795
331 548
919 54
326 95
122 548
491 863
99 26
590 659
967 187
846 787
549 870
1012 625
1037 337
1073 865
275 807
262 736
673 494
809 519
303 387
126 689
645 504
257 589
281 151
275 210
726 410
260 789
359 767
202 257
745 672
922 493
990 605
958 33
745 692
458 458
587 155
217 795
1015 991
114 234
376 854
38 794
867 40
844 809
813 872
614 857
281 594
163 248
775 420
658 271
924 27
49 970
42 519
778 859
204 739
1077 300
980 253
337 778
815 664
302 115
481 376
551 979
435 965
685 1
203 871
678 401
418 99
667 775
178 123
1039 529
146 638
177 432
775 994
255 737
229 375
514 461
234 990
289 252
561 72
273 159
537 149
692 436
127 869
861 831
211 222
182 56
452 347
820 584
179 492
22 8
930 860
97 611
427 248
132 428
76 914
143 801
678 818
313 328
981 787
462 725
40 368
921 305
357 151
286 762
644 303
691 442
730 404
1055 726
30 561
884 565
890 263
955 561
463 999
690 530
340 367
574 477
215 146
1062 357
286 842
865 253
860 783
705 155
39 33
482 604
32 597
281 464
603 351
270 465
969 164
464 442
1078 208
307 834
253 745
799 250
807 653
543 435
526 857
528 441
353 107
184 398
447 670
857 672
889 236
781 202
895 622
817 94
880 782
970 574
992 507
908 265
491 355
195 401
434 160
338 987
216 169
422 569
612 584
588 116
746 300
698 824
155 282
1044 669
667 494
839 261
724 411
537 916
874 57
971 412
782 578
17 147
275 205
248 720
328 234
820 692
394 679
637 550
559 895
732 40
419 531
499 381
740 126
905 626
227 494
725 158
629 343
1076 28
883 952
692 770
331 349
1019 978
154 241
1082 529
429 677
650 686
223 727
797 577
407 16
718 417
995 46
285 32
980 248
239 628
952 922
239 308
64 179
50 626
343 116
624 103
32 21
106 348
663 640
729 990
415 372
129 922
400 699
524 156
295 947
539 717
95 484
533 56
236 394
482 36
345 861
1011 38
934 696
745 634
370 297
826 298
32 159
196 497
579 635
906 182
649 596
357 12
173 975
1060 356
683 2
294 666
654 492
905 173
599 863
411 518
864 679
1079 960
594 82
492 6
954 110
75 214
417 301
194 984
191 231
478 246
46 855
871 355
1021 817
489 35
242 333
875 812
794 509
997 662
240 860
251 399
769 89
704 987
966 729
320 695
400 12
450 260
158 750
698 708
514 720
277 741
810 961
531 71
718 504
101 618
496 82
518 393
323 406
924 788
781 68
552 3
324 785
99 456
102 727
780 795
202 570
454 411
135 673
298 507
20 986
613 496
724 35
986 159
480 667
680 660
67 591
543 312
299 7
118 705
920 670
462 891
508 179
15 247
18 772
595 987
726 833
390 979
28 519
440 819
219 279
901 372
626 478
681 912
676 930
351 845
736 510
925 822
71 800
495 339
607 622
220 898
255 476
1026 706
207 517
758 685
238 20
376 442
5 635
533 403
121 718
386 598
34 215
415 764
735 441
28 626
624 765
127 511
75 779
239 277
544 926
442 811
624 305
646 776
518 457
912 196
953 523
873 721
698 225
1039 798
408 944
639 426
418 986
284 682
437 270
1057 503
599 443
132 395
780 686
664 271
369 289
414 610
685 951
119 745
355 240
579 309
155 815
156 597
1044 500
947 743
978 473
245 13
1089 173
523 45
620 151
935 136
607 62
382 562
56 17
768 433
134 683
914 519
426 605
1032 83
638 27
594 768
472 296
569 870
455 114
32 789
784 874
960 317
751 131
447 515
38 453
295 503
109 635
621 537
831 940
618 740
589 333
340 212
576 282
413 457
163 759
986 108
241 184
276 541
395 976
87 529
546 627
862 151
935 350
912 235
348 804
826 621
641 560
519 51
653 980
354 64
1028 971
56 980
751 616
609 299
15 654
18 94
611 717
44 436
1027 423
484 788
361 665
851 221
231 929
303 528
173 153
1036 251
99 733
55 546
426 3
644 394
235 579
993 579
779 316
1055 780
1083 314
443 308
833 267
479 932
577 34
695 8
1014 971
356 969
813 290
828 202
587 311
622 514
319 861
398 23
994 151
573 883
50 73
313 267
1053 581
770 203
350 947
470 531
782 355
213 358
797 838
796 638
409 212
24 609
701 931
372 624
345 848
769 977
967 581
68 702
258 500
655 235
318 66
974 91
949 350
949 565
996 730
808 954
444 400
889 410
637 148
310 534
172 932
202 378
948 394
787 982
360 336
751 875
64 259
10 338
674 709
264 185
84 18
788 585
824 18
21 339
970 450
127 459
778 675
975 252
232 799
203 650
790 996
900 199
127 883
165 503
361 479
948 825
983 236
659 384
214 506
749 591
810 556
340 793
458 494
156 419
633 7
80 969
613 772
72 919
338 687
922 684
912 821
849 882
618 31
1069 757
788 546
691 120
598 975
1005 986
918 707
218 477
1008 839
186 411
545 828
215 15
556 715
40 29
858 435
501 900
177 132
512 424
429 967
62 409
518 603
763 655
538 410
117 178
771 571
499 763
1 240
908 872
453 329
909 865
387 499
257 897
617 936
960 667
116 975
807 476
850 513
1035 682
171 152
409 270
578 158
735 277
950 37
81 659
75 445
1088 667
1074 60
333 838
752 720
362 351
706 958
348 935
718 517
753 912
462 115
520 53
1026 779
516 77
948 376
312 73
370 89
143 967
726 120
849 841
982 267
265 416
306 649
675 918
141 215
243 609
495 387
505 249
101 406
313 442
828 475
105 168
530 478
504 455
473 294
392 485
558 826
546 639
852 81
1013 491
65 591
361 274
883 803
641 819
202 131
930 731
295 834
157 701
155 692
581 682
698 331
832 850
286 12
877 873
246 213
104 557
296 259
237 110
457 209
105 375
265 832
758 412
1076 271
986 51
66 879
1018 68
25 325
464 879
99 368
635 40
478 253
704 1000
116 117
724 658
824 994
943 174
12 389
525 141
36 821
842 695
225 927
21 172
277 310
349 212
779 567
282 327
420 935
1017 385
299 798
479 899
1081 268
885 30
220 63
430 595
833 64
666 761
610 743
414 254
1040 897
45 436
768 596
930 194
627 381
896 72
207 602
73 974
957 140
283 878
646 394
76 39
189 557
609 359
37 29
854 441
938 230
444 34
305 348
666 366
319 319
909 54
471 835
504 608
154 966
352 632
143 918
1022 516
894 496
1061 240
1055 647
1045 662
538 359
416 907
932 97
518 361
942 108
889 113
250 597
383 767
205 367
166 659
890 183
7 512
226 142
25 887
748 39
496 492
604 744
1000 806
687 201
1024 518
117 503
366 856
437 145
747 939
1041 55
41 184
572 47
863 774
362 845
564 274
1059 744
457 519
33 664
242 465
630 969
197 519
404 885
258 420
275 769
424 127
51 849
463 676
464 14
401 768
823 66
1065 371
689 674
295 709
1090 694
832 818
807 664
47 187
840 511
504 113
378 919
874 186
259 578
863 232
695 590
880 491
538 957
113 885
251 473
