500 2375
94 485
506 326
416 248
992 421
649 322
237 795
457 43
815 845
446 955
422 252
791 9
359 901
667 122
598 94
7 738
544 574
334 715
766 882
994 367
893 984
633 299
131 433
428 682
700 72
617 874
874 138
720 856
419 145
794 995
196 529
997 199
116 277
908 97
539 719
707 242
569 107
537 122
931 70
726 98
487 600
772 645
513 267
81 972
943 895
58 213
303 748
764 487
536 923
724 29
789 674
479 540
142 554
339 467
641 46
196 710
494 553
66 191
824 724
208 730
711 988
800 90
314 340
289 549
401 196
466 865
689 678
833 570
225 936
244 722
849 651
113 123
379 431
361 508
65 585
486 853
686 642
286 992
889 725
24 286
491 812
891 859
90 663
181 88
214 179
17 187
472 619
418 261
419 846
356 192
682 261
306 514
201 886
385 530
952 849
500 294
194 799
737 391
324 330
992 298
224 790
260 275
97 826
210 72
649 866
919 951
63 748
958 685
804 956
518 564
428 183
537 400
346 721
153 207
971 323
662 611
197 116
91 109
529 795
126 343
747 862
469 685
770 10
934 881
723 984
895 403
568 360
172 449
958 541
383 272
308 877
970 359
583 707
48 308
930 770
569 30
3 208
20 311
609 100
887 939
825 422
930 785
904 370
241 989
379 969
376 143
962 972
889 28
443 61
216 638
338 348
160 347
406 66
159 391
31 638
204 295
420 826
153 196
425 449
331 855
565 143
838 487
9 140
918 564
533 615
232 135
957 564
591 360
576 793
746 163
377 859
858 760
86 711
434 662
558 159
279 660
840 268
735 948
574 315
126 676
912 341
739 689
821 894
625 706
917 490
201 478
993 671
149 932
52 899
759 237
267 187
256 472
783 772
117 98
516 906
180 911
25 635
380 225
712 823
266 164
216 343
448 732
541 502
664 740
954 576
726 612
772 902
531 454
943 411
750 973
327 703
917 850
5 77
113 220
913 802
791 403
998 181
859 10
345 525
431 919
675 668
833 527
438 462
523 291
916 605
420 457
115 405
660 417
261 279
772 685
388 596
764 307
843 224
206 322
407 840
639 975
852 401
542 91
60 327
757 330
82 182
637 603
93 793
614 615
136 733
187 864
102 16
972 863
163 987
501 306
477 34
492 840
121 700
80 706
138 787
660 105
229 834
827 798
448 310
230 609
832 690
489 561
586 579
291 60
665 388
660 309
702 407
153 200
606 313
123 970
253 33
709 273
832 277
108 997
888 40
481 227
283 860
858 940
284 608
711 990
850 590
239 806
943 52
195 801
95 764
410 710
664 386
900 593
112 50
963 494
754 156
458 936
19 965
225 86
569 723
97 184
194 868
754 340
602 412
61 487
695 209
347 346
719 860
100 307
97 95
843 821
745 941
286 821
492 587
116 201
531 665
424 527
253 812
426 424
413 459
980 343
291 836
833 506
486 179
9 916
575 430
922 596
145 808
897 269
404 512
742 811
728 685
269 567
103 776
745 855
35 718
779 853
71 97
80 146
842 746
128 15
941 965
227 512
30 480
342 958
605 665
531 191
364 964
359 515
867 606
820 822
313 536
207 693
911 19
308 335
430 101
685 922
641 294
113 910
141 410
690 250
700 546
559 729
481 609
503 720
766 976
7 759
882 798
859 74
182 648
425 299
542 785
683 846
853 390
938 897
89 416
624 837
181 247
878 293
933 144
580 938
252 467
207 480
658 955
20 665
954 26
347 564
759 449
446 26
14 521
657 301
710 321
980 613
188 388
636 879
203 990
432 188
129 963
630 820
509 300
237 822
373 255
838 277
395 153
692 400
103 227
218 518
384 447
931 315
396 813
389 324
640 502
287 299
297 780
977 376
512 516
219 212
555 329
398 810
289 486
798 485
598 416
49 952
572 894
697 358
770 21
725 647
542 44
214 683
887 361
45 814
94 231
282 8
82 165
319 496
626 699
146 852
541 459
874 535
725 314
777 944
554 306
208 459
787 637
976 447
912 408
444 107
3 962
301 565
164 407
437 857
652 317
764 98
41 818
737 600
176 288
136 902
128 567
394 190
235 749
42 908
824 276
684 748
979 592
568 393
367 363
52 163
642 983
335 179
126 16
130 478
583 259
129 868
752 295
167 596
856 71
640 622
770 864
431 644
195 5
448 365
701 429
952 64
880 854
168 770
79 88
961 157
472 368
217 421
709 719
147 271
296 975
909 816
764 962
251 535
878 438
753 696
570 881
253 318
666 45
931 52
433 496
810 313
678 138
123 334
212 988
177 548
65 272
769 629
513 908
725 633
619 168
283 859
532 564
449 193
265 211
91 217
570 321
909 373
182 743
495 752
822 519
764 507
847 436
905 453
52 505
602 170
635 300
972 636
596 41
313 948
729 352
394 829
860 807
711 170
126 606
493 541
511 926
596 809
613 282
536 400
883 214
951 162
192 419
645 914
387 795
612 815
979 402
137 273
812 857
891 208
265 237
257 649
263 956
218 384
440 734
836 456
518 446
874 232
691 118
468 669
77 402
53 420
346 408
759 666
15 97
576 192
344 192
616 728
174 490
818 927
647 23
700 873
991 922
484 74
368 473
817 173
614 453
208 742
105 490
35 105
289 70
831 678
548 328
955 880
845 522
693 341
937 942
279 668
423 471
772 114
634 555
544 147
648 148
773 254
23 851
837 887
688 773
979 975
306 45
84 288
578 89
223 337
632 497
746 809
913 514
974 62
400 953
933 18
300 51
154 101
809 101
443 359
308 399
41 241
762 788
319 99
417 478
368 306
951 347
25 460
506 969
671 378
238 475
433 82
156 975
926 213
205 854
534 825
862 496
815 181
688 423
389 669
185 320
197 567
175 972
639 172
560 274
649 149
225 308
615 720
556 508
649 542
78 613
397 796
478 913
646 827
109 758
176 432
274 978
721 471
19 115
907 958
953 426
809 489
352 438
651 979
257 46
428 943
276 555
994 27
534 280
4 445
540 47
633 993
333 806
360 218
22 247
395 11
26 624
688 115
694 844
516 433
566 431
448 908
244 644
916 492
195 206
689 835
290 674
6 130
822 93
354 970
90 232
39 20
141 347
357 617
842 216
414 848
584 824
894 517
866 89
155 100
791 841
861 573
162 405
77 519
341 987
649 61
436 838
803 221
457 422
637 567
387 518
628 596
230 985
869 611
337 967
869 743
389 559
599 427
283 56
34 280
385 135
947 860
388 490
473 964
777 499
746 657
688 160
518 155
990 112
563 749
916 223
882 537
291 449
557 427
512 240
938 13
226 358
891 469
134 673
483 805
966 615
829 726
465 651
386 445
159 518
554 30
803 516
219 36
297 549
123 735
842 678
83 850
155 541
626 232
880 574
788 291
991 744
367 708
275 897
143 868
965 731
185 990
831 948
776 958
858 116
192 945
589 233
901 583
158 736
890 874
812 28
221 570
101 494
172 170
526 757
805 334
270 921
86 239
901 877
196 298
562 110
961 377
819 257
658 520
318 934
453 574
557 29
843 730
695 190
708 804
118 665
232 171
750 504
346 410
816 244
539 971
121 790
33 340
530 858
660 815
912 754
104 77
59 296
365 429
596 591
630 20
861 226
702 981
719 582
864 725
431 635
161 397
621 84
672 519
858 609
417 715
488 498
348 578
95 30
200 387
156 189
460 981
634 32
613 731
811 877
952 885
377 654
176 713
381 534
510 851
312 834
288 803
181 680
188 898
248 526
23 476
623 849
165 132
401 502
977 251
197 571
138 623
875 75
975 695
896 648
962 239
578 930
603 723
996 641
598 971
623 92
671 285
691 791
886 128
683 668
960 615
770 683
653 570
168 113
299 953
576 670
912 492
749 96
169 617
770 916
451 971
574 550
660 63
917 875
808 821
244 48
741 723
872 383
914 96
223 586
87 411
199 392
208 309
500 825
826 172
529 733
370 995
166 789
4 149
802 670
790 496
302 33
328 161
380 471
638 675
621 549
767 126
256 525
474 101
476 969
963 321
775 42
728 873
846 251
147 258
354 108
619 515
156 358
656 78
612 475
464 670
14 516
773 355
661 879
714 919
704 71
633 428
863 709
699 6
925 547
106 834
97 260
351 697
31 913
427 384
198 930
235 427
304 761
80 526
570 236
476 56
168 444
733 315
484 174
676 492
454 175
973 609
834 733
345 964
661 982
610 787
718 129
657 105
468 925
495 829
653 573
921 219
697 819
176 587
600 92
267 323
468 896
352 865
77 109
661 373
918 201
170 838
763 68
387 850
269 323
662 625
537 595
636 395
485 953
173 100
421 532
77 735
877 395
951 132
671 830
208 784
381 837
876 349
407 965
434 496
250 892
760 181
801 868
255 161
433 951
458 313
997 937
853 767
299 163
468 895
937 399
218 282
71 191
724 491
229 582
773 745
235 538
551 393
953 264
565 239
970 487
709 198
403 400
250 923
596 73
425 106
407 366
75 535
507 215
593 70
232 388
124 759
462 883
646 848
96 689
124 145
418 905
154 118
87 385
780 317
193 442
278 942
459 763
