1000 1114
585 485
194 94
426 326
606 506
348 248
516 416
521 421
1092 992
422 322
749 649
895 795
337 237
143 43
557 457
945 845
915 815
1055 955
546 446
352 252
522 422
109 9
891 791
1001 901
459 359
222 122
767 667
194 94
698 598
838 738
107 7
674 574
644 544
815 715
434 334
982 882
866 766
467 367
1094 994
1084 984
993 893
399 299
733 633
533 433
231 131
782 682
528 428
172 72
800 700
974 874
717 617
238 138
974 874
956 856
820 720
245 145
519 419
1095 995
894 794
629 529
296 196
299 199
1097 997
377 277
216 116
197 97
1008 908
819 719
639 539
342 242
807 707
207 107
669 569
222 122
637 537
170 70
1031 931
198 98
826 726
700 600
587 487
745 645
872 772
367 267
613 513
1072 972
181 81
995 895
1043 943
313 213
158 58
848 748
403 303
587 487
864 764
1023 923
636 536
129 29
824 724
774 674
889 789
640 540
579 479
654 554
242 142
567 467
439 339
146 46
741 641
810 710
296 196
653 553
594 494
291 191
166 66
824 724
924 824
830 730
308 208
1088 988
811 711
190 90
900 800
440 340
414 314
649 549
389 289
296 196
501 401
965 865
566 466
778 678
789 689
670 570
933 833
1036 936
325 225
822 722
344 244
751 651
949 849
223 123
213 113
531 431
479 379
608 508
461 361
685 585
165 65
953 853
586 486
742 642
786 686
1092 992
386 286
825 725
989 889
386 286
124 24
912 812
591 491
959 859
991 891
763 663
190 90
188 88
281 181
279 179
314 214
287 187
117 17
719 619
572 472
361 261
518 418
946 846
519 419
292 192
456 356
361 261
782 682
614 514
406 306
986 886
301 201
630 530
485 385
949 849
1052 952
394 294
600 500
899 799
294 194
491 391
837 737
430 330
424 324
398 298
1092 992
890 790
324 224
375 275
360 260
926 826
197 97
172 72
310 210
966 866
749 649
1051 951
1019 919
848 748
163 63
785 685
1058 958
1056 956
904 804
664 564
618 518
283 183
528 428
500 400
637 537
821 721
446 346
307 207
253 153
423 323
1071 971
711 611
762 662
216 116
297 197
209 109
191 91
895 795
629 529
443 343
226 126
962 862
847 747
785 685
569 469
110 10
870 770
981 881
1034 934
1084 984
823 723
503 403
995 895
460 360
668 568
549 449
272 172
641 541
1058 958
372 272
483 383
977 877
408 308
459 359
1070 970
807 707
683 583
408 308
148 48
870 770
1030 930
130 30
669 569
308 208
103 3
411 311
120 20
200 100
709 609
1039 939
987 887
522 422
925 825
885 785
1030 930
470 370
1004 904
1089 989
341 241
1069 969
479 379
243 143
476 376
1072 972
1062 962
128 28
989 889
161 61
543 443
738 638
316 216
448 348
438 338
447 347
260 160
166 66
506 406
491 391
259 159
738 638
131 31
395 295
304 204
926 826
520 420
296 196
253 153
549 449
525 425
955 855
431 331
243 143
665 565
587 487
938 838
240 140
109 9
664 564
1018 918
715 615
633 533
235 135
332 232
664 564
1057 957
460 360
691 591
893 793
676 576
263 163
846 746
959 859
477 377
860 760
958 858
811 711
186 86
762 662
534 434
259 159
658 558
760 660
379 279
368 268
940 840
1048 948
835 735
415 315
674 574
776 676
226 126
441 341
1012 912
789 689
839 739
994 894
921 821
806 706
725 625
590 490
1017 917
578 478
301 201
771 671
1093 993
1032 932
249 149
999 899
152 52
337 237
859 759
287 187
367 267
572 472
356 256
872 772
883 783
198 98
217 117
1006 906
616 516
1011 911
280 180
735 635
125 25
325 225
480 380
923 823
812 712
264 164
366 266
443 343
316 216
832 732
548 448
602 502
641 541
840 740
764 664
676 576
1054 954
712 612
826 726
1002 902
872 772
554 454
631 531
511 411
1043 943
1073 973
850 750
803 703
427 327
950 850
1017 917
177 77
105 5
320 220
213 113
902 802
1013 913
503 403
891 791
281 181
1098 998
110 10
959 859
625 525
445 345
1019 919
531 431
768 668
775 675
627 527
933 833
562 462
538 438
391 291
623 523
705 605
1016 916
557 457
520 420
505 405
215 115
517 417
760 660
379 279
361 261
785 685
872 772
696 596
488 388
407 307
864 764
324 224
943 843
422 322
306 206
940 840
507 407
1075 975
739 639
501 401
952 852
191 91
642 542
427 327
160 60
430 330
857 757
282 182
182 82
703 603
737 637
893 793
193 93
715 615
714 614
833 733
236 136
964 864
287 187
116 16
202 102
963 863
1072 972
1087 987
263 163
406 306
601 501
134 34
577 477
940 840
592 492
800 700
221 121
806 706
180 80
887 787
238 138
205 105
760 660
934 834
329 229
898 798
927 827
410 310
548 448
709 609
330 230
790 690
932 832
661 561
589 489
679 579
686 586
160 60
391 291
488 388
765 665
409 309
760 660
507 407
802 702
300 200
253 153
413 313
706 606
1070 970
223 123
133 33
353 253
373 273
809 709
377 277
932 832
1097 997
208 108
140 40
988 888
327 227
581 481
960 860
383 283
1040 940
958 858
708 608
384 284
1090 990
811 711
690 590
950 850
906 806
339 239
152 52
1043 943
901 801
295 195
864 764
195 95
810 710
510 410
486 386
764 664
693 593
1000 900
150 50
212 112
594 494
1063 963
256 156
854 754
1036 936
558 458
1065 965
119 19
186 86
325 225
823 723
669 569
284 184
197 97
968 868
294 194
440 340
854 754
512 412
702 602
587 487
161 61
309 209
795 695
446 346
447 347
960 860
819 719
407 307
200 100
195 95
197 97
921 821
943 843
1041 941
845 745
921 821
386 286
687 587
592 492
301 201
216 116
765 665
631 531
627 527
524 424
912 812
353 253
524 424
526 426
559 459
513 413
443 343
1080 980
936 836
391 291
606 506
933 833
279 179
586 486
1016 916
109 9
530 430
675 575
696 596
1022 922
908 808
245 145
369 269
997 897
612 512
504 404
911 811
842 742
785 685
828 728
667 567
369 269
876 776
203 103
955 855
845 745
818 718
135 35
953 853
879 779
197 97
171 71
246 146
180 80
846 746
942 842
115 15
228 128
1065 965
1041 941
612 512
327 227
580 480
130 30
1058 958
442 342
765 665
705 605
291 191
631 531
1064 964
464 364
615 515
459 359
706 606
967 867
922 822
920 820
636 536
413 313
793 693
307 207
119 19
1011 911
435 335
408 308
201 101
530 430
1022 922
785 685
394 294
741 641
1010 910
213 113
510 410
241 141
350 250
790 690
646 546
800 700
829 729
659 559
709 609
581 481
820 720
603 503
1076 976
866 766
859 759
107 7
898 798
982 882
174 74
959 859
748 648
282 182
399 299
525 425
885 785
642 542
946 846
783 683
490 390
953 853
997 897
1038 938
516 416
189 89
937 837
724 624
347 247
281 181
393 293
978 878
244 144
1033 933
1038 938
680 580
567 467
352 252
580 480
307 207
1055 955
758 658
765 665
120 20
126 26
1054 954
664 564
447 347
549 449
859 759
126 26
546 446
621 521
114 14
401 301
757 657
421 321
810 710
713 613
1080 980
488 388
288 188
979 879
736 636
1090 990
303 203
288 188
532 432
1063 963
229 129
920 820
730 630
400 300
609 509
922 822
337 237
355 255
473 373
377 277
938 838
253 153
495 395
500 400
792 692
327 227
203 103
618 518
318 218
547 447
484 384
415 315
1031 931
913 813
496 396
424 324
489 389
602 502
740 640
399 299
387 287
880 780
397 297
476 376
1077 977
616 516
612 512
312 212
319 219
429 329
655 555
910 810
498 398
586 486
389 289
585 485
898 798
516 416
698 598
1052 952
149 49
994 894
672 572
458 358
797 697
121 21
870 770
747 647
825 725
144 44
642 542
783 683
314 214
461 361
987 887
914 814
145 45
331 231
194 94
108 8
382 282
265 165
182 82
596 496
419 319
799 699
726 626
952 852
246 146
559 459
641 541
635 535
974 874
414 314
825 725
1044 944
877 777
406 306
654 554
559 459
308 208
737 637
887 787
547 447
1076 976
508 408
1012 912
207 107
544 444
1062 962
103 3
665 565
401 301
507 407
264 164
957 857
537 437
417 317
752 652
198 98
864 764
918 818
141 41
700 600
837 737
388 288
276 176
1002 902
236 136
667 567
228 128
290 190
494 394
849 749
335 235
1008 908
142 42
376 276
924 824
848 748
784 684
692 592
1079 979
493 393
668 568
463 363
467 367
263 163
152 52
1083 983
742 642
279 179
435 335
116 16
226 126
578 478
230 130
359 259
683 583
968 868
229 129
395 295
852 752
696 596
267 167
171 71
956 856
722 622
740 640
964 864
870 770
744 644
531 431
105 5
295 195
465 365
548 448
529 429
801 701
164 64
1052 952
954 854
980 880
870 770
268 168
188 88
179 79
257 157
1061 961
468 368
572 472
521 421
317 217
819 719
809 709
371 271
247 147
1075 975
396 296
916 816
1009 909
1062 962
864 764
635 535
351 251
538 438
978 878
796 696
853 753
981 881
670 570
418 318
353 253
145 45
766 666
152 52
1031 931
596 496
533 433
413 313
910 810
238 138
778 678
434 334
223 123
1088 988
312 212
589 425
1087 986
116 854
833 36
602 444
229 14
975 894
203 720
518 8
262 466
985 277
895 643
341 400
659 284
281 727
548 936
568 491
503 901
412 874
337 420
519 244
565 299
256 719
704 926
291 853
687 931
1049 248
499 448
283 957
973 667
123 113
395 750
618 929
1035 619
1018 638
295 230
374 517
133 995
471 181
803 676
202 732
922 477
1026 863
338 257
1032 597
613 879
338 589
455 794
229 335
1097 628
1041 772
954 101
304 35
559 727
638 910
176 770
432 91
977 209
783 911
617 359
515 153
753 742
443 590
1016 516
843 294
136 440
784 290
687 92
227 794
560 433
118 819
494 383
1045 318
184 480
547 197
144 968
521 27
719 12
888 277
294 195
396 451
261 288
310 497
498 420
577 76
804 912
1067 744
161 239
259 22
874 6
208 756
852 461
928 857
694 262
188 328
999 588
964 814
123 784
731 394
567 135
1029 647
820 381
264 282
252 66
576 829
706 916
601 568
597 884
910 140
783 768
513 425
369 537
166 454
614 892
257 518
274 887
360 228
1063 632
335 471
216 725
528 609
984 261
553 3
743 584
285 256
1029 397
820 225
416 422
783 58
312 135
917 267
755 995
157 195
884 203
566 426
197 625
496 658
950 696
104 485
625 659
636 416
900 146
646 57
214 199
1040 612
104 539
292 415
816 398
1024 46
175 251
405 96
945 639
845 768
633 237
761 711
473 824
997 365
514 874
1013 820
955 458
1004 130
1055 373
1019 952
1043 609
825 120
644 392
933 337
767 397
944 858
791 897
890 653
1071 488
495 286
266 559
459 801
675 49
412 24
815 887
485 895
1063 378
126 310
872 823
1081 795
996 893
565 435
657 659
849 635
161 891
266 117
334 380
922 938
687 143
1012 491
1034 511
645 133
820 615
159 939
797 977
1013 242
314 975
890 634
183 5
633 938
166 757
782 899
334 703
782 841
318 550
870 946
544 592
990 339
683 992
1015 163
244 356
1031 244
692 794
623 721
693 498
500 847
440 825
229 94
1022 93
690 133
740 367
691 483
203 834
147 754
399 20
812 340
531 77
466 5
719 929
615 76
330 498
757 228
351 37
351 889
838 828
377 985
268 897
970 328
547 536
209 865
876 500
189 11
446 978
815 158
911 678
660 242
198 483
456 367
269 698
294 855
1008 494
865 41
870 3
157 263
599 859
1071 709
140 993
171 64
941 158
621 675
131 743
222 106
220 209
905 980
561 850
893 425
105 368
853 959
948 908
127 332
809 103
352 648
1022 332
756 297
313 344
429 67
884 603
248 967
1032 690
772 945
1036 956
674 166
878 757
180 531
360 781
392 192
115 282
706 487
665 596
483 235
929 817
497 31
374 217
572 444
303 948
660 187
411 949
479 75
293 300
345 968
1045 421
186 591
979 61
182 181
930 775
330 605
651 483
437 80
467 335
375 198
406 115
964 219
957 728
605 541
982 720
578 575
749 615
597 953
487 802
623 442
945 307
1014 49
191 737
760 429
981 225
858 272
596 528
138 365
776 472
609 727
1005 405
958 910
816 858
1064 769
1068 577
560 136
602 9
815 893
688 254
696 250
443 230
580 752
354 249
183 759
473 447
583 249
557 890
479 773
272 808
220 649
251 890
1068 731
755 808
820 775
986 399
766 508
769 857
1080 954
337 590
166 120
393 637
743 229
552 914
388 66
470 339
583 164
520 325
814 977
778 288
117 36
954 341
1048 572
900 142
139 746
912 280
339 865
612 754
401 566
444 550
700 339
226 348
842 687
858 96
213 699
720 809
373 721
267 498
1054 356
278 719
541 35
276 939
490 788
726 850
740 303
429 853
467 612
972 940
329 523
271 918
233 425
354 675
602 560
751 383
532 273
231 847
1008 12
778 346
943 944
188 473
541 811
456 637
790 129
375 455
652 593
316 702
347 83
690 586
926 285
364 248
974 324
1032 896
306 699
772 166
715 621
921 104
501 758
451 300
545 71
926 51
1066 825
258 72
1060 126
993 938
513 382
907 71
886 941
648 556
830 614
440 418
910 74
634 663
842 505
968 548
708 561
917 648
732 212
590 767
566 290
752 211
525 531
440 125
257 371
843 408
1065 80
181 217
548 521
311 662
680 144
611 323
828 523
294 523
739 986
326 211
704 303
773 683
348 634
460 70
1047 419
485 534
895 144
712 714
993 449
484 167
137 489
1090 845
293 475
701 615
324 594
846 315
542 935
221 618
154 69
948 808
379 998
324 72
318 347
280 532
378 90
449 645
476 986
385 47
1028 36
1034 310
804 701
504 357
632 564
420 61
782 51
677 130
540 649
777 44
822 690
1015 502
492 992
614 702
557 861
1066 728
951 692
703 670
297 865
369 937
352 38
316 580
522 481
181 891
401 730
735 454
1044 922
1081 803
465 988
586 592
460 39
947 710
909 692
980 311
289 883
669 516
820 31
1045 881
361 741
1004 29
210 585
450 353
408 829
249 644
251 809
497 302
738 420
287 13
230 702
1013 497
1008 772
734 645
198 131
1016 286
738 724
1056 849
500 186
1091 78
991 611
608 33
205 314
442 558
976 529
480 224
699 997
474 782
721 172
453 141
965 533
592 223
1002 638
768 909
674 943
807 302
326 861
744 869
388 822
1086 740
209 420
615 771
361 238
1031 507
324 763
1093 383
255 607
257 518
316 953
842 909
943 762
988 865
159 941
161 535
1071 551
765 316
631 99
1007 704
529 635
1068 490
267 337
828 806
612 249
104 445
367 874
517 556
868 973
147 704
715 391
864 336
864 773
395 536
295 69
898 680
249 261
416 426
628 944
922 558
822 492
957 167
273 821
224 402
418 189
838 304
218 331
323 176
1087 832
151 835
1032 395
306 548
681 790
955 6
532 505
875 285
615 179
160 790
719 85
1069 215
586 851
943 426
698 353
693 549
1003 68
449 923
589 692
996 424
1026 500
252 892
201 394
884 707
790 122
880 507
623 224
886 544
259 709
299 720
435 524
371 206
680 762
318 187
1080 753
380 207
626 870
777 569
495 163
116 399
481 612
408 987
103 122
808 500
592 212
887 212
747 811
776 681
128 16
566 578
909 730
765 238
963 825
735 294
180 428
120 273
479 962
924 123
950 623
794 556
552 182
396 693
741 740
920 293
669 533
473 89
1060 173
166 314
549 453
1049 207
387 803
327 105
817 93
755 822
419 369
609 881
464 213
1047 32
714 827
640 901
975 167
940 259
936 84
925 487
949 509
769 878
128 56
475 438
894 539
496 781
372 8
885 533
652 462
647 755
253 606
1051 35
513 26
594 921
198 38
334 804
737 440
784 740
480 901
591 141
994 713
201 242
119 526
420 352
794 220
642 476
351 50
671 294
623 262
842 231
222 821
517 893
633 271
433 270
286 397
403 661
968 425
893 677
449 698
803 995
1001 131
289 789
557 735
726 188
684 408
308 912
880 449
559 239
182 554
458 965
778 441
217 954
118 613
278 479
302 670
341 487
1007 850
263 813
284 915
593 232
814 867
296 552
477 957
330 924
742 220
715 537
1093 832
737 415
572 219
781 825
407 757
233 301
502 98
356 309
1098 363
109 518
732 211
417 898
816 373
257 761
482 225
802 740
647 409
865 452
1036 313
946 324
133 82
920 485
237 538
498 22
807 356
129 848
1084 500
434 671
805 97
515 687
469 139
564 872
240 414
466 439
124 593
728 341
215 189
214 674
1009 932
390 327
842 53
219 626
954 282
940 728
347 363
1057 459
1071 109
1018 146
441 980
756 368
624 968
425 355
351 444
525 790
608 364
278 548
176 945
299 888
491 335
323 507
220 238
958 716
982 528
293 539
616 959
258 862
1005 521
1043 854
581 376
230 470
158 510
481 723
736 561
172 944
232 666
513 272
780 717
1080 454
438 723
557 753
403 705
768 876
362 259
908 942
552 412
429 595
665 467
763 978
134 555
347 626
647 902
795 953
451 666
1072 697
563 288
165 120
1018 70
545 998
795 679
401 382
574 812
944 344
610 720
536 570
119 251
578 713
423 234
111 678
962 325
790 361
436 545
630 128
173 114
745 411
809 872
744 902
204 845
781 355
140 755
689 870
465 375
743 241
119 556
171 96
462 960
143 983
395 552
653 973
823 742
154 474
1044 669
699 113
150 715
219 460
788 82
903 299
113 839
525 929
118 657
276 722
120 742
878 279
237 911
466 901
848 791
445 438
281 258
822 888
523 516
405 900
786 177
547 628
964 548
438 731
984 202
674 94
920 120
279 795
813 374
244 164
164 551
981 214
699 765
498 309
1048 980
815 591
766 618
839 231
218 944
466 971
404 621
240 271
518 14
842 837
429 66
860 115
1004 515
824 852
233 888
525 372
192 683
755 687
898 458
318 587
906 298
643 894
799 746
789 41
132 612
660 228
168 805
491 158
1034 497
695 5
608 37
559 512
696 717
617 450
355 84
362 637
676 244
1073 934
425 328
498 375
818 552
575 534
1005 388
353 499
962 466
404 929
162 72
631 422
997 633
400 615
1006 869
677 559
1027 393
229 460
728 595
1073 931
690 549
620 737
393 218
985 815
252 969
219 996
669 991
713 556
681 622
928 612
1096 949
451 243
