1000 2963
482 485
257 326
286 248
517 421
404 322
713 795
45 43
924 845
873 955
160 252
1 9
838 901
40 122
58 94
676 738
627 574
766 715
862 882
405 367
923 984
379 299
461 433
612 682
133 72
813 874
97 138
908 856
165 145
996 995
623 529
220 199
298 277
157 97
723 719
144 242
48 107
129 122
148 70
35 98
644 600
632 645
272 267
1040 972
977 895
312 213
778 748
567 487
965 923
1 29
616 674
569 540
628 554
493 467
76 46
733 710
575 553
288 191
775 724
723 730
912 988
64 90
354 340
565 549
210 196
922 865
775 678
566 570
934 936
626 722
742 651
194 123
485 431
483 508
617 585
876 853
653 642
896 992
652 725
220 286
727 812
900 859
563 663
56 88
157 179
280 187
537 619
284 261
920 846
124 192
239 261
459 514
931 886
504 530
910 849
382 294
795 799
485 391
351 330
289 298
865 790
250 275
738 826
75 72
788 866
947 951
651 748
595 685
993 956
663 564
265 183
338 400
637 721
206 207
328 323
618 611
64 116
139 109
806 795
412 343
912 862
715 685
1 10
929 881
1025 984
410 403
273 360
507 449
450 541
174 272
882 877
427 359
787 707
355 308
734 770
1 30
248 208
397 311
159 100
874 939
449 422
857 785
286 370
976 989
908 969
103 143
1071 972
1 28
117 61
697 638
424 348
439 347
74 66
442 391
568 638
195 295
854 826
281 196
433 449
845 855
224 143
487 487
181 140
496 564
690 615
124 135
575 564
374 360
766 793
149 163
776 859
793 760
674 711
696 662
90 159
732 660
214 268
935 948
228 315
619 676
349 341
734 689
964 894
644 706
484 490
491 478
628 671
1009 932
944 899
315 237
92 187
554 472
757 772
88 98
952 906
818 911
628 635
316 225
818 823
255 164
432 343
763 732
490 502
721 740
587 576
530 612
992 902
491 454
343 411
880 973
645 703
761 850
152 77
241 220
727 802
352 403
246 181
1 10
479 525
958 919
749 668
551 527
538 462
319 291
580 605
501 457
487 405
349 417
252 279
731 685
637 596
339 307
257 224
271 322
740 840
1002 975
404 401
190 91
254 327
277 330
100 182
648 603
810 793
535 615
702 733
855 864
76 16
773 863
917 987
279 306
123 34
922 840
613 700
658 706
705 787
101 105
807 834
883 798
358 310
634 609
786 690
618 561
644 579
141 60
466 388
340 309
495 407
283 200
352 313
886 970
95 33
291 273
217 277
1007 997
1 40
219 227
764 860
1025 940
600 608
895 990
690 590
738 806
1 52
772 801
727 764
774 710
340 386
503 593
1 50
432 494
228 156
993 936
1058 965
130 86
821 723
189 184
943 868
343 340
404 412
560 487
196 209
418 346
782 860
314 307
59 95
778 821
979 941
828 821
584 587
122 201
741 665
566 527
760 812
385 424
395 459
250 343
789 836
492 506
261 179
914 916
380 430
537 596
731 808
361 269
473 512
737 811
708 685
635 567
804 776
827 855
695 718
756 853
57 97
178 146
688 746
1 15
871 965
415 512
510 480
1057 958
764 665
193 191
905 964
583 515
696 606
887 822
444 536
741 693
12 19
313 335
81 101
828 922
354 294
981 910
499 410
283 250
545 546
635 729
540 609
689 720
946 976
730 759
703 798
14 74
644 648
241 299
793 785
912 846
461 390
801 897
424 416
744 837
272 247
338 293
193 144
987 938
432 467
505 480
944 955
653 665
38 26
468 564
461 449
1 26
576 521
329 301
274 321
701 613
432 388
851 879
915 990
137 188
927 963
903 820
373 300
770 822
160 255
285 277
231 153
366 400
317 227
423 518
420 447
216 315
772 813
271 324
566 502
243 299
725 780
390 376
491 516
225 212
392 329
781 810
434 486
535 485
368 416
938 952
946 894
353 358
1 21
707 647
143 44
630 683
364 361
822 814
147 231
54 8
91 165
431 496
606 699
917 852
553 459
473 535
222 314
954 944
369 306
413 459
717 637
491 447
447 408
44 107
994 962
518 565
448 407
931 857
369 317
181 98
815 818
655 600
267 288
960 902
611 567
271 190
771 749
993 908
359 276
810 748
563 592
360 393
264 363
199 163
1074 983
131 179
41 16
423 478
197 259
779 868
344 295
536 596
140 71
669 622
938 864
715 644
67 5
321 365
434 429
19 64
928 854
759 770
178 88
160 157
277 368
467 421
653 719
330 271
966 975
817 816
1045 962
508 535
492 438
743 696
884 881
259 318
56 45
1 52
421 496
270 313
99 138
429 334
1004 988
512 508
702 770
657 751
862 780
516 441
246 207
592 516
641 674
390 408
831 920
522 573
611 634
825 878
929 990
734 826
718 696
883 800
355 411
426 422
668 707
235 334
1080 986
397 494
137 150
648 562
342 380
799 832
1067 979
313 376
452 511
441 414
214 160
1059 982
260 238
579 490
897 899
316 251
526 526
909 897
139 39
634 657
384 452
577 538
840 831
509 460
262 185
934 934
513 440
556 490
97 168
107 71
937 977
370 458
193 204
802 803
134 139
390 399
439 420
1034 991
636 578
1008 972
191 177
429 398
445 348
483 496
347 276
769 825
540 614
212 121
789 730
317 341
381 284
714 698
24 17
570 546
771 672
1052 974
776 866
290 377
470 559
367 340
626 527
879 779
688 761
553 483
112 92
440 390
510 583
741 661
473 391
289 336
574 661
85 125
36 89
362 275
310 359
129 178
763 780
31 42
69 5
470 380
739 772
726 816
57 9
476 484
498 545
669 589
112 157
934 901
854 777
112 74
246 247
1 55
481 479
883 785
1051 958
763 680
417 393
900 944
573 596
601 619
588 611
900 852
327 283
199 299
847 766
240 312
862 826
635 726
680 733
806 805
767 679
495 403
870 964
259 337
476 541
512 478
467 369
1001 946
798 821
819 833
835 837
502 490
119 37
652 594
82 129
242 258
215 246
291 362
687 755
550 504
1 71
249 177
203 176
865 803
189 237
758 677
90 33
188 115
621 597
807 769
481 536
1031 956
349 341
222 184
260 234
551 569
245 216
631 537
183 84
873 810
656 657
5 33
137 159
579 520
656 668
373 287
232 229
352 374
428 474
598 672
943 915
582 511
120 123
573 569
218 199
347 396
628 715
1 59
642 610
959 917
983 927
186 270
60 117
513 516
143 215
234 216
290 237
597 615
452 499
521 477
837 760
267 285
20 56
1027 966
690 622
235 221
199 194
186 91
374 347
244 252
424 473
438 516
385 385
337 357
945 958
686 665
698 792
16 64
464 420
655 671
911 968
839 877
144 177
535 523
65 139
230 152
806 732
312 246
578 565
699 740
817 902
105 17
886 973
360 298
658 611
53 32
1 11
319 337
36 136
879 889
595 522
721 805
80 28
981 931
838 757
654 609
480 544
973 905
647 595
243 246
152 113
183 175
140 156
263 244
856 883
338 265
792 883
403 462
560 485
238 272
214 204
1011 984
453 409
330 398
819 909
469 370
882 882
279 214
811 766
82 35
341 421
271 271
397 370
876 848
128 50
1016 976
243 270
843 796
949 963
451 379
1091 991
594 551
867 897
353 307
471 421
100 74
401 388
591 559
884 980
607 615
651 681
209 231
133 207
741 818
372 331
950 979
403 445
419 348
780 724
345 401
618 646
766 668
335 242
288 302
795 861
777 830
117 77
541 441
499 589
1025 990
217 189
799 868
944 996
329 363
232 237
367 420
552 565
220 214
353 333
811 726
176 175
35 58
548 625
1 66
142 169
400 475
298 204
27 90
421 496
40 1
462 474
359 449
299 252
395 332
382 287
206 189
980 889
1 63
285 378
109 206
813 897
219 230
361 382
601 575
155 60
442 529
405 477
253 290
57 89
894 961
548 461
763 702
542 532
704 680
44 53
545 642
1018 1000
803 891
730 822
59 152
423 324
590 633
266 267
325 381
307 272
422 506
403 419
524 461
613 526
1033 978
403 468
820 729
777 795
631 581
298 383
302 226
505 421
461 386
351 273
556 484
638 676
152 107
236 229
831 902
882 962
38 105
100 84
1006 991
661 701
596 689
748 655
528 600
587 538
492 499
783 881
1017 981
546 473
368 383
618 679
662 573
563 589
553 480
161 145
612 624
926 923
972 915
249 232
948 974
662 735
735 678
682 640
722 644
146 212
75 123
276 253
890 943
1 18
1007 916
302 327
607 640
646 615
488 470
565 655
239 288
448 401
906 840
564 633
647 707
339 424
757 682
213 194
829 855
229 190
703 728
257 178
255 275
123 88
321 367
517 544
768 738
1040 963
439 460
282 266
739 727
128 33
471 442
714 628
467 384
298 244
411 482
760 765
435 446
245 247
865 913
658 560
457 528
694 594
882 935
415 462
555 621
705 660
525 564
276 302
871 936
582 592
639 724
181 118
200 299
201 251
35 129
5 96
85 167
239 169
359 381
948 976
771 767
804 837
457 407
284 203
485 387
803 735
629 706
358 335
13 40
808 821
68 131
96 159
956 978
101 53
767 849
577 478
1 19
278 230
388 453
318 336
847 931
592 588
494 449
615 566
827 643
543 565
700 449
851 721
330 430
698 507
454 432
1057 98
1038 962
510 138
964 822
842 868
257 432
778 502
1002 113
547 147
814 692
566 955
269 399
1046 509
681 922
509 365
498 417
760 979
27 65
787 291
942 291
186 921
310 87
267 538
552 746
720 677
90 930
773 269
433 741
519 805
617 16
461 953
572 416
443 800
273 82
393 21
1022 584
598 915
906 955
1050 976
79 566
788 713
181 716
239 443
864 689
771 398
129 928
487 689
168 416
131 349
262 615
411 371
22 985
643 513
952 979
596 789
845 926
837 588
104 845
94 232
615 723
227 522
1084 464
55 463
501 714
131 327
92 752
504 923
975 431
615 372
122 274
668 756
60 78
319 904
480 323
791 542
39 683
298 262
1060 391
316 622
617 435
362 746
752 727
875 587
781 665
267 376
687 203
146 318
103 56
801 812
720 891
213 408
1019 681
658 450
86 204
366 425
868 47
1038 686
805 757
897 536
902 152
501 638
769 701
5 282
695 136
348 469
1035 519
368 801
227 955
1040 980
112 775
420 57
667 453
971 37
477 390
695 227
474 179
57 569
296 526
603 849
295 904
227 904
988 288
631 620
988 478
638 192
79 594
700 340
118 205
241 847
562 702
943 775
1083 255
867 266
485 758
163 491
1045 800
506 750
328 109
837 655
138 346
520 369
722 844
99 560
552 493
135 306
753 249
452 149
8 114
965 979
1017 763
832 771
430 714
359 887
93 138
836 842
665 29
718 360
735 551
1029 834
994 242
899 7
912 201
374 186
709 123
226 429
76 625
279 191
161 870
47 458
234 950
788 796
382 261
429 360
561 970
61 83
787 238
782 922
310 148
391 909
206 411
510 383
606 518
290 904
1026 529
652 319
1058 651
295 471
335 316
315 929
244 267
500 150
88 576
346 213
80 544
861 701
121 970
1079 767
70 35
603 556
1050 360
879 46
206 4
729 422
214 168
283 237
732 198
331 900
408 241
645 86
886 431
757 291
200 716
809 889
496 383
259 602
619 909
512 590
872 426
664 330
306 456
990 904
503 711
1080 312
135 449
308 361
811 413
1064 33
903 79
625 661
260 861
77 711
386 766
274 760
1062 514
465 12
476 709
90 649
614 714
573 898
375 330
288 48
401 337
837 906
207 322
869 567
667 422
360 588
917 438
90 871
795 380
407 808
322 628
1051 533
408 878
392 268
618 447
515 859
190 457
898 604
750 47
556 124
221 409
596 21
337 310
682 989
453 771
539 831
802 779
357 654
967 44
400 372
192 868
1084 3
915 850
925 962
350 356
637 532
735 13
501 821
261 736
656 500
642 766
980 628
401 226
1033 471
395 187
888 646
113 433
267 865
21 188
775 505
158 367
944 145
459 854
46 588
947 442
931 215
301 36
961 602
583 944
808 872
564 359
835 358
996 451
323 969
415 997
873 202
965 610
682 778
753 504
1070 508
413 19
876 377
407 992
837 329
983 370
925 160
556 236
982 299
279 121
754 320
891 361
1072 506
511 65
3 804
707 471
291 83
891 895
92 798
708 950
985 676
69 623
618 832
11 899
175 261
834 35
921 318
935 16
546 495
481 442
406 82
6 470
987 792
709 753
599 523
936 797
888 85
1060 643
593 855
97 31
476 644
282 862
421 433
34 498
962 805
80 829
960 855
637 923
703 939
778 102
919 805
999 299
601 539
688 479
61 582
452 731
892 647
404 79
876 676
1074 293
325 724
785 915
618 284
636 615
1014 288
248 116
228 825
755 389
1018 71
288 890
776 582
118 743
171 968
977 240
416 660
253 386
794 395
171 550
916 827
493 833
133 500
890 578
35 748
155 42
85 833
873 566
832 580
10 715
366 83
457 582
3 94
241 400
643 325
247 564
337 68
355 955
192 144
329 272
1005 308
1004 777
923 829
1027 367
346 939
186 590
136 852
302 665
80 416
982 328
238 361
506 735
217 125
467 229
285 950
708 374
38 603
791 872
1036 554
392 201
133 392
122 850
736 185
681 433
277 817
464 178
312 916
399 999
462 4
302 837
14 952
564 531
152 428
626 750
329 662
497 985
392 410
366 314
848 992
843 831
169 952
866 531
242 455
816 489
150 947
368 590
1009 840
738 836
154 902
275 746
737 876
274 449
631 320
876 11
315 270
878 778
278 439
720 342
508 733
522 228
52 443
70 601
9 320
981 956
964 187
493 558
146 983
783 519
152 536
1080 450
562 241
521 169
689 447
1015 576
675 551
214 803
797 964
251 714
257 506
484 593
434 307
4 718
833 10
1027 70
27 29
687 521
258 287
483 942
653 307
918 623
318 232
580 62
729 968
147 828
807 89
760 755
863 912
96 724
143 868
67 878
511 411
127 764
326 580
63 310
300 650
662 660
556 53
550 79
183 472
434 1
1053 185
442 986
581 807
810 393
233 968
967 601
391 49
587 110
1013 765
761 652
1005 965
701 917
114 581
614 763
143 196
732 414
157 91
202 240
1090 531
247 909
808 469
149 447
1034 845
241 621
698 427
1081 519
523 759
210 2
122 239
265 545
675 36
156 255
162 177
433 8
982 4
918 360
259 205
132 862
387 488
1086 536
914 288
318 172
347 569
467 126
982 243
463 474
581 13
440 839
593 855
76 929
922 557
1015 193
878 654
295 872
248 547
478 450
945 267
162 813
66 550
740 755
849 692
97 811
1058 633
771 527
250 855
917 586
458 921
710 347
303 829
92 106
335 624
392 525
894 523
259 693
484 150
898 750
989 824
373 45
364 358
827 478
742 531
915 152
963 674
41 374
325 994
300 429
301 411
533 406
652 966
56 376
913 948
53 755
790 709
92 54
48 288
284 669
301 783
932 888
202 952
82 935
1086 863
146 813
702 580
255 797
139 983
560 735
127 912
104 123
105 510
952 12
997 605
855 589
469 614
997 768
290 269
1048 530
997 386
213 598
565 114
500 867
902 670
177 58
1064 879
599 682
922 861
284 108
1037 565
176 198
422 299
940 502
416 327
927 929
768 146
145 852
255 679
1012 854
909 467
72 994
607 379
152 456
680 852
790 328
665 540
725 964
773 626
872 762
1080 22
338 329
905 447
887 770
403 244
87 622
793 393
306 423
260 238
391 255
602 279
797 409
909 490
378 921
860 212
287 235
830 463
147 330
126 805
518 210
358 568
351 538
593 508
99 545
603 92
894 375
182 832
311 383
1081 342
108 380
876 651
378 584
391 795
483 910
485 966
828 516
588 90
769 422
991 445
476 234
541 108
955 756
164 807
1000 407
111 650
413 716
11 341
911 607
736 790
302 126
1069 417
588 462
227 259
551 705
860 377
343 710
868 224
241 320
718 859
425 341
232 319
985 468
657 634
682 897
559 618
496 473
471 430
77 542
702 364
889 162
630 999
442 307
667 358
824 671
897 10
27 240
911 809
116 910
794 195
612 446
473 975
75 154
1061 913
1089 312
739 265
1000 241
110 763
1047 542
788 557
947 114
874 398
400 420
803 389
931 182
816 259
758 885
396 246
262 495
811 136
1010 367
659 995
22 966
963 436
328 916
583 466
739 727
356 619
814 444
696 817
262 525
408 502
93 655
675 61
547 73
694 658
566 110
178 743
994 948
3 508
939 606
597 431
751 786
564 469
305 146
88 314
641 166
391 762
894 396
119 140
348 269
50 513
116 926
393 718
628 347
983 605
793 674
384 402
545 343
488 332
954 119
614 383
268 256
359 780
961 162
402 384
20 555
1011 936
708 814
221 318
1072 137
782 143
403 336
53 416
993 681
834 569
14 991
826 906
526 867
1083 267
439 969
728 625
926 482
547 884
837 959
542 510
288 529
384 856
184 456
470 66
68 338
475 840
844 565
768 810
989 312
154 188
282 533
864 492
603 932
737 49
586 604
164 571
448 804
612 957
268 110
93 923
139 224
887 373
332 127
1070 595
377 659
490 595
440 680
880 695
606 282
33 469
297 305
450 400
836 888
719 194
766 886
807 76
379 608
319 468
590 177
283 803
953 720
568 514
949 689
227 769
603 236
133 941
842 219
453 479
855 789
964 763
203 401
626 578
397 94
288 219
45 705
214 395
106 565
118 4
562 733
807 367
548 961
893 574
187 148
856 231
661 382
345 55
279 234
900 450
757 470
228 676
507 482
662 923
95 982
172 188
218 739
167 109
847 772
835 669
277 225
46 514
206 192
858 636
1082 194
569 711
936 228
352 233
60 946
873 887
585 987
23 960
638 523
959 393
548 801
93 89
791 179
673 771
882 161
424 754
491 592
984 960
191 938
988 188
859 863
554 677
496 736
856 600
535 155
824 251
361 162
581 212
727 533
489 688
908 698
625 314
627 478
1023 372
256 993
624 945
856 506
438 832
140 168
97 416
495 953
637 779
776 582
368 218
1073 63
188 692
441 631
407 38
974 789
848 941
817 997
139 336
863 525
437 411
713 35
152 293
51 604
1024 175
35 976
1040 490
121 400
685 65
188 369
38 533
259 889
211 972
247 554
467 93
462 703
1034 39
169 149
642 709
503 306
8 706
495 491
47 91
689 669
974 330
266 448
509 957
1073 203
985 633
