200 2802
94 485
506 326
416 248
992 421
649 322
237 795
457 43
815 845
446 955
422 252
791 9
359 901
667 122
598 94
7 738
544 574
334 715
766 882
994 367
893 984
633 299
131 433
428 682
700 72
617 874
874 138
720 856
419 145
794 995
196 529
997 199
116 277
908 97
539 719
707 242
569 107
537 122
931 70
726 98
487 600
772 645
513 267
81 972
943 895
58 213
303 748
764 487
536 923
724 29
789 674
479 540
142 554
339 467
641 46
196 710
494 553
66 191
824 724
208 730
711 988
800 90
314 340
289 549
401 196
466 865
689 678
833 570
225 936
244 722
849 651
113 123
379 431
361 508
65 585
486 853
686 642
286 992
889 725
24 286
491 812
891 859
90 663
181 88
214 179
17 187
472 619
418 261
419 846
356 192
682 261
306 514
201 886
385 530
952 849
500 294
194 799
737 391
324 330
992 298
224 790
260 275
97 826
210 72
649 866
919 951
63 748
958 685
804 956
518 564
428 183
537 400
346 721
153 207
971 323
662 611
197 116
91 109
529 795
126 343
747 862
469 685
770 10
934 881
723 984
895 403
568 360
172 449
958 541
383 272
308 877
970 359
583 707
48 308
930 770
569 30
3 208
20 311
609 100
887 939
825 422
930 785
904 370
241 989
379 969
376 143
962 972
889 28
443 61
216 638
338 348
160 347
406 66
159 391
31 638
204 295
420 826
153 196
425 449
331 855
565 143
838 487
9 140
918 564
533 615
232 135
957 564
591 360
576 793
746 163
377 859
858 760
86 711
434 662
558 159
279 660
840 268
735 948
574 315
126 676
912 341
739 689
821 894
625 706
917 490
201 478
993 671
149 932
52 899
759 237
267 187
256 472
783 772
117 98
516 906
180 911
25 635
380 225
712 823
266 164
216 343
810 923
411 629
404 908
464 399
316 206
7 778
509 152
693 838
568 267
780 528
118 480
3 37
952 815
855 128
939 923
139 235
3 168
54 267
237 502
778 634
221 297
427 273
699 313
424 239
550 234
535 436
104 877
327 478
876 728
594 299
231 932
478 755
167 39
270 951
985 739
50 792
107 138
925 355
89 880
953 329
248 595
352 453
80 231
75 213
942 677
701 964
948 495
61 825
536 889
830 78
444 201
474 733
71 819
163 165
601 823
667 757
737 690
904 56
230 283
676 724
802 904
514 739
531 236
839 792
277 625
361 271
529 518
669 845
162 636
707 250
589 639
21 478
74 908
552 818
437 914
769 108
972 532
917 339
739 459
645 427
219 423
915 337
511 520
668 530
936 344
234 488
746 435
577 633
297 476
80 590
547 814
837 131
200 673
897 967
266 886
105 360
445 965
47 948
372 700
478 38
248 532
200 268
687 701
402 890
597 173
548 737
553 689
473 271
454 890
823 177
129 657
449 414
334 803
839 982
913 404
972 963
671 275
569 889
321 472
767 98
502 418
495 180
27 991
750 92
344 286
168 724
241 955
483 303
521 742
670 499
174 879
512 836
808 298
472 683
728 946
314 278
445 761
840 542
298 184
211 225
655 977
715 513
281 374
977 36
240 150
734 791
321 367
653 145
730 893
505 736
816 587
918 274
769 600
583 293
206 763
193 361
948 772
342 416
357 585
396 624
333 42
141 596
801 48
923 288
839 362
995 112
692 496
590 749
901 370
707 739
127 811
219 297
659 382
10 202
233 696
313 517
481 183
947 947
172 362
62 807
205 367
436 653
399 507
276 190
398 422
635 151
353 941
545 851
795 651
923 446
874 774
355 743
213 479
170 238
189 399
39 204
554 674
842 624
644 963
113 736
