2000 2809
94 485
506 326
416 248
992 421
649 322
237 795
457 43
815 845
446 955
422 252
791 9
359 901
667 122
598 94
7 738
544 574
334 715
766 882
994 367
893 984
633 299
131 433
428 682
700 72
617 874
874 138
720 856
419 145
794 995
196 529
997 199
116 277
908 97
539 719
707 242
569 107
537 122
931 70
726 98
487 600
772 645
513 267
81 972
943 895
58 213
303 748
764 487
536 923
724 29
789 674
479 540
142 554
339 467
641 46
196 710
494 553
66 191
824 724
208 730
711 988
800 90
314 340
289 549
401 196
466 865
689 678
833 570
225 936
244 722
849 651
113 123
379 431
361 508
65 585
486 853
686 642
286 992
889 725
24 286
491 812
891 859
90 663
181 88
214 179
17 187
472 619
418 261
419 846
356 192
682 261
306 514
201 886
385 530
952 849
500 294
194 799
737 391
324 330
992 298
224 790
260 275
97 826
210 72
649 866
919 951
63 748
958 685
804 956
518 564
428 183
537 400
346 721
153 207
971 323
662 611
197 116
91 109
529 795
126 343
747 862
469 685
770 10
934 881
723 984
895 403
568 360
172 449
958 541
383 272
308 877
970 359
583 707
48 308
930 770
569 30
3 208
20 311
609 100
887 939
825 422
930 785
904 370
241 989
379 969
376 143
962 972
889 28
443 61
216 638
338 348
160 347
406 66
159 391
31 638
204 295
420 826
153 196
425 449
331 855
565 143
838 487
9 140
918 564
533 615
232 135
957 564
591 360
576 793
746 163
377 859
858 760
86 711
434 662
558 159
279 660
840 268
735 948
574 315
126 676
912 341
739 689
821 894
625 706
917 490
201 478
993 671
149 932
52 899
759 237
267 187
256 472
783 772
117 98
516 906
180 911
25 635
380 225
712 823
266 164
216 343
448 732
541 502
664 740
954 576
726 612
772 902
531 454
943 411
750 973
327 703
917 850
5 77
113 220
913 802
791 403
998 181
859 10
345 525
431 919
675 668
833 527
438 462
523 291
916 605
420 457
115 405
660 417
261 279
772 685
388 596
764 307
843 224
206 322
407 840
639 975
852 401
542 91
60 327
757 330
82 182
637 603
93 793
614 615
136 733
187 864
102 16
972 863
163 987
501 306
477 34
492 840
121 700
80 706
138 787
660 105
229 834
827 798
448 310
230 609
832 690
489 561
586 579
291 60
665 388
660 309
702 407
153 200
606 313
123 970
253 33
709 273
832 277
108 997
888 40
481 227
283 860
858 940
284 608
711 990
850 590
239 806
943 52
195 801
95 764
410 710
664 386
900 593
112 50
963 494
754 156
458 936
19 965
225 86
569 723
97 184
194 868
754 340
602 412
61 487
695 209
347 346
719 860
100 307
97 95
843 821
745 941
286 821
492 587
116 201
531 665
424 527
253 812
426 424
413 459
980 343
291 836
833 506
486 179
9 916
575 430
922 596
145 808
897 269
404 512
742 811
728 685
269 567
103 776
745 855
35 718
779 853
71 97
80 146
842 746
128 15
941 965
227 512
30 480
342 958
605 665
531 191
364 964
359 515
867 606
820 822
313 536
207 693
911 19
308 335
430 101
685 922
641 294
113 910
141 410
690 250
700 546
559 729
481 609
503 720
766 976
7 759
882 798
859 74
182 648
425 299
542 785
683 846
853 390
938 897
89 416
624 837
181 247
878 293
933 144
580 938
252 467
207 480
658 955
20 665
954 26
347 564
759 449
446 26
14 521
657 301
710 321
980 613
188 388
636 879
203 990
432 188
129 963
630 820
509 300
237 822
373 255
838 277
395 153
692 400
103 227
218 518
384 447
931 315
396 813
389 324
640 502
287 299
297 780
977 376
512 516
219 212
555 329
398 810
289 486
798 485
598 416
49 952
572 894
697 358
770 21
725 647
542 44
214 683
887 361
45 814
94 231
282 8
82 165
319 496
626 699
146 852
541 459
874 535
725 314
777 944
554 306
208 459
787 637
976 447
912 408
444 107
3 962
301 565
164 407
437 857
652 317
764 98
41 818
737 600
176 288
136 902
128 567
394 190
235 749
42 908
824 276
684 748
979 592
568 393
367 363
52 163
642 983
335 179
126 16
130 478
583 259
129 868
752 295
167 596
856 71
640 622
770 864
431 644
195 5
448 365
701 429
952 64
880 854
168 770
79 88
961 157
472 368
217 421
709 719
147 271
296 975
909 816
764 962
251 535
878 438
753 696
570 881
253 318
666 45
931 52
433 496
810 313
678 138
123 334
212 988
66 508
206 770
750 751
64 780
466 441
337 207
510 516
796 674
175 408
437 920
938 573
848 634
561 878
718 990
948 826
649 696
569 800
663 411
582 422
843 707
202 334
702 986
579 494
725 150
803 562
340 380
156 832
832 979
602 376
234 511
688 414
184 160
978 982
413 238
633 490
585 899
606 251
963 526
350 897
242 39
539 657
739 452
267 538
165 831
177 460
720 185
802 934
644 440
82 490
798 168
197 71
173 977
81 458
235 204
112 803
103 139
268 399
879 420
643 991
106 578
122 972
444 177
262 398
691 348
997 496
446 276
171 825
549 614
281 121
211 730
112 341
408 284
730 698
363 17
89 546
605 672
938 974
168 866
705 377
47 559
400 340
215 527
114 779
51 761
881 483
549 92
679 390
328 583
250 661
203 391
481 336
752 661
707 125
82 89
63 275
660 359
21 178
287 780
219 42
500 5
820 380
95 772
44 816
748 9
678 484
276 545
478 589
663 157
594 901
757 777
947 74
448 247
570 55
313 479
981 785
795 958
552 680
389 393
280 944
864 596
636 619
512 611
892 852
184 283
947 299
614 766
625 312
149 826
377 726
474 733
18 805
662 679
416 403
1 964
530 337
752 541
22 478
981 369
777 946
957 821
275 833
584 837
582 490
121 37
951 594
668 129
118 258
319 246
896 362
521 755
948 504
248 71
474 177
351 176
54 803
155 237
660 677
871 33
486 115
294 597
425 769
245 536
382 956
371 341
708 184
544 234
794 569
387 216
738 537
520 84
281 810
502 657
91 33
503 159
924 520
16 668
33 287
344 229
349 374
606 474
896 672
595 915
441 511
102 123
52 569
654 199
710 396
434 715
245 59
36 610
661 917
413 927
13 270
370 117
400 516
195 215
984 216
476 237
164 615
405 499
674 477
196 760
608 285
907 56
532 966
51 622
716 221
327 194
880 91
710 347
267 252
400 473
376 516
609 385
320 357
196 958
538 665
935 792
404 64
100 420
126 671
855 968
94 877
731 177
253 523
8 139
393 152
543 732
348 246
318 565
489 740
22 902
998 17
49 973
381 298
10 611
429 32
221 11
150 337
717 136
530 889
332 522
942 805
565 28
216 931
61 757
170 609
872 544
644 905
208 595
680 246
697 113
639 175
679 156
961 244
361 883
802 265
359 883
839 462
718 485
280 272
252 204
280 984
102 409
615 398
296 909
481 370
956 882
230 214
259 766
922 35
706 421
272 271
156 370
552 848
485 50
536 976
70 270
902 796
452 963
35 379
947 991
378 551
57 897
352 307
669 421
702 74
141 388
458 559
463 980
756 615
887 681
332 231
528 207
656 818
254 331
787 979
495 445
370 348
10 724
200 401
327 646
17 668
374 242
755 302
980 861
376 830
8 77
32 441
460 589
804 990
23 189
869 868
943 996
715 363
628 237
73 420
199 565
38 214
209 333
327 726
912 175
799 58
372 625
976 66
120 169
667 475
188 204
28 90
704 496
649 1
746 474
697 449
712 252
289 332
625 287
953 189
462 889
302 63
79 378
41 206
823 897
908 230
665 382
36 575
732 60
809 529
66 477
291 290
591 89
583 961
252 461
479 702
530 532
224 680
788 53
309 642
366 1000
352 891
402 822
545 152
113 324
967 633
454 267
723 381
14 272
20 506
308 419
644 461
713 526
482 978
336 468
289 729
496 795
326 581
530 383
167 226
522 421
830 386
91 273
116 484
747 676
395 107
958 229
756 902
262 962
703 105
511 84
481 991
449 701
888 689
599 655
306 600
492 538
803 499
445 881
316 981
889 473
785 383
765 679
491 573
589 589
124 480
741 145
898 624
725 923
682 915
131 232
398 974
906 735
753 678
312 640
790 644
301 212
945 123
447 253
197 943
27 18
573 916
589 327
934 640
209 615
529 470
899 655
15 288
592 401
92 840
575 633
814 707
354 424
127 682
374 194
566 855
594 190
973 728
645 178
603 275
712 88
32 367
298 544
561 738
906 963
626 460
143 266
504 727
836 33
361 442
431 628
554 384
24 244
416 482
735 765
243 446
454 247
932 913
494 560
648 528
357 594
596 935
788 462
536 621
759 660
200 564
566 302
741 936
217 592
219 724
832 118
819 299
487 251
473 129
241 96
64 167
516 169
857 381
218 976
490 767
504 837
707 407
342 203
475 387
175 735
786 706
171 335
232 40
888 821
866 131
976 159
253 978
619 53
642 849
460 478
218 19
218 230
667 453
949 336
89 931
488 588
568 449
526 566
860 272
4 883
772 731
734 80
259 213
270 177
6 872
424 626
204 940
313 150
159 379
205 833
25 517
951 724
721 973
635 581
293 839
712 272
410 412
465 839
366 492
74 553
23 718
416 738
764 839
49 390
817 588
507 523
152 630
256 770
562 746
495 49
414 369
78 537
912 115
59 215
259 971
258 602
841 551
137 40
590 494
383 252
869 158
939 72
282 177
880 667
479 483
454 815
730 19
556 745
195 339
409 614
580 302
99 319
913 670
798 513
318 566
790 27
344 322
80 645
468 210
922 841
179 925
347 521
231 975
597 269
607 929
903 478
310 970
223 684
10 231
845 673
905 348
58 232
93 727
759 597
912 397
906 539
43 907
76 892
552 699
670 408
671 361
353 789
837 529
12 190
889 880
912 236
377 715
56 718
585 439
852 814
715 902
421 658
330 410
51 412
840 90
697 678
848 951
826 37
198 593
341 737
274 211
740 134
339 847
875 490
400 95
603 435
474 737
126 860
973 310
973 548
581 984
788 660
629 86
799 635
475 941
959 56
80 372
917 650
91 964
783 735
773 682
712 151
655 283
953 773
279 643
701 898
706 817
147 269
355 731
100 507
498 841
261 207
591 752
630 318
374 126
960 153
917 101
406 560
759 743
618 816
981 980
641 1
131 82
920 886
534 377
453 465
397 753
51 842
301 547
197 580
910 754
211 37
851 548
42 896
919 656
30 537
674 78
979 540
764 597
937 314
656 845
590 361
337 930
997 654
643 841
652 810
632 98
827 814
659 898
56 237
97 236
304 397
771 468
680 160
344 168
561 189
632 123
666 783
235 991
71 775
327 565
824 906
1 604
948 233
851 693
780 209
603 279
380 231
84 675
684 370
757 814
605 276
304 238
358 710
294 931
742 879
37 492
4 81
707 347
131 417
660 582
89 801
455 195
303 403
680 247
970 356
934 627
951 858
404 803
446 236
349 572
93 485
672 586
158 748
772 235
891 859
532 788
621 345
347 861
227 342
555 779
16 595
303 963
941 260
833 366
190 835
622 733
345 834
893 442
192 773
430 880
160 873
767 793
170 173
810 402
318 60
690 628
224 19
52 146
411 685
203 138
785 593
219 202
61 500
919 89
191 433
711 63
294 514
937 865
253 393
103 269
316 111
625 614
639 272
641 973
139 609
45 236
316 496
218 24
293 871
747 227
879 420
633 850
10 127
356 170
665 224
536 722
823 189
603 597
392 286
258 22
771 957
820 536
139 221
566 281
229 238
325 531
804 449
786 735
983 670
847 646
388 272
632 605
253 394
405 508
137 537
283 955
678 477
659 969
706 692
786 963
313 829
143 638
713 206
244 185
489 187
844 129
896 300
602 114
210 305
930 199
692 916
457 839
241 899
950 452
229 185
212 561
222 848
32 191
747 830
869 860
245 873
575 649
818 591
204 974
584 974
822 452
198 397
942 350
942 597
899 13
375 392
327 343
479 756
66 387
950 924
464 188
286 68
573 552
294 166
137 435
557 14
423 797
427 254
95 300
715 431
403 367
453 197
735 233
1 149
145 62
782 38
848 69
456 425
490 810
679 878
461 503
844 308
70 798
599 437
888 798
395 36
733 583
795 412
368 195
94 878
114 388
46 438
795 532
583 3
321 268
714 417
332 277
257 229
906 445
301 380
277 974
651 248
218 433
109 1000
558 874
388 939
121 760
372 473
228 811
208 766
326 306
572 556
50 521
753 364
77 460
266 136
227 458
502 784
337 648
31 783
629 960
215 137
353 591
274 875
343 440
758 263
838 40
478 835
595 943
255 749
331 263
362 597
84 5
16 999
459 161
220 35
16 891
865 459
719 996
292 592
175 54
461 985
301 401
759 298
715 459
207 77
129 611
681 159
261 467
893 737
399 895
377 49
189 382
360 285
14 388
728 972
314 265
225 729
534 810
914 973
94 818
549 295
674 532
434 58
211 736
986 187
863 896
802 998
279 997
31 476
810 259
968 475
187 494
791 130
190 151
410 639
592 855
886 480
875 478
763 386
352 672
58 361
815 894
562 460
571 148
322 660
465 628
418 329
198 975
554 1
656 507
108 750
453 109
909 915
576 700
646 75
114 896
313 229
692 85
759 144
643 536
462 919
860 516
904 473
959 25
663 25
209 611
564 44
233 722
478 980
716 563
616 672
107 914
979 541
466 882
971 142
76 259
886 35
498 543
150 689
442 721
136 142
36 530
37 503
344 450
550 248
355 599
980 919
473 636
957 181
324 873
859 154
570 427
294 604
260 313
674 363
339 594
259 813
382 829
660 49
430 791
760 554
682 499
664 226
358 345
114 432
142 758
19 64
753 843
163 637
121 941
94 965
398 448
587 857
98 968
142 351
303 758
968 351
533 980
982 662
568 357
519 914
277 548
622 723
517 23
720 170
635 351
55 113
263 783
285 766
189 527
628 206
7 644
290 258
655 861
387 728
641 69
742 128
741 392
793 145
802 51
897 112
262 253
193 340
882 932
131 817
482 965
573 480
443 724
203 839
965 500
75 746
807 811
805 373
513 605
472 252
797 172
690 394
295 177
784 98
532 377
155 486
110 855
884 290
173 130
78 355
714 842
633 233
477 101
119 686
718 736
15 930
472 700
328 69
793 607
199 879
999 916
177 960
525 408
948 679
498 138
495 185
890 782
906 49
334 453
385 630
399 429
338 853
520 545
829 651
481 765
99 159
680 1000
87 179
802 717
890 885
839 32
339 838
883 186
67 470
544 185
357 921
457 376
444 986
642 934
152 171
59 645
616 46
59 681
987 43
353 234
530 103
958 496
613 389
838 931
85 579
86 132
569 908
479 772
683 677
400 343
370 703
882 139
146 344
116 387
760 909
407 539
447 304
388 655
41 378
658 92
119 862
28 411
457 362
198 397
17 290
432 152
321 611
427 173
205 137
344 946
563 365
304 475
47 982
694 920
91 802
961 66
644 778
109 744
959 464
969 313
42 341
108 685
648 331
49 85
228 676
929 91
527 534
967 166
316 51
582 966
840 841
575 625
503 114
911 16
305 113
989 826
836 506
369 738
587 564
232 455
452 735
900 264
952 548
81 738
995 853
562 575
739 569
705 365
5 620
557 264
490 193
294 21
361 373
900 84
47 250
205 288
145 132
846 151
658 419
849 521
680 974
148 655
96 648
210 737
690 298
19 187
831 981
679 965
726 954
528 166
15 248
564 636
847 560
721 563
9 24
700 896
446 803
858 16
699 274
271 714
977 449
533 229
154 280
756 423
871 868
912 124
727 970
968 231
569 935
163 808
618 23
685 210
650 88
807 151
393 770
276 555
304 613
911 866
233 223
42 303
400 305
162 306
51 900
734 964
933 397
366 898
16 59
177 628
360 225
742 537
725 612
868 633
489 314
501 478
632 981
365 904
196 819
496 108
744 179
145 152
501 598
880 349
248 80
683 762
500 314
389 513
620 205
91 584
721 652
859 894
665 198
416 143
481 671
320 302
865 611
126 631
757 526
963 526
781 403
240 231
330 830
518 283
824 864
935 755
51 159
309 220
18 447
863 800
1 833
749 805
658 791
577 412
579 857
509 408
154 895
923 360
397 827
687 971
959 961
617 519
637 335
623 238
174 883
775 222
608 886
306 708
1000 475
957 876
641 123
472 127
726 384
305 745
714 284
643 429
708 685
631 512
489 503
829 599
746 983
732 462
732 992
669 270
422 491
54 282
900 831
682 167
666 115
957 661
109 564
454 934
964 608
933 513
140 53
195 659
24 646
657 164
231 763
169 825
128 949
537 355
264 811
46 164
4 851
900 289
802 392
68 224
450 460
126 903
58 347
398 638
486 101
451 587
335 797
162 881
106 210
745 243
969 969
432 298
159 253
634 593
565 453
16 657
610 72
503 222
511 319
752 61
55 694
469 384
829 801
692 136
177 536
211 958
499 647
115 526
984 28
818 904
233 509
424 884
976 565
371 601
406 323
334 522
784 192
676 103
168 451
427 867
432 602
531 783
337 311
677 994
537 172
1000 51
379 389
103 237
785 721
943 597
412 492
572 331
828 380
771 259
939 726
594 55
19 501
500 459
376 790
689 4
776 634
474 117
575 601
953 808
143 544
510 542
221 590
615 827
599 817
567 617
545 32
727 879
558 692
307 685
564 88
331 911
568 546
881 580
649 997
746 937
393 988
237 351
517 661
521 630
213 360
820 908
199 203
813 479
14 251
803 162
448 905
207 167
86 862
123 369
220 181
158 765
944 251
424 909
311 645
399 568
59 847
253 538
233 540
312 99
790 423
849 246
202 165
552 544
653 52
788 131
893 372
113 471
498 625
442 684
929 378
86 534
12 73
318 540
258 671
524 127
579 412
424 972
468 823
364 663
81 784
399 588
896 496
151 170
626 153
367 199
837 152
640 258
124 283
572 289
408 608
358 463
895 180
884 329
523 221
438 294
278 125
25 625
729 427
996 796
956 151
188 867
519 122
35 370
311 840
195 115
829 875
784 912
904 85
99 969
443 714
93 56
545 675
731 51
243 782
705 415
350 46
139 81
239 266
770 336
265 617
905 903
779 252
118 491
953 882
127 427
972 533
81 596
314 921
702 696
853 979
884 107
834 456
213 9
764 438
867 791
282 182
673 857
632 921
719 511
534 879
585 53
1000 269
576 374
309 520
511 706
511 620
84 983
25 592
585 796
194 229
826 827
388 765
753 594
881 853
739 745
875 623
577 585
227 501
627 992
583 706
620 289
841 469
886 301
560 389
717 739
768 690
53 309
936 120
309 564
587 507
249 189
906 347
404 585
747 704
450 273
318 72
49 560
328 984
335 64
305 508
223 589
859 521
376 17
642 516
477 219
639 643
146 150
629 643
303 930
916 919
96 10
166 339
707 459
156 649
38 546
25 988
613 117
957 666
795 484
551 846
558 896
965 349
87 681
893 368
213 898
673 537
205 456
158 746
363 754
782 897
39 111
597 977
505 271
966 670
115 301
642 547
403 942
704 691
977 538
595 428
302 885
652 658
174 107
910 340
934 145
291 378
293 497
197 396
578 389
273 663
233 569
870 904
985 756
797 972
220 296
471 470
23 56
783 154
690 963
157 598
947 127
161 407
780 280
201 757
699 985
436 778
279 598
535 677
407 537
518 777
298 243
959 755
601 465
141 248
825 493
817 710
305 615
734 566
938 228
887 916
304 81
886 518
123 877
684 500
125 732
640 277
780 893
299 492
328 354
748 333
169 293
351 621
49 439
491 606
497 724
446 580
272 655
598 943
577 118
20 79
706 793
250 894
311 369
358 257
50 645
554 142
604 922
163 218
317 20
747 870
753 774
958 221
960 539
398 461
183 594
58 309
443 376
331 195
204 68
660 703
389 874
290 575
364 57
533 37
742 21
951 571
828 951
677 337
990 804
197 335
190 229
437 118
574 84
826 104
168 47
887 897
721 296
998 1
32 387
728 868
872 380
152 753
229 609
877 690
36 837
562 639
660 80
540 287
175 581
714 505
296 2
80 867
575 357
937 491
931 270
367 293
572 630
103 778
18 426
35 892
107 234
371 312
537 714
952 256
208 487
260 987
197 983
17 762
657 798
332 531
972 800
120 668
320 210
592 280
297 664
830 133
942 700
348 173
827 187
78 300
409 542
992 261
821 21
576 925
449 81
376 150
834 734
189 258
46 763
77 794
69 968
419 2
260 982
245 136
725 230
788 597
544 226
592 340
106 616
232 225
625 837
789 746
980 468
90 71
996 829
80 874
576 925
620 477
922 294
26 989
475 139
272 966
887 643
191 769
328 125
434 101
636 75
370 829
229 31
697 481
129 667
262 957
809 306
478 151
253 514
374 602
33 895
551 309
946 541
270 296
744 100
95 969
756 345
976 45
902 242
70 794
126 234
786 25
419 287
92 79
401 863
272 249
484 78
15 624
665 937
463 681
430 819
26 760
963 138
995 832
5 454
961 610
457 204
403 170
331 945
62 382
772 738
702 169
222 357
646 47
92 312
712 837
98 869
565 424
301 233
994 361
535 76
485 270
773 467
790 39
783 681
746 431
71 125
644 444
553 709
674 683
978 43
986 55
868 16
615 161
166 240
6 987
650 452
5 498
100 192
328 47
180 296
77 762
163 35
547 417
788 585
158 968
453 223
826 67
561 351
446 853
106 124
306 863
713 756
654 921
619 441
797 764
580 983
886 613
355 779
341 822
644 797
133 753
259 803
834 46
210 499
30 346
150 109
888 708
355 69
234 210
317 358
213 696
273 290
637 446
669 78
27 409
989 354
233 464
23 418
944 884
7 931
447 422
136 942
730 164
599 957
400 978
309 959
15 864
415 655
544 755
599 414
944 229
302 937
165 734
868 420
204 582
616 169
174 649
475 442
830 428
587 841
218 233
957 14
871 80
667 225
86 958
390 398
952 320
835 328
777 414
227 580
944 904
866 300
853 290
739 106
630 127
103 338
50 36
288 979
310 836
568 519
231 386
737 394
808 660
786 673
414 544
217 180
29 875
883 214
3 689
435 105
698 921
255 755
777 96
393 767
958 146
71 703
763 71
181 782
943 878
886 680
437 295
541 503
221 159
808 971
103 215
953 445
685 600
951 29
551 627
954 558
384 455
827 615
51 462
573 33
346 506
544 947
965 591
873 362
229 575
104 960
434 188
899 427
15 124
66 891
614 11
193 148
165 559
356 862
724 870
581 607
950 184
566 882
528 339
724 702
117 945
39 851
225 26
533 286
636 110
829 371
147 335
120 67
448 722
117 192
700 721
503 180
857 941
190 593
829 272
808 745
970 471
553 219
776 410
293 502
170 477
861 289
643 283
171 356
493 32
491 592
884 259
411 629
588 189
549 694
222 253
568 105
243 81
286 109
626 326
491 46
688 429
103 547
350 714
676 784
239 473
102 360
398 118
716 770
790 870
661 119
10 445
993 405
896 540
296 943
144 749
36 70
313 995
590 957
295 673
645 731
88 20
68 752
379 941
349 15
838 558
386 637
306 500
341 124
323 622
790 731
558 621
427 136
129 884
335 622
415 851
609 582
816 552
746 569
178 220
88 422
907 522
932 523
147 326
225 287
395 176
763 767
281 719
49 113
455 975
410 448
262 194
604 786
782 587
770 600
253 701
444 576
576 621
661 739
278 647
82 918
297 406
988 993
778 912
623 134
291 827
700 235
25 197
849 276
952 106
746 542
82 211
985 571
68 951
94 912
361 390
637 996
937 782
220 336
862 722
914 947
541 76
623 688
483 431
840 80
183 187
805 166
668 73
652 810
171 237
306 638
624 215
707 488
892 507
577 540
804 686
248 540
720 427
174 601
543 375
555 710
363 757
247 267
805 276
183 327
127 765
341 108
670 598
633 720
186 385
970 175
30 435
968 76
254 717
616 810
71 285
830 518
302 652
672 280
763 454
928 926
184 352
235 30
718 128
272 487
280 250
47 84
601 831
654 998
862 756
668 327
473 841
543 447
264 500
617 794
39 802
688 780
411 83
244 132
845 41
418 161
664 728
561 673
283 319
601 274
951 656
12 661
870 443
770 465
246 894
773 682
702 61
379 242
301 46
46 795
506 848
200 661
147 380
309 1
548 621
215 308
912 978
190 768
764 902
324 284
786 863
897 191
602 876
436 682
882 113
796 577
398 720
55 744
506 163
57 499
19 315
624 683
53 582
824 454
38 401
768 667
115 994
402 836
518 326
147 755
544 973
789 788
255 351
118 363
502 222
284 551
984 363
499 559
924 845
98 352
652 802
735 287
367 380
629 182
631 438
814 916
339 785
468 79
314 170
822 617
743 828
653 767
648 963
568 102
355 443
11 582
805 661
410 158
291 814
586 350
430 637
463 1000
828 839
876 318
11 66
161 166
461 379
593 281
897 150
862 824
644 93
184 249
880 514
962 352
511 339
918 349
882 10
510 611
830 128
902 158
279 731
262 206
681 337
707 764
275 291
764 639
527 378
278 858
763 80
43 341
941 463
789 164
306 514
977 483
831 889
969 629
286 677
243 534
664 353
127 322
659 816
237 458
459 486
42 926
27 679
391 766
512 9
333 58
287 94
720 3
623 261
706 757
263 727
852 57
699 128
289 797
750 274
625 487
511 414
518 88
872 538
246 260
540 932
864 746
695 936
624 552
665 629
140 797
397 498
916 218
91 580
881 27
292 857
859 277
291 244
979 279
894 425
486 656
600 973
611 411
48 622
707 5
593 865
636 597
754 632
411 299
169 180
556 478
499 182
986 834
549 785
585 801
54 613
799 888
941 594
365 538
780 186
194 10
404 916
223 585
840 740
536 560
619 954
624 185
990 203
714 887
813 61
647 148
93 870
25 507
315 508
383 962
268 397
465 80
209 340
350 169
224 843
936 138
108 247
797 682
925 109
433 957
984 940
314 391
274 421
457 600
644 381
877 884
430 789
693 535
304 253
749 704
344 729
210 932
140 971
297 781
267 181
171 801
993 555
809 552
514 875
33 443
730 974
98 683
650 722
570 875
461 70
754 593
296 435
947 993
143 357
791 206
147 337
333 172
481 714
251 872
872 646
905 379
906 241
215 381
408 345
829 716
765 543
31 819
614 417
845 922
569 842
534 210
415 644
796 299
458 706
81 778
836 378
340 10
801 738
567 514
31 245
156 117
5 111
393 902
616 489
838 131
15 976
129 645
392 766
814 78
513 978
373 236
185 473
347 175
205 818
845 955
741 321
564 682
561 273
892 526
839 628
884 522
844 516
240 145
349 802
75 853
225 336
505 151
821 549
792 488
364 348
939 868
852 185
498 871
800 846
489 238
97 144
877 897
635 65
440 234
171 607
437 782
139 903
134 233
314 84
977 156
630 101
335 854
284 488
792 146
924 403
637 854
693 177
548 707
352 538
80 90
1000 126
664 184
268 57
54 847
892 638
328 402
53 373
806 517
225 840
391 418
561 759
752 979
2 945
869 93
238 255
514 133
16 763
297 364
121 383
717 639
297 333
44 365
956 479
634 34
7 116
484 449
663 603
68 104
30 287
547 396
870 353
475 966
535 492
198 686
809 764
623 96
771 601
624 134
945 619
990 911
761 206
69 695
387 663
126 703
417 425
95 906
110 306
40 904
163 7
935 673
511 937
452 886
780 523
31 842
919 868
432 693
153 488
13 920
939 977
198 498
358 176
458 728
257 966
912 350
24 597
116 824
489 542
52 336
761 353
939 226
839 103
459 144
981 158
564 976
50 463
481 516
58 352
961 356
821 285
779 255
652 270
690 4
266 55
903 504
518 748
686 496
738 261
147 897
894 870
873 169
389 651
63 834
710 559
818 295
687 542
169 334
917 311
61 658
84 153
629 334
557 254
736 80
539 473
807 476
868 169
570 785
855 60
792 935
455 168
629 563
70 243
631 337
147 366
417 201
459 45
563 58
941 810
931 138
756 782
688 127
757 26
523 268
945 35
193 125
420 698
883 513
610 102
226 536
441 182
830 979
714 657
469 360
111 324
905 187
721 35
744 793
785 288
928 471
1000 758
4 853
149 620
666 770
83 341
51 458
589 457
569 212
826 321
744 43
121 644
109 96
338 88
523 369
926 115
129 217
270 460
311 667
915 461
587 994
848 820
56 586
413 979
432 894
571 493
135 900
246 477
624 342
82 877
571 82
735 3
550 776
257 307
769 367
651 14
406 223
897 48
822 622
140 315
256 45
242 101
415 138
297 677
753 39
684 643
253 409
569 490
47 390
187 561
10 336
222 965
188 691
211 824
864 376
419 78
968 339
896 515
921 666
380 27
996 955
974 295
291 44
208 571
931 603
781 840
119 413
229 37
262 526
918 897
935 159
897 188
85 586
840 49
19 263
816 509
160 456
578 668
671 393
773 472
174 552
266 380
982 140
740 221
632 430
226 266
796 311
507 328
946 171
123 802
574 991
906 954
938 106
172 187
262 773
862 202
82 874
53 803
969 103
875 38
340 458
726 247
167 696
403 238
831 160
197 582
761 672
31 476
325 907
310 418
553 711
162 878
448 532
24 462
708 875
765 306
802 333
490 220
339 271
683 287
519 764
505 670
957 572
27 20
592 471
688 667
349 997
747 999
980 310
525 503
190 984
873 796
325 884
1 628
259 86
579 304
889 649
628 210
427 478
938 39
903 402
533 789
259 743
643 5
451 46
956 839
914 2
986 629
425 24
405 628
907 541
707 936
327 857
781 961
27 412
477 490
116 680
599 673
864 57
691 967
127 687
130 700
681 716
228 599
453 515
974 94
266 20
275 486
833 277
615 721
622 112
286 791
183 19
375 506
980 743
805 430
529 138
598 482
747 38
258 885
929 136
805 239
730 356
999 491
356 682
440 754
482 177
946 159
270 73
914 884
415 784
736 219
963 393
874 83
167 311
918 263
655 535
285 927
560 240
26 513
251 17
395 912
690 806
99 373
517 341
781 264
47 823
983 974
274 387
920 833
437 936
36 215
608 545
391 456
37 491
234 13
175 916
755 692
530 712
764 409
1000 20
126 554
338 903
30 603
280 92
539 858
422 307
361 689
757 456
120 774
570 12
376 829
603 911
574 660
500 56
228 221
998 382
359 237
751 297
378 146
887 107
852 789
520 968
312 846
33 399
397 408
442 214
112 977
151 357
261 607
101 474
67 563
572 809
777 259
252 770
327 91
687 772
918 322
127 939
142 652
542 984
858 694
946 990
789 460
954 912
158 465
762 29
432 976
359 485
289 179
658 265
326 509
65 603
666 544
504 399
8 562
183 60
903 411
892 74
409 941
25 752
466 482
447 300
32 782
277 647
862 814
424 132
1000 319
900 138
379 468
154 51
303 650
412 464
309 717
312 254
571 368
442 393
673 844
314 935
182 446
478 471
491 677
518 475
751 449
787 461
497 458
634 758
742 138
553 435
319 218
309 639
752 905
863 311
791 656
783 135
134 500
565 578
202 151
967 843
235 95
202 774
371 635
66 734
912 377
886 255
207 790
478 572
468 852
842 618
315 964
78 548
20 894
15 874
323 941
952 21
884 223
496 48
417 215
876 678
667 450
433 448
560 998
922 251
854 331
900 588
143 462
504 243
739 224
246 279
728 831
306 909
988 430
235 259
247 858
958 34
383 332
114 160
566 269
257 763
732 298
588 44
68 185
784 328
861 821
207 252
683 516
309 819
908 834
797 329
218 713
923 455
99 999
709 441
143 190
706 90
778 190
494 629
719 182
809 382
888 418
199 170
256 52
219 295
877 614
868 1
136 703
515 4
341 20
961 796
484 970
724 153
560 249
224 846
319 115
240 367
176 847
499 870
898 971
803 874
13 424
714 557
447 934
402 463
174 353
531 325
97 698
758 80
308 919
584 335
15 863
80 534
958 871
820 720
190 542
105 194
477 436
989 373
820 307
925 756
436 610
141 959
295 21
217 433
334 915
773 554
589 275
36 379
341 351
502 996
358 452
977 676
429 676
967 507
30 848
894 260
108 741
938 482
826 175
115 191
95 116
284 371
714 950
1000 228
414 171
459 647
696 992
831 974
369 791
942 468
125 783
494 390
796 789
487 778
32 132
138 309
61 702
651 41
485 289
194 612
445 881
360 717
612 976
426 525
273 423
227 617
670 82
722 858
393 611
713 169
866 731
416 882
907 832
568 765
584 165
815 435
640 480
900 300
34 572
456 127
985 112
150 626
867 176
529 753
772 790
997 888
789 812
220 407
896 449
184 633
867 872
693 537
365 820
734 606
803 897
983 477
483 879
140 77
445 566
882 988
760 525
521 220
118 47
92 569
956 360
260 599
226 686
48 788
90 233
200 446
268 422
357 957
817 848
561 956
646 102
363 982
6 548
428 469
900 361
387 735
991 200
790 418
355 108
446 334
479 1
304 803
385 815
639 634
1000 236
893 339
49 420
691 58
888 449
715 108
529 231
989 962
855 960
301 707
697 139
50 444
362 405
324 274
666 69
262 646
765 832
164 599
725 456
904 758
484 299
326 680
382 271
186 806
273 441
470 258
239 505
789 71
829 682
84 168
470 798
255 474
336 34
588 16
463 794
51 4
934 232
247 737
436 686
879 732
763 44
247 809
927 820
923 163
342 184
334 483
189 390
789 62
534 46
847 716
131 247
934 615
306 458
755 816
247 31
769 845
663 879
586 865
381 442
11 171
411 331
139 755
922 61
647 911
427 297
786 236
902 163
804 853
402 545
889 369
39 654
767 559
948 107
345 556
93 920
141 345
989 326
407 704
22 86
794 174
900 972
373 863
197 675
736 561
954 331
286 998
559 930
535 261
198 693
605 205
376 289
107 37
258 809
283 494
911 614
264 285
713 736
945 886
174 565
946 240
893 405
945 537
982 775
149 521
938 683
812 453
948 31
824 604
107 14
739 283
366 697
481 214
810 540
775 757
728 616
868 287
554 638
33 765
192 14
194 53
201 353
468 13
969 779
142 613
9 683
276 229
822 873
560 688
446 602
803 219
374 248
730 779
351 699
203 964
211 96
571 276
894 231
134 640
907 63
750 240
254 254
462 942
349 456
704 520
497 883
925 293
627 221
164 338
162 859
32 805
785 788
212 545
906 303
460 396
218 910
390 760
190 438
1000 5
546 104
953 78
511 369
467 901
909 117
251 917
830 391
858 18
174 570
959 306
18 592
226 612
584 171
98 858
25 908
506 175
414 245
740 832
863 344
679 879
679 647
189 191
542 654
816 692
323 49
273 894
661 287
662 411
337 336
786 636
218 702
465 906
734 805
981 326
973 710
865 390
621 756
843 240
644 407
338 898
700 895
352 686
15 917
755 935
879 782
911 377
225 530
666 579
516 991
463 604
740 527
376 987
718 895
454 800
598 224
475 326
666 418
524 209
924 715
604 126
318 910
16 677
716 298
633 599
378 601
540 431
178 698
994 993
432 506
362 123
717 376
110 918
561 689
447 468
426 719
600 912
685 75
464 126
840 67
710 720
292 455
783 115
416 848
342 69
718 173
921 12
646 379
510 827
645 444
12 508
925 443
334 113
136 610
188 45
832 864
772 347
64 94
345 640
26 210
284 765
409 90
915 977
513 324
507 799
558 679
954 159
585 997
513 332
808 302
350 436
249 344
571 138
410 899
751 26
821 764
111 12
321 751
989 81
382 701
948 722
419 307
17 416
728 554
274 49
912 861
55 476
160 100
241 829
337 701
872 729
849 359
487 82
846 857
400 530
689 688
371 447
554 613
537 403
145 248
176 795
453 674
340 796
160 675
913 490
111 278
868 783
303 184
282 701
814 967
165 692
986 523
6 173
617 549
952 952
850 352
848 180
882 655
232 838
722 889
924 179
893 494
7 574
763 805
621 509
123 445
756 155
476 670
540 726
793 469
725 870
711 383
531 752
198 970
408 682
662 97
273 148
365 736
947 685
54 831
521 905
129 70
687 307
396 379
301 227
804 960
432 914
513 282
487 710
648 182
717 340
560 30
73 202
14 138
147 759
950 657
592 883
308 115
696 247
521 529
864 576
183 818
850 570
738 132
606 520
726 627
