500 2994
585 485
194 94
426 326
606 506
348 248
516 416
521 421
1092 992
422 322
749 649
895 795
337 237
143 43
557 457
945 845
915 815
1055 955
546 446
352 252
522 422
109 9
891 791
1001 901
459 359
222 122
767 667
194 94
698 598
838 738
107 7
674 574
644 544
815 715
434 334
982 882
866 766
467 367
1094 994
1084 984
993 893
399 299
733 633
533 433
231 131
782 682
528 428
172 72
800 700
974 874
717 617
238 138
974 874
956 856
820 720
245 145
519 419
1095 995
894 794
629 529
296 196
299 199
1097 997
377 277
216 116
197 97
1008 908
819 719
639 539
342 242
807 707
207 107
669 569
222 122
637 537
170 70
1031 931
198 98
826 726
700 600
587 487
745 645
872 772
367 267
613 513
1072 972
181 81
995 895
1043 943
313 213
158 58
848 748
403 303
587 487
864 764
1023 923
636 536
129 29
824 724
774 674
889 789
640 540
579 479
654 554
242 142
567 467
439 339
146 46
741 641
810 710
296 196
653 553
594 494
291 191
166 66
824 724
924 824
830 730
308 208
1088 988
811 711
190 90
900 800
440 340
414 314
649 549
389 289
296 196
501 401
965 865
566 466
778 678
789 689
670 570
933 833
1036 936
325 225
822 722
344 244
751 651
949 849
223 123
213 113
531 431
479 379
608 508
461 361
685 585
165 65
953 853
586 486
742 642
786 686
1092 992
386 286
825 725
989 889
386 286
124 24
912 812
591 491
959 859
991 891
763 663
190 90
188 88
281 181
279 179
314 214
287 187
117 17
719 619
572 472
361 261
518 418
946 846
519 419
292 192
456 356
361 261
782 682
614 514
406 306
986 886
301 201
630 530
485 385
949 849
1052 952
394 294
600 500
899 799
294 194
491 391
837 737
430 330
424 324
398 298
1092 992
890 790
324 224
375 275
360 260
926 826
197 97
172 72
310 210
966 866
749 649
1051 951
1019 919
848 748
163 63
785 685
1058 958
1056 956
904 804
664 564
618 518
283 183
528 428
500 400
637 537
821 721
446 346
307 207
253 153
423 323
1071 971
711 611
762 662
216 116
297 197
209 109
191 91
895 795
629 529
443 343
226 126
962 862
847 747
785 685
569 469
110 10
870 770
981 881
1034 934
1084 984
823 723
503 403
995 895
460 360
668 568
549 449
272 172
641 541
1058 958
372 272
483 383
977 877
408 308
459 359
1070 970
807 707
683 583
408 308
148 48
870 770
1030 930
130 30
669 569
308 208
103 3
411 311
120 20
200 100
709 609
1039 939
987 887
522 422
925 825
885 785
1030 930
470 370
1004 904
1089 989
341 241
1069 969
479 379
243 143
476 376
1072 972
1062 962
128 28
989 889
161 61
543 443
738 638
316 216
448 348
438 338
447 347
260 160
166 66
506 406
491 391
259 159
738 638
131 31
395 295
304 204
926 826
520 420
296 196
253 153
549 449
525 425
955 855
431 331
243 143
665 565
587 487
938 838
240 140
109 9
664 564
1018 918
715 615
633 533
235 135
332 232
664 564
1057 957
460 360
691 591
893 793
676 576
263 163
846 746
959 859
477 377
860 760
958 858
811 711
186 86
762 662
534 434
259 159
658 558
760 660
379 279
368 268
940 840
1048 948
835 735
415 315
674 574
776 676
226 126
441 341
1012 912
789 689
839 739
994 894
921 821
806 706
725 625
590 490
1017 917
578 478
301 201
771 671
1093 993
1032 932
249 149
999 899
152 52
337 237
859 759
287 187
367 267
572 472
356 256
872 772
883 783
198 98
217 117
1006 906
616 516
1011 911
280 180
735 635
125 25
325 225
480 380
923 823
812 712
264 164
366 266
443 343
316 216
832 732
548 448
602 502
641 541
840 740
764 664
676 576
1054 954
712 612
826 726
1002 902
872 772
554 454
631 531
511 411
1043 943
1073 973
850 750
803 703
427 327
950 850
1017 917
177 77
105 5
320 220
213 113
902 802
1013 913
503 403
891 791
281 181
1098 998
110 10
959 859
625 525
445 345
1019 919
531 431
768 668
775 675
627 527
933 833
562 462
538 438
391 291
623 523
705 605
1016 916
557 457
520 420
505 405
215 115
517 417
760 660
379 279
361 261
785 685
872 772
696 596
488 388
407 307
864 764
324 224
943 843
422 322
306 206
940 840
507 407
1075 975
739 639
501 401
952 852
191 91
642 542
427 327
160 60
430 330
857 757
282 182
182 82
703 603
737 637
893 793
193 93
715 615
714 614
833 733
236 136
964 864
287 187
116 16
202 102
963 863
1072 972
1087 987
263 163
406 306
601 501
134 34
577 477
895 797
252 373
508 723
315 849
790 60
477 26
1096 543
868 85
971 234
258 692
437 825
796 779
772 384
341 593
833 852
246 19
1082 779
652 298
951 573
532 233
104 181
127 997
796 963
838 944
661 917
626 710
128 24
796 247
591 983
510 266
484 570
996 720
1003 482
194 358
414 286
460 415
297 73
249 884
459 497
570 12
857 107
197 508
529 738
797 284
212 75
708 425
1045 77
456 885
875 86
1073 863
830 665
1062 619
265 348
850 243
789 275
332 517
622 915
596 533
631 180
240 172
697 133
563 990
613 377
168 657
911 382
898 281
1027 329
324 24
391 537
247 245
304 746
1089 126
629 374
894 494
359 758
381 674
691 638
305 830
342 48
394 835
520 160
1026 866
231 998
390 623
491 696
772 32
493 612
373 850
780 487
430 294
707 627
844 676
150 972
125 812
175 89
849 769
726 932
586 135
1034 121
783 780
1072 529
995 576
169 105
324 384
1032 404
1085 509
969 110
292 315
985 243
510 452
776 822
1082 773
658 745
317 649
118 776
554 722
808 384
718 13
911 320
651 50
788 219
971 913
508 861
903 257
613 835
865 625
777 410
661 566
774 412
964 191
588 387
461 125
1088 690
841 842
565 794
791 142
669 998
1006 674
850 575
780 619
799 644
512 113
317 654
921 564
310 42
238 810
239 326
626 180
627 925
550 299
1035 693
702 891
276 638
201 20
269 930
1076 874
948 149
963 444
1023 268
382 17
298 605
472 891
765 856
146 725
108 827
726 414
144 367
339 200
338 194
719 163
246 14
587 44
756 528
1031 935
1045 813
622 586
286 576
435 224
263 625
954 544
963 959
188 384
966 36
703 52
307 761
828 180
688 358
1029 337
982 630
817 972
1054 81
600 980
337 172
620 188
334 817
240 329
266 247
671 122
901 100
176 92
732 444
405 45
404 114
975 524
824 961
348 539
149 230
1017 628
580 622
278 755
833 457
275 995
1076 154
1084 441
314 98
847 197
984 8
108 863
770 563
410 43
883 712
421 841
857 82
647 123
1071 885
253 521
222 361
493 301
276 834
705 851
766 851
598 109
231 842
965 908
1045 358
1065 467
405 271
818 181
569 661
495 103
358 394
1049 944
922 578
486 818
956 483
478 800
906 269
873 123
256 451
438 241
364 908
810 340
368 4
198 296
738 509
645 478
346 853
638 156
601 184
485 602
1014 205
394 528
884 696
864 402
409 295
1056 934
846 351
958 925
179 371
527 266
562 471
549 327
110 372
615 364
1056 60
675 492
637 428
731 169
951 892
831 793
307 638
521 693
661 823
488 698
682 988
241 872
116 406
384 797
1013 197
840 132
965 780
377 450
517 297
434 656
778 66
246 29
168 833
1035 953
335 786
1000 957
636 988
538 671
969 210
521 711
755 787
925 28
952 35
195 447
158 255
675 322
120 606
934 906
624 53
988 845
1023 310
188 605
276 78
647 302
664 847
609 578
427 377
200 661
863 311
482 645
914 339
422 164
1052 835
592 277
275 436
872 987
857 333
1037 117
323 197
652 36
844 775
407 684
1027 370
1055 265
629 705
264 284
865 765
435 622
329 257
344 163
921 202
414 401
683 862
470 802
160 753
407 691
1015 305
168 242
1005 559
761 921
193 887
422 441
828 663
417 883
501 448
980 501
426 753
147 462
1005 249
953 985
808 560
882 791
709 593
944 14
110 961
749 853
867 631
869 285
187 430
869 860
478 820
310 228
672 77
743 187
585 705
601 288
824 737
279 231
870 252
138 390
751 649
612 121
409 830
389 556
862 592
1060 804
993 567
536 122
449 473
623 461
730 623
951 444
669 814
432 707
392 786
1057 608
556 140
694 22
442 3
874 403
572 350
506 706
395 257
651 148
722 846
124 913
695 767
246 926
410 590
119 933
155 938
242 893
926 439
406 767
223 593
697 920
463 620
573 593
1036 798
473 964
300 884
176 325
866 482
964 881
771 536
105 387
984 578
531 186
940 821
147 109
689 470
1033 130
560 617
229 565
776 33
995 347
983 918
718 260
695 222
915 434
361 503
801 330
857 293
160 694
1081 647
495 948
632 998
955 822
937 654
511 887
682 955
575 852
1001 361
794 144
108 801
267 347
225 146
438 602
527 514
994 685
803 868
949 161
214 991
176 871
1074 620
398 628
558 389
370 854
796 511
601 122
523 191
788 681
287 288
1017 867
974 594
510 856
533 57
812 294
593 209
713 412
882 960
504 226
177 97
295 141
503 232
661 571
402 805
585 384
487 815
239 921
184 874
113 452
795 968
966 334
798 453
314 722
