100 2814
94 485
506 326
416 248
992 421
649 322
237 795
457 43
815 845
446 955
422 252
791 9
359 901
667 122
598 94
7 738
544 574
334 715
766 882
994 367
893 984
633 299
131 433
428 682
700 72
617 874
874 138
720 856
419 145
794 995
196 529
997 199
116 277
908 97
539 719
707 242
569 107
537 122
931 70
726 98
487 600
772 645
513 267
81 972
943 895
58 213
303 748
764 487
536 923
724 29
789 674
479 540
142 554
339 467
641 46
196 710
494 553
66 191
824 724
208 730
711 988
800 90
314 340
289 549
401 196
466 865
689 678
833 570
225 936
244 722
849 651
113 123
379 431
361 508
65 585
486 853
686 642
286 992
889 725
24 286
491 812
891 859
90 663
181 88
214 179
17 187
472 619
418 261
419 846
356 192
682 261
306 514
201 886
385 530
952 849
500 294
194 799
737 391
324 330
992 298
224 790
745 649
353 232
780 532
557 203
463 634
367 113
356 420
219 245
130 70
23 137
622 684
543 904
852 35
321 959
449 454
378 26
760 609
828 434
212 805
664 691
517 379
153 939
144 919
550 290
958 369
218 819
449 331
62 389
854 620
743 610
659 122
920 367
239 638
883 968
437 428
877 110
619 988
72 852
200 335
516 666
164 698
288 213
341 544
77 787
476 608
801 250
311 576
620 821
538 386
13 289
368 844
791 399
840 211
906 369
132 888
946 12
709 415
326 250
205 22
448 205
313 888
379 729
894 756
979 932
426 61
928 270
347 855
515 949
210 905
625 481
405 839
931 136
287 176
510 151
80 144
844 56
480 370
249 406
337 618
515 523
228 916
242 309
410 668
929 80
900 105
330 569
7 841
234 863
384 409
462 843
364 633
805 329
554 931
849 286
577 785
449 516
809 440
184 350
455 331
619 290
