100 872700
585 485
194 94
426 326
606 506
348 248
516 416
521 421
1092 992
422 322
749 649
895 795
337 237
143 43
557 457
945 845
915 815
1055 955
546 446
352 252
522 422
109 9
891 791
1001 901
459 359
222 122
767 667
194 94
698 598
838 738
107 7
674 574
644 544
815 715
434 334
982 882
866 766
467 367
1094 994
1084 984
993 893
399 299
733 633
533 433
231 131
782 682
528 428
172 72
800 700
974 874
717 617
238 138
974 874
956 856
820 720
245 145
519 419
1095 995
894 794
629 529
296 196
299 199
1097 997
377 277
216 116
197 97
1008 908
819 719
639 539
342 242
807 707
207 107
669 569
222 122
637 537
170 70
1031 931
198 98
826 726
700 600
587 487
745 645
872 772
367 267
613 513
1072 972
181 81
995 895
1043 943
313 213
158 58
848 748
403 303
587 487
864 764
1023 923
636 536
129 29
824 724
774 674
889 789
366 5332
687 9195
737 8749
467 9037
388 8191
953 5035
310 6059
943 7354
556 8735
678 5602
537 9458
702 9120
227 7262
805 9957
389 5904
316 9589
893 8850
829 7282
1013 9661
693 9130
988 9775
899 9657
531 8127
836 6980
1087 8458
423 6515
1090 5708
492 7085
317 7081
598 5046
214 8959
871 6235
379 7646
536 9153
975 9303
946 8315
197 7711
1080 9037
920 7602
814 8759
404 8717
921 9458
740 5842
126 6715
620 8027
486 6507
179 8985
711 6926
900 8915
868 5743
391 9740
918 8995
277 9227
512 9614
920 6771
141 6198
620 8755
751 7517
437 5190
462 8794
875 5396
512 5639
301 7587
566 5791
1027 9810
947 7619
822 6896
687 5108
882 7109
974 5061
240 5058
426 8528
1010 6798
232 9849
702 6331
168 7529
848 5311
130 9171
317 8671
735 9385
478 9366
467 5065
799 6314
399 7769
920 7546
378 7075
816 5829
660 9505
1030 6741
128 5385
986 9032
766 9940
1002 7095
629 5717
819 9648
888 6391
552 10000
564 5491
126 7376
770 9864
