500 922500
585 485
194 94
426 326
606 506
348 248
516 416
521 421
1092 992
422 322
749 649
895 795
337 237
143 43
557 457
945 845
915 815
1055 955
546 446
352 252
522 422
109 9
891 791
1001 901
459 359
222 122
767 667
194 94
698 598
838 738
107 7
674 574
644 544
815 715
434 334
982 882
866 766
467 367
1094 994
1084 984
993 893
399 299
733 633
533 433
231 131
782 682
528 428
172 72
800 700
974 874
717 617
238 138
974 874
956 856
820 720
245 145
519 419
1095 995
894 794
629 529
296 196
299 199
1097 997
377 277
216 116
197 97
1008 908
819 719
639 539
342 242
807 707
207 107
669 569
222 122
637 537
170 70
1031 931
198 98
826 726
700 600
587 487
745 645
872 772
367 267
613 513
1072 972
181 81
995 895
1043 943
313 213
158 58
848 748
403 303
587 487
864 764
1023 923
636 536
129 29
824 724
774 674
889 789
640 540
579 479
654 554
242 142
567 467
439 339
146 46
741 641
810 710
296 196
653 553
594 494
291 191
166 66
824 724
924 824
830 730
308 208
1088 988
811 711
190 90
900 800
440 340
414 314
649 549
389 289
296 196
501 401
965 865
566 466
778 678
789 689
670 570
933 833
1036 936
325 225
822 722
344 244
751 651
949 849
223 123
213 113
531 431
479 379
608 508
461 361
685 585
165 65
953 853
586 486
742 642
786 686
1092 992
386 286
825 725
989 889
386 286
124 24
912 812
591 491
959 859
991 891
763 663
190 90
188 88
281 181
279 179
314 214
287 187
117 17
719 619
572 472
361 261
518 418
946 846
519 419
292 192
456 356
361 261
782 682
614 514
406 306
986 886
301 201
630 530
485 385
949 849
1052 952
394 294
600 500
899 799
294 194
491 391
837 737
430 330
424 324
398 298
1092 992
890 790
324 224
375 275
360 260
926 826
197 97
172 72
310 210
966 866
749 649
1051 951
1019 919
848 748
163 63
785 685
1058 958
1056 956
904 804
664 564
618 518
283 183
528 428
500 400
637 537
821 721
446 346
307 207
253 153
423 323
1071 971
711 611
762 662
216 116
297 197
209 109
191 91
895 795
629 529
443 343
226 126
962 862
847 747
785 685
569 469
110 10
870 770
981 881
1034 934
1084 984
823 723
503 403
995 895
460 360
668 568
549 449
272 172
641 541
1058 958
372 272
483 383
977 877
408 308
459 359
1070 970
807 707
683 583
408 308
148 48
870 770
1030 930
130 30
669 569
308 208
103 3
411 311
120 20
200 100
709 609
1039 939
987 887
522 422
925 825
885 785
1030 930
470 370
1004 904
1089 989
341 241
1069 969
479 379
243 143
476 376
1072 972
1062 962
128 28
989 889
161 61
543 443
738 638
316 216
448 348
438 338
447 347
260 160
166 66
506 406
491 391
259 159
738 638
131 31
395 295
304 204
926 826
520 420
296 196
253 153
549 449
525 425
955 855
431 331
243 143
665 565
587 487
938 838
240 140
109 9
664 564
1018 918
715 615
633 533
235 135
332 232
664 564
1057 957
460 360
691 591
893 793
676 576
263 163
846 746
959 859
477 377
860 760
958 858
811 711
186 86
762 662
534 434
259 159
658 558
760 660
379 279
368 268
940 840
1048 948
835 735
415 315
674 574
776 676
226 126
441 341
1012 912
789 689
839 739
994 894
921 821
806 706
725 625
590 490
1017 917
578 478
301 201
771 671
1093 993
1032 932
249 149
999 899
152 52
337 237
859 759
287 187
367 267
572 472
356 256
872 772
883 783
198 98
217 117
1006 906
616 516
1011 911
280 180
735 635
125 25
325 225
480 380
923 823
812 712
264 164
366 266
443 343
316 216
832 732
548 448
602 502
641 541
840 740
764 664
676 576
1054 954
712 612
826 726
1002 902
872 772
554 454
631 531
511 411
1043 943
1073 973
850 750
803 703
427 327
950 850
1017 917
177 77
105 5
320 220
213 113
902 802
1013 913
503 403
891 791
281 181
1098 998
110 10
959 859
625 525
445 345
1019 919
531 431
768 668
775 675
627 527
933 833
562 462
538 438
391 291
623 523
705 605
1016 916
557 457
520 420
505 405
215 115
517 417
760 660
379 279
361 261
785 685
872 772
696 596
488 388
407 307
864 764
324 224
943 843
422 322
306 206
940 840
507 407
1075 975
739 639
501 401
952 852
191 91
642 542
427 327
160 60
430 330
857 757
282 182
182 82
703 603
737 637
893 793
193 93
715 615
714 614
833 733
236 136
964 864
287 187
116 16
202 102
963 863
1072 972
1087 987
263 163
406 306
601 501
134 34
577 477
422 7333
561 8835
967 5033
1053 9956
208 9169
728 9829
887 9832
883 5134
465 8431
705 8274
893 6955
175 9059
906 5604
913 6656
657 6335
1049 8895
982 6114
215 7875
858 5994
173 5243
409 8262
884 9506
750 6841
694 9099
181 9543
644 6219
515 7044
657 8817
270 9187
857 6502
774 5001
693 9940
349 6928
469 6444
378 7688
138 8779
1050 8003
418 9530
999 8487
1089 7196
1088 9026
830 6896
1035 8748
677 5078
1008 5703
607 9455
782 6143
441 5368
204 5956
594 5889
1065 6284
589 8092
604 8284
916 9877
671 6298
609 8171
281 6468
891 5662
280 6360
967 8982
1039 5062
434 8161
186 8945
138 7065
541 5584
318 6007
162 6971
462 6403
354 5319
1002 7732
321 9186
893 5811
434 6875
349 6273
464 9223
645 7224
325 8857
716 8090
249 7267
716 5863
456 6394
254 7226
383 6760
190 9998
350 9560
619 6584
239 9008
1098 6295
844 5109
581 6059
604 5476
323 9927
889 9793
420 7952
218 9185
412 9804
738 6686
706 6629
111 8632
1016 7916
193 8478
1026 7102
463 6026
357 5092
163 9372
865 8782
783 7107
441 6515
1015 7379
903 8874
795 6909
876 7404
489 8496
131 8351
264 6818
968 5680
1064 6601
264 9774
829 9070
107 5152
178 7422
134 8516
267 8047
1048 9966
121 8717
1075 9376
925 6723
209 5771
610 8514
889 7487
545 7634
813 9031
915 6420
941 7486
198 9709
854 8667
1064 6908
743 9328
592 5600
483 9339
666 9359
592 8988
157 7041
641 9112
230 8725
339 7253
174 7059
826 9643
384 8904
1075 9499
854 5667
554 6892
1001 7665
598 7904
233 6442
173 8739
576 8506
866 6079
139 5474
120 8149
427 5373
608 8636
186 9454
928 6977
1046 5227
877 5988
930 7633
356 8097
957 6009
251 5681
212 9789
345 8986
494 7476
562 9856
784 5682
759 5185
312 9470
288 9557
728 5227
746 7338
660 7677
960 9568
426 6142
880 8881
1036 7606
1079 5078
266 5320
222 6443
934 7015
260 5358
928 7664
776 8508
107 8954
301 8041
235 8310
649 8010
621 8523
708 7216
833 5417
846 7764
391 6345
524 8554
256 9810
995 5425
283 5430
367 5602
560 9516
933 7395
935 8972
995 8958
156 5224
778 9840
382 7912
761 6950
801 6321
894 7437
227 5614
314 8869
455 9466
890 7100
349 5907
680 9799
983 9826
699 9302
171 6726
786 8995
389 7446
496 6354
199 6175
731 6945
116 8966
314 9686
812 7346
557 5909
574 7949
831 5565
358 5538
825 6442
537 6451
708 7863
652 6457
672 5137
162 8813
418 7914
628 9309
150 7225
504 7524
1012 7772
429 7937
171 8787
891 6084
689 6209
727 6308
505 7409
373 8168
1067 5768
257 6513
1014 9459
827 7744
462 7051
944 5306
388 7335
385 8596
708 9380
1094 5677
270 6833
707 8615
769 5451
844 5292
897 9545
246 9157
881 7015
315 8573
511 7509
926 6125
500 5951
806 6527
521 7072
464 6622
942 8330
581 6587
857 8628
571 7654
488 7773
277 6801
902 5325
883 9303
157 9411
988 5739
761 7756
473 5886
293 6091
107 6410
991 8849
1098 8673
731 6816
1064 8003
428 7375
321 6039
469 5047
458 8225
466 7820
255 9940
416 5670
999 6296
317 5111
1059 8177
904 8058
997 7698
587 9235
522 7589
774 8194
481 9062
194 5392
289 9696
700 6661
1074 6661
694 6201
1023 5661
358 8933
543 5551
424 6034
710 9888
884 5979
351 5266
554 9321
1033 6956
457 6560
803 9792
307 9587
113 7907
714 6234
825 5362
765 6580
953 6521
707 8700
263 5314
1017 5711
320 8157
606 5040
892 7797
1043 5469
811 5989
1016 5040
676 9846
832 7455
657 5053
289 9387
1009 8749
195 8294
1046 7205
817 8494
308 5065
383 8279
292 9403
1026 5461
558 6481
477 8522
929 9188
266 8525
913 6423
914 6167
479 6072
338 5959
780 9501
246 7822
136 6899
204 6809
775 9698
445 5645
451 6384
348 8058
392 5168
651 8339
135 7622
828 6584
572 8763
620 8090
422 8262
397 9436
1064 9578
638 9647
563 7610
239 7476
844 6176
383 6703
1066 7661
377 5655
657 8032
1028 6492
209 5513
822 7758
991 5517
975 7469
725 8137
283 7116
532 5825
410 5010
371 8248
1000 7076
363 7773
454 5948
280 8967
185 9241
800 6779
962 9954
927 8155
259 6868
853 9644
867 9393
401 6548
843 9855
511 5677
794 8653
685 7130
495 5046
732 9967
979 6178
781 8913
373 6018
194 9680
1017 9970
142 5321
163 6980
1092 9828
953 6367
608 7039
345 5104
207 7965
270 9561
950 9078
954 6121
932 9846
531 7108
306 9759
903 7498
479 5082
125 6365
414 8711
686 8393
321 6711
162 5876
790 8425
812 7256
259 9851
554 5656
363 6320
1049 7065
435 7530
1029 6437
273 6117
1004 8501
790 6778
313 8912
1010 6581
1034 7474
168 8552
857 7954
389 9605
925 6872
177 6003
270 7703
820 6000
542 9825
286 6058
384 8049
477 6689
721 8429
607 9923
208 7843
654 5871
670 5456
557 5770
1035 7998
526 9290
746 7945
587 8151
121 7625
660 8819
404 5778
1053 6839
920 6083
547 5754
893 7264
766 7480
991 7012
399 9145
1045 5304
959 7758
250 9514
160 9902
361 8484
114 5173
683 7700
389 6945
1047 7011
289 5476
736 9733
932 8684
787 7036
