5000 611800
585 485
194 94
426 326
606 506
348 248
516 416
521 421
1092 992
422 322
749 649
895 795
337 237
143 43
557 457
945 845
915 815
1055 955
546 446
352 252
522 422
109 9
891 791
1001 901
459 359
222 122
767 667
194 94
698 598
838 738
107 7
674 574
644 544
815 715
434 334
982 882
866 766
467 367
1094 994
1084 984
993 893
399 299
733 633
533 433
231 131
782 682
528 428
172 72
800 700
974 874
717 617
238 138
974 874
956 856
820 720
245 145
519 419
1095 995
894 794
629 529
296 196
299 199
1097 997
377 277
216 116
197 97
1008 908
819 719
639 539
342 242
807 707
207 107
669 569
222 122
637 537
170 70
1031 931
198 98
826 726
700 600
587 487
745 645
872 772
367 267
613 513
1072 972
181 81
995 895
1043 943
313 213
158 58
848 748
403 303
587 487
864 764
1023 923
636 536
129 29
824 724
774 674
889 789
640 540
579 479
654 554
242 142
567 467
439 339
146 46
741 641
810 710
296 196
653 553
594 494
291 191
166 66
824 724
924 824
830 730
308 208
1088 988
811 711
190 90
900 800
440 340
414 314
649 549
389 289
296 196
501 401
965 865
566 466
778 678
789 689
670 570
933 833
1036 936
325 225
822 722
344 244
751 651
949 849
223 123
213 113
531 431
479 379
608 508
461 361
685 585
165 65
953 853
586 486
742 642
786 686
1092 992
386 286
825 725
989 889
386 286
124 24
912 812
591 491
959 859
991 891
763 663
190 90
188 88
281 181
279 179
314 214
287 187
117 17
719 619
572 472
361 261
518 418
946 846
519 419
292 192
456 356
361 261
782 682
614 514
406 306
986 886
301 201
630 530
485 385
949 849
1052 952
394 294
600 500
899 799
294 194
491 391
837 737
430 330
424 324
398 298
1092 992
890 790
324 224
375 275
360 260
926 826
197 97
172 72
310 210
966 866
749 649
1051 951
1019 919
848 748
163 63
785 685
1058 958
1056 956
904 804
664 564
618 518
283 183
528 428
500 400
637 537
821 721
446 346
307 207
253 153
423 323
1071 971
711 611
762 662
216 116
297 197
209 109
191 91
895 795
629 529
443 343
226 126
962 862
847 747
785 685
569 469
110 10
870 770
981 881
1034 934
1084 984
823 723
503 403
995 895
460 360
668 568
549 449
272 172
641 541
1058 958
372 272
483 383
977 877
408 308
459 359
1070 970
807 707
683 583
408 308
148 48
870 770
1030 930
130 30
669 569
308 208
103 3
411 311
120 20
200 100
709 609
1039 939
987 887
522 422
925 825
885 785
1030 930
470 370
1004 904
1089 989
341 241
1069 969
479 379
243 143
476 376
1072 972
1062 962
128 28
989 889
161 61
543 443
738 638
316 216
448 348
438 338
447 347
260 160
166 66
506 406
491 391
259 159
738 638
131 31
395 295
304 204
926 826
520 420
296 196
253 153
549 449
525 425
955 855
431 331
243 143
665 565
587 487
938 838
240 140
109 9
664 564
1018 918
715 615
633 533
235 135
332 232
664 564
1057 957
460 360
691 591
893 793
676 576
263 163
846 746
959 859
477 377
860 760
958 858
811 711
186 86
762 662
534 434
259 159
658 558
760 660
379 279
368 268
940 840
1048 948
835 735
415 315
674 574
776 676
226 126
441 341
1012 912
789 689
839 739
994 894
921 821
806 706
725 625
590 490
1017 917
578 478
301 201
771 671
1093 993
1032 932
249 149
999 899
152 52
337 237
859 759
287 187
367 267
572 472
356 256
872 772
883 783
198 98
217 117
1006 906
616 516
1011 911
280 180
735 635
125 25
325 225
480 380
923 823
812 712
264 164
366 266
443 343
316 216
832 732
548 448
602 502
641 541
840 740
764 664
676 576
1054 954
712 612
826 726
1002 902
872 772
554 454
631 531
511 411
1043 943
1073 973
850 750
803 703
427 327
950 850
1017 917
177 77
105 5
320 220
213 113
902 802
1013 913
503 403
891 791
281 181
1098 998
110 10
959 859
625 525
445 345
1019 919
531 431
768 668
775 675
627 527
933 833
562 462
538 438
391 291
623 523
705 605
1016 916
557 457
520 420
505 405
215 115
517 417
760 660
379 279
361 261
785 685
872 772
696 596
488 388
407 307
864 764
324 224
943 843
422 322
306 206
940 840
507 407
1075 975
739 639
501 401
952 852
191 91
642 542
427 327
160 60
430 330
857 757
282 182
182 82
703 603
737 637
893 793
193 93
715 615
714 614
833 733
236 136
964 864
287 187
116 16
202 102
963 863
1072 972
1087 987
263 163
406 306
601 501
134 34
577 477
940 840
592 492
800 700
221 121
806 706
180 80
887 787
238 138
205 105
760 660
934 834
329 229
898 798
927 827
410 310
548 448
709 609
330 230
790 690
932 832
661 561
589 489
679 579
686 586
160 60
391 291
488 388
765 665
409 309
760 660
507 407
802 702
300 200
253 153
413 313
706 606
1070 970
223 123
133 33
353 253
373 273
809 709
377 277
932 832
1097 997
208 108
140 40
988 888
327 227
581 481
960 860
383 283
1040 940
958 858
708 608
384 284
1090 990
811 711
690 590
950 850
906 806
339 239
152 52
1043 943
901 801
295 195
864 764
195 95
810 710
510 410
486 386
764 664
693 593
1000 900
150 50
212 112
594 494
1063 963
256 156
854 754
1036 936
558 458
1065 965
119 19
186 86
325 225
823 723
669 569
284 184
197 97
968 868
294 194
440 340
854 754
512 412
702 602
587 487
161 61
309 209
795 695
446 346
447 347
960 860
819 719
407 307
200 100
195 95
197 97
921 821
943 843
1041 941
845 745
921 821
386 286
687 587
592 492
301 201
216 116
765 665
631 531
627 527
524 424
912 812
353 253
524 424
526 426
559 459
513 413
443 343
1080 980
936 836
391 291
606 506
933 833
279 179
586 486
1016 916
109 9
530 430
675 575
696 596
1022 922
908 808
245 145
369 269
997 897
612 512
504 404
911 811
842 742
785 685
828 728
667 567
369 269
876 776
203 103
955 855
845 745
818 718
135 35
953 853
879 779
197 97
171 71
246 146
180 80
846 746
942 842
115 15
228 128
1065 965
1041 941
612 512
327 227
580 480
130 30
1058 958
442 342
765 665
705 605
291 191
631 531
1064 964
464 364
615 515
459 359
706 606
967 867
922 822
920 820
636 536
413 313
793 693
307 207
119 19
1011 911
435 335
408 308
201 101
530 430
1022 922
785 685
394 294
741 641
1010 910
213 113
510 410
241 141
350 250
790 690
646 546
800 700
829 729
659 559
709 609
581 481
820 720
603 503
1076 976
866 766
859 759
107 7
898 798
982 882
174 74
959 859
748 648
282 182
399 299
525 425
885 785
642 542
946 846
783 683
490 390
953 853
997 897
1038 938
516 416
189 89
937 837
724 624
347 247
281 181
393 293
978 878
244 144
1033 933
1038 938
680 580
567 467
352 252
580 480
307 207
1055 955
758 658
765 665
120 20
126 26
1054 954
664 564
447 347
549 449
859 759
126 26
546 446
621 521
114 14
401 301
757 657
421 321
810 710
713 613
1080 980
488 388
288 188
979 879
736 636
1090 990
303 203
288 188
532 432
1063 963
229 129
920 820
730 630
400 300
609 509
922 822
337 237
355 255
473 373
377 277
938 838
253 153
495 395
500 400
792 692
327 227
203 103
618 518
318 218
547 447
484 384
415 315
1031 931
913 813
496 396
424 324
489 389
602 502
740 640
399 299
387 287
880 780
397 297
476 376
1077 977
616 516
612 512
312 212
319 219
429 329
655 555
910 810
498 398
586 486
389 289
585 485
898 798
516 416
698 598
1052 952
149 49
994 894
672 572
458 358
797 697
121 21
870 770
747 647
825 725
144 44
642 542
783 683
314 214
461 361
987 887
914 814
145 45
331 231
194 94
108 8
382 282
265 165
182 82
596 496
419 319
799 699
726 626
952 852
246 146
559 459
641 541
635 535
974 874
414 314
825 725
1044 944
877 777
406 306
654 554
559 459
308 208
737 637
887 787
547 447
1076 976
508 408
1012 912
207 107
544 444
1062 962
103 3
665 565
401 301
507 407
264 164
957 857
537 437
417 317
752 652
198 98
864 764
918 818
141 41
700 600
837 737
388 288
276 176
1002 902
236 136
667 567
228 128
290 190
494 394
849 749
335 235
1008 908
142 42
376 276
924 824
848 748
784 684
692 592
1079 979
493 393
668 568
463 363
467 367
263 163
152 52
1083 983
742 642
279 179
435 335
116 16
226 126
578 478
230 130
359 259
683 583
968 868
229 129
395 295
852 752
696 596
267 167
171 71
956 856
722 622
740 640
964 864
870 770
744 644
531 431
105 5
295 195
465 365
548 448
529 429
801 701
164 64
1052 952
954 854
980 880
870 770
268 168
188 88
179 79
257 157
1061 961
468 368
572 472
521 421
317 217
819 719
809 709
371 271
247 147
1075 975
396 296
916 816
1009 909
1062 962
864 764
635 535
351 251
538 438
978 878
796 696
853 753
981 881
670 570
418 318
353 253
145 45
766 666
152 52
1031 931
596 496
533 433
413 313
910 810
238 138
778 678
434 334
223 123
1088 988
312 212
608 508
166 66
870 770
306 206
851 751
850 750
880 780
164 64
541 441
566 466
307 207
437 337
616 516
610 510
774 674
896 796
508 408
275 175
1020 920
537 437
673 573
1038 938
734 634
948 848
978 878
661 561
1090 990
818 718
926 826
1048 948
796 696
749 649
900 800
669 569
511 411
763 663
522 422
682 582
807 707
943 843
434 334
302 202
1086 986
802 702
594 494
679 579
250 150
825 725
662 562
903 803
480 380
440 340
932 832
256 156
1079 979
932 832
476 376
702 602
611 511
334 234
514 414
788 688
260 160
284 184
1082 982
1078 978
338 238
513 413
590 490
733 633
999 899
685 585
351 251
706 606
626 526
1063 963
997 897
450 350
139 39
342 242
757 657
639 539
552 452
839 739
638 538
367 267
931 831
265 165
560 460
277 177
285 185
820 720
1034 934
902 802
540 440
744 644
590 490
182 82
268 168
898 798
171 71
297 197
1077 977
273 173
558 458
181 81
304 204
335 235
903 803
212 112
239 139
203 103
499 399
368 268
520 420
979 879
1091 991
743 643
678 578
206 106
1072 972
222 122
277 177
544 444
498 398
362 262
448 348
791 691
596 496
1097 997
376 276
546 446
925 825
271 171
714 614
649 549
221 121
381 281
830 730
311 211
441 341
212 112
384 284
508 408
798 698
830 730
117 17
463 363
646 546
189 89
772 672
705 605
1074 974
1038 938
966 866
268 168
477 377
805 705
659 559
147 47
440 340
500 400
627 527
315 215
879 779
214 114
861 761
151 51
583 483
981 881
192 92
649 549
490 390
779 679
683 583
428 328
761 661
350 250
491 391
303 203
436 336
581 481
761 661
852 752
225 125
807 707
189 89
182 82
375 275
163 63
459 359
760 660
278 178
121 21
880 780
387 287
142 42
319 219
105 5
600 500
480 380
920 820
872 772
195 95
916 816
144 44
109 9
848 748
584 484
778 678
645 545
376 276
689 589
578 478
257 157
763 663
1001 901
694 594
877 777
857 757
174 74
1047 947
347 247
548 448
155 55
670 570
579 479
413 313
885 785
1081 981
1058 958
895 795
780 680
652 552
493 393
489 389
1044 944
380 280
696 596
964 864
719 619
736 636
711 611
612 512
952 852
992 892
383 283
284 184
399 299
1047 947
866 766
714 614
412 312
725 625
926 826
249 149
826 726
477 377
833 733
574 474
905 805
118 18
779 679
762 662
503 403
516 416
1064 964
101 1
437 337
630 530
641 541
852 752
578 478
122 22
469 369
1081 981
1046 946
877 777
921 821
1057 957
933 833
375 275
937 837
684 584
590 490
682 582
137 37
221 121
694 594
1051 951
229 129
768 668
358 258
218 118
346 246
419 319
462 362
996 896
855 755
621 521
604 504
1048 948
171 71
348 248
277 177
574 474
276 176
451 351
903 803
154 54
337 237
255 155
777 677
760 660
133 33
971 871
215 115
586 486
697 597
394 294
869 769
525 425
636 536
345 245
1056 956
482 382
441 341
471 371
284 184
808 708
334 234
644 544
669 569
894 794
316 216
487 387
637 537
838 738
184 84
620 520
910 810
381 281
757 657
602 502
133 33
191 91
259 159
603 503
620 520
1024 924
768 668
116 16
387 287
133 33
329 229
444 344
474 374
449 349
574 474
706 606
772 672
996 896
1015 915
695 595
611 511
541 441
223 123
202 102
669 569
152 52
299 199
754 654
496 396
810 710
815 715
534 434
159 59
345 245
710 610
136 36
1017 917
761 661
1027 927
513 413
370 270
113 13
217 117
470 370
616 516
500 400
315 215
295 195
316 216
1084 984
337 237
576 476
715 615
264 164
599 499
505 405
577 477
774 674
860 760
296 196
385 285
708 608
156 56
1007 907
1066 966
632 532
722 622
151 51
321 221
816 716
294 194
427 327
191 91
980 880
447 347
810 710
352 252
367 267
573 473
500 400
616 516
476 376
485 385
709 609
457 357
420 320
1058 958
296 196
765 665
638 538
892 792
1035 935
164 64
504 404
520 420
200 100
771 671
226 126
1068 968
955 855
977 877
194 94
277 177
831 731
623 523
353 253
239 139
108 8
252 152
493 393
832 732
643 543
346 246
448 348
665 565
418 318
840 740
589 489
1002 902
122 22
117 17
1098 998
1073 973
149 49
398 298
481 381
711 611
110 10
132 32
529 429
111 11
321 221
437 337
250 150
236 136
817 717
989 889
630 530
622 522
432 332
905 805
1042 942
128 28
665 565
1031 931
316 216
857 757
161 61
709 609
270 170
644 544
972 872
1005 905
744 644
695 595
308 208
346 246
780 680
213 113
797 697
275 175
739 639
256 156
779 679
344 244
1061 961
983 883
461 361
365 265
902 802
983 883
459 359
562 462
939 839
585 485
818 718
372 272
380 280
304 204
352 252
1084 984
380 280
509 409
202 102
498 398
715 615
1009 909
396 296
470 370
581 481
982 882
1056 956
314 214
330 230
866 766
359 259
135 35
1022 922
521 421
806 706
371 271
372 272
470 370
256 156
948 848
652 552
150 50
585 485
1076 976
636 536
370 270
170 70
896 796
1002 902
1063 963
552 452
479 379
135 35
1091 991
1047 947
651 551
478 378
997 897
157 57
407 307
452 352
521 421
769 669
174 74
802 702
488 388
241 141
659 559
558 458
1080 980
563 463
715 615
856 756
781 681
987 887
331 231
432 332
307 207
628 528
918 818
756 656
431 331
354 254
1079 979
887 787
545 445
595 495
448 348
470 370
824 724
110 10
501 401
300 200
746 646
427 327
768 668
117 17
342 242
474 374
402 302
855 755
961 861
1080 980
930 830
476 376
177 77
108 8
541 441
132 32
689 589
560 460
1090 990
904 804
289 189
123 23
968 868
969 869
1096 996
1043 943
463 363
815 715
337 237
728 628
520 420
173 73
665 565
299 199
314 214
138 38
433 333
309 209
826 726
427 327
275 175
1012 912
158 58
899 799
725 625
472 372
166 66
1076 976
269 169
220 120
575 475
767 667
304 204
288 188
190 90
128 28
596 496
804 704
101 1
749 649
574 474
846 746
549 449
797 697
352 252
812 712
432 332
389 289
387 287
725 625
289 189
1053 953
989 889
562 462
163 63
402 302
478 378
179 79
306 206
141 41
997 897
923 823
330 230
1008 908
482 382
765 665
675 575
136 36
160 60
832 732
629 529
909 809
577 477
166 66
390 290
391 291
189 89
691 591
1061 961
683 583
561 461
352 252
802 702
579 479
632 532
630 530
780 680
324 224
153 53
888 788
742 642
409 309
1100 1000
466 366
991 891
452 352
922 822
502 402
252 152
645 545
424 324
213 113
733 633
1067 967
367 267
554 454
481 381
823 723
372 272
114 14
606 506
120 20
519 419
408 308
561 461
744 644
626 526
813 713
1078 978
582 482
568 468
436 336
829 729
389 289
895 795
596 496
681 581
426 326
483 383
630 530
326 226
267 167
521 421
622 522
486 386
930 830
373 273
191 91
584 484
216 116
776 676
847 747
207 107
495 395
329 229
1058 958
1002 902
856 756
1062 962
362 262
205 105
803 703
184 84
611 511
1091 991
581 481
801 701
549 449
789 689
988 888
755 655
699 599
700 600
406 306
638 538
592 492
599 499
903 803
981 881
545 445
1081 981
416 316
573 473
989 889
483 383
885 785
779 679
865 765
673 573
591 491
689 589
689 589
580 480
224 124
245 145
841 741
724 624
998 898
1023 923
825 725
1015 915
782 682
332 232
231 131
1074 974
498 398
835 735
1006 906
778 678
853 753
740 640
412 312
744 644
890 790
312 212
401 301
223 123
1045 945
353 253
547 447
1043 943
297 197
118 18
127 27
1016 916
673 573
427 327
689 589
740 640
1034 934
715 615
309 209
570 470
629 529
755 655
999 899
388 288
115 15
501 401
692 592
940 840
192 92
733 633
675 575
807 707
914 814
524 424
454 354
782 682
227 127
294 194
474 374
955 855
666 566
290 190
694 594
828 728
1073 973
278 178
745 645
375 275
703 603
188 88
812 712
467 367
132 32
644 544
398 298
838 738
661 561
1063 963
1006 906
560 460
726 626
366 266
243 143
827 727
604 504
133 33
936 836
542 442
461 361
728 628
531 431
484 384
654 554
344 244
124 24
582 482
516 416
865 765
835 735
546 446
343 243
347 247
554 454
1013 913
1032 932
660 560
594 494
628 528
748 648
694 594
457 357
1035 935
696 596
562 462
888 788
721 621
636 536
760 660
859 759
664 564
300 200
402 302
666 566
1036 936
841 741
692 592
317 217
824 724
319 219
218 118
932 832
399 299
919 819
351 251
587 487
229 129
573 473
196 96
341 241
267 167
164 64
269 169
616 516
481 381
957 857
1076 976
318 218
867 767
590 490
937 837
604 504
507 407
807 707
303 203
442 342
487 387
575 475
835 735
275 175
806 706
886 786
435 335
271 171
140 40
332 232
921 821
988 888
231 131
966 866
259 159
1076 976
1078 978
353 253
153 53
719 619
949 849
742 642
578 478
560 460
119 19
318 218
330 230
318 218
553 453
767 667
436 336
1049 949
1031 931
189 89
688 588
588 488
549 449
668 568
666 566
626 526
372 272
960 860
983 883
104 4
831 731
872 772
180 80
834 734
313 213
359 259
277 177
370 270
972 872
106 6
726 626
524 424
1040 940
304 204
250 150
413 313
479 379
259 159
933 833
305 205
617 517
125 25
824 724
1051 951
1073 973
821 721
681 581
735 635
939 839
393 293
372 272
812 712
512 412
510 410
939 839
565 465
592 492
466 366
653 553
174 74
818 718
123 23
838 738
516 416
939 839
864 764
490 390
149 49
688 588
917 817
623 523
607 507
730 630
252 152
870 770
356 256
846 746
662 562
149 49
595 495
469 369
514 414
637 537
178 78
215 115
1012 912
315 215
159 59
1071 971
359 259
702 602
358 258
651 551
941 841
140 40
237 137
594 494
690 590
352 252
483 383
258 158
969 869
172 72
1039 939
277 177
382 282
767 667
980 880
583 483
579 479
915 815
554 454
119 19
830 730
845 745
656 556
439 339
295 195
714 614
509 409
402 302
680 580
419 319
199 99
770 670
1013 913
613 513
898 798
666 566
418 318
127 27
890 790
422 322
444 344
745 645
180 80
310 210
568 468
941 841
1022 922
1025 925
279 179
621 521
447 347
1075 975
331 231
369 269
697 597
1029 929
707 607
578 478
1003 903
1070 970
410 310
784 684
323 223
331 231
110 10
773 673
945 845
448 348
1005 905
332 232
158 58
827 727
193 93
697 597
859 759
497 397
1012 912
639 539
1006 906
1007 907
143 43
992 892
176 76
799 699
652 552
508 408
770 670
461 361
771 671
889 789
453 353
629 529
937 837
290 190
112 12
980 880
989 889
336 236
1012 912
815 715
477 377
818 718
156 56
539 439
685 585
914 814
952 852
1002 902
815 715
758 658
521 421
510 410
430 330
512 412
151 51
190 90
940 840
778 678
797 697
1051 951
948 848
137 37
926 826
693 593
298 198
837 737
441 341
311 211
374 274
234 134
840 740
947 847
439 339
590 490
975 875
195 95
500 400
535 435
703 603
837 737
574 474
960 860
226 126
410 310
1073 973
648 548
1073 973
1084 984
681 581
760 660
888 788
186 86
729 629
735 635
899 799
1041 941
575 475
156 56
1059 959
472 372
180 80
750 650
1017 917
1064 964
191 91
835 735
883 783
782 682
873 773
251 151
812 712
383 283
755 655
873 773
1053 953
743 643
379 279
998 898
801 701
917 817
806 706
369 269
247 147
831 731
455 355
607 507
200 100
941 841
598 498
307 207
361 261
852 752
691 591
418 318
730 630
226 126
474 374
253 153
1060 960
201 101
1017 917
660 560
506 406
843 743
859 759
916 816
718 618
1080 980
1081 981
101 1
741 641
182 82
231 131
986 886
1020 920
477 377
634 534
565 465
553 453
853 753
497 397
942 842
151 51
647 547
401 301
680 580
297 197
854 754
1010 910
137 37
311 211
648 548
951 851
996 896
142 42
756 656
1019 919
637 537
130 30
178 78
774 674
640 540
1079 979
697 597
864 764
414 314
1037 937
945 845
756 656
461 361
690 590
1030 930
437 337
754 654
1097 997
941 841
743 643
910 810
752 652
198 98
732 632
914 814
927 827
998 898
759 659
337 237
156 56
336 236
197 97
497 397
404 304
568 468
871 771
260 160
780 680
268 168
444 344
289 189
661 561
223 123
732 632
883 783
766 666
1091 991
335 235
875 775
171 71
665 565
427 327
1006 906
924 824
704 604
101 1
333 233
1048 948
793 693
951 851
309 209
880 780
379 279
703 603
331 231
480 380
775 675
184 84
470 370
784 684
914 814
857 757
376 276
705 605
338 238
404 304
810 710
458 358
1031 931
394 294
979 879
842 742
592 492
137 37
181 81
104 4
447 347
807 707
517 417
231 131
682 582
760 660
901 801
189 89
295 195
555 455
503 403
403 303
347 247
780 680
456 356
1070 970
727 627
1034 934
958 858
1051 951
903 803
504 404
336 236
546 446
672 572
449 349
585 485
193 93
686 586
772 672
848 748
258 158
335 235
872 772
959 859
991 891
888 788
632 532
445 345
721 621
961 861
447 347
442 342
327 227
879 779
655 555
695 595
116 16
1063 963
403 303
360 260
1041 941
466 366
933 833
935 835
290 190
833 733
722 622
934 834
445 345
542 442
993 893
873 773
292 192
980 880
530 430
973 873
260 160
893 793
867 767
273 173
270 170
502 402
910 810
160 60
418 318
728 628
790 690
119 19
324 224
246 146
152 52
785 685
511 411
238 138
303 203
693 593
885 785
302 202
319 219
600 500
161 61
189 89
1019 919
533 433
291 191
163 63
811 711
614 514
394 294
965 865
1037 937
493 393
353 253
369 269
203 103
211 111
416 316
714 614
725 625
372 272
739 639
1073 973
741 641
709 609
239 139
336 236
145 45
596 496
416 316
124 24
318 218
971 871
393 293
327 227
847 747
520 420
979 879
950 850
733 633
227 127
110 10
270 170
456 356
324 224
765 665
822 722
636 536
289 189
923 823
697 597
703 603
386 286
492 392
122 22
358 258
1057 957
871 771
636 536
920 820
321 221
239 139
381 281
666 566
338 238
329 229
631 531
425 325
549 449
904 804
835 735
886 786
770 670
1083 983
746 646
947 847
372 272
488 388
705 605
732 632
494 394
353 253
608 508
505 405
637 537
237 137
1055 955
383 283
577 477
778 678
1069 969
759 659
792 692
806 706
1063 963
886 786
929 829
413 313
738 638
243 143
306 206
813 713
285 185
344 244
287 187
589 489
229 129
944 844
400 300
996 896
214 114
702 602
405 305
310 210
299 199
1030 930
1016 916
792 692
939 839
557 457
999 899
341 241
552 452
1050 950
285 185
329 229
661 561
312 212
948 848
322 222
291 191
132 32
930 830
847 747
960 860
969 869
973 873
345 245
749 649
675 575
691 591
918 818
1074 974
304 204
1074 974
684 584
552 452
922 822
497 397
298 198
450 350
1042 942
697 597
1042 942
113 13
999 899
492 392
475 375
443 343
427 327
856 756
579 479
487 387
166 66
1024 924
1050 950
288 188
564 464
168 68
386 286
652 552
673 573
266 166
394 294
535 435
237 137
114 14
657 557
897 797
523 423
354 254
527 427
400 300
195 95
531 431
815 715
467 367
503 403
297 197
553 453
333 233
835 735
249 149
101 1
162 62
245 145
138 38
882 782
169 69
948 848
525 425
556 456
910 810
590 490
978 878
779 679
603 503
561 461
408 308
944 844
898 798
170 70
537 437
699 599
898 798
988 888
136 36
495 395
683 583
833 733
512 412
895 795
295 195
468 368
978 878
194 94
488 388
214 114
538 438
146 46
632 532
895 795
103 3
683 583
368 268
421 321
517 417
814 714
377 277
432 332
329 229
357 257
545 445
1006 906
480 380
401 301
1074 974
377 277
348 248
751 651
533 433
318 218
1100 1000
209 109
974 874
658 558
1039 939
488 388
860 760
221 121
573 473
472 372
911 811
328 228
866 766
308 208
406 306
426 326
656 556
672 572
621 521
150 50
464 364
853 753
560 460
177 77
236 136
366 266
558 458
327 227
884 784
602 502
748 648
437 337
883 783
131 31
1060 960
729 629
237 137
315 215
691 591
453 353
975 875
374 274
540 440
443 343
363 263
858 758
140 40
938 838
935 835
578 478
1043 943
695 595
849 749
355 255
363 263
431 331
697 597
462 362
105 5
184 84
1099 999
116 16
261 161
559 459
135 35
320 220
991 891
116 16
559 459
965 865
1096 996
819 719
692 592
392 292
154 54
275 175
1085 985
561 461
501 401
401 301
398 298
859 759
559 459
815 715
177 77
307 207
711 611
229 129
259 159
781 681
567 467
361 261
837 737
993 893
995 895
499 399
149 49
477 377
482 382
289 189
385 285
460 360
488 388
114 14
1072 972
828 728
365 265
414 314
829 729
325 225
910 810
634 534
1073 973
1014 914
918 818
194 94
395 295
649 549
632 532
774 674
158 58
534 434
836 736
311 211
287 187
1086 986
996 896
963 863
1098 998
902 802
1097 997
379 279
576 476
131 31
359 259
910 810
575 475
1068 968
594 494
287 187
230 130
891 791
251 151
290 190
739 639
510 410
955 855
692 592
580 480
986 886
578 478
975 875
486 386
863 763
772 672
452 352
461 361
158 58
994 894
915 815
560 460
662 562
248 148
671 571
760 660
422 322
728 628
565 465
429 329
518 418
1075 975
298 198
101 1
654 554
607 507
756 656
850 750
208 108
209 109
553 453
1015 915
1009 909
800 700
676 576
175 75
746 646
996 896
214 114
329 229
413 313
185 85
792 692
244 144
859 759
636 536
743 643
1019 919
562 462
616 516
960 860
573 473
1004 904
125 25
1059 959
125 25
763 663
711 611
309 209
144 44
664 564
822 722
333 233
1080 980
578 478
663 563
816 716
772 672
716 616
1014 914
207 107
641 541
1079 979
982 882
566 466
242 142
1071 971
359 259
176 76
135 35
986 886
643 543
598 498
789 689
250 150
821 721
542 442
242 142
236 136
630 530
136 36
603 503
137 37
550 450
444 344
348 248
650 550
699 599
455 355
1019 919
1080 980
736 636
573 473
281 181
1057 957
973 873
424 324
254 154
959 859
527 427
670 570
704 604
394 294
413 313
360 260
463 363
774 674
694 594
439 339
913 813
359 259
929 829
482 382
149 49
760 660
891 791
530 430
654 554
860 760
599 499
782 682
326 226
764 664
445 345
458 358
532 432
214 114
858 758
242 142
164 64
119 19
943 843
853 753
737 637
263 163
1041 941
221 121
1065 965
194 94
548 448
498 398
957 857
687 587
1068 968
198 98
451 351
242 142
858 758
403 303
451 351
1068 968
1080 980
633 533
762 662
1082 982
457 357
668 568
1014 914
619 519
648 548
377 277
823 723
722 622
123 23
617 517
270 170
820 720
451 351
735 635
213 113
155 55
883 783
363 263
866 766
385 285
627 527
289 189
306 206
728 628
744 644
107 7
358 258
390 290
961 861
755 655
828 728
487 387
169 69
741 641
228 128
842 742
492 392
841 741
245 145
893 793
151 51
902 802
212 112
997 897
353 253
362 262
440 340
293 193
1032 932
982 882
917 817
231 131
1065 965
582 482
580 480
673 573
824 724
543 443
939 839
303 203
600 500
1065 965
846 746
175 75
911 811
907 807
473 373
905 805
705 605
613 513
352 252
572 472
272 172
897 797
494 394
790 690
277 177
395 295
198 98
884 784
477 377
632 532
586 486
255 155
955 855
210 110
390 290
984 884
230 130
273 173
455 355
178 78
942 842
814 714
333 233
733 633
201 101
577 477
786 686
219 119
836 736
818 718
1030 930
115 15
800 700
572 472
169 69
428 328
707 607
893 793
979 879
299 199
1016 916
1099 999
1060 960
277 177
508 408
625 525
779 679
1048 948
238 138
598 498
285 185
595 495
882 782
990 890
149 49
1006 906
553 453
434 334
730 630
485 385
529 429
499 399
953 853
438 338
645 545
620 520
751 651
929 829
865 765
581 481
259 159
199 99
1100 1000
780 680
279 179
187 87
817 717
902 802
985 885
990 890
132 32
939 839
938 838
439 339
286 186
983 883
570 470
167 67
285 185
644 544
1021 921
457 357
476 376
557 457
1086 986
544 444
1034 934
742 642
271 171
252 152
745 645
159 59
146 46
716 616
781 681
159 59
143 43
1087 987
334 234
453 353
203 103
630 530
596 496
1058 958
489 389
713 613
1031 931
938 838
679 579
185 85
232 132
186 86
1008 908
669 569
872 772
579 479
777 677
783 683
443 343
500 400
803 703
470 370
239 139
982 882
444 344
246 146
487 387
216 116
1009 909
860 760
639 539
507 407
404 304
547 447
755 655
488 388
478 378
141 41
192 92
758 658
962 862
219 119
511 411
128 28
462 362
557 457
497 397
298 198
390 290
117 17
252 152
532 432
711 611
421 321
273 173
527 427
237 137
305 205
1046 946
444 344
465 365
663 563
575 475
404 304
1082 982
147 47
1020 920
794 694
902 802
191 91
166 66
1061 961
878 778
744 644
844 744
209 109
564 464
1059 959
413 313
1069 969
441 341
142 42
785 685
208 108
431 331
748 648
185 85
149 49
776 676
328 228
191 91
1029 929
634 534
627 527
266 166
1067 967
151 51
416 316
1066 966
682 582
941 841
940 840
725 625
675 575
214 114
603 503
116 16
1011 911
213 113
405 305
926 826
1089 989
606 506
936 836
838 738
469 369
664 564
687 587
555 455
332 232
835 735
552 452
364 264
1000 900
648 548
1052 952
838 738
181 81
953 853
1095 995
675 575
662 562
669 569
839 739
465 365
805 705
720 620
105 5
364 264
657 557
293 193
590 490
121 21
394 294
473 373
461 361
184 84
1000 900
350 250
147 47
388 288
305 205
232 132
245 145
251 151
946 846
519 419
758 658
621 521
949 849
1074 974
780 680
755 655
248 148
748 648
196 96
837 737
310 210
398 298
790 690
287 187
119 19
1081 981
931 831
1065 965
779 679
1054 954
826 726
266 166
628 528
348 248
115 15
736 636
664 564
660 560
947 847
663 563
821 721
124 24
109 9
996 896
800 700
903 803
546 446
116 16
958 858
374 274
799 699
814 714
371 271
549 449
1077 977
329 229
633 533
380 280
254 154
523 423
856 756
968 868
971 871
224 124
1012 912
1070 970
827 727
331 231
1068 968
1035 935
669 569
908 808
263 163
123 23
718 618
310 210
785 685
188 88
750 650
251 151
907 807
870 770
493 393
655 555
376 276
713 613
404 304
966 866
1011 911
323 223
333 233
403 303
142 42
405 305
500 400
406 306
262 162
1000 900
151 51
1064 964
834 734
497 397
1033 933
998 898
466 366
159 59
116 16
728 628
277 177
325 225
460 360
637 537
842 742
712 612
825 725
733 633
968 868
414 314
589 489
578 478
601 501
1081 981
732 632
1004 904
465 365
919 819
296 196
208 108
596 496
279 179
844 744
252 152
245 145
698 598
601 501
449 349
980 880
180 80
348 248
862 762
783 683
414 314
600 500
613 513
489 389
305 205
720 620
684 584
191 91
752 652
821 721
994 894
959 859
298 198
765 665
243 143
516 416
771 671
581 481
402 302
420 320
711 611
965 865
731 631
226 126
626 526
857 757
626 526
1063 963
503 403
881 781
331 231
340 240
930 830
430 330
383 283
618 518
964 864
924 824
855 755
1035 935
259 159
151 51
320 220
409 309
547 447
118 18
900 800
963 863
933 833
101 1
905 805
849 749
891 791
758 658
512 412
677 577
957 857
679 579
508 408
609 509
995 895
254 154
460 360
1023 923
927 827
497 397
1071 971
787 687
1061 961
1059 959
619 519
717 617
435 335
737 637
338 238
723 623
983 883
274 174
322 222
875 775
986 886
708 608
808 708
406 306
575 475
1100 1000
976 876
1057 957
223 123
741 641
227 127
572 472
484 384
826 726
845 745
405 305
384 284
814 714
529 429
743 643
785 685
808 708
612 512
731 631
603 503
589 489
699 599
929 829
1083 983
846 746
562 462
832 732
1092 992
832 732
370 270
769 669
591 491
522 422
382 282
154 54
931 831
1000 900
267 167
782 682
215 115
766 666
761 661
1057 957
664 564
209 109
1034 934
554 454
708 608
1064 964
613 513
1033 933
153 53
240 140
759 659
295 195
746 646
124 24
264 164
757 657
863 763
331 231
925 825
269 169
1049 949
228 128
455 355
637 537
911 811
364 264
264 164
146 46
951 851
104 4
389 289
1000 900
492 392
902 802
324 224
168 68
560 460
550 450
1003 903
226 126
447 347
158 58
738 638
498 398
201 101
586 486
687 587
551 451
897 797
435 335
981 881
262 162
310 210
206 106
343 243
845 745
1069 969
1069 969
398 298
532 432
353 253
259 159
693 593
734 634
553 453
665 565
757 657
116 16
172 72
710 610
322 222
603 503
419 319
611 511
161 61
852 752
794 694
155 55
484 384
569 469
901 801
929 829
236 136
792 692
636 536
277 177
1058 958
311 211
747 647
599 499
626 526
215 115
128 28
1084 984
1004 904
918 818
609 509
333 233
984 884
524 424
665 565
1076 976
701 601
471 371
423 323
506 406
622 522
434 334
292 192
884 784
203 103
776 676
551 451
268 168
967 867
527 427
702 602
532 432
883 783
631 531
411 311
437 337
1094 994
777 677
272 172
637 537
151 51
1100 1000
489 389
479 379
337 237
203 103
821 721
885 785
697 597
1043 943
592 492
512 412
431 331
672 572
480 380
928 828
359 259
871 771
826 726
1039 939
155 55
694 594
601 501
119 19
559 459
600 500
890 790
476 376
104 4
789 689
734 634
876 776
217 117
574 474
701 601
675 575
908 808
1053 953
644 544
243 143
642 542
610 510
690 590
321 221
927 827
715 615
917 817
699 599
717 617
667 567
132 32
645 545
979 879
827 727
792 692
658 558
785 685
407 307
188 88
664 564
1011 911
431 331
646 546
668 568
680 580
981 881
1097 997
749 649
1037 937
846 746
1088 988
493 393
451 351
337 237
761 661
617 517
730 630
621 521
460 360
313 213
1008 908
920 820
303 203
299 199
579 479
913 813
351 251
114 14
262 162
903 803
1005 905
548 448
267 167
307 207
962 862
186 86
469 369
223 123
281 181
320 220
865 765
258 158
351 251
1044 944
1009 909
524 424
745 645
411 311
668 568
499 399
947 847
159 59
638 538
353 253
640 540
333 233
199 99
412 312
523 423
890 790
346 246
949 849
265 165
302 202
644 544
652 552
152 52
753 653
231 131
888 788
472 372
993 893
571 471
213 113
725 625
598 498
784 684
542 442
478 378
1029 929
634 534
186 86
173 73
112 12
640 540
418 318
771 671
358 258
227 127
624 524
512 412
679 579
1072 972
524 424
923 823
568 468
763 663
464 364
884 784
181 81
688 588
499 399
596 496
996 896
270 170
251 151
253 153
726 626
299 199
467 367
252 152
937 837
358 258
740 640
383 283
224 124
389 289
672 572
708 608
508 408
563 463
458 358
280 180
995 895
429 329
984 884
321 221
623 523
394 294
538 438
225 125
378 278
725 625
125 25
527 427
829 729
896 796
1096 996
251 151
1056 956
967 867
288 188
222 122
619 519
470 370
135 35
940 840
411 311
215 115
295 195
975 875
929 829
1012 912
884 784
185 85
1004 904
1069 969
199 99
814 714
543 443
1071 971
838 738
843 743
813 713
298 198
209 109
735 635
488 388
141 41
936 836
740 640
361 261
831 731
793 693
322 222
553 453
636 536
589 489
265 165
614 514
411 311
170 70
224 124
434 334
873 773
811 711
1023 923
734 634
380 280
235 135
357 257
371 271
1061 961
552 452
367 267
769 669
338 238
228 128
910 810
384 284
271 171
624 524
388 288
243 143
489 389
1089 989
666 566
1094 994
174 74
380 280
913 813
492 392
149 49
573 473
275 175
331 231
854 754
995 895
557 457
1043 943
997 897
648 548
612 512
777 677
168 68
940 840
336 236
458 358
674 574
641 541
993 893
858 758
715 615
642 542
957 857
789 689
638 538
116 16
172 72
821 721
392 292
718 618
1016 916
1058 958
904 804
365 265
756 656
647 547
479 379
352 252
167 67
705 605
380 280
363 263
461 361
835 735
1084 984
278 178
371 271
516 416
589 489
541 441
356 256
498 398
982 882
107 7
325 225
104 4
629 529
127 27
610 510
739 639
1100 1000
513 413
291 191
602 502
913 813
326 226
998 898
427 327
520 420
270 170
570 470
811 711
719 619
223 123
477 377
1046 946
565 465
723 623
987 887
412 312
864 764
836 736
155 55
108 8
827 727
1015 915
944 844
122 22
744 644
750 650
281 181
931 831
271 171
608 508
645 545
634 534
539 439
515 415
647 547
996 896
517 417
1082 982
305 205
293 193
600 500
489 389
432 332
901 801
920 820
437 337
516 416
589 489
343 243
833 733
954 854
371 271
166 66
1042 942
336 236
1054 954
668 568
148 48
1069 969
1019 919
806 706
494 394
395 295
981 881
267 167
1017 917
873 773
475 375
379 279
110 10
761 661
548 448
827 727
228 128
938 838
630 530
504 404
641 541
843 743
411 311
334 234
416 316
629 529
573 473
291 191
481 381
932 832
752 652
637 537
102 2
466 366
237 137
980 880
449 349
1040 940
200 100
845 745
763 663
137 37
167 67
772 672
543 443
909 809
395 295
782 682
317 217
1079 979
1011 911
400 300
459 359
611 511
955 855
832 732
398 298
968 868
716 616
718 618
430 330
869 769
260 160
286 186
903 803
684 584
150 50
932 832
308 208
816 716
685 585
572 472
630 530
372 272
1051 951
598 498
754 654
465 365
1086 986
683 583
912 812
579 479
905 805
998 898
799 699
233 133
600 500
746 646
743 643
1015 915
644 544
155 55
1070 970
313 213
1087 987
723 623
988 888
975 875
746 646
613 513
498 398
456 356
610 510
686 586
725 625
116 16
794 694
1084 984
1033 933
522 422
593 493
454 354
120 20
314 214
204 104
990 890
330 230
312 212
1062 962
127 27
150 50
869 769
451 351
935 835
598 498
332 232
964 864
354 254
328 228
742 642
813 713
576 476
177 77
1019 919
507 407
1012 912
597 497
854 754
369 269
834 734
129 29
1067 967
297 197
141 41
498 398
359 259
847 747
1026 926
486 386
940 840
225 125
644 544
511 411
1008 908
459 359
325 225
944 844
169 69
680 580
221 121
208 108
623 523
938 838
778 678
508 408
693 593
914 814
765 665
521 421
414 314
1099 999
1092 992
607 507
696 596
657 557
458 358
745 645
624 524
671 571
263 163
632 532
1042 942
526 426
637 537
487 387
282 182
330 230
304 204
346 246
308 208
637 537
753 653
816 716
948 848
663 563
632 532
1047 947
203 103
733 633
971 871
934 834
1032 932
1038 938
607 507
429 329
1086 986
581 481
713 613
1057 957
423 323
505 405
690 590
789 689
477 377
432 332
1005 905
786 686
1032 932
1089 989
574 474
750 650
706 606
193 93
489 389
219 119
771 671
382 282
460 360
550 450
945 845
103 3
746 646
424 324
199 99
644 544
709 609
1057 957
601 501
834 734
864 764
368 268
698 598
799 699
342 242
271 171
490 390
251 151
161 61
379 279
359 259
991 891
619 519
242 142
926 826
480 380
1042 942
453 353
382 282
811 711
996 896
1029 929
1082 982
709 609
376 276
161 61
401 301
498 398
1052 952
485 385
956 856
731 631
528 428
959 859
355 255
325 225
823 723
307 207
380 280
428 328
1037 937
1071 971
137 37
647 547
1001 901
728 628
556 456
948 848
1096 996
643 543
690 590
964 864
555 455
328 228
610 510
185 85
767 667
768 668
929 829
1036 936
151 51
855 755
483 383
932 832
440 340
1028 928
1015 915
185 85
897 797
342 242
647 547
886 786
1100 1000
945 845
435 335
580 480
885 785
350 250
897 797
347 247
399 299
288 188
443 343
515 415
381 281
595 495
382 282
249 149
364 264
855 755
178 78
950 850
234 134
114 14
226 126
761 661
962 862
323 223
290 190
749 649
440 340
890 790
824 724
861 761
371 271
518 418
801 701
1059 959
564 464
727 627
505 405
768 668
330 230
529 429
253 153
798 698
1023 923
586 486
913 813
409 309
786 686
834 734
1025 925
851 751
121 21
489 389
158 58
439 339
395 295
672 572
1000 900
102 2
1056 956
973 873
186 86
357 257
446 346
1065 965
527 427
512 412
321 221
646 546
302 202
535 435
517 417
986 886
524 424
478 378
1043 943
905 805
983 883
1027 927
390 290
687 587
147 47
433 333
369 269
722 622
875 775
785 685
479 379
349 249
221 121
768 668
462 362
985 885
634 534
107 7
928 828
471 371
488 388
999 899
1008 908
649 549
494 394
405 305
382 282
166 66
532 432
218 118
543 443
1020 920
837 737
397 297
684 584
527 427
306 206
522 422
428 328
344 244
948 848
371 271
905 805
633 533
437 337
102 2
588 488
724 624
619 519
322 222
462 362
435 335
330 230
675 575
493 393
515 415
453 353
717 617
375 275
858 758
945 845
365 265
477 377
287 187
302 202
274 174
1071 971
320 220
531 431
411 311
608 508
182 82
925 825
370 270
326 226
782 682
819 719
1046 946
640 540
737 637
1073 973
1062 962
580 480
202 102
447 347
777 677
636 536
239 139
942 842
747 647
740 640
977 877
311 211
866 766
787 687
678 578
679 579
719 619
268 168
1022 922
778 678
135 35
344 244
858 758
579 479
329 229
849 749
616 516
149 49
1002 902
277 177
659 559
905 805
468 368
445 345
408 308
669 569
725 625
1026 926
155 55
373 273
1012 912
843 743
160 60
985 885
982 882
916 816
869 769
251 151
694 594
175 75
404 304
963 863
732 632
736 636
855 755
745 645
700 600
959 859
524 424
917 817
191 91
455 355
512 412
1030 930
1071 971
950 850
688 588
382 282
859 759
649 549
650 550
215 115
234 134
494 394
810 710
565 465
213 113
253 153
456 356
750 650
1085 985
715 615
439 339
946 846
1092 992
284 184
825 725
115 15
1055 955
404 304
1061 961
537 437
256 156
1043 943
163 63
1029 929
731 631
635 535
870 770
488 388
646 546
623 523
1088 988
615 515
1099 999
145 45
188 88
757 657
970 870
848 748
348 248
149 49
767 667
469 369
402 302
474 374
444 344
240 140
636 536
382 282
295 195
916 816
577 477
563 463
755 655
627 527
287 187
633 533
484 384
847 747
1055 955
1021 921
820 720
799 699
809 709
418 318
131 31
954 854
953 853
1038 938
115 15
763 663
1099 999
460 360
1041 941
288 188
258 158
785 685
1079 979
809 709
836 736
925 825
783 683
250 150
537 437
432 332
714 614
677 577
482 382
839 739
831 731
855 755
799 699
714 614
983 883
597 497
793 693
619 519
1004 904
539 439
750 650
1060 960
698 598
744 644
794 694
861 761
1062 962
410 310
818 718
754 654
819 719
1073 973
564 464
741 641
699 599
651 551
827 727
565 465
794 694
724 624
239 139
314 214
415 315
535 435
537 437
483 383
1092 992
549 449
404 304
454 354
172 72
728 628
654 554
955 855
812 712
125 25
685 585
134 34
802 702
661 561
351 251
168 68
258 158
1014 914
994 894
433 333
856 756
394 294
691 591
868 768
687 587
548 448
186 86
798 698
664 564
842 742
185 85
132 32
222 122
771 671
1093 993
816 716
142 42
183 83
198 98
263 163
237 137
1053 953
489 389
771 671
305 205
757 657
740 640
848 748
457 357
899 799
641 541
389 289
729 629
348 248
812 712
130 30
525 425
849 749
247 147
840 740
822 722
453 353
205 105
744 644
1099 999
908 808
482 382
172 72
959 859
522 422
313 213
476 376
360 260
1052 952
160 60
983 883
1008 908
807 707
798 698
719 619
764 664
764 664
189 89
966 866
954 854
261 161
763 663
994 894
1063 963
807 707
714 614
243 143
1014 914
707 607
246 146
421 321
205 105
187 87
511 411
999 899
930 830
165 65
260 160
262 162
786 686
751 651
312 212
558 458
114 14
679 579
945 845
303 203
1079 979
381 281
258 158
208 108
1039 939
529 429
627 527
882 782
818 718
186 86
775 675
963 863
1035 935
850 750
339 239
350 250
417 317
411 311
558 458
420 320
723 623
437 337
715 615
121 21
512 412
696 596
531 431
1093 993
739 639
1097 997
280 180
1061 961
957 857
907 807
740 640
981 881
597 497
227 127
657 557
1085 985
498 398
623 523
770 670
717 617
362 262
147 47
525 425
1094 994
275 175
212 6740
114 9756
1095 9904
402 9457
253 7276
536 7680
668 7674
861 6018
573 8089
151 9723
179 5596
442 9082
957 5063
544 8065
393 9588
347 9308
968 5883
302 8020
174 8730
1055 8705
718 9166
107 9681
744 7440
625 5043
156 9672
278 7674
279 7209
221 8593
1100 8480
384 5250
271 9591
434 6098
395 9836
363 7727
988 6946
995 8906
685 8628
107 7193
504 8828
652 8999
1078 8769
210 9598
881 6998
444 7863
964 7962
696 6001
626 8024
454 9380
1013 6262
385 9560
1079 5444
677 9171
221 5908
346 9268
693 7297
559 6139
243 7866
877 5682
615 5167
1024 7074
863 8963
584 5912
826 7783
231 5526
739 8351
238 8967
1033 6886
969 8076
751 8324
390 8459
671 8226
543 8063
900 9976
497 9378
349 6642
125 6256
553 6664
1057 5212
285 9674
549 6052
261 7590
1081 7809
790 7949
580 7096
742 9456
479 5278
324 8306
436 5789
117 6753
263 7468
102 8990
724 6861
156 6792
174 6748
486 8787
287 9353
195 6697
490 7810
944 8933
1010 6155
735 7879
288 5777
112 5741
651 8001
900 8537
923 8449
618 8384
133 8062
844 6128
702 8646
805 7286
254 7728
267 8961
933 9925
914 6379
493 6126
889 7021
307 5693
412 6793
241 7021
696 7032
944 5920
433 7501
157 6756
682 5350
881 7761
145 8366
791 6590
775 7162
436 8162
495 7360
579 6628
142 8834
859 9405
245 7939
292 5920
155 8016
923 9297
163 9308
197 6482
991 8998
650 9745
949 8237
172 6568
751 6661
1081 9501
1040 7687
110 8412
999 6756
717 9362
491 5387
840 9805
396 5128
872 6697
549 9047
315 7082
768 5127
359 9462
488 5529
956 8974
800 7049
1049 5043
499 6405
479 6372
171 5980
929 7069
720 9185
142 8885
301 5254
361 5875
943 7015
334 5100
776 6884
545 9026
400 8280
854 6715
218 8462
752 9700
1065 5660
538 9378
393 6441
224 7112
643 8770
596 7698
437 7910
158 8800
284 9869
853 6801
1094 7678
531 7210
135 9579
167 8785
737 9360
189 5269
841 8542
224 8874
509 6337
1052 8276
979 8731
840 5151
199 6741
740 8708
821 6739
1001 8566
891 6769
452 9975
883 7072
503 7148
783 9055
190 8666
249 8892
1081 9490
963 9058
102 9596
324 5972
892 6291
324 7733
601 8557
176 5029
693 7309
884 7959
488 6763
268 5181
443 7807
278 8529
903 5135
394 6733
563 8792
557 9212
449 9355
1067 5193
976 5640
867 5396
706 6477
866 8911
109 8142
451 7004
249 6904
391 7573
1089 5994
349 6765
153 5022
254 6884
423 7946
228 9187
912 7129
1086 5777
746 6832
655 9239
214 5457
613 6540
294 9063
589 6564
261 8591
212 5144
743 6650
315 5243
388 7538
378 9067
929 6858
1076 8595
776 7168
184 6493
399 6735
1072 7211
976 7791
245 6020
196 7824
993 9734
546 6784
422 8069
119 6520
457 8157
554 7877
815 8125
256 8499
569 7677
676 5776
253 9363
103 6365
749 5330
430 7346
466 5118
1027 5083
341 5262
950 6186
580 7376
649 5788
198 7903
668 8653
1047 7802
492 5782
445 8719
406 5230
1035 8953
725 8051
1100 5847
942 7276
1094 9786
726 8613
350 6267
901 8665
649 7676
1020 7703
1053 8270
1044 8717
741 8534
282 8035
217 5942
706 7607
423 6550
165 5683
166 9189
711 8585
176 8789
782 7307
542 9117
294 5312
430 9634
402 8948
277 9776
713 9619
621 9479
228 5761
568 6560
108 6544
711 7704
496 8529
446 8368
350 8235
429 5107
125 5735
182 8820
648 6586
172 5267
954 8822
493 6805
192 5149
1029 9537
299 8757
975 7066
784 6055
515 9897
172 8277
1094 8180
425 7940
822 5534
140 5227
435 9988
622 8058
856 9892
368 8013
501 7439
387 6982
227 5027
304 7619
900 7688
169 9680
502 6534
657 8845
842 8558
247 8390
371 7656
452 5154
379 5368
691 6120
1020 9821
511 6027
753 9324
1023 7206
797 6831
818 6506
874 8505
1096 5892
883 8312
1082 5939
973 6721
989 6643
1032 7666
623 5612
313 7566
115 8154
753 8833
877 6311
124 5857
666 6194
1035 9839
690 8318
626 6554
921 6651
979 8883
535 9214
274 9101
815 5778
874 6846
453 6022
569 6496
652 9108
657 8960
591 6398
454 8978
613 7853
125 8395
1078 9033
785 5959
544 9955
257 8381
686 5878
382 5161
520 7228
906 9019
249 6188
886 6174
759 5765
711 7404
413 8425
544 5620
690 6696
280 6941
372 8466
882 8889
331 6899
1042 9233
871 7539
215 5593
122 5305
451 7089
1048 9574
917 8614
216 6348
458 5491
1035 8113
990 8450
674 6105
1067 6843
144 5194
853 8062
199 8008
225 7582
402 5839
678 7945
432 9945
290 6424
1053 7192
932 5285
191 6095
542 5580
737 6085
228 9634
747 9825
1028 9945
349 9013
902 8562
204 9113
965 7299
561 8345
620 8766
790 9768
243 9420
806 5474
340 8430
567 5100
1006 6867
1091 7071
436 5005
725 7383
167 9728
944 8943
465 7273
299 6392
844 9219
264 9846
455 9334
837 8359
460 6563
117 5928
1098 7688
528 7820
660 5327
498 9076
1096 5017
864 5902
643 8595
968 5234
851 8966
438 9307
357 6420
371 8636
185 8947
431 5373
299 6954
745 7217
629 8879
127 5007
500 5450
387 8436
176 6028
183 6760
367 8574
273 7199
319 8127
101 9573
419 5625
491 6859
285 7657
410 8029
879 8445
854 7094
753 5965
1004 5712
811 5279
133 5029
337 9851
470 9587
970 6407
622 9832
656 8869
772 8370
278 9901
520 6007
952 7357
964 7251
108 7320
984 8318
329 6007
937 8250
754 5090
714 6848
920 7499
825 9873
635 5046
398 7752
233 5199
188 8134
274 9739
380 5976
935 7000
666 8379
105 8671
935 9972
659 5804
134 6280
933 7032
427 8551
247 5646
979 6206
775 9501
666 7675
274 7716
1004 8381
828 7333
541 8279
364 7142
181 8767
980 6212
719 7523
1081 5153
211 7508
247 5017
833 8490
310 9762
1070 5770
325 9194
363 6551
243 7118
990 6460
111 8704
211 7631
375 6944
593 6685
641 7901
744 6650
196 6340
641 8241
786 8296
899 8408
1073 7776
1097 9365
146 9650
297 6056
923 5596
442 6451
386 6892
113 5182
104 9468
627 7659
905 8675
159 5992
879 5501
888 6630
1025 8346
757 7471
358 6067
102 9791
350 5560
394 8342
816 8913
1013 9879
608 6650
414 9637
431 6269
151 6403
777 7886
931 6585
272 9316
1027 8418
292 6853
761 8800
747 6916
838 5397
581 5373
811 7534
493 7541
921 5578
621 8204
1046 7452
818 5673
1079 6797
857 8361
344 9520
924 8827
493 9073
287 6183
313 7913
637 5402
564 9896
695 6975
617 9199
803 9293
396 8643
351 7473
1012 6487
411 9116
1100 5240
1075 7695
258 6528
661 5149
561 5412
973 6126
449 8308
971 7101
388 5740
631 8243
624 9569
494 6405
985 7028
1048 6772
1014 6113
899 8106
538 8947
651 8229
854 9207
372 5322
1099 9362
529 9988
550 5537
988 5793
406 6095
695 7660
595 6851
254 8912
403 5523
976 8286
966 5420
336 7983
1069 8904
552 6760
1002 9609
824 6904
573 5804
654 6415
557 8740
567 5271
751 5117
250 8618
775 9869
929 5881
494 6425
568 5499
336 6889
988 8163
981 5643
829 8522
315 5758
1028 6630
773 6477
1073 6434
149 9347
118 5396
220 8908
144 9029
622 5809
921 8935
608 6094
1068 8133
1063 7255
839 8895
720 9336
571 7879
531 9078
453 7422
579 7336
261 7960
650 7004
826 9409
884 6433
1015 7093
1006 5546
577 8514
1030 9700
725 5756
459 8148
886 8440
524 9460
729 8215
872 6740
598 9638
353 6143
723 5365
1082 5195
612 5704
652 8276
594 9396
413 8232
951 8931
955 6886
516 7270
942 5170
226 6671
477 5477
197 8442
1037 5663
790 8417
317 5328
1057 8276
970 5060
907 8711
420 8486
359 7229
393 9739
460 8374
705 6060
257 7923
115 5532
546 5193
945 6116
1089 5563
346 7787
887 8698
572 6956
145 5706
816 6663
1016 5283
965 8873
765 6981
420 6242
973 8539
504 7456
106 7732
867 5881
464 5005
314 5675
563 9405
925 8374
906 9838
214 9021
1060 5724
910 7286
803 9894
706 5891
151 8234
1089 8496
289 9451
643 5589
642 6125
148 5952
524 7305
861 5452
947 5797
282 7429
486 7108
488 9647
161 8484
655 9707
329 8033
1047 9904
717 5548
813 6523
984 7005
727 8842
654 5308
156 7098
679 9505
487 6311
739 5029
632 7551
1015 9452
952 9853
1027 7872
433 6715
209 5332
298 9619
864 8729
188 6515
907 8266
119 8831
811 6496
458 8851
790 7707
105 6800
596 6230
415 5319
936 9653
529 7006
602 7413
465 6999
491 9062
426 6256
883 5781
840 7161
275 6947
896 8912
1029 6776
855 5476
775 8670
558 9725
784 8035
840 8919
460 8225
411 6011
315 7947
1018 8839
252 5568
681 6467
267 5951
989 8580
840 6077
143 8626
318 7026
716 6125
633 5606
1014 5162
671 5472
811 7394
790 8153
690 9898
882 7798
521 9292
427 8719
728 5474
616 9507
989 8366
330 5395
266 7320
796 9975
980 5909
442 7245
866 7019
459 6957
688 8492
755 6441
518 5008
323 9669
989 7575
636 7278
898 8655
1075 5630
604 9014
791 6487
1021 9703
157 7919
606 7878
187 9032
652 9248
641 6675
409 6265
921 5026
666 8685
313 7707
384 5910
542 9004
284 9551
1051 8287
456 6581
1053 7509
419 5557
170 5433
940 9770
643 9741
738 8479
285 9473
1092 9569
359 9745
121 7576
266 9644
329 9094
569 6145
561 7538
1048 7789
983 9479
439 8095
120 9944
959 8143
872 6069
966 7368
101 8372
744 6992
334 9564
902 9838
1080 7336
962 5196
866 9487
339 9974
975 6931
752 8360
751 5740
516 9794
194 6569
778 9485
1089 6673
712 5931
235 8562
614 6263
547 7903
698 9574
1099 5855
159 6104
520 5485
815 7665
126 9405
117 8487
648 7986
1000 8637
837 5733
889 5863
814 7802
377 9009
880 5042
877 6511
843 8005
225 5524
605 9904
528 9917
1043 7324
111 6071
667 6134
322 9330
222 8361
616 5516
982 8086
533 5158
140 5540
182 6722
821 6268
314 8722
557 7712
729 6830
904 8419
1086 6512
219 6709
1093 7766
908 8408
1041 6820
808 9971
784 6833
717 8053
956 8935
1045 5123
935 6873
248 7096
1073 9631
302 7863
715 7249
688 7974
435 6027
916 5845
781 9537
320 9421
644 7719
550 8518
364 7248
1096 9004
745 6125
768 8760
547 6411
1037 9602
983 8465
872 6204
892 6544
242 9883
687 9572
1044 8664
117 8189
421 6727
522 6823
1006 5938
136 5697
146 8637
760 6195
806 8577
879 6308
262 7347
436 7111
140 7982
348 6605
319 5582
557 6732
251 5608
257 5097
293 7019
994 8612
754 6003
452 8904
482 6866
302 8490
302 9150
520 7820
636 9161
335 7364
492 7442
743 9640
852 8161
252 7917
358 6412
1069 6714
191 6263
447 8825
445 6501
749 7633
113 5243
652 9639
942 6101
475 9413
887 7908
652 7580
397 8602
421 5654
958 9158
893 6047
838 8863
270 7787
643 5949
1014 6244
259 6333
1033 9743
973 9837
202 5484
166 9298
705 6643
204 8202
972 8519
1080 6792
269 5697
494 7639
981 7003
160 9660
633 5057
860 8294
519 9831
840 8977
811 6333
666 8454
688 7943
896 9121
506 6983
458 6691
200 9984
1015 8955
191 8544
588 5085
206 6216
312 7713
190 5760
977 8628
427 5934
184 7603
774 8052
147 6044
697 6675
687 8500
750 5357
877 8979
603 5720
945 5721
567 7366
671 9159
1056 9943
389 9782
990 7392
323 9247
463 5167
851 7405
378 8605
208 7784
554 8304
684 7612
627 7251
614 9852
893 8190
464 6158
256 5504
212 7789
228 8161
620 8125
970 6758
688 6967
125 7046
302 5096
980 6721
393 8061
652 7575
560 8776
762 6596
424 5340
381 9924
720 5092
597 8346
512 5357
513 5795
698 7327
1083 8368
1050 7997
546 6187
138 7338
713 9943
620 7099
340 6119
679 7752
553 6029
326 6730
613 7457
263 6208
247 8946
784 7439
197 9113
275 9169
1048 6346
496 8107
996 5876
251 9173
679 5595
1036 8032
171 9450
198 6632
473 6709
485 6364
1082 8979
317 6258
682 6730
157 7173
683 5956
534 8049
428 5031
872 6571
414 9669
1087 8850
1011 6515
266 5495
1070 7324
967 8070
792 6893
249 9927
834 6968
584 5153
490 7777
980 9232
666 5489
378 8893
402 6914
703 6612
341 5160
697 7060
778 8607
870 7743
362 8953
259 5202
919 8053
257 8351
766 8013
1073 7401
391 6858
628 8464
613 8147
173 6313
386 8931
812 7287
312 8228
742 8964
337 6950
1099 6553
226 7179
852 7851
1021 8962
184 5359
1066 7209
201 6273
757 9762
520 8575
124 5242
687 7972
672 9609
253 7733
149 7763
489 8986
103 5022
316 6363
558 7565
625 8244
441 6546
278 8921
793 8114
546 8466
989 5997
641 9370
258 9085
1024 7362
976 9176
284 7625
780 6060
856 5254
689 5263
1014 8050
574 7517
862 5556
439 7921
161 5067
207 6247
234 7603
1016 6305
542 7643
413 5391
388 5538
1044 8393
358 9366
228 9593
571 5793
471 6149
196 9261
944 7883
382 9077
832 8776
552 9274
400 8681
660 9096
872 6429
821 6529
305 9725
861 7760
555 7734
463 8663
571 6836
465 6398
853 6455
147 7785
420 8329
594 8577
565 8372
141 6487
118 6472
416 6263
469 5959
484 9540
446 5098
360 7999
886 8153
727 8272
332 6545
118 5185
183 8158
405 9206
660 8015
894 6463
610 6148
695 6199
230 9320
486 9041
712 9359
276 8126
1083 7488
575 9675
931 9970
484 7213
806 6779
1040 5744
440 5363
1022 7891
377 5843
867 7188
499 6228
744 6521
150 8889
285 8517
401 8389
651 6329
844 6534
304 7634
147 8691
102 9624
717 6036
1036 9235
1063 9668
742 9821
610 8142
244 9734
819 5338
910 5322
855 7618
906 7075
661 8313
299 7678
682 5098
800 9439
315 5640
811 6156
615 5098
562 5267
697 9291
601 8158
1075 8644
1068 7183
812 6247
696 8721
160 5647
607 9860
424 6965
891 8001
651 5156
278 5421
496 8688
1075 5710
909 6521
1012 6895
931 7986
251 9149
949 9724
999 9638
254 5370
359 5819
890 9132
552 5075
579 7109
342 5219
273 5147
136 5363
761 9965
412 6799
525 5152
542 8099
526 6079
191 8803
882 7281
721 6726
1005 6217
1061 7928
1063 6025
723 6285
906 7725
982 8656
781 5957
866 9513
485 5362
283 9263
443 7241
934 6579
610 5464
670 8862
396 5410
766 6795
706 8123
512 7760
752 9213
430 9329
542 6614
290 5323
430 8826
393 5578
813 8207
499 5509
682 7980
392 5644
489 9013
539 8332
740 6351
207 9965
519 9980
313 9800
1048 7264
727 9612
172 5917
923 9443
450 6717
979 7992
216 5257
295 9700
223 7267
932 8360
404 5969
803 6500
830 9996
867 5127
249 5866
1006 5365
242 5152
512 8686
831 9919
883 7900
951 9269
303 5445
181 7424
166 7786
862 8727
363 6055
884 7654
1026 9432
425 7421
847 9533
594 9133
733 9611
679 7646
973 9080
375 8807
153 7477
345 5059
925 8054
257 5595
835 7766
1028 5510
141 8237
598 9006
615 7400
600 9410
204 8990
850 6572
519 5868
1092 7821
979 5573
161 9879
305 9449
483 5940
617 7125
301 6903
1022 7028
796 8760
346 8687
501 9800
1086 7617
297 6891
967 6190
145 8812
547 5871
137 6376
790 7500
337 8609
651 5692
154 8613
652 5086
452 7758
650 9554
941 6279
474 6571
1060 7220
403 6924
924 8469
480 7360
170 7027
954 8739
400 8724
416 9747
908 5974
191 6642
474 6486
841 6186
639 6212
432 7821
346 7546
451 7385
927 6637
1010 7941
1090 7567
1034 5650
918 9842
323 8178
465 9983
851 8615
1039 8816
692 6333
731 6650
1073 6610
193 5026
158 7925
924 9655
141 7469
949 6504
437 6237
627 5052
812 5692
561 6359
827 8282
506 9828
186 9534
1007 5056
530 7519
424 6067
332 8280
854 8478
1091 8090
302 8625
506 8751
1051 5085
797 5365
1067 9653
351 6941
649 7195
462 7870
182 8863
719 6127
729 6190
976 5973
1095 7195
690 6334
440 7625
783 5014
921 8481
815 9774
871 7539
245 7529
822 6534
768 6124
351 6366
312 8984
237 5174
866 5478
893 7908
816 8329
293 9173
157 5881
372 6366
581 5805
261 6125
1026 7311
711 6609
518 7008
164 6571
503 9128
1069 5288
823 9624
623 9853
283 5025
793 9362
720 5236
833 9703
750 5924
322 7943
817 8801
342 6273
392 7492
545 8159
625 5083
580 9621
384 7298
386 9716
851 6918
214 5163
673 8598
962 7269
757 9090
642 5565
430 6619
134 5788
316 6544
375 8515
207 7689
1091 7670
903 7323
725 8945
570 7975
884 8113
923 7001
913 5216
626 9050
256 8266
280 9873
732 8927
503 7292
211 9207
101 9406
1022 8548
554 9292
1013 8183
358 6436
151 9759
138 6238
444 9563
1049 7862
497 9376
137 5223
306 9459
292 7954
213 6700
177 8374
663 5526
202 6986
505 6376
1021 5049
337 5618
927 5877
377 8973
1095 6602
1069 5683
720 9520
508 5905
347 9700
930 7725
272 8694
811 8447
365 9537
324 5573
854 5272
754 9185
397 6108
424 5321
770 5449
459 6672
565 5048
510 6763
724 6917
490 9191
629 6727
1027 6391
781 6101
114 5642
950 6764
480 5150
380 8953
953 5291
587 5537
553 7941
516 6441
506 8378
1022 6781
1060 9361
930 9952
826 8729
345 5874
329 5449
751 9620
357 7008
659 8186
213 6436
892 8193
694 5890
410 7534
679 9693
774 8447
199 9089
454 5325
474 9401
781 8766
577 9211
1073 8549
462 8916
563 7163
168 6441
187 5323
495 9798
747 6505
805 9264
601 9246
837 6382
165 6060
423 9021
318 6871
366 9205
799 9686
259 6053
379 7717
521 6849
1024 5780
436 7233
631 6898
156 7158
704 8422
576 9978
825 6678
105 7120
775 8884
713 7515
689 9771
245 5745
993 7958
763 8819
246 8080
542 6941
531 7832
113 6590
419 9573
337 8330
1015 8788
760 9136
509 9519
886 5313
710 7032
1000 6238
309 8545
143 6143
258 6339
249 7272
1056 6048
848 8242
993 9967
484 8385
1010 5210
214 9915
1048 7005
970 5431
137 8613
505 8465
1010 8475
680 8546
358 5749
773 8076
1008 6328
980 8071
262 9872
253 5201
944 5187
442 5473
928 5719
388 9154
846 9621
633 7823
1054 9420
1014 7796
195 8578
867 9802
308 5412
506 8774
270 9349
714 7971
354 5472
890 5898
414 8771
448 9068
1058 5175
524 6115
957 7129
810 5181
646 8712
404 8827
389 8738
779 9255
821 5925
317 7927
539 6538
1073 6905
777 8439
1046 5874
1079 6328
139 7747
680 7462
190 7405
179 5399
349 6518
247 6166
361 7638
881 8216
222 5583
111 6957
395 8874
694 8553
944 7314
816 9712
425 7299
717 5589
1022 9781
977 7943
1021 9146
123 6089
921 9818
955 8401
443 9177
874 5590
911 5923
291 7947
199 8985
327 5257
594 8159
126 7642
536 9409
546 9905
1029 9188
298 7826
487 5578
962 6118
499 8212
323 7438
538 7783
205 8928
337 9128
739 9904
774 5331
319 7640
935 9437
875 9086
152 6632
1048 7254
277 7916
404 6145
133 8716
628 8288
253 5677
364 5611
655 6194
1080 6195
791 7475
606 5935
162 7020
508 7740
546 5201
400 9087
955 8250
620 7217
480 5445
464 5812
702 6160
815 8778
652 8319
356 6267
226 9575
286 7735
941 6826
412 6302
281 8301
229 8439
621 8069
1039 9175
814 8617
446 8148
1000 8067
810 8083
190 9687
1028 7079
544 5860
891 7211
833 6933
607 9150
126 9694
990 6763
642 8307
141 5459
132 6976
141 7561
833 9440
1018 8027
1068 5341
247 8170
537 9773
906 9848
991 6484
536 5451
152 6925
313 8371
907 8204
739 9283
624 9207
1064 9068
137 5456
741 6214
1014 6924
660 5604
992 7359
698 6612
831 8875
305 9533
847 5658
145 7958
402 6436
910 5814
356 9317
411 6714
228 9316
427 5260
558 7719
482 7520
784 9293
828 7797
141 8630
296 7871
653 9085
267 6815
940 6930
758 8390
488 6050
118 5973
701 7798
796 8227
539 5738
231 7175
369 9162
1004 8072
822 8924
1070 5217
422 5978
489 6666
290 5074
769 7153
143 7300
233 7922
615 6233
765 5347
1029 8134
739 9011
830 9471
372 5006
972 8302
654 8510
737 5182
1069 5807
261 9859
637 9762
667 7963
560 9984
674 7748
201 6146
170 7100
638 8020
640 9063
232 7384
201 9779
984 8789
673 8604
810 8565
927 8873
280 7404
1041 7426
317 9075
999 8024
735 5909
1041 8514
246 8923
869 9428
333 7779
908 5749
1051 6262
776 8186
677 8456
347 7578
869 7224
518 7038
894 5309
910 5508
736 8530
183 5947
189 6736
990 8085
519 5874
690 7332
831 5194
1079 9982
915 5727
628 6318
730 9417
112 8935
877 7422
979 6372
825 7838
392 7200
721 9743
448 7527
134 8543
712 9445
148 7184
664 7007
1090 9444
230 9718
1004 5506
1072 6229
195 9448
1036 9400
142 6814
846 5174
112 8998
495 9713
700 6355
634 5544
833 6849
999 7110
514 5161
324 7048
781 7189
538 9352
1086 5351
369 9683
627 7052
921 5897
755 6512
237 6351
279 6850
984 8144
490 8621
453 6826
123 7659
353 7822
843 7725
323 9523
583 8100
575 9057
309 6545
874 9013
247 9182
352 6468
203 9583
120 7155
877 6037
477 5424
121 9586
325 9141
358 9978
274 5196
202 8235
736 6570
1065 7497
1055 9313
892 8836
363 6895
959 5749
224 6057
257 9856
328 9791
160 5778
615 7817
206 8618
384 6995
470 9647
673 7015
117 6164
182 9903
641 7275
379 7190
991 8276
266 6011
985 5942
1000 6778
457 6075
252 5844
964 7394
470 6723
556 7058
563 7711
608 5518
289 8896
144 5445
265 5093
1077 8968
665 9127
753 6417
691 8618
1016 5929
919 6190
598 6791
820 6811
883 9085
106 6369
614 7832
992 7857
576 7605
254 9736
314 9916
291 5180
997 6627
695 7684
1092 6979
777 6716
789 7879
1092 8506
180 9699
1038 7477
111 5206
269 6272
279 7470
946 5658
1041 9262
714 7010
684 6640
368 7844
217 9643
242 7747
322 5569
388 9436
961 9233
911 6798
404 8247
273 5579
446 7902
827 5555
712 7473
711 7776
679 5457
885 8161
113 6306
724 6229
295 6495
1024 9641
900 5247
684 5249
621 8472
331 6291
1094 9155
548 7660
922 6670
539 6667
796 9937
647 9312
915 7210
225 5930
473 5785
753 9140
203 5486
103 8125
204 5598
907 5938
428 9120
302 6856
208 6741
916 8594
440 5141
429 5086
124 7306
1089 6499
450 6299
1078 7322
395 7091
628 8070
110 5419
364 7165
1089 9381
1098 6966
443 5344
969 8921
263 9822
114 6339
648 9797
875 8415
928 5906
901 5524
739 6029
400 8164
176 5134
611 9721
322 8597
697 7836
1049 5579
677 5052
863 8697
168 7784
896 7635
547 8147
585 6866
944 5300
779 9261
854 9956
691 7099
818 9726
963 9556
689 5259
555 5006
524 7962
179 5096
911 7345
431 5872
600 5626
1086 9632
479 8899
293 7029
353 9031
994 8710
159 9457
1001 9305
934 8873
556 7227
464 8907
680 5636
828 6047
837 9192
191 5129
852 5045
412 8332
709 9013
1100 6581
405 6934
732 9267
287 5280
107 5528
215 7253
415 5400
1090 9689
782 5567
1009 7893
907 6543
811 7914
271 6495
741 8042
402 6033
465 9545
624 9926
266 5173
692 8249
390 6607
180 8896
996 5486
425 5736
214 6728
597 9683
581 7617
974 7861
464 7006
732 6645
224 8479
307 5052
367 6995
292 5880
271 6059
971 5298
750 6105
140 5096
407 9508
451 8485
795 7243
301 6653
1024 8203
1088 6022
146 5525
680 6759
811 9694
539 9500
418 5313
303 8050
683 8081
333 8675
711 5204
271 5415
253 5171
751 5009
1094 9909
659 7121
645 6502
530 6538
663 8597
337 7798
1028 5551
914 5947
429 6899
123 7540
336 7657
677 6265
832 5688
492 9959
138 9226
1011 9093
587 8242
657 8331
154 6862
884 8930
756 9842
640 6147
547 5946
334 6996
437 5229
468 7996
523 9359
475 7283
925 7008
889 5821
1079 9656
525 6194
920 6946
652 8389
630 8952
566 8677
110 7535
264 6391
925 6730
493 5542
945 7757
616 6870
453 9036
556 9433
1090 6866
1024 9990
290 8535
320 9865
869 9538
141 5494
782 8691
253 8600
811 9745
223 7248
397 9170
199 7807
212 9048
1042 7158
416 6141
124 5681
508 6819
281 6769
907 8553
235 8919
475 8093
663 7127
1049 6072
1040 6514
808 5484
1081 8668
1025 5716
445 5561
734 9797
693 6463
1009 7271
249 7955
777 6850
1060 7898
284 7449
328 7901
631 8435
327 5795
1034 6711
780 9453
487 9409
626 8462
822 6815
660 7330
629 6072
409 9253
887 6114
483 6379
658 6748
588 8009
421 6158
613 7401
931 6325
548 5156
884 9572
332 5972
598 9891
116 8400
153 5901
1078 7482
361 6181
1036 5442
670 5143
864 6773
356 6764
1043 5259
521 7376
1028 5384
549 6990
221 8662
882 8606
830 6663
680 7743
202 7608
875 9443
791 9085
1097 5735
131 8727
1049 6699
864 9548
870 9177
1058 8000
116 8918
227 9046
662 7113
374 5306
1043 8976
614 7249
811 5310
158 7634
1071 9722
841 6443
187 7457
859 7497
1029 7067
431 6950
866 9969
291 8414
330 6891
442 5427
153 9187
327 8703
1003 7464
951 9259
332 7431
958 9561
636 9191
141 6281
497 5239
1039 6278
664 8212
391 6082
253 9764
718 7137
146 9491
419 9821
415 7243
1015 5164
565 8455
124 8600
374 6611
382 5230
646 6378
319 9642
589 7936
495 7469
105 5232
731 9108
225 5529
944 9009
580 9167
1062 8691
481 5979
838 6471
495 9551
247 6066
791 6504
537 5384
224 9166
838 7333
1009 5091
844 7362
308 9937
351 6817
1006 7365
477 5932
238 9136
248 5707
538 5859
941 9249
230 5669
508 9665
282 9818
1075 6308
590 7451
613 5527
543 8944
615 5889
514 5736
551 7095
1026 7338
813 9240
739 9188
362 8456
346 6362
949 9532
192 6991
674 9548
264 6189
791 9228
341 7925
550 6970
105 8317
159 6178
1046 5787
932 8318
731 8850
300 6335
1080 9310
380 9444
528 9771
906 8839
836 6403
157 6163
816 5624
426 8744
1028 5868
552 8445
264 8254
387 8755
433 8566
418 6716
190 7322
147 8792
231 7061
371 7838
401 7284
418 6993
188 8309
715 8669
228 5644
102 9133
923 9052
283 9955
580 5001
180 7546
618 9598
1075 7482
783 9953
620 5675
411 9031
170 7084
386 8156
943 7565
171 6744
280 9046
947 9762
923 8582
356 9174
872 6782
947 5384
267 8380
782 5024
234 9658
768 9949
832 6268
1037 9806
326 5920
161 9718
714 8129
771 9094
491 5818
798 9488
1097 5546
660 8864
429 6248
214 9836
582 9214
311 9386
363 7983
384 6004
489 8152
217 9691
902 9185
1011 8651
669 9900
448 8712
396 9472
440 6227
766 6842
405 5604
190 5294
631 6216
376 9619
666 8885
930 7203
902 9151
287 8646
979 8643
512 9258
952 7939
689 5662
454 5684
1007 5959
569 5101
356 7921
903 7609
1084 8484
578 9632
663 6032
395 7656
221 9776
1030 6628
927 9890
342 7628
746 7882
156 7490
131 6738
638 8242
981 7444
863 8277
502 9222
989 7665
917 7463
581 7908
380 5154
846 7051
278 9192
417 6985
1046 6920
927 5924
426 5445
1089 5207
182 9518
504 8145
1079 5701
970 8272
1051 5778
868 9321
999 8197
390 5923
782 9062
804 6502
732 5140
132 8363
255 5473
167 9155
817 6936
817 7058
523 8717
296 7274
169 6191
565 7269
900 6897
199 5551
266 5304
485 5990
615 7074
816 9323
1016 9159
689 9947
573 8098
106 5192
212 9546
561 9486
715 6285
947 5641
485 9292
746 7450
701 6461
241 9165
674 5709
1079 6893
664 6309
234 5712
243 7799
549 8478
909 7522
473 5757
104 9825
608 5570
308 7646
580 7212
736 9480
883 8873
1098 7034
798 5913
254 7793
832 7873
155 5533
792 6053
206 5373
598 6315
851 6585
118 7906
979 5418
1081 6649
615 8676
257 6500
310 5936
272 7277
921 5122
392 7071
585 6957
883 6535
515 6641
135 5151
221 8478
1077 8446
131 7649
308 9220
410 7935
229 9736
186 9642
969 6622
219 9993
341 6340
529 8490
370 6755
368 6328
1063 9800
327 9299
965 8014
908 9840
363 5236
843 7699
154 6336
848 8091
653 8480
997 6739
775 7632
460 5992
132 5861
962 9139
742 9016
463 5857
749 8052
450 8648
580 6739
155 10000
161 9460
532 9728
841 8866
753 8015
463 8115
127 9702
172 7691
900 8762
469 9635
328 9377
802 5733
624 7005
137 8365
1030 7598
681 8344
936 7118
936 6689
669 8844
1047 7236
514 7202
502 7690
872 8689
749 7194
962 6479
441 8175
450 8435
353 5380
670 8085
790 8407
632 6345
718 6984
109 5469
414 8955
1077 6465
732 9231
533 5397
1039 8563
946 8083
498 5542
573 8126
421 6638
738 9408
588 6802
1014 9565
741 7258
152 6005
925 6014
881 7538
464 8451
809 8758
1009 6755
116 8712
176 5838
696 8581
1046 7583
349 8748
394 7371
785 6281
182 9835
924 9487
438 7349
1031 7528
281 5867
105 6797
911 9160
254 9151
304 8588
1037 8949
478 8677
948 6819
916 5439
1091 7380
963 8835
837 8018
573 9467
347 7765
851 6507
1046 5703
337 5255
357 8292
365 8764
859 6216
899 8549
651 7752
1055 6579
1005 9884
896 6208
504 6408
329 6742
131 9425
757 7601
704 7441
265 7830
432 8160
458 5725
513 5321
1055 9442
287 5569
229 5409
691 7744
305 5706
726 8116
542 8999
1039 7003
460 5745
344 6417
579 8010
688 9741
467 9674
425 9705
220 9929
965 5886
954 5040
243 6878
862 8681
609 9551
968 5042
387 7840
546 5839
565 9244
480 6632
112 5691
1050 7278
852 9969
158 6192
254 6303
671 8819
406 8762
735 9701
410 6137
483 5057
142 9997
422 9588
407 7760
805 6242
554 5187
973 8425
521 8299
279 7645
489 9737
638 9130
680 5895
765 8207
379 9838
386 7568
926 8585
311 7618
984 8994
636 8401
269 9898
1083 7583
992 6997
162 6424
122 7504
972 8594
312 5100
133 7993
796 8270
651 7561
249 5211
331 6666
961 9029
577 9980
488 7040
107 6149
647 7246
750 6704
435 7203
651 6206
1078 9209
700 6457
995 7343
808 7505
427 9465
1017 8328
627 5332
194 6739
939 6860
379 8589
611 9400
567 5907
1069 5555
248 5546
784 6295
627 7195
1093 6858
836 9991
216 9042
391 9925
980 6451
282 7689
869 7966
249 7270
816 6036
677 9375
975 6432
866 9973
465 6678
983 9454
1091 6035
509 6342
203 7397
449 8922
736 9994
505 7628
825 7210
765 6435
843 9843
809 5639
217 9278
325 6008
1059 5182
525 7272
386 6652
139 7618
996 9558
150 6904
400 9824
113 8462
158 6552
499 8250
317 8715
227 8847
223 5393
377 6506
181 5428
416 9891
700 5475
701 6822
874 8594
301 6745
126 9257
853 9306
630 5090
762 5846
741 6742
365 6977
724 5976
112 8404
559 8187
286 7354
329 5028
178 5325
733 7297
255 9958
472 7313
147 8253
699 8896
532 8093
334 9838
872 7867
606 8946
676 9598
1015 6856
399 7339
552 8587
266 8927
1003 7721
254 6355
698 6074
940 7756
852 9766
593 5832
608 8649
876 7401
336 7334
870 6951
250 6539
775 8088
834 9452
808 9943
259 8135
434 9804
979 6128
561 8508
210 9889
884 9278
253 6621
943 5570
286 9779
471 9557
1078 9692
627 5974
871 5776
955 5966
276 8308
333 7643
684 6617
524 9680
123 6191
640 8522
270 7183
1055 9729
793 9687
265 9303
780 7344
885 7380
1076 9244
763 7751
270 9287
154 9395
874 9672
883 9087
151 5128
889 9794
631 6223
1091 6915
957 6763
936 7406
867 9274
468 8505
1045 5150
474 6868
997 7785
479 8139
214 9199
368 5914
677 7436
929 7541
116 6659
335 7323
197 9047
571 8590
436 5355
222 8670
595 7985
558 7488
1013 8813
493 6457
600 5629
334 7434
117 9435
779 5965
470 5217
1006 7901
379 8991
1070 6852
1094 8756
534 5158
744 5938
959 9597
265 9658
324 6709
959 9116
281 5800
131 7832
160 8227
248 7558
306 8978
641 7270
827 8319
132 9006
644 7414
161 5460
883 8321
887 8734
362 5792
1026 6973
725 9518
600 6558
359 6201
248 9647
211 6544
157 8424
615 8634
891 5297
297 9538
179 9526
973 9329
1069 6121
611 5337
807 6304
492 6817
1038 6108
381 7154
939 7822
238 6980
645 5697
993 6106
650 8769
485 5463
1055 8882
170 9947
728 7540
118 8711
1007 9860
156 6216
479 7623
288 5217
1046 8749
422 7498
158 7901
842 9023
329 5331
969 8388
603 7956
1076 7943
777 7590
275 6712
703 5784
733 8007
1003 6606
352 8281
161 9684
411 9780
821 6935
134 7356
739 5196
233 9332
638 8469
708 9865
182 6374
148 7536
784 6491
594 8735
842 6868
984 8074
722 8701
878 7924
544 9719
736 9208
331 7292
1062 6092
432 5364
451 8700
912 9846
747 5785
670 6920
1043 9649
350 6538
237 6733
989 8451
779 6073
697 5106
113 6729
398 5290
363 6697
469 6531
817 6036
923 5577
573 9208
306 9402
711 6764
844 9965
792 9795
564 6500
304 9956
582 5354
609 8244
539 5687
1073 7587
546 9214
674 9405
550 7495
575 8996
577 9259
581 8080
518 5318
146 6807
871 6813
115 5582
839 6268
935 6215
771 5827
481 6747
768 8146
636 5309
471 8631
973 8916
945 9291
1015 5254
337 5966
517 5946
1089 9971
644 7617
979 5557
113 7141
710 9074
411 8245
264 9675
318 5455
723 8911
655 6255
746 5461
212 8564
968 8021
667 8241
381 6818
1033 8301
806 6239
976 6465
839 9272
1009 8019
635 9934
1027 6120
694 6240
276 9587
460 9971
854 8985
1092 6597
917 9513
640 6829
337 7086
310 7581
859 6429
256 8990
616 6322
896 9204
820 6797
109 5848
148 7972
892 9414
148 6465
840 7372
369 5345
465 8627
287 9029
933 7701
878 9061
349 7589
629 8489
403 5837
894 8808
317 6350
394 5953
683 7331
319 9267
863 8234
482 8798
445 7879
911 5935
435 7208
1025 7461
634 7368
678 8357
635 7229
466 7930
383 9338
216 6479
204 6284
838 7298
608 8539
985 6704
360 8181
1079 6039
722 9881
378 6381
1068 7984
534 7127
394 6612
248 8978
537 9427
312 8747
566 7129
344 5250
935 6661
417 5645
761 9233
274 5039
214 8615
325 9027
402 7351
230 8777
489 6961
658 8593
153 5650
190 6394
158 6657
974 8974
1005 8438
459 7752
892 6765
559 7759
1007 7069
398 5334
313 5378
202 7199
421 9351
694 5974
882 6220
990 7715
787 9361
886 9675
361 5495
774 9290
1004 6268
733 7790
132 5733
831 9701
635 6545
198 6028
133 5560
702 8314
858 5995
732 8491
931 7254
388 5662
997 5925
785 8475
168 8332
1034 7643
308 9317
418 8559
525 5790
1057 7358
653 7627
274 6503
609 6720
209 5427
869 9287
733 5189
730 8894
1071 9913
508 8374
729 5588
646 8781
867 9608
1077 9258
161 9300
1022 9796
574 8437
426 9978
920 6711
483 9647
910 5121
827 9207
721 9776
535 7133
761 5786
503 7208
294 5472
472 7555
1090 5819
974 9556
1001 5652
1005 7545
891 8112
303 8118
1036 5907
410 5757
914 8273
997 8213
312 5297
420 6301
842 5101
460 5467
943 5490
475 9495
564 6473
629 5319
539 9450
525 5120
710 7268
864 7221
372 7018
566 5873
826 6847
643 8639
489 9393
481 8543
556 7865
579 5109
912 8561
426 9186
953 9974
789 5886
431 5721
660 7957
644 7788
840 9393
423 9832
388 6543
319 6325
769 9295
648 9171
532 6428
691 6032
101 8399
670 7037
757 8542
1025 7068
848 6146
582 7445
695 6292
341 6393
939 7789
201 8420
914 5738
935 7017
648 5105
184 8380
594 9955
797 6986
204 7183
964 6594
336 8275
946 7882
434 7208
804 9133
229 9123
297 7145
352 5159
934 7280
703 8775
930 5034
329 8941
993 5540
1060 6617
677 8773
650 9769
390 9171
748 7801
245 9929
896 7202
229 6879
691 9386
388 5842
1080 6598
398 9987
595 7576
645 8962
407 5187
723 6082
1089 7794
863 7853
387 8912
578 7489
759 5341
748 8406
569 5459
534 8933
758 8634
906 6787
363 9628
300 9088
104 9548
711 5839
946 8302
814 5888
188 6471
1066 9358
242 8765
343 9208
648 9276
259 5206
1087 9310
918 6309
774 9630
1034 6420
208 6532
733 5574
186 8803
427 9114
764 6222
399 5518
484 8517
752 9774
439 7820
1087 7958
677 8158
900 5966
270 9507
996 6331
646 9448
718 6088
887 8221
786 6012
320 8813
117 6982
237 8659
130 9673
818 6616
517 7024
633 9806
106 9859
214 9676
700 6200
968 8812
878 9582
1096 5338
238 6893
379 7142
291 7351
1069 9691
744 5946
875 9521
116 7168
386 7982
527 6204
836 9657
487 8829
989 7102
394 5674
539 9862
399 9154
563 5414
293 5197
320 7663
251 5855
158 5747
245 6398
163 9521
699 8695
324 5331
997 5451
234 9112
657 6620
187 5582
788 8433
419 6863
419 9688
676 5705
404 6191
463 9955
437 9040
725 6036
743 6471
340 8365
861 7541
1014 8736
240 8422
489 8925
653 9489
500 6667
704 9282
723 5477
735 7025
882 9190
821 6899
730 8107
581 7957
765 5239
425 6177
137 9384
834 7486
103 5896
172 6742
147 6501
439 6454
411 6097
378 5612
414 8895
394 8974
1011 7049
628 6261
1022 9310
167 8568
735 6870
596 5329
1042 9063
374 9376
524 9514
220 8319
849 8718
165 6625
694 6030
359 9380
525 9644
1081 6094
679 5952
330 6385
806 9400
297 8106
252 8620
617 5192
235 7856
1033 8139
554 6427
480 8169
940 8370
898 9495
222 7296
214 9266
657 8758
989 8157
256 5901
244 7090
635 7809
709 6190
842 5830
401 9068
749 9713
650 9218
786 5170
221 9212
108 9497
988 6560
941 7998
692 5359
791 8245
336 7373
121 5801
801 7418
627 6191
869 5835
936 7753
531 9904
196 6264
849 6593
537 5909
669 7781
644 5087
289 5122
925 7756
948 9391
393 7535
779 7490
996 7510
155 7502
935 8759
518 8083
721 8278
988 8175
1000 8015
453 5959
249 7361
471 6914
860 6066
493 5066
412 6378
319 6075
455 5500
1070 7302
297 8693
1032 9999
292 6625
714 8852
1053 7458
122 6442
450 8561
489 8877
542 9829
670 6411
894 8768
541 9818
820 9172
925 8310
832 8827
315 8301
1055 9154
704 9650
663 9708
322 6148
150 5580
501 7404
1074 8377
980 6744
338 5661
674 5515
454 9008
1071 8106
367 7640
369 9671
725 8014
812 6244
350 8402
453 8159
121 6167
1049 5631
638 7494
614 9461
426 6284
864 5390
748 8143
461 9022
421 7092
822 6685
175 6277
642 5282
745 5659
336 6833
189 5547
285 5384
132 6716
887 6194
713 9270
976 7237
103 5738
735 5692
759 5748
272 5575
1036 6801
362 8757
850 8775
253 9501
1076 6916
1023 9338
143 5593
483 6252
564 6324
791 7922
862 6009
782 6144
899 6971
650 8126
787 5871
686 8352
767 9905
138 7307
249 8073
571 9136
196 6244
478 5587
933 5489
623 8502
632 5806
653 5496
210 9841
535 5267
703 6813
662 8761
498 9546
921 5554
203 8884
341 8566
683 7917
705 8198
536 6222
558 5706
868 5450
543 5360
727 7777
271 5200
860 5660
155 7106
291 5279
1047 6841
243 6738
546 6335
182 9730
1096 7030
162 7720
366 5234
112 6127
999 9481
191 9582
1041 6808
107 9704
417 7643
853 7820
625 8166
434 8426
614 8861
807 5319
330 8204
281 7073
900 9504
424 6130
766 6210
1024 9103
145 5935
619 6999
112 7135
905 5285
558 7697
142 9688
451 9271
642 9635
741 5528
873 6958
980 6678
154 7711
862 6853
516 6915
271 8557
404 5785
937 9331
348 8258
624 6663
734 8064
461 6356
588 8429
693 5612
470 6668
699 6229
311 6923
444 6465
585 6660
700 8430
965 5154
478 5352
716 6922
478 6139
774 8663
229 5627
679 6369
795 8539
1012 6180
664 8291
566 7529
801 9287
296 7279
649 6306
312 8770
675 5574
246 6416
1034 6079
180 5513
256 6034
952 5349
1064 5535
436 6838
129 5775
381 6048
363 9754
826 8788
899 9551
903 6166
1061 8431
607 7849
493 8692
545 5653
776 5122
693 8490
271 8662
592 6800
639 5619
821 8614
1089 8158
957 9456
671 8825
585 6930
818 6768
277 6921
145 7992
468 5133
247 6231
277 6637
989 6270
1008 9387
539 6654
628 8582
663 7184
734 5082
717 6290
263 6044
341 7315
277 8975
400 9040
1019 6064
669 9533
435 7535
414 5954
966 9251
833 5213
306 9859
107 9801
1033 6937
1053 5523
597 6087
474 6527
1070 9875
308 7065
446 5879
130 6216
322 6647
860 9525
1051 7846
714 9183
291 7474
850 5950
229 7044
248 9800
628 7096
465 7534
613 8419
278 5361
245 6003
104 8873
624 5986
779 8466
633 7248
324 9928
977 5283
628 9852
841 6375
848 7448
286 9089
796 5058
1013 6385
399 6358
240 6518
1003 6925
124 7493
834 6581
972 6896
846 6669
212 5905
1087 8975
660 6211
729 8267
378 7921
224 5284
166 6935
913 6365
920 5614
247 9226
1022 9284
250 6129
499 6751
1084 8313
863 5798
866 5559
409 6410
519 8408
631 5127
298 8041
165 6305
550 9980
1066 9074
404 8836
565 7652
674 7892
948 6389
153 5816
142 5414
593 6900
594 5319
220 6443
483 7844
118 9459
990 5694
536 9444
1017 8398
697 6010
256 7596
1087 7116
805 9180
231 9050
215 5132
528 6541
1010 7927
772 6473
217 8305
798 7810
484 6091
503 6902
172 5548
898 6091
1036 6571
386 7743
281 5298
327 7566
797 5184
834 6304
931 8090
638 7236
810 6954
893 6062
149 6371
223 8656
195 9904
564 9301
233 6554
804 8667
331 9186
560 5348
165 9493
254 8242
918 6566
342 7386
194 6637
381 9089
299 7083
835 5869
609 8995
453 9905
1095 9271
216 8380
1014 8428
843 7094
861 7940
755 9139
710 6200
1016 6005
331 7620
956 7572
1065 8921
1048 5424
497 7340
303 5772
260 7482
967 8324
480 7458
633 7624
648 9611
419 9578
924 7454
509 7233
1089 9103
327 7376
138 8816
902 8106
920 7482
1005 5846
353 5663
684 6177
111 5726
246 6164
977 5590
705 8060
634 9308
717 7636
844 8232
426 8740
469 9810
197 5251
250 6496
576 8812
189 8602
626 7218
1079 6182
604 9621
389 8680
323 6855
408 5832
697 5942
716 7052
138 6227
356 6315
356 8443
336 9252
466 8282
848 8556
557 7465
1000 8464
1029 8509
214 7021
428 7727
526 9839
985 7149
171 6537
156 6887
897 9717
197 5288
517 8026
339 6140
174 6491
836 9024
364 7296
456 7747
271 8811
827 5811
248 8168
875 8054
187 6957
266 5013
964 9173
393 6676
102 5435
586 5361
961 5420
432 8291
216 5880
413 5082
849 5213
762 9001
1088 6486
480 7398
245 9679
987 7702
289 6587
505 9147
971 9283
704 8419
808 8665
741 6485
295 7885
487 9618
256 8917
339 5296
604 9876
110 6087
716 5313
717 8861
1056 5315
529 5118
1098 6579
301 7470
1092 9370
972 7134
741 6080
847 6759
707 7714
899 7767
309 9680
482 8061
1061 8284
212 7405
387 5992
666 9547
1021 6504
1055 7985
171 6564
118 5879
531 7692
922 9006
987 8540
485 7517
443 5113
497 6201
676 5766
101 5148
681 9932
906 8379
747 9116
827 8188
435 7589
604 7994
367 9309
960 5828
635 5799
801 6982
533 7470
751 7820
315 8998
736 6094
281 5594
990 7266
986 8398
532 9586
349 7262
193 7127
217 9336
902 5820
1062 5399
513 8940
397 5389
153 9879
356 5086
709 8660
760 7296
729 7998
1018 9374
870 6706
199 9007
617 7904
645 8768
875 8789
388 9091
1039 8778
133 9771
517 5907
201 5916
533 9600
753 9608
325 8731
550 5767
153 9524
636 9235
751 9520
684 9350
284 5210
964 6058
992 5240
753 6399
658 6114
390 5526
622 5834
1061 6710
998 5473
750 5579
389 7962
226 5423
133 8320
937 7686
835 8560
400 7981
387 7998
686 6668
353 7779
402 6707
1030 5590
345 7895
580 9202
137 8105
146 7466
711 8015
612 5020
966 9951
818 9816
781 8180
699 9292
671 5833
153 8111
645 8736
138 8064
875 9139
747 9084
725 9839
533 5645
130 9839
950 9514
724 7479
942 6998
174 5471
166 8683
800 8584
1081 5725
968 7160
993 5816
248 5048
266 6704
320 5408
636 7766
560 5537
942 6120
512 9448
923 6107
1037 8517
876 9120
210 6819
757 8740
255 7567
337 6332
369 5983
840 7618
451 9180
373 6196
996 6670
572 6960
262 5342
1062 5796
566 7628
228 8174
976 6506
628 5102
182 8273
347 8803
150 5310
278 9591
513 9696
776 6921
386 7047
232 5497
909 8986
757 5004
103 9764
370 6157
435 7993
886 6398
466 8121
654 5410
1030 6285
781 7705
742 9912
470 5702
877 8607
720 9846
617 7986
529 9276
270 9414
612 5838
405 7330
119 7147
704 5093
240 7023
920 6054
1005 5761
295 6903
813 6543
682 7501
850 9599
301 7665
1043 7067
238 6386
917 9870
717 9660
455 7868
282 7081
184 8554
490 8205
989 5839
345 7050
101 7132
1068 7334
164 8170
484 5594
802 7664
519 6717
356 9383
264 5754
211 6900
323 9359
215 5553
961 5231
187 9130
660 5574
335 8457
598 8231
594 7338
232 5074
338 9236
996 8011
449 5860
109 7169
490 9237
294 7811
453 6909
553 6043
920 6592
1056 5674
755 6653
286 9069
373 6016
624 9602
205 7102
657 7362
831 6420
149 6537
481 5162
915 6119
721 5054
150 8850
288 8655
430 7305
508 8190
683 6326
277 9986
618 7605
850 8145
965 9202
706 7013
778 6581
161 6764
337 5975
1028 7101
913 6793
141 8716
136 8125
965 7186
252 7653
959 7922
933 5214
563 5715
1043 5990
396 8878
1029 6868
549 9973
979 6111
1025 5151
560 7307
380 6891
203 7064
612 7169
981 5345
661 7070
339 6047
408 6279
504 9083
110 7474
104 7459
512 5114
905 7236
741 5870
466 5605
619 6202
750 8884
826 7581
239 5349
118 8497
489 7935
640 9605
803 8095
486 5735
358 8021
775 6441
651 7705
689 8784
1082 9838
895 9233
808 8774
1072 9829
655 8493
502 8601
161 9213
212 5459
556 9576
485 5022
871 7155
506 8821
542 6768
760 7630
1070 9570
972 7741
651 5810
562 6255
929 5274
623 7173
514 8679
712 9256
224 7377
795 9628
317 6887
743 8048
432 9317
898 8240
148 6136
458 8150
878 8007
395 6966
682 5323
300 8761
353 8024
231 9087
328 7996
829 6954
446 8413
201 8854
742 5167
543 5394
746 5225
558 6504
1065 5933
1005 5296
508 7760
418 8598
982 9667
897 7706
661 9980
766 6727
453 9394
888 7688
471 5041
458 5248
473 7532
668 6571
618 6610
886 6019
929 7298
415 5477
621 6527
376 5997
882 8636
748 7935
445 7425
224 6652
611 8487
974 9874
744 9989
724 8480
242 5515
502 8779
942 5847
212 8857
794 5070
370 7015
1042 5756
418 8809
888 6983
661 8032
456 5244
892 5411
806 5168
439 7995
552 7836
547 7642
328 6433
676 6652
761 5374
424 6689
1003 5381
577 7249
334 6346
247 9381
296 5068
966 9840
108 8376
169 5825
599 5154
495 6398
121 5561
756 9081
583 6120
1081 8634
432 8602
132 5411
780 8211
806 5752
352 5267
376 6155
825 8360
937 6853
587 9986
148 5922
879 8763
280 7656
983 5490
856 8517
515 9595
866 6318
739 5786
539 9448
472 9825
193 9566
828 8653
1085 7871
332 7945
518 8316
978 6661
300 6958
848 5508
615 6705
1043 9327
650 5341
478 9516
994 7019
933 6471
985 9171
389 8645
303 8592
687 5344
877 5288
887 9703
140 6383
357 5978
974 8565
1089 8533
874 8033
542 7491
257 5832
622 9778
519 5934
574 6051
280 5148
139 6504
1019 9439
679 8359
436 9199
355 8827
756 5565
916 8185
332 5188
769 8596
555 7298
359 7040
586 9920
1016 8913
320 5303
152 9681
286 8635
587 9154
198 6338
102 6020
224 7500
671 7535
322 6917
362 9293
1011 5551
192 6759
525 8613
291 9896
676 8386
274 8023
685 6262
605 6314
216 7142
600 7442
122 5050
682 6974
329 6469
201 8812
978 7185
359 7529
995 9798
944 6161
785 5676
548 7993
1062 7606
660 7212
360 8932
774 7256
420 7780
446 9135
597 7832
373 6595
496 9761
997 6901
660 6050
1002 5400
559 5799
1067 9180
479 9287
764 7969
241 7378
266 5990
1025 7925
287 5473
477 5617
617 5445
418 9033
397 6532
439 9201
528 7909
342 6882
1077 8093
550 8794
210 7213
931 6284
928 5869
871 7229
452 6403
496 5406
531 7146
703 5716
695 7171
548 9294
496 9970
705 6445
505 5682
228 7593
298 7344
630 5655
318 9703
432 5240
924 5111
484 7457
946 6739
130 6857
365 8194
479 8152
281 5131
720 7406
724 5605
965 8509
457 8025
499 6113
797 6680
907 7342
758 9141
748 7180
121 7761
522 5349
797 9025
391 5209
155 8246
547 5445
736 9935
177 8920
519 6271
623 9894
431 9829
643 8240
336 9619
229 9260
472 9642
708 9227
419 9474
935 9608
819 9066
850 6875
859 9436
257 8475
561 8093
163 9165
747 9331
301 9350
103 7816
922 8369
259 6523
812 9161
402 5970
168 5771
246 9617
427 6843
513 8069
392 7845
306 6527
546 6503
371 9302
976 7277
280 5123
438 5792
881 8414
161 7001
830 9937
825 9223
657 7484
535 8028
268 6743
708 5406
634 9833
1092 8375
999 9638
182 5484
897 7497
662 5229
911 7139
171 8888
1034 6025
657 5261
306 6867
351 7901
227 8135
1047 6175
344 6062
1043 7279
284 7903
797 5561
402 5547
627 7283
487 8958
816 7996
1018 9483
986 7882
246 9552
975 8035
956 6252
789 9428
714 5137
480 6669
277 9804
428 6833
125 8699
538 7853
1073 8603
363 9140
478 9360
760 5403
796 5166
121 5935
125 6987
218 9584
947 8103
285 5287
924 7758
286 5628
440 8440
642 6631
682 9538
238 5828
917 6020
657 9981
836 5051
483 9641
406 7282
244 7109
444 9062
907 9914
135 6339
974 9983
392 8415
899 5691
921 7248
679 9866
1017 7654
851 7327
341 8531
659 8406
219 5540
946 6346
232 9586
731 7290
907 8920
108 5777
994 5851
120 6240
632 5860
458 8874
867 5082
966 7668
290 5197
747 8568
440 7014
556 5959
196 9116
514 7138
172 6368
849 6310
282 9094
835 7580
199 6081
106 8007
112 8613
405 8750
887 8855
848 9670
116 9423
1063 5128
512 5246
161 7686
398 8165
806 7002
1080 8033
1031 7899
357 7105
850 9580
934 5467
170 9405
772 5760
929 5017
843 7928
904 7601
267 5801
209 9467
967 5760
672 8941
257 5624
840 5910
260 5960
707 7991
495 8711
384 6717
689 5239
459 5888
184 6864
558 7574
249 7591
121 7583
641 6839
673 5226
342 8779
702 9285
331 5519
436 8553
662 8699
688 7801
1082 6647
606 5848
813 9334
986 5756
642 9242
951 7109
929 8816
582 6577
917 8162
127 8736
874 5791
938 8781
320 5680
292 7268
725 7992
417 5610
754 7160
1077 8090
1081 7493
349 5170
795 5875
926 5595
873 5418
952 7668
101 5674
247 9149
1087 7774
261 5767
603 7211
448 9965
919 9410
341 5334
675 7018
583 5051
616 5000
980 7718
864 5386
375 7431
915 6760
274 6417
125 9056
321 9942
425 9182
263 8589
188 6188
118 5553
181 6046
480 7867
564 6118
901 9952
189 9327
775 7976
619 7341
484 9086
633 7031
470 8497
483 8468
800 6017
684 7783
584 6541
539 6534
1071 8452
782 7499
134 5711
1082 7090
262 8034
1045 7507
1095 5076
495 7020
832 6237
828 9567
293 7861
765 5481
1098 5062
690 9405
593 9492
291 8103
1020 6620
851 9516
611 8745
606 8537
487 7315
211 8947
465 8317
326 9321
167 6074
327 9944
435 6592
174 8073
846 8990
1095 8886
271 6171
733 8391
592 9354
305 8936
300 7216
213 6093
190 7945
171 6863
542 9164
994 6847
236 5713
585 7612
964 9014
719 6611
1047 7720
479 7281
488 5749
1092 5375
840 7263
980 8416
380 6766
752 7684
390 8891
524 8542
314 8297
1025 6355
415 7149
855 7067
1064 9313
401 5610
702 8421
743 9310
769 6814
879 6746
280 7455
450 7910
472 5855
661 9367
602 9699
780 8009
494 5847
608 9869
513 9045
937 9741
736 8588
346 6422
280 7532
908 6769
644 9641
704 6087
416 7217
280 9282
1041 7791
926 6216
202 7693
353 7697
915 6630
658 9439
517 6745
879 8932
310 5746
166 6946
377 5107
950 5527
783 5341
198 7912
784 5076
846 9573
119 8763
317 9208
105 7807
850 6236
997 8969
915 9133
266 7366
199 6257
435 5523
241 7038
730 9538
475 5614
141 7854
724 8277
379 9820
687 7200
334 9024
484 5351
263 5653
866 8657
616 7591
450 6181
885 9636
595 8305
1077 7365
1039 9355
279 6558
383 8039
852 8263
1029 8710
513 5730
896 9753
441 6555
501 7135
437 5048
622 7069
893 7646
