500 671300
585 485
194 94
426 326
606 506
348 248
516 416
521 421
1092 992
422 322
749 649
895 795
337 237
143 43
557 457
945 845
915 815
1055 955
546 446
352 252
522 422
109 9
891 791
1001 901
459 359
222 122
767 667
194 94
698 598
838 738
107 7
674 574
644 544
815 715
434 334
982 882
866 766
467 367
1094 994
1084 984
993 893
399 299
733 633
533 433
231 131
782 682
528 428
172 72
800 700
974 874
717 617
238 138
974 874
956 856
820 720
245 145
519 419
1095 995
894 794
629 529
296 196
299 199
1097 997
377 277
216 116
197 97
1008 908
819 719
639 539
342 242
807 707
207 107
669 569
222 122
637 537
170 70
1031 931
198 98
826 726
700 600
587 487
745 645
872 772
367 267
613 513
1072 972
181 81
995 895
1043 943
313 213
158 58
848 748
403 303
587 487
864 764
1023 923
636 536
129 29
824 724
774 674
889 789
640 540
579 479
654 554
242 142
567 467
439 339
146 46
741 641
810 710
296 196
653 553
594 494
291 191
166 66
824 724
924 824
830 730
308 208
1088 988
811 711
190 90
900 800
440 340
414 314
649 549
389 289
296 196
501 401
965 865
566 466
778 678
789 689
670 570
933 833
1036 936
325 225
822 722
344 244
751 651
949 849
223 123
213 113
531 431
479 379
608 508
461 361
685 585
165 65
953 853
586 486
742 642
786 686
1092 992
386 286
825 725
989 889
386 286
124 24
912 812
591 491
959 859
991 891
763 663
190 90
188 88
281 181
279 179
314 214
287 187
117 17
719 619
572 472
361 261
518 418
946 846
519 419
292 192
456 356
361 261
782 682
614 514
406 306
986 886
301 201
630 530
485 385
949 849
1052 952
394 294
600 500
899 799
294 194
491 391
837 737
430 330
424 324
398 298
1092 992
890 790
324 224
375 275
360 260
926 826
197 97
172 72
310 210
966 866
749 649
1051 951
1019 919
848 748
163 63
785 685
1058 958
1056 956
904 804
664 564
618 518
283 183
528 428
500 400
637 537
821 721
446 346
307 207
253 153
423 323
1071 971
711 611
762 662
216 116
297 197
209 109
191 91
895 795
629 529
443 343
226 126
962 862
847 747
785 685
569 469
110 10
870 770
981 881
1034 934
1084 984
823 723
503 403
995 895
460 360
668 568
549 449
272 172
641 541
1058 958
372 272
483 383
977 877
408 308
459 359
1070 970
807 707
683 583
408 308
148 48
870 770
1030 930
130 30
669 569
308 208
103 3
411 311
120 20
200 100
709 609
1039 939
987 887
522 422
925 825
885 785
1030 930
470 370
1004 904
1089 989
341 241
1069 969
479 379
243 143
476 376
1072 972
1062 962
128 28
989 889
161 61
543 443
738 638
316 216
448 348
438 338
447 347
260 160
166 66
506 406
491 391
259 159
738 638
131 31
395 295
304 204
926 826
520 420
296 196
253 153
549 449
525 425
955 855
431 331
243 143
665 565
587 487
938 838
240 140
109 9
664 564
1018 918
715 615
633 533
235 135
332 232
664 564
1057 957
460 360
691 591
893 793
676 576
263 163
846 746
959 859
477 377
860 760
958 858
811 711
186 86
762 662
534 434
259 159
658 558
760 660
379 279
368 268
940 840
1048 948
835 735
415 315
674 574
776 676
226 126
441 341
1012 912
789 689
839 739
994 894
921 821
806 706
725 625
590 490
1017 917
578 478
301 201
771 671
1093 993
1032 932
249 149
999 899
152 52
337 237
859 759
287 187
367 267
572 472
356 256
872 772
883 783
198 98
217 117
1006 906
616 516
1011 911
280 180
735 635
125 25
325 225
480 380
923 823
812 712
264 164
366 266
443 343
316 216
832 732
548 448
602 502
641 541
840 740
764 664
676 576
1054 954
712 612
826 726
1002 902
872 772
554 454
631 531
511 411
1043 943
1073 973
850 750
803 703
427 327
950 850
1017 917
177 77
105 5
320 220
213 113
902 802
1013 913
503 403
891 791
281 181
1098 998
110 10
959 859
625 525
445 345
1019 919
531 431
768 668
775 675
627 527
933 833
562 462
538 438
391 291
623 523
705 605
1016 916
557 457
520 420
505 405
215 115
517 417
760 660
379 279
361 261
785 685
872 772
696 596
488 388
407 307
864 764
324 224
943 843
422 322
306 206
940 840
507 407
1075 975
739 639
501 401
952 852
191 91
642 542
427 327
160 60
430 330
857 757
282 182
182 82
703 603
737 637
893 793
193 93
715 615
714 614
833 733
236 136
964 864
287 187
116 16
202 102
963 863
1072 972
1087 987
263 163
406 306
601 501
134 34
577 477
547 8523
176 9110
485 6291
592 5478
392 9916
984 6111
347 7780
818 9960
528 7537
447 8086
878 7293
916 5211
120 7607
898 5818
729 8125
388 8659
634 8764
721 5639
767 9199
673 9668
703 7227
142 5243
254 5933
242 6124
135 9986
196 5999
538 6606
523 9280
518 5775
689 8948
380 5291
209 5673
259 7779
379 9841
925 7936
462 6155
565 7576
1087 6660
693 5178
612 7965
997 6722
203 9918
287 7284
533 7426
868 6887
576 6294
725 7426
710 9953
1013 7690
743 8040
427 8569
664 5440
1025 7450
681 8178
455 8505
342 6764
992 5015
825 8192
825 8989
578 9705
920 7313
337 8565
292 6757
700 5359
898 5628
1031 6587
664 8100
1061 8676
178 8733
727 7502
1016 9596
917 9126
599 7574
614 6303
384 8379
984 8332
227 6292
157 8006
640 6668
768 7635
285 5776
1046 6672
391 9819
128 6466
485 7442
788 8333
310 9807
824 6364
373 7222
665 8194
426 9301
975 9223
258 5186
416 7872
419 9793
415 6649
681 9278
762 5121
378 9793
934 9752
1038 5485
789 8781
138 7929
154 8687
138 5287
266 8068
400 5800
799 9109
389 8738
978 9580
369 6524
1021 7021
616 7629
1044 8679
226 8747
1047 9432
690 9068
946 5537
908 9840
925 9074
378 5386
849 6280
780 7460
135 9086
659 9007
152 5067
852 9552
502 6804
536 6928
603 5169
448 5423
853 6802
833 8113
886 8391
1031 7628
744 9229
780 9234
500 6585
243 6423
240 5289
384 6784
450 9053
974 9194
1011 8036
262 5985
381 8631
843 7772
712 8946
430 6922
862 8045
709 6864
840 9503
250 9516
818 8411
1056 7347
487 5845
328 6057
180 6433
683 9417
976 8039
125 5055
306 5850
1042 6549
831 5195
988 5819
596 5486
718 7181
845 8612
286 7997
177 7298
771 5269
228 7791
1057 6635
980 5599
111 5197
1058 6326
966 9869
800 6189
737 8359
818 5486
614 9089
202 6990
788 9889
1093 5532
149 5474
504 9514
950 7465
731 5642
354 9243
1026 5984
940 7505
541 9234
871 5829
404 8541
1029 8748
1007 8866
114 8957
949 9369
1017 7839
110 9560
982 5907
475 6223
287 6689
154 8082
177 8229
196 7229
940 9879
412 9561
935 6379
1082 6746
485 8336
482 7290
916 7010
939 6418
489 6318
378 9824
770 5620
798 5832
146 7810
669 5751
905 6117
397 8194
249 7925
787 8930
502 8626
651 6247
404 6153
470 7594
950 8822
1034 8189
325 7909
646 8725
851 9867
447 6182
409 8139
763 8217
117 7827
937 6651
559 5984
154 5327
377 8622
682 8611
163 7382
1030 5964
1056 6937
193 7044
538 8131
1047 9880
633 8877
385 8143
464 9302
449 7753
225 9188
668 5828
758 7519
537 7012
666 6230
945 7095
526 9888
995 9148
476 6759
291 6871
771 6800
228 9764
661 9748
635 7180
772 9528
501 8972
127 5125
993 8301
819 8274
421 6232
313 7137
986 7001
571 5832
906 9511
701 8985
919 7880
1089 5140
1068 9540
584 9039
385 6864
841 7048
538 7900
871 5010
501 5262
155 9814
474 5604
957 6379
1004 5654
786 8399
523 8443
333 8590
956 9386
832 9723
745 5523
500 5899
575 7929
545 7145
705 8173
817 6706
561 7244
459 9951
445 8914
475 6937
515 8130
622 7114
196 5218
476 6624
1056 9892
648 8081
809 9383
654 8578
716 5752
523 7011
640 8899
642 6012
380 5739
927 7746
1084 5242
377 8826
167 7463
212 8424
730 6061
630 6021
513 6690
298 6490
368 9740
381 9477
1003 8411
334 7249
730 5133
566 9883
893 8720
484 6381
325 5296
487 8148
775 7312
625 9083
172 9148
371 5429
304 6560
667 8732
1091 8871
741 8749
988 6945
320 6186
510 8159
208 7762
442 5049
985 5809
680 6049
928 9556
668 9868
783 9742
300 8199
938 7517
885 9961
485 5008
682 6878
258 9434
532 6854
301 6941
853 7138
598 5463
469 6877
976 8055
634 8629
203 5417
938 9061
778 5752
585 6221
209 5972
263 6093
445 7396
498 8866
819 5707
1010 9950
451 5971
208 9338
1066 5360
615 8708
331 8104
734 7969
484 5084
749 8523
174 8570
131 7060
296 9545
932 7569
420 9160
501 5396
737 7166
710 9453
205 7280
776 5663
518 5864
513 9646
709 9894
931 9226
321 5863
448 6353
147 8530
575 5467
262 6956
730 8699
473 8996
117 5892
703 8873
1090 9524
227 5679
769 5954
627 9108
888 9189
859 7880
905 6600
1029 9265
751 7179
350 8204
935 5008
1089 5385
869 6769
449 5343
567 9961
838 9051
517 6165
149 9743
722 8071
596 6134
929 7863
171 8675
299 6426
324 6324
658 9152
132 5683
744 7323
840 6029
747 8006
379 9880
634 9369
396 8378
332 8222
557 9791
512 7544
677 8976
365 6493
725 8500
410 6153
239 8598
904 9921
656 5999
1086 7595
645 5678
981 9117
604 8444
719 5820
1031 5569
489 7844
1013 6232
256 9800
434 7940
222 9094
903 6096
1008 5192
225 8851
346 6547
926 6039
757 9598
409 8536
1028 7386
680 5533
287 6017
457 8092
1011 7560
190 5998
410 5569
566 7121
1008 9148
463 6632
938 8464
844 9668
497 8742
1094 8093
1079 6477
892 8404
1084 8932
359 8464
181 9906
491 9154
590 8613
641 5580
722 8118
782 8273
422 7420
371 7043
393 7759
764 7523
813 9107
978 7511
467 8605
