2000 582700
94 485
506 326
416 248
992 421
649 322
237 795
457 43
815 845
446 955
422 252
791 9
359 901
667 122
598 94
7 738
544 574
334 715
766 882
994 367
893 984
633 299
131 433
428 682
700 72
617 874
874 138
720 856
419 145
794 995
196 529
997 199
116 277
908 97
539 719
707 242
569 107
537 122
931 70
726 98
487 600
772 645
513 267
81 972
943 895
58 213
303 748
764 487
536 923
724 29
789 674
479 540
142 554
339 467
641 46
196 710
494 553
66 191
824 724
208 730
711 988
800 90
314 340
289 549
401 196
466 865
689 678
833 570
225 936
244 722
849 651
113 123
379 431
361 508
65 585
486 853
686 642
286 992
889 725
24 286
491 812
891 859
90 663
181 88
214 179
17 187
472 619
418 261
419 846
356 192
682 261
306 514
201 886
385 530
952 849
500 294
194 799
737 391
324 330
992 298
224 790
260 275
97 826
210 72
649 866
919 951
63 748
958 685
804 956
518 564
428 183
537 400
346 721
153 207
971 323
662 611
197 116
91 109
529 795
126 343
747 862
469 685
770 10
934 881
723 984
895 403
568 360
172 449
958 541
383 272
308 877
970 359
583 707
48 308
930 770
569 30
3 208
20 311
609 100
887 939
825 422
930 785
904 370
241 989
379 969
376 143
962 972
889 28
443 61
216 638
338 348
160 347
406 66
159 391
31 638
204 295
420 826
153 196
425 449
331 855
565 143
838 487
9 140
918 564
533 615
232 135
957 564
591 360
576 793
746 163
377 859
858 760
86 711
434 662
558 159
279 660
840 268
735 948
574 315
126 676
912 341
739 689
821 894
625 706
917 490
201 478
993 671
149 932
52 899
759 237
267 187
256 472
783 772
117 98
516 906
180 911
25 635
380 225
712 823
266 164
216 343
448 732
541 502
664 740
954 576
726 612
772 902
531 454
943 411
750 973
327 703
917 850
5 77
113 220
913 802
791 403
998 181
859 10
345 525
431 919
675 668
833 527
438 462
523 291
916 605
420 457
115 405
660 417
261 279
772 685
388 596
764 307
843 224
206 322
407 840
639 975
852 401
542 91
60 327
757 330
82 182
637 603
93 793
614 615
136 733
187 864
102 16
972 863
163 987
501 306
477 34
492 840
121 700
80 706
138 787
660 105
229 834
827 798
448 310
230 609
832 690
489 561
586 579
291 60
665 388
660 309
702 407
153 200
606 313
123 970
253 33
709 273
832 277
108 997
888 40
481 227
283 860
858 940
284 608
711 990
850 590
239 806
943 52
195 801
95 764
410 710
664 386
900 593
112 50
963 494
754 156
458 936
19 965
225 86
569 723
97 184
194 868
754 340
602 412
61 487
695 209
347 346
719 860
100 307
97 95
843 821
745 941
286 821
492 587
116 201
531 665
424 527
253 812
426 424
413 459
980 343
291 836
833 506
486 179
9 916
575 430
922 596
145 808
897 269
404 512
742 811
728 685
269 567
103 776
745 855
35 718
779 853
71 97
80 146
842 746
128 15
941 965
227 512
30 480
342 958
605 665
531 191
364 964
359 515
867 606
820 822
313 536
207 693
911 19
308 335
430 101
685 922
641 294
113 910
141 410
690 250
700 546
559 729
481 609
503 720
766 976
7 759
882 798
859 74
182 648
425 299
542 785
683 846
853 390
938 897
89 416
624 837
181 247
878 293
933 144
580 938
252 467
207 480
658 955
20 665
954 26
347 564
759 449
446 26
14 521
657 301
710 321
980 613
188 388
636 879
203 990
432 188
129 963
630 820
509 300
237 822
373 255
838 277
395 153
692 400
103 227
218 518
384 447
931 315
396 813
389 324
640 502
287 299
297 780
977 376
512 516
219 212
555 329
398 810
289 486
798 485
598 416
49 952
572 894
697 358
770 21
725 647
542 44
214 683
887 361
45 814
94 231
282 8
82 165
319 496
626 699
146 852
541 459
874 535
725 314
777 944
554 306
208 459
787 637
976 447
912 408
444 107
3 962
301 565
164 407
437 857
652 317
764 98
41 818
737 600
176 288
136 902
128 567
394 190
235 749
42 908
824 276
684 748
979 592
568 393
367 363
52 163
642 983
335 179
126 16
130 478
583 259
129 868
752 295
167 596
856 71
640 622
770 864
431 644
195 5
448 365
701 429
952 64
880 854
168 770
79 88
961 157
472 368
217 421
709 719
147 271
296 975
909 816
764 962
251 535
878 438
753 696
570 881
253 318
666 45
931 52
433 496
810 313
678 138
123 334
212 988
66 508
206 770
750 751
64 780
466 441
337 207
510 516
796 674
175 408
437 920
938 573
848 634
561 878
718 990
948 826
649 696
569 800
663 411
582 422
843 707
202 334
702 986
579 494
725 150
803 562
340 380
156 832
832 979
602 376
234 511
688 414
184 160
978 982
413 238
633 490
585 899
606 251
963 526
350 897
242 39
539 657
739 452
267 538
165 831
177 460
720 185
802 934
644 440
82 490
798 168
197 71
173 977
81 458
235 204
112 803
103 139
268 399
879 420
643 991
106 578
122 972
444 177
262 398
691 348
997 496
446 276
171 825
549 614
281 121
211 730
112 341
408 284
730 698
363 17
89 546
605 672
938 974
168 866
705 377
47 559
400 340
215 527
114 779
51 761
881 483
549 92
679 390
328 583
250 661
203 391
481 336
752 661
707 125
82 89
63 275
660 359
21 178
287 780
219 42
500 5
820 380
95 772
44 816
748 9
678 484
276 545
478 589
663 157
594 901
757 777
947 74
448 247
570 55
313 479
981 785
795 958
552 680
389 393
280 944
864 596
636 619
512 611
892 852
184 283
947 299
614 766
625 312
149 826
377 726
474 733
18 805
662 679
416 403
1 964
530 337
752 541
22 478
981 369
777 946
957 821
275 833
584 837
582 490
121 37
951 594
668 129
118 258
319 246
896 362
521 755
948 504
248 71
474 177
351 176
54 803
155 237
660 677
871 33
486 115
294 597
425 769
245 536
382 956
371 341
708 184
544 234
794 569
387 216
738 537
520 84
281 810
502 657
91 33
503 159
924 520
16 668
33 287
344 229
349 374
606 474
896 672
595 915
441 511
102 123
52 569
654 199
710 396
434 715
245 59
36 610
661 917
413 927
13 270
370 117
400 516
195 215
984 216
476 237
164 615
405 499
674 477
196 760
608 285
907 56
532 966
51 622
716 221
327 194
880 91
710 347
267 252
400 473
376 516
609 385
320 357
196 958
538 665
935 792
404 64
100 420
126 671
855 968
94 877
731 177
253 523
8 139
393 152
543 732
348 246
318 565
489 740
22 902
998 17
49 973
381 298
10 611
429 32
221 11
150 337
717 136
530 889
332 522
942 805
565 28
216 931
61 757
170 609
872 544
644 905
208 595
680 246
697 113
639 175
679 156
961 244
361 883
802 265
359 883
839 462
718 485
280 272
252 204
280 984
102 409
615 398
296 909
481 370
956 882
230 214
259 766
922 35
706 421
272 271
156 370
552 848
485 50
536 976
70 270
902 796
452 963
35 379
947 991
378 551
57 897
352 307
669 421
702 74
141 388
458 559
463 980
756 615
887 681
332 231
528 207
656 818
254 331
787 979
495 445
370 348
10 724
200 401
327 646
17 668
374 242
755 302
980 861
376 830
8 77
32 441
460 589
804 990
23 189
869 868
943 996
715 363
628 237
73 420
199 565
38 214
209 333
327 726
912 175
799 58
372 625
976 66
120 169
667 475
188 204
28 90
704 496
649 1
746 474
697 449
712 252
289 332
625 287
953 189
462 889
302 63
79 378
41 206
823 897
908 230
665 382
36 575
732 60
809 529
66 477
291 290
591 89
583 961
252 461
479 702
530 532
224 680
788 53
309 642
366 1000
352 891
402 822
545 152
113 324
967 633
454 267
723 381
14 272
20 506
308 419
644 461
713 526
482 978
336 468
289 729
496 795
326 581
530 383
167 226
522 421
830 386
91 273
116 484
747 676
395 107
958 229
756 902
262 962
703 105
511 84
481 991
449 701
888 689
599 655
306 600
492 538
803 499
445 881
316 981
889 473
785 383
765 679
491 573
589 589
124 480
741 145
898 624
725 923
682 915
131 232
398 974
906 735
753 678
312 640
790 644
301 212
945 123
447 253
197 943
27 18
573 916
589 327
934 640
209 615
529 470
899 655
15 288
592 401
92 840
575 633
814 707
354 424
127 682
374 194
566 855
594 190
973 728
645 178
603 275
712 88
32 367
298 544
561 738
906 963
626 460
143 266
504 727
836 33
361 442
431 628
554 384
24 244
416 482
735 765
243 446
454 247
932 913
494 560
648 528
357 594
596 935
788 462
536 621
759 660
200 564
566 302
741 936
217 592
219 724
832 118
819 299
487 251
473 129
241 96
64 167
516 169
857 381
218 976
490 767
504 837
707 407
342 203
475 387
175 735
786 706
171 335
232 40
888 821
866 131
976 159
253 978
619 53
642 849
460 478
218 19
218 230
667 453
949 336
89 931
488 588
568 449
526 566
860 272
4 883
772 731
734 80
259 213
270 177
6 872
424 626
204 940
313 150
159 379
205 833
25 517
951 724
721 973
635 581
293 839
712 272
410 412
465 839
366 492
74 553
23 718
416 738
764 839
49 390
817 588
507 523
152 630
256 770
562 746
495 49
414 369
78 537
912 115
59 215
259 971
258 602
841 551
137 40
590 494
383 252
869 158
939 72
282 177
880 667
479 483
454 815
730 19
556 745
195 339
409 614
580 302
99 319
913 670
798 513
318 566
790 27
344 322
80 645
468 210
922 841
179 925
347 521
231 975
597 269
607 929
903 478
310 970
223 684
10 231
845 673
905 348
58 232
93 727
759 597
912 397
906 539
43 907
76 892
552 699
670 408
671 361
353 789
837 529
12 190
889 880
912 236
377 715
56 718
585 439
852 814
715 902
421 658
330 410
51 412
840 90
697 678
848 951
826 37
198 593
341 737
274 211
740 134
339 847
875 490
400 95
603 435
474 737
126 860
973 310
973 548
581 984
788 660
629 86
799 635
475 941
959 56
80 372
917 650
91 964
783 735
773 682
712 151
655 283
953 773
279 643
701 898
706 817
147 269
355 731
100 507
498 841
261 207
591 752
630 318
374 126
960 153
917 101
406 560
759 743
618 816
981 980
641 1
131 82
920 886
534 377
453 465
397 753
51 842
301 547
197 580
910 754
211 37
851 548
42 896
919 656
30 537
674 78
979 540
764 597
937 314
656 845
590 361
337 930
997 654
643 841
652 810
632 98
827 814
659 898
56 237
97 236
304 397
771 468
680 160
344 168
561 189
632 123
666 783
235 991
71 775
327 565
824 906
1 604
948 233
851 693
780 209
603 279
380 231
84 675
684 370
757 814
605 276
304 238
358 710
294 931
742 879
37 492
4 81
707 347
131 417
660 582
89 801
455 195
303 403
680 247
970 356
934 627
951 858
404 803
446 236
349 572
93 485
672 586
158 748
772 235
891 859
532 788
621 345
347 861
227 342
555 779
16 595
303 963
941 260
833 366
190 835
622 733
345 834
893 442
192 773
430 880
160 873
767 793
170 173
810 402
318 60
690 628
224 19
52 146
411 685
203 138
785 593
219 202
61 500
919 89
191 433
711 63
294 514
937 865
253 393
103 269
316 111
625 614
639 272
641 973
139 609
45 236
316 496
218 24
293 871
747 227
879 420
633 850
10 127
356 170
665 224
536 722
823 189
603 597
392 286
258 22
771 957
820 536
139 221
566 281
229 238
325 531
804 449
786 735
983 670
847 646
388 272
632 605
253 394
405 508
137 537
283 955
678 477
659 969
706 692
786 963
313 829
143 638
713 206
244 185
489 187
844 129
896 300
602 114
210 305
930 199
692 916
457 839
241 899
950 452
229 185
212 561
222 848
32 191
747 830
869 860
245 873
575 649
818 591
204 974
584 974
822 452
198 397
942 350
942 597
899 13
375 392
327 343
479 756
66 387
950 924
464 188
286 68
573 552
294 166
137 435
557 14
423 797
427 254
95 300
715 431
403 367
453 197
735 233
1 149
145 62
782 38
848 69
456 425
490 810
679 878
461 503
844 308
70 798
599 437
888 798
395 36
733 583
795 412
368 195
94 878
114 388
46 438
795 532
583 3
321 268
714 417
332 277
257 229
906 445
301 380
277 974
651 248
218 433
109 1000
558 874
388 939
121 760
372 473
228 811
208 766
326 306
572 556
50 521
753 364
77 460
266 136
227 458
502 784
337 648
31 783
629 960
215 137
353 591
274 875
343 440
758 263
838 40
478 835
595 943
255 749
331 263
362 597
84 5
16 999
459 161
220 35
16 891
865 459
719 996
292 592
175 54
461 985
301 401
759 298
715 459
207 77
129 611
681 159
261 467
893 737
399 895
377 49
189 382
360 285
14 388
728 972
314 265
225 729
534 810
914 973
94 818
549 295
674 532
434 58
211 736
986 187
863 896
802 998
279 997
31 476
810 259
968 475
187 494
791 130
190 151
410 639
592 855
886 480
875 478
763 386
352 672
58 361
815 894
562 460
571 148
322 660
465 628
418 329
198 975
554 1
656 507
108 750
453 109
909 915
576 700
646 75
114 896
313 229
692 85
759 144
643 536
462 919
860 516
904 473
959 25
663 25
209 611
564 44
233 722
478 980
716 563
616 672
107 914
979 541
466 882
971 142
76 259
886 35
498 543
150 689
442 721
136 142
36 530
37 503
344 450
550 248
355 599
980 919
473 636
957 181
324 873
859 154
570 427
294 604
260 313
674 363
339 594
259 813
382 829
660 49
430 791
760 554
682 499
664 226
358 345
114 432
142 758
19 64
753 843
163 637
121 941
94 965
398 448
587 857
98 968
142 351
303 758
968 351
533 980
982 662
568 357
519 914
277 548
622 723
517 23
720 170
635 351
55 113
263 783
285 766
189 527
628 206
7 644
290 258
655 861
387 728
641 69
742 128
741 392
793 145
802 51
897 112
262 253
193 340
882 932
131 817
482 965
573 480
443 724
203 839
965 500
75 746
807 811
805 373
513 605
472 252
797 172
690 394
295 177
784 98
532 377
155 486
110 855
884 290
173 130
78 355
714 842
633 233
477 101
119 686
718 736
15 930
472 700
328 69
793 607
199 879
999 916
177 960
525 408
948 679
498 138
495 185
890 782
906 49
334 453
385 630
399 429
338 853
520 545
829 651
481 765
99 159
680 1000
87 179
802 717
890 885
839 32
339 838
883 186
67 470
544 185
357 921
457 376
444 986
642 934
152 171
59 645
616 46
59 681
987 43
353 234
530 103
958 496
613 389
838 931
85 579
86 132
569 908
479 772
683 677
400 343
370 703
882 139
146 344
116 387
760 909
407 539
447 304
388 655
41 378
658 92
119 862
28 411
457 362
198 397
17 290
432 152
321 611
427 173
205 137
344 946
563 365
304 475
47 982
694 920
91 802
961 66
644 778
109 744
959 464
969 313
42 341
108 685
648 331
49 85
228 676
929 91
527 534
967 166
316 51
582 966
840 841
575 625
503 114
911 16
305 113
989 826
836 506
369 738
587 564
232 455
452 735
900 264
952 548
81 738
995 853
562 575
739 569
705 365
5 620
557 264
490 193
294 21
361 373
900 84
47 250
205 288
145 132
846 151
658 419
849 521
680 974
148 655
96 648
210 737
690 298
19 187
831 981
679 965
726 954
528 166
15 248
564 636
847 560
721 563
9 24
700 896
446 803
858 16
699 274
271 714
977 449
533 229
154 280
756 423
871 868
912 124
727 970
968 231
569 935
163 808
618 23
685 210
650 88
807 151
393 770
276 555
304 613
911 866
233 223
42 303
400 305
162 306
51 900
734 964
933 397
366 898
16 59
177 628
360 225
742 537
725 612
868 633
489 314
501 478
632 981
365 904
196 819
496 108
744 179
145 152
501 598
880 349
248 80
683 762
500 314
389 513
620 205
91 584
721 652
859 894
665 198
416 143
481 671
320 302
865 611
126 631
757 526
963 526
781 403
240 231
330 830
518 283
824 864
935 755
51 159
309 220
18 447
863 800
1 833
749 805
658 791
577 412
579 857
509 408
154 895
923 360
397 827
687 971
959 961
617 519
637 335
623 238
174 883
775 222
608 886
306 708
1000 475
957 876
641 123
472 127
726 384
305 745
714 284
643 429
708 685
631 512
489 503
829 599
746 983
732 462
732 992
669 270
422 491
54 282
900 831
682 167
666 115
957 661
109 564
454 934
964 608
933 513
140 53
195 659
24 646
657 164
231 763
169 825
128 949
537 355
264 811
46 164
4 851
900 289
802 392
68 224
450 460
126 903
58 347
398 638
486 101
451 587
335 797
162 881
106 210
745 243
969 969
432 298
159 253
634 593
565 453
16 657
610 72
503 222
511 319
752 61
55 694
469 384
829 801
692 136
177 536
211 958
499 647
115 526
984 28
818 904
233 509
424 884
976 565
371 601
406 323
334 522
784 192
676 103
168 451
427 867
432 602
531 783
337 311
677 994
537 172
1000 51
379 389
103 237
785 721
943 597
412 492
572 331
828 380
771 259
939 726
594 55
19 501
500 459
376 790
689 4
776 634
474 117
575 601
953 808
143 544
510 542
221 590
615 827
599 817
567 617
545 32
727 879
558 692
307 685
564 88
331 911
568 546
881 580
649 997
746 937
393 988
237 351
517 661
521 630
213 360
820 908
199 203
813 479
14 251
803 162
448 905
207 167
86 862
123 369
220 181
158 765
944 251
424 909
311 645
399 568
59 847
253 538
233 540
312 99
790 423
849 246
202 165
552 544
653 52
788 131
893 372
113 471
498 625
442 684
929 378
86 534
12 73
318 540
258 671
524 127
579 412
424 972
468 823
364 663
81 784
399 588
896 496
151 170
626 153
367 199
837 152
640 258
124 283
572 289
408 608
358 463
895 180
884 329
523 221
438 294
278 125
25 625
729 427
996 796
956 151
188 867
519 122
35 370
311 840
195 115
829 875
784 912
904 85
99 969
443 714
420 8117
332 6636
940 7620
978 7227
380 5035
592 5476
980 5011
848 5021
63 8358
513 8777
85 7389
35 6679
908 8230
705 5466
905 5990
149 8605
925 9118
175 8563
281 5513
322 9170
410 9278
696 9301
393 7317
267 5103
633 6438
409 6594
65 7434
13 9902
892 8491
534 6055
262 6683
582 5847
810 5801
260 7296
505 5662
659 8168
139 7876
802 9222
234 6288
374 7159
681 6410
511 8944
418 5184
534 7347
289 8714
612 5686
191 5800
36 9045
574 6158
188 6221
903 9188
166 6170
681 5349
56 9630
567 7583
838 6087
630 8565
723 6143
920 6856
590 6383
588 8771
171 8214
417 5088
3 9628
425 5987
292 8342
794 5485
990 6193
86 8679
31 8264
201 9360
468 7735
692 6632
834 5855
127 7022
359 9265
394 9212
573 5878
14 5904
799 8610
713 7561
210 8387
319 8687
501 7490
450 7891
229 9073
493 8507
107 6807
28 9429
245 8644
427 5086
499 7264
839 7134
505 6279
43 6744
661 6324
910 6746
233 7874
117 5158
311 7989
432 7787
474 8579
221 9483
800 7421
206 6311
807 9789
10 8719
333 8408
182 6611
693 5125
781 5442
487 6823
406 5977
73 5046
743 9955
202 5717
153 5909
112 8154
422 8660
268 5328
530 9883
659 7624
721 6972
360 6533
550 8125
117 9512
432 6741
778 6364
51 9284
372 8489
851 8109
153 9447
123 6686
346 8791
748 6444
396 6552
467 6710
143 5512
368 5267
751 9063
711 9410
311 9890
931 5701
627 9744
151 7139
562 9811
812 9309
201 5588
491 5569
274 5685
29 9755
497 9697
647 5943
750 5729
483 6301
74 8835
911 8689
237 6628
111 6913
418 7595
687 9998
26 7726
532 9250
872 6110
508 8396
851 5054
682 8472
159 9999
918 7011
67 7358
705 7120
126 7313
201 9924
506 6045
574 6937
213 5006
185 6563
927 8231
333 5576
1000 8685
764 6543
784 7168
944 5529
822 9311
598 7497
646 8818
918 9410
149 6251
389 9906
388 6089
611 9063
830 5394
335 6251
988 5814
794 7730
187 7542
181 8632
143 7756
784 6393
934 8831
525 5223
240 7680
759 7504
113 5880
561 8266
537 5616
381 6637
319 7800
108 6987
969 6320
699 6592
117 5044
934 8276
747 8354
402 6795
135 7225
156 5171
827 8515
301 9680
834 7620
641 9082
136 7830
223 5894
879 8092
346 5058
20 7557
290 9953
358 6216
62 6790
751 9311
653 6201
442 8412
928 7961
604 9797
912 5420
756 8802
412 7280
617 8833
928 8261
86 8906
894 6478
405 9125
939 8854
567 7143
840 6779
351 5837
303 7131
469 5278
343 8671
434 9207
418 5857
773 6142
859 7410
530 9590
257 8073
165 5120
260 5679
340 6285
837 8194
36 6434
142 8777
97 9065
485 7089
129 5460
865 8295
736 5916
435 7306
282 6309
717 7198
691 7843
82 7404
925 5099
295 8166
361 6531
641 7933
416 6841
183 8813
618 6363
141 7512
677 9900
512 8485
633 8994
737 5370
66 7421
502 8496
591 9952
888 9595
933 8183
570 6311
812 7253
649 6526
1 8376
310 6823
266 6626
85 6331
112 5274
350 7489
997 5460
592 6512
509 9246
315 6139
630 7099
987 7181
356 6945
79 5819
415 9902
831 9217
104 7000
885 5829
963 6609
863 8052
550 7284
718 5758
834 7403
778 5647
447 9388
406 8379
766 9468
490 7277
503 8298
535 5141
434 9408
3 7923
855 7657
247 5295
687 9487
568 6984
723 9101
634 5249
649 9132
210 6185
67 7036
293 9669
878 8651
730 6115
732 7037
738 9249
31 7249
28 7582
538 5770
737 9911
238 9369
824 6608
547 5901
26 9816
186 8404
763 6255
331 5322
464 9544
717 6839
136 9330
355 8565
748 7340
876 9783
78 9038
395 5862
324 6190
413 5722
448 9052
288 6691
213 5192
117 7082
653 5980
595 7755
106 5733
936 9976
143 9956
67 7709
765 7986
514 6070
416 7220
285 8425
398 9775
652 5136
898 7212
764 7816
305 6195
731 7367
860 7469
229 6324
846 9208
864 6443
175 5781
556 5475
755 5932
918 9375
439 8979
559 5552
773 5323
25 8271
785 6794
810 5991
347 5042
801 6104
230 9083
936 5828
658 6056
542 7355
651 5480
656 8140
496 7274
495 7314
26 6964
719 9403
105 8271
122 5631
262 7889
470 9048
299 5387
411 9340
990 6040
689 6452
828 8656
202 9861
887 5460
752 8962
929 6828
921 6902
812 6910
894 8133
454 8719
569 8751
59 7108
339 7143
774 9452
587 8861
915 8036
11 8859
587 8981
617 7403
922 7133
342 5805
406 9462
668 5854
851 7787
156 6583
405 7747
719 6454
19 6766
961 5244
753 8330
559 9306
761 8326
295 6475
281 9016
156 9099
887 7030
369 7804
220 7498
994 8877
549 6683
283 6547
23 8933
989 5594
133 6349
388 9855
130 8148
835 5862
492 7093
290 9859
231 8172
172 7174
36 9579
114 5307
188 9978
166 8355
930 7495
680 5976
208 8959
750 7672
621 6048
679 5235
287 7954
844 7385
166 5452
332 9339
933 5849
98 5750
212 9439
693 6997
207 7011
387 6328
27 9431
236 7930
400 9087
49 7229
905 9717
323 5120
201 7946
896 5721
754 6100
470 6071
422 6821
59 9916
618 7121
324 9526
740 5215
680 6467
527 7902
25 5154
636 8785
962 9838
348 8317
615 8379
801 8047
670 5197
909 9342
829 5106
801 5201
158 7081
198 6894
511 7060
239 7125
230 6114
134 6795
98 9175
352 8131
790 9778
873 7809
972 5982
359 7441
893 8280
167 6768
106 9062
680 5923
926 5583
166 6506
427 6428
896 8024
664 9303
642 9081
38 9094
926 5435
186 8060
88 8238
439 6646
181 7264
139 9705
823 6984
360 6992
633 6490
893 6022
589 7204
811 5616
134 5898
665 7515
516 6354
185 6585
656 5380
426 8740
532 8178
769 5078
104 9469
583 7126
381 9155
107 6936
567 5722
106 7435
366 9757
394 9226
982 5453
863 9925
660 6759
498 9804
301 8815
297 6371
429 8226
19 5101
327 8556
699 7955
622 7574
472 8099
87 6369
567 8623
929 6106
816 7066
11 8677
658 6115
370 7019
148 7860
282 6557
737 8331
792 8895
999 8313
198 8516
358 7194
44 7566
801 7461
488 8862
457 9205
320 8013
349 5471
764 7146
167 8245
925 6093
580 5130
320 8321
1 9964
485 6762
844 9891
957 5291
138 9327
225 8482
747 8489
903 8064
471 8129
450 7476
233 6228
833 9870
200 5489
641 7428
308 5282
758 9131
359 6686
556 7855
650 5589
116 8600
715 8677
347 8130
10 9135
966 5498
195 7943
891 6811
227 9927
973 6739
313 5603
1000 8995
606 7476
61 9326
235 8188
569 7496
486 7376
549 8984
52 6038
166 7003
1000 8726
833 5825
917 8715
300 7114
473 6040
801 5191
900 7500
786 8461
266 6382
615 7975
764 7070
864 5338
807 9022
960 7622
774 7075
744 5344
520 6949
830 8599
499 7600
889 5782
206 8633
521 7272
708 7169
748 6365
558 5330
551 7912
311 8937
293 9153
168 9108
896 7039
635 9906
727 6951
488 7759
477 6433
147 7846
859 7052
474 5201
376 7723
149 6837
898 5275
179 8526
335 7844
364 7995
204 6587
708 7632
149 7120
197 9439
191 9497
6 9049
986 8865
530 9926
641 8198
436 7858
412 8459
666 7801
588 7094
366 8228
813 9271
814 6957
196 5093
98 6729
692 7946
852 5509
107 8413
267 5034
761 6406
674 9130
210 6417
522 9181
494 5738
895 6935
406 7784
97 6049
337 5241
885 7889
107 5734
445 5370
652 8523
105 5983
639 9226
591 6108
559 7828
431 7909
947 9872
269 7403
665 9504
237 9994
698 6919
97 5724
70 5662
535 5322
438 8078
364 9665
948 7214
157 6572
17 9874
71 7293
159 5175
48 8624
392 8201
807 7066
213 7458
329 9338
772 8874
229 6414
488 5352
499 9854
712 9868
126 8125
769 7452
263 8020
45 9448
537 5720
360 9855
1 7027
337 9747
344 7557
26 5346
11 9283
853 5626
236 5533
360 8905
826 7489
498 7449
101 9701
209 8455
700 9569
126 6558
851 5525
840 9927
542 5443
647 9595
841 9495
398 6009
477 9760
420 6540
324 5722
506 7622
350 7768
949 5592
352 5072
417 8254
838 9296
47 8233
491 6033
735 8220
882 5972
322 9669
430 5341
934 7838
414 7995
219 9060
523 9506
860 9725
197 6587
79 8955
186 5344
585 8443
237 6727
972 8651
624 8590
122 6732
930 5168
97 6977
540 8994
733 7059
356 8042
435 7582
956 8462
117 7818
547 7547
208 8032
81 5073
900 6277
499 7429
447 9716
75 7743
696 7546
48 9660
560 6647
764 9329
480 5753
677 6598
203 5940
468 8449
954 6610
341 8246
768 9573
47 5656
437 8740
836 5794
252 6391
875 5173
23 7207
123 9884
2 6114
345 7656
20 8584
589 6073
410 7263
997 7873
584 7014
424 7498
753 6919
955 6210
284 8363
477 8868
517 9679
189 8847
883 9517
754 7340
704 5794
262 5090
670 9959
277 8748
578 5610
593 8209
222 8128
466 9565
467 5296
277 8553
621 8642
623 6203
122 9425
958 6774
44 8794
884 9709
284 5380
975 8030
919 8104
525 8999
957 6660
879 6189
792 9771
355 5597
939 5522
936 5183
184 5330
750 9108
668 5845
406 9057
5 9042
378 6221
736 8942
35 6586
740 9704
386 7462
162 7634
711 5305
402 5767
222 5973
36 6068
749 6241
387 8871
268 9008
889 8829
12 6084
742 7706
189 9595
531 9694
60 5747
203 6181
707 8106
394 7819
609 6961
316 6219
13 9182
894 7762
485 8861
534 6297
986 7713
234 5000
231 9445
591 5000
452 7296
637 5601
458 5636
792 8308
385 9026
438 9659
735 6583
743 6387
783 5516
489 9951
423 6107
869 8384
983 7411
197 5634
575 6200
75 8822
197 9926
693 8652
670 8574
291 6069
998 5243
752 5016
16 5558
468 5585
561 5821
240 5795
542 6935
629 5904
820 9957
464 8493
643 7619
759 7439
591 6075
536 8894
930 6859
83 5664
736 8313
253 8266
497 8382
968 6901
782 9055
768 6882
506 7285
394 5093
317 8507
204 8967
846 9306
763 5478
449 5580
96 6253
114 9058
112 8913
365 5005
654 7159
378 6815
337 9966
865 5951
902 9810
721 9088
729 8337
320 7301
364 8771
750 6703
416 6153
190 7133
973 7327
383 7006
110 5961
49 6109
162 7043
54 6499
890 7702
961 8965
495 5484
174 5231
828 5951
682 9563
492 8550
407 9306
510 5224
543 8492
996 9810
854 6725
61 8193
638 5819
845 7807
206 9348
607 9045
911 7562
232 6873
246 5405
765 9694
146 9876
696 6097
845 6769
6 8640
745 8266
796 6729
679 7544
856 5863
216 6236
988 7676
817 9798
34 8261
271 5070
402 8806
248 7414
979 7729
821 9210
551 7326
608 8902
307 6389
840 5445
10 8584
831 5246
508 7992
822 5764
51 7033
931 8491
968 7246
434 9710
815 5228
954 5949
205 9112
640 9768
464 8038
96 6690
711 6353
595 8580
193 7268
675 5282
288 6300
510 9955
187 8253
40 8829
317 8647
147 5536
433 8073
628 6879
406 8597
672 5937
534 8434
677 8186
855 7316
966 5994
675 5112
542 8228
693 8784
622 8887
508 9801
85 7172
980 5147
619 5940
683 6718
872 7163
193 6316
514 6396
809 8364
625 8921
58 7754
358 8101
753 6827
66 8712
535 7368
136 9468
136 6514
249 5374
228 7145
1000 7608
97 8727
895 7415
347 9188
997 6048
602 9155
69 5003
342 9755
250 5266
583 9576
37 6351
912 8569
683 6069
26 8757
507 8272
213 9477
723 6581
737 7216
733 6759
599 7075
584 9892
928 7258
161 5335
770 9329
900 9715
435 8800
892 8332
527 6891
779 8856
940 7127
536 6407
763 6118
351 7105
542 9118
911 8478
1000 5680
219 9113
39 7425
301 9026
851 6144
167 8185
336 9195
498 7971
814 9171
565 8240
203 6871
111 8175
904 5542
521 9428
222 7360
802 6709
359 9116
731 7155
53 5739
611 5836
464 6865
8 9452
343 6694
595 8228
143 5745
714 8589
290 9833
653 5585
110 5560
872 7471
248 6523
649 5861
368 9551
236 9440
169 7429
511 9902
525 5403
994 6026
67 5152
775 8212
876 5405
316 8406
831 8184
566 8964
99 5930
63 7871
480 6346
770 8547
362 6357
23 8179
976 9559
491 5382
517 5173
586 6712
526 8305
807 8208
225 6640
414 8517
306 6500
950 6645
836 8864
765 5116
901 8974
133 8242
526 7243
357 5042
729 5907
906 9562
169 7973
233 7748
467 6039
940 7341
87 9497
86 8237
482 7981
734 9581
985 7076
11 8408
549 9069
881 7404
309 6639
268 9647
367 7675
805 5434
972 6618
955 6208
507 7830
107 6371
484 8487
224 7767
107 7923
708 9342
296 6938
390 5582
674 5529
720 7182
18 5164
113 5000
802 5540
31 9327
620 6428
615 8268
395 8344
457 6944
172 8033
118 7371
600 8620
571 6686
992 9667
992 9700
278 9241
949 5879
917 6175
41 8488
112 5776
848 9965
64 9051
139 7180
658 5295
888 7301
218 9214
260 8706
53 9441
94 8599
449 8424
930 8584
834 5974
666 5658
728 7776
378 7327
216 8915
109 6891
232 8180
340 5499
41 6171
378 7246
691 8580
99 5057
567 5969
684 5446
824 6654
699 7257
299 5757
975 8871
780 7294
868 8890
10 9736
660 7674
167 6710
767 6667
198 5169
147 9255
792 7957
112 6218
44 9841
216 6589
404 8430
867 7215
520 5813
910 5040
514 7271
83 6361
964 9557
48 8988
981 5751
884 5477
534 9577
435 9038
39 7252
270 5605
522 8987
65 7640
578 8640
98 5690
616 6766
231 8789
225 5957
545 5161
646 7406
345 5247
352 9590
956 5658
726 9800
766 6021
614 5854
456 7720
885 9131
166 9870
897 6151
634 9331
565 7850
653 6660
541 9528
571 6180
947 7910
988 9813
495 8928
68 9492
500 6841
84 7828
62 5402
339 8879
947 7179
958 6380
652 9547
598 8168
370 5417
664 5161
898 6882
455 8696
695 5009
798 7187
206 8411
462 6819
909 8417
417 7062
151 8945
265 5933
373 9081
70 6085
437 5091
633 9964
882 8415
729 8384
267 6873
106 7382
356 6816
515 9114
114 9352
308 7171
243 9831
956 9631
907 5497
229 5034
109 5528
393 5958
608 8118
254 9569
916 7769
505 5929
727 9918
64 7781
121 5485
300 5595
95 5669
908 5056
500 9433
970 7090
929 8007
363 8358
813 8290
214 5244
315 8019
804 6348
744 5202
163 6092
422 8060
555 9783
23 8476
459 6387
839 6988
966 7815
166 6388
945 6459
664 7975
114 8761
11 8031
900 9852
878 6143
847 6252
829 7574
802 7741
386 5139
74 6809
778 5444
366 5901
259 5658
49 6966
332 5599
63 6023
4 6073
71 5529
824 9284
219 6811
167 8545
206 8947
611 6929
591 6895
333 9642
113 5852
582 9920
635 5699
774 8122
98 8484
426 5296
201 6531
911 5912
847 7972
118 6561
148 6668
775 5473
195 8667
884 6675
246 5491
864 5395
706 6911
15 6923
222 7062
688 5387
452 8147
966 9087
833 8891
689 7503
226 7172
104 6078
629 7317
847 9048
248 6612
399 7098
604 6214
400 7387
379 6430
976 9440
821 9546
47 6734
344 8665
326 7895
467 8570
211 6535
490 5756
824 6790
535 7814
262 8128
7 6589
775 8707
73 8803
573 7973
61 5790
101 9218
306 5515
959 9798
672 5520
360 8883
240 9375
706 7095
808 5091
526 5611
716 5296
231 6448
894 9747
127 8863
670 5493
627 5347
106 8132
629 7662
21 5193
833 7947
411 7671
686 9411
746 7610
820 5245
669 5880
445 7276
169 7209
804 8509
966 6123
801 6170
5 5915
624 6751
745 8374
257 6553
537 6807
428 8600
689 7156
356 6283
964 8542
356 8630
952 8078
610 9889
539 7055
512 9532
879 9030
334 6600
800 7463
163 9367
984 9174
857 6899
862 7294
64 9107
214 6958
9 7151
874 8619
685 5545
139 7431
66 5956
916 9408
275 6839
534 7998
361 6467
603 8115
787 9500
557 6246
121 6556
140 8575
529 8453
423 6083
495 5333
497 5158
636 5996
40 5566
661 5505
515 9604
155 9465
175 5475
770 6432
878 9454
918 6898
143 6616
210 5519
972 7814
827 8110
291 7034
785 8712
126 6796
209 9822
281 8465
106 6492
565 7729
794 7302
226 9565
856 6709
699 6793
361 9550
424 8728
700 5260
799 9871
816 5695
464 6490
565 6206
316 5505
231 6136
574 7085
307 5458
731 8817
331 6192
563 5425
564 5121
809 7168
723 7557
194 7290
771 5943
837 8604
14 6852
277 7313
43 7118
512 7509
701 5339
963 9971
216 7677
921 8703
668 9075
773 7723
28 8991
303 7175
678 5877
690 5052
809 9339
662 5678
399 8789
663 5010
293 6916
741 8681
956 5671
47 8619
151 7252
516 8046
893 7899
879 7989
979 9384
224 8407
484 5102
270 5700
569 8894
986 5869
586 9748
200 9797
902 8011
628 6918
484 9924
260 7855
235 5582
171 5942
48 8821
589 9044
137 6368
605 5691
628 8526
87 8712
28 5797
345 7768
190 8996
998 8937
773 7482
234 7041
199 8853
1000 6630
201 5566
703 6034
297 7487
75 8513
364 5102
496 5738
883 8005
20 7629
109 8809
7 7153
146 7151
254 9333
936 7256
609 7918
332 5309
294 5117
610 7840
107 5677
636 9050
307 8389
212 7885
396 5578
416 7122
37 6604
928 7331
903 6693
35 9810
549 7083
288 8564
564 8298
773 7545
693 5600
427 6044
578 8741
763 8395
487 5849
246 7753
866 5317
957 9252
738 7604
10 5591
932 7526
209 8760
182 9325
552 8431
725 9802
928 8249
658 8817
914 6774
936 6473
146 5124
695 8463
245 5423
441 5664
862 9395
505 5185
240 7284
797 6244
892 9293
703 6399
350 7522
425 7042
233 5883
848 6524
302 5855
350 9301
856 5439
683 6810
370 5917
81 7958
610 5494
308 9905
145 6178
983 7537
338 6034
166 8186
456 7738
561 5529
75 8602
755 5905
517 6304
477 9079
251 8550
548 9715
808 8070
577 8673
812 5351
836 5465
989 8694
600 6226
951 7780
470 8090
112 9323
779 8212
284 6395
739 5444
636 8120
576 7620
292 7111
601 5663
478 5943
780 5646
113 7482
600 9421
276 9225
678 6057
111 9551
222 6372
602 7770
192 9035
817 6736
85 6463
408 9189
383 8519
781 9128
828 9893
291 5655
507 9777
447 6008
364 8584
709 8328
893 7146
211 7496
910 9588
376 5059
444 5145
949 6262
679 6041
421 7988
248 7304
924 6041
731 5175
84 8497
725 7100
313 6732
772 6755
459 5973
114 7599
494 9698
291 9284
177 6776
327 7313
995 6455
575 5950
770 6780
132 5226
765 9031
57 9843
272 6446
796 8623
140 9433
793 8644
268 5754
540 9536
951 8038
334 8136
280 5812
101 7420
959 6904
630 8074
746 7784
21 5197
991 9456
116 5613
51 7764
612 9830
452 8160
832 9195
877 5673
30 6129
490 5943
750 9599
177 7411
595 9559
458 8024
511 9640
754 7014
692 5226
770 8323
50 6026
159 8563
981 9419
397 6038
57 8690
526 9194
132 9652
742 9124
544 7418
440 8738
411 8398
503 6014
407 7891
416 5539
869 5062
79 6098
739 8890
318 7797
927 9665
372 6603
741 7297
86 7782
573 6957
743 8881
948 9978
455 5194
584 5994
346 6220
763 7616
481 5675
339 6312
77 8559
111 9598
211 5449
849 6996
116 8796
7 7636
685 7393
795 8277
296 6831
553 6793
259 9002
278 9876
596 6526
619 7975
784 5742
25 6698
279 6177
588 8923
545 7051
907 7863
235 6458
261 5006
124 8205
944 8958
389 6421
221 6144
466 6611
303 9560
227 5756
54 9952
614 7051
630 5585
216 5549
22 7605
885 5413
884 9400
427 7906
442 6156
809 7035
37 5255
35 5245
783 9704
273 5528
849 5272
726 5613
94 7250
618 7596
481 6257
175 7602
771 5108
730 8756
452 6176
190 6526
840 5976
943 8570
942 5860
222 7032
366 8442
106 8345
296 5070
133 5782
560 7529
559 7444
587 9991
60 9492
713 7842
393 6451
396 5190
752 8748
117 6884
945 7561
32 5923
677 8891
920 5517
311 8954
602 8917
173 7609
1 7410
849 8818
667 5017
579 7350
972 9465
216 6643
530 8808
663 7245
196 5195
201 5145
372 7808
266 6831
110 7582
40 8880
267 5881
645 5200
587 8420
928 9912
366 9662
862 6064
921 5831
605 7250
244 7030
402 5598
65 7203
892 7799
273 6918
296 7342
431 9353
168 8728
894 6923
421 9396
282 6621
111 9699
704 7077
242 6177
194 9786
502 7620
654 5843
547 6410
450 5146
535 7381
265 6979
242 9655
856 7045
122 7417
564 7520
749 9914
416 5268
712 5668
966 6628
22 6924
839 5295
112 7406
905 6857
799 7965
740 6306
548 7041
753 5745
580 6054
820 5002
718 8836
10 6091
227 7578
954 5579
503 5921
763 9441
830 8475
125 8128
710 8110
55 7672
262 6993
796 7982
502 5830
383 6534
173 5317
130 8984
844 6524
354 6749
163 6955
713 8957
977 5034
286 6263
579 7661
403 5932
227 5745
731 6844
90 8193
777 7847
991 8179
765 8610
890 8960
344 9645
444 7191
62 8382
