500 816400
585 485
194 94
426 326
606 506
348 248
516 416
521 421
1092 992
422 322
749 649
895 795
337 237
143 43
557 457
945 845
915 815
1055 955
546 446
352 252
522 422
109 9
891 791
1001 901
459 359
222 122
767 667
194 94
698 598
838 738
107 7
674 574
644 544
815 715
434 334
982 882
866 766
467 367
1094 994
1084 984
993 893
399 299
733 633
533 433
231 131
782 682
528 428
172 72
800 700
974 874
717 617
238 138
974 874
956 856
820 720
245 145
519 419
1095 995
894 794
629 529
296 196
299 199
1097 997
377 277
216 116
197 97
1008 908
819 719
639 539
342 242
807 707
207 107
669 569
222 122
637 537
170 70
1031 931
198 98
826 726
700 600
587 487
745 645
872 772
367 267
613 513
1072 972
181 81
995 895
1043 943
313 213
158 58
848 748
403 303
587 487
864 764
1023 923
636 536
129 29
824 724
774 674
889 789
640 540
579 479
654 554
242 142
567 467
439 339
146 46
741 641
810 710
296 196
653 553
594 494
291 191
166 66
824 724
924 824
830 730
308 208
1088 988
811 711
190 90
900 800
440 340
414 314
649 549
389 289
296 196
501 401
965 865
566 466
778 678
789 689
670 570
933 833
1036 936
325 225
822 722
344 244
751 651
949 849
223 123
213 113
531 431
479 379
608 508
461 361
685 585
165 65
953 853
586 486
742 642
786 686
1092 992
386 286
825 725
989 889
386 286
124 24
912 812
591 491
959 859
991 891
763 663
190 90
188 88
281 181
279 179
314 214
287 187
117 17
719 619
572 472
361 261
518 418
946 846
519 419
292 192
456 356
361 261
782 682
614 514
406 306
986 886
301 201
630 530
485 385
949 849
1052 952
394 294
600 500
899 799
294 194
491 391
837 737
430 330
424 324
398 298
1092 992
890 790
324 224
375 275
360 260
926 826
197 97
172 72
310 210
966 866
749 649
1051 951
1019 919
848 748
163 63
785 685
1058 958
1056 956
904 804
664 564
618 518
283 183
528 428
500 400
637 537
821 721
446 346
307 207
253 153
423 323
1071 971
711 611
762 662
216 116
297 197
209 109
191 91
895 795
629 529
443 343
226 126
962 862
847 747
785 685
569 469
110 10
870 770
981 881
1034 934
1084 984
823 723
503 403
995 895
460 360
668 568
549 449
272 172
641 541
1058 958
372 272
483 383
977 877
408 308
459 359
1070 970
807 707
683 583
408 308
148 48
870 770
1030 930
130 30
669 569
308 208
103 3
411 311
120 20
200 100
709 609
1039 939
987 887
522 422
925 825
885 785
1030 930
470 370
1004 904
1089 989
341 241
1069 969
479 379
243 143
476 376
1072 972
1062 962
128 28
989 889
161 61
543 443
738 638
316 216
448 348
438 338
447 347
260 160
166 66
506 406
491 391
259 159
738 638
131 31
395 295
304 204
926 826
520 420
296 196
253 153
549 449
525 425
955 855
431 331
243 143
665 565
587 487
938 838
240 140
109 9
664 564
1018 918
715 615
633 533
235 135
332 232
664 564
1057 957
460 360
691 591
893 793
676 576
263 163
846 746
959 859
477 377
860 760
958 858
811 711
186 86
762 662
534 434
259 159
658 558
760 660
379 279
368 268
940 840
1048 948
835 735
415 315
674 574
776 676
226 126
441 341
1012 912
789 689
839 739
994 894
921 821
806 706
725 625
590 490
1017 917
578 478
301 201
771 671
1093 993
1032 932
249 149
999 899
152 52
337 237
859 759
287 187
367 267
572 472
356 256
872 772
883 783
198 98
217 117
1006 906
616 516
1011 911
280 180
735 635
125 25
325 225
480 380
923 823
812 712
264 164
366 266
443 343
316 216
832 732
548 448
602 502
641 541
840 740
764 664
676 576
1054 954
712 612
826 726
1002 902
872 772
554 454
631 531
511 411
1043 943
1073 973
850 750
803 703
427 327
950 850
1017 917
177 77
105 5
320 220
213 113
902 802
1013 913
503 403
891 791
281 181
1098 998
110 10
959 859
625 525
445 345
1019 919
531 431
768 668
775 675
627 527
933 833
562 462
538 438
391 291
623 523
705 605
1016 916
557 457
520 420
505 405
215 115
517 417
760 660
379 279
361 261
785 685
872 772
696 596
488 388
407 307
864 764
324 224
943 843
422 322
306 206
940 840
507 407
1075 975
739 639
501 401
952 852
191 91
642 542
427 327
160 60
430 330
857 757
282 182
182 82
703 603
737 637
893 793
193 93
715 615
714 614
833 733
236 136
964 864
287 187
116 16
202 102
963 863
1072 972
1087 987
263 163
406 306
601 501
134 34
577 477
783 8982
1026 7425
814 9653
103 6387
836 8066
837 5160
589 5177
878 8922
219 7521
861 7974
388 9180
631 7398
195 8026
1087 8175
1068 7957
755 6065
1080 8329
945 6329
178 7220
799 8317
1048 9167
429 8085
834 7930
798 8896
244 5981
912 9937
1005 5973
797 9112
662 6229
130 6466
103 6459
989 5969
140 8359
289 7540
784 8516
814 5764
706 6250
677 7433
440 6907
830 8251
670 9254
402 8716
423 6303
766 6477
420 9591
554 6938
1070 6042
130 7018
158 9949
1075 7783
438 5282
245 6318
984 5941
543 8994
262 7393
415 8067
706 7082
167 8385
1019 5422
912 8735
606 6319
1087 5849
984 9090
746 5354
701 5840
283 5213
143 8110
450 6150
577 6099
1013 9719
280 8669
615 5630
209 8650
1061 8056
450 9413
1093 7978
464 9117
432 7911
902 5210
804 6996
784 7290
370 6873
164 7124
108 7315
612 5612
550 7051
994 9782
784 7210
979 7639
546 9845
1095 6353
770 7199
399 9190
845 6294
707 8375
281 9443
537 7615
965 7867
414 6859
773 8611
382 5544
846 7872
1040 6878
790 9495
1081 8649
807 6853
504 8574
899 5385
538 9023
546 7774
626 9963
678 6020
177 7407
956 9355
905 8215
553 5676
620 9237
786 5194
114 6947
551 5471
597 9709
766 5956
149 8387
1043 6206
847 5979
584 7963
522 9872
878 9244
271 8360
588 5346
455 6040
757 8992
652 5317
328 5954
529 6867
290 9031
841 8151
418 8358
1058 7807
674 9220
1015 7086
651 9167
403 9534
289 7171
1084 6145
202 5982
443 7318
485 5749
586 6064
816 6796
314 6930
457 9057
286 5695
196 8142
989 9759
1027 9500
723 6642
933 8893
278 5190
390 6528
285 9544
531 5038
1035 5675
843 7133
787 7970
709 7639
531 9544
1080 8329
873 9094
789 6751
351 7706
201 8476
629 7792
901 8381
504 7644
883 9180
725 5686
544 8443
924 9654
336 9971
187 6868
623 6386
336 7629
753 6783
369 5575
413 6889
586 5202
209 7149
694 6330
838 6841
408 7491
862 7353
450 7671
569 9110
908 5164
210 5835
612 6060
783 9655
211 5137
981 8970
214 9136
949 6028
219 7663
694 8055
247 9788
468 7218
197 6116
598 9598
994 8769
945 7541
601 6585
106 9553
873 6566
611 8532
195 6487
346 8452
1059 7815
481 5213
948 9257
193 5237
731 7109
493 9406
730 7092
416 9425
451 5141
760 9569
942 5072
331 6442
973 7292
646 5526
763 7876
197 8451
962 5787
345 9804
224 5941
919 6646
1062 7442
824 8300
240 6618
891 6729
497 9661
126 9989
850 5091
912 8195
694 5658
1080 8267
481 9197
930 7527
705 5039
913 9059
1081 8323
119 5913
440 6042
368 7449
165 5877
522 5706
905 9833
243 5643
240 6432
1038 8872
604 5789
850 5445
974 9846
563 8536
188 8352
325 7035
224 5652
1081 9912
293 7037
211 5672
411 6122
401 8287
737 6440
555 9021
800 7511
118 8770
166 7742
466 8745
582 9784
1058 9199
393 8541
746 7600
285 8926
1045 8533
226 6974
804 6311
553 6118
591 7166
545 8611
177 6953
961 6379
968 7413
953 9298
754 7477
409 7597
238 5059
307 6337
749 7216
889 9445
266 8813
491 6163
1032 5125
665 6107
765 9359
490 6837
911 9546
1082 7907
287 7720
354 8010
444 8130
695 7288
376 8442
920 6349
980 7651
969 5994
717 9940
787 6601
1026 5421
559 7042
513 6286
163 5825
620 6683
591 7668
638 9901
340 8012
230 8425
921 9973
663 6655
421 5746
180 8444
468 8202
536 8868
331 5418
365 9875
454 9805
283 9775
199 8717
739 5717
386 8510
344 7929
125 6222
969 7326
130 7873
917 8050
113 8274
980 9459
332 7944
716 7346
125 8680
957 8873
804 5576
740 9193
981 8479
311 7496
715 6419
702 9713
750 5084
195 9031
237 7728
1067 5671
479 9859
371 9655
671 7808
470 8238
277 5061
852 9040
285 7101
772 9615
644 5486
610 6089
903 8047
178 5335
726 8888
952 5610
163 8809
272 9990
202 7059
441 5724
521 9358
234 5101
358 9056
119 9617
272 9091
646 6111
492 9200
1065 7096
935 5147
779 8568
712 7378
402 9706
1085 7234
829 7538
506 5981
786 6211
728 8157
826 6625
571 8401
287 5949
426 5014
700 9476
618 5077
830 9222
1094 6173
600 5571
109 5606
701 6072
203 8939
238 7322
876 7945
975 8277
234 8443
794 9697
188 7252
475 7246
773 5949
124 8452
343 8567
959 8280
905 9001
973 7992
882 5058
218 9138
133 5318
113 6758
943 6421
796 5478
580 7983
363 5751
438 8566
725 5794
926 8694
706 5919
702 6644
917 9569
559 7610
491 9928
768 7088
309 9847
282 5427
584 5656
936 6054
327 8134
987 8614
1013 7817
703 7844
770 7730
213 8969
996 5693
714 9007
843 8914
723 6973
859 8497
645 5009
685 5653
215 9815
1036 8593
578 7339
654 6335
1014 9269
684 6227
1072 5187
446 7510
664 8492
475 6552
678 8353
673 6369
512 9954
1089 7536
690 6371
838 9228
509 9182
558 6102
812 7821
129 6104
463 7504
775 9474
509 9462
919 5280
389 8796
406 5321
128 5133
936 7577
1068 6324
1042 8468
763 9119
1043 6692
380 5418
1005 8445
141 7475
1010 7907
814 8911
1035 8525
1085 7123
1027 5400
798 8721
745 8051
958 6466
338 8809
507 7673
601 7648
