1000 537600
482 485
257 326
286 248
517 421
404 322
713 795
45 43
924 845
873 955
160 252
1 9
838 901
40 122
58 94
676 738
627 574
766 715
862 882
405 367
923 984
379 299
461 433
612 682
133 72
813 874
97 138
908 856
165 145
996 995
623 529
220 199
298 277
157 97
723 719
144 242
48 107
129 122
148 70
35 98
644 600
632 645
272 267
1040 972
977 895
312 213
778 748
567 487
965 923
1 29
616 674
569 540
628 554
493 467
76 46
733 710
575 553
288 191
775 724
723 730
912 988
64 90
354 340
565 549
210 196
922 865
775 678
566 570
934 936
626 722
742 651
194 123
485 431
483 508
617 585
876 853
653 642
896 992
652 725
220 286
727 812
900 859
563 663
56 88
157 179
280 187
537 619
284 261
920 846
124 192
239 261
459 514
931 886
504 530
910 849
382 294
795 799
485 391
351 330
289 298
865 790
250 275
738 826
75 72
788 866
947 951
651 748
595 685
993 956
663 564
265 183
338 400
637 721
206 207
328 323
618 611
64 116
139 109
806 795
412 343
912 862
715 685
1 10
929 881
1025 984
410 403
273 360
507 449
450 541
174 272
882 877
427 359
787 707
355 308
734 770
1 30
248 208
397 311
159 100
874 939
449 422
857 785
286 370
976 989
908 969
103 143
1071 972
1 28
117 61
697 638
424 348
439 347
74 66
442 391
568 638
195 295
854 826
281 196
433 449
845 855
224 143
487 487
181 140
496 564
690 615
124 135
575 564
374 360
766 793
149 163
776 859
793 760
674 711
696 662
90 159
732 660
214 268
935 948
228 315
619 676
349 341
734 689
964 894
644 706
484 490
491 478
628 671
1009 932
944 899
315 237
92 187
554 472
757 772
88 98
952 906
818 911
628 635
316 225
818 823
255 164
432 343
763 732
490 502
721 740
587 576
530 612
992 902
491 454
343 411
880 973
645 703
761 850
152 77
241 220
727 802
352 403
246 181
1 10
479 525
958 919
749 668
551 527
538 462
319 291
580 605
501 457
487 405
349 417
252 279
731 685
637 596
339 307
257 224
271 322
740 840
1002 975
404 401
190 91
254 327
277 330
100 182
648 603
810 793
535 615
702 733
855 864
76 16
773 863
917 987
279 306
123 34
922 840
613 700
658 706
705 787
101 105
807 834
883 798
358 310
634 609
786 690
618 561
644 579
141 60
466 388
340 309
495 407
283 200
352 313
886 970
95 33
291 273
217 277
1007 997
1 40
219 227
764 860
1025 940
600 608
895 990
690 590
738 806
1 52
772 801
727 764
774 710
340 386
503 593
1 50
432 494
228 156
993 936
1058 965
130 86
821 723
189 184
943 868
343 340
404 412
560 487
196 209
418 346
782 860
314 307
59 95
778 821
979 941
828 821
584 587
122 201
741 665
566 527
760 812
385 424
395 459
250 343
789 836
492 506
261 179
914 916
380 430
537 596
731 808
361 269
473 512
737 811
708 685
635 567
804 776
827 855
695 718
756 853
57 97
178 146
688 746
1 15
871 965
415 512
510 480
1057 958
764 665
193 191
905 964
583 515
696 606
887 822
444 536
741 693
12 19
313 335
81 101
828 922
354 294
981 910
499 410
283 250
545 546
635 729
540 609
689 720
946 976
730 759
703 798
14 74
644 648
241 299
793 785
912 846
461 390
801 897
424 416
744 837
272 247
338 293
193 144
987 938
432 467
505 480
944 955
653 665
38 26
468 564
461 449
1 26
576 521
329 301
274 321
701 613
432 388
851 879
915 990
137 188
927 963
903 820
373 300
770 822
160 255
285 277
231 153
366 400
317 227
423 518
420 447
216 315
772 813
271 324
566 502
243 299
725 780
390 376
491 516
225 212
392 329
781 810
434 486
535 485
368 416
938 952
946 894
353 358
1 21
707 647
143 44
630 683
364 361
822 814
147 231
54 8
91 165
431 496
606 699
917 852
553 459
473 535
222 314
954 944
369 306
413 459
717 637
491 447
447 408
44 107
994 962
518 565
448 407
931 857
369 317
181 98
815 818
655 600
267 288
960 902
611 567
271 190
771 749
993 908
359 276
810 748
563 592
360 393
264 363
199 163
1074 983
131 179
41 16
423 478
197 259
779 868
344 295
536 596
140 71
669 622
938 864
715 644
67 5
321 365
434 429
19 64
928 854
759 770
178 88
160 157
277 368
467 421
653 719
330 271
966 975
817 816
1045 962
508 535
492 438
743 696
884 881
259 318
56 45
1 52
421 496
270 313
99 138
429 334
1004 988
512 508
702 770
657 751
862 780
516 441
246 207
592 516
641 674
390 408
831 920
522 573
611 634
825 878
929 990
734 826
718 696
883 800
355 411
426 422
668 707
235 334
1080 986
397 494
137 150
648 562
342 380
799 832
1067 979
313 376
452 511
441 414
214 160
1059 982
260 238
579 490
897 899
316 251
526 526
909 897
139 39
634 657
384 452
577 538
840 831
509 460
262 185
934 934
513 440
556 490
97 168
107 71
937 977
370 458
193 204
802 803
134 139
390 399
439 420
1034 991
636 578
1008 972
191 177
429 398
445 348
483 496
347 276
769 825
540 614
212 121
789 730
317 341
381 284
714 698
24 17
570 546
771 672
1052 974
776 866
290 377
470 559
367 340
626 527
879 779
688 761
553 483
112 92
440 390
510 583
741 661
473 391
289 336
574 661
85 125
36 89
362 275
310 359
129 178
763 780
31 42
69 5
470 380
739 772
726 816
57 9
476 484
498 545
669 589
112 157
934 901
854 777
112 74
246 247
1 55
481 479
883 785
1051 958
763 680
417 393
900 944
573 596
601 619
588 611
900 852
327 283
199 299
847 766
240 312
862 826
635 726
680 733
806 805
767 679
495 403
870 964
259 337
476 541
512 478
467 369
1001 946
798 821
819 833
835 837
502 490
119 37
652 594
82 129
242 258
215 246
291 362
687 755
550 504
1 71
249 177
203 176
865 803
189 237
758 677
90 33
188 115
621 597
807 769
481 536
1031 956
349 341
222 184
260 234
551 569
245 216
631 537
183 84
873 810
656 657
5 33
137 159
579 520
656 668
373 287
232 229
352 374
428 474
598 672
943 915
582 511
120 123
573 569
218 199
347 396
628 715
1 59
642 610
959 917
983 927
186 270
60 117
513 516
143 215
234 216
290 237
597 615
452 499
521 477
837 760
267 285
20 56
1027 966
690 622
235 221
199 194
186 91
374 347
244 252
424 473
438 516
385 385
337 357
945 958
686 665
698 792
16 64
464 420
655 671
911 968
839 877
144 177
535 523
65 139
230 152
806 732
312 246
578 565
699 740
817 902
105 17
886 973
360 298
658 611
53 32
1 11
319 337
36 136
879 889
595 522
721 805
80 28
981 931
838 757
654 609
480 544
973 905
647 595
243 246
152 113
183 175
140 156
263 244
856 883
338 265
792 883
403 462
560 485
238 272
214 204
1011 984
453 409
330 398
819 909
469 370
882 882
279 214
811 766
82 35
341 421
271 271
397 370
876 848
128 50
1016 976
243 270
843 796
949 963
451 379
1091 991
594 551
867 897
353 307
471 421
100 74
401 388
591 559
884 980
607 615
651 681
209 231
133 207
741 818
372 331
950 979
403 445
419 348
780 724
345 401
618 646
766 668
335 242
288 302
795 861
777 830
117 77
541 441
499 589
1025 990
217 189
799 868
944 996
329 363
232 237
367 420
552 565
220 214
353 333
811 726
176 175
35 58
548 625
1 66
142 169
400 475
298 204
27 90
421 496
40 1
462 474
359 449
299 252
395 332
382 287
206 189
980 889
1 63
285 378
109 206
813 897
219 230
361 382
601 575
155 60
442 529
405 477
253 290
57 89
894 961
548 461
763 702
542 532
704 680
44 53
545 642
1018 1000
803 891
730 822
59 152
423 324
590 633
266 267
325 381
307 272
422 506
403 419
524 461
613 526
1033 978
403 468
820 729
777 795
631 581
298 383
302 226
505 421
461 386
351 273
556 484
638 676
152 107
236 229
831 902
882 962
38 105
100 84
1006 991
661 701
596 689
748 655
528 600
587 538
492 499
783 881
1017 981
546 473
368 383
618 679
662 573
563 589
553 480
161 145
612 624
926 923
972 915
249 232
948 974
662 735
735 678
682 640
722 644
146 212
75 123
276 253
890 943
1 18
1007 916
302 327
607 640
646 615
488 470
565 655
239 288
448 401
906 840
564 633
647 707
339 424
757 682
213 194
829 855
229 190
703 728
257 178
255 275
123 88
321 367
517 544
768 738
1040 963
439 460
282 266
739 727
128 33
471 442
714 628
467 384
298 244
411 482
760 765
435 446
245 247
865 913
658 560
457 528
694 594
882 935
415 462
555 621
705 660
525 564
276 302
871 936
582 592
639 724
181 118
200 299
201 251
35 129
5 96
85 167
239 169
359 381
948 976
771 767
804 837
457 407
284 203
485 387
803 735
629 706
358 335
13 40
808 821
68 131
96 159
956 978
101 53
767 849
577 478
1 19
278 230
388 453
318 336
847 931
592 588
494 449
615 566
794 9807
959 6194
80 7656
325 9856
328 5511
324 8259
874 5107
421 7335
697 6181
356 8079
1006 5921
350 7507
821 6976
256 7547
178 7465
116 9613
309 6298
744 7218
771 7425
979 9703
955 6342
1085 6338
219 6658
50 6724
31 8879
561 8060
583 8283
790 5967
441 7590
631 7847
500 9165
136 8309
771 8581
819 9361
416 5769
639 9960
1071 6936
108 6897
491 5455
891 7840
527 7636
1073 6260
62 7752
344 8980
1029 5976
1078 6315
23 6822
307 7305
869 6806
1011 9202
572 9903
115 7718
17 7628
572 7374
415 9211
631 5176
747 9446
909 7394
449 9751
532 6918
771 6375
26 8104
790 7297
517 6772
315 7645
815 9341
475 7872
711 6748
348 9718
327 8270
196 5407
32 7574
643 8942
253 8037
746 7316
1088 8117
216 8915
273 5222
1034 6303
771 7585
580 8427
571 6572
435 7558
1038 5482
230 9118
787 6379
274 8199
562 9567
207 6684
910 9914
646 5943
387 9322
131 6693
281 6627
697 8492
851 8958
768 7997
1032 7320
454 5212
789 6864
532 9777
486 6257
114 7777
509 8769
932 8054
332 9318
102 6543
674 6185
78 8623
747 6807
661 7041
331 5813
506 9622
54 8604
1003 9860
509 9931
1066 8481
455 5550
117 9540
2 8366
101 9857
30 8594
894 8049
528 6102
682 9702
1083 8888
162 7185
683 6560
283 5289
997 7315
496 6707
619 6334
888 5012
1030 6629
81 5645
1049 6228
247 7699
440 5722
546 7045
276 6935
288 6329
715 8430
907 7622
556 5078
838 8354
260 7665
409 9120
266 6486
219 9354
816 8653
33 8595
930 5282
342 5894
621 8344
1088 6717
628 8105
199 6485
40 6558
23 8041
179 9501
151 6375
773 8676
835 7382
664 6199
965 8864
1011 9766
559 6243
846 5950
1001 8545
601 8374
830 7035
26 6925
252 8073
660 7751
18 5493
433 9583
221 7997
50 8855
634 6086
948 6135
739 5597
550 8317
393 6172
116 7445
262 9567
418 5308
660 5551
663 6037
603 8683
313 6588
240 5050
285 9104
565 5293
426 8479
921 5285
315 9863
344 5114
366 8875
556 5497
474 7121
948 8600
256 8590
702 9783
457 8305
233 9192
998 6326
856 7067
736 6751
592 5703
394 6365
230 9549
830 7360
1023 5859
315 9718
380 5428
764 6756
53 5376
943 7242
322 5123
388 6295
910 8169
32 9643
536 7203
644 7822
645 5522
796 6996
647 6127
180 6205
516 5133
115 6050
351 9599
1069 5704
569 8010
406 7616
481 7438
632 9028
663 6772
61 9783
672 5076
476 7853
25 9255
114 9411
659 6533
122 8017
96 7642
732 8378
1037 7722
39 9809
694 9139
1038 6281
898 8299
950 9993
538 9848
536 7447
663 8264
609 9859
1077 7934
96 7320
944 5562
634 8542
169 9721
988 8659
179 8254
580 9342
886 8480
291 5403
1027 9858
322 7233
813 8859
194 8972
1026 7141
273 6408
428 8361
811 6989
77 5332
488 7483
780 6453
285 9794
156 9714
274 8251
671 9706
633 5865
619 9626
1081 9258
1010 9018
196 9176
931 6581
101 9717
207 5748
612 9652
195 8793
327 6111
349 8659
601 7345
1085 5323
962 5926
53 8439
634 7465
970 8451
77 5873
217 8659
324 5259
667 9164
917 8766
38 5132
884 9897
540 5707
711 5322
476 9219
700 8808
74 8764
676 8411
791 6846
40 9627
990 8861
835 5577
28 8402
417 5999
60 5935
309 8502
850 9698
540 7841
874 6522
756 8576
706 6967
931 9523
524 8066
1036 6689
15 6654
6 6486
1067 7050
374 5417
666 6956
503 9029
178 7555
594 7350
881 7940
681 9077
918 6043
743 6553
675 9277
369 9859
263 6895
430 8962
104 8824
506 7398
608 5986
863 9027
372 8059
166 5573
936 9399
817 9310
578 5400
837 5994
407 6591
433 8120
188 6286
799 7411
806 7079
594 7144
898 5118
791 5787
585 8805
519 9970
408 8893
273 7751
761 9908
506 7271
754 6841
999 7282
405 9990
1054 5402
556 9728
486 7324
502 9920
824 6670
393 7958
802 7194
423 5965
68 9437
1077 8089
444 8360
733 5578
462 7749
631 9855
390 8812
682 9897
75 8439
232 7218
598 7563
11 5593
665 6197
1070 5757
219 6384
564 9791
702 8951
526 7239
633 8091
176 7869
809 6000
931 5153
240 7595
277 9051
628 5909
406 5790
556 8276
669 9497
200 8521
354 7546
1068 7574
130 9956
50 7891
453 5223
30 7509
959 8502
309 8519
110 8033
924 6571
809 9675
171 7064
1 9125
948 9989
816 7351
361 8215
482 8989
517 9592
656 8194
337 8250
852 5654
733 7641
163 5342
70 6923
1091 7862
781 7825
367 7407
979 7214
335 5228
986 9852
381 5981
297 7805
436 6873
514 6398
737 8382
339 5113
609 5833
127 5456
257 6392
654 6548
362 9924
57 8462
275 6708
304 7873
1066 8744
1031 7286
872 7997
503 7254
383 8517
833 6426
339 8802
17 5298
626 9718
131 7981
1045 7421
174 5191
491 9117
1090 7104
567 8964
735 5349
251 6089
267 5081
626 6356
785 9026
284 9545
504 9865
157 8656
53 8210
771 8283
88 7881
233 7965
883 9254
497 8117
196 6948
919 5266
209 5702
44 9183
886 9435
892 7170
581 6730
1030 5678
452 8633
170 5805
696 9945
188 6276
1000 8643
1014 7249
645 7332
1024 8552
721 9943
578 7159
485 9782
920 8891
256 6179
892 6118
376 9893
928 6413
762 8972
951 9572
952 6802
1082 6669
434 6250
363 9082
244 9854
541 9357
425 6029
178 5669
831 9686
887 5867
299 6846
856 6028
1030 9910
1072 7091
169 5578
751 8438
346 6296
897 8711
1053 5192
319 7656
654 8937
666 6608
56 9806
325 8380
231 5715
30 5352
817 7015
896 7790
573 5099
1046 6524
937 9467
834 5800
805 6332
375 8511
665 7751
244 6536
225 8437
651 6385
509 8456
244 6516
367 9794
175 9282
152 9121
225 7804
29 8667
242 7520
523 7130
86 9387
489 5157
60 8602
976 5767
848 8380
735 6585
1008 6573
899 8867
747 9097
291 5810
345 5201
256 5365
1014 7038
876 8231
879 8083
962 8735
987 6499
1071 6724
443 8032
447 6788
573 6931
691 7650
859 7549
484 5295
474 7246
219 8973
793 8894
403 8629
358 8656
857 7518
1045 9167
69 9661
904 9561
795 5497
65 9004
39 6694
859 5458
1024 8842
1046 9788
208 6550
114 9690
376 9825
709 5359
618 8548
508 6817
138 5377
1007 8669
513 5472
1007 8853
458 6146
540 5464
497 7742
613 9449
257 7824
857 7284
325 6223
194 7665
333 6852
1022 5399
734 7019
976 8463
873 9207
210 6833
611 5021
210 9937
277 7500
1050 8207
354 5258
515 7270
95 8546
1029 9164
637 8431
956 9832
506 5448
292 9305
386 8923
103 5527
378 7791
404 5312
677 5367
328 8385
964 8614
491 6964
564 5478
1019 8675
595 6228
248 9963
964 5772
61 6219
448 5859
429 5607
64 5548
193 9887
1067 5359
493 8102
593 9891
109 7012
779 8231
842 6249
114 7816
843 7569
907 6320
742 5112
883 9038
718 7715
555 6800
491 6615
278 7213
1090 6772
428 6049
970 9888
200 5689
1053 6840
960 8615
229 9562
1077 7537
102 6553
1026 6074
827 6199
669 7225
581 8276
368 9728
769 5121
203 5632
344 7765
850 5812
420 8291
695 9161
597 6653
912 8010
1008 6353
383 9391
509 8657
263 6881
387 5828
223 7138
35 7973
598 9279
613 6777
824 5466
1066 6445
562 9318
429 6081
619 5652
689 6421
350 7673
198 7875
610 6843
334 5551
438 8171
416 9544
587 6536
73 8479
326 9846
245 5559
631 6773
559 9587
481 7037
898 9031
472 5634
688 8787
457 5433
236 6556
61 5027
3 5783
582 6888
177 7109
685 9054
810 5709
563 7037
275 8694
240 5681
1038 7998
176 7170
863 8528
13 6489
119 5206
726 6479
879 6328
805 8761
576 9317
1014 8496
596 7246
416 9318
142 9968
1049 9090
554 5927
828 5781
931 5733
664 9981
205 7170
729 5217
443 8931
809 6518
75 7742
265 7919
284 5693
778 6552
96 5562
622 5319
219 5045
226 8540
8 5550
658 9117
22 7576
116 6361
1075 7876
606 7526
432 9241
765 9292
35 8597
158 5674
1066 8360
331 9013
891 5788
206 7893
834 6225
433 8710
205 8294
583 7112
271 5200
868 9934
245 7055
421 5090
948 7398
510 6093
77 7387
927 7398
726 8598
731 8353
713 6913
689 8999
412 8610
444 6036
901 6967
974 8148
752 5795
638 5906
131 5466
239 7569
1023 9613
375 6741
592 5595
132 6793
715 6523
286 7322
69 7589
142 6629
1007 6656
1056 6549
424 9983
155 7377
576 7358
363 7560
159 6366
953 8894
1076 7569
610 7432
373 8259
442 6119
195 5254
981 7412
432 6443
493 6381
38 8206
1005 6204
769 7117
480 6662
957 7068
539 6688
479 8801
288 7214
897 6443
463 7912
776 7552
685 9493
517 9764
233 8361
7 9420
102 7912
897 5477
169 6188
715 9560
157 7355
437 7097
362 6290
394 8976
454 9715
1064 9958
287 7006
770 5497
962 8526
466 8246
395 8221
508 5208
282 7858
839 5859
675 5501
27 9388
781 6807
513 9619
527 5153
320 9280
205 6308
131 8718
1032 5365
856 9495
928 5151
498 6906
250 8893
108 9109
784 8915
400 5338
1049 7580
282 8981
76 5766
675 6882
483 5923
941 9583
169 7571
812 9333
843 7442
202 5597
38 7843
712 9833
446 8497
1062 9089
980 7269
850 9775
445 6758
1035 9763
127 9774
932 5528
751 8222
907 6389
934 5385
959 6297
144 5364
850 7682
138 8537
812 8993
691 5515
324 8973
393 7005
380 9338
658 9290
806 5622
790 5268
686 8717
518 8397
323 9915
80 9490
828 5319
820 7686
805 7189
345 5991
891 9919
494 6035
667 9685
921 9638
921 7542
430 7912
897 6164
668 9696
126 7049
453 8136
274 5676
272 8935
879 9048
889 9256
344 7349
55 8798
563 7188
83 6488
586 7330
456 5876
457 7279
527 7887
346 7472
391 5412
616 7967
689 9895
1088 7539
653 5632
442 6365
305 9638
350 5087
970 9978
619 5478
34 5306
1068 8709
414 6184
577 9959
916 8436
526 5466
269 5261
415 8825
364 5156
572 9572
384 8329
449 8898
855 9428
798 5135
739 9443
84 8108
37 7753
231 7897
1059 6665
382 9732
364 6301
695 5749
962 8954
203 7629
407 5106
1025 7391
38 5606
378 5242
416 8322
37 7656
991 9339
140 6892
727 5218
939 9250
998 6782
266 8293
15 9187
157 9329
125 7032
121 8645
108 9495
698 8042
649 7700
94 6539
625 9462
343 9009
809 5046
670 6871
876 7593
414 5817
1041 7193
577 5329
341 6425
567 6448
675 5634
24 7225
843 5159
