5000 991900
585 485
194 94
426 326
606 506
348 248
516 416
521 421
1092 992
422 322
749 649
895 795
337 237
143 43
557 457
945 845
915 815
1055 955
546 446
352 252
522 422
109 9
891 791
1001 901
459 359
222 122
767 667
194 94
698 598
838 738
107 7
674 574
644 544
815 715
434 334
982 882
866 766
467 367
1094 994
1084 984
993 893
399 299
733 633
533 433
231 131
782 682
528 428
172 72
800 700
974 874
717 617
238 138
974 874
956 856
820 720
245 145
519 419
1095 995
894 794
629 529
296 196
299 199
1097 997
377 277
216 116
197 97
1008 908
819 719
639 539
342 242
807 707
207 107
669 569
222 122
637 537
170 70
1031 931
198 98
826 726
700 600
587 487
745 645
872 772
367 267
613 513
1072 972
181 81
995 895
1043 943
313 213
158 58
848 748
403 303
587 487
864 764
1023 923
636 536
129 29
824 724
774 674
889 789
640 540
579 479
654 554
242 142
567 467
439 339
146 46
741 641
810 710
296 196
653 553
594 494
291 191
166 66
824 724
924 824
830 730
308 208
1088 988
811 711
190 90
900 800
440 340
414 314
649 549
389 289
296 196
501 401
965 865
566 466
778 678
789 689
670 570
933 833
1036 936
325 225
822 722
344 244
751 651
949 849
223 123
213 113
531 431
479 379
608 508
461 361
685 585
165 65
953 853
586 486
742 642
786 686
1092 992
386 286
825 725
989 889
386 286
124 24
912 812
591 491
959 859
991 891
763 663
190 90
188 88
281 181
279 179
314 214
287 187
117 17
719 619
572 472
361 261
518 418
946 846
519 419
292 192
456 356
361 261
782 682
614 514
406 306
986 886
301 201
630 530
485 385
949 849
1052 952
394 294
600 500
899 799
294 194
491 391
837 737
430 330
424 324
398 298
1092 992
890 790
324 224
375 275
360 260
926 826
197 97
172 72
310 210
966 866
749 649
1051 951
1019 919
848 748
163 63
785 685
1058 958
1056 956
904 804
664 564
618 518
283 183
528 428
500 400
637 537
821 721
446 346
307 207
253 153
423 323
1071 971
711 611
762 662
216 116
297 197
209 109
191 91
895 795
629 529
443 343
226 126
962 862
847 747
785 685
569 469
110 10
870 770
981 881
1034 934
1084 984
823 723
503 403
995 895
460 360
668 568
549 449
272 172
641 541
1058 958
372 272
483 383
977 877
408 308
459 359
1070 970
807 707
683 583
408 308
148 48
870 770
1030 930
130 30
669 569
308 208
103 3
411 311
120 20
200 100
709 609
1039 939
987 887
522 422
925 825
885 785
1030 930
470 370
1004 904
1089 989
341 241
1069 969
479 379
243 143
476 376
1072 972
1062 962
128 28
989 889
161 61
543 443
738 638
316 216
448 348
438 338
447 347
260 160
166 66
506 406
491 391
259 159
738 638
131 31
395 295
304 204
926 826
520 420
296 196
253 153
549 449
525 425
955 855
431 331
243 143
665 565
587 487
938 838
240 140
109 9
664 564
1018 918
715 615
633 533
235 135
332 232
664 564
1057 957
460 360
691 591
893 793
676 576
263 163
846 746
959 859
477 377
860 760
958 858
811 711
186 86
762 662
534 434
259 159
658 558
760 660
379 279
368 268
940 840
1048 948
835 735
415 315
674 574
776 676
226 126
441 341
1012 912
789 689
839 739
994 894
921 821
806 706
725 625
590 490
1017 917
578 478
301 201
771 671
1093 993
1032 932
249 149
999 899
152 52
337 237
859 759
287 187
367 267
572 472
356 256
872 772
883 783
198 98
217 117
1006 906
616 516
1011 911
280 180
735 635
125 25
325 225
480 380
923 823
812 712
264 164
366 266
443 343
316 216
832 732
548 448
602 502
641 541
840 740
764 664
676 576
1054 954
712 612
826 726
1002 902
872 772
554 454
631 531
511 411
1043 943
1073 973
850 750
803 703
427 327
950 850
1017 917
177 77
105 5
320 220
213 113
902 802
1013 913
503 403
891 791
281 181
1098 998
110 10
959 859
625 525
445 345
1019 919
531 431
768 668
775 675
627 527
933 833
562 462
538 438
391 291
623 523
705 605
1016 916
557 457
520 420
505 405
215 115
517 417
760 660
379 279
361 261
785 685
872 772
696 596
488 388
407 307
864 764
324 224
943 843
422 322
306 206
940 840
507 407
1075 975
739 639
501 401
952 852
191 91
642 542
427 327
160 60
430 330
857 757
282 182
182 82
703 603
737 637
893 793
193 93
715 615
714 614
833 733
236 136
964 864
287 187
116 16
202 102
963 863
1072 972
1087 987
263 163
406 306
601 501
134 34
577 477
940 840
592 492
800 700
221 121
806 706
180 80
887 787
238 138
205 105
760 660
934 834
329 229
898 798
927 827
410 310
548 448
709 609
330 230
790 690
932 832
661 561
589 489
679 579
686 586
160 60
391 291
488 388
765 665
409 309
760 660
507 407
802 702
300 200
253 153
413 313
706 606
1070 970
223 123
133 33
353 253
373 273
809 709
377 277
932 832
1097 997
208 108
140 40
988 888
327 227
581 481
960 860
383 283
1040 940
958 858
708 608
384 284
1090 990
811 711
690 590
950 850
906 806
339 239
152 52
1043 943
901 801
295 195
864 764
195 95
810 710
510 410
486 386
764 664
693 593
1000 900
150 50
212 112
594 494
1063 963
256 156
854 754
1036 936
558 458
1065 965
119 19
186 86
325 225
823 723
669 569
284 184
197 97
968 868
294 194
440 340
854 754
512 412
702 602
587 487
161 61
309 209
795 695
446 346
447 347
960 860
819 719
407 307
200 100
195 95
197 97
921 821
943 843
1041 941
845 745
921 821
386 286
687 587
592 492
301 201
216 116
765 665
631 531
627 527
524 424
912 812
353 253
524 424
526 426
559 459
513 413
443 343
1080 980
936 836
391 291
606 506
933 833
279 179
586 486
1016 916
109 9
530 430
675 575
696 596
1022 922
908 808
245 145
369 269
997 897
612 512
504 404
911 811
842 742
785 685
828 728
667 567
369 269
876 776
203 103
955 855
845 745
818 718
135 35
953 853
879 779
197 97
171 71
246 146
180 80
846 746
942 842
115 15
228 128
1065 965
1041 941
612 512
327 227
580 480
130 30
1058 958
442 342
765 665
705 605
291 191
631 531
1064 964
464 364
615 515
459 359
706 606
967 867
922 822
920 820
636 536
413 313
793 693
307 207
119 19
1011 911
435 335
408 308
201 101
530 430
1022 922
785 685
394 294
741 641
1010 910
213 113
510 410
241 141
350 250
790 690
646 546
800 700
829 729
659 559
709 609
581 481
820 720
603 503
1076 976
866 766
859 759
107 7
898 798
982 882
174 74
959 859
748 648
282 182
399 299
525 425
885 785
642 542
946 846
783 683
490 390
953 853
997 897
1038 938
516 416
189 89
937 837
724 624
347 247
281 181
393 293
978 878
244 144
1033 933
1038 938
680 580
567 467
352 252
580 480
307 207
1055 955
758 658
765 665
120 20
126 26
1054 954
664 564
447 347
549 449
859 759
126 26
546 446
621 521
114 14
401 301
757 657
421 321
810 710
713 613
1080 980
488 388
288 188
979 879
736 636
1090 990
303 203
288 188
532 432
1063 963
229 129
920 820
730 630
400 300
609 509
922 822
337 237
355 255
473 373
377 277
938 838
253 153
495 395
500 400
792 692
327 227
203 103
618 518
318 218
547 447
484 384
415 315
1031 931
913 813
496 396
424 324
489 389
602 502
740 640
399 299
387 287
880 780
397 297
476 376
1077 977
616 516
612 512
312 212
319 219
429 329
655 555
910 810
498 398
586 486
389 289
585 485
898 798
516 416
698 598
1052 952
149 49
994 894
672 572
458 358
797 697
121 21
870 770
747 647
825 725
144 44
642 542
783 683
314 214
461 361
987 887
914 814
145 45
331 231
194 94
108 8
382 282
265 165
182 82
596 496
419 319
799 699
726 626
952 852
246 146
559 459
641 541
635 535
974 874
414 314
825 725
1044 944
877 777
406 306
654 554
559 459
308 208
737 637
887 787
547 447
1076 976
508 408
1012 912
207 107
544 444
1062 962
103 3
665 565
401 301
507 407
264 164
957 857
537 437
417 317
752 652
198 98
864 764
918 818
141 41
700 600
837 737
388 288
276 176
1002 902
236 136
667 567
228 128
290 190
494 394
849 749
335 235
1008 908
142 42
376 276
924 824
848 748
784 684
692 592
1079 979
493 393
668 568
463 363
467 367
263 163
152 52
1083 983
742 642
279 179
435 335
116 16
226 126
578 478
230 130
359 259
683 583
968 868
229 129
395 295
852 752
696 596
267 167
171 71
956 856
722 622
740 640
964 864
870 770
744 644
531 431
105 5
295 195
465 365
548 448
529 429
801 701
164 64
1052 952
954 854
980 880
870 770
268 168
188 88
179 79
257 157
1061 961
468 368
572 472
521 421
317 217
819 719
809 709
371 271
247 147
1075 975
396 296
916 816
1009 909
1062 962
864 764
635 535
351 251
538 438
978 878
796 696
853 753
981 881
670 570
418 318
353 253
145 45
766 666
152 52
1031 931
596 496
533 433
413 313
910 810
238 138
778 678
434 334
223 123
1088 988
312 212
608 508
166 66
870 770
306 206
851 751
850 750
880 780
164 64
541 441
566 466
307 207
437 337
616 516
610 510
774 674
896 796
508 408
275 175
1020 920
537 437
673 573
1038 938
734 634
948 848
978 878
661 561
1090 990
818 718
926 826
1048 948
796 696
749 649
900 800
669 569
511 411
763 663
522 422
682 582
807 707
943 843
434 334
302 202
1086 986
802 702
594 494
679 579
250 150
825 725
662 562
903 803
480 380
440 340
932 832
256 156
1079 979
932 832
476 376
702 602
611 511
334 234
514 414
788 688
260 160
284 184
1082 982
1078 978
338 238
513 413
590 490
733 633
999 899
685 585
351 251
706 606
626 526
1063 963
997 897
450 350
139 39
342 242
757 657
639 539
552 452
839 739
638 538
367 267
931 831
265 165
560 460
277 177
285 185
820 720
1034 934
902 802
540 440
744 644
590 490
182 82
268 168
898 798
171 71
297 197
1077 977
273 173
558 458
181 81
304 204
335 235
903 803
212 112
239 139
203 103
499 399
368 268
520 420
979 879
1091 991
743 643
678 578
206 106
1072 972
222 122
277 177
544 444
498 398
362 262
448 348
791 691
596 496
1097 997
376 276
546 446
925 825
271 171
714 614
649 549
221 121
381 281
830 730
311 211
441 341
212 112
384 284
508 408
798 698
830 730
117 17
463 363
646 546
189 89
772 672
705 605
1074 974
1038 938
966 866
268 168
477 377
805 705
659 559
147 47
440 340
500 400
627 527
315 215
879 779
214 114
861 761
151 51
583 483
981 881
192 92
649 549
490 390
779 679
683 583
428 328
761 661
350 250
491 391
303 203
436 336
581 481
761 661
852 752
225 125
807 707
189 89
182 82
375 275
163 63
459 359
760 660
278 178
121 21
880 780
387 287
142 42
319 219
105 5
600 500
480 380
920 820
872 772
195 95
916 816
144 44
109 9
848 748
584 484
778 678
645 545
376 276
689 589
578 478
257 157
763 663
1001 901
694 594
877 777
857 757
174 74
1047 947
347 247
548 448
155 55
670 570
579 479
413 313
885 785
1081 981
1058 958
895 795
780 680
652 552
493 393
489 389
1044 944
380 280
696 596
964 864
719 619
736 636
711 611
612 512
952 852
992 892
383 283
284 184
399 299
1047 947
866 766
714 614
412 312
725 625
926 826
249 149
826 726
477 377
833 733
574 474
905 805
118 18
779 679
762 662
503 403
516 416
1064 964
101 1
437 337
630 530
641 541
852 752
578 478
122 22
469 369
1081 981
1046 946
877 777
921 821
1057 957
933 833
375 275
937 837
684 584
590 490
682 582
137 37
221 121
694 594
1051 951
229 129
768 668
358 258
218 118
346 246
419 319
462 362
996 896
855 755
621 521
604 504
1048 948
171 71
348 248
277 177
574 474
276 176
451 351
903 803
154 54
337 237
255 155
777 677
760 660
133 33
971 871
215 115
586 486
697 597
394 294
869 769
525 425
636 536
345 245
1056 956
482 382
441 341
471 371
284 184
808 708
334 234
644 544
669 569
894 794
316 216
487 387
637 537
838 738
184 84
620 520
910 810
381 281
757 657
602 502
133 33
191 91
259 159
603 503
620 520
1024 924
768 668
116 16
387 287
133 33
329 229
444 344
474 374
449 349
574 474
706 606
772 672
996 896
1015 915
695 595
611 511
541 441
223 123
202 102
669 569
152 52
299 199
754 654
496 396
810 710
815 715
534 434
159 59
345 245
710 610
136 36
1017 917
761 661
1027 927
513 413
370 270
113 13
217 117
470 370
616 516
500 400
315 215
295 195
316 216
1084 984
337 237
576 476
715 615
264 164
599 499
505 405
577 477
774 674
860 760
296 196
385 285
708 608
156 56
1007 907
1066 966
632 532
722 622
151 51
321 221
816 716
294 194
427 327
191 91
980 880
447 347
810 710
352 252
367 267
573 473
500 400
616 516
476 376
485 385
709 609
457 357
420 320
1058 958
296 196
765 665
638 538
892 792
1035 935
164 64
504 404
520 420
200 100
771 671
226 126
1068 968
955 855
977 877
194 94
277 177
831 731
623 523
353 253
239 139
108 8
252 152
493 393
832 732
643 543
346 246
448 348
665 565
418 318
840 740
589 489
1002 902
122 22
117 17
1098 998
1073 973
149 49
398 298
481 381
711 611
110 10
132 32
529 429
111 11
321 221
437 337
250 150
236 136
817 717
989 889
630 530
622 522
432 332
905 805
1042 942
128 28
665 565
1031 931
316 216
857 757
161 61
709 609
270 170
644 544
972 872
1005 905
744 644
695 595
308 208
346 246
780 680
213 113
797 697
275 175
739 639
256 156
779 679
344 244
1061 961
983 883
461 361
365 265
902 802
983 883
459 359
562 462
939 839
585 485
818 718
372 272
380 280
304 204
352 252
1084 984
380 280
509 409
202 102
498 398
715 615
1009 909
396 296
470 370
581 481
982 882
1056 956
314 214
330 230
866 766
359 259
135 35
1022 922
521 421
806 706
371 271
372 272
470 370
256 156
948 848
652 552
150 50
585 485
1076 976
636 536
370 270
170 70
896 796
1002 902
1063 963
552 452
479 379
135 35
1091 991
1047 947
651 551
478 378
997 897
157 57
407 307
452 352
521 421
769 669
174 74
802 702
488 388
241 141
659 559
558 458
1080 980
563 463
715 615
856 756
781 681
987 887
331 231
432 332
307 207
628 528
918 818
756 656
431 331
354 254
1079 979
887 787
545 445
595 495
448 348
470 370
824 724
110 10
501 401
300 200
746 646
427 327
768 668
117 17
342 242
474 374
402 302
855 755
961 861
1080 980
930 830
476 376
177 77
108 8
541 441
132 32
689 589
560 460
1090 990
904 804
289 189
123 23
968 868
969 869
1096 996
1043 943
463 363
815 715
337 237
728 628
520 420
173 73
665 565
299 199
314 214
138 38
433 333
309 209
826 726
427 327
275 175
1012 912
158 58
899 799
725 625
472 372
166 66
1076 976
269 169
220 120
575 475
767 667
304 204
288 188
190 90
128 28
596 496
804 704
101 1
749 649
574 474
846 746
549 449
797 697
352 252
812 712
432 332
389 289
387 287
725 625
289 189
1053 953
989 889
562 462
163 63
402 302
478 378
179 79
306 206
141 41
997 897
923 823
330 230
1008 908
482 382
765 665
675 575
136 36
160 60
832 732
629 529
909 809
577 477
166 66
390 290
391 291
189 89
691 591
1061 961
683 583
561 461
352 252
802 702
579 479
632 532
630 530
780 680
324 224
153 53
888 788
742 642
409 309
1100 1000
466 366
991 891
452 352
922 822
502 402
252 152
645 545
424 324
213 113
733 633
1067 967
367 267
554 454
481 381
823 723
372 272
114 14
606 506
120 20
519 419
408 308
561 461
744 644
626 526
813 713
1078 978
582 482
568 468
436 336
829 729
389 289
895 795
596 496
681 581
426 326
483 383
630 530
326 226
267 167
521 421
622 522
486 386
930 830
373 273
191 91
584 484
216 116
776 676
847 747
207 107
495 395
329 229
1058 958
1002 902
856 756
1062 962
362 262
205 105
803 703
184 84
611 511
1091 991
581 481
801 701
549 449
789 689
988 888
755 655
699 599
700 600
406 306
638 538
592 492
599 499
903 803
981 881
545 445
1081 981
416 316
573 473
989 889
483 383
885 785
779 679
865 765
673 573
591 491
689 589
689 589
580 480
224 124
245 145
841 741
724 624
998 898
1023 923
825 725
1015 915
782 682
332 232
231 131
1074 974
498 398
835 735
1006 906
778 678
853 753
740 640
412 312
744 644
890 790
312 212
401 301
223 123
1045 945
353 253
547 447
1043 943
297 197
118 18
127 27
1016 916
673 573
427 327
689 589
740 640
1034 934
715 615
309 209
570 470
629 529
755 655
999 899
388 288
115 15
501 401
692 592
940 840
192 92
733 633
675 575
807 707
914 814
524 424
454 354
782 682
227 127
294 194
474 374
955 855
666 566
290 190
694 594
828 728
1073 973
278 178
745 645
375 275
703 603
188 88
812 712
467 367
132 32
644 544
398 298
838 738
661 561
1063 963
1006 906
560 460
726 626
366 266
243 143
827 727
604 504
133 33
936 836
542 442
461 361
728 628
531 431
484 384
654 554
344 244
124 24
582 482
516 416
865 765
835 735
546 446
343 243
347 247
554 454
1013 913
1032 932
660 560
594 494
628 528
748 648
694 594
457 357
1035 935
696 596
562 462
888 788
721 621
636 536
760 660
859 759
664 564
300 200
402 302
666 566
1036 936
841 741
692 592
317 217
824 724
319 219
218 118
932 832
399 299
919 819
351 251
587 487
229 129
573 473
196 96
341 241
267 167
164 64
269 169
616 516
481 381
957 857
1076 976
318 218
867 767
590 490
937 837
604 504
507 407
807 707
303 203
442 342
487 387
575 475
835 735
275 175
806 706
886 786
435 335
271 171
140 40
332 232
921 821
988 888
231 131
966 866
259 159
1076 976
1078 978
353 253
153 53
719 619
949 849
742 642
578 478
560 460
119 19
318 218
330 230
318 218
553 453
767 667
436 336
1049 949
1031 931
189 89
688 588
588 488
549 449
668 568
666 566
626 526
372 272
960 860
983 883
104 4
831 731
872 772
180 80
834 734
313 213
359 259
277 177
370 270
972 872
106 6
726 626
524 424
1040 940
304 204
250 150
413 313
479 379
259 159
933 833
305 205
617 517
125 25
824 724
1051 951
1073 973
821 721
681 581
735 635
939 839
393 293
372 272
812 712
512 412
510 410
939 839
565 465
592 492
466 366
653 553
174 74
818 718
123 23
838 738
516 416
939 839
864 764
490 390
149 49
688 588
917 817
623 523
607 507
730 630
252 152
870 770
356 256
846 746
662 562
149 49
595 495
469 369
514 414
637 537
178 78
215 115
1012 912
315 215
159 59
1071 971
359 259
702 602
358 258
651 551
941 841
140 40
237 137
594 494
690 590
352 252
483 383
258 158
969 869
172 72
1039 939
277 177
382 282
767 667
980 880
583 483
579 479
915 815
554 454
119 19
830 730
845 745
656 556
439 339
295 195
714 614
509 409
402 302
680 580
419 319
199 99
770 670
1013 913
613 513
898 798
666 566
418 318
127 27
890 790
422 322
444 344
745 645
180 80
310 210
568 468
941 841
1022 922
1025 925
279 179
621 521
447 347
1075 975
331 231
369 269
697 597
1029 929
707 607
578 478
1003 903
1070 970
410 310
784 684
323 223
331 231
110 10
773 673
945 845
448 348
1005 905
332 232
158 58
827 727
193 93
697 597
859 759
497 397
1012 912
639 539
1006 906
1007 907
143 43
992 892
176 76
799 699
652 552
508 408
770 670
461 361
771 671
889 789
453 353
629 529
937 837
290 190
112 12
980 880
989 889
336 236
1012 912
815 715
477 377
818 718
156 56
539 439
685 585
914 814
952 852
1002 902
815 715
758 658
521 421
510 410
430 330
512 412
151 51
190 90
940 840
778 678
797 697
1051 951
948 848
137 37
926 826
693 593
298 198
837 737
441 341
311 211
374 274
234 134
840 740
947 847
439 339
590 490
975 875
195 95
500 400
535 435
703 603
837 737
574 474
960 860
226 126
410 310
1073 973
648 548
1073 973
1084 984
681 581
760 660
888 788
186 86
729 629
735 635
899 799
1041 941
575 475
156 56
1059 959
472 372
180 80
750 650
1017 917
1064 964
191 91
835 735
883 783
782 682
873 773
251 151
812 712
383 283
755 655
873 773
1053 953
743 643
379 279
998 898
801 701
917 817
806 706
369 269
247 147
831 731
455 355
607 507
200 100
941 841
598 498
307 207
361 261
852 752
691 591
418 318
730 630
226 126
474 374
253 153
1060 960
201 101
1017 917
660 560
506 406
843 743
859 759
916 816
718 618
1080 980
1081 981
101 1
741 641
182 82
231 131
986 886
1020 920
477 377
634 534
565 465
553 453
853 753
497 397
942 842
151 51
647 547
401 301
680 580
297 197
854 754
1010 910
137 37
311 211
648 548
951 851
996 896
142 42
756 656
1019 919
637 537
130 30
178 78
774 674
640 540
1079 979
697 597
864 764
414 314
1037 937
945 845
756 656
461 361
690 590
1030 930
437 337
754 654
1097 997
941 841
743 643
910 810
752 652
198 98
732 632
914 814
927 827
998 898
759 659
337 237
156 56
336 236
197 97
497 397
404 304
568 468
871 771
260 160
780 680
268 168
444 344
289 189
661 561
223 123
732 632
883 783
766 666
1091 991
335 235
875 775
171 71
665 565
427 327
1006 906
924 824
704 604
101 1
333 233
1048 948
793 693
951 851
309 209
880 780
379 279
703 603
331 231
480 380
775 675
184 84
470 370
784 684
914 814
857 757
376 276
705 605
338 238
404 304
810 710
458 358
1031 931
394 294
979 879
842 742
592 492
137 37
181 81
104 4
447 347
807 707
517 417
231 131
682 582
760 660
901 801
189 89
295 195
555 455
503 403
403 303
347 247
780 680
456 356
1070 970
727 627
1034 934
958 858
1051 951
903 803
504 404
336 236
546 446
672 572
449 349
585 485
193 93
686 586
772 672
848 748
258 158
335 235
872 772
959 859
991 891
888 788
632 532
445 345
721 621
961 861
447 347
442 342
327 227
879 779
655 555
695 595
116 16
1063 963
403 303
360 260
1041 941
466 366
933 833
935 835
290 190
833 733
722 622
934 834
445 345
542 442
993 893
873 773
292 192
980 880
530 430
973 873
260 160
893 793
867 767
273 173
270 170
502 402
910 810
160 60
418 318
728 628
790 690
119 19
324 224
246 146
152 52
785 685
511 411
238 138
303 203
693 593
885 785
302 202
319 219
600 500
161 61
189 89
1019 919
533 433
291 191
163 63
811 711
614 514
394 294
965 865
1037 937
493 393
353 253
369 269
203 103
211 111
416 316
714 614
725 625
372 272
739 639
1073 973
741 641
709 609
239 139
336 236
145 45
596 496
416 316
124 24
318 218
971 871
393 293
327 227
847 747
520 420
979 879
950 850
733 633
227 127
110 10
270 170
456 356
324 224
765 665
822 722
636 536
289 189
923 823
697 597
703 603
386 286
492 392
122 22
358 258
1057 957
871 771
636 536
920 820
321 221
239 139
381 281
666 566
338 238
329 229
631 531
425 325
549 449
904 804
835 735
886 786
770 670
1083 983
746 646
947 847
372 272
488 388
705 605
732 632
494 394
353 253
608 508
505 405
637 537
237 137
1055 955
383 283
577 477
778 678
1069 969
759 659
792 692
806 706
1063 963
886 786
929 829
413 313
738 638
243 143
306 206
813 713
285 185
344 244
287 187
589 489
229 129
944 844
400 300
996 896
214 114
702 602
405 305
310 210
299 199
1030 930
1016 916
792 692
939 839
557 457
999 899
341 241
552 452
1050 950
285 185
329 229
661 561
312 212
948 848
322 222
291 191
132 32
930 830
847 747
960 860
969 869
973 873
345 245
749 649
675 575
691 591
918 818
1074 974
304 204
1074 974
684 584
552 452
922 822
497 397
298 198
450 350
1042 942
697 597
1042 942
113 13
999 899
492 392
475 375
443 343
427 327
856 756
579 479
487 387
166 66
1024 924
1050 950
288 188
564 464
168 68
386 286
652 552
673 573
266 166
394 294
535 435
237 137
114 14
657 557
897 797
523 423
354 254
527 427
400 300
195 95
531 431
815 715
467 367
503 403
297 197
553 453
333 233
835 735
249 149
101 1
162 62
245 145
138 38
882 782
169 69
948 848
525 425
556 456
910 810
590 490
978 878
779 679
603 503
561 461
408 308
944 844
898 798
170 70
537 437
699 599
898 798
988 888
136 36
495 395
683 583
833 733
512 412
895 795
295 195
468 368
978 878
194 94
488 388
214 114
538 438
146 46
632 532
895 795
103 3
683 583
368 268
421 321
517 417
814 714
377 277
432 332
329 229
357 257
545 445
1006 906
480 380
401 301
1074 974
377 277
348 248
751 651
533 433
318 218
1100 1000
209 109
974 874
658 558
1039 939
488 388
860 760
221 121
573 473
472 372
911 811
328 228
866 766
308 208
406 306
426 326
656 556
672 572
621 521
150 50
464 364
853 753
560 460
177 77
236 136
366 266
558 458
327 227
884 784
602 502
748 648
437 337
883 783
131 31
1060 960
729 629
237 137
315 215
691 591
453 353
975 875
374 274
540 440
443 343
363 263
858 758
140 40
938 838
935 835
578 478
1043 943
695 595
849 749
355 255
363 263
431 331
697 597
462 362
105 5
184 84
1099 999
116 16
261 161
559 459
135 35
320 220
991 891
116 16
559 459
965 865
1096 996
819 719
692 592
392 292
154 54
275 175
1085 985
561 461
501 401
401 301
398 298
859 759
559 459
815 715
177 77
307 207
711 611
229 129
259 159
781 681
567 467
361 261
837 737
993 893
995 895
499 399
149 49
477 377
482 382
289 189
385 285
460 360
488 388
114 14
1072 972
828 728
365 265
414 314
829 729
325 225
910 810
634 534
1073 973
1014 914
918 818
194 94
395 295
649 549
632 532
774 674
158 58
534 434
836 736
311 211
287 187
1086 986
996 896
963 863
1098 998
902 802
1097 997
379 279
576 476
131 31
359 259
910 810
575 475
1068 968
594 494
287 187
230 130
891 791
251 151
290 190
739 639
510 410
955 855
692 592
580 480
986 886
578 478
975 875
486 386
863 763
772 672
452 352
461 361
158 58
994 894
915 815
560 460
662 562
248 148
671 571
760 660
422 322
728 628
565 465
429 329
518 418
1075 975
298 198
101 1
654 554
607 507
756 656
850 750
208 108
209 109
553 453
1015 915
1009 909
800 700
676 576
175 75
746 646
996 896
214 114
329 229
413 313
185 85
792 692
244 144
859 759
636 536
743 643
1019 919
562 462
616 516
960 860
573 473
1004 904
125 25
1059 959
125 25
763 663
711 611
309 209
144 44
664 564
822 722
333 233
1080 980
578 478
663 563
816 716
772 672
716 616
1014 914
207 107
641 541
1079 979
982 882
566 466
242 142
1071 971
359 259
176 76
135 35
986 886
643 543
598 498
789 689
250 150
821 721
542 442
242 142
236 136
630 530
136 36
603 503
137 37
550 450
444 344
348 248
650 550
699 599
455 355
1019 919
1080 980
736 636
573 473
281 181
1057 957
973 873
424 324
254 154
959 859
527 427
670 570
704 604
394 294
413 313
360 260
463 363
774 674
694 594
439 339
913 813
359 259
929 829
482 382
149 49
760 660
891 791
530 430
654 554
860 760
599 499
782 682
326 226
764 664
445 345
458 358
532 432
214 114
858 758
242 142
164 64
119 19
943 843
853 753
737 637
263 163
1041 941
221 121
1065 965
194 94
548 448
498 398
957 857
687 587
1068 968
198 98
451 351
242 142
858 758
403 303
451 351
1068 968
1080 980
633 533
762 662
1082 982
457 357
668 568
1014 914
619 519
648 548
377 277
823 723
722 622
123 23
617 517
270 170
820 720
451 351
735 635
213 113
155 55
883 783
363 263
866 766
385 285
627 527
289 189
306 206
728 628
744 644
107 7
358 258
390 290
961 861
755 655
828 728
487 387
169 69
741 641
228 128
842 742
492 392
841 741
245 145
893 793
151 51
902 802
212 112
997 897
353 253
362 262
440 340
293 193
1032 932
982 882
917 817
231 131
1065 965
582 482
580 480
673 573
824 724
543 443
939 839
303 203
600 500
1065 965
846 746
175 75
911 811
907 807
473 373
905 805
705 605
613 513
352 252
572 472
272 172
897 797
494 394
790 690
277 177
395 295
198 98
884 784
477 377
632 532
586 486
255 155
955 855
210 110
390 290
984 884
230 130
273 173
455 355
178 78
942 842
814 714
333 233
733 633
201 101
577 477
786 686
219 119
836 736
818 718
1030 930
115 15
800 700
572 472
169 69
428 328
707 607
893 793
979 879
299 199
1016 916
1099 999
1060 960
277 177
508 408
625 525
779 679
1048 948
238 138
598 498
285 185
595 495
882 782
990 890
149 49
1006 906
553 453
434 334
730 630
485 385
529 429
499 399
953 853
438 338
645 545
620 520
751 651
929 829
865 765
581 481
259 159
199 99
1100 1000
780 680
279 179
187 87
817 717
902 802
985 885
990 890
132 32
939 839
938 838
439 339
286 186
983 883
570 470
167 67
285 185
644 544
1021 921
457 357
476 376
557 457
1086 986
544 444
1034 934
742 642
271 171
252 152
745 645
159 59
146 46
716 616
781 681
159 59
143 43
1087 987
334 234
453 353
203 103
630 530
596 496
1058 958
489 389
713 613
1031 931
938 838
679 579
185 85
232 132
186 86
1008 908
669 569
872 772
579 479
777 677
783 683
443 343
500 400
803 703
470 370
239 139
982 882
444 344
246 146
487 387
216 116
1009 909
860 760
639 539
507 407
404 304
547 447
755 655
488 388
478 378
141 41
192 92
758 658
962 862
219 119
511 411
128 28
462 362
557 457
497 397
298 198
390 290
117 17
252 152
532 432
711 611
421 321
273 173
527 427
237 137
305 205
1046 946
444 344
465 365
663 563
575 475
404 304
1082 982
147 47
1020 920
794 694
902 802
191 91
166 66
1061 961
878 778
744 644
844 744
209 109
564 464
1059 959
413 313
1069 969
441 341
142 42
785 685
208 108
431 331
748 648
185 85
149 49
776 676
328 228
191 91
1029 929
634 534
627 527
266 166
1067 967
151 51
416 316
1066 966
682 582
941 841
940 840
725 625
675 575
214 114
603 503
116 16
1011 911
213 113
405 305
926 826
1089 989
606 506
936 836
838 738
469 369
664 564
687 587
555 455
332 232
835 735
552 452
364 264
1000 900
648 548
1052 952
838 738
181 81
953 853
1095 995
675 575
662 562
669 569
839 739
465 365
805 705
720 620
105 5
364 264
657 557
293 193
590 490
121 21
394 294
473 373
461 361
184 84
1000 900
350 250
147 47
388 288
305 205
232 132
245 145
251 151
946 846
519 419
758 658
621 521
949 849
1074 974
780 680
755 655
248 148
748 648
196 96
837 737
310 210
398 298
790 690
287 187
119 19
1081 981
931 831
1065 965
779 679
1054 954
826 726
266 166
628 528
348 248
115 15
736 636
664 564
660 560
947 847
663 563
821 721
124 24
109 9
996 896
800 700
903 803
546 446
116 16
958 858
374 274
799 699
814 714
371 271
549 449
1077 977
329 229
633 533
380 280
254 154
523 423
856 756
968 868
971 871
224 124
1012 912
1070 970
827 727
331 231
1068 968
1035 935
669 569
908 808
263 163
123 23
718 618
310 210
785 685
188 88
750 650
251 151
907 807
870 770
493 393
655 555
376 276
713 613
404 304
966 866
1011 911
323 223
333 233
403 303
142 42
405 305
500 400
406 306
262 162
1000 900
151 51
1064 964
834 734
497 397
1033 933
998 898
466 366
159 59
116 16
728 628
277 177
325 225
460 360
637 537
842 742
712 612
825 725
733 633
968 868
414 314
589 489
578 478
601 501
1081 981
732 632
1004 904
465 365
919 819
296 196
208 108
596 496
279 179
844 744
252 152
245 145
698 598
601 501
449 349
980 880
180 80
348 248
862 762
783 683
414 314
600 500
613 513
489 389
305 205
720 620
684 584
191 91
752 652
821 721
994 894
959 859
298 198
765 665
243 143
516 416
771 671
581 481
402 302
420 320
711 611
965 865
731 631
226 126
626 526
857 757
626 526
1063 963
503 403
881 781
331 231
340 240
930 830
430 330
383 283
618 518
964 864
924 824
855 755
1035 935
259 159
151 51
320 220
409 309
547 447
118 18
900 800
963 863
933 833
101 1
905 805
849 749
891 791
758 658
512 412
677 577
957 857
679 579
508 408
609 509
995 895
254 154
460 360
1023 923
927 827
497 397
1071 971
787 687
1061 961
1059 959
619 519
717 617
435 335
737 637
338 238
723 623
983 883
274 174
322 222
875 775
986 886
708 608
808 708
406 306
575 475
1100 1000
976 876
1057 957
223 123
741 641
227 127
572 472
484 384
826 726
845 745
405 305
384 284
814 714
529 429
743 643
785 685
808 708
612 512
731 631
603 503
589 489
699 599
929 829
1083 983
846 746
562 462
832 732
1092 992
832 732
370 270
769 669
591 491
522 422
382 282
154 54
931 831
1000 900
267 167
782 682
215 115
766 666
761 661
1057 957
664 564
209 109
1034 934
554 454
708 608
1064 964
613 513
1033 933
153 53
240 140
759 659
295 195
746 646
124 24
264 164
757 657
863 763
331 231
925 825
269 169
1049 949
228 128
455 355
637 537
911 811
364 264
264 164
146 46
951 851
104 4
389 289
1000 900
492 392
902 802
324 224
168 68
560 460
550 450
1003 903
226 126
447 347
158 58
738 638
498 398
201 101
586 486
687 587
551 451
897 797
435 335
981 881
262 162
310 210
206 106
343 243
845 745
1069 969
1069 969
398 298
532 432
353 253
259 159
693 593
734 634
553 453
665 565
757 657
116 16
172 72
710 610
322 222
603 503
419 319
611 511
161 61
852 752
794 694
155 55
484 384
569 469
901 801
929 829
236 136
792 692
636 536
277 177
1058 958
311 211
747 647
599 499
626 526
215 115
128 28
1084 984
1004 904
918 818
609 509
333 233
984 884
524 424
665 565
1076 976
701 601
471 371
423 323
506 406
622 522
434 334
292 192
884 784
203 103
776 676
551 451
268 168
967 867
527 427
702 602
532 432
883 783
631 531
411 311
437 337
1094 994
777 677
272 172
637 537
151 51
1100 1000
489 389
479 379
337 237
203 103
821 721
885 785
697 597
1043 943
592 492
512 412
431 331
672 572
480 380
928 828
359 259
871 771
826 726
1039 939
155 55
694 594
601 501
119 19
559 459
600 500
890 790
476 376
104 4
789 689
734 634
876 776
217 117
574 474
701 601
675 575
908 808
1053 953
644 544
243 143
642 542
610 510
690 590
321 221
927 827
715 615
917 817
699 599
717 617
667 567
132 32
645 545
979 879
827 727
792 692
658 558
785 685
407 307
188 88
664 564
1011 911
431 331
646 546
668 568
680 580
981 881
1097 997
749 649
1037 937
846 746
1088 988
493 393
451 351
337 237
761 661
617 517
730 630
621 521
460 360
313 213
1008 908
920 820
303 203
299 199
579 479
913 813
351 251
114 14
262 162
903 803
1005 905
548 448
267 167
307 207
962 862
186 86
469 369
223 123
281 181
320 220
865 765
258 158
351 251
1044 944
1009 909
524 424
745 645
411 311
668 568
499 399
947 847
159 59
638 538
353 253
640 540
333 233
199 99
412 312
523 423
890 790
346 246
949 849
265 165
302 202
644 544
652 552
152 52
753 653
231 131
888 788
472 372
993 893
571 471
213 113
725 625
598 498
784 684
542 442
478 378
1029 929
634 534
186 86
173 73
112 12
640 540
418 318
771 671
358 258
227 127
624 524
512 412
679 579
1072 972
524 424
923 823
568 468
763 663
464 364
884 784
181 81
688 588
499 399
596 496
996 896
270 170
251 151
253 153
726 626
299 199
467 367
252 152
937 837
358 258
740 640
383 283
224 124
389 289
672 572
708 608
508 408
563 463
458 358
280 180
995 895
429 329
984 884
321 221
623 523
394 294
538 438
225 125
378 278
725 625
125 25
527 427
829 729
896 796
1096 996
251 151
1056 956
967 867
288 188
222 122
619 519
470 370
135 35
940 840
411 311
215 115
295 195
975 875
929 829
1012 912
884 784
185 85
1004 904
1069 969
199 99
814 714
543 443
1071 971
838 738
843 743
813 713
298 198
209 109
735 635
488 388
141 41
936 836
740 640
361 261
831 731
793 693
322 222
553 453
636 536
589 489
265 165
614 514
411 311
170 70
224 124
434 334
873 773
811 711
1023 923
734 634
380 280
235 135
357 257
371 271
1061 961
552 452
367 267
769 669
338 238
228 128
910 810
384 284
271 171
624 524
388 288
243 143
489 389
1089 989
666 566
1094 994
174 74
380 280
913 813
492 392
149 49
573 473
275 175
331 231
854 754
995 895
557 457
1043 943
997 897
648 548
612 512
777 677
168 68
940 840
336 236
458 358
674 574
641 541
993 893
858 758
715 615
642 542
957 857
789 689
638 538
116 16
172 72
821 721
392 292
718 618
1016 916
1058 958
904 804
365 265
756 656
647 547
479 379
352 252
167 67
705 605
380 280
363 263
461 361
835 735
1084 984
278 178
371 271
516 416
589 489
541 441
356 256
498 398
982 882
107 7
325 225
104 4
629 529
127 27
610 510
739 639
1100 1000
513 413
291 191
602 502
913 813
326 226
998 898
427 327
520 420
270 170
570 470
811 711
719 619
223 123
477 377
1046 946
565 465
723 623
987 887
412 312
864 764
836 736
155 55
108 8
827 727
1015 915
944 844
122 22
744 644
750 650
281 181
931 831
271 171
608 508
645 545
634 534
539 439
515 415
647 547
996 896
517 417
1082 982
305 205
293 193
600 500
489 389
432 332
901 801
920 820
437 337
516 416
589 489
343 243
833 733
954 854
371 271
166 66
1042 942
336 236
1054 954
668 568
148 48
1069 969
1019 919
806 706
494 394
395 295
981 881
267 167
1017 917
873 773
475 375
379 279
110 10
761 661
548 448
827 727
228 128
938 838
630 530
504 404
641 541
843 743
411 311
334 234
416 316
629 529
573 473
291 191
481 381
932 832
752 652
637 537
102 2
466 366
237 137
980 880
449 349
1040 940
200 100
845 745
763 663
137 37
167 67
772 672
543 443
909 809
395 295
782 682
317 217
1079 979
1011 911
400 300
459 359
611 511
955 855
832 732
398 298
968 868
716 616
718 618
430 330
869 769
260 160
286 186
903 803
684 584
150 50
932 832
308 208
816 716
685 585
572 472
630 530
372 272
1051 951
598 498
754 654
465 365
1086 986
683 583
912 812
579 479
905 805
998 898
799 699
233 133
600 500
746 646
743 643
1015 915
644 544
155 55
1070 970
313 213
1087 987
723 623
988 888
975 875
746 646
613 513
498 398
456 356
610 510
686 586
725 625
116 16
794 694
1084 984
1033 933
522 422
593 493
454 354
120 20
314 214
204 104
990 890
330 230
312 212
1062 962
127 27
150 50
869 769
451 351
935 835
598 498
332 232
964 864
354 254
328 228
742 642
813 713
576 476
177 77
1019 919
507 407
1012 912
597 497
854 754
369 269
834 734
129 29
1067 967
297 197
141 41
498 398
359 259
847 747
1026 926
486 386
940 840
225 125
644 544
511 411
1008 908
459 359
325 225
944 844
169 69
680 580
221 121
208 108
623 523
938 838
778 678
508 408
693 593
914 814
765 665
521 421
414 314
1099 999
1092 992
607 507
696 596
657 557
458 358
745 645
624 524
671 571
263 163
632 532
1042 942
526 426
637 537
487 387
282 182
330 230
304 204
346 246
308 208
637 537
753 653
816 716
948 848
663 563
632 532
1047 947
203 103
733 633
971 871
934 834
1032 932
1038 938
607 507
429 329
1086 986
581 481
713 613
1057 957
423 323
505 405
690 590
789 689
477 377
432 332
1005 905
786 686
1032 932
1089 989
574 474
750 650
706 606
193 93
489 389
219 119
771 671
382 282
460 360
550 450
945 845
103 3
746 646
424 324
199 99
644 544
709 609
1057 957
601 501
834 734
864 764
368 268
698 598
799 699
342 242
271 171
490 390
251 151
161 61
379 279
359 259
991 891
619 519
242 142
926 826
480 380
1042 942
453 353
382 282
811 711
996 896
1029 929
1082 982
709 609
376 276
161 61
401 301
498 398
1052 952
485 385
956 856
731 631
528 428
959 859
355 255
325 225
823 723
307 207
380 280
428 328
1037 937
1071 971
137 37
647 547
1001 901
728 628
556 456
948 848
1096 996
643 543
690 590
964 864
555 455
328 228
610 510
185 85
767 667
768 668
929 829
1036 936
151 51
855 755
483 383
932 832
440 340
1028 928
1015 915
185 85
897 797
342 242
647 547
886 786
1100 1000
945 845
435 335
580 480
885 785
350 250
897 797
347 247
399 299
288 188
443 343
515 415
381 281
595 495
382 282
249 149
364 264
855 755
178 78
950 850
234 134
114 14
226 126
761 661
962 862
323 223
290 190
749 649
440 340
890 790
824 724
861 761
371 271
518 418
801 701
1059 959
564 464
727 627
505 405
768 668
330 230
529 429
253 153
798 698
1023 923
586 486
913 813
409 309
786 686
834 734
1025 925
851 751
121 21
489 389
158 58
439 339
395 295
672 572
1000 900
102 2
1056 956
973 873
186 86
357 257
446 346
1065 965
527 427
512 412
321 221
646 546
302 202
535 435
517 417
986 886
524 424
478 378
1043 943
905 805
983 883
1027 927
390 290
687 587
147 47
433 333
369 269
722 622
875 775
785 685
479 379
349 249
221 121
768 668
462 362
985 885
634 534
107 7
928 828
471 371
488 388
999 899
1008 908
649 549
494 394
405 305
382 282
166 66
532 432
218 118
543 443
1020 920
837 737
397 297
684 584
527 427
306 206
522 422
428 328
344 244
948 848
371 271
905 805
633 533
437 337
102 2
588 488
724 624
619 519
322 222
462 362
435 335
330 230
675 575
493 393
515 415
453 353
717 617
375 275
858 758
945 845
365 265
477 377
287 187
302 202
274 174
1071 971
320 220
531 431
411 311
608 508
182 82
925 825
370 270
326 226
782 682
819 719
1046 946
640 540
737 637
1073 973
1062 962
580 480
202 102
447 347
777 677
636 536
239 139
942 842
747 647
740 640
977 877
311 211
866 766
787 687
678 578
679 579
719 619
268 168
1022 922
778 678
135 35
344 244
858 758
579 479
329 229
849 749
616 516
149 49
1002 902
277 177
659 559
905 805
468 368
445 345
408 308
669 569
725 625
1026 926
155 55
373 273
1012 912
843 743
160 60
985 885
982 882
916 816
869 769
251 151
694 594
175 75
404 304
963 863
732 632
736 636
855 755
745 645
700 600
959 859
524 424
917 817
191 91
455 355
512 412
1030 930
1071 971
950 850
688 588
382 282
859 759
649 549
650 550
215 115
234 134
494 394
810 710
565 465
213 113
253 153
456 356
750 650
1085 985
715 615
439 339
946 846
1092 992
284 184
825 725
115 15
1055 955
404 304
1061 961
537 437
256 156
1043 943
163 63
1029 929
731 631
635 535
870 770
488 388
646 546
623 523
1088 988
615 515
1099 999
145 45
188 88
757 657
970 870
848 748
348 248
149 49
767 667
469 369
402 302
474 374
444 344
240 140
636 536
382 282
295 195
916 816
577 477
563 463
755 655
627 527
287 187
633 533
484 384
847 747
1055 955
1021 921
820 720
799 699
809 709
418 318
131 31
954 854
953 853
1038 938
115 15
763 663
1099 999
460 360
1041 941
288 188
258 158
785 685
1079 979
809 709
836 736
925 825
783 683
250 150
537 437
432 332
714 614
677 577
482 382
839 739
831 731
855 755
799 699
714 614
983 883
597 497
793 693
619 519
1004 904
539 439
750 650
1060 960
698 598
744 644
794 694
861 761
1062 962
410 310
818 718
754 654
819 719
1073 973
564 464
741 641
699 599
651 551
827 727
565 465
794 694
724 624
239 139
314 214
415 315
535 435
537 437
483 383
1092 992
549 449
404 304
454 354
172 72
728 628
654 554
955 855
812 712
125 25
685 585
134 34
802 702
661 561
351 251
168 68
258 158
1014 914
994 894
433 333
856 756
394 294
691 591
868 768
687 587
548 448
186 86
798 698
664 564
842 742
185 85
132 32
222 122
771 671
1093 993
816 716
142 42
183 83
198 98
263 163
237 137
1053 953
489 389
771 671
305 205
757 657
740 640
848 748
457 357
899 799
641 541
389 289
729 629
348 248
812 712
130 30
525 425
849 749
247 147
840 740
822 722
453 353
205 105
744 644
1099 999
908 808
482 382
172 72
959 859
522 422
313 213
476 376
360 260
1052 952
160 60
983 883
1008 908
807 707
798 698
719 619
764 664
764 664
189 89
966 866
954 854
261 161
763 663
994 894
1063 963
807 707
714 614
243 143
1014 914
707 607
246 146
421 321
205 105
187 87
511 411
999 899
930 830
165 65
260 160
262 162
786 686
751 651
312 212
558 458
114 14
679 579
945 845
303 203
1079 979
381 281
258 158
208 108
1039 939
529 429
627 527
882 782
818 718
186 86
775 675
963 863
1035 935
850 750
339 239
350 250
417 317
411 311
558 458
420 320
723 623
437 337
715 615
121 21
512 412
696 596
531 431
1093 993
739 639
1097 997
280 180
1061 961
957 857
907 807
740 640
981 881
597 497
227 127
657 557
1085 985
498 398
623 523
770 670
717 617
362 262
147 47
525 425
1094 994
275 175
840 6889
350 9482
392 8245
388 9923
133 5743
946 8857
487 8913
427 8133
945 5693
219 8651
113 8978
854 6774
151 9794
150 8543
765 9393
1068 8066
415 6980
1081 8280
596 9332
255 6316
1022 9204
482 5695
988 5439
1074 7593
507 8934
425 5882
159 5666
827 7690
933 7411
333 5566
576 7197
337 8145
790 8235
142 8477
142 9354
836 6752
111 7056
694 5352
287 9764
270 7913
1011 8743
818 9899
197 6873
157 8049
586 8585
614 8868
894 7108
1037 8501
209 9814
236 7217
506 9739
798 9494
771 6930
416 9750
404 8559
139 8882
871 9048
361 7362
375 9981
257 5125
499 9051
793 5273
282 9760
1070 6717
710 8389
668 7672
383 8382
667 8181
882 5581
106 5813
463 8191
533 6133
340 5885
1039 7212
693 8843
739 9285
464 6753
958 7532
673 7910
563 6391
141 9809
637 9236
266 5588
771 5749
733 9152
703 9041
1028 5714
121 6617
647 7220
482 5533
875 9324
219 9637
302 9185
657 6023
306 7592
665 5551
462 8930
976 9255
326 6789
457 6060
904 9347
704 6262
578 7450
539 8188
673 6125
424 5170
889 8816
1100 8812
264 6040
989 9974
122 6872
301 7725
1013 7679
912 8151
1057 5489
248 6152
453 6573
147 6425
579 6963
919 7231
477 7819
425 9742
739 7023
187 9209
520 8329
538 8844
848 8032
156 5691
835 9743
642 9198
166 8131
753 6798
357 6917
986 8271
782 9555
1085 8728
1046 5518
960 6081
665 9577
639 5976
718 8111
221 7247
395 5759
750 6434
773 9668
490 6910
961 5685
393 9105
902 8142
597 7488
729 7896
948 9167
651 8092
910 5760
902 9360
413 5628
600 8030
306 8618
264 6612
531 5738
244 6867
935 7715
1016 8988
468 6597
550 5888
361 9938
880 7067
663 5017
995 9709
842 9825
277 8543
689 8209
420 5586
861 9934
629 6909
214 7271
273 7322
118 7156
430 6357
154 7272
688 7808
937 8610
968 9004
864 6775
527 5651
124 8253
1001 7901
1028 7048
651 5777
1028 7137
105 6385
111 6693
616 8805
743 9814
850 9797
853 8710
795 7045
803 6582
449 7274
562 6947
1031 8231
624 5296
823 7736
658 9548
799 5759
555 5774
416 5163
485 7706
185 9826
983 7226
929 9333
280 7378
119 7340
753 9089
841 7746
993 5605
698 7945
692 8953
600 7371
145 7831
759 7166
952 6275
1047 7186
1003 8463
506 5709
175 6520
174 6427
1087 8787
214 8082
706 8466
990 8582
751 7179
841 9570
560 7128
737 6218
1054 7264
425 5843
895 8886
960 5456
861 5445
314 6063
792 9029
179 8148
182 7399
183 8286
1001 9681
291 5870
301 7347
104 7509
590 7931
550 7104
809 8638
466 6848
284 7774
495 9857
341 7108
945 9285
965 5281
480 7563
518 8788
951 6777
656 6644
972 8597
187 5725
780 5440
953 9206
309 8108
900 8816
1064 8791
934 5287
782 9247
931 5890
866 7506
709 6684
733 7129
977 6770
622 6603
867 7425
313 7389
715 5537
666 5562
282 9254
1070 6057
453 9994
699 8670
327 8947
404 8468
836 8888
998 5610
733 8165
322 5105
507 8991
790 5362
1063 7314
1070 9902
639 6417
386 9661
853 7716
880 6683
768 5704
1062 5696
515 5741
974 5349
276 6514
1014 6795
167 5419
915 7665
683 7094
223 8039
869 6061
527 7168
1015 6640
1045 7825
204 5357
318 9928
750 7472
964 6656
664 5825
795 7909
753 5741
761 7211
647 7450
920 8082
517 5473
767 7561
292 6178
731 7179
628 7743
839 9671
1025 9352
928 7044
509 6878
443 9992
513 9301
1007 9825
1048 8566
156 6670
278 8304
823 7689
964 9722
639 8703
442 9840
418 7733
722 6727
470 8103
697 8003
322 8435
962 8050
550 7268
259 7328
1020 7029
404 9947
403 9595
831 7327
1068 9132
580 6584
1036 6430
517 9319
214 6578
1047 8061
194 6912
659 7446
430 8569
442 6876
707 8902
205 5902
797 8391
1066 7195
317 9692
634 5247
911 7880
666 9110
970 6277
240 6025
306 9135
1010 9387
684 7528
599 7352
932 5429
423 9584
795 5686
728 5481
903 9097
581 7195
588 8853
183 5751
504 9128
391 7241
318 5672
427 6405
696 8330
370 9028
859 7690
140 7464
305 8286
715 7991
611 6051
340 7007
828 6846
208 7717
344 8823
987 7441
432 6910
786 9595
728 7119
979 7517
181 7310
991 8629
643 8140
755 5602
440 9991
349 9931
653 6166
296 6104
724 6783
567 9250
470 8482
1044 7708
335 9153
926 8023
466 6515
656 7821
366 6399
791 5842
413 6173
868 8692
842 9612
1080 5855
565 9531
825 5960
593 6858
501 5912
378 9714
325 5616
233 8425
874 8182
140 6975
889 8062
349 7866
1006 6760
219 8061
945 8883
388 8362
1039 7936
946 7782
1098 7549
699 9948
654 5024
1074 6063
710 8796
430 5380
654 5360
362 8045
337 7732
530 6261
197 9026
1100 8561
232 7382
394 7460
731 8881
528 9295
1006 6109
854 8894
649 9032
947 7555
852 5891
959 8597
634 7674
817 7937
1084 7743
513 5265
991 8901
598 6212
296 5579
213 5697
891 9928
560 9037
695 9803
312 5494
680 7301
381 6632
912 6151
766 9013
534 5817
430 5483
968 6052
387 7010
945 8563
156 6050
566 6195
312 9982
1018 6794
750 6766
552 8739
1000 9875
412 8439
233 8561
443 5289
327 5714
143 5803
115 5373
276 9798
961 7578
734 5655
416 7516
387 7993
660 7223
283 8362
909 6776
323 5803
937 7735
219 5553
738 6525
790 7858
302 5795
305 5204
442 9536
940 7877
974 9569
398 7150
415 5869
545 8948
751 5727
574 8768
879 8546
237 5191
876 9746
608 6577
390 6211
400 5598
1044 6582
1031 5279
425 6473
188 8704
420 6125
1076 7154
987 6479
1005 9078
658 7632
791 5055
140 8298
1080 7784
707 6427
1059 8670
908 9199
277 9828
831 8140
981 6414
635 7618
176 8211
288 8129
317 5516
758 8448
497 8415
636 8744
240 6097
489 5190
160 8572
494 9308
390 9461
109 8828
480 7682
872 7155
635 9554
501 6802
884 9207
751 7815
966 5706
967 7177
714 8904
258 8532
524 6867
522 7697
392 9025
841 6519
314 6332
1040 6975
320 5942
180 9146
411 6957
621 6424
1043 6674
1085 8973
141 7443
927 6424
286 8993
465 6296
642 5037
1060 8771
1024 6108
145 7341
484 5378
469 6946
776 6571
1063 9821
234 6474
127 9513
888 9782
213 5259
930 6094
884 9846
655 5978
663 7851
408 5803
419 7275
315 7134
200 6264
319 7059
1029 9333
556 7222
1021 6012
1058 7163
822 5880
723 6740
792 8288
311 5894
581 8168
101 9323
670 7636
190 8184
912 6973
126 5659
377 8325
550 6065
313 7085
490 6164
796 6834
744 6846
861 5594
343 9055
693 5708
521 6436
897 9889
839 5826
889 8993
783 5590
712 8707
226 8683
158 6174
1093 5893
457 6340
659 9796
311 8356
792 7787
903 5337
306 7019
178 8337
941 8328
298 6115
181 7758
212 7521
119 6718
593 8879
744 8364
125 6727
302 8622
421 7171
195 5631
950 6661
795 8412
1023 5158
646 8590
249 5814
899 6833
697 9651
280 9157
826 9952
640 6334
1032 8404
200 5311
677 8142
184 9470
526 9173
695 8259
511 5901
130 8025
1010 6036
1025 9204
573 9183
932 8702
126 8633
615 6776
558 6587
371 8306
1074 8011
418 5353
408 6201
750 9433
834 5865
609 8962
339 5417
629 5646
450 7769
688 8020
1029 5082
779 8519
1091 8868
150 7831
334 6998
493 8570
796 8502
257 9870
905 9069
521 7387
651 5346
866 5935
424 7169
793 5140
634 7616
871 9739
149 5691
610 7714
967 7029
338 6323
532 6881
536 9986
186 9560
879 7937
824 5207
821 6265
1018 8205
639 7101
465 8789
437 8042
680 7303
939 6716
646 6478
451 5997
714 9312
358 5223
262 9351
737 5324
757 8404
952 9814
533 8752
661 8227
577 8724
287 5121
854 5914
524 5929
196 5866
253 6361
647 6157
365 7972
589 5603
753 7928
520 5633
830 8110
1064 5981
353 5313
421 5931
917 9995
527 9088
1031 6098
772 9824
657 6307
745 7907
1086 6972
708 7861
603 7169
1084 9094
509 8100
145 5642
647 7778
143 9667
484 9477
402 7771
502 8873
848 5666
943 6314
868 7909
1019 9285
1094 5130
124 9791
229 5172
1078 8570
602 6247
553 6398
1057 9907
1062 7211
576 8998
585 7611
705 5064
141 5839
955 7391
790 7433
148 7082
531 9132
280 9060
389 5865
222 9909
546 8802
999 9486
785 7462
261 6481
726 8775
485 8581
152 6228
799 5351
351 5180
396 8801
584 6223
178 7433
1038 9672
491 6047
715 7718
174 7698
593 9590
669 9433
1091 8565
542 8115
859 5933
177 5096
668 9155
402 6196
162 6714
640 7378
279 7055
1075 6644
379 7731
1050 6051
823 5750
954 6712
162 5972
604 5822
1003 9161
643 7856
159 8227
397 5493
1095 6562
426 5401
777 5167
173 8282
119 7075
398 9875
1021 9946
1059 5243
964 7785
1045 8032
1076 8820
384 5958
1039 7395
932 5376
141 7718
911 5481
1029 6434
998 7989
415 9184
831 5195
490 9750
400 6527
848 8164
530 7043
177 5675
532 8016
866 5351
236 8532
421 7096
238 7755
582 6918
637 9619
559 9891
759 7819
795 6073
369 5990
902 7407
160 9586
221 8177
716 6828
683 7521
851 9136
631 5229
462 8916
536 8896
995 7522
300 9909
967 7894
320 5093
1076 9197
123 7202
1068 6119
657 7317
622 5706
768 5828
106 5831
666 9330
1092 9362
769 6360
819 7311
586 6887
303 5266
896 9984
950 5562
918 5833
626 6379
300 5870
644 9318
622 9664
905 5793
428 9406
489 9236
985 8740
561 5225
1002 5865
637 6555
926 6816
470 7342
541 6318
332 6617
705 9558
257 7843
1038 9752
350 5208
1012 5418
427 6421
992 8896
697 8461
818 8556
249 5006
438 5225
937 8973
615 9007
502 6486
362 6232
608 8756
197 9665
659 5251
554 9938
287 7460
479 8105
961 7967
724 6335
218 8589
410 9528
935 6335
151 5258
948 7114
338 6923
524 6378
463 9588
1067 7106
612 6908
698 5513
967 9124
204 8591
384 8419
950 8708
346 9775
806 9893
860 5132
1029 9617
976 6132
928 8236
334 8169
435 8207
623 8602
494 7900
1039 5677
754 5896
1085 6672
309 5787
760 9005
189 9416
594 7476
214 6033
862 8676
131 6563
790 8739
344 6724
851 6602
680 6329
439 6337
962 9149
565 6402
191 8367
721 9965
598 7535
366 8358
1007 7058
145 5797
524 8978
699 9325
144 7107
389 9930
223 6230
213 9464
134 6915
953 7639
237 9146
290 6455
193 8603
670 9928
836 5763
194 6353
928 6405
265 5531
911 5310
1082 7465
531 8986
620 5298
126 6042
899 9188
892 5243
385 6622
437 5201
838 5068
207 7252
981 7397
842 5679
502 8187
614 5240
728 8972
789 6010
788 6091
1001 5855
456 8605
827 9336
886 5622
209 8573
705 7197
115 8044
998 6265
1077 5086
756 8289
367 8544
119 7030
150 5856
635 7619
821 7292
802 9062
994 6784
491 8244
959 8523
918 6183
757 8752
467 7304
443 8931
247 5163
419 6225
468 6509
563 6867
775 8826
472 6425
528 9821
888 9863
546 9878
805 8419
895 6352
371 7032
352 7744
488 8400
104 6665
664 5379
529 8467
932 6929
967 9975
1089 6434
635 7295
412 6126
1085 6979
832 5314
728 7291
249 9697
856 5429
1076 7374
850 9196
164 7472
221 5871
348 7436
1088 8160
134 9641
501 7498
1049 7060
847 9289
948 7485
231 9808
249 9696
412 5322
142 8747
278 5176
979 9000
1000 8734
117 7158
1006 5654
423 8821
334 7117
1036 5139
677 9967
1034 5669
835 6057
225 6378
160 6083
843 6429
806 6036
614 9942
232 5048
944 5291
182 7877
507 5044
911 5647
1043 6294
316 7627
240 6192
591 7164
190 9002
414 5311
913 5599
126 7849
831 7976
971 9661
1075 8907
750 7506
822 8852
909 6261
590 6614
815 9874
545 6827
757 6615
194 9329
964 9431
427 7272
351 8184
884 6454
159 6388
394 7705
153 7353
853 8742
137 9220
350 9361
554 9494
935 7506
937 6400
758 7471
446 5277
370 6147
702 8005
236 8895
684 8188
1037 8925
913 5713
825 6035
709 6911
556 9923
594 8329
510 8377
354 7132
652 8738
931 9971
476 7395
1075 5728
551 6030
971 9131
902 6768
727 5389
608 5449
546 5562
474 6160
611 8018
629 9795
935 7283
148 5138
453 6567
141 9587
583 6046
634 7136
577 7335
125 7998
106 6084
538 8179
337 9653
223 6600
330 7122
655 6309
361 8880
746 7054
368 5832
403 8668
428 9457
1082 5226
482 8270
705 9278
934 9747
180 6895
176 9321
373 5294
164 8178
1027 9265
947 9095
382 5706
463 8557
1035 7304
713 6523
597 5188
713 5917
804 7711
358 8856
663 5850
802 7258
109 7172
754 9572
163 8839
620 7082
325 9061
362 8094
1090 8696
685 5770
793 9944
601 8921
1086 6728
426 5768
657 7756
875 8801
260 7384
101 6485
879 5476
540 6194
227 5746
840 9832
647 6565
1053 6357
1097 9276
961 6225
783 8473
224 8537
1089 5927
982 8628
527 5377
1092 7388
461 8273
975 7586
816 5454
628 6848
774 8910
297 9886
674 6866
1038 7992
646 5823
547 9100
450 9726
106 8101
519 5430
161 6834
664 7509
692 6703
240 8626
836 8807
352 5590
735 8209
526 8742
617 6848
827 6696
374 7695
1041 5358
891 7338
122 5869
721 9403
146 5922
295 5477
735 6978
942 8240
1091 7188
1038 8247
225 8738
324 6187
481 6032
338 8115
340 9451
822 7486
480 9068
983 6307
593 5455
911 7973
441 6165
320 5506
376 7679
220 8638
736 6220
357 8473
113 8124
551 6868
503 5109
715 7840
887 9913
862 9518
744 9562
371 8815
714 7670
478 5015
528 6787
348 5425
396 8184
239 8250
778 9996
1082 7162
159 6019
1002 6485
702 8388
716 6159
322 6449
658 5260
413 8111
351 9288
443 7624
335 6248
265 7675
297 5067
786 9983
337 8347
1071 5705
103 9214
801 7422
568 8213
727 9926
501 9271
577 6081
500 9697
903 5977
666 9179
689 6547
232 8205
962 5760
673 6385
1055 5934
167 8210
104 9676
688 5304
113 5170
181 5069
1061 6721
820 7330
1012 7037
420 8371
766 5671
371 5039
384 5530
184 6015
471 6900
431 5677
784 5836
912 9281
1075 9286
455 7968
1002 9612
324 8984
367 6723
578 7174
767 9103
213 6110
361 8462
279 6879
900 6716
1051 8467
475 9147
956 5927
896 6915
564 9924
650 8036
295 7178
1064 8096
599 5514
606 8484
450 6897
240 6477
819 9201
184 9211
133 9100
645 9457
371 7695
837 5872
545 9415
1075 7511
649 5214
412 7039
949 5502
208 6172
691 8084
345 9438
1014 5619
592 6825
401 5347
334 5603
1058 7611
969 6444
497 5357
816 6434
402 8269
1098 6644
623 7143
501 9966
251 9934
306 8537
691 6526
826 5065
958 8808
685 9823
572 8713
231 6732
838 6619
173 9392
371 7588
246 9969
964 6354
229 7232
259 6447
914 8792
671 7042
391 6949
617 6903
595 7610
381 6173
588 6725
379 6311
964 5753
799 7971
639 8405
976 7783
1089 7120
640 8052
838 5081
657 6162
689 9351
231 7315
952 6789
336 5530
904 8711
254 8997
388 8037
651 9544
389 7038
682 5453
181 6146
361 5280
101 7486
1099 9152
732 9104
175 7817
279 9828
276 5415
959 7134
602 7973
1035 5586
667 7513
228 8897
568 8122
729 8494
948 7447
150 6764
1043 8909
580 9905
755 9185
407 7722
684 8385
530 8908
790 7855
116 6405
853 6746
691 9240
113 5419
377 7789
1095 6381
1071 5568
501 8552
991 9714
620 9408
1030 7504
667 8529
855 5991
215 6563
344 6512
750 8223
830 8219
955 9808
791 8333
624 7476
248 7826
354 6731
308 5487
672 8376
494 5718
549 7528
1050 5244
248 6564
608 9896
354 5581
472 5357
284 9188
509 7204
848 6247
414 6860
570 6663
880 5785
554 9756
940 6912
358 7697
782 7558
405 6156
981 8656
116 8800
629 9171
1002 9512
1076 8169
856 8892
585 8978
777 8718
888 7320
483 6228
385 6560
710 7136
222 8485
461 9996
1009 8953
714 6415
909 6273
282 7120
226 9500
710 5114
499 6816
720 8699
497 9027
1078 6430
742 8769
333 5192
285 5972
352 8941
283 6572
867 6837
573 7437
429 9617
743 8492
740 7541
267 5302
481 9433
877 8483
715 7758
340 6893
428 8059
306 6581
652 6651
483 9868
531 5701
1074 8280
1047 7280
331 5188
605 6469
123 5374
194 6019
543 8318
109 6429
788 9289
874 8740
202 6918
333 7659
395 7474
850 8300
264 9061
304 5357
297 5622
1088 5485
1036 8092
519 6468
730 9764
346 8523
420 8152
812 9539
588 7547
143 5795
196 8385
1032 9902
990 9657
1095 9842
777 9908
986 5081
253 8066
477 7030
611 9962
845 6448
991 8997
771 6195
175 6832
876 8578
1004 6488
119 5483
306 8944
343 9837
326 8396
111 5102
653 6901
311 8013
972 8166
596 5790
783 6656
700 6656
146 8580
871 5854
343 9805
377 9743
537 7871
793 8949
671 9384
177 8765
462 9279
1062 8321
879 9162
836 8127
738 9933
843 6053
580 9042
347 5064
202 9823
373 5160
675 8848
927 6759
663 5540
744 7202
279 5003
286 9161
567 9402
872 6577
251 7013
142 5785
627 8473
743 7224
438 9150
614 6558
403 5638
769 9967
796 6272
687 9219
351 7259
821 6762
880 8943
152 7299
447 7361
351 9310
1100 7934
966 5707
589 9192
447 6540
1059 5606
614 6334
189 6136
612 5522
545 8502
801 8184
949 5509
276 9833
227 6808
727 8695
660 5142
361 9271
184 8762
765 8184
889 5426
830 9687
240 8803
529 9229
1029 9094
831 8598
813 9594
911 8771
858 9977
599 8394
911 7548
471 6278
538 6129
983 7753
932 5905
789 7109
961 6132
833 9005
252 7920
112 7325
742 5820
688 7775
604 8519
287 8809
172 8829
582 7530
712 6501
436 6202
167 5931
893 8268
173 7917
231 8806
912 8914
133 9494
110 7514
358 8832
869 6317
559 8640
528 5114
1094 7606
495 8868
265 8463
683 9158
888 5756
594 5668
227 9699
561 7205
570 8432
313 6340
723 5490
599 9575
371 5356
364 9454
122 8552
354 7172
646 8724
692 8807
376 9583
762 6632
688 6676
165 6686
677 8236
974 7591
417 6173
233 7027
504 5850
806 8124
745 7131
585 7530
472 8928
326 8676
535 6362
227 9550
343 6911
814 5611
574 7675
780 6203
123 8258
908 6739
295 6398
632 9689
750 9564
207 8708
416 7728
652 7268
519 9815
127 6385
1043 5548
150 6481
1074 7024
790 5347
469 9659
480 5260
654 8089
165 8727
268 8394
689 8974
619 9957
831 6537
277 8574
763 7256
332 8881
1051 7499
401 8120
899 7587
456 7557
527 6484
221 6971
167 6660
129 6866
668 8733
760 5411
277 9097
1075 6121
1082 6705
699 7575
1094 9636
638 9345
843 7013
624 9932
732 8323
393 7872
886 7692
1042 6065
517 6033
109 7517
550 6816
480 5317
934 5522
235 7832
801 8202
310 9042
782 7323
273 7420
819 9743
406 7443
323 8911
320 6099
749 6670
392 5660
1063 6495
124 8736
666 5789
617 9151
320 5608
1057 5935
182 8441
764 5261
781 5629
430 7714
877 6423
604 6220
208 9387
597 5038
925 7280
157 6843
185 5153
179 9320
605 5626
224 5480
484 9173
330 8060
217 7983
727 7443
594 7921
295 8260
387 9519
241 9306
174 7334
183 8616
340 8879
311 7451
1002 5442
1079 6177
851 9222
844 9555
733 5937
1061 7530
576 9483
519 8880
439 8053
426 8620
999 9850
225 8300
425 5679
371 7913
1099 8204
435 6268
789 8701
881 9219
424 6467
480 7928
567 6085
880 8718
778 5533
656 9242
712 7730
645 8823
794 8288
115 9322
226 5520
261 8637
490 9077
910 5776
548 5963
760 6451
491 7011
721 5052
269 7929
274 9355
664 9131
396 5301
981 5613
970 5765
501 9279
1076 9714
749 9397
711 9059
157 6701
637 7390
125 5639
833 8694
738 7679
311 7864
909 9058
210 7673
963 8116
778 7921
1035 9327
471 7682
912 6445
115 6709
1009 5121
613 8924
996 9155
273 6263
811 6192
181 8728
1025 8715
914 9087
516 7902
592 9131
183 5679
900 5165
227 6457
648 8002
313 6444
566 9557
1057 8419
897 9578
978 7023
1090 8658
216 8827
602 8261
228 5883
471 8239
287 5472
249 5769
954 8862
260 9626
224 7911
330 7264
679 9505
1046 6637
1066 6651
976 5866
535 6983
929 8152
219 9567
315 7651
133 8310
1043 7146
391 6239
883 9113
329 5635
657 9453
598 6439
541 5593
234 8816
1038 7098
596 8071
891 7980
750 5703
292 9090
847 8512
466 7983
804 6511
1092 5623
710 5608
628 9170
824 6897
983 7924
944 5190
585 8437
702 7964
1045 7079
1053 9451
107 5781
696 5120
883 5746
133 8650
408 7107
677 5474
1091 5635
641 5992
957 6030
401 6524
779 8241
708 7949
211 8341
976 9786
419 9701
489 6114
979 6525
574 8091
866 7761
844 7026
238 7790
1067 5061
701 9029
877 6280
460 5078
590 7177
107 7147
143 5001
202 7117
237 7380
945 6310
897 9731
317 7393
900 8514
651 9738
587 7938
312 8188
108 9921
216 9951
817 9719
456 8734
417 9197
1087 6320
194 7927
646 7678
653 8507
390 8378
591 7663
998 7949
437 6814
934 6866
256 6460
423 9132
803 5566
621 8228
200 9299
437 5744
587 6283
533 5516
777 9536
662 5717
494 9576
960 6484
445 7950
947 7265
274 5153
919 9767
1062 6944
356 5320
1050 5901
302 5902
576 9990
316 8737
353 5990
273 6255
471 6177
865 9765
1031 7918
427 8893
1082 6819
357 5658
319 5129
582 6105
482 8088
411 5694
702 7635
582 9523
976 5496
427 8620
464 7650
676 5628
904 7904
163 5103
1097 7250
989 7595
446 5365
464 5244
685 8750
469 7708
222 8816
490 6310
934 5594
676 5938
723 6695
778 6504
1042 7143
684 8578
744 8319
205 8953
777 7910
1065 8986
1001 5099
912 8212
859 8147
1076 5592
160 9126
586 7620
662 5730
840 9448
909 9220
421 5736
518 9561
719 5494
1081 8436
514 6221
270 8577
935 6400
578 7442
396 7829
970 8571
385 6379
1036 6748
841 6391
871 8395
602 7431
243 8748
430 9755
524 5596
1046 8084
312 9354
707 5404
688 7529
299 5584
153 5268
645 7486
731 7304
998 6914
737 8454
274 9077
342 6534
192 9508
469 9331
866 8838
1004 9970
266 5939
322 6188
591 8539
396 9534
1014 9748
704 9758
143 6044
320 5434
141 8999
222 5033
804 7429
489 9698
705 9042
278 5848
215 9941
444 9220
830 5716
755 7338
693 8113
158 9344
364 6526
548 5143
899 6409
184 9782
402 9745
1058 8759
441 9131
525 5513
353 5454
988 5806
957 6788
792 5707
675 8183
1098 6823
999 7033
263 8487
822 6829
794 5691
253 7989
811 6459
303 7669
788 7328
768 8112
742 8189
142 7789
899 5969
838 7620
447 6254
726 9072
849 7492
923 7401
660 7744
109 5071
915 8052
201 5902
452 5969
511 5038
846 6971
153 8072
275 5450
278 8749
323 6279
739 5242
1041 8524
667 9785
998 7065
649 6087
367 9844
164 8653
307 5344
270 7764
258 5987
652 8392
901 7406
165 9427
433 7935
842 6222
978 5501
637 9090
706 7908
422 6317
734 8137
298 8698
360 5765
803 8262
172 8976
977 6019
872 9753
640 6994
404 9959
1004 7796
418 6729
545 5717
1024 7705
312 7177
354 5359
581 8140
1097 5702
735 5408
370 8916
354 5131
174 8076
742 6678
637 8810
1043 7267
735 8483
1083 6028
504 8540
582 7036
493 8416
306 6500
943 5206
298 6575
1076 5615
887 7542
437 7339
160 5657
886 6106
226 9408
848 8115
537 8413
1061 6523
780 8739
205 8291
345 6732
695 6209
351 9188
234 7495
923 8267
638 7945
1048 9191
763 7017
193 5709
641 8750
852 5818
445 6494
697 8506
702 8462
456 6921
959 9299
652 8068
638 5631
197 6754
943 5086
273 8460
328 9837
209 7515
940 5723
228 7530
551 6293
111 6100
412 8092
443 5742
669 6032
431 7964
270 6959
491 7432
1019 7112
1036 5188
1093 8283
287 7151
1003 9779
197 6222
688 6358
1063 5705
755 9964
647 5811
932 5523
854 5228
660 5069
887 5038
658 8063
313 6997
212 6753
357 7858
597 9138
606 6500
531 9268
1018 7722
838 6755
805 7371
828 5082
1010 9249
194 8827
624 9393
1091 6630
323 9392
418 7556
754 8235
934 5528
604 6351
338 7015
108 8204
710 5489
278 7218
790 7714
1097 5770
582 6643
819 5052
1072 6253
796 5100
1044 5035
663 5300
688 5582
1086 6028
1052 6173
1035 5925
978 8805
943 9087
977 8318
496 8254
149 7995
216 9037
497 6943
150 5418
160 8998
777 8702
649 5875
1031 6679
957 6785
783 7757
770 8285
556 5831
517 9936
704 8576
462 9613
690 6314
834 7371
687 6986
416 8897
261 7496
315 7989
557 8384
664 9044
375 9308
879 6922
227 9592
272 9209
492 7129
821 9718
859 8229
809 6769
821 5196
1025 8667
1096 5849
236 5907
625 5581
595 7099
126 5668
1062 9127
695 6056
444 9474
588 7819
720 5155
475 8124
484 9809
866 9065
912 8183
237 5878
505 7065
1065 7275
502 7915
917 6261
1017 5070
842 5020
1075 8581
291 9525
112 7870
440 7040
295 5080
817 9233
761 7051
241 8318
593 5521
1028 6720
125 8685
183 6312
819 8740
892 8451
413 7055
405 6787
936 5832
803 5660
732 5421
146 9817
751 9986
875 6232
920 6765
794 7706
667 9166
681 9284
434 6451
925 7641
755 6010
336 6013
860 8403
497 6650
951 9470
318 9106
843 8667
844 6448
601 9644
280 7570
931 5433
115 9333
101 7212
762 8040
251 7705
817 6156
1098 6729
640 8657
288 8799
548 9742
663 5532
202 9606
246 5809
531 9799
954 9080
399 8773
186 5303
1060 5176
306 5446
380 5310
743 7957
517 8426
697 6783
974 9848
595 6136
105 6581
769 9337
577 9381
326 9143
596 6861
271 9010
318 8686
385 8208
574 5266
434 9209
469 7159
897 9596
1017 6148
873 5121
307 7578
824 6904
221 6247
109 9584
463 9199
339 5971
120 9873
281 9802
698 7196
402 6947
571 5768
599 5917
883 9854
445 6271
219 9818
787 6010
857 5366
532 7763
316 6886
398 9103
243 7447
1054 9636
289 5457
775 6590
508 7834
277 7344
240 9435
406 6226
1021 7404
393 9630
640 5718
459 6906
362 5414
626 7265
980 8920
120 5398
733 7229
374 7674
948 7370
658 9127
466 9198
490 8067
1071 9481
806 7958
1093 7736
285 5822
111 9955
474 5061
400 5497
315 9595
935 8080
159 9711
607 6498
854 6920
882 6952
1035 7967
698 7997
214 8607
1010 6050
824 6920
161 6578
151 7633
370 6756
526 9090
487 8186
322 8865
618 5123
900 9744
386 5905
816 8412
364 7940
450 5157
1093 6427
391 7941
595 5943
805 5672
1010 8828
119 9624
814 5981
164 7583
1064 8929
394 5651
738 8221
614 9276
480 7835
1009 5641
976 9777
417 8125
241 9184
1057 9928
778 9939
864 8820
998 6434
245 5669
715 9528
576 9798
286 7719
234 5998
1072 6839
727 8654
1034 5401
176 9462
467 9096
475 7332
756 7745
1095 5000
258 9885
790 6662
728 5657
405 6819
128 7807
953 9487
785 9419
985 9079
1083 5705
181 9613
945 9698
142 5072
986 5904
685 9745
205 6230
1095 8713
936 8516
912 6185
1003 7112
820 5855
895 9131
530 7717
1014 5637
853 5795
867 5891
441 9901
1067 7433
203 9801
698 8288
404 5441
782 6733
138 8841
604 6743
978 6919
933 7833
147 6448
456 7177
581 9551
544 8826
148 8524
958 7594
1073 6538
389 8766
1013 5029
366 5692
679 7209
991 6197
1044 8003
777 6631
715 6568
967 8695
313 8489
557 9042
868 5993
369 7167
529 8328
1016 6704
399 9977
415 9107
1098 6257
488 7339
941 8913
717 5533
787 5240
951 6673
642 9457
195 7662
499 5405
761 5007
971 6144
114 6632
704 5174
285 5644
131 6248
866 7360
1040 9025
808 9055
463 5128
494 6135
585 8483
458 9199
192 6472
766 9109
323 7636
211 6852
305 7931
1025 9108
189 9610
820 9792
427 5121
279 7868
882 8867
648 6378
1054 8209
203 8659
873 6667
891 7682
311 5741
929 9279
750 9022
257 6526
915 7024
102 5953
196 7708
661 9061
458 9737
1036 5826
104 7611
1043 5001
104 6890
952 7968
233 7172
935 5256
372 9049
539 8545
244 5448
863 7979
706 9809
862 5407
198 9774
446 8682
517 5129
980 7163
1080 8703
179 8539
567 9087
933 7272
391 9213
882 6909
749 9123
1029 7151
380 8402
426 7532
167 6542
158 5855
262 6387
256 6105
431 6857
765 9359
180 9150
548 9239
760 7515
458 6611
467 6119
982 5461
494 6333
1059 7879
238 5349
330 7625
1076 9257
875 7740
463 7863
1021 7928
871 8178
985 9026
441 5555
112 7113
201 5566
310 9917
810 6817
193 9815
497 6957
486 9249
247 9243
725 6924
127 7906
463 8784
177 9823
940 7502
564 9890
709 5702
532 6812
326 5689
1000 6642
997 9398
1098 8458
110 8745
914 5024
793 6146
538 9603
548 6436
266 6398
911 6802
322 9416
257 9010
1085 5042
1051 6760
1089 6714
479 8615
281 9643
251 7213
709 7384
429 6181
813 5043
519 6228
560 8744
403 9632
365 9389
863 6680
165 6528
361 5754
174 7238
992 8455
609 5519
124 7340
755 8798
153 9501
856 6539
221 7331
430 9346
443 7458
394 9954
220 7173
763 9700
718 5719
1071 6146
888 8124
1074 6563
477 6214
626 8240
562 9024
811 9568
987 7396
993 7370
823 5856
885 8781
853 7465
911 5010
483 7798
431 5013
379 6101
1014 9031
986 7060
560 7506
775 5096
888 6675
994 7348
1081 7054
771 8614
703 8200
740 6806
776 7129
586 5989
634 6979
303 9952
1025 8151
828 7414
677 6186
762 9754
228 7175
697 6087
1061 9507
774 7981
566 8030
489 7369
761 7031
248 6087
942 7723
742 6943
919 5793
556 9676
555 5028
307 5766
438 9908
108 8037
108 8480
356 6590
101 9555
966 7334
427 6655
338 8578
130 8696
335 9215
206 6603
720 7321
232 9426
741 5340
113 6773
643 9864
348 8242
456 5207
346 8985
228 7254
1073 6087
563 5227
597 9088
284 7296
655 6666
359 9210
138 9405
183 6966
601 6185
875 8925
437 7911
936 5788
890 9247
159 6720
955 9683
563 9057
836 6894
132 5132
668 5141
512 8980
1032 9773
316 8889
145 6708
297 7630
500 7514
931 9312
264 9256
533 8853
688 9553
977 9357
186 8245
463 6419
243 8345
585 7281
125 9530
1027 8014
259 9668
767 7109
580 9204
365 7289
456 7726
499 9244
424 6565
896 9714
1042 9730
554 7253
575 8876
721 7758
967 8477
737 9886
1064 6138
712 8154
395 8948
243 8172
389 9903
623 8291
379 7389
133 7151
550 9651
158 6248
728 7550
725 6781
253 5713
840 9916
116 9601
383 6775
581 5243
228 9385
715 9667
863 6011
775 8418
976 8597
319 6400
319 8707
407 5029
479 7371
239 5459
293 8834
632 5478
594 8360
941 9453
710 7023
220 9841
791 9681
225 7427
564 6139
1083 5049
312 8588
472 5715
974 9990
116 9435
1011 5501
171 6011
939 7232
509 7860
115 7936
174 8804
1063 6848
199 5059
1047 5008
979 9925
952 6221
393 8766
110 7085
979 9110
448 5207
1091 9305
479 9207
526 5585
937 5858
857 7592
336 9726
646 8790
861 6384
566 7275
781 7585
907 5868
1079 7339
659 8094
272 8991
915 8626
429 7644
601 9171
300 6249
542 8701
123 9272
813 9781
955 7115
374 5327
310 8910
110 9163
1051 8185
785 9793
469 9642
754 5838
518 9006
979 9854
706 8753
200 6537
323 8388
1051 6548
905 8059
597 5102
1043 8815
576 7550
968 6413
539 6532
977 6701
851 9493
131 9059
957 9420
1047 8034
142 8941
1067 6620
287 7172
983 5049
434 6366
405 8434
830 9749
1058 6207
901 9293
354 7633
819 9850
872 6991
902 9170
906 6773
596 7017
967 5572
991 7024
821 9660
538 8431
816 8742
1029 6273
223 8789
724 7046
730 7066
303 9239
1095 8187
975 5028
395 5787
362 7125
652 9025
799 9965
596 7105
986 8825
596 6352
826 9490
827 8505
457 7759
270 6453
484 7188
192 8789
618 7392
814 8739
221 6452
350 7917
950 7331
1016 6913
126 7357
308 8625
694 8825
262 8434
236 9762
337 8803
1094 6567
434 5155
143 6616
184 7918
815 6300
272 9567
647 5394
124 9034
258 6386
614 6225
688 7652
1093 9207
648 6654
583 6974
1050 9702
886 8013
702 8805
1087 7785
755 7891
843 9951
451 6125
1052 5557
433 6920
790 7742
670 7798
368 6805
1007 9689
929 9900
864 7696
294 5417
854 8319
1091 9628
717 6694
917 9913
568 9203
498 9105
982 5034
380 7632
353 7074
955 9372
847 7972
306 9247
1016 7697
346 7356
706 7577
539 8172
943 7719
914 7531
212 5766
307 9334
274 5045
640 9527
406 9251
817 7805
358 5770
294 9086
780 7502
395 8942
442 6730
112 5031
329 6745
293 8368
375 6297
415 8313
164 5949
716 7241
659 6540
1019 6455
433 9055
863 7239
792 8143
878 8894
107 8478
683 9719
113 5616
945 8258
157 8789
633 8973
483 8902
279 9614
1043 6975
535 8670
211 7694
372 7145
657 5339
1050 6240
191 8497
584 6160
785 9308
418 5127
578 8869
115 7471
385 6471
1052 7762
848 8825
1082 7454
1012 6511
766 6628
303 6693
899 7850
940 8458
319 6985
330 8978
779 7978
953 6892
287 5817
981 5770
166 7079
985 8947
601 5730
330 8107
283 7833
714 9794
692 9597
481 6409
477 6509
937 5170
835 8745
769 8935
631 9263
763 5254
1072 5480
1032 5649
202 7707
248 8681
273 6385
1071 8837
776 9185
101 7585
578 6244
1055 9220
885 9939
638 7153
189 9804
630 8155
435 6938
252 5097
626 7508
299 9533
1058 7633
730 7581
808 9230
1042 5112
533 8255
421 6885
692 9745
343 8666
111 5469
997 6504
386 6710
127 8478
992 7406
518 7911
1043 6571
338 6042
364 9070
1042 7361
841 5195
194 9552
962 6141
431 6556
586 5342
194 7479
345 7331
1090 9135
402 5065
487 8695
577 6268
176 6236
308 8430
167 9617
643 6939
338 9929
598 7702
280 6227
428 6654
688 5485
271 9450
1006 7086
885 7515
600 5611
383 6714
876 7192
173 6852
1048 5279
212 9969
366 5479
1089 5666
1025 8393
169 5314
899 7878
518 5472
746 9642
881 5525
881 8056
115 7094
173 7875
291 8882
533 9417
874 8498
210 8480
257 6722
295 5551
622 9613
1063 9650
101 7560
788 8196
999 5678
746 8227
685 6330
595 7854
884 9465
759 6196
723 9583
515 8882
279 5239
126 6219
345 8606
373 8061
741 9770
714 9204
121 9477
351 5506
186 8829
527 8590
181 5407
315 5077
806 9383
663 5276
317 7204
935 9467
706 8736
926 6987
106 9670
568 9166
393 9063
515 9202
223 9128
932 8060
699 5266
891 8928
896 5345
335 7681
1098 6208
830 6078
359 5234
498 8739
405 9421
631 9492
892 6007
621 8988
147 9905
888 9071
649 5749
209 5995
1074 9230
940 5557
568 6822
803 8925
980 6985
1021 5533
189 8429
951 8587
626 5501
492 9826
306 8129
652 5120
859 9287
734 8912
169 5399
999 6964
102 5916
515 7051
533 9203
668 8970
748 9864
232 6485
695 6129
882 6950
996 7500
187 6960
799 7262
632 6007
490 9432
1011 6387
901 6070
698 8507
287 5830
445 5665
139 7717
718 9764
306 8750
266 6418
979 9703
769 5525
250 7036
109 8887
496 7082
334 7109
173 5116
345 9510
1050 8148
308 6865
449 8291
669 7772
800 7012
427 5576
529 9785
867 9953
527 7363
1081 7030
195 9715
819 7199
1035 9132
958 7415
468 6799
491 9514
1034 9279
868 6711
495 8414
214 6463
992 6507
573 8254
1026 6790
357 5267
1054 8504
334 7714
952 7186
788 8781
129 8238
197 7949
591 7251
426 7804
482 6380
126 5518
249 7474
476 5796
597 7278
590 5273
937 7338
370 9427
451 8729
421 5197
987 9085
150 6300
1076 9668
1010 7596
429 8587
647 7813
223 8913
231 9355
768 6991
651 8632
593 6306
1050 8413
351 6062
881 7428
200 5905
513 7694
829 7417
877 5912
759 5358
101 8978
723 5089
748 9878
849 5213
504 9246
307 5595
941 8864
585 8672
594 5754
178 8320
283 8647
259 5885
818 8047
107 5923
122 5320
225 7368
840 8315
548 9040
928 7283
104 8606
962 6192
237 5109
834 7461
346 7614
545 9590
605 6137
570 6419
216 5990
930 5292
512 9825
274 9530
336 6646
769 9522
984 7268
751 6597
656 7118
461 6014
627 7134
248 7077
324 6910
615 8046
552 7189
282 7443
583 9769
498 6111
393 8811
989 8114
163 5567
249 7938
1028 5154
193 5492
330 9429
375 5917
861 5162
768 7845
836 6324
337 8467
751 6083
232 9712
564 7592
328 9778
529 7314
193 5255
802 5499
948 5578
1026 6842
397 5106
411 7898
125 6755
799 5269
310 6855
663 6183
808 9041
1063 6564
982 6579
951 8014
514 8969
780 8024
761 5476
784 7616
810 9410
570 5594
223 5243
598 8201
924 7540
323 8822
734 6295
528 5641
719 9312
700 6451
160 7156
888 6401
751 9646
333 9116
960 7635
445 7518
516 5729
1019 6031
690 8274
992 6636
382 9710
472 5887
175 7758
683 9492
905 6583
419 9205
497 9329
598 7108
216 8370
169 7968
381 5172
108 7609
391 8650
498 5472
421 8964
310 8693
870 6173
147 9722
671 5881
739 6347
137 7753
1058 9997
214 8078
879 6438
356 6525
446 5218
749 7985
1019 6687
582 9727
688 7101
142 6376
266 9612
513 8525
934 9035
880 9156
385 6785
851 7133
399 5160
727 7513
186 8225
849 5078
511 7263
575 9053
711 8763
745 9370
203 8661
540 9652
975 5275
982 8988
901 9318
104 8991
369 5248
514 6188
555 9054
1099 9254
196 9663
381 5122
1068 9122
1047 7476
650 5725
278 6755
261 8195
579 7245
766 8070
166 6567
251 8298
280 8563
1024 8143
105 6394
812 6867
615 5533
635 7574
1086 5199
166 6205
681 8544
683 9596
845 7650
1039 7624
969 9206
764 6860
350 6670
314 8713
812 5166
177 5435
556 9251
402 6748
1072 7093
736 8023
815 9819
1020 5490
218 9170
210 6919
973 6366
302 6596
268 7994
169 6669
571 7636
670 9643
349 9802
297 7780
947 6750
783 5919
787 7789
519 9155
747 6927
449 7275
274 6043
875 5743
429 6014
440 8822
1017 5464
928 5986
388 7314
680 5900
719 9851
590 8660
375 7210
483 6021
302 8465
412 6063
913 9732
227 5238
640 6343
178 7585
906 8760
1088 5032
232 8089
284 8166
396 9309
128 5058
159 8587
245 7455
786 6653
615 8913
790 6107
648 5089
544 5380
920 8739
683 6820
679 7728
839 8504
967 7087
887 5815
953 5284
403 7011
1051 5967
134 8936
1066 8938
954 5552
711 9403
556 5024
910 7299
586 5656
360 5334
203 7921
596 6127
447 5426
1007 6771
804 9512
145 5704
292 8649
505 5885
844 6651
907 8028
710 7491
964 8854
510 5779
657 6629
325 9583
1000 9403
323 7906
586 7266
386 5768
311 5159
659 5167
505 6547
929 7649
645 7604
241 6254
800 7159
885 6940
1065 9890
545 6650
613 7540
511 9324
227 6696
183 6883
636 9008
798 7781
206 9200
953 8549
397 6622
1011 5903
157 6059
351 5816
960 9145
895 8823
841 6000
849 9368
1041 8053
1075 9589
507 7490
654 5699
740 6319
117 9351
202 8458
769 7658
331 5913
1098 8732
1095 6616
139 6274
928 7555
547 5780
391 6598
428 6021
443 8696
141 7815
564 7858
891 6968
986 7377
572 6643
136 5956
635 6933
225 7563
201 7044
331 8195
824 9345
700 7360
676 6962
598 7474
250 5794
117 8255
1011 5157
113 9301
937 5778
818 5623
788 5351
465 8409
178 5287
256 5605
533 6293
985 7171
765 9838
305 7350
567 7975
624 6978
927 6085
247 5306
234 5548
827 8121
836 8247
736 9265
701 6133
405 5655
567 7702
714 7203
977 5646
279 5832
275 9400
162 8176
695 8132
557 6560
323 5797
1009 8670
196 6945
148 9846
1058 5049
604 8507
566 6499
1038 6875
616 6086
701 7843
243 9173
310 6471
261 6284
847 7181
202 8217
734 6042
628 7944
156 8707
257 8442
335 6664
898 8935
587 9398
914 5055
449 6731
697 9203
497 6148
141 7175
232 9254
495 7425
858 7554
314 5471
956 6493
179 5602
834 5793
712 6895
124 5818
820 6897
170 7178
935 9467
952 6297
223 7573
204 8323
481 9211
775 7150
416 6075
455 8009
1080 8943
736 9736
497 8452
220 5554
144 5058
402 7706
246 7950
227 6568
797 5541
698 6376
1099 7314
409 9280
326 9355
335 9879
704 6790
884 6756
766 6954
581 6351
877 8261
701 5181
174 9183
670 5877
954 5804
123 6102
315 9682
674 8215
1014 8003
136 5557
923 6248
455 8210
1058 5461
632 9145
769 9716
251 9094
844 8533
581 8249
848 9824
393 7833
281 9719
433 9822
577 8891
207 9485
502 8094
273 9708
107 8688
1034 5952
260 7666
1046 5488
601 7087
283 9012
662 6572
620 7989
578 9775
618 9722
337 8721
411 7346
994 9159
144 7643
911 8798
913 5161
285 8349
567 7241
810 8198
401 9893
127 7806
387 6068
667 5160
890 5089
998 8098
268 8394
658 7738
774 8609
159 6982
264 5305
885 6244
1095 7578
979 5847
291 5047
825 5509
946 9618
968 5305
227 7967
864 6961
337 6646
144 8761
602 8499
846 6774
113 7546
247 5210
283 9186
136 5794
843 9292
877 6591
497 5220
168 9772
229 5010
873 9886
1037 8536
718 8083
465 6490
1048 7335
326 5844
539 8291
235 7577
399 5359
399 8380
259 7138
169 7045
573 6476
1061 5660
555 5195
233 9158
111 7285
1072 9654
866 9789
254 9710
897 7560
1095 9427
692 5528
325 8282
564 8880
1097 7038
116 7510
568 9084
303 8572
889 9945
129 8900
254 7326
930 9580
934 5468
820 5707
720 6161
132 6722
482 9939
136 8115
677 9134
927 9884
280 5203
841 9645
725 9390
472 5862
1018 8708
978 6210
149 8831
499 5668
146 9935
170 7021
129 5842
993 5903
999 9447
611 8823
673 7553
601 8790
1078 7030
196 7040
586 7737
398 9880
349 6456
368 7334
311 8259
360 7454
881 9684
1014 5812
832 6639
439 6884
1007 8635
279 6098
751 7121
250 7642
219 7978
495 5598
396 7591
413 5243
432 5823
446 8350
230 8890
229 7185
315 8525
880 8455
1053 5160
185 7931
269 7550
694 5176
378 5906
254 5234
593 7350
867 7180
402 6263
248 7906
222 5872
1012 8746
101 9849
395 9600
705 6421
365 8938
253 7383
928 7668
509 8902
447 5892
724 7628
1019 9929
890 7748
339 5303
546 7506
514 7100
500 7513
693 7743
154 5635
599 8469
358 5045
729 7206
120 6523
824 7930
701 9231
780 8751
791 6804
984 7740
106 9334
968 6528
858 8647
554 6302
393 5633
482 6361
262 7657
387 6045
1090 7547
351 7243
407 9705
679 8082
484 9467
914 6651
324 8869
652 9517
533 5812
500 8859
958 6349
685 7120
306 5649
494 5817
650 9929
1044 5093
963 6504
576 6942
692 5935
644 5879
408 6745
147 7086
573 6959
580 6884
445 7553
926 5686
681 6028
931 9419
281 8770
749 5628
1023 7395
405 7010
923 5713
628 9816
309 8886
1066 7453
493 6234
129 9855
424 8125
902 8094
478 8202
237 5356
279 8715
703 5920
297 9275
111 8141
589 9955
1080 5988
210 7391
547 6338
485 5480
280 9066
395 8445
500 7185
238 9636
419 9135
130 7224
624 7740
490 6294
524 8804
587 8198
445 5630
750 9890
959 9380
992 6938
562 9880
187 9073
623 9313
980 8406
322 7371
707 6377
583 7482
985 9789
892 8731
121 5374
455 6166
967 6941
846 9333
494 9669
996 7662
772 7018
1065 8351
896 6245
193 7952
620 6511
445 8739
684 6981
227 6121
467 8537
943 7460
203 9191
346 7189
1067 5689
952 7105
762 7076
313 9438
718 7581
379 7350
955 6276
892 7725
887 5970
907 9612
921 9919
416 8997
739 9233
238 6668
442 7576
144 9317
972 7558
153 6873
756 9484
383 9522
336 7947
193 8570
398 5931
337 7932
208 6752
632 9527
974 7710
426 9354
557 8413
152 5297
1000 8999
928 5104
681 6624
523 9038
364 9502
307 5257
273 7768
114 8901
890 6111
546 8394
699 8541
872 5868
386 8067
928 9544
108 8785
910 9268
895 9763
933 7434
570 7198
465 9721
122 5884
789 5896
531 8822
500 9035
449 9410
175 5846
475 8213
532 8744
221 7470
496 8754
345 5679
684 6025
133 6739
682 6436
498 9160
684 8164
728 9973
830 5589
382 9640
455 8890
604 7621
328 5011
466 8923
209 8902
924 9785
202 8866
926 5014
751 9345
532 6505
227 9841
833 5360
939 8243
136 9204
680 9740
205 8360
112 5807
1083 8795
655 9443
205 6508
366 5911
941 8813
1046 7921
779 7010
840 6867
695 8917
198 5967
141 9664
1092 8073
341 9342
426 8656
220 9320
188 9419
279 8368
1000 8086
309 5964
649 8565
392 6385
761 7337
638 5181
243 7156
214 7859
741 8141
151 8237
219 5874
294 8465
972 9001
889 6014
507 6376
993 7333
346 6032
222 5357
671 7190
102 8460
248 8236
301 7753
833 9250
591 6312
240 6189
752 9662
180 9414
966 8407
981 6060
331 5065
147 9446
222 7484
242 6576
760 8764
411 6143
265 7341
965 7620
870 6653
709 6952
141 5464
187 6541
721 5903
284 6724
284 5380
1075 5389
536 9089
372 5791
156 9501
181 7759
258 9632
560 5395
492 6326
840 5696
952 9572
355 9597
674 7460
914 9821
629 6336
1021 8922
258 8450
977 5775
973 5363
349 8470
791 9529
663 9977
1086 7930
424 8802
1086 6135
925 9039
247 8212
480 8416
728 8861
774 9408
931 9757
116 7159
751 8927
412 8410
267 6616
157 9658
632 5078
349 9738
138 5847
450 5132
589 8449
944 8990
697 9455
668 9863
259 5644
657 8844
722 6762
877 6353
1022 8143
751 6468
1080 6024
533 9362
1019 7785
567 9837
859 6866
288 9523
645 8727
243 8428
994 7790
895 9870
921 8099
207 5429
888 8647
523 7983
998 5714
784 7525
245 9832
225 6776
795 6028
848 9021
1021 6143
243 8972
681 8028
846 9415
957 7964
1057 6690
610 6592
502 7557
865 5927
1073 8533
359 7481
173 9358
708 5587
607 5888
170 8572
1072 5988
419 6632
706 5378
1067 9390
705 9733
430 7778
181 5290
368 7422
267 7251
984 7121
996 7790
717 9758
805 6889
862 9134
884 7724
532 8294
335 5189
103 8365
683 7219
418 5519
181 9709
735 7833
322 8693
459 6137
865 8178
159 7115
930 7427
594 8951
587 6177
358 6001
885 6447
102 7146
550 9402
462 9325
694 6986
830 9177
221 8796
1079 9712
555 7911
1041 7014
631 9361
1078 5674
1062 5312
438 6459
1097 8089
523 8756
805 7853
1070 5709
909 6853
235 8620
1005 5872
496 9947
505 7871
592 7888
220 8622
669 8082
956 7474
974 8308
806 8972
358 9745
984 8066
196 9525
547 5601
670 7442
289 7808
310 8422
843 6757
470 7809
896 8161
608 6308
667 7052
364 8860
768 8637
668 8704
475 8101
486 8326
562 6205
110 6856
267 8701
613 6851
574 6351
407 9506
624 9797
141 8793
1049 7886
175 6138
1042 6637
791 5533
1020 6095
1068 5636
832 8202
1067 9696
543 9547
905 9665
297 5128
509 8374
785 6050
122 6467
638 9304
966 8472
1061 9045
861 8795
797 8232
856 7360
314 8338
926 8078
498 6584
574 5198
116 6282
848 5984
650 9789
220 9821
242 8568
769 8161
518 5921
938 8190
753 8271
586 9183
871 9950
603 5384
275 7272
763 5649
745 7048
962 8481
538 8200
816 7920
1012 5650
707 7446
388 8944
254 8950
125 6260
339 9554
377 5816
499 9761
198 9854
710 7745
442 8664
775 9463
578 8907
936 5020
203 7237
237 7836
794 5929
1075 9633
942 8383
136 6663
367 5254
1003 5937
1026 5212
238 5454
856 9786
698 9602
1050 8894
388 5134
902 9477
693 7346
149 6886
985 7429
957 8786
189 6898
971 6731
473 8572
431 5909
502 6545
341 7371
524 9428
1069 9222
118 6172
896 6709
772 9514
581 8840
745 6860
974 6860
878 8759
102 5562
178 6670
279 7831
1090 8928
935 6155
114 5239
1039 5981
952 8494
802 8345
757 5853
356 9908
562 7844
620 5209
964 7747
278 7023
633 7751
533 7204
753 5550
267 7092
378 9338
136 5081
343 7988
930 5101
156 7525
1081 8337
156 6670
339 8551
759 8006
410 9748
998 6078
109 7584
163 7310
994 6111
215 6010
540 7064
466 7660
891 7189
564 5316
896 7184
828 6245
157 5162
908 7434
345 7219
478 8174
250 7866
871 8448
947 8069
710 9042
170 9830
235 6980
1098 7503
1050 5723
508 5548
493 6921
853 6754
920 8783
374 5762
630 5973
232 5188
102 9843
744 6963
601 6570
642 6071
449 9507
257 5072
807 5159
513 9356
838 9773
372 7137
1041 7880
852 6412
750 7015
170 8115
517 7703
333 9060
979 5507
626 6666
274 8275
772 9613
371 6114
241 9560
1072 6414
1082 7307
132 7696
476 7305
175 9873
666 9836
111 8884
1044 7595
380 7029
572 7046
1003 5476
852 7994
475 6399
636 7036
444 5999
979 6504
556 8142
822 7263
650 9554
390 8691
368 6231
589 9973
581 7419
950 8358
939 8516
820 9008
247 9788
409 6953
856 8534
413 8819
941 5464
141 7636
975 9343
573 6318
725 6392
781 8177
148 9347
147 9868
326 9610
443 9115
266 5822
406 8539
242 9058
788 7936
972 7464
1051 6592
275 7908
161 5649
206 9867
808 6571
117 7771
189 7525
454 5713
824 9535
1051 5184
773 5182
1059 8813
368 9250
455 6286
579 9872
1089 9816
1043 8650
626 7730
541 5129
193 5335
902 9564
1041 5236
136 9487
900 8225
180 6026
272 5725
649 5438
666 6276
476 7517
901 8457
705 8394
843 7507
1077 8027
464 7275
661 5024
1063 8451
129 6330
1065 5255
763 6435
191 5918
841 8673
628 6312
285 5351
263 8834
586 8170
968 6060
1005 5817
141 8442
307 7519
137 5712
403 7878
955 6822
139 9506
987 9984
310 9100
402 6144
582 8259
631 6168
111 5467
838 8385
683 7990
408 7133
129 5271
346 7399
938 8538
625 5013
704 8563
749 7521
639 8007
359 8193
964 6774
676 9128
164 6005
782 9398
453 7313
350 7447
851 5346
116 5014
920 8012
397 7556
970 8528
457 6504
141 8692
880 5449
335 6290
969 7861
1074 6889
583 9624
762 5682
653 5668
366 9736
919 9897
342 8538
499 7585
186 9452
208 7492
482 5242
1002 7340
484 7018
246 9592
935 5065
923 6447
742 8499
510 7572
497 7524
379 6554
101 7835
679 7437
1069 6123
560 8672
410 9005
946 5796
818 8691
619 7929
1093 9295
269 7427
638 7209
765 5724
731 8708
219 9166
854 6535
609 6718
359 9474
381 8434
388 6443
1074 6360
1061 7184
332 9271
924 7798
318 7456
866 8617
488 6263
669 6684
636 7630
323 5838
470 9395
723 6656
464 6177
1033 9064
175 6996
892 6706
274 9954
647 5266
800 6587
739 7864
196 7450
627 9271
288 8125
230 8545
178 5004
103 5799
290 5891
701 5380
823 9907
1072 9689
789 6942
527 5735
281 5811
410 6445
287 8858
707 6588
881 5838
967 8263
527 8159
780 8343
815 6509
279 6286
443 6538
735 8222
734 7240
857 5139
1023 6959
982 9901
585 7768
585 9098
1001 5768
570 9673
640 8236
695 8090
708 7573
346 7317
1027 5212
1050 7530
193 8416
941 6139
780 8451
783 8939
141 5267
687 7673
544 5047
1089 6965
778 5753
315 7864
673 7632
196 5471
851 9593
792 7849
117 9397
133 5604
247 5369
502 5414
767 9804
506 5828
415 9914
750 5111
264 9204
546 6028
652 8216
776 7157
241 8811
543 7337
417 5325
860 6853
691 9897
220 5152
680 7074
587 6137
692 6628
128 8885
892 7414
788 7345
217 8504
911 9796
281 8816
118 5842
941 6662
852 8757
828 9138
578 6805
286 7124
1026 9554
215 6745
184 9274
604 9205
726 8542
162 7162
744 9668
115 6304
927 8075
114 9642
826 8477
605 8062
477 5566
197 9589
427 7071
309 5145
479 6474
308 9914
633 9636
1038 5201
503 7041
981 7448
810 9680
173 8386
1034 6420
478 8417
689 9793
902 6787
602 6039
537 5087
875 9097
126 5295
283 5645
291 6801
923 8610
1070 9798
683 7633
290 6910
211 9883
258 5944
982 8548
263 9378
256 5474
524 8510
646 9035
733 8403
559 7348
1079 7465
699 8760
547 7933
259 9976
969 8422
653 9944
482 6573
863 7317
352 5455
475 8382
785 9276
1031 6070
116 7519
584 9144
321 6118
742 9763
436 7705
922 5882
400 9739
323 6532
981 6164
573 8728
345 7411
241 5175
710 9396
914 9458
591 9429
798 9044
622 8246
1024 8810
331 5555
103 8084
336 5932
452 9610
425 6051
493 9078
452 5491
134 9191
640 9797
146 7936
740 6782
502 6180
369 5138
428 7091
996 5826
1061 8207
913 8214
102 8223
688 5416
210 6000
588 9507
441 9633
674 7159
279 5677
785 6723
508 7483
657 6691
196 9897
393 6347
857 9281
295 6348
1000 8213
433 6735
947 5788
735 5343
816 8546
988 9334
