200 619300
482 485
257 326
286 248
517 421
404 322
713 795
45 43
924 845
873 955
160 252
1 9
838 901
40 122
58 94
676 738
627 574
766 715
862 882
405 367
923 984
379 299
461 433
612 682
133 72
813 874
97 138
908 856
165 145
996 995
623 529
220 199
298 277
157 97
723 719
144 242
48 107
129 122
148 70
35 98
644 600
632 645
272 267
1040 972
977 895
312 213
778 748
567 487
965 923
1 29
616 674
569 540
628 554
493 467
76 46
733 710
575 553
288 191
775 724
723 730
912 988
64 90
354 340
565 549
210 196
922 865
775 678
566 570
934 936
626 722
742 651
194 123
485 431
483 508
617 585
876 853
653 642
896 992
652 725
220 286
727 812
900 859
563 663
56 88
157 179
280 187
537 619
284 261
920 846
124 192
239 261
459 514
931 886
504 530
910 849
382 294
795 799
485 391
351 330
289 298
865 790
250 275
738 826
75 72
788 866
947 951
651 748
595 685
993 956
663 564
265 183
338 400
637 721
206 207
328 323
618 611
64 116
139 109
806 795
412 343
912 862
715 685
1 10
929 881
1025 984
410 403
273 360
507 449
450 541
174 272
882 877
427 359
787 707
355 308
734 770
1 30
248 208
397 311
159 100
874 939
449 422
857 785
286 370
976 989
908 969
103 143
1071 972
1 28
117 61
697 638
424 348
439 347
74 66
442 391
568 638
195 295
854 826
281 196
433 449
845 855
224 143
487 487
181 140
496 564
690 615
124 135
575 564
374 360
766 793
149 163
776 859
793 760
674 711
696 662
90 159
732 660
214 268
935 948
228 315
619 676
349 341
734 689
964 894
644 706
484 490
491 478
628 671
1009 932
944 899
315 237
92 187
554 472
757 772
88 98
952 906
818 911
628 635
316 225
818 823
255 164
432 343
242 8313
839 6365
609 6447
744 5204
898 8640
667 8810
861 8092
301 7474
104 7716
927 7317
832 6485
403 8686
725 8919
216 6976
942 7019
85 9285
1047 5286
1006 6758
918 5349
443 7288
119 6491
769 6901
89 9963
534 8911
925 8377
659 7216
974 6347
654 9653
66 7225
544 6607
640 6233
859 9094
158 9600
299 6944
238 5958
754 7611
247 6591
825 5216
284 5263
848 7097
291 8893
186 8948
767 6870
59 5816
205 9574
647 8618
157 8767
653 8606
578 7343
574 9326
749 5085
574 9038
59 5903
481 7709
267 7385
703 9095
77 8304
173 5642
606 8807
820 5690
28 6025
779 6974
855 6863
301 7105
254 6202
545 5040
460 5418
805 6693
123 8665
783 9202
834 9265
405 7888
504 6504
877 8186
993 5293
85 5670
584 5848
752 8941
221 6464
668 8747
294 7486
721 7544
955 9777
878 7036
708 9409
158 7278
874 5575
90 7977
869 6975
439 5913
854 6688
151 8651
469 9961
438 8731
180 6861
669 9553
1054 6596
762 8180
504 6718
910 6806
662 8104
935 7093
489 6452
252 7456
158 7042
341 5997
454 8181
1004 5891
888 5634
459 7815
1001 8463
311 7528
755 9934
187 6014
274 5697
567 8534
1055 8345
458 9746
356 7868
154 8330
964 6533
17 9514
878 9889
870 6002
645 6349
971 6885
577 8978
301 7066
437 9904
308 6983
764 6434
792 9545
998 5610
549 7611
199 8751
894 9540
674 6913
259 7902
240 5621
953 8603
798 6169
96 8404
207 5561
396 8390
545 5363
699 5135
1027 6222
942 9135
396 8475
1025 8413
88 9982
297 9813
836 6905
33 7652
602 5142
135 6385
265 5277
558 5616
910 6425
771 5045
471 8436
746 5426
159 5420
295 9160
971 5783
657 8629
186 7481
813 6285
343 7694
885 5388
502 7572
751 6488
624 8009
260 7178
226 8496
289 5358
63 6054
37 8546
741 6462
941 8406
551 7243
191 5381
795 5558
645 6376
449 6979
677 8443
942 5221
234 6340
149 6440
569 6994
187 9051
1048 9877
240 8973
458 9419
865 6159
960 8832
182 9964
1027 7077
266 5037
860 7520
