1000 580800
94 485
506 326
416 248
992 421
649 322
237 795
457 43
815 845
446 955
422 252
791 9
359 901
667 122
598 94
7 738
544 574
334 715
766 882
994 367
893 984
633 299
131 433
428 682
700 72
617 874
874 138
720 856
419 145
794 995
196 529
997 199
116 277
908 97
539 719
707 242
569 107
537 122
931 70
726 98
487 600
772 645
513 267
81 972
943 895
58 213
303 748
764 487
536 923
724 29
789 674
479 540
142 554
339 467
641 46
196 710
494 553
66 191
824 724
208 730
711 988
800 90
314 340
289 549
401 196
466 865
689 678
833 570
225 936
244 722
849 651
113 123
379 431
361 508
65 585
486 853
686 642
286 992
889 725
24 286
491 812
891 859
90 663
181 88
214 179
17 187
472 619
418 261
419 846
356 192
682 261
306 514
201 886
385 530
952 849
500 294
194 799
737 391
324 330
992 298
224 790
260 275
97 826
210 72
649 866
919 951
63 748
958 685
804 956
518 564
428 183
537 400
346 721
153 207
971 323
662 611
197 116
91 109
529 795
126 343
747 862
469 685
770 10
934 881
723 984
895 403
568 360
172 449
958 541
383 272
308 877
970 359
583 707
48 308
930 770
569 30
3 208
20 311
609 100
887 939
825 422
930 785
904 370
241 989
379 969
376 143
962 972
889 28
443 61
216 638
338 348
160 347
406 66
159 391
31 638
204 295
420 826
153 196
425 449
331 855
565 143
838 487
9 140
918 564
533 615
232 135
957 564
591 360
576 793
746 163
377 859
858 760
86 711
434 662
558 159
279 660
840 268
735 948
574 315
126 676
912 341
739 689
821 894
625 706
917 490
201 478
993 671
149 932
52 899
759 237
267 187
256 472
783 772
117 98
516 906
180 911
25 635
380 225
712 823
266 164
216 343
448 732
541 502
664 740
954 576
726 612
772 902
531 454
943 411
750 973
327 703
917 850
5 77
113 220
913 802
791 403
998 181
859 10
345 525
431 919
675 668
833 527
438 462
523 291
916 605
420 457
115 405
660 417
261 279
772 685
388 596
764 307
843 224
206 322
407 840
639 975
852 401
542 91
60 327
757 330
82 182
637 603
93 793
614 615
136 733
187 864
102 16
972 863
163 987
501 306
477 34
492 840
121 700
80 706
138 787
660 105
229 834
827 798
448 310
230 609
832 690
489 561
586 579
291 60
665 388
660 309
702 407
153 200
606 313
123 970
253 33
709 273
832 277
108 997
888 40
481 227
283 860
858 940
284 608
711 990
850 590
239 806
943 52
195 801
95 764
410 710
664 386
900 593
112 50
963 494
754 156
458 936
19 965
225 86
569 723
97 184
194 868
754 340
602 412
61 487
695 209
347 346
719 860
100 307
97 95
843 821
745 941
286 821
492 587
116 201
531 665
424 527
253 812
426 424
413 459
980 343
291 836
833 506
486 179
9 916
575 430
922 596
145 808
897 269
404 512
742 811
728 685
269 567
103 776
745 855
35 718
779 853
71 97
80 146
842 746
128 15
941 965
227 512
30 480
342 958
605 665
531 191
364 964
359 515
867 606
820 822
313 536
207 693
911 19
308 335
430 101
685 922
641 294
113 910
141 410
690 250
700 546
559 729
481 609
503 720
766 976
7 759
882 798
859 74
182 648
425 299
542 785
683 846
853 390
938 897
89 416
624 837
181 247
878 293
933 144
580 938
252 467
207 480
658 955
20 665
954 26
347 564
759 449
446 26
14 521
657 301
710 321
980 613
188 388
636 879
203 990
432 188
129 963
630 820
509 300
237 822
373 255
838 277
395 153
692 400
103 227
218 518
384 447
931 315
396 813
389 324
640 502
287 299
297 780
977 376
512 516
219 212
555 329
398 810
289 486
798 485
598 416
49 952
572 894
697 358
770 21
725 647
542 44
214 683
887 361
45 814
94 231
282 8
82 165
319 496
626 699
146 852
541 459
874 535
725 314
777 944
554 306
208 459
787 637
976 447
912 408
444 107
3 962
301 565
164 407
437 857
652 317
764 98
41 818
737 600
176 288
136 902
128 567
394 190
235 749
42 908
824 276
684 748
979 592
568 393
367 363
52 163
642 983
335 179
126 16
130 478
583 259
129 868
752 295
167 596
856 71
640 622
770 864
431 644
195 5
448 365
701 429
952 64
880 854
168 770
79 88
961 157
472 368
217 421
709 719
147 271
296 975
909 816
764 962
251 535
878 438
753 696
570 881
253 318
666 45
931 52
433 496
810 313
678 138
123 334
212 988
66 508
206 770
750 751
64 780
466 441
337 207
510 516
796 674
175 408
437 920
938 573
848 634
561 878
718 990
948 826
649 696
569 800
663 411
582 422
843 707
202 334
702 986
579 494
725 150
803 562
340 380
156 832
832 979
602 376
234 511
688 414
184 160
978 982
413 238
633 490
585 899
606 251
963 526
350 897
242 39
539 657
739 452
267 538
165 831
177 460
720 185
802 934
644 440
82 490
798 168
197 71
173 977
81 458
235 204
112 803
103 139
268 399
879 420
643 991
106 578
122 972
444 177
262 398
691 348
997 496
446 276
171 825
549 614
281 121
211 730
112 341
408 284
730 698
363 17
89 546
605 672
938 974
168 866
705 377
47 559
400 340
215 527
114 779
51 761
881 483
549 92
679 390
328 583
250 661
203 391
481 336
752 661
707 125
82 89
63 275
660 359
21 178
287 780
219 42
500 5
820 380
95 772
44 816
748 9
678 484
276 545
478 589
663 157
594 901
757 777
947 74
448 247
570 55
313 479
981 785
795 958
552 680
389 393
280 944
864 596
636 619
512 611
892 852
184 283
947 299
614 766
625 312
149 826
377 726
474 733
18 805
662 679
416 403
1 964
530 337
752 541
22 478
981 369
777 946
957 821
275 833
584 837
582 490
121 37
951 594
668 129
118 258
319 246
896 362
521 755
948 504
248 71
474 177
351 176
54 803
155 237
660 677
871 33
486 115
294 597
425 769
245 536
382 956
371 341
708 184
544 234
794 569
387 216
738 537
520 84
281 810
502 657
91 33
503 159
924 520
16 668
33 287
344 229
349 374
606 474
896 672
595 915
441 511
102 123
52 569
654 199
710 396
434 715
245 59
36 610
661 917
413 927
13 270
370 117
400 516
195 215
984 216
476 237
164 615
405 499
674 477
196 760
608 285
907 56
532 966
51 622
716 221
327 194
880 91
710 347
267 252
400 473
376 516
609 385
320 357
196 958
538 665
935 792
404 64
100 420
126 671
855 968
94 877
731 177
253 523
8 139
393 152
543 732
348 246
318 565
489 740
22 902
998 17
49 973
381 298
10 611
429 32
221 11
150 337
717 136
530 889
332 522
942 805
565 28
216 931
61 757
170 609
872 544
644 905
208 595
680 246
697 113
639 175
679 156
961 244
361 883
802 265
359 883
839 462
718 485
280 272
252 204
280 984
102 409
615 398
296 909
481 370
956 882
230 214
259 766
922 35
706 421
272 271
156 370
552 848
485 50
536 976
70 270
902 796
452 963
35 379
947 991
378 551
57 897
352 307
669 421
702 74
141 388
458 559
463 980
756 615
887 681
332 231
528 207
656 818
254 331
787 979
495 445
370 348
10 724
200 401
327 646
17 668
374 242
755 302
980 861
376 830
8 77
32 441
460 589
804 990
23 189
869 868
943 996
715 363
628 237
73 420
199 565
38 214
209 333
327 726
912 175
799 58
372 625
976 66
120 169
667 475
188 204
28 90
704 496
649 1
746 474
697 449
712 252
289 332
625 287
953 189
462 889
302 63
79 378
41 206
823 897
908 230
665 382
36 575
732 60
809 529
66 477
291 290
591 89
583 961
252 461
479 702
530 532
224 680
788 53
309 642
366 1000
352 891
402 822
545 152
113 324
967 633
454 267
723 381
14 272
20 506
308 419
644 461
713 526
482 978
336 468
289 729
496 795
326 581
530 383
167 226
522 421
830 386
91 273
116 484
747 676
395 107
958 229
756 902
262 962
703 105
511 84
481 991
449 701
888 689
599 655
306 600
492 538
803 499
445 881
316 981
889 473
785 383
765 679
491 573
589 589
124 480
741 145
898 624
725 923
682 915
131 232
398 974
906 735
753 678
312 640
790 644
301 212
945 123
447 253
197 943
27 18
573 916
589 327
934 640
209 615
529 470
899 655
15 288
592 401
92 840
575 633
814 707
354 424
127 682
374 194
566 855
594 190
973 728
645 178
603 275
712 88
32 367
298 544
561 738
906 963
626 460
143 266
504 727
836 33
361 442
431 628
554 384
24 244
416 482
735 765
243 446
454 247
932 913
494 560
648 528
357 594
596 935
788 462
536 621
759 660
200 564
566 302
741 936
217 592
219 724
832 118
819 299
487 251
473 129
241 96
64 167
516 169
857 381
218 976
490 767
504 837
707 407
342 203
475 387
175 735
786 706
171 335
232 40
888 821
866 131
976 159
253 978
619 53
642 849
460 478
218 19
218 230
667 453
949 336
89 931
488 588
568 449
526 566
330 5208
772 8364
180 6074
547 9465
228 9110
460 6103
502 5272
499 5139
221 6710
437 6794
849 5689
853 6120
123 7984
875 7100
450 5368
863 8807
169 6412
30 9961
710 9359
525 6963
653 6154
43 8197
848 9422
453 9814
461 8280
247 5912
696 5818
370 5397
538 7317
906 8848
732 5222
736 9913
592 7580
95 6649
470 9053
354 6219
917 8159
51 8978
119 5504
91 5455
43 7015
390 8312
408 6698
673 5099
15 7665
115 9203
655 9073
318 9425
63 9831
261 5412
668 5659
525 8164
489 8847
625 7590
770 8509
713 5508
852 7155
354 5450
598 8631
652 7594
961 6607
388 7849
355 7568
790 9898
255 6016
603 6925
908 9031
308 5316
120 7585
964 7839
602 6478
970 7045
434 7190
873 7647
895 8405
366 5350
741 9361
197 7381
191 6528
615 8550
721 5622
358 5738
704 7915
263 5177
352 8800
665 5728
167 5356
792 9985
402 7963
281 5098
955 8434
494 6774
14 5730
137 9311
93 8938
486 8142
341 9293
163 7752
677 7338
180 6234
711 6948
93 7872
873 6607
116 7083
504 7334
459 8198
331 5726
821 8187
958 6878
384 9991
455 7386
64 6679
574 7438
49 9430
20 5573
895 5601
851 7673
818 5116
257 5471
86 6475
223 5599
451 9429
492 9324
955 7384
15 5260
229 6258
682 8215
106 8324
29 9883
631 9151
435 8612
101 6213
1 9491
407 8757
949 5251
342 6774
239 8478
829 8489
852 5723
430 6790
947 7691
269 5909
645 7056
40 9102
529 7119
461 7784
325 9898
966 6381
175 7219
772 7703
827 9404
209 9056
279 7602
380 6025
528 5543
272 8590
696 6687
98 9039
682 5665
861 9287
35 9500
840 9057
152 9874
560 8272
38 6975
143 5330
967 7161
242 5801
498 9135
676 8559
854 5314
409 8371
969 9901
703 8775
84 8841
485 5616
629 5983
509 9320
375 7035
149 5209
87 8027
567 7798
751 5984
196 7192
42 6201
883 9970
743 6636
831 6484
712 8574
622 8978
326 8394
832 7263
142 9076
931 6988
816 8918
836 7721
767 9277
18 5993
732 9677
760 6950
568 5259
766 7505
869 7394
85 5869
410 8812
863 9383
857 6192
63 5824
989 8820
834 5619
589 9348
257 6087
255 5453
177 5632
776 7695
924 9440
736 8359
992 6175
580 6526
609 7570
302 5166
29 8424
453 6592
523 9339
319 8541
180 5126
401 7147
575 5076
530 7477
398 9568
331 8229
21 8486
357 5555
169 5734
22 8069
846 8082
783 5360
252 7663
971 7643
780 9512
570 5470
194 8118
260 9672
91 6259
59 8138
623 7102
481 9678
63 6666
446 7867
21 5959
273 8926
681 6084
301 5832
595 7035
349 5966
513 7915
389 8156
707 6780
122 8684
309 6503
376 5068
54 9663
906 9882
218 9680
964 9364
913 5820
390 5453
411 8957
811 5071
838 8329
429 6893
542 8441
337 6982
296 8636
216 9302
989 9813
575 6930
792 6141
737 9458
147 7934
242 7543
832 6544
374 7074
590 6950
346 6158
988 8979
368 9926
953 5656
606 6332
582 9043
317 5136
521 9557
222 5342
710 9800
528 8495
643 9448
366 5725
886 5236
860 7191
874 5322
345 7520
726 6758
631 5958
244 5091
58 6627
97 7176
878 6176
651 6482
545 5617
579 7833
56 8300
406 9951
679 9733
124 9912
893 6285
986 6533
869 9136
328 8665
648 8581
336 5159
961 9947
644 7538
646 8973
426 9904
398 9148
759 8260
279 9549
97 5408
327 7219
665 5302
597 7865
659 6830
785 9284
113 9213
949 5412
93 5169
624 5340
440 6664
606 9682
834 9544
334 7535
711 9834
180 5962
259 7245
915 5221
657 9562
934 7537
442 7352
328 8709
574 9945
504 8047
304 7601
506 8017
160 5231
6 7699
485 7741
788 5883
132 7695
38 5405
29 8818
364 7131
757 6648
483 7482
221 7250
831 5245
203 6691
532 5844
747 9472
711 7946
266 6487
724 7498
918 7618
956 6812
578 6721
670 8376
988 5129
497 5116
899 6622
321 8410
145 7315
564 9549
265 8278
95 6928
759 7326
300 7557
336 6473
516 6421
138 5843
189 6907
243 8043
397 8552
866 5541
665 5098
308 6106
165 5024
783 6907
241 5680
536 9159
176 5750
461 9216
719 9418
730 5188
421 9472
354 5167
617 7138
906 6728
160 6206
665 9957
1 8615
194 7885
747 7188
235 7189
967 9332
148 5110
145 9057
265 5062
580 8180
148 6597
784 9275
42 9494
104 6164
415 6873
291 5968
410 5685
872 8127
388 5747
721 6499
19 7265
340 9597
732 7570
571 8060
288 9047
873 7130
481 5691
321 7204
76 9525
229 9024
750 5914
925 5404
193 6539
400 7858
108 9704
261 8366
629 7649
730 8605
672 9039
500 9262
847 7209
836 8255
743 7915
405 6901
946 5831
232 6563
862 7172
175 9936
167 6267
404 7904
340 8098
939 6320
467 6020
33 8432
978 5433
821 5480
833 5197
494 8887
588 9343
879 5982
500 9985
66 8977
704 7232
434 8250
67 6637
401 5791
936 7801
928 5651
106 5737
417 6858
516 7075
936 9180
291 7727
595 6128
220 7109
657 6144
527 8366
132 6063
618 5326
157 6287
765 9796
73 6762
106 5845
708 8184
672 6045
5 8087
582 8336
123 7131
165 9452
485 7545
835 8610
594 9304
329 5879
528 9518
926 9126
126 5120
356 5739
374 5817
217 6333
651 5286
623 6867
435 6893
839 5466
946 9582
611 7871
137 9489
653 7814
917 9595
720 9648
789 9084
150 5555
954 9434
338 7920
257 7411
468 9882
698 7198
909 9357
831 8786
637 8213
727 6389
217 9025
322 9332
430 7621
677 6023
190 9537
379 8291
929 9087
59 7336
364 6478
543 6365
254 6607
939 9324
38 7182
521 6898
15 7338
555 6668
621 8464
690 6791
136 8504
900 8808
687 7684
248 7950
260 6460
894 7563
920 5917
274 8277
74 5502
964 7208
330 6911
375 6253
246 7773
396 7644
596 5306
110 8809
415 5797
858 6420
881 5113
877 6057
868 9136
326 8978
106 9002
714 6602
576 6653
142 5576
975 7484
722 5429
964 7864
283 9243
707 9855
754 7142
359 9674
664 5582
438 7415
209 5747
291 8252
932 5900
647 7820
587 5340
731 8138
839 5579
521 5833
259 5119
173 9897
281 9638
346 7342
976 8512
331 6508
346 5120
661 7868
230 6169
839 7933
7 8689
97 8110
698 5276
287 5453
888 7669
631 9150
412 9349
257 5167
685 6474
625 5432
480 8171
795 9510
916 6905
609 5686
416 9546
272 5020
351 9197
900 5197
230 7407
713 7626
482 6944
430 9104
176 5895
362 8680
66 8555
933 6161
541 5540
680 5292
129 5149
556 5957
718 8525
781 7158
217 7341
162 6413
430 5051
916 5054
545 6372
674 5584
540 7958
731 5224
624 6850
532 8165
677 6434
136 6762
748 5034
886 9460
21 5426
813 8114
209 9454
448 6098
610 6899
976 7913
180 5203
801 7455
267 8451
416 7668
543 7587
575 5007
214 8165
896 5622
573 6839
908 6858
523 7645
777 9771
32 7233
831 7036
734 9077
627 8472
898 6258
518 9017
111 8532
882 6534
100 9694
336 5989
204 8144
880 7674
572 9929
188 8045
774 9736
42 7001
67 6623
433 7270
49 9956
825 7859
142 9944
63 5025
333 9407
258 9772
132 5627
969 8201
198 9807
861 5707
353 8391
903 5225
956 8013
402 8593
883 6728
635 9329
309 8101
600 7637
666 6177
460 6817
26 8219
753 8301
969 5351
723 8032
832 7625
31 9306
278 6678
474 8987
806 6619
575 7661
274 9609
152 7311
262 9773
868 8270
847 7382
577 7172
711 8287
648 9930
371 6336
559 8993
904 6277
908 5695
681 6760
322 9754
170 6223
93 9052
989 7673
634 5741
316 9084
617 5353
856 9024
118 7714
568 7379
938 9262
977 6335
637 7411
714 7720
550 8852
558 8222
540 5393
638 5592
422 6522
542 9579
712 7412
604 7276
336 6741
147 5207
418 6538
264 7605
29 5785
291 5960
342 8356
52 5140
215 6524
110 9319
631 6120
138 5166
446 8976
750 9468
118 5449
601 8854
839 8047
81 5177
488 7737
355 7472
24 7208
29 9766
251 5822
174 8174
191 5371
453 5790
162 5972
889 7083
941 8366
299 6972
586 6560
741 9643
356 7451
596 9251
979 9172
658 9385
15 8060
28 9796
228 5165
633 5178
894 9587
82 7911
391 9073
953 6330
207 6186
654 9034
718 8787
741 6746
953 9376
55 6551
313 7105
281 7231
363 7891
240 5547
504 9350
188 7059
104 9349
870 6900
708 9469
947 9439
643 6431
360 5750
570 5766
875 9091
794 8387
9 9561
902 9856
131 9749
626 6436
983 5081
783 8922
945 8073
272 5997
111 7613
375 5713
186 9880
659 6031
327 7257
173 7031
897 8537
761 6673
655 6133
247 5588
315 6366
59 8633
161 7965
521 8659
989 5190
364 6331
856 8737
758 9299
484 5974
941 7942
245 8519
820 9548
576 8242
676 7140
179 6977
874 6019
752 6780
290 8151
282 8880
361 7697
549 5850
41 8634
373 6250
571 8084
124 5663
648 7950
83 8574
3 7755
405 5745
329 9000
469 5483
417 8907
895 7654
878 8547
79 7960
896 5861
880 6228
94 7399
534 9071
439 7733
366 6997
626 7622
575 5433
714 8488
366 6563
220 6386
108 5619
511 7615
736 5051
7 7669
202 8440
897 7750
322 9936
905 7988
854 8321
148 6795
668 5768
300 9159
272 8788
676 6538
787 5038
728 7264
771 5470
947 7737
699 6895
738 7512
518 5941
842 9368
834 6062
666 8123
939 7641
294 8159
558 8273
35 7597
518 7528
366 5154
650 8138
877 8348
802 8874
850 9609
257 6199
630 7669
899 7046
36 9283
602 7506
455 6025
491 7007
208 7459
282 9302
862 9039
782 7724
947 6261
744 6528
204 7494
68 7901
601 8215
632 6355
773 9455
664 7075
487 5348
445 9008
119 8063
484 9854
884 9767
599 7900
335 6696
511 7549
989 9873
396 9247
104 9416
665 9108
503 7809
384 6935
790 7946
143 7607
611 6684
903 7479
380 8390
927 5813
606 8259
513 5764
689 9017
70 8820
490 6798
244 5869
526 6324
22 8039
926 5897
192 9250
638 9934
808 9143
432 5935
624 8709
837 5694
325 7903
512 6283
629 9192
156 5717
958 8175
991 6975
848 6948
462 9712
356 9427
243 5682
647 5136
883 8414
205 5970
973 6820
419 7443
103 7762
372 6964
135 6643
304 7007
577 7942
49 7243
493 5694
638 7241
642 6550
673 6172
605 7695
512 5694
816 8516
87 6425
97 6140
484 8844
900 9876
52 9536
200 7157
457 9074
247 9491
455 7571
625 7380
