1000 614600
482 485
257 326
286 248
517 421
404 322
713 795
45 43
924 845
873 955
160 252
1 9
838 901
40 122
58 94
676 738
627 574
766 715
862 882
405 367
923 984
379 299
461 433
612 682
133 72
813 874
97 138
908 856
165 145
996 995
623 529
220 199
298 277
157 97
723 719
144 242
48 107
129 122
148 70
35 98
644 600
632 645
272 267
1040 972
977 895
312 213
778 748
567 487
965 923
1 29
616 674
569 540
628 554
493 467
76 46
733 710
575 553
288 191
775 724
723 730
912 988
64 90
354 340
565 549
210 196
922 865
775 678
566 570
934 936
626 722
742 651
194 123
485 431
483 508
617 585
876 853
653 642
896 992
652 725
220 286
727 812
900 859
563 663
56 88
157 179
280 187
537 619
284 261
920 846
124 192
239 261
459 514
931 886
504 530
910 849
382 294
795 799
485 391
351 330
289 298
865 790
250 275
738 826
75 72
788 866
947 951
651 748
595 685
993 956
663 564
265 183
338 400
637 721
206 207
328 323
618 611
64 116
139 109
806 795
412 343
912 862
715 685
1 10
929 881
1025 984
410 403
273 360
507 449
450 541
174 272
882 877
427 359
787 707
355 308
734 770
1 30
248 208
397 311
159 100
874 939
449 422
857 785
286 370
976 989
908 969
103 143
1071 972
1 28
117 61
697 638
424 348
439 347
74 66
442 391
568 638
195 295
854 826
281 196
433 449
845 855
224 143
487 487
181 140
496 564
690 615
124 135
575 564
374 360
766 793
149 163
776 859
793 760
674 711
696 662
90 159
732 660
214 268
935 948
228 315
619 676
349 341
734 689
964 894
644 706
484 490
491 478
628 671
1009 932
944 899
315 237
92 187
554 472
757 772
88 98
952 906
818 911
628 635
316 225
818 823
255 164
432 343
763 732
490 502
721 740
587 576
530 612
992 902
491 454
343 411
880 973
645 703
761 850
152 77
241 220
727 802
352 403
246 181
1 10
479 525
958 919
749 668
551 527
538 462
319 291
580 605
501 457
487 405
349 417
252 279
731 685
637 596
339 307
257 224
271 322
740 840
1002 975
404 401
190 91
254 327
277 330
100 182
648 603
810 793
535 615
702 733
855 864
76 16
773 863
917 987
279 306
123 34
922 840
613 700
658 706
705 787
101 105
807 834
883 798
358 310
634 609
786 690
618 561
644 579
141 60
466 388
340 309
495 407
283 200
352 313
886 970
95 33
291 273
217 277
1007 997
1 40
219 227
764 860
1025 940
600 608
895 990
690 590
738 806
1 52
772 801
727 764
774 710
340 386
503 593
1 50
432 494
228 156
993 936
1058 965
130 86
821 723
189 184
943 868
343 340
404 412
560 487
196 209
418 346
782 860
314 307
59 95
778 821
979 941
828 821
584 587
122 201
741 665
566 527
760 812
385 424
395 459
250 343
789 836
492 506
261 179
914 916
380 430
537 596
731 808
361 269
473 512
737 811
708 685
635 567
804 776
827 855
695 718
756 853
57 97
178 146
688 746
1 15
871 965
415 512
510 480
1057 958
764 665
193 191
905 964
583 515
696 606
887 822
444 536
741 693
12 19
313 335
81 101
828 922
354 294
981 910
499 410
283 250
545 546
635 729
540 609
689 720
946 976
730 759
703 798
14 74
644 648
241 299
793 785
912 846
461 390
801 897
424 416
744 837
272 247
338 293
193 144
987 938
432 467
505 480
944 955
653 665
38 26
468 564
461 449
1 26
576 521
329 301
274 321
701 613
432 388
851 879
915 990
137 188
927 963
903 820
373 300
770 822
160 255
285 277
231 153
366 400
317 227
423 518
420 447
216 315
772 813
271 324
566 502
243 299
725 780
390 376
491 516
225 212
392 329
781 810
434 486
535 485
368 416
938 952
946 894
353 358
1 21
707 647
143 44
630 683
364 361
822 814
147 231
54 8
91 165
431 496
606 699
917 852
553 459
473 535
222 314
954 944
369 306
413 459
717 637
491 447
447 408
44 107
994 962
518 565
448 407
931 857
369 317
181 98
815 818
655 600
267 288
960 902
611 567
271 190
771 749
993 908
359 276
810 748
563 592
360 393
264 363
199 163
1074 983
131 179
41 16
423 478
197 259
779 868
344 295
536 596
140 71
669 622
938 864
715 644
67 5
321 365
434 429
19 64
928 854
759 770
178 88
160 157
277 368
467 421
653 719
330 271
966 975
817 816
1045 962
508 535
492 438
743 696
884 881
259 318
56 45
1 52
421 496
270 313
99 138
429 334
1004 988
512 508
702 770
657 751
862 780
516 441
246 207
592 516
641 674
390 408
831 920
522 573
611 634
825 878
929 990
734 826
718 696
883 800
355 411
426 422
668 707
235 334
1080 986
397 494
137 150
648 562
342 380
799 832
1067 979
313 376
452 511
441 414
214 160
1059 982
260 238
579 490
897 899
316 251
526 526
909 897
139 39
634 657
384 452
577 538
840 831
509 460
262 185
934 934
513 440
556 490
97 168
107 71
937 977
370 458
193 204
802 803
134 139
390 399
439 420
1034 991
636 578
1008 972
191 177
429 398
445 348
483 496
347 276
769 825
540 614
212 121
789 730
317 341
381 284
714 698
24 17
570 546
771 672
1052 974
776 866
290 377
470 559
367 340
626 527
879 779
688 761
553 483
112 92
440 390
510 583
741 661
473 391
289 336
574 661
85 125
36 89
362 275
310 359
129 178
763 780
31 42
69 5
470 380
739 772
726 816
57 9
476 484
498 545
669 589
112 157
934 901
854 777
112 74
246 247
1 55
481 479
883 785
1051 958
763 680
417 393
900 944
573 596
601 619
588 611
900 852
327 283
199 299
847 766
240 312
862 826
635 726
680 733
806 805
767 679
495 403
870 964
259 337
476 541
512 478
467 369
1001 946
798 821
819 833
835 837
502 490
119 37
652 594
82 129
242 258
215 246
291 362
687 755
550 504
1 71
249 177
203 176
865 803
189 237
758 677
90 33
188 115
621 597
807 769
481 536
1031 956
349 341
222 184
260 234
551 569
245 216
631 537
183 84
873 810
656 657
5 33
137 159
579 520
656 668
373 287
232 229
352 374
428 474
598 672
943 915
582 511
120 123
573 569
218 199
347 396
628 715
1 59
642 610
959 917
983 927
186 270
60 117
513 516
143 215
234 216
290 237
597 615
452 499
521 477
837 760
267 285
20 56
1027 966
690 622
235 221
199 194
186 91
374 347
244 252
424 473
438 516
385 385
337 357
945 958
686 665
698 792
16 64
464 420
655 671
911 968
839 877
144 177
535 523
65 139
230 152
806 732
312 246
578 565
699 740
817 902
105 17
886 973
360 298
658 611
53 32
1 11
319 337
36 136
879 889
595 522
721 805
80 28
981 931
838 757
654 609
480 544
973 905
647 595
243 246
152 113
183 175
140 156
263 244
856 883
338 265
792 883
403 462
560 485
238 272
214 204
1011 984
453 409
330 398
819 909
469 370
882 882
279 214
811 766
82 35
341 421
271 271
397 370
876 848
128 50
1016 976
243 270
843 796
949 963
451 379
1091 991
594 551
867 897
353 307
471 421
100 74
401 388
591 559
884 980
607 615
651 681
209 231
133 207
741 818
372 331
950 979
403 445
419 348
780 724
345 401
618 646
766 668
335 242
288 302
795 861
777 830
117 77
541 441
499 589
1025 990
217 189
799 868
944 996
329 363
232 237
367 420
552 565
220 214
353 333
811 726
176 175
35 58
548 625
1 66
142 169
400 475
298 204
27 90
421 496
40 1
462 474
359 449
299 252
395 332
382 287
206 189
980 889
1 63
285 378
109 206
813 897
219 230
361 382
601 575
155 60
442 529
405 477
253 290
57 89
894 961
548 461
763 702
542 532
704 680
44 53
545 642
1018 1000
803 891
730 822
59 152
423 324
590 633
266 267
325 381
307 272
422 506
403 419
524 461
613 526
1033 978
403 468
820 729
777 795
631 581
298 383
302 226
505 421
461 386
351 273
556 484
638 676
152 107
236 229
831 902
882 962
38 105
100 84
1006 991
661 701
596 689
748 655
528 600
587 538
492 499
783 881
1017 981
546 473
368 383
618 679
662 573
563 589
553 480
161 145
612 624
926 923
972 915
249 232
948 974
662 735
735 678
682 640
722 644
146 212
75 123
276 253
890 943
1 18
1007 916
302 327
607 640
646 615
488 470
565 655
239 288
448 401
906 840
564 633
647 707
339 424
757 682
213 194
829 855
229 190
703 728
257 178
255 275
123 88
321 367
517 544
768 738
1040 963
439 460
282 266
739 727
128 33
471 442
714 628
467 384
298 244
411 482
760 765
435 446
245 247
865 913
658 560
457 528
694 594
882 935
415 462
555 621
705 660
525 564
276 302
871 936
582 592
639 724
181 118
200 299
201 251
35 129
5 96
85 167
239 169
359 381
948 976
771 767
804 837
457 407
284 203
485 387
803 735
629 706
358 335
13 40
808 821
68 131
96 159
956 978
101 53
767 849
577 478
1 19
278 230
388 453
318 336
847 931
592 588
494 449
615 566
158 7485
244 9403
637 7035
186 5976
529 6415
454 6879
940 6649
245 8329
342 8603
300 6089
150 5152
366 7462
87 9911
817 6541
871 9105
344 6871
150 7832
960 6417
890 6941
863 6963
922 5391
226 9506
397 9111
607 9375
727 8342
871 5304
483 5482
1026 8830
453 7113
412 6725
194 8523
71 6251
357 9948
354 8215
831 6072
19 8027
41 5915
587 5030
152 6065
235 5300
246 9667
406 8577
71 8816
202 9893
675 7839
699 8719
863 7986
8 8038
81 5674
597 8232
881 9035
815 6881
641 7390
349 6156
1066 5949
1058 8631
401 6481
368 6666
529 5092
876 8574
335 6394
932 6364
356 6292
655 5390
916 6899
153 5628
816 6072
415 8752
743 7434
80 8610
823 8048
242 6104
108 7695
415 6034
110 8933
347 5440
206 7046
405 8315
886 9579
786 9449
534 5975
381 7746
185 7647
618 5848
85 5489
1057 5502
53 7354
835 8975
458 5705
613 7168
482 5137
970 8160
95 9109
940 7698
476 5376
987 9064
879 5965
142 8004
38 6478
719 7229
150 9008
608 7832
134 8673
1009 9494
536 8116
945 6945
1024 6119
587 7815
1067 8007
712 5498
507 5399
1000 9339
312 5044
72 5181
546 7216
92 5993
661 7119
695 8160
942 8419
738 8320
446 7616
211 7475
296 9756
320 9932
258 7548
782 9857
1025 8880
651 7099
1081 5500
864 8417
276 9444
395 6723
200 7256
124 7395
590 8940
713 7734
501 7991
852 5482
335 8706
332 9822
920 9457
230 9200
690 6722
376 8438
117 5500
781 5675
294 5133
489 8492
44 7864
822 7202
34 7058
314 6778
124 9674
547 8263
250 5706
651 9104
184 6468
734 7928
946 9912
412 6516
309 8282
1091 6313
629 6812
805 9158
131 7590
888 8866
401 7155
938 9083
1006 6932
569 5882
958 7024
808 8569
897 8316
67 5384
322 8780
1037 6741
451 8951
763 7855
539 9581
566 9957
600 9397
589 5190
753 7631
653 5416
727 9745
272 9237
967 5507
674 6512
281 6739
39 8107
421 8304
1056 9229
130 5331
352 8821
881 9262
817 9402
1045 5353
206 8369
981 8350
131 8766
582 6912
566 9423
159 8435
522 9206
1056 6790
801 5847
278 6873
590 6253
713 5815
599 7328
636 5354
942 7646
588 9229
630 7285
971 7867
996 8850
30 6281
384 9126
1083 6260
1078 5349
224 8745
98 7318
341 9637
274 7539
780 7199
868 7717
433 8641
243 8062
309 8409
889 7491
67 7378
940 6190
707 8795
30 6774
17 9980
445 7137
655 9768
269 9148
74 6176
360 7996
1044 5830
166 6105
639 8355
1045 8777
972 8650
355 6695
907 9146
656 6670
900 8856
279 7180
239 8612
1068 5268
944 9061
71 7083
627 5418
552 6611
963 7401
789 6986
424 7061
464 7296
96 8575
713 7744
94 5565
956 9336
782 7867
84 5798
222 6020
559 6629
974 6887
791 9172
640 6563
854 7805
984 6692
208 9470
216 8827
197 8272
681 8402
1081 7374
189 6239
584 9882
438 7503
986 5192
434 7494
913 5106
118 9109
503 9002
365 5535
889 9724
639 7888
424 6218
1021 8073
189 6680
213 8814
1017 8595
594 7642
702 6436
891 8397
573 7871
986 5538
564 8528
135 5793
819 7136
744 6042
149 5692
413 8163
211 9751
271 6739
859 6599
118 6435
17 6879
218 8825
412 7558
531 9429
637 9135
883 8696
843 5176
560 7120
208 9753
78 6150
399 6343
447 8599
447 6792
689 5335
510 5560
718 9014
809 8379
427 6158
470 5424
319 8247
72 5035
86 8471
311 8788
963 9768
252 7138
124 5922
29 6886
837 5903
418 5595
717 9621
541 8126
30 5885
789 9058
1054 9275
326 6658
1014 6116
699 9595
750 6324
718 9537
764 5031
1038 8305
928 6539
160 9643
744 9038
505 9585
537 5457
849 9725
778 9670
667 5382
881 6998
1047 5221
703 5424
911 5428
553 8679
888 5513
963 6845
120 7989
344 7788
922 8643
249 6545
929 8996
682 8728
1050 5100
300 7489
513 8151
942 9658
191 6836
20 8265
418 9764
362 5032
536 6472
751 8148
223 6344
977 5213
714 8614
304 7649
620 7694
183 7138
878 5861
253 9715
1067 5163
805 5129
4 9380
379 9238
172 5451
123 8377
932 7603
862 7105
1082 5942
355 8049
522 5699
643 6767
630 7186
1040 5918
264 6380
733 7214
388 6875
836 9024
289 9763
397 8069
247 6755
966 6087
1020 5359
357 9225
472 9093
506 6331
359 9326
280 9312
652 8178
308 8473
896 9864
764 5461
513 9187
877 9379
949 5953
105 8577
697 9822
461 7288
859 9912
767 7674
330 5222
388 9186
166 8420
980 5146
230 7808
61 7971
1071 8472
790 8583
491 9174
5 5326
904 8713
188 7566
610 7392
439 9471
220 6382
232 8780
482 7320
984 7156
329 6098
136 9295
336 7137
782 8309
148 8664
534 6284
964 7341
314 5238
18 6105
448 7640
783 9661
207 9675
1036 6059
1007 6025
567 8365
616 5224
604 8050
720 8949
8 9703
562 9247
590 9700
267 7480
958 9804
831 8429
766 5341
545 7562
174 6977
993 5533
573 8654
248 6356
519 5135
261 6109
886 5568
195 6657
414 5204
442 5955
938 8504
1005 5308
884 8645
348 9299
893 7514
592 8061
610 6999
474 6195
772 8624
391 6623
708 5309
297 5796
848 7490
604 7636
998 9934
785 5127
409 7444
931 8617
189 5283
855 7694
98 6905
831 9771
857 6286
363 5603
884 7724
597 6931
483 9622
440 7473
447 5691
143 8535
614 9725
215 6262
470 7395
774 5243
75 6026
677 8536
675 7415
502 6030
296 9319
877 8190
494 7709
989 6859
360 7939
221 9108
951 7758
166 9139
282 8329
987 8596
41 9575
1007 6042
426 9609
276 9205
637 9522
1035 7827
779 6472
214 9297
936 6240
795 8383
807 8676
521 7318
251 7531
321 8500
658 5621
480 6372
721 6262
103 8807
160 9118
669 6913
467 9258
74 9949
384 6804
1091 9357
165 9420
376 5641
750 8236
871 5187
156 5382
495 5602
219 8820
729 9094
652 8474
639 6981
881 7134
114 6809
604 7847
515 8899
638 6800
983 8331
987 8683
255 9122
742 9714
646 6974
52 7737
343 7005
8 6608
1047 5900
1067 5842
1011 8576
255 6971
89 8016
1014 9125
308 6645
181 7449
538 7973
122 5755
761 5910
1087 8179
675 5494
566 5954
991 7814
742 9642
172 5858
1057 5695
681 6682
625 9499
1033 5809
212 5142
617 7900
263 7089
429 8744
764 5810
439 6827
497 8625
121 5827
746 6669
938 9885
618 5646
703 7708
868 8262
7 8843
944 5505
408 8865
859 7966
741 9338
155 9701
512 7714
698 8727
613 8548
606 6741
917 8587
865 6903
193 8579
1065 9435
167 7093
463 7355
857 5445
479 7929
444 5016
465 8589
899 8058
468 5203
18 8916
755 9991
804 6763
404 9855
323 9844
664 7733
390 9554
350 6003
763 8117
651 7505
764 5586
947 8540
509 5457
884 8774
1005 8335
411 6499
940 7179
199 5549
83 8009
43 6217
651 5434
259 7701
267 6066
975 6899
663 9006
496 7867
870 5845
875 6315
197 8823
833 5669
1089 6878
912 9101
703 8678
1061 5330
919 9335
109 6645
1052 6133
540 7518
578 7211
553 8348
507 5206
569 5948
508 5404
424 5689
924 8502
709 9488
245 8426
94 5022
1088 8352
1010 5014
583 9981
860 7855
889 8918
631 5953
1029 9683
424 5466
634 7934
85 5332
4 7640
830 6302
784 5348
651 9945
143 8194
924 5542
487 8189
467 9697
379 8849
413 6592
342 8040
972 5429
293 8716
761 6601
642 5913
295 6101
807 8786
858 7551
276 5797
946 5527
426 5077
680 8922
387 9201
562 6063
793 8910
530 6151
552 8703
637 6203
243 7246
621 6315
29 7361
457 7009
663 6710
529 8537
281 9680
271 9568
299 5710
479 6989
837 6531
859 5109
901 8696
910 5796
349 9752
797 8100
387 8340
522 7503
179 6529
266 9222
588 7070
500 7929
352 8853
836 6434
831 9661
844 5878
13 6352
52 9704
803 7189
1075 7064
989 6032
686 9222
964 6710
1053 8018
10 9541
1022 6524
707 9623
175 9636
604 8955
984 6509
895 6960
1060 9186
1056 8381
125 9000
572 8338
832 7526
890 5472
117 6292
513 7312
487 7731
607 5405
218 8990
544 7387
791 7580
457 8614
1040 8934
855 7165
949 6650
328 5156
269 7082
12 8314
827 9375
512 5896
1051 5689
409 5039
643 9558
833 6409
487 9748
127 6974
36 6724
482 8792
781 8797
860 9832
248 8246
166 7552
337 8274
660 9613
415 8522
405 6973
1003 6513
422 7062
707 7775
790 5288
402 7081
195 6428
1045 6365
601 7391
61 5501
195 9637
618 5011
461 5889
609 6054
636 7592
876 8983
769 9837
126 5924
636 8533
728 8943
302 5620
859 5381
372 5177
64 7876
1052 9458
289 5658
955 8013
945 7435
239 5229
1027 8334
314 7476
518 7947
121 9250
791 5611
579 7171
788 8182
999 5374
758 7296
964 6198
1056 8725
373 9308
518 5417
37 5524
860 7191
38 5718
877 9489
196 5905
556 7609
260 5283
1 9243
237 5802
573 8346
698 5904
710 5542
677 9803
752 6202
1081 9195
351 5973
546 9076
418 8836
1029 5740
467 8887
348 7057
99 9029
17 6769
16 8372
1031 8555
146 8094
129 9277
983 9565
893 5158
409 7795
434 8182
126 6038
794 9599
818 8310
619 8877
136 6383
416 9361
537 7956
446 9748
981 8076
598 7687
766 5196
48 7677
709 6324
780 7176
943 8550
256 7756
124 5776
424 8928
690 8942
278 9513
628 7618
41 5273
594 5005
930 5715
260 8650
421 7626
869 6353
670 8007
37 5609
223 5297
89 8676
239 5007
494 5201
826 9706
483 5331
773 8132
821 8907
401 6615
676 7534
493 7511
75 6387
353 7000
598 8969
484 7856
268 6386
680 6520
839 6164
516 8423
583 9183
33 5545
91 9190
586 5437
740 9846
854 8243
116 8578
779 9865
1086 5201
774 5232
786 8649
594 8327
40 6408
19 6321
563 5000
619 5483
654 6780
452 7192
271 7706
553 6834
173 6170
475 5924
309 9179
270 7521
1000 5000
605 5581
830 7298
36 6687
808 5705
625 5554
309 8465
118 7334
772 8309
1048 9865
891 7063
811 8268
403 9322
1013 7936
333 5757
1088 5881
758 5685
1089 6447
802 9800
733 7487
45 7599
207 6442
731 7391
569 5714
400 8746
1042 9781
474 6955
207 6459
70 7964
1024 9847
866 9348
910 9482
54 9654
777 7288
8 5274
778 8460
447 6948
176 5602
160 5885
1074 6250
206 7067
625 6669
1035 7204
351 9812
324 7139
476 7581
706 7867
34 7589
722 9416
442 9970
332 7580
186 9397
285 6072
93 8562
378 8438
434 8544
908 6822
