2000 587800
94 485
506 326
416 248
992 421
649 322
237 795
457 43
815 845
446 955
422 252
791 9
359 901
667 122
598 94
7 738
544 574
334 715
766 882
994 367
893 984
633 299
131 433
428 682
700 72
617 874
874 138
720 856
419 145
794 995
196 529
997 199
116 277
908 97
539 719
707 242
569 107
537 122
931 70
726 98
487 600
772 645
513 267
81 972
943 895
58 213
303 748
764 487
536 923
724 29
789 674
479 540
142 554
339 467
641 46
196 710
494 553
66 191
824 724
208 730
711 988
800 90
314 340
289 549
401 196
466 865
689 678
833 570
225 936
244 722
849 651
113 123
379 431
361 508
65 585
486 853
686 642
286 992
889 725
24 286
491 812
891 859
90 663
181 88
214 179
17 187
472 619
418 261
419 846
356 192
682 261
306 514
201 886
385 530
952 849
500 294
194 799
737 391
324 330
992 298
224 790
260 275
97 826
210 72
649 866
919 951
63 748
958 685
804 956
518 564
428 183
537 400
346 721
153 207
971 323
662 611
197 116
91 109
529 795
126 343
747 862
469 685
770 10
934 881
723 984
895 403
568 360
172 449
958 541
383 272
308 877
970 359
583 707
48 308
930 770
569 30
3 208
20 311
609 100
887 939
825 422
930 785
904 370
241 989
379 969
376 143
962 972
889 28
443 61
216 638
338 348
160 347
406 66
159 391
31 638
204 295
420 826
153 196
425 449
331 855
565 143
838 487
9 140
918 564
533 615
232 135
957 564
591 360
576 793
746 163
377 859
858 760
86 711
434 662
558 159
279 660
840 268
735 948
574 315
126 676
912 341
739 689
821 894
625 706
917 490
201 478
993 671
149 932
52 899
759 237
267 187
256 472
783 772
117 98
516 906
180 911
25 635
380 225
712 823
266 164
216 343
448 732
541 502
664 740
954 576
726 612
772 902
531 454
943 411
750 973
327 703
917 850
5 77
113 220
913 802
791 403
998 181
859 10
345 525
431 919
675 668
833 527
438 462
523 291
916 605
420 457
115 405
660 417
261 279
772 685
388 596
764 307
843 224
206 322
407 840
639 975
852 401
542 91
60 327
757 330
82 182
637 603
93 793
614 615
136 733
187 864
102 16
972 863
163 987
501 306
477 34
492 840
121 700
80 706
138 787
660 105
229 834
827 798
448 310
230 609
832 690
489 561
586 579
291 60
665 388
660 309
702 407
153 200
606 313
123 970
253 33
709 273
832 277
108 997
888 40
481 227
283 860
858 940
284 608
711 990
850 590
239 806
943 52
195 801
95 764
410 710
664 386
900 593
112 50
963 494
754 156
458 936
19 965
225 86
569 723
97 184
194 868
754 340
602 412
61 487
695 209
347 346
719 860
100 307
97 95
843 821
745 941
286 821
492 587
116 201
531 665
424 527
253 812
426 424
413 459
980 343
291 836
833 506
486 179
9 916
575 430
922 596
145 808
897 269
404 512
742 811
728 685
269 567
103 776
745 855
35 718
779 853
71 97
80 146
842 746
128 15
941 965
227 512
30 480
342 958
605 665
531 191
364 964
359 515
867 606
820 822
313 536
207 693
911 19
308 335
430 101
685 922
641 294
113 910
141 410
690 250
700 546
559 729
481 609
503 720
766 976
7 759
882 798
859 74
182 648
425 299
542 785
683 846
853 390
938 897
89 416
624 837
181 247
878 293
933 144
580 938
252 467
207 480
658 955
20 665
954 26
347 564
759 449
446 26
14 521
657 301
710 321
980 613
188 388
636 879
203 990
432 188
129 963
630 820
509 300
237 822
373 255
838 277
395 153
692 400
103 227
218 518
384 447
931 315
396 813
389 324
640 502
287 299
297 780
977 376
512 516
219 212
555 329
398 810
289 486
798 485
598 416
49 952
572 894
697 358
770 21
725 647
542 44
214 683
887 361
45 814
94 231
282 8
82 165
319 496
626 699
146 852
541 459
874 535
725 314
777 944
554 306
208 459
787 637
976 447
912 408
444 107
3 962
301 565
164 407
437 857
652 317
764 98
41 818
737 600
176 288
136 902
128 567
394 190
235 749
42 908
824 276
684 748
979 592
568 393
367 363
52 163
642 983
335 179
126 16
130 478
583 259
129 868
752 295
167 596
856 71
640 622
770 864
431 644
195 5
448 365
701 429
952 64
880 854
168 770
79 88
961 157
472 368
217 421
709 719
147 271
296 975
909 816
764 962
251 535
878 438
753 696
570 881
253 318
666 45
931 52
433 496
810 313
678 138
123 334
212 988
66 508
206 770
750 751
64 780
466 441
337 207
510 516
796 674
175 408
437 920
938 573
848 634
561 878
718 990
948 826
649 696
569 800
663 411
582 422
843 707
202 334
702 986
579 494
725 150
803 562
340 380
156 832
832 979
602 376
234 511
688 414
184 160
978 982
413 238
633 490
585 899
606 251
963 526
350 897
242 39
539 657
739 452
267 538
165 831
177 460
720 185
802 934
644 440
82 490
798 168
197 71
173 977
81 458
235 204
112 803
103 139
268 399
879 420
643 991
106 578
122 972
444 177
262 398
691 348
997 496
446 276
171 825
549 614
281 121
211 730
112 341
408 284
730 698
363 17
89 546
605 672
938 974
168 866
705 377
47 559
400 340
215 527
114 779
51 761
881 483
549 92
679 390
328 583
250 661
203 391
481 336
752 661
707 125
82 89
63 275
660 359
21 178
287 780
219 42
500 5
820 380
95 772
44 816
748 9
678 484
276 545
478 589
663 157
594 901
757 777
947 74
448 247
570 55
313 479
981 785
795 958
552 680
389 393
280 944
864 596
636 619
512 611
892 852
184 283
947 299
614 766
625 312
149 826
377 726
474 733
18 805
662 679
416 403
1 964
530 337
752 541
22 478
981 369
777 946
957 821
275 833
584 837
582 490
121 37
951 594
668 129
118 258
319 246
896 362
521 755
948 504
248 71
474 177
351 176
54 803
155 237
660 677
871 33
486 115
294 597
425 769
245 536
382 956
371 341
708 184
544 234
794 569
387 216
738 537
520 84
281 810
502 657
91 33
503 159
924 520
16 668
33 287
344 229
349 374
606 474
896 672
595 915
441 511
102 123
52 569
654 199
710 396
434 715
245 59
36 610
661 917
413 927
13 270
370 117
400 516
195 215
984 216
476 237
164 615
405 499
674 477
196 760
608 285
907 56
532 966
51 622
716 221
327 194
880 91
710 347
267 252
400 473
376 516
609 385
320 357
196 958
538 665
935 792
404 64
100 420
126 671
855 968
94 877
731 177
253 523
8 139
393 152
543 732
348 246
318 565
489 740
22 902
998 17
49 973
381 298
10 611
429 32
221 11
150 337
717 136
530 889
332 522
942 805
565 28
216 931
61 757
170 609
872 544
644 905
208 595
680 246
697 113
639 175
679 156
961 244
361 883
802 265
359 883
839 462
718 485
280 272
252 204
280 984
102 409
615 398
296 909
481 370
956 882
230 214
259 766
922 35
706 421
272 271
156 370
552 848
485 50
536 976
70 270
902 796
452 963
35 379
947 991
378 551
57 897
352 307
669 421
702 74
141 388
458 559
463 980
756 615
887 681
332 231
528 207
656 818
254 331
787 979
495 445
370 348
10 724
200 401
327 646
17 668
374 242
755 302
980 861
376 830
8 77
32 441
460 589
804 990
23 189
869 868
943 996
715 363
628 237
73 420
199 565
38 214
209 333
327 726
912 175
799 58
372 625
976 66
120 169
667 475
188 204
28 90
704 496
649 1
746 474
697 449
712 252
289 332
625 287
953 189
462 889
302 63
79 378
41 206
823 897
908 230
665 382
36 575
732 60
809 529
66 477
291 290
591 89
583 961
252 461
479 702
530 532
224 680
788 53
309 642
366 1000
352 891
402 822
545 152
113 324
967 633
454 267
723 381
14 272
20 506
308 419
644 461
713 526
482 978
336 468
289 729
496 795
326 581
530 383
167 226
522 421
830 386
91 273
116 484
747 676
395 107
958 229
756 902
262 962
703 105
511 84
481 991
449 701
888 689
599 655
306 600
492 538
803 499
445 881
316 981
889 473
785 383
765 679
491 573
589 589
124 480
741 145
898 624
725 923
682 915
131 232
398 974
906 735
753 678
312 640
790 644
301 212
945 123
447 253
197 943
27 18
573 916
589 327
934 640
209 615
529 470
899 655
15 288
592 401
92 840
575 633
814 707
354 424
127 682
374 194
566 855
594 190
973 728
645 178
603 275
712 88
32 367
298 544
561 738
906 963
626 460
143 266
504 727
836 33
361 442
431 628
554 384
24 244
416 482
735 765
243 446
454 247
932 913
494 560
648 528
357 594
596 935
788 462
536 621
759 660
200 564
566 302
741 936
217 592
219 724
832 118
819 299
487 251
473 129
241 96
64 167
516 169
857 381
218 976
490 767
504 837
707 407
342 203
475 387
175 735
786 706
171 335
232 40
888 821
866 131
976 159
253 978
619 53
642 849
460 478
218 19
218 230
667 453
949 336
89 931
488 588
568 449
526 566
860 272
4 883
772 731
734 80
259 213
270 177
6 872
424 626
204 940
313 150
159 379
205 833
25 517
951 724
721 973
635 581
293 839
712 272
410 412
465 839
366 492
74 553
23 718
416 738
764 839
49 390
817 588
507 523
152 630
256 770
562 746
495 49
414 369
78 537
912 115
59 215
259 971
258 602
841 551
137 40
590 494
383 252
869 158
939 72
282 177
880 667
479 483
454 815
730 19
556 745
195 339
409 614
580 302
99 319
913 670
798 513
318 566
790 27
344 322
80 645
468 210
922 841
179 925
347 521
231 975
597 269
607 929
903 478
310 970
223 684
10 231
845 673
905 348
58 232
93 727
759 597
912 397
906 539
43 907
76 892
552 699
670 408
671 361
353 789
837 529
12 190
889 880
912 236
377 715
56 718
585 439
852 814
715 902
421 658
330 410
51 412
840 90
697 678
848 951
826 37
198 593
341 737
274 211
740 134
339 847
875 490
400 95
603 435
474 737
126 860
973 310
973 548
581 984
788 660
629 86
799 635
475 941
959 56
80 372
917 650
91 964
783 735
773 682
712 151
655 283
953 773
279 643
701 898
706 817
147 269
355 731
100 507
498 841
261 207
591 752
630 318
374 126
960 153
917 101
406 560
759 743
618 816
981 980
641 1
131 82
920 886
534 377
453 465
397 753
51 842
301 547
197 580
910 754
211 37
851 548
42 896
919 656
30 537
674 78
979 540
764 597
937 314
656 845
590 361
337 930
997 654
643 841
652 810
632 98
827 814
659 898
56 237
97 236
304 397
771 468
680 160
344 168
561 189
632 123
666 783
235 991
71 775
327 565
824 906
1 604
948 233
851 693
780 209
603 279
380 231
84 675
684 370
757 814
605 276
304 238
358 710
294 931
742 879
37 492
4 81
707 347
131 417
660 582
89 801
455 195
303 403
680 247
970 356
934 627
951 858
404 803
446 236
349 572
93 485
672 586
158 748
772 235
891 859
532 788
621 345
347 861
227 342
555 779
16 595
303 963
941 260
833 366
190 835
622 733
345 834
893 442
192 773
430 880
160 873
767 793
170 173
810 402
318 60
690 628
224 19
52 146
411 685
203 138
785 593
219 202
61 500
919 89
191 433
711 63
294 514
937 865
253 393
103 269
316 111
625 614
639 272
641 973
139 609
45 236
316 496
218 24
293 871
747 227
879 420
633 850
10 127
356 170
665 224
536 722
823 189
603 597
392 286
258 22
771 957
820 536
139 221
566 281
229 238
325 531
804 449
786 735
983 670
847 646
388 272
632 605
253 394
405 508
137 537
283 955
678 477
659 969
706 692
786 963
313 829
143 638
713 206
244 185
489 187
844 129
896 300
602 114
210 305
930 199
692 916
457 839
241 899
950 452
229 185
212 561
222 848
32 191
747 830
869 860
245 873
575 649
818 591
204 974
584 974
822 452
198 397
942 350
942 597
899 13
375 392
327 343
479 756
66 387
950 924
464 188
286 68
573 552
294 166
137 435
557 14
423 797
427 254
95 300
715 431
403 367
453 197
735 233
1 149
145 62
782 38
848 69
456 425
490 810
679 878
461 503
844 308
70 798
599 437
888 798
395 36
733 583
795 412
368 195
94 878
114 388
46 438
795 532
583 3
321 268
714 417
332 277
257 229
906 445
301 380
277 974
651 248
218 433
109 1000
558 874
388 939
121 760
372 473
228 811
208 766
326 306
572 556
50 521
753 364
77 460
266 136
227 458
502 784
337 648
31 783
629 960
215 137
353 591
274 875
343 440
758 263
838 40
478 835
595 943
255 749
331 263
362 597
84 5
16 999
459 161
220 35
16 891
865 459
719 996
292 592
175 54
461 985
301 401
759 298
715 459
207 77
129 611
681 159
261 467
893 737
399 895
377 49
189 382
360 285
14 388
728 972
314 265
225 729
534 810
914 973
94 818
549 295
674 532
434 58
211 736
986 187
863 896
802 998
279 997
31 476
810 259
968 475
187 494
791 130
190 151
410 639
592 855
886 480
875 478
763 386
352 672
58 361
815 894
562 460
571 148
322 660
465 628
418 329
198 975
554 1
656 507
108 750
453 109
909 915
576 700
646 75
114 896
313 229
692 85
759 144
643 536
462 919
860 516
904 473
959 25
663 25
209 611
564 44
233 722
478 980
716 563
616 672
107 914
979 541
466 882
971 142
76 259
886 35
498 543
150 689
442 721
136 142
36 530
37 503
344 450
550 248
355 599
980 919
473 636
957 181
324 873
859 154
570 427
294 604
260 313
674 363
339 594
259 813
382 829
660 49
430 791
760 554
682 499
664 226
358 345
114 432
142 758
19 64
753 843
163 637
121 941
94 965
398 448
587 857
98 968
142 351
303 758
968 351
533 980
982 662
568 357
519 914
277 548
622 723
517 23
720 170
635 351
55 113
263 783
285 766
189 527
628 206
7 644
290 258
655 861
387 728
641 69
742 128
741 392
793 145
802 51
897 112
262 253
193 340
882 932
131 817
482 965
573 480
443 724
203 839
965 500
75 746
807 811
805 373
513 605
472 252
797 172
690 394
295 177
784 98
532 377
155 486
110 855
884 290
173 130
78 355
714 842
633 233
477 101
119 686
718 736
15 930
472 700
328 69
793 607
199 879
999 916
177 960
525 408
948 679
498 138
495 185
890 782
906 49
334 453
385 630
399 429
338 853
520 545
829 651
481 765
99 159
680 1000
87 179
802 717
890 885
839 32
339 838
883 186
67 470
544 185
357 921
457 376
444 986
642 934
152 171
59 645
616 46
59 681
987 43
353 234
530 103
958 496
613 389
838 931
85 579
86 132
569 908
479 772
683 677
400 343
370 703
882 139
146 344
116 387
760 909
407 539
447 304
388 655
41 378
658 92
119 862
28 411
457 362
198 397
17 290
432 152
321 611
427 173
205 137
344 946
563 365
304 475
47 982
694 920
91 802
961 66
644 778
109 744
959 464
969 313
42 341
108 685
648 331
49 85
228 676
929 91
527 534
967 166
316 51
582 966
840 841
575 625
503 114
911 16
305 113
989 826
836 506
369 738
587 564
232 455
452 735
900 264
952 548
81 738
995 853
562 575
739 569
705 365
5 620
557 264
490 193
294 21
361 373
900 84
47 250
205 288
145 132
846 151
658 419
849 521
680 974
148 655
96 648
210 737
690 298
19 187
831 981
679 965
726 954
528 166
15 248
564 636
847 560
721 563
9 24
700 896
446 803
858 16
699 274
271 714
977 449
533 229
154 280
756 423
871 868
912 124
727 970
968 231
569 935
163 808
618 23
685 210
650 88
807 151
393 770
276 555
304 613
911 866
233 223
42 303
400 305
162 306
51 900
734 964
933 397
366 898
16 59
177 628
360 225
742 537
725 612
868 633
489 314
501 478
632 981
365 904
196 819
496 108
744 179
145 152
501 598
880 349
248 80
683 762
500 314
389 513
620 205
91 584
721 652
859 894
665 198
416 143
481 671
320 302
865 611
126 631
757 526
963 526
781 403
240 231
330 830
518 283
824 864
935 755
51 159
309 220
18 447
863 800
1 833
749 805
658 791
577 412
579 857
509 408
154 895
923 360
397 827
687 971
959 961
617 519
637 335
623 238
174 883
775 222
608 886
306 708
1000 475
957 876
641 123
472 127
726 384
305 745
714 284
643 429
708 685
631 512
489 503
829 599
746 983
732 462
732 992
669 270
422 491
54 282
900 831
682 167
666 115
957 661
109 564
454 934
964 608
933 513
140 53
195 659
24 646
657 164
231 763
169 825
128 949
537 355
264 811
46 164
4 851
900 289
802 392
68 224
450 460
126 903
58 347
398 638
486 101
451 587
335 797
162 881
106 210
745 243
969 969
432 298
159 253
634 593
565 453
16 657
610 72
503 222
511 319
752 61
55 694
469 384
829 801
692 136
177 536
211 958
499 647
115 526
984 28
818 904
233 509
424 884
976 565
371 601
406 323
334 522
784 192
676 103
168 451
427 867
432 602
531 783
337 311
677 994
537 172
1000 51
379 389
103 237
785 721
943 597
412 492
572 331
828 380
771 259
939 726
594 55
19 501
500 459
376 790
689 4
776 634
474 117
575 601
953 808
143 544
510 542
221 590
615 827
599 817
567 617
545 32
727 879
558 692
307 685
564 88
331 911
568 546
881 580
649 997
746 937
393 988
237 351
517 661
521 630
213 360
820 908
199 203
813 479
14 251
803 162
448 905
207 167
86 862
123 369
220 181
158 765
944 251
424 909
311 645
399 568
59 847
253 538
233 540
312 99
790 423
849 246
202 165
552 544
653 52
788 131
893 372
113 471
498 625
442 684
929 378
86 534
12 73
318 540
258 671
524 127
579 412
424 972
468 823
364 663
81 784
399 588
896 496
151 170
626 153
367 199
837 152
640 258
124 283
572 289
408 608
358 463
895 180
884 329
523 221
438 294
278 125
25 625
729 427
996 796
956 151
188 867
519 122
35 370
311 840
195 115
829 875
784 912
904 85
99 969
443 714
259 6416
937 6691
878 9536
955 9502
995 7692
879 6035
438 9893
275 5492
943 6839
598 8878
151 5705
413 5369
470 9053
768 8586
474 6252
751 9891
574 9611
96 6135
705 8351
602 5184
187 5874
23 8105
992 7595
81 8008
947 5290
463 7754
397 9862
642 6209
538 5274
841 9615
687 8471
838 7244
784 6818
535 6154
590 7293
377 5235
182 8213
994 6193
985 5352
58 8981
407 7303
99 9659
341 7452
809 7421
301 5798
786 7805
947 8291
717 7606
404 7051
600 7354
635 6008
325 7425
692 8598
612 7882
83 9163
291 5390
988 7057
565 8471
763 7276
236 5251
353 9941
335 8998
939 9387
787 9227
816 9836
774 9509
631 6036
135 9876
506 7527
483 6461
832 8419
119 9602
624 8804
355 9777
41 5570
624 7801
993 5176
993 6747
385 6013
512 8857
255 8940
860 5026
96 7939
413 7263
102 7413
973 5530
741 9477
172 9998
877 8786
636 8965
221 8954
769 5928
862 5822
200 6266
638 5817
421 5994
520 5326
183 6217
103 8077
140 9236
222 6527
740 7330
814 5315
869 5680
689 5518
755 6745
756 5142
631 8359
234 9964
314 5457
837 7979
546 8012
624 8984
308 9442
749 8075
328 9085
758 5728
193 9606
576 8705
701 7692
66 7479
70 7178
663 8873
786 6392
186 6596
41 5713
268 8072
713 7658
860 8038
666 9270
318 6663
867 9114
446 6244
77 8830
119 9636
786 9963
387 7587
826 7049
122 8207
463 9870
891 5874
302 9935
660 7766
512 9657
192 7818
473 9011
993 5948
85 7126
979 7984
429 7312
786 8248
354 7902
356 9379
794 7242
984 7817
346 5062
807 5612
781 9773
388 9310
786 8221
148 9434
905 6469
237 6015
443 8079
398 8901
949 8811
616 7896
864 9062
832 6253
187 9184
426 7107
831 5846
11 8858
727 5845
453 6509
906 9161
168 8488
564 8856
96 5944
60 9922
692 6025
34 7603
405 5213
299 9762
544 7824
888 9561
289 5454
619 6979
615 7616
766 9238
190 5277
731 7617
508 5671
513 5868
162 6224
92 9904
967 9372
775 7024
672 9414
323 8364
167 8334
141 6250
597 7935
343 5126
884 9468
78 8265
582 9275
923 6956
586 6913
685 6386
198 8429
961 5385
181 7416
988 8042
597 6343
141 8462
305 7385
166 6736
603 7251
659 9510
74 5563
950 9272
143 9815
588 8291
406 7229
146 8056
585 7430
653 7432
976 8628
399 9690
843 7769
705 8252
540 6526
674 8176
132 5136
389 7248
274 6100
130 8325
780 8647
883 6834
61 8506
959 9507
512 8865
879 8129
953 9827
126 5258
244 9118
505 7657
91 8282
451 8479
558 5696
970 7351
481 6801
555 8677
868 8949
378 8333
943 9029
41 6271
568 5635
290 7487
242 8410
450 7825
933 8297
282 6706
497 9297
688 5498
811 8654
689 5465
621 8473
666 5635
808 7337
127 6322
385 9637
448 5321
639 9060
668 6822
710 6112
58 5451
118 8666
414 6148
753 8778
616 5379
284 9581
494 9021
218 8592
808 6829
698 6339
235 8696
800 5904
453 8210
752 6392
596 9743
906 7761
38 9634
791 5440
441 9979
24 7635
968 7532
333 8695
458 7187
423 7204
420 9653
78 8583
4 5932
179 5991
864 9867
349 5909
366 9494
18 5018
646 7255
346 8459
663 9542
762 7049
148 8108
89 9322
17 5126
675 7227
460 9954
958 8177
801 7292
232 9217
948 7258
246 7909
565 6061
713 7668
657 7024
979 8231
815 8864
162 8388
758 9325
124 6340
247 9560
681 6483
957 9693
179 6555
155 9114
369 6347
246 8098
439 5841
593 5446
371 7104
831 7171
426 8527
159 6992
827 7271
559 9721
877 5481
125 5571
37 7332
368 8769
173 7584
26 6320
441 9268
113 5487
327 8049
757 5444
286 9405
520 6515
566 7478
555 8901
139 5547
619 5779
15 5514
901 7176
197 7061
830 8486
369 7939
583 5281
900 7984
49 7223
103 9458
944 9504
502 5541
69 8939
853 5494
486 7910
19 8114
176 7807
824 5139
990 7051
327 6403
200 7087
133 8473
803 6985
128 9871
639 5037
51 6317
474 9058
86 7887
906 5678
901 5564
687 6613
301 5082
553 5549
835 9571
56 6268
433 6852
374 6525
354 9564
164 8637
346 8633
207 9964
872 7772
727 9269
850 6689
278 7699
257 5226
315 7162
631 7878
210 7006
510 9668
604 9855
451 6800
42 8237
79 7027
643 7826
932 6423
85 5414
674 6705
486 8817
221 8953
883 9735
281 7661
244 8670
719 5884
125 8443
606 6942
388 8915
331 5653
148 5877
969 6454
814 8286
773 6918
626 9153
311 9231
712 6006
650 9301
780 7901
313 6668
127 8815
290 7861
296 7091
463 9833
914 7022
237 6756
917 6542
875 8516
209 5965
68 9904
182 8643
940 7145
472 8261
266 7182
993 7527
978 6913
745 7088
975 6137
534 8033
477 9378
176 5273
810 5638
139 7710
333 7174
579 5302
182 9524
621 8678
488 9038
355 5052
406 5605
433 7610
892 5970
132 8629
893 8677
346 5293
983 5939
900 5917
878 9746
663 6754
894 8187
726 7126
80 9416
362 5490
298 5185
637 8662
168 6283
469 8595
660 6889
315 5943
630 5997
609 6891
696 5884
470 8196
788 7262
725 9255
946 6784
476 7314
291 6338
542 8993
888 8820
56 7296
882 7998
436 5494
784 5995
52 6588
3 7252
203 5608
488 9133
803 7083
445 6686
703 8082
478 5144
293 9693
167 6019
79 8432
319 6648
951 7870
843 5498
101 7077
136 6597
1000 7221
938 6669
611 9441
648 5370
623 6245
279 9729
539 7429
855 9357
968 7779
266 9199
692 7192
75 7945
562 6986
150 7291
874 5423
487 8377
837 8455
377 9190
964 8594
529 9052
522 8603
925 6481
807 5045
465 8162
571 8358
568 6913
640 9482
976 9729
174 9574
480 8690
975 8916
617 5405
693 7541
228 6335
424 9341
939 5911
836 6689
128 8610
439 9103
678 5359
589 6503
502 7972
697 9688
439 6112
161 5603
821 6407
319 6628
550 5933
32 5008
490 9600
403 5646
825 8125
52 7922
8 5544
255 7897
738 8540
448 8584
946 6293
183 7756
159 7655
864 7010
806 7057
92 7051
131 6129
975 9534
353 8012
736 5588
761 7665
885 9618
397 5040
145 7006
879 7577
770 5218
495 5129
192 9861
280 7621
881 8304
442 5538
890 9184
921 8253
461 9389
645 9982
781 5392
191 9153
875 8188
384 6915
896 7724
227 7683
110 7918
394 8190
523 7648
925 7503
127 6451
343 7470
270 5342
612 8129
807 6993
202 6327
47 9815
197 7525
345 6429
802 8991
700 9306
928 7812
517 5432
372 5544
63 8356
221 9061
293 6635
702 9822
594 6621
500 6000
637 5640
195 5296
509 8460
504 7791
818 5375
996 7821
341 7603
858 5764
278 9517
193 6783
295 8798
69 8605
682 8806
289 6717
652 6531
126 7270
668 7551
833 6584
558 7430
604 7239
803 9702
900 5779
982 8471
221 5440
377 9591
454 9090
496 8913
659 8759
798 8995
333 5460
792 9361
218 9696
192 5374
412 8922
689 9386
98 5968
803 5050
879 7863
58 9902
389 5368
820 6538
15 9141
881 5390
745 6477
149 5031
483 9907
968 8067
292 6408
377 9487
186 9861
489 7041
227 5300
411 6826
10 9222
361 9371
512 9602
106 6615
265 6212
885 8463
243 6345
112 5870
721 6472
690 6194
77 8372
96 9946
568 9930
516 7351
234 7933
290 7715
237 9368
507 9608
583 5337
969 6762
947 6120
976 9284
52 7873
769 8071
850 6300
763 5740
701 8379
22 9234
492 6638
136 8185
952 8485
388 6920
391 6935
969 5311
53 8653
919 9883
566 7863
331 7517
205 7911
596 5476
301 8909
828 8155
937 6222
18 5025
471 8621
243 6454
236 5613
755 7313
588 9996
433 8319
564 9034
555 5478
654 8342
720 5016
537 9800
489 9273
88 5530
500 8550
51 8175
325 7436
253 7724
981 5309
151 8158
407 7847
973 8090
311 7967
634 9128
250 9582
783 9201
771 6011
252 7888
945 8161
799 8829
24 9222
483 7173
241 5085
591 5067
280 8515
207 7706
237 7795
346 8103
21 5637
184 5060
870 7893
240 7572
288 9836
82 8467
104 9522
523 8328
461 6507
802 8632
303 7424
40 7043
585 6026
193 9890
414 6444
779 8670
451 9896
751 5029
566 6273
839 6203
140 7709
839 5633
608 6744
804 7716
79 6788
148 6478
611 5721
707 7848
928 8132
787 5573
958 8526
428 5855
456 6245
139 5361
918 7434
883 8697
816 9352
122 7141
639 9543
21 8682
661 6124
775 9608
266 6444
851 9530
983 5713
30 5846
55 5350
549 9126
911 6742
787 7926
862 8143
88 9399
547 6241
462 9722
85 5324
327 6893
565 7184
631 5972
787 8632
337 6348
781 6261
445 9661
826 6665
847 8343
796 6145
61 7153
80 8508
386 7419
334 5561
965 6739
901 9144
882 8812
465 6082
151 5410
382 5322
518 6767
273 8937
320 7282
336 9585
952 5512
238 7326
347 5346
93 6234
193 6803
108 5751
851 6729
990 5366
251 6121
66 6402
444 5676
211 7450
228 8308
115 9520
663 9424
660 9761
996 5822
549 8097
117 5517
777 9447
632 9168
79 8711
590 5199
278 8870
344 5421
468 7190
108 6486
163 6464
400 9208
524 9424
569 5487
629 7721
990 7945
327 5418
93 8048
144 7765
706 8708
630 8045
426 8723
971 7813
12 8468
477 6941
753 6220
795 7428
548 7846
205 5266
897 8415
455 5779
974 6078
677 7083
37 9224
370 8652
271 9229
120 9809
414 9096
976 9912
607 8743
188 7826
312 5523
997 9917
710 7322
528 5261
319 9886
706 9127
772 5391
463 6056
733 6000
210 6618
755 9001
625 7261
634 6404
665 7401
839 7665
945 9315
284 5150
671 7920
388 9157
273 5714
925 8445
407 7675
612 9536
622 7848
621 5641
379 5986
881 6318
675 8394
335 7485
705 7305
360 9575
419 5466
98 7940
269 5682
117 5109
100 5177
257 9479
2 5022
302 6308
555 5216
357 7785
860 8121
101 7586
516 7007
393 6506
157 8448
778 5725
417 7088
623 7941
406 9290
182 8057
214 9447
258 5276
754 8911
182 6003
249 9510
990 7696
755 5737
176 6264
98 5223
798 6599
438 5504
574 5505
165 9700
887 9316
3 5297
560 8249
795 5413
10 9129
58 6809
165 7466
676 6405
423 9048
711 6449
799 6639
158 7266
167 6660
445 9438
750 7646
114 7305
283 9586
22 5852
173 5294
905 9149
337 7530
88 8893
340 8877
256 6534
270 7251
726 7577
158 8145
382 5769
637 9546
173 5520
200 5626
1000 5360
160 7592
223 7630
380 9688
26 8679
589 5847
613 5085
795 6546
212 7270
314 5743
354 9801
601 9095
224 6347
887 5436
534 6053
32 8802
154 8699
557 6677
819 9403
260 8403
562 6896
962 5540
530 8290
648 8556
880 8050
137 9917
825 5009
556 6374
363 9555
811 8487
988 7552
864 6291
857 7546
166 6858
169 6768
521 7456
900 6719
473 9429
773 7942
956 7192
340 7679
623 9956
487 7713
947 5773
711 9406
384 8254
777 8797
418 7620
702 8992
145 9046
895 8211
773 8172
319 5678
345 6315
481 7885
651 8806
983 6166
491 6865
361 7503
438 8420
250 7334
593 5032
212 8186
578 5492
544 8496
281 5104
485 7306
240 9200
690 6217
533 8271
388 6400
922 5518
638 5571
999 7735
648 7116
156 9121
995 7943
851 9833
995 9133
818 8755
195 6523
241 8391
418 5813
986 5153
229 9540
384 7234
184 9019
571 8016
874 5250
887 9133
375 5747
808 9114
637 7926
875 5205
247 9893
171 6805
487 7615
557 8931
976 9821
559 7421
505 5421
732 6080
638 5967
844 6222
852 5279
266 7879
905 5928
404 6370
175 5454
651 9918
60 9346
666 6158
971 6254
311 9153
775 7826
765 8140
936 6587
755 6084
445 8684
770 8059
603 6708
3 8035
768 5519
66 5412
430 6330
453 5237
942 7661
904 6221
219 9440
273 9612
112 9011
912 8228
255 9452
860 7125
983 7594
692 9503
756 9337
493 8192
870 9188
694 9237
624 5495
666 6099
589 9771
405 8847
577 9958
114 6307
967 6467
606 6290
545 8309
886 5272
947 5307
896 7425
643 8231
968 6280
756 7171
959 9947
607 5769
797 6554
178 5111
446 8673
476 7805
513 7102
249 6832
885 8219
768 8674
176 6857
407 9061
317 8311
424 6975
217 8787
61 6215
620 6189
36 6850
779 9431
693 8204
310 9161
517 8203
956 8361
812 6720
969 6167
577 7636
126 8494
201 8670
974 6342
745 7109
255 6100
654 6616
19 8878
544 9885
868 8516
771 6728
431 7464
518 7046
62 6053
678 8134
696 8455
735 8936
741 8642
343 7268
523 5515
856 7752
781 6508
652 9591
119 7055
457 8862
907 7555
250 9070
641 8880
689 6283
799 5844
632 5500
486 5838
548 6783
435 9699
48 6698
874 5941
877 6322
478 7229
668 9369
744 8775
4 8029
450 9865
714 5292
619 7621
353 9864
39 9204
755 6817
367 7327
486 7508
495 9347
630 9784
95 9828
122 8065
778 7873
34 9652
21 7133
695 5813
1 9486
198 6236
111 9448
407 6636
149 9914
590 5842
471 6651
729 6447
567 6385
871 9156
627 7967
537 9376
216 6898
839 6407
917 9857
711 7445
437 6804
545 6897
787 9625
69 9334
747 5495
546 9400
526 6108
65 9666
828 8621
567 9370
747 5059
984 7743
102 5219
300 8339
546 7071
457 8864
518 6323
811 7957
972 7636
92 8703
535 7144
547 9556
916 8349
226 5757
553 7007
277 9448
655 6812
80 7329
38 7184
184 8951
783 6446
326 9327
903 7652
792 9859
165 8437
680 8967
66 9500
501 5836
793 7092
442 5979
883 7292
528 5054
720 9479
959 7297
500 8139
669 5383
896 7052
354 5660
637 6198
50 6054
700 5642
928 9988
91 8349
965 8220
200 7639
626 6597
1000 8203
287 8310
220 5683
917 6282
104 7464
474 7904
731 7914
671 6445
860 7256
157 7259
725 5035
457 9976
508 7925
317 9492
314 8048
732 6029
112 7010
849 6450
363 6931
887 6900
24 8106
416 5616
493 8386
509 5181
481 5072
176 9587
285 7542
368 9702
632 8898
408 8936
310 8091
573 8757
110 7803
7 8343
809 5518
398 7362
536 7587
121 8293
842 6002
717 7762
216 8193
5 8767
46 5916
244 9071
47 8435
287 7319
655 5463
988 5936
747 7133
761 6469
813 8183
124 6504
774 8588
307 6677
938 6225
219 8444
680 5684
917 9783
307 7119
634 9422
422 7160
650 9226
498 5815
724 6311
496 5880
299 7073
955 7442
605 6948
273 7691
581 5583
908 8935
172 8721
343 6695
733 9518
734 7311
26 9281
253 6206
841 6126
229 8059
926 7447
664 9502
622 7961
222 7113
593 9729
867 9352
257 5743
675 6327
831 5243
776 7648
593 5333
463 7925
432 6928
848 5872
715 8137
562 7311
907 9565
371 7399
144 8156
193 6513
42 5069
548 6886
469 7251
483 5312
791 5263
710 8864
209 5191
400 7510
728 8352
616 9836
775 6572
998 9976
197 7106
779 7438
138 7315
72 8835
875 7196
364 5834
504 6961
107 7678
360 6354
875 6257
937 6160
666 6365
754 8664
117 8868
889 9637
685 7525
866 5800
843 7985
518 8449
837 6099
126 9279
595 8594
614 8076
222 9063
822 8202
145 9549
708 9351
126 8200
221 7606
152 5925
101 8015
498 6126
816 9384
86 8002
281 8100
332 7195
213 7371
424 9498
337 6744
245 8737
819 9405
290 8950
622 9885
559 5252
467 5637
482 7286
391 7251
898 7157
857 8754
956 7971
21 9560
44 6576
790 9899
172 9417
796 9670
424 7130
188 8670
174 7615
946 7245
13 8392
316 7803
46 5085
75 9496
631 7772
891 7734
260 7840
57 7216
27 9948
836 9696
925 9462
987 6250
599 9163
425 6941
156 9393
71 6482
836 8950
874 5368
384 5695
823 5471
45 8768
330 7603
967 6776
689 7379
331 6672
753 6754
11 9888
727 7740
996 8793
52 9208
705 5686
856 7147
955 5533
272 8624
654 8192
575 7249
625 5302
60 6746
887 6605
563 5947
37 6740
243 6612
687 6521
576 5400
877 6307
987 8241
971 8470
614 8637
357 7713
653 9009
169 5819
477 5263
162 5127
160 6768
389 9968
641 5169
879 6655
993 5746
830 7647
157 8805
11 5671
284 9783
627 9764
443 7833
239 9610
644 7594
156 6662
404 7017
589 7509
26 6872
872 8721
764 9947
294 8475
500 7588
736 8224
781 7221
422 9379
114 7151
189 8893
115 9719
460 9620
639 8736
977 6882
876 5264
796 5088
139 5817
453 5900
266 7138
927 9900
769 8234
10 6173
19 7557
482 5524
971 7628
319 5312
499 8948
76 8328
989 6485
467 8859
63 5311
322 5637
182 6003
530 5307
533 6324
282 5792
704 7510
921 7154
443 9516
387 8953
20 8245
622 8104
562 6901
35 7782
329 9761
909 7786
947 5598
12 6806
291 9244
571 9735
454 7414
940 7809
7 7792
492 7344
368 6737
395 6268
277 9826
697 6174
859 6717
181 6775
508 8386
947 9245
631 7705
243 7880
877 8356
371 8778
576 5357
684 6209
25 9754
55 5809
931 7520
131 7027
298 8881
355 6162
902 7828
149 6386
395 9710
454 7343
591 9639
211 6917
64 5344
283 6128
810 6057
963 5454
774 5667
979 9675
491 8695
330 6464
916 8104
347 5671
17 5340
352 5011
601 5821
185 6149
344 8314
841 6324
550 6115
868 7570
537 6297
605 6862
67 7935
449 5251
707 6697
155 9321
631 8681
966 9311
195 5316
333 8006
689 8758
680 7466
832 9581
175 5458
73 6350
474 7635
500 6322
613 8493
885 7421
479 6151
894 9640
101 7793
182 5309
727 8043
34 6579
438 5704
691 5334
808 9067
63 7044
801 6299
299 8190
788 6148
178 9629
316 5078
283 8704
9 8946
492 7187
320 7697
6 6110
729 9598
76 6275
847 7713
119 5603
871 6395
940 9075
513 7653
591 9040
717 6577
351 7178
298 7094
252 5394
175 5195
63 8570
549 9230
402 5669
397 6064
707 6512
942 6613
384 6945
814 7407
478 9408
369 9194
192 7829
73 5236
770 9900
650 9948
599 6936
473 7874
255 9288
562 5744
359 9374
960 9667
595 6133
230 8903
495 6089
569 9550
653 5458
821 9170
669 9641
159 8347
895 9858
763 6600
42 6903
969 7460
419 8557
547 6181
247 7239
673 8470
177 7742
410 5154
951 9399
276 5468
886 6581
176 8951
226 9528
135 6206
329 5067
861 6841
113 6316
219 5153
41 9063
103 5435
706 5670
639 7097
157 6372
380 7429
465 9651
956 5060
29 6481
255 9387
612 8874
641 7608
284 5024
610 5063
598 7248
587 9574
98 9744
654 9797
14 8593
571 6691
350 6743
187 8163
162 6166
818 9474
923 6092
582 8278
179 8735
340 8386
297 8090
683 9739
419 6234
181 6007
833 5090
853 8545
250 8895
541 6454
440 9375
504 9513
707 7716
715 5218
283 6481
880 7675
373 6585
973 6932
60 6394
786 8657
91 7762
528 9709
896 9827
512 6535
195 8834
870 5672
67 9877
455 8692
468 5487
397 8373
155 8823
525 5306
881 7571
821 5443
788 6781
150 8815
868 6190
259 7155
257 5570
885 9529
470 7901
349 5628
66 7875
942 6761
862 9014
634 6079
424 8564
127 9814
548 9516
627 6086
677 5221
49 10000
183 6255
720 5865
416 8746
83 9030
314 5767
641 8352
438 8273
940 6902
77 9957
438 5308
393 9385
781 8237
547 8990
479 6273
158 5779
140 5464
895 5919
42 6275
307 5141
595 9944
222 8836
538 7217
853 9701
555 9161
137 7072
880 7978
195 7177
584 6915
551 7798
158 9408
851 9588
607 7681
711 7554
619 6507
737 5193
773 7711
514 8540
687 7395
117 7553
695 9810
452 9645
578 9643
81 8592
441 6516
898 7931
695 7507
703 9328
814 5542
30 5463
451 7697
612 7860
407 7944
470 9857
443 7684
97 7281
526 5880
520 6306
95 5270
694 7419
600 9296
113 5934
768 5249
25 5287
166 7450
422 8410
13 5554
48 8130
285 9909
178 5385
540 6904
940 5217
521 6915
529 8396
487 7138
852 8194
945 7131
360 7405
701 5471
862 8719
250 9531
601 8518
588 7708
632 6485
509 5703
587 8948
625 9893
775 7013
831 9151
907 5771
816 7288
714 9017
557 6749
919 8042
656 6371
599 5405
906 9332
302 8831
151 6414
948 6209
23 8114
94 6655
786 9680
868 7549
950 7135
191 8532
10 7915
890 7975
484 8480
614 9850
112 7549
613 9500
742 5460
485 8888
600 5118
189 5715
77 7810
662 8844
134 8025
75 7789
99 8261
130 5593
33 5494
728 8785
977 5829
764 9172
588 7009
949 5468
916 8921
869 8372
61 7416
312 8516
713 7410
461 8823
277 6061
335 9391
389 5569
552 7453
80 8274
589 5136
93 7170
546 8579
668 7437
539 6226
232 7889
131 8515
298 6333
802 5111
585 7870
281 7430
182 5087
506 9102
232 9863
648 8365
491 5762
17 5940
654 5883
971 7428
104 6718
947 6787
906 9744
411 8660
726 8587
846 6335
430 5825
884 9853
76 7219
544 9921
402 6651
709 5651
662 7039
5 8531
907 9841
120 8600
179 7181
84 7358
191 6511
680 5897
759 5430
158 9988
