2000 756600
585 485
194 94
426 326
606 506
348 248
516 416
521 421
1092 992
422 322
749 649
895 795
337 237
143 43
557 457
945 845
915 815
1055 955
546 446
352 252
522 422
109 9
891 791
1001 901
459 359
222 122
767 667
194 94
698 598
838 738
107 7
674 574
644 544
815 715
434 334
982 882
866 766
467 367
1094 994
1084 984
993 893
399 299
733 633
533 433
231 131
782 682
528 428
172 72
800 700
974 874
717 617
238 138
974 874
956 856
820 720
245 145
519 419
1095 995
894 794
629 529
296 196
299 199
1097 997
377 277
216 116
197 97
1008 908
819 719
639 539
342 242
807 707
207 107
669 569
222 122
637 537
170 70
1031 931
198 98
826 726
700 600
587 487
745 645
872 772
367 267
613 513
1072 972
181 81
995 895
1043 943
313 213
158 58
848 748
403 303
587 487
864 764
1023 923
636 536
129 29
824 724
774 674
889 789
640 540
579 479
654 554
242 142
567 467
439 339
146 46
741 641
810 710
296 196
653 553
594 494
291 191
166 66
824 724
924 824
830 730
308 208
1088 988
811 711
190 90
900 800
440 340
414 314
649 549
389 289
296 196
501 401
965 865
566 466
778 678
789 689
670 570
933 833
1036 936
325 225
822 722
344 244
751 651
949 849
223 123
213 113
531 431
479 379
608 508
461 361
685 585
165 65
953 853
586 486
742 642
786 686
1092 992
386 286
825 725
989 889
386 286
124 24
912 812
591 491
959 859
991 891
763 663
190 90
188 88
281 181
279 179
314 214
287 187
117 17
719 619
572 472
361 261
518 418
946 846
519 419
292 192
456 356
361 261
782 682
614 514
406 306
986 886
301 201
630 530
485 385
949 849
1052 952
394 294
600 500
899 799
294 194
491 391
837 737
430 330
424 324
398 298
1092 992
890 790
324 224
375 275
360 260
926 826
197 97
172 72
310 210
966 866
749 649
1051 951
1019 919
848 748
163 63
785 685
1058 958
1056 956
904 804
664 564
618 518
283 183
528 428
500 400
637 537
821 721
446 346
307 207
253 153
423 323
1071 971
711 611
762 662
216 116
297 197
209 109
191 91
895 795
629 529
443 343
226 126
962 862
847 747
785 685
569 469
110 10
870 770
981 881
1034 934
1084 984
823 723
503 403
995 895
460 360
668 568
549 449
272 172
641 541
1058 958
372 272
483 383
977 877
408 308
459 359
1070 970
807 707
683 583
408 308
148 48
870 770
1030 930
130 30
669 569
308 208
103 3
411 311
120 20
200 100
709 609
1039 939
987 887
522 422
925 825
885 785
1030 930
470 370
1004 904
1089 989
341 241
1069 969
479 379
243 143
476 376
1072 972
1062 962
128 28
989 889
161 61
543 443
738 638
316 216
448 348
438 338
447 347
260 160
166 66
506 406
491 391
259 159
738 638
131 31
395 295
304 204
926 826
520 420
296 196
253 153
549 449
525 425
955 855
431 331
243 143
665 565
587 487
938 838
240 140
109 9
664 564
1018 918
715 615
633 533
235 135
332 232
664 564
1057 957
460 360
691 591
893 793
676 576
263 163
846 746
959 859
477 377
860 760
958 858
811 711
186 86
762 662
534 434
259 159
658 558
760 660
379 279
368 268
940 840
1048 948
835 735
415 315
674 574
776 676
226 126
441 341
1012 912
789 689
839 739
994 894
921 821
806 706
725 625
590 490
1017 917
578 478
301 201
771 671
1093 993
1032 932
249 149
999 899
152 52
337 237
859 759
287 187
367 267
572 472
356 256
872 772
883 783
198 98
217 117
1006 906
616 516
1011 911
280 180
735 635
125 25
325 225
480 380
923 823
812 712
264 164
366 266
443 343
316 216
832 732
548 448
602 502
641 541
840 740
764 664
676 576
1054 954
712 612
826 726
1002 902
872 772
554 454
631 531
511 411
1043 943
1073 973
850 750
803 703
427 327
950 850
1017 917
177 77
105 5
320 220
213 113
902 802
1013 913
503 403
891 791
281 181
1098 998
110 10
959 859
625 525
445 345
1019 919
531 431
768 668
775 675
627 527
933 833
562 462
538 438
391 291
623 523
705 605
1016 916
557 457
520 420
505 405
215 115
517 417
760 660
379 279
361 261
785 685
872 772
696 596
488 388
407 307
864 764
324 224
943 843
422 322
306 206
940 840
507 407
1075 975
739 639
501 401
952 852
191 91
642 542
427 327
160 60
430 330
857 757
282 182
182 82
703 603
737 637
893 793
193 93
715 615
714 614
833 733
236 136
964 864
287 187
116 16
202 102
963 863
1072 972
1087 987
263 163
406 306
601 501
134 34
577 477
940 840
592 492
800 700
221 121
806 706
180 80
887 787
238 138
205 105
760 660
934 834
329 229
898 798
927 827
410 310
548 448
709 609
330 230
790 690
932 832
661 561
589 489
679 579
686 586
160 60
391 291
488 388
765 665
409 309
760 660
507 407
802 702
300 200
253 153
413 313
706 606
1070 970
223 123
133 33
353 253
373 273
809 709
377 277
932 832
1097 997
208 108
140 40
988 888
327 227
581 481
960 860
383 283
1040 940
958 858
708 608
384 284
1090 990
811 711
690 590
950 850
906 806
339 239
152 52
1043 943
901 801
295 195
864 764
195 95
810 710
510 410
486 386
764 664
693 593
1000 900
150 50
212 112
594 494
1063 963
256 156
854 754
1036 936
558 458
1065 965
119 19
186 86
325 225
823 723
669 569
284 184
197 97
968 868
294 194
440 340
854 754
512 412
702 602
587 487
161 61
309 209
795 695
446 346
447 347
960 860
819 719
407 307
200 100
195 95
197 97
921 821
943 843
1041 941
845 745
921 821
386 286
687 587
592 492
301 201
216 116
765 665
631 531
627 527
524 424
912 812
353 253
524 424
526 426
559 459
513 413
443 343
1080 980
936 836
391 291
606 506
933 833
279 179
586 486
1016 916
109 9
530 430
675 575
696 596
1022 922
908 808
245 145
369 269
997 897
612 512
504 404
911 811
842 742
785 685
828 728
667 567
369 269
876 776
203 103
955 855
845 745
818 718
135 35
953 853
879 779
197 97
171 71
246 146
180 80
846 746
942 842
115 15
228 128
1065 965
1041 941
612 512
327 227
580 480
130 30
1058 958
442 342
765 665
705 605
291 191
631 531
1064 964
464 364
615 515
459 359
706 606
967 867
922 822
920 820
636 536
413 313
793 693
307 207
119 19
1011 911
435 335
408 308
201 101
530 430
1022 922
785 685
394 294
741 641
1010 910
213 113
510 410
241 141
350 250
790 690
646 546
800 700
829 729
659 559
709 609
581 481
820 720
603 503
1076 976
866 766
859 759
107 7
898 798
982 882
174 74
959 859
748 648
282 182
399 299
525 425
885 785
642 542
946 846
783 683
490 390
953 853
997 897
1038 938
516 416
189 89
937 837
724 624
347 247
281 181
393 293
978 878
244 144
1033 933
1038 938
680 580
567 467
352 252
580 480
307 207
1055 955
758 658
765 665
120 20
126 26
1054 954
664 564
447 347
549 449
859 759
126 26
546 446
621 521
114 14
401 301
757 657
421 321
810 710
713 613
1080 980
488 388
288 188
979 879
736 636
1090 990
303 203
288 188
532 432
1063 963
229 129
920 820
730 630
400 300
609 509
922 822
337 237
355 255
473 373
377 277
938 838
253 153
495 395
500 400
792 692
327 227
203 103
618 518
318 218
547 447
484 384
415 315
1031 931
913 813
496 396
424 324
489 389
602 502
740 640
399 299
387 287
880 780
397 297
476 376
1077 977
616 516
612 512
312 212
319 219
429 329
655 555
910 810
498 398
586 486
389 289
585 485
898 798
516 416
698 598
1052 952
149 49
994 894
672 572
458 358
797 697
121 21
870 770
747 647
825 725
144 44
642 542
783 683
314 214
461 361
987 887
914 814
145 45
331 231
194 94
108 8
382 282
265 165
182 82
596 496
419 319
799 699
726 626
952 852
246 146
559 459
641 541
635 535
974 874
414 314
825 725
1044 944
877 777
406 306
654 554
559 459
308 208
737 637
887 787
547 447
1076 976
508 408
1012 912
207 107
544 444
1062 962
103 3
665 565
401 301
507 407
264 164
957 857
537 437
417 317
752 652
198 98
864 764
918 818
141 41
700 600
837 737
388 288
276 176
1002 902
236 136
667 567
228 128
290 190
494 394
849 749
335 235
1008 908
142 42
376 276
924 824
848 748
784 684
692 592
1079 979
493 393
668 568
463 363
467 367
263 163
152 52
1083 983
742 642
279 179
435 335
116 16
226 126
578 478
230 130
359 259
683 583
968 868
229 129
395 295
852 752
696 596
267 167
171 71
956 856
722 622
740 640
964 864
870 770
744 644
531 431
105 5
295 195
465 365
548 448
529 429
801 701
164 64
1052 952
954 854
980 880
870 770
268 168
188 88
179 79
257 157
1061 961
468 368
572 472
521 421
317 217
819 719
809 709
371 271
247 147
1075 975
396 296
916 816
1009 909
1062 962
864 764
635 535
351 251
538 438
978 878
796 696
853 753
981 881
670 570
418 318
353 253
145 45
766 666
152 52
1031 931
596 496
533 433
413 313
910 810
238 138
778 678
434 334
223 123
1088 988
312 212
608 508
166 66
870 770
306 206
851 751
850 750
880 780
164 64
541 441
566 466
307 207
437 337
616 516
610 510
774 674
896 796
508 408
275 175
1020 920
537 437
673 573
1038 938
734 634
948 848
978 878
661 561
1090 990
818 718
926 826
1048 948
796 696
749 649
900 800
669 569
511 411
763 663
522 422
682 582
807 707
943 843
434 334
302 202
1086 986
802 702
594 494
679 579
250 150
825 725
662 562
903 803
480 380
440 340
932 832
256 156
1079 979
932 832
476 376
702 602
611 511
334 234
514 414
788 688
260 160
284 184
1082 982
1078 978
338 238
513 413
590 490
733 633
999 899
685 585
351 251
706 606
626 526
1063 963
997 897
450 350
139 39
342 242
757 657
639 539
552 452
839 739
638 538
367 267
931 831
265 165
560 460
277 177
285 185
820 720
1034 934
902 802
540 440
744 644
590 490
182 82
268 168
898 798
171 71
297 197
1077 977
273 173
558 458
181 81
304 204
335 235
903 803
212 112
239 139
203 103
499 399
368 268
520 420
979 879
1091 991
743 643
678 578
206 106
1072 972
222 122
277 177
544 444
498 398
362 262
448 348
791 691
596 496
1097 997
376 276
546 446
925 825
271 171
714 614
649 549
221 121
381 281
830 730
311 211
441 341
212 112
384 284
508 408
798 698
830 730
117 17
463 363
646 546
189 89
772 672
705 605
1074 974
1038 938
966 866
268 168
477 377
805 705
659 559
147 47
440 340
500 400
627 527
315 215
879 779
214 114
861 761
151 51
583 483
981 881
192 92
649 549
490 390
779 679
683 583
428 328
761 661
350 250
491 391
303 203
436 336
581 481
761 661
852 752
225 125
807 707
189 89
182 82
375 275
163 63
459 359
760 660
278 178
121 21
880 780
387 287
142 42
319 219
105 5
600 500
480 380
920 820
872 772
195 95
916 816
144 44
109 9
848 748
584 484
778 678
645 545
376 276
689 589
578 478
257 157
763 663
1001 901
694 594
877 777
857 757
174 74
1047 947
347 247
548 448
155 55
670 570
579 479
413 313
885 785
1081 981
1058 958
895 795
780 680
652 552
493 393
489 389
1044 944
380 280
696 596
964 864
719 619
736 636
711 611
612 512
952 852
992 892
383 283
284 184
399 299
1047 947
866 766
714 614
412 312
725 625
926 826
249 149
826 726
477 377
833 733
574 474
905 805
118 18
779 679
762 662
503 403
516 416
1064 964
101 1
437 337
630 530
641 541
852 752
578 478
122 22
469 369
1081 981
1046 946
877 777
921 821
1057 957
933 833
375 275
937 837
684 584
590 490
682 582
137 37
221 121
694 594
1051 951
229 129
768 668
358 258
218 118
346 246
419 319
462 362
996 896
855 755
621 521
604 504
1048 948
171 71
348 248
277 177
574 474
276 176
451 351
903 803
154 54
337 237
255 155
777 677
760 660
133 33
971 871
215 115
586 486
697 597
394 294
869 769
525 425
636 536
345 245
1056 956
482 382
441 341
471 371
284 184
808 708
334 234
644 544
669 569
894 794
316 216
487 387
637 537
838 738
184 84
620 520
910 810
381 281
757 657
602 502
133 33
191 91
259 159
603 503
620 520
1024 924
768 668
116 16
387 287
133 33
329 229
444 344
474 374
449 349
574 474
706 606
772 672
996 896
1015 915
695 595
611 511
541 441
223 123
202 102
669 569
152 52
299 199
754 654
496 396
810 710
815 715
534 434
159 59
345 245
710 610
136 36
1017 917
761 661
1027 927
513 413
370 270
113 13
217 117
470 370
616 516
500 400
315 215
295 195
316 216
1084 984
337 237
576 476
715 615
264 164
599 499
505 405
577 477
774 674
860 760
296 196
385 285
708 608
156 56
1007 907
1066 966
632 532
722 622
151 51
321 221
816 716
294 194
427 327
191 91
980 880
447 347
810 710
352 252
367 267
573 473
500 400
616 516
476 376
485 385
709 609
457 357
420 320
1058 958
296 196
765 665
638 538
892 792
1035 935
164 64
504 404
520 420
200 100
771 671
226 126
1068 968
955 855
977 877
194 94
277 177
831 731
623 523
353 253
239 139
108 8
252 152
493 393
832 732
643 543
346 246
448 348
665 565
418 318
840 740
589 489
1002 902
122 22
117 17
1098 998
1073 973
149 49
398 298
481 381
711 611
110 10
132 32
529 429
111 11
321 221
437 337
250 150
236 136
817 717
989 889
630 530
622 522
432 332
905 805
1042 942
128 28
665 565
1031 931
316 216
857 757
161 61
709 609
270 170
644 544
972 872
1005 905
744 644
695 595
308 208
346 246
780 680
213 113
797 697
275 175
739 639
256 156
779 679
344 244
1061 961
983 883
461 361
365 265
902 802
983 883
459 359
562 462
939 839
585 485
818 718
372 272
380 280
304 204
352 252
1084 984
380 280
509 409
202 102
498 398
715 615
1009 909
396 296
470 370
581 481
982 882
1056 956
314 214
330 230
866 766
359 259
135 35
1022 922
521 421
806 706
371 271
372 272
470 370
256 156
948 848
652 552
150 50
585 485
1076 976
636 536
370 270
170 70
896 796
1002 902
1063 963
552 452
479 379
135 35
1091 991
1047 947
651 551
478 378
997 897
157 57
407 307
452 352
521 421
769 669
174 74
802 702
488 388
241 141
659 559
558 458
1080 980
563 463
715 615
856 756
781 681
987 887
331 231
432 332
307 207
628 528
918 818
756 656
431 331
354 254
1079 979
887 787
545 445
595 495
448 348
470 370
824 724
110 10
501 401
300 200
746 646
427 327
768 668
117 17
342 242
474 374
402 302
855 755
961 861
1080 980
930 830
476 376
177 77
108 8
541 441
132 32
689 589
560 460
1090 990
904 804
289 189
123 23
968 868
969 869
1096 996
1043 943
463 363
815 715
337 237
728 628
520 420
173 73
665 565
299 199
314 214
138 38
433 333
309 209
826 726
427 327
275 175
1012 912
158 58
899 799
725 625
472 372
166 66
1076 976
269 169
220 120
575 475
767 667
304 204
288 188
190 90
128 28
596 496
804 704
101 1
749 649
574 474
846 746
549 449
797 697
352 252
812 712
432 332
389 289
387 287
725 625
289 189
1053 953
989 889
562 462
163 63
402 302
478 378
179 79
306 206
141 41
997 897
923 823
330 230
1008 908
482 382
765 665
675 575
136 36
160 60
832 732
629 529
909 809
577 477
166 66
390 290
391 291
189 89
691 591
1061 961
683 583
561 461
352 252
802 702
579 479
632 532
630 530
780 680
324 224
153 53
888 788
742 642
409 309
1100 1000
466 366
991 891
452 352
922 822
502 402
252 152
645 545
424 324
213 113
733 633
1067 967
367 267
554 454
481 381
823 723
372 272
114 14
606 506
120 20
519 419
408 308
561 461
744 644
626 526
813 713
1078 978
582 482
568 468
436 336
829 729
389 289
895 795
596 496
681 581
426 326
483 383
630 530
326 226
267 167
521 421
622 522
486 386
930 830
373 273
191 91
584 484
216 116
776 676
847 747
207 107
495 395
329 229
1058 958
1002 902
856 756
1062 962
362 262
205 105
803 703
184 84
611 511
1091 991
581 481
801 701
549 449
789 689
988 888
755 655
699 599
700 600
406 306
638 538
592 492
599 499
903 803
981 881
545 445
1081 981
416 316
573 473
989 889
483 383
885 785
779 679
865 765
673 573
591 491
689 589
689 589
580 480
224 124
245 145
841 741
724 624
998 898
1023 923
825 725
1015 915
782 682
332 232
231 131
1074 974
498 398
835 735
1006 906
778 678
853 753
740 640
412 312
744 644
890 790
312 212
401 301
223 123
1045 945
353 253
547 447
1043 943
297 197
118 18
127 27
1016 916
673 573
427 327
689 589
740 640
1034 934
715 615
309 209
570 470
629 529
755 655
999 899
388 288
115 15
501 401
692 592
940 840
192 92
733 633
675 575
807 707
914 814
524 424
454 354
782 682
227 127
294 194
474 374
955 855
666 566
290 190
694 594
828 728
1073 973
278 178
745 645
375 275
703 603
188 88
812 712
467 367
132 32
644 544
398 298
838 738
661 561
1063 963
1006 906
560 460
726 626
366 266
243 143
827 727
604 504
133 33
936 836
542 442
461 361
728 628
531 431
484 384
654 554
344 244
124 24
582 482
516 416
865 765
835 735
546 446
343 243
347 247
554 454
1013 913
1032 932
660 560
594 494
628 528
748 648
694 594
457 357
1035 935
696 596
562 462
888 788
721 621
636 536
760 660
859 759
664 564
300 200
402 302
666 566
1036 936
841 741
692 592
317 217
824 724
319 219
218 118
932 832
399 299
919 819
351 251
587 487
229 129
573 473
196 96
341 241
267 167
164 64
269 169
616 516
481 381
957 857
1076 976
318 218
867 767
590 490
937 837
604 504
507 407
807 707
303 203
442 342
487 387
575 475
835 735
275 175
806 706
886 786
435 335
271 171
140 40
332 232
921 821
988 888
231 131
966 866
259 159
1076 976
1078 978
353 253
153 53
719 619
949 849
742 642
578 478
560 460
119 19
318 218
330 230
318 218
553 453
767 667
436 336
1049 949
1031 931
189 89
688 588
588 488
549 449
668 568
666 566
626 526
466 9296
198 7126
111 8600
458 8439
844 5926
703 5569
722 6197
1059 9960
885 7131
1100 8781
263 9819
878 9057
746 6536
437 6459
147 8346
1061 8363
1065 8382
202 9786
549 5803
463 7236
964 7353
1100 6219
705 7687
845 9656
833 9057
271 6998
544 7581
340 9729
1099 5890
993 6995
1022 9352
895 6179
185 9603
626 9340
731 5652
883 5611
457 6530
517 8044
764 7396
404 7048
988 5810
138 7451
535 8863
917 9501
858 6229
752 9142
684 7389
658 6942
669 9735
516 6666
362 8363
166 6046
877 6819
334 8575
941 7139
476 6264
149 5175
671 5261
171 9668
390 9344
973 6865
757 7462
361 7454
646 8872
721 6281
1030 8820
507 8428
914 9996
387 9719
964 7070
678 9216
263 7373
784 8717
746 9182
148 7249
427 6958
908 5720
318 8301
775 6464
715 8836
394 7794
329 8534
369 9891
294 5488
454 9414
189 5694
455 7518
647 7839
720 6097
146 9021
454 8454
721 9840
601 6393
859 7112
920 8955
1079 7301
293 6047
472 6001
639 9432
806 9266
405 5429
1087 9723
272 9481
832 9958
437 7120
176 5350
635 6240
552 9149
675 9476
1065 7148
278 5122
701 6383
915 7176
541 5664
955 8598
673 9686
419 7920
955 5170
686 9826
745 8836
1060 6277
911 8933
752 8488
653 6546
709 5389
453 6542
994 9454
694 8227
498 7393
440 5542
547 9118
392 5022
365 8926
683 8691
869 7485
1023 7360
966 6759
950 8345
175 7626
297 5994
1042 8304
443 6862
1053 7340
145 7680
1071 6867
157 9226
940 7855
420 5885
583 7879
164 8610
267 5699
311 9420
591 8986
268 5989
292 8568
990 7392
261 9669
712 7176
765 6659
1038 7017
634 9888
679 5361
127 9981
198 8177
1075 9836
1044 5473
624 5809
117 5202
276 6685
339 9636
323 9017
372 7925
596 8812
789 8109
493 9076
660 8638
101 8201
858 6868
820 5752
548 8446
1075 8567
796 6527
1023 5998
441 7219
347 7146
961 9497
991 6442
691 8734
446 8082
853 9120
800 5856
106 8869
987 6267
1034 9786
632 6391
364 7953
390 9748
308 6934
585 5065
1093 5988
961 6765
929 7059
304 6143
384 6135
582 7427
396 9724
778 8490
938 6796
449 9118
394 8590
456 8775
630 9074
679 9761
211 7100
849 6715
831 5933
237 6805
321 9763
647 5900
151 7242
649 5585
843 5727
637 7470
546 5926
1025 5280
359 8612
419 8455
849 6825
639 6714
1007 7620
741 9694
655 9851
580 9819
701 5082
600 7864
805 7303
580 5756
551 8977
913 7185
206 9518
845 6757
475 8646
968 9911
370 7954
786 6394
735 7582
874 9304
535 9224
518 6789
976 6731
276 5414
1037 8668
128 5486
195 7429
915 9528
778 6929
350 6965
886 5135
934 6958
773 5279
257 7727
618 7176
586 7833
367 9796
947 9268
517 6958
468 8482
604 5036
352 8711
413 7300
182 5513
120 5851
657 8686
291 8660
172 8711
949 5769
236 9659
1063 8541
355 7697
230 8142
547 8140
454 7539
715 8012
671 9512
549 6642
275 5105
946 6049
966 8000
945 9798
396 7582
574 5512
173 9547
756 5193
1035 6336
168 5919
901 5506
165 8405
356 6298
1062 6284
955 7397
602 9940
484 6954
716 9027
733 6492
1087 5947
952 5300
489 8356
552 9022
1028 7162
493 6390
1030 9641
938 5333
343 8113
117 5800
698 5547
952 5688
727 8834
1054 9241
184 7964
1056 9699
835 6415
180 5769
922 6486
680 6728
153 8195
1093 5074
505 8521
630 7354
821 8714
475 8774
377 5759
945 7854
319 5303
726 6793
670 8564
777 8423
680 9595
328 6572
602 6854
892 5117
302 6618
591 5581
435 8063
814 8101
588 9543
477 9224
769 9652
980 5168
366 9763
307 9446
405 8181
181 8365
611 7274
647 9822
399 9069
189 9177
988 8852
410 9987
621 9815
336 8224
621 9325
177 7209
962 8949
872 8498
546 8971
206 9553
346 5755
216 7410
606 9966
106 8319
1067 6981
575 8359
626 9261
1009 5349
160 7806
767 9176
385 7100
975 7702
186 8081
314 9274
776 8246
281 8559
514 7323
845 9678
225 8013
102 5549
132 9739
701 5768
565 9621
129 5954
1016 5914
1064 8631
156 5728
1005 5795
601 9625
209 6179
843 6109
124 6421
1011 9717
366 6204
721 9694
976 5317
704 5103
188 7301
1081 6711
451 5250
130 8587
372 6277
889 5672
451 5750
203 7598
621 9884
558 5637
525 8812
793 7681
413 5032
727 7283
552 9146
678 7012
818 5084
279 7054
182 5690
331 5059
254 6876
896 5614
754 5739
968 9644
495 7794
511 5968
376 8350
738 8956
276 5107
269 6175
616 7147
388 5525
946 5716
971 8663
732 8560
331 8157
364 9905
611 6311
326 9417
258 5729
1093 5416
613 9527
651 5005
648 7174
740 5607
600 5202
155 6987
893 9194
159 6015
837 7604
142 9976
845 6508
543 6361
916 8159
255 7181
981 7644
1001 9925
1037 6841
167 8727
586 6715
966 9854
449 7577
131 9728
645 8028
368 8813
1023 5922
407 9124
419 5204
622 5688
310 9099
1087 6425
140 8894
853 9633
905 5817
386 7177
251 5645
511 7178
631 6533
833 6452
1090 8833
594 6325
318 8000
111 9963
211 6593
421 7190
302 6238
215 5857
168 9851
664 6702
1009 8668
850 7510
859 9574
626 7303
945 8975
948 7492
229 8877
516 5449
1093 9025
410 9043
368 9552
943 5077
992 5556
1073 9325
236 5227
704 6637
1050 7964
302 7127
220 9059
344 9501
321 9149
650 6651
1058 5036
882 5890
346 5883
216 7518
1054 8445
828 8203
937 9989
664 6671
810 9043
559 8820
737 6293
742 9943
409 7175
569 5415
843 6954
457 9268
686 8606
524 6935
859 7070
422 8880
370 8204
850 9409
693 6243
733 9854
497 7561
831 5420
560 6638
344 7237
902 9006
524 5123
556 8845
409 7425
1087 7086
238 9181
199 7726
1090 9704
335 6939
1052 6964
915 7618
933 5962
255 8271
899 9586
1014 9328
705 9404
576 5324
190 9747
1064 7878
854 9597
1067 5454
948 7614
970 9980
834 8928
655 9910
150 7321
207 8562
830 5283
114 8955
875 7007
807 5278
1002 5708
319 8818
794 5534
770 9606
984 8520
1000 9461
188 9086
773 5059
1042 8435
645 9936
940 9016
194 9884
729 5190
692 5070
227 7963
940 8987
453 8906
998 7082
817 9351
346 5761
1081 8519
736 6736
626 5058
1039 7583
483 7974
938 6044
998 6359
460 7954
965 7200
555 9355
1011 9840
738 7319
197 6101
917 6903
212 6148
1059 9876
737 8952
421 9863
345 6800
431 5814
382 8525
323 7007
1060 5194
932 8925
861 9370
826 5802
762 7538
237 7268
941 9265
265 5394
1020 6021
1056 9928
909 5471
396 9019
949 7050
1023 8210
607 8787
760 5109
383 7815
754 5347
833 6956
977 9043
812 6759
398 7556
769 9078
881 9909
797 6508
540 5089
1067 7763
1067 7127
184 6699
108 7416
568 5244
244 9304
926 9373
318 7528
1010 5829
545 6561
615 9421
375 8592
557 5999
168 8482
887 7392
531 9538
887 6027
341 9494
474 9233
936 6785
901 7835
1091 6203
769 7130
1002 6441
144 9538
247 8943
291 7441
158 7240
136 7670
337 6021
661 8978
792 6640
102 6906
743 7825
320 7796
970 7104
268 6225
103 9842
515 6990
376 5788
252 5196
507 6365
1052 6268
754 8709
1055 9472
184 8706
321 9270
833 9755
954 6722
857 9183
282 8431
262 9675
837 7934
491 7157
723 7634
596 6359
316 7929
529 5996
222 6157
1010 6622
509 6671
981 9466
1049 7238
831 7831
500 7228
440 6108
899 7349
818 5441
331 8056
1082 8443
969 9288
858 7880
881 5479
497 6763
502 5003
615 8288
136 8495
202 6636
639 6103
208 8640
632 7366
409 7824
185 9780
833 6131
224 5780
195 5950
116 6851
349 7879
991 8788
742 7299
802 8000
717 7812
205 5187
187 5383
1039 5937
235 6682
736 5925
956 5369
463 8369
484 5497
346 9590
241 7066
125 6515
471 5459
588 8805
845 9367
681 8991
557 8730
903 7793
681 9438
450 7835
777 8526
582 5242
304 8387
430 7563
989 8854
399 8419
827 6909
240 9627
1096 9548
967 8503
986 8492
286 9769
179 5246
245 9359
1085 6588
990 8354
988 5300
260 7188
780 6192
1069 7067
561 5184
968 9611
143 6102
425 7941
676 5662
375 7723
757 6917
803 9562
580 7007
237 7741
749 9349
403 8899
253 6601
353 7641
817 5756
304 9012
1078 6772
680 7749
903 6505
201 8532
411 7780
363 6602
368 9362
277 6455
153 7584
143 7975
203 7279
733 6741
714 9074
1053 7933
643 6031
859 9610
192 5372
107 5089
221 6351
661 5236
521 9964
142 8843
632 7211
192 7119
834 8620
646 6710
314 8699
961 7672
169 7112
815 5062
373 9916
1075 7281
282 8779
914 8275
593 9061
566 9306
873 5896
737 9820
938 6882
874 7701
297 6167
150 7226
703 8913
829 7597
262 8518
668 8449
659 6838
396 8466
904 9651
887 9429
189 9616
638 8530
134 9980
1071 9019
745 7316
835 8517
126 9134
289 8483
1058 9239
489 5549
686 9283
1064 5235
478 7549
814 5701
555 6657
717 6584
1009 7455
630 9075
1099 7712
1082 5704
498 5733
853 7716
506 5494
693 8901
741 6575
564 8203
1033 5296
676 6724
768 7577
321 6624
771 7861
859 9968
339 9713
134 6168
821 5180
135 5040
898 6595
487 7997
680 9694
559 7426
734 6004
442 7777
330 6423
637 5935
847 7639
716 8710
613 5672
987 8628
510 8368
738 9916
269 8528
973 5620
802 9646
1025 8341
1002 5949
626 9421
158 6003
1087 8280
219 9628
215 9529
848 7235
306 5053
775 5928
620 6416
146 6596
771 5526
569 6156
618 7255
144 6510
224 5288
442 8992
857 5930
914 6602
1028 7726
540 5351
742 6491
282 9654
280 6028
110 8981
296 8010
1044 7614
869 6983
489 7390
193 9110
901 7742
575 9591
518 8551
676 9933
389 6532
446 7272
148 5941
207 9629
478 7569
744 7436
962 9839
666 7976
711 6967
1091 9008
313 5148
1075 8689
872 6697
849 9310
618 8460
535 5957
285 9567
536 9585
371 9873
506 9998
302 9546
894 7816
1040 9271
849 5778
1004 5999
931 9797
533 9768
506 8014
392 9792
268 9262
541 5750
857 5711
606 8971
551 7945
242 7112
384 6418
408 6236
356 7724
919 9445
157 9582
147 9685
914 8501
574 7373
617 6866
1036 9547
777 6953
980 8610
846 6787
563 7598
226 6059
564 6627
1097 8653
962 9193
492 9965
518 5664
647 8406
387 7900
388 7281
307 8783
548 7686
874 9531
445 8395
550 8796
668 7071
599 8561
880 8973
244 8421
1014 6098
362 8928
914 5576
607 5734
1062 5699
1029 8402
295 9718
439 9158
866 5372
836 6668
907 9084
464 8763
200 6439
1038 8148
939 8278
549 5192
287 7204
891 6658
351 7227
184 6525
776 5698
518 5067
1041 9964
803 9822
380 9086
851 8889
549 6688
861 5587
624 5142
262 9603
645 8253
975 8042
734 8435
244 6080
421 6445
130 8259
616 6579
1059 5190
417 9295
356 9796
625 5182
624 8534
892 8627
452 8156
762 6379
1094 7645
505 7349
586 5400
853 7013
520 5035
446 9931
1018 8543
145 9695
784 5175
294 7688
116 6724
317 5413
763 6843
477 6561
974 8655
502 9780
207 6868
662 8225
141 5162
154 9215
775 8247
655 6057
815 5442
637 9426
1019 9293
653 8376
500 8841
879 5979
353 5932
588 9099
153 8157
326 6675
1097 6473
537 9891
291 6489
160 9175
778 5712
631 7754
783 7034
530 5086
709 6062
348 8531
1035 7566
101 6641
342 9281
902 8657
323 7075
1017 6812
354 8705
369 8408
1028 9682
828 5450
487 5325
684 9768
136 8725
1055 9458
833 7036
396 6802
923 8651
1066 5146
298 6708
229 9369
118 6439
1058 5233
466 7220
621 5108
443 7339
1045 6731
151 6294
720 9072
856 8370
368 9842
233 5170
725 7664
643 9401
379 9268
866 5038
689 8379
1039 6607
367 8959
838 6121
1099 5631
157 8380
517 9354
700 8845
947 6193
178 8358
1098 7802
1027 5327
220 8856
918 7799
856 5148
1009 8538
259 9714
711 9854
782 7221
868 7686
1081 8312
450 7779
624 5980
123 9263
665 7259
665 6249
767 7700
655 5730
354 8285
714 5234
970 5939
260 9387
830 8925
438 9026
619 5294
845 6275
189 5254
350 7220
239 5110
218 9804
1079 8808
117 7736
362 8269
1070 9516
172 8144
716 8504
1003 6998
575 7796
674 9327
692 8121
153 6538
103 8416
558 9068
694 7865
716 6094
1025 8519
486 6094
626 8909
994 8596
998 8015
905 7114
172 7013
116 7647
104 5670
286 6430
342 7439
514 7399
464 7452
562 9202
708 6801
1035 8421
359 8705
265 8777
961 5555
509 8315
624 9923
1021 8670
230 7277
808 9143
516 5731
772 8152
116 5346
954 7844
144 9033
631 5997
762 8552
422 5048
269 9655
1020 7090
493 5271
853 9826
960 9374
459 9047
158 9551
335 8585
856 7187
167 7104
554 9534
130 8551
597 7257
263 6539
420 6443
114 5665
611 9334
327 9601
687 8268
1074 5867
506 7105
857 5827
594 7788
369 5733
1082 7723
918 6434
481 7086
894 7727
985 7973
460 5485
773 8999
144 5990
908 5007
510 6099
198 9412
285 9967
669 6222
708 8848
745 7198
1046 9681
992 6206
574 5735
526 7561
1060 9511
982 6216
269 8396
813 6966
937 5718
1100 8130
889 8550
796 9468
806 9156
111 6635
900 7660
783 6581
173 6737
841 9708
459 7537
746 8005
1035 5057
1095 9437
1035 8452
439 6408
517 7837
336 5369
668 7989
249 9885
632 7138
444 7839
516 9871
386 6752
650 8661
277 7640
908 9389
882 7298
481 7704
220 6156
441 6602
462 7496
628 8519
856 8766
601 6203
954 8370
211 6875
316 6431
596 9728
902 9575
571 7866
730 6670
209 8282
168 9995
770 9995
185 9953
335 9417
1068 9922
175 9214
702 9015
806 9581
913 8758
901 8275
293 6568
165 6273
367 9336
474 5839
914 5065
617 9586
670 8467
360 9107
667 7944
723 9740
337 9230
665 5188
1085 5257
472 6065
876 9163
862 6265
819 8018
1028 7468
898 8719
732 6783
969 7023
113 9096
171 7209
198 8958
458 9964
261 8253
268 9283
504 8137
977 6793
611 8707
1098 9291
391 5290
571 5062
447 7418
340 7763
634 6271
1074 7237
799 9230
1036 9773
329 5842
146 5670
708 9006
928 6828
960 6967
564 6029
1091 8826
596 7464
762 8743
1073 5174
476 8944
982 7699
961 8263
1099 9374
657 5876
766 7073
910 9247
529 9705
628 7521
340 7743
485 6221
1092 8794
524 6131
857 8014
537 6945
111 9012
165 8550
552 7565
357 5057
527 7633
461 7913
694 5685
458 6930
898 6370
117 6955
673 9092
158 5666
441 9777
871 5486
872 6172
967 9017
445 5849
988 6641
1089 8336
196 8350
812 5642
664 9993
538 5594
346 6163
1018 7489
212 6854
200 8081
782 9817
1051 8036
167 9167
1084 8647
101 7993
924 8991
744 9933
482 7755
436 9435
573 9816
558 7499
1006 5759
207 5865
972 9964
270 6780
112 6812
748 9100
162 9754
1071 5432
843 9477
1000 5961
952 8342
134 8891
943 8511
305 5743
694 8277
648 9405
879 6363
449 5348
1072 6361
229 5983
603 8736
571 9383
739 8533
174 5629
808 9735
385 7320
449 7183
308 5466
565 8034
586 8956
247 9138
1063 5520
706 9681
247 6525
446 6414
263 6460
915 7519
1005 9073
481 9758
874 9512
737 7404
267 5960
258 8813
922 9298
507 8929
728 7230
649 5172
178 6610
707 5635
797 7509
812 8363
160 6749
598 9541
847 8374
588 8445
887 5864
770 6914
1054 8641
781 7032
784 9251
327 6417
649 9202
378 7305
155 7697
723 5814
466 5160
326 7487
181 8219
632 7967
110 7707
687 5761
310 7965
702 8811
966 9253
273 6118
230 8596
821 9134
234 8395
599 6619
150 5761
111 8795
537 8007
423 6655
463 9562
569 9738
804 5373
647 7019
339 6605
619 9301
302 8832
461 9467
379 8493
552 7661
919 5715
505 6452
956 6022
695 5823
263 5191
770 7516
417 7309
652 9988
345 5992
1095 8463
252 9999
1018 6779
661 5044
892 5801
354 9797
710 5160
940 8116
117 5432
507 9122
933 5292
863 7227
407 8696
206 9840
107 6145
173 7260
438 7397
850 5190
532 8513
932 8186
1051 5483
234 7423
748 5130
445 5799
415 5848
483 7730
621 9841
207 6125
775 6695
664 6898
495 8943
537 8268
1066 6959
800 8220
278 5494
960 6293
1090 7574
627 8968
197 9375
593 6760
401 9656
163 8296
880 5447
793 8707
459 9649
1074 6986
549 6502
246 8327
980 7596
865 9147
532 8743
502 7273
205 9027
943 10000
668 5826
849 8251
956 8949
1088 6151
746 6430
925 7737
343 8884
562 5626
554 7882
428 6440
274 5654
1053 5208
577 8951
796 8765
1099 7190
390 8520
156 5268
273 8356
362 6884
541 8943
511 9011
363 8210
769 6184
213 9913
962 8441
885 5462
898 9627
430 5596
409 5210
137 8316
799 9057
857 8994
630 8138
758 8953
741 8441
386 6094
423 5807
812 9119
681 5154
1025 9066
1006 5657
934 6575
461 6384
993 8689
928 9700
473 7130
483 5988
930 7728
346 6837
192 5612
1030 7822
617 7020
428 7963
765 8805
357 9596
634 9382
613 6553
592 5587
423 6301
1077 7224
1039 5076
929 6956
823 7888
888 9218
1026 6330
709 9089
436 6948
960 5378
955 9324
289 9800
963 6417
304 8457
943 9158
1002 8796
756 8124
447 8535
704 9797
123 7582
332 6172
918 5168
1059 9452
651 9895
988 9709
398 5994
705 9897
575 6370
622 7394
1040 9860
445 6977
208 5279
825 5563
955 9426
215 7250
350 5699
490 5334
1052 9834
869 6855
211 6118
640 5129
1031 8270
421 9346
145 5864
868 6477
738 9086
282 8939
102 8839
538 9943
685 9309
870 9166
844 9902
992 6353
110 5912
338 9322
130 8495
935 6832
893 8544
675 7916
138 6395
574 7823
413 9566
678 8238
739 8210
355 6734
596 5531
668 8256
917 9473
1001 7036
102 7481
605 7779
622 8392
346 5189
379 8308
597 5051
1061 5415
922 6712
945 9354
847 6415
527 8109
966 7333
194 7276
225 7145
941 6614
328 8858
1088 8722
148 9031
1033 8450
174 6645
184 9056
942 7384
962 6976
1024 7706
548 9990
609 8831
472 9096
737 6051
296 8953
615 9323
442 9125
970 8343
658 7530
686 6894
1090 7026
868 7897
738 8242
543 8047
873 7876
856 6762
378 8410
863 8710
502 7176
821 8294
951 7565
875 6025
593 9399
350 7178
890 8605
908 9898
234 9473
452 7072
672 6177
162 6835
114 6022
881 6727
301 8267
107 8555
978 8668
377 8003
1086 7652
1035 6855
778 6492
513 6406
898 7017
815 6888
987 8899
461 6185
202 9350
110 6069
418 9233
419 9499
811 7955
842 7866
754 7816
766 8194
496 9154
350 5600
928 6101
569 7357
824 6536
290 7006
857 7669
1056 5603
411 9446
1093 8164
117 6386
1060 9290
500 7015
406 7494
274 6628
249 8050
178 8575
432 7337
416 9733
938 6924
862 8999
155 5484
715 9538
818 5502
868 9700
869 7612
541 5072
440 7082
406 6090
897 7844
808 6466
543 8609
625 7529
434 6528
1099 7415
739 8135
958 7122
978 8508
708 9655
1060 5536
516 7624
231 7587
875 5626
973 5292
901 9354
474 9695
1075 5054
194 8703
1038 6509
1065 8495
267 6822
431 8181
651 8579
782 9342
116 7079
1091 6728
547 8822
180 5740
488 6604
655 9188
500 5855
560 7628
949 8363
871 8753
1092 9077
528 8457
577 7787
228 7111
736 8625
633 5143
617 6719
780 8466
859 6525
301 8784
848 8763
173 6416
1052 9051
588 9439
427 8777
537 6550
538 6582
682 7221
490 8072
485 6655
555 8638
531 8438
150 9924
471 5124
862 7984
679 6197
320 5632
771 7432
145 7319
525 6776
932 9853
957 5919
143 8227
307 6035
530 9614
700 8340
991 6811
1012 8372
521 8297
393 5938
856 9031
721 6994
1079 6605
271 8349
480 9010
652 6669
293 6587
695 9584
324 5784
652 9312
593 7858
311 7651
1020 7664
499 6527
316 7047
968 6149
1042 8800
941 9806
939 7277
378 9440
734 9589
260 7380
775 6268
113 8659
240 7099
1033 6792
698 7295
639 5588
689 6302
433 5261
457 8884
135 5508
1053 9244
523 9636
534 7125
1043 6779
389 5261
769 8367
769 5017
441 8164
387 6525
580 5990
969 7042
181 7092
1031 7446
393 9622
437 5848
673 5090
433 8905
288 7814
1034 7090
336 5395
501 8289
901 6431
775 9745
315 8172
255 7448
279 5981
631 6394
667 8269
832 5654
819 6285
1017 9459
647 8837
204 9996
830 6662
648 9817
632 8455
975 5050
248 7519
970 6923
751 5884
931 9397
761 5649
518 9819
1075 9778
630 6723
750 6164
809 6970
161 6839
246 7090
889 9865
1074 5879
590 9027
885 5756
1025 6372
907 9563
523 9939
825 8255
410 9199
350 8760
526 7304
744 5177
1044 7866
462 7172
1077 8913
385 9800
465 7756
1088 6569
384 7246
145 5301
827 7927
731 6420
646 8315
781 8094
523 5566
518 8164
265 8654
795 9859
861 7984
353 9069
158 5330
1029 5515
360 7138
910 8251
185 5373
985 9014
477 7505
167 8886
536 9054
616 5286
1006 9997
767 6417
402 6510
572 8673
604 6340
334 6722
388 8770
966 8842
254 9736
563 6620
969 7516
627 7172
