973 3615
482 485
257 326
286 248
517 421
404 322
713 795
45 43
924 845
873 955
160 252
1 9
838 901
40 122
58 94
676 738
627 574
766 715
862 882
405 367
923 984
379 299
461 433
612 682
133 72
813 874
97 138
908 856
165 145
996 995
623 529
220 199
298 277
157 97
723 719
144 242
48 107
129 122
148 70
35 98
644 600
632 645
272 267
1040 972
977 895
312 213
778 748
567 487
965 923
1 29
616 674
569 540
628 554
493 467
76 46
733 710
575 553
288 191
775 724
723 730
912 988
64 90
354 340
565 549
210 196
922 865
775 678
566 570
934 936
626 722
742 651
194 123
485 431
483 508
617 585
876 853
653 642
896 992
652 725
220 286
727 812
900 859
563 663
56 88
157 179
280 187
537 619
284 261
920 846
124 192
239 261
459 514
931 886
504 530
910 849
382 294
795 799
485 391
351 330
289 298
865 790
250 275
738 826
75 72
788 866
947 951
651 748
595 685
993 956
663 564
265 183
338 400
637 721
206 207
328 323
618 611
64 116
139 109
806 795
412 343
912 862
715 685
1 10
929 881
1025 984
410 403
273 360
507 449
450 541
174 272
882 877
427 359
787 707
355 308
734 770
1 30
248 208
397 311
159 100
874 939
449 422
857 785
286 370
976 989
908 969
103 143
1071 972
1 28
117 61
697 638
424 348
439 347
74 66
442 391
568 638
195 295
854 826
281 196
433 449
845 855
224 143
487 487
181 140
496 564
690 615
124 135
575 564
374 360
766 793
149 163
776 859
793 760
674 711
696 662
90 159
732 660
214 268
935 948
228 315
619 676
349 341
734 689
964 894
644 706
484 490
491 478
628 671
1009 932
944 899
315 237
92 187
554 472
757 772
88 98
952 906
818 911
628 635
316 225
818 823
255 164
432 343
861 170
460 858
380 609
395 490
814 107
1006 265
592 333
661 478
901 477
342 322
535 127
751 328
381 284
286 51
128 758
873 368
103 615
854 389
806 540
117 542
816 631
854 914
534 176
553 507
930 309
542 870
438 762
666 789
542 904
452 621
439 965
722 474
340 586
275 603
267 832
151 219
164 213
560 743
518 126
896 112
566 782
992 604
178 211
1059 326
1042 930
622 530
405 969
1056 751
889 52
975 276
28 133
106 278
168 118
1000 549
1003 125
328 573
319 952
213 848
153 376
311 846
204 184
332 304
859 966
622 941
138 356
531 931
552 39
469 658
424 203
299 21
489 532
281 395
1044 872
192 550
849 143
521 893
338 176
709 348
605 683
285 648
399 99
799 876
450 918
920 492
805 164
346 858
48 920
132 95
995 808
928 406
230 784
1015 636
989 913
1046 295
355 53
934 161
640 773
625 275
582 517
950 587
477 759
494 691
319 986
310 31
896 695
748 497
168 410
493 133
58 289
867 353
822 674
500 401
842 507
350 650
87 138
777 143
621 982
520 541
1060 745
143 119
593 901
823 963
286 770
373 815
819 988
44 304
144 658
550 703
279 132
91 889
1064 565
486 335
853 329
401 453
724 704
532 762
184 444
74 693
858 226
471 453
686 223
291 76
354 692
337 168
640 702
856 734
691 58
389 50
611 208
33 905
395 556
316 812
464 384
79 501
597 621
747 956
262 361
177 871
919 553
859 816
545 508
590 935
352 947
255 109
1070 25
965 383
859 209
541 53
551 866
692 677
703 929
23 51
491 365
677 174
568 653
347 837
190 212
188 852
961 840
780 597
1018 277
995 769
428 169
341 139
446 70
240 925
345 555
1056 882
1016 122
1060 454
8 875
588 782
387 168
166 91
621 418
716 95
573 57
114 979
641 22
356 828
1052 316
680 502
387 961
341 401
906 743
31 474
92 721
508 625
221 328
670 982
349 846
314 313
152 434
569 583
895 410
916 737
168 189
1060 476
766 49
32 81
744 623
574 18
852 590
737 285
384 652
260 724
647 400
449 862
1031 440
564 74
161 908
498 960
144 39
173 948
864 301
801 636
482 476
144 863
131 885
439 803
132 584
933 505
80 880
914 746
2 65
1048 110
704 969
149 579
332 250
1006 11
264 227
664 146
961 456
574 385
336 440
255 687
986 116
151 391
342 455
200 257
681 358
407 719
347 560
174 508
573 202
280 272
902 446
707 993
536 321
1034 279
778 821
864 619
1016 295
536 266
721 58
618 764
32 663
830 85
508 959
474 351
713 353
678 142
1058 256
828 632
483 924
770 497
877 518
169 530
278 681
569 684
989 54
521 806
634 352
100 184
71 926
643 661
593 432
364 760
860 39
44 363
251 559
652 438
107 342
950 961
706 166
945 831
526 294
323 147
1018 823
54 113
884 742
617 930
684 207
546 978
167 442
409 628
681 849
679 157
817 444
1012 889
1028 236
790 165
889 481
830 744
831 362
717 853
922 556
118 756
634 412
754 868
944 948
844 818
381 44
919 639
958 466
708 899
79 521
1068 914
769 750
497 46
650 170
659 458
200 36
373 326
847 423
698 114
414 102
321 289
1033 817
230 98
195 487
395 96
992 854
102 784
432 277
393 287
376 491
289 175
687 336
518 193
75 244
436 263
1042 608
88 802
157 533
284 420
206 685
1003 200
77 477
734 702
802 901
731 941
845 588
59 679
91 993
889 846
287 783
10 308
545 448
760 953
533 429
222 677
902 419
246 752
635 369
750 864
10 664
303 696
186 696
36 60
134 764
236 339
894 17
62 989
302 338
705 413
307 163
640 916
813 618
83 708
851 205
782 262
75 701
34 856
102 531
1054 186
1071 94
908 65
853 540
359 548
994 88
577 796
126 191
191 894
898 621
59 80
299 550
431 864
24 393
848 816
142 727
294 409
924 101
639 664
851 966
108 118
998 756
774 395
885 436
186 305
839 687
336 110
972 793
855 106
634 245
756 490
359 693
139 468
789 799
694 913
526 340
370 848
895 429
818 855
679 330
687 219
716 717
1043 77
178 416
119 347
20 269
670 988
70 401
889 247
193 582
428 262
150 748
196 156
226 355
383 751
156 591
807 851
969 747
575 527
597 563
152 84
990 776
430 782
906 801
981 369
365 555
815 252
912 30
384 289
709 72
413 18
178 432
449 250
29 563
101 547
484 732
362 953
850 109
429 478
554 301
171 89
837 783
31 247
453 451
396 220
360 215
602 670
883 27
292 134
505 791
676 261
674 573
405 276
974 580
342 61
832 419
266 878
305 84
186 20
949 869
28 679
293 225
601 588
302 510
1067 908
616 727
1010 225
1009 203
562 678
753 167
387 298
331 818
296 18
180 767
297 742
942 194
435 250
511 354
842 230
135 135
850 197
618 698
163 58
772 831
212 916
892 492
525 407
648 304
1016 155
878 406
1069 727
659 675
155 239
381 423
928 958
585 370
310 896
133 467
1020 512
499 809
715 444
928 18
338 507
91 226
618 536
741 745
626 441
190 936
429 135
35 723
737 100
700 704
844 855
324 126
401 74
506 306
847 70
93 519
897 896
123 194
191 922
667 922
401 64
296 255
581 963
272 350
182 725
944 808
419 351
352 489
644 351
120 943
441 519
696 82
871 482
985 804
467 858
1035 410
63 839
873 26
543 975
55 943
257 566
708 516
559 178
488 78
629 621
194 15
835 538
961 142
192 176
356 90
635 235
257 609
998 249
47 559
1046 311
343 346
49 396
796 605
136 41
181 531
130 9
644 787
494 337
412 627
73 955
648 810
127 530
586 331
24 946
25 825
657 339
843 69
453 816
531 866
278 284
380 890
929 276
322 825
680 37
1006 883
494 130
1055 254
361 510
383 830
598 361
583 349
782 893
214 437
1023 658
128 942
1006 690
115 931
757 672
966 168
178 374
875 862
249 978
702 51
91 324
207 502
796 100
460 781
858 884
293 681
1018 308
814 938
112 796
930 874
701 809
689 746
484 200
606 932
1023 656
346 975
241 495
356 531
559 957
451 473
487 74
982 254
149 470
819 114
977 536
332 429
992 410
75 632
554 213
396 202
317 485
230 481
360 374
1025 942
1057 482
389 769
687 893
608 138
561 28
315 664
499 724
699 884
237 912
919 761
485 823
949 656
589 23
288 725
675 679
383 802
13 802
1058 497
698 666
51 539
748 838
267 268
402 362
686 215
171 280
934 53
15 771
992 385
839 994
1008 645
220 358
294 597
966 909
831 126
403 995
701 324
539 218
25 527
945 800
193 241
70 311
992 965
388 317
377 133
401 555
120 928
569 245
706 127
597 872
962 275
538 30
547 802
416 764
850 611
910 570
880 195
785 54
1010 33
45 850
983 147
860 590
472 22
404 219
923 340
628 508
872 509
193 994
827 476
34 888
527 141
355 90
127 296
177 312
705 683
762 543
731 122
510 114
942 957
310 797
686 216
383 100
565 970
638 643
138 709
561 423
176 257
363 776
167 499
418 771
204 613
901 212
742 410
778 658
1034 896
1065 56
801 182
576 89
158 989
857 366
962 26
53 875
100 150
63 360
910 770
40 319
700 880
618 770
413 15
331 840
348 37
717 362
736 327
619 235
401 405
495 323
325 99
836 489
856 796
234 955
573 809
158 684
642 221
96 290
304 760
791 312
636 34
876 986
627 356
545 471
120 454
418 736
1036 701
10 374
178 566
392 700
1049 33
731 30
937 14
459 545
329 800
975 476
946 602
601 323
95 27
251 253
364 659
1066 94
708 530
979 432
1064 737
258 794
543 552
388 123
836 382
642 490
1001 192
794 276
504 140
487 793
872 252
818 630
275 147
487 453
654 953
818 306
32 332
73 411
186 325
810 137
548 515
766 291
664 288
927 816
371 268
952 144
700 140
263 110
318 93
880 329
169 175
50 569
50 701
408 483
746 492
1006 912
203 802
799 37
384 124
21 869
922 975
107 971
59 140
802 621
626 256
475 857
649 340
700 248
766 316
462 100
14 536
1031 911
147 495
843 474
191 627
1024 336
1026 759
338 662
113 632
801 527
392 368
533 285
342 337
71 646
850 262
501 812
344 130
752 557
390 91
581 660
756 437
251 347
793 569
764 612
657 769
372 476
465 660
719 75
836 250
255 117
734 368
521 698
219 456
201 800
31 878
470 608
11 483
771 387
767 549
530 911
353 781
698 928
763 723
455 171
94 79
1054 613
501 926
230 857
68 199
432 91
53 107
972 577
551 91
868 233
586 845
635 453
539 742
751 270
1022 896
886 350
532 557
591 640
521 987
495 157
723 719
897 273
457 55
972 446
544 224
520 984
502 227
832 160
56 774
1027 50
63 522
103 659
290 59
358 503
1071 368
527 894
214 690
880 502
778 505
960 743
788 958
1064 51
740 807
586 472
95 274
267 778
238 817
15 949
85 564
1014 435
171 175
