977 4986
482 485
257 326
286 248
517 421
404 322
713 795
45 43
924 845
873 955
160 252
1 9
838 901
40 122
58 94
676 738
627 574
766 715
862 882
405 367
923 984
379 299
461 433
612 682
133 72
813 874
97 138
908 856
165 145
996 995
623 529
220 199
298 277
157 97
723 719
144 242
48 107
129 122
148 70
35 98
644 600
632 645
272 267
1040 972
977 895
312 213
778 748
567 487
965 923
1 29
616 674
569 540
628 554
493 467
76 46
733 710
575 553
288 191
775 724
723 730
912 988
64 90
354 340
565 549
210 196
922 865
775 678
566 570
934 936
626 722
742 651
194 123
485 431
483 508
617 585
876 853
653 642
896 992
652 725
220 286
727 812
900 859
563 663
56 88
157 179
280 187
537 619
284 261
920 846
124 192
239 261
459 514
931 886
504 530
910 849
382 294
795 799
485 391
351 330
289 298
865 790
250 275
738 826
75 72
788 866
947 951
651 748
595 685
993 956
663 564
265 183
338 400
637 721
206 207
328 323
618 611
64 116
139 109
806 795
412 343
912 862
715 685
1 10
929 881
1025 984
410 403
273 360
507 449
450 541
174 272
882 877
427 359
787 707
355 308
734 770
1 30
248 208
397 311
159 100
874 939
449 422
857 785
286 370
976 989
908 969
103 143
1071 972
1 28
117 61
697 638
424 348
439 347
74 66
442 391
568 638
195 295
854 826
281 196
433 449
845 855
224 143
487 487
181 140
496 564
690 615
124 135
575 564
374 360
766 793
149 163
776 859
793 760
674 711
696 662
90 159
732 660
214 268
935 948
228 315
619 676
349 341
734 689
964 894
644 706
484 490
491 478
628 671
1009 932
944 899
315 237
92 187
554 472
757 772
88 98
952 906
818 911
628 635
316 225
818 823
255 164
432 343
403 380
476 226
733 961
196 158
269 505
236 790
977 822
42 500
761 938
926 27
581 941
1024 88
1002 948
103 253
564 202
36 797
821 921
667 675
338 843
647 671
172 470
331 282
376 79
251 19
129 703
657 341
220 230
933 649
379 152
418 88
977 359
859 625
581 894
1020 663
140 666
132 78
4 499
843 318
626 128
1008 188
1001 412
204 573
331 55
630 917
674 199
498 820
120 132
777 638
322 339
588 579
780 892
222 559
793 120
888 113
267 113
558 783
418 122
1 787
418 408
396 388
437 494
721 84
870 459
659 441
587 677
326 222
391 278
581 969
541 663
712 608
811 901
576 836
5 986
140 506
611 323
873 972
688 933
1056 101
498 71
901 781
175 635
852 747
307 217
754 920
258 675
815 571
669 927
799 715
308 994
484 857
293 553
744 552
131 807
185 367
269 833
982 440
609 739
967 977
289 789
691 543
775 234
659 938
508 31
445 731
973 972
691 682
749 324
48 847
1039 805
504 415
962 546
816 764
429 104
34 446
892 259
504 746
911 951
90 368
957 500
687 181
95 183
1032 763
395 912
1009 672
907 209
459 379
929 683
1024 51
753 422
627 410
401 761
43 582
257 373
277 988
834 740
538 778
315 24
947 13
878 611
566 939
916 255
509 432
862 814
684 589
308 624
882 935
796 225
251 728
125 217
653 888
780 670
294 946
140 110
599 946
526 435
359 521
493 818
312 47
474 11
573 187
960 449
636 263
612 227
143 808
651 331
605 114
509 737
14 342
106 677
691 828
728 968
372 969
18 338
628 957
213 447
392 297
827 55
207 590
723 243
874 247
1057 452
1054 648
801 747
27 57
176 788
566 609
462 592
612 165
184 291
1014 73
257 777
54 453
106 773
47 728
530 232
40 73
439 269
81 223
73 323
1000 728
352 66
262 68
1052 299
411 812
357 816
746 206
986 846
921 61
731 693
652 505
734 989
270 593
610 381
494 391
590 419
1069 644
972 82
496 570
524 467
791 749
191 525
171 88
814 502
946 887
346 493
270 421
474 527
669 683
982 428
187 74
811 383
912 33
121 323
221 40
921 607
1046 774
663 516
647 956
654 794
898 929
238 831
996 809
206 821
1041 386
537 579
649 455
631 604
260 803
587 467
318 172
49 968
933 557
825 217
86 92
946 232
402 115
487 980
195 127
821 53
685 44
145 767
200 767
762 651
810 956
520 883
76 118
222 865
144 199
768 168
59 160
634 538
520 889
1009 766
570 514
23 257
227 99
208 861
297 252
608 975
31 614
500 39
182 694
812 623
760 37
55 434
706 47
936 396
642 106
178 387
90 111
409 102
698 79
893 618
842 916
104 508
1029 249
765 943
1037 49
67 592
869 775
805 628
464 319
1011 396
400 326
400 401
4 509
512 778
4 363
596 434
213 72
654 350
391 17
247 284
1057 850
762 342
731 240
674 130
983 17
514 793
911 69
832 426
438 86
1062 928
182 753
730 557
627 425
609 434
586 498
117 592
575 182
868 554
231 388
642 427
771 813
729 597
369 801
605 156
803 242
831 59
787 16
156 406
91 994
63 123
253 197
1013 514
332 168
872 644
21 937
275 561
568 878
660 183
1063 861
545 249
411 122
761 864
251 75
474 170
1064 109
773 274
333 868
694 771
197 896
1050 347
813 100
642 881
315 717
1020 71
947 735
831 347
995 274
863 398
160 964
570 894
382 635
316 688
780 798
766 290
544 613
515 370
931 141
685 286
596 71
530 96
839 888
560 43
630 250
294 556
967 783
942 183
928 364
454 581
176 473
336 217
741 562
872 911
1008 364
57 733
209 972
775 761
623 756
998 334
386 877
1062 199
374 232
88 358
581 146
911 49
261 725
117 958
142 622
274 12
702 533
819 201
774 294
186 240
895 631
829 932
990 86
341 303
294 683
686 880
618 38
85 256
948 896
439 170
774 243
148 641
423 694
965 262
1066 825
646 814
744 373
116 213
29 338
128 797
302 514
539 387
850 922
777 483
918 828
920 544
25 290
368 901
993 537
150 367
535 626
412 767
164 552
366 912
223 116
920 634
598 778
1041 559
566 133
440 451
600 934
294 664
709 679
87 356
640 677
1051 689
540 911
529 325
161 775
326 567
980 63
105 75
655 148
836 390
445 28
335 42
10 482
246 157
875 761
911 551
883 129
1040 365
955 231
136 383
272 598
140 452
29 345
385 77
755 730
195 392
852 897
600 407
478 666
56 581
371 480
65 610
995 769
460 303
701 837
573 258
575 134
462 711
799 100
957 934
324 636
960 536
433 207
71 247
283 356
318 688
1039 964
87 365
453 158
160 898
368 790
202 275
344 10
252 89
291 387
482 778
137 678
1038 237
788 135
298 398
1028 83
505 360
885 637
67 377
77 891
556 189
481 258
227 381
963 475
861 913
889 697
536 905
50 324
706 496
702 468
414 879
949 44
1051 37
833 470
383 439
871 945
601 806
562 293
576 915
285 533
645 272
471 733
1002 490
908 533
212 786
112 259
898 676
575 371
742 502
26 616
327 307
471 179
380 162
705 609
256 677
1048 106
962 603
277 794
491 152
855 477
246 662
1009 350
857 751
807 940
638 613
2 642
141 974
989 248
514 909
361 430
985 589
990 600
995 346
1008 604
31 527
664 902
61 507
750 533
534 754
730 936
206 344
916 641
116 764
305 226
934 745
491 166
168 699
756 429
757 535
406 590
835 275
1042 445
896 17
481 697
741 803
691 792
801 360
864 977
313 205
620 783
211 799
765 73
77 160
717 202
914 540
270 712
133 356
873 100
31 651
561 174
586 899
899 295
755 38
1055 68
893 259
130 633
759 535
775 276
82 671
404 325
48 315
924 263
877 88
858 165
899 871
914 346
277 89
203 917
258 833
242 902
988 737
615 520
52 775
55 394
497 407
843 330
8 818
1069 409
454 578
352 36
326 995
606 685
536 752
817 810
772 532
554 935
1019 959
162 33
899 246
380 807
1068 956
339 277
360 414
552 431
292 201
335 74
670 414
1021 757
481 719
147 206
800 418
218 285
43 453
923 399
868 709
746 709
675 441
802 165
324 376
435 991
810 230
906 514
540 345
261 840
641 705
223 886
506 255
710 37
189 812
522 268
983 269
935 873
915 50
193 681
68 646
1005 439
892 825
567 336
1040 671
605 283
174 989
987 218
243 586
860 784
969 288
67 669
285 551
408 155
823 457
556 144
467 348
521 589
147 502
499 74
1049 88
182 106
490 533
332 944
39 612
839 381
642 324
274 108
460 810
726 388
31 734
314 182
733 602
295 935
551 973
77 80
158 909
1007 745
769 546
902 849
924 926
549 756
723 904
533 592
670 93
14 871
945 168
567 451
179 646
799 172
517 706
384 482
340 105
166 867
923 392
805 244
862 984
423 71
602 454
344 779
860 298
917 535
201 988
193 741
680 661
944 679
610 429
212 830
433 631
465 895
8 614
845 60
184 930
297 980
934 959
767 435
845 698
1024 106
920 174
497 237
840 936
702 791
192 463
358 532
203 534
223 268
648 633
111 92
377 269
993 501
194 176
1010 182
299 344
965 23
614 144
658 820
21 618
423 772
239 573
91 225
894 940
90 533
793 942
741 585
612 278
460 756
1059 708
418 482
868 785
12 541
268 683
154 512
851 240
885 561
712 298
827 724
520 838
764 281
16 75
83 41
263 287
379 225
547 248
133 130
9 602
972 821
390 778
100 546
902 282
417 560
964 590
715 604
1033 914
1006 441
262 316
749 727
411 652
433 504
906 519
909 114
486 524
934 842
906 571
378 748
636 854
646 677
112 215
502 650
236 861
438 759
243 713
12 112
992 865
449 790
32 251
408 385
542 99
679 746
144 831
10 758
703 582
503 514
117 692
1019 214
1028 864
935 556
490 661
83 330
688 180
629 126
15 948
717 553
715 659
296 385
305 942
974 486
605 591
866 910
1013 171
811 399
107 608
1018 584
426 770
858 28
706 349
414 959
161 173
635 518
919 309
574 828
591 264
28 713
450 741
529 410
897 319
940 198
421 242
781 492
612 948
508 932
713 457
275 425
670 678
402 26
170 656
1049 869
772 939
679 392
283 167
592 972
195 934
775 396
50 838
460 95
129 583
981 364
257 950
618 159
29 346
636 545
509 557
264 945
41 273
977 461
497 613
613 273
157 485
353 143
114 822
751 932
682 471
44 134
93 458
37 978
281 106
254 540
782 553
1047 845
425 363
484 888
1014 416
100 177
772 375
627 318
824 14
75 278
642 72
599 752
565 784
339 179
303 63
446 441
424 613
1060 79
282 691
939 154
724 806
522 948
133 586
527 438
51 376
1024 89
481 240
330 935
807 525
535 324
818 181
613 539
414 89
129 459
1030 501
242 489
1067 650
553 703
198 23
608 359
389 128
187 759
476 494
677 601
708 976
696 409
538 939
115 249
979 151
513 28
28 511
742 71
1023 907
