1186 4408
94 485
506 326
416 248
992 421
649 322
237 795
457 43
815 845
446 955
422 252
791 9
359 901
667 122
598 94
7 738
544 574
334 715
766 882
994 367
893 984
633 299
131 433
428 682
700 72
617 874
874 138
720 856
419 145
794 995
196 529
997 199
116 277
908 97
539 719
707 242
569 107
537 122
931 70
726 98
487 600
772 645
513 267
81 972
943 895
58 213
303 748
764 487
536 923
724 29
789 674
479 540
142 554
339 467
641 46
196 710
494 553
66 191
824 724
208 730
711 988
800 90
314 340
289 549
401 196
466 865
689 678
833 570
225 936
244 722
849 651
113 123
379 431
361 508
65 585
486 853
686 642
286 992
889 725
24 286
491 812
891 859
90 663
181 88
214 179
17 187
472 619
418 261
419 846
356 192
682 261
306 514
201 886
385 530
952 849
500 294
194 799
737 391
324 330
992 298
224 790
260 275
97 826
210 72
649 866
919 951
63 748
958 685
804 956
518 564
428 183
537 400
346 721
153 207
971 323
662 611
197 116
91 109
529 795
126 343
747 862
469 685
770 10
934 881
723 984
895 403
568 360
172 449
958 541
383 272
308 877
970 359
583 707
48 308
930 770
569 30
3 208
20 311
609 100
887 939
825 422
930 785
904 370
241 989
379 969
376 143
962 972
889 28
443 61
216 638
338 348
160 347
406 66
159 391
31 638
204 295
420 826
153 196
425 449
331 855
565 143
838 487
9 140
918 564
533 615
232 135
957 564
591 360
576 793
746 163
377 859
858 760
86 711
434 662
558 159
279 660
840 268
735 948
574 315
126 676
912 341
739 689
821 894
625 706
917 490
201 478
993 671
149 932
52 899
759 237
267 187
256 472
783 772
117 98
516 906
180 911
25 635
380 225
712 823
266 164
216 343
448 732
541 502
664 740
954 576
726 612
772 902
531 454
943 411
750 973
327 703
917 850
5 77
113 220
913 802
791 403
998 181
859 10
345 525
431 919
675 668
833 527
438 462
523 291
916 605
420 457
115 405
660 417
261 279
772 685
388 596
764 307
843 224
206 322
407 840
639 975
852 401
542 91
60 327
757 330
82 182
637 603
93 793
614 615
136 733
187 864
102 16
972 863
163 987
501 306
477 34
492 840
121 700
80 706
138 787
660 105
229 834
827 798
448 310
230 609
832 690
489 561
586 579
291 60
665 388
660 309
702 407
153 200
606 313
123 970
253 33
709 273
832 277
108 997
888 40
481 227
283 860
858 940
284 608
711 990
850 590
239 806
943 52
195 801
95 764
410 710
664 386
900 593
112 50
963 494
754 156
458 936
19 965
225 86
569 723
97 184
194 868
754 340
602 412
61 487
695 209
347 346
719 860
100 307
97 95
843 821
745 941
286 821
492 587
116 201
531 665
424 527
253 812
426 424
413 459
980 343
291 836
833 506
486 179
9 916
575 430
922 596
145 808
897 269
404 512
742 811
728 685
269 567
103 776
745 855
35 718
779 853
71 97
80 146
842 746
128 15
941 965
227 512
30 480
342 958
605 665
531 191
364 964
359 515
867 606
820 822
313 536
207 693
911 19
308 335
430 101
685 922
641 294
113 910
141 410
690 250
700 546
559 729
481 609
503 720
766 976
7 759
882 798
859 74
182 648
425 299
542 785
683 846
853 390
938 897
89 416
624 837
181 247
878 293
933 144
580 938
252 467
207 480
658 955
20 665
954 26
347 564
759 449
446 26
14 521
657 301
710 321
980 613
188 388
636 879
203 990
432 188
129 963
630 820
509 300
237 822
373 255
838 277
395 153
692 400
103 227
218 518
384 447
931 315
396 813
389 324
640 502
287 299
297 780
977 376
512 516
219 212
555 329
398 810
289 486
798 485
598 416
49 952
572 894
697 358
770 21
725 647
542 44
214 683
887 361
45 814
94 231
282 8
82 165
319 496
626 699
146 852
541 459
874 535
725 314
777 944
554 306
208 459
787 637
976 447
912 408
444 107
3 962
301 565
164 407
437 857
652 317
764 98
41 818
737 600
176 288
136 902
128 567
394 190
235 749
42 908
824 276
684 748
979 592
568 393
367 363
52 163
642 983
335 179
126 16
130 478
583 259
129 868
752 295
167 596
856 71
640 622
770 864
431 644
195 5
448 365
701 429
952 64
880 854
168 770
79 88
961 157
472 368
217 421
709 719
147 271
296 975
909 816
764 962
251 535
878 438
753 696
570 881
253 318
666 45
931 52
433 496
810 313
678 138
123 334
212 988
841 134
807 891
985 827
599 527
248 111
861 468
774 422
24 212
779 890
510 869
243 957
947 108
379 941
64 743
918 878
566 531
451 267
843 410
371 399
447 754
899 894
274 939
70 914
235 229
69 872
64 643
328 981
839 847
62 720
682 319
497 261
292 352
748 805
966 541
762 521
378 124
307 521
689 759
309 436
772 481
952 571
562 639
514 620
364 749
145 865
642 873
428 673
970 310
967 621
20 846
135 561
700 279
678 724
721 408
909 443
663 859
417 486
855 674
611 634
739 155
466 162
539 755
481 302
189 668
171 404
630 50
203 623
359 436
970 693
403 536
166 429
305 646
867 259
632 910
81 800
532 363
238 37
843 230
322 783
952 9
777 106
904 299
625 647
140 631
814 749
772 779
591 311
94 545
876 520
931 351
781 157
780 100
488 79
483 895
806 544
536 644
337 112
692 268
688 424
689 416
914 367
821 776
118 949
926 669
171 557
232 726
665 646
195 325
361 502
687 107
228 804
568 976
208 198
244 973
679 942
184 779
562 728
934 350
437 603
881 460
620 485
337 507
573 684
372 614
701 520
549 137
688 936
978 638
529 261
221 358
978 42
98 196
644 591
82 902
633 699
535 821
552 767
785 75
742 800
627 894
802 410
116 565
675 137
336 362
75 910
888 447
669 848
416 484
516 932
619 768
460 686
594 45
443 31
86 956
949 601
233 807
995 182
664 966
570 91
970 803
687 527
223 425
430 160
67 968
344 594
128 183
675 629
232 433
568 918
137 292
456 692
367 646
683 983
128 499
569 863
438 603
656 575
963 234
860 494
601 889
594 643
631 711
85 759
961 113
413 331
437 16
583 950
368 904
534 923
944 287
146 887
969 306
739 405
821 593
102 489
312 668
23 939
231 286
988 210
522 576
619 938
973 743
449 520
755 485
880 373
209 840
743 917
848 514
440 430
946 120
940 757
823 931
114 149
944 751
710 43
278 339
933 441
318 52
194 98
669 429
521 331
948 748
260 641
210 771
12 199
862 789
416 154
863 704
350 796
817 789
450 488
142 48
763 826
625 19
205 462
781 663
917 942
164 133
844 876
573 10
571 18
660 107
939 82
361 953
837 35
572 598
682 657
151 178
320 190
585 705
625 515
502 808
893 534
163 412
638 418
931 597
200 861
445 584
662 291
896 462
628 52
391 386
409 449
49 732
417 260
357 89
713 896
216 875
641 893
179 482
993 664
978 123
482 529
24 803
802 289
874 238
782 523
270 111
318 601
110 882
417 39
566 27
664 518
688 715
471 346
918 764
874 412
822 427
592 450
921 623
714 186
29 648
974 569
964 46
364 158
83 563
670 143
795 200
30 332
685 977
466 877
177 488
227 65
877 145
537 680
224 752
784 439
761 405
929 66
878 925
512 768
370 767
463 148
623 670
258 923
77 353
993 990
20 224
930 557
54 793
501 895
162 500
632 237
574 105
863 602
603 308
74 470
96 471
607 482
389 465
594 60
699 70
278 796
608 273
864 658
466 754
314 946
572 682
273 644
107 222
153 357
605 147
478 856
852 930
719 591
990 433
727 88
841 291
838 805
775 88
479 799
190 348
353 689
405 931
831 608
985 516
685 387
950 171
223 987
626 328
823 284
792 392
214 450
971 486
600 898
280 508
519 324
42 121
970 93
662 769
213 484
759 886
159 360
459 619
521 549
543 898
245 637
726 77
929 495
428 639
520 155
954 356
798 413
465 547
293 202
151 257
182 31
399 271
91 994
794 870
351 882
825 416
241 125
105 717
126 497
884 596
908 645
144 916
839 767
504 216
177 361
872 826
987 126
247 329
395 488
854 266
761 612
319 749
930 798
824 193
515 582
166 137
93 374
596 122
678 796
527 111
359 39
931 518
634 967
486 596
248 197
369 317
556 603
225 414
478 326
267 309
170 440
140 511
422 464
913 840
236 22
311 668
264 659
843 787
957 228
529 212
758 431
669 359
595 207
506 69
967 965
656 931
880 330
959 908
357 917
828 838
949 666
270 460
233 21
111 591
229 891
655 198
465 64
956 378
692 760
358 947
903 885
736 491
412 786
599 405
651 746
293 711
362 720
377 199
945 83
734 362
607 508
705 478
751 723
160 654
457 635
118 301
609 593
696 306
833 578
676 175
791 271
188 272
695 583
934 827
40 705
150 648
132 869
666 275
78 105
740 212
70 329
963 204
951 445
956 715
632 809
225 28
570 699
897 564
457 712
549 538
462 446
538 137
477 203
396 654
681 883
237 531
674 529
583 678
650 592
116 616
76 729
679 263
254 443
655 730
976 269
387 363
285 535
5 685
159 155
359 965
52 171
255 728
570 412
427 626
996 415
933 239
962 693
468 337
344 483
677 648
83 258
638 648
582 803
901 513
485 910
572 308
756 85
704 209
325 615
614 425
357 914
327 428
9 346
413 281
260 273
403 918
732 889
701 141
582 301
544 156
831 6
578 396
780 47
898 763
226 815
214 246
212 742
853 966
590 750
542 290
607 636
442 877
611 397
141 443
994 580
877 885
311 582
564 309
455 270
540 777
521 628
290 221
714 336
167 780
314 238
338 345
421 58
582 749
991 683
260 711
225 814
193 829
16 242
711 44
385 11
864 122
405 133
745 405
744 692
52 68
805 747
856 936
991 793
557 543
252 899
734 729
256 172
282 599
502 612
242 674
643 564
876 897
201 650
333 170
465 213
39 813
357 799
383 199
567 274
217 410
898 989
112 670
686 609
486 572
778 846
782 626
314 252
931 938
395 474
56 179
813 717
717 177
453 566
817 219
936 83
538 251
256 45
184 761
486 197
629 177
285 823
342 266
703 668
294 165
275 693
506 193
700 882
646 654
797 751
392 556
264 823
988 18
528 786
178 776
998 236
289 443
321 472
873 177
831 209
83 803
73 604
587 753
859 221
562 502
522 570
84 263
513 521
718 274
360 504
625 980
169 373
34 974
695 353
35 656
974 892
571 832
864 890
466 720
331 154
927 439
338 33
594 438
601 570
185 551
69 861
643 528
496 545
779 312
76 879
876 623
67 329
956 522
441 757
434 941
834 723
341 370
194 199
464 395
982 624
627 382
257 9
136 91
513 191
956 96
884 754
293 832
221 55
429 859
242 142
204 108
942 948
272 197
284 665
724 818
877 782
679 569
660 355
556 8
789 16
355 871
110 125
849 600
804 443
127 164
977 208
303 471
379 807
103 956
841 784
10 99
441 532
225 557
326 21
619 626
179 846
303 70
765 146
820 372
133 518
896 562
351 269
823 52
659 244
277 394
17 965
450 932
483 774
644 235
96 213
788 462
173 352
500 367
645 604
230 830
590 587
113 29
181 39
325 447
636 245
902 471
709 705
107 700
525 652
209 187
281 942
935 151
568 51
959 574
10 397
296 373
265 851
608 438
448 102
431 347
708 460
288 625
928 969
535 835
49 752
167 152
22 325
275 693
898 289
815 564
210 287
963 307
538 218
306 546
74 94
499 156
400 18
130 904
732 867
728 802
436 208
736 520
78 864
860 226
535 278
412 532
19 129
438 567
549 920
259 940
293 705
646 619
970 488
629 416
681 292
449 841
125 138
861 65
669 493
664 380
229 542
965 945
947 454
295 876
537 202
603 56
817 88
303 670
843 433
558 774
165 494
700 725
502 125
286 764
153 206
206 114
554 787
478 697
621 795
472 550
449 140
246 285
353 93
241 686
288 690
349 977
906 563
31 644
149 112
151 874
642 826
560 345
262 263
520 646
834 720
920 727
376 145
28 286
602 838
537 229
801 810
703 89
923 163
261 337
909 164
846 46
749 770
696 74
954 68
553 477
545 870
248 98
789 938
485 149
921 616
701 171
20 668
660 845
900 129
72 505
205 769
444 621
780 524
85 585
962 382
49 821
568 446
779 392
6 831
161 441
585 545
50 893
243 113
802 29
618 446
652 85
176 73
923 627
54 881
4 149
988 901
389 954
470 191
428 88
307 908
125 677
750 215
698 184
530 777
266 726
36 681
174 769
228 982
895 581
496 961
39 560
153 729
280 978
908 240
129 281
624 40
150 860
977 576
966 942
312 808
929 68
768 712
332 954
743 535
391 209
497 208
401 908
933 553
493 969
228 271
52 829
656 132
768 213
449 15
499 876
902 144
288 627
586 186
655 226
820 558
177 876
471 541
449 641
442 689
876 27
169 556
813 750
803 73
330 874
319 695
119 73
970 575
486 727
829 905
862 783
617 690
941 107
278 573
756 531
208 512
493 7
545 738
596 112
975 257
648 121
897 251
49 159
539 432
916 748
846 100
866 688
948 933
985 486
454 144
10 674
160 746
201 314
595 310
199 693
471 987
581 453
405 428
398 25
500 585
54 481
263 628
339 381
214 730
660 327
737 692
747 34
964 310
379 707
553 351
699 367
324 843
82 877
276 170
747 994
7 565
106 647
580 582
416 693
124 487
58 345
499 309
437 133
612 759
568 150
653 96
792 494
50 622
503 258
97 147
592 451
254 784
138 324
980 21
215 303
432 463
256 789
474 8
74 816
502 200
819 141
492 302
997 729
835 954
146 94
453 76
554 396
45 320
388 201
26 674
157 807
434 655
610 395
753 51
58 340
372 514
730 181
439 609
399 988
693 388
729 654
390 414
825 760
161 790
27 100
905 163
322 980
168 571
767 374
501 597
97 588
931 488
402 523
169 799
701 860
590 985
652 236
650 146
861 231
984 555
504 509
723 896
940 161
447 95
900 531
852 392
153 935
341 387
983 883
763 358
262 464
506 572
449 563
172 814
630 862
311 466
738 497
406 62
500 905
240 827
6 608
208 186
450 204
995 833
23 979
545 487
985 141
494 415
985 585
884 573
814 767
604 427
426 834
886 687
321 530
665 712
878 826
285 713
70 150
822 632
922 511
537 438
750 486
618 933
466 532
972 132
651 211
31 36
993 593
937 697
719 772
25 936
319 323
484 188
663 405
969 634
598 204
863 333
509 799
309 882
755 32
398 736
19 234
710 103
875 723
299 862
388 337
903 144
498 32
227 736
133 89
560 39
104 422
570 587
785 54
277 535
169 122
536 226
421 381
639 360
503 957
957 497
126 582
316 449
463 622
126 739
457 210
467 988
176 500
395 401
51 340
827 181
217 785
173 197
50 794
232 299
713 817
433 643
296 757
695 411
712 257
668 120
56 652
832 920
491 762
453 876
139 205
581 24
725 883
761 390
937 856
699 101
238 416
469 168
120 512
384 439
877 269
124 969
412 694
622 813
136 530
887 174
537 75
311 441
995 501
498 729
742 801
580 328
649 137
241 356
825 817
753 553
507 722
229 967
156 755
228 814
535 536
