792 4727
482 485
257 326
286 248
517 421
404 322
713 795
45 43
924 845
873 955
160 252
1 9
838 901
40 122
58 94
676 738
627 574
766 715
862 882
405 367
923 984
379 299
461 433
612 682
133 72
813 874
97 138
908 856
165 145
996 995
623 529
220 199
298 277
157 97
723 719
144 242
48 107
129 122
148 70
35 98
644 600
632 645
272 267
1040 972
977 895
312 213
778 748
567 487
965 923
1 29
616 674
569 540
628 554
493 467
76 46
733 710
575 553
288 191
775 724
723 730
912 988
64 90
354 340
565 549
210 196
922 865
775 678
566 570
934 936
626 722
742 651
194 123
485 431
483 508
617 585
876 853
653 642
896 992
652 725
220 286
727 812
900 859
563 663
56 88
157 179
280 187
537 619
284 261
920 846
124 192
239 261
459 514
931 886
504 530
910 849
382 294
795 799
485 391
351 330
289 298
865 790
250 275
738 826
75 72
788 866
947 951
651 748
595 685
993 956
663 564
265 183
338 400
637 721
206 207
328 323
618 611
64 116
139 109
806 795
412 343
912 862
715 685
1 10
929 881
1025 984
410 403
273 360
507 449
450 541
174 272
882 877
427 359
787 707
355 308
734 770
1 30
248 208
397 311
159 100
874 939
449 422
857 785
286 370
976 989
908 969
103 143
1071 972
1 28
117 61
697 638
424 348
439 347
74 66
442 391
568 638
195 295
854 826
281 196
433 449
845 855
224 143
487 487
181 140
496 564
690 615
124 135
575 564
374 360
766 793
149 163
776 859
793 760
674 711
696 662
90 159
732 660
214 268
935 948
228 315
619 676
349 341
734 689
964 894
644 706
484 490
491 478
628 671
1009 932
944 899
315 237
92 187
554 472
757 772
88 98
952 906
818 911
628 635
316 225
818 823
255 164
432 343
763 732
490 502
721 740
587 576
530 612
992 902
491 454
343 411
880 973
645 703
761 850
152 77
241 220
727 802
352 403
246 181
1 10
479 525
958 919
749 668
551 527
538 462
319 291
580 605
501 457
487 405
349 417
252 279
731 685
637 596
339 307
257 224
271 322
740 840
1002 975
404 401
190 91
254 327
277 330
100 182
648 603
810 793
535 615
702 733
855 864
76 16
773 863
917 987
279 306
123 34
922 840
613 700
658 706
705 787
101 105
807 834
883 798
358 310
634 609
786 690
618 561
644 579
141 60
466 388
340 309
495 407
283 200
352 313
886 970
95 33
291 273
217 277
1007 997
1 40
219 227
764 860
1025 940
600 608
895 990
690 590
738 806
1 52
772 801
727 764
774 710
340 386
503 593
1 50
432 494
228 156
993 936
1058 965
130 86
821 723
189 184
943 868
343 340
404 412
560 487
196 209
418 346
782 860
314 307
59 95
778 821
979 941
828 821
584 587
122 201
741 665
566 527
760 812
385 424
395 459
250 343
789 836
492 506
261 179
914 916
380 430
537 596
731 808
361 269
473 512
737 811
708 685
635 567
804 776
827 855
695 718
756 853
57 97
178 146
688 746
1 15
871 965
415 512
510 480
1057 958
764 665
193 191
905 964
583 515
696 606
887 822
444 536
741 693
12 19
313 335
81 101
828 922
354 294
981 910
499 410
283 250
545 546
635 729
540 609
689 720
946 976
730 759
703 798
14 74
644 648
241 299
793 785
912 846
461 390
801 897
424 416
744 837
272 247
338 293
193 144
987 938
432 467
505 480
944 955
653 665
38 26
468 564
461 449
1 26
576 521
329 301
274 321
701 613
432 388
851 879
915 990
137 188
927 963
903 820
373 300
770 822
160 255
285 277
231 153
366 400
317 227
423 518
420 447
216 315
772 813
271 324
566 502
243 299
725 780
390 376
491 516
225 212
392 329
781 810
434 486
535 485
368 416
938 952
946 894
353 358
1 21
707 647
143 44
630 683
364 361
822 814
147 231
54 8
91 165
431 496
606 699
917 852
553 459
473 535
222 314
954 944
369 306
413 459
717 637
491 447
447 408
44 107
994 962
518 565
448 407
931 857
369 317
181 98
815 818
655 600
267 288
960 902
611 567
271 190
771 749
993 908
359 276
810 748
563 592
360 393
264 363
199 163
1074 983
131 179
41 16
423 478
197 259
779 868
344 295
536 596
140 71
669 622
938 864
715 644
67 5
321 365
434 429
19 64
928 854
759 770
178 88
160 157
277 368
467 421
653 719
330 271
966 975
817 816
1045 962
508 535
492 438
743 696
884 881
259 318
56 45
1 52
421 496
270 313
99 138
429 334
1004 988
567 325
859 506
416 927
591 52
910 777
311 205
990 861
793 524
215 207
40 604
180 912
468 743
1033 126
922 740
699 739
808 824
222 132
755 897
437 190
332 217
829 282
632 703
492 493
351 152
1028 117
507 483
191 979
912 447
546 328
627 696
960 234
538 822
875 932
310 151
349 626
74 930
433 87
987 642
206 419
870 971
375 469
243 619
667 659
229 757
988 368
343 920
935 871
868 326
990 305
798 203
789 314
777 479
189 700
216 725
462 742
585 865
566 818
755 994
665 523
1026 69
447 315
657 731
1072 937
389 579
1042 814
208 666
807 22
476 279
248 445
469 388
895 742
241 910
220 582
324 362
626 364
159 76
81 855
884 57
895 129
881 602
754 473
449 281
992 742
96 977
1043 760
418 915
1052 349
798 25
209 924
634 638
472 738
343 408
788 87
627 635
775 75
822 69
214 545
383 812
644 975
729 966
676 883
56 554
783 957
114 765
107 609
912 333
344 556
947 718
293 313
426 982
781 862
586 643
435 855
290 391
1034 252
845 927
644 641
217 738
756 327
966 315
184 40
1014 822
501 581
575 265
79 321
898 23
91 31
266 314
401 588
457 677
82 901
598 675
1009 459
434 252
673 743
790 623
433 256
221 466
177 620
100 656
127 122
318 681
26 796
173 989
132 757
670 202
719 412
790 229
636 765
445 890
24 646
1072 187
130 738
876 107
788 775
813 407
581 664
422 734
488 353
786 902
367 243
824 176
452 52
419 143
413 369
867 589
402 959
460 299
384 8
97 707
926 762
190 467
475 256
940 234
667 745
681 792
172 570
428 248
436 217
897 369
354 195
948 474
338 594
859 598
288 153
656 77
654 174
825 259
297 426
85 763
698 856
527 672
364 41
197 480
196 770
399 69
836 216
988 66
762 429
335 588
346 311
29 333
376 644
684 356
1048 468
391 549
326 37
1035 352
646 712
654 229
118 559
1043 149
704 924
201 697
685 103
393 724
903 74
27 788
32 842
11 413
577 209
326 694
324 594
566 77
271 264
177 6
765 458
806 229
252 163
752 198
37 115
680 524
782 575
677 459
614 95
375 530
358 215
164 400
880 235
119 93
736 227
292 17
594 627
461 28
61 148
403 194
879 172
928 962
1044 483
77 767
58 705
568 619
88 118
919 856
612 233
718 502
847 268
275 178
645 553
880 537
876 868
690 78
922 174
1011 359
1052 852
356 77
541 923
264 930
759 353
782 300
556 526
714 338
785 727
80 95
584 349
209 102
549 279
579 676
264 847
483 994
343 178
524 629
659 908
96 899
903 589
457 854
569 627
689 317
74 567
153 836
210 903
23 337
741 331
494 142
201 761
167 371
985 401
152 985
1062 770
689 735
1064 50
961 721
276 879
991 877
149 114
160 632
34 627
483 865
1066 190
874 393
116 680
375 415
516 319
474 892
595 119
393 572
640 445
108 87
264 119
927 340
851 671
814 860
1022 491
330 937
608 850
995 619
403 738
3 344
118 346
249 576
835 272
154 460
927 729
625 714
728 904
826 654
753 280
300 151
42 563
236 863
7 299
844 215
58 769
612 666
504 400
628 9
469 749
785 264
259 879
319 651
68 979
276 667
181 290
1040 436
739 486
135 669
647 919
660 814
915 743
230 949
837 852
24 806
800 721
632 697
1064 59
671 943
1006 220
1051 935
491 415
346 302
577 508
391 501
360 553
795 572
310 502
648 102
70 300
763 170
619 304
840 980
775 116
561 610
593 52
811 49
867 624
484 244
207 790
188 737
1006 79
829 668
77 965
842 519
466 685
205 96
534 197
795 237
807 261
728 148
8 468
565 554
453 326
949 596
814 902
317 353
268 75
907 182
670 563
677 996
153 688
181 62
1070 703
454 232
568 492
782 216
76 853
192 586
730 555
323 344
636 72
1063 555
749 871
594 950
144 185
45 269
632 493
878 557
345 357
271 672
874 207
409 716
958 73
63 29
620 434
563 975
541 78
201 743
1020 228
176 442
86 175
1074 912
297 735
690 178
409 444
816 804
164 958
828 524
243 866
43 576
458 426
784 785
730 213
378 117
73 956
756 991
186 640
284 722
1056 610
517 620
889 617
310 668
830 484
724 615
674 799
259 10
527 982
341 576
169 346
19 997
374 53
59 186
629 860
684 589
143 453
1043 928
293 619
905 675
321 60
1071 673
948 431
1057 794
415 785
769 315
119 780
344 9
1033 23
874 769
94 953
880 556
931 249
775 937
288 986
325 523
45 135
612 224
680 953
808 882
727 400
169 147
949 236
454 498
574 28
172 376
233 790
991 952
222 970
351 330
108 588
55 52
760 532
610 138
213 422
462 131
789 338
502 989
778 14
522 549
177 139
735 285
856 139
83 865
663 257
316 338
850 483
1062 604
853 372
72 45
355 498
245 965
21 393
717 765
816 50
665 706
1071 818
834 694
59 685
163 31
605 51
976 22
697 434
689 908
838 601
954 684
298 255
199 545
640 256
93 798
692 382
800 754
381 836
69 480
1013 619
149 105
842 834
865 339
699 717
696 570
417 606
49 707
533 179
210 94
305 76
872 649
96 540
453 737
891 765
379 249
623 257
609 822
1038 50
1023 779
720 145
412 361
989 11
803 522
838 708
359 229
765 212
43 624
968 79
484 755
879 815
280 983
223 817
843 519
29 592
956 339
326 174
373 187
415 906
1050 93
237 75
126 352
977 61
903 396
406 940
518 982
1069 251
790 594
1063 607
891 879
240 776
926 787
452 748
514 409
527 292
292 641
1005 415
588 416
791 31
584 313
569 359
914 954
32 50
457 122
835 957
217 308
573 675
621 654
649 603
995 830
678 244
1043 61
577 668
445 163
105 539
236 863
212 456
1056 54
391 702
50 524
113 945
314 118
595 432
346 598
1033 796
126 118
1040 765
156 474
37 785
790 324
846 33
785 140
267 481
293 109
1016 490
622 694
597 373
897 771
810 17
414 603
52 587
429 265
683 233
87 335
67 930
907 310
240 710
640 7
111 842
448 830
869 245
436 475
28 487
632 363
489 656
1038 786
959 243
195 306
200 812
108 932
218 356
332 295
664 480
514 494
1052 768
805 13
545 294
484 877
1063 299
334 550
978 187
118 825
34 638
304 587
594 583
676 928
193 51
72 441
168 37
1005 234
29 179
76 333
367 97
909 91
20 610
1019 178
404 507
637 577
740 495
565 233
261 75
625 382
62 183
721 631
834 222
228 401
655 734
579 448
93 585
428 231
865 776
833 275
961 49
389 838
280 216
843 99
612 482
178 493
923 183
282 534
1005 88
748 532
876 59
944 955
678 610
907 443
1029 785
358 483
837 192
891 733
225 841
676 11
856 439
747 148
469 614
107 966
683 80
449 444
904 464
366 376
27 254
260 31
507 171
597 287
142 540
426 906
458 642
579 894
56 590
95 216
22 454
29 634
206 108
1023 735
16 874
537 320
323 655
1040 475
736 571
172 686
568 883
724 527
1054 828
51 480
785 711
400 382
755 759
907 169
177 845
491 524
5 575
236 238
116 650
671 323
262 57
1071 217
716 140
638 590
280 495
420 926
3 799
484 198
858 887
554 77
453 538
821 271
122 470
156 223
474 849
114 160
1034 211
383 193
