981 3136
94 485
506 326
416 248
992 421
649 322
237 795
457 43
815 845
446 955
422 252
791 9
359 901
667 122
598 94
7 738
544 574
334 715
766 882
994 367
893 984
633 299
131 433
428 682
700 72
617 874
874 138
720 856
419 145
794 995
196 529
997 199
116 277
908 97
539 719
707 242
569 107
537 122
931 70
726 98
487 600
772 645
513 267
81 972
943 895
58 213
303 748
764 487
536 923
724 29
789 674
479 540
142 554
339 467
641 46
196 710
494 553
66 191
824 724
208 730
711 988
800 90
314 340
289 549
401 196
466 865
689 678
833 570
225 936
244 722
849 651
113 123
379 431
361 508
65 585
486 853
686 642
286 992
889 725
24 286
491 812
891 859
90 663
181 88
214 179
17 187
472 619
418 261
419 846
356 192
682 261
306 514
201 886
385 530
952 849
500 294
194 799
737 391
324 330
992 298
224 790
260 275
97 826
210 72
649 866
919 951
63 748
958 685
804 956
518 564
428 183
537 400
346 721
153 207
971 323
662 611
197 116
91 109
529 795
126 343
747 862
469 685
770 10
934 881
723 984
895 403
568 360
172 449
958 541
383 272
308 877
970 359
583 707
48 308
930 770
569 30
3 208
20 311
609 100
887 939
825 422
930 785
904 370
241 989
379 969
376 143
962 972
889 28
443 61
216 638
338 348
160 347
406 66
159 391
31 638
204 295
420 826
153 196
425 449
331 855
565 143
838 487
9 140
918 564
533 615
232 135
957 564
591 360
576 793
746 163
377 859
858 760
86 711
434 662
558 159
279 660
840 268
735 948
574 315
126 676
912 341
739 689
821 894
625 706
917 490
201 478
993 671
149 932
52 899
759 237
267 187
256 472
783 772
117 98
516 906
180 911
25 635
380 225
712 823
266 164
216 343
288 924
381 260
907 912
247 931
213 194
400 842
154 662
256 10
357 707
719 749
626 923
230 395
672 581
58 759
511 876
56 243
877 175
117 863
933 64
833 225
294 236
681 672
944 962
100 988
9 376
486 572
26 823
121 131
744 201
746 254
885 323
596 711
673 958
921 911
292 815
671 962
77 697
394 795
573 366
819 136
667 191
102 539
207 536
236 471
231 278
628 306
230 811
81 289
615 932
656 995
939 782
524 41
115 117
313 497
283 238
752 117
126 504
970 320
74 199
631 770
45 894
876 490
450 557
168 680
492 729
400 586
623 706
351 439
89 684
815 659
853 680
916 674
793 966
818 636
268 235
394 912
294 591
425 401
842 449
435 320
591 801
444 293
327 880
229 411
427 419
310 936
991 215
523 211
818 980
945 448
955 515
587 336
464 975
801 936
754 801
69 535
466 465
970 895
749 520
88 150
498 266
384 274
153 995
986 835
595 45
650 489
101 18
994 789
86 169
661 336
787 579
84 909
53 204
727 640
966 882
996 482
28 484
966 729
281 678
270 460
23 76
71 525
690 822
465 44
876 500
42 646
176 103
655 452
913 659
748 604
780 235
424 480
15 710
187 597
568 947
312 309
727 968
199 444
385 742
246 823
670 826
429 451
830 554
524 848
833 825
930 275
833 182
480 616
309 422
830 583
305 9
959 472
386 263
468 135
236 462
88 119
782 953
382 184
791 391
787 406
992 566
908 78
531 864
447 175
332 438
566 143
225 271
185 137
827 852
595 429
624 411
511 668
141 440
255 580
526 48
221 326
931 405
951 723
639 180
977 322
860 887
873 269
685 949
180 346
836 879
981 994
897 943
987 516
452 64
697 531
546 114
674 38
402 450
970 501
749 304
765 613
148 950
692 775
606 293
185 624
712 211
62 370
276 719
170 417
75 833
153 342
732 565
342 440
681 972
654 523
112 494
964 89
163 300
501 573
895 867
22 819
9 414
520 344
189 434
895 493
247 23
243 736
348 311
169 819
86 971
585 506
371 706
613 694
762 89
993 206
16 511
530 346
320 728
87 157
784 602
155 937
970 899
926 236
391 575
449 679
68 380
248 71
383 456
735 35
203 70
100 929
428 14
216 957
790 643
992 497
975 594
308 302
568 660
10 733
670 476
632 99
309 714
176 68
915 16
793 96
346 427
591 226
84 987
721 18
392 719
743 656
717 459
593 281
845 309
978 45
331 608
831 571
664 677
569 903
687 288
701 202
661 726
119 443
673 428
155 967
605 730
111 75
600 977
393 780
488 898
747 714
501 200
764 524
731 159
112 71
383 179
318 111
904 332
394 925
868 84
820 279
527 990
868 400
378 581
42 695
144 374
633 359
818 570
920 659
344 209
115 414
418 504
746 244
472 385
827 443
391 637
80 234
746 835
472 736
22 379
895 824
644 896
433 172
40 786
391 386
996 55
721 726
845 557
869 264
451 665
838 993
213 505
30 392
45 828
963 469
629 317
144 32
278 72
370 95
852 498
167 829
96 813
70 755
783 714
224 106
325 293
238 141
572 953
83 890
679 151
326 950
368 745
123 228
969 307
950 112
74 724
364 352
313 123
629 896
482 241
356 166
897 482
872 415
875 806
553 537
852 674
853 940
882 771
423 694
480 806
314 241
57 61
857 940
953 850
160 658
339 302
977 654
370 575
902 315
272 840
790 90
230 464
358 99
958 170
882 510
111 422
400 798
601 368
415 128
86 205
338 332
615 841
772 336
113 286
891 471
709 787
179 419
104 675
458 439
350 593
212 753
234 578
350 434
401 13
659 649
687 862
572 901
344 184
753 562
835 818
376 950
702 439
706 738
234 150
676 957
28 855
475 738
827 57
234 874
436 373
298 175
35 911
384 519
937 968
749 128
740 307
847 106
943 594
647 560
817 807
154 582
122 321
268 842
945 681
561 26
696 76
456 359
666 621
929 401
559 419
828 724
12 705
408 418
633 653
579 920
279 190
695 959
485 519
684 488
407 517
709 876
363 290
889 69
442 730
341 656
508 257
430 713
540 816
911 784
636 670
170 266
241 214
769 763
869 862
109 101
256 906
30 393
537 79
796 48
824 629
491 827
92 867
40 716
546 735
411 914
15 161
976 700
588 622
24 380
330 651
761 200
662 956
731 67
276 743
592 432
738 873
268 386
958 728
429 747
314 936
695 800
162 881
50 609
385 143
56 682
346 10
820 967
850 59
629 748
787 742
881 628
192 512
184 477
833 911
314 573
939 369
435 133
919 623
822 172
903 118
712 141
460 767
578 213
146 898
762 25
355 357
957 734
298 784
195 131
121 575
527 98
839 771
162 417
34 447
704 309
597 953
342 845
137 49
27 239
515 400
671 199
698 134
559 552
464 758
142 792
337 877
724 365
600 86
789 170
907 976
514 573
642 986
928 909
526 289
664 495
704 85
613 823
467 946
67 644
935 594
273 493
814 666
880 902
11 85
628 833
337 655
84 721
617 70
896 449
532 94
176 894
204 303
509 818
785 544
713 688
815 801
473 396
697 317
162 428
230 467
365 67
221 969
821 669
373 916
379 231
510 10
500 173
699 371
27 431
407 610
50 291
762 418
854 404
398 540
898 378
238 947
332 669
859 762
796 20
122 395
457 969
633 758
552 464
854 412
75 274
78 518
138 612
90 173
380 452
586 967
456 957
483 831
184 301
143 92
897 431
223 729
97 935
824 210
514 321
148 742
289 159
352 133
327 107
747 992
218 825
833 775
69 364
937 100
280 946
896 880
907 609
458 934
527 152
366 170
4 226
961 489
712 790
659 423
200 749
11 35
509 748
45 84
478 119
581 528
112 341
68 47
546 598
478 764
940 60
858 579
176 350
786 502
674 602
633 841
742 87
698 287
161 755
971 626
742 635
6 485
599 417
619 427
697 606
298 895
696 619
507 248
729 895
987 830
609 452
153 228
380 178
762 282
919 295
214 829
117 676
766 573
791 493
850 622
118 505
15 910
527 605
642 116
330 267
515 179
458 923
533 250
169 146
625 53
475 160
288 701
85 724
754 644
672 815
822 472
318 941
547 802
27 117
257 68
996 277
977 265
201 491
706 632
788 278
694 489
564 53
300 419
851 95
700 212
129 229
344 959
657 610
427 735
386 245
518 739
34 667
847 681
330 804
768 974
643 986
404 497
970 835
12 600
723 82
155 268
150 781
584 750
611 415
796 234
77 269
950 402
644 925
570 129
79 384
94 256
51 356
582 522
679 938
449 826
64 301
489 191
15 979
134 374
690 317
565 930
69 316
550 890
308 439
38 970
529 471
933 43
746 194
975 345
557 834
69 45
272 655
513 149
720 397
440 571
588 128
249 97
303 520
202 88
183 545
736 174
50 657
161 814
587 883
19 62
559 305
775 391
549 299
691 631
547 563
948 921
123 775
990 954
639 689
938 231
46 393
541 16
216 781
498 762
635 432
709 776
697 237
248 275
422 155
213 382
786 51
58 741
765 664
494 840
656 610
235 741
796 803
910 197
576 689
228 514
578 473
328 846
258 169
709 235
846 332
105 288
892 46
914 653
850 587
483 547
604 850
378 879
894 993
848 427
799 600
921 460
301 394
391 732
984 842
633 857
451 811
867 272
918 88
901 547
550 205
617 304
278 531
451 626
32 262
283 772
777 755
610 977
350 134
461 118
871 403
715 368
659 14
222 76
433 841
324 341
24 787
301 633
8 881
782 31
494 546
682 726
112 55
589 302
875 676
214 683
254 671
333 186
555 828
398 221
426 157
236 206
38 948
938 168
800 906
534 30
700 607
92 788
815 751
395 383
421 18
773 584
778 312
401 892
634 490
306 879
476 477
68 821
574 275
822 116
280 406
292 942
425 290
597 969
737 232
462 876
532 850
536 20
100 269
811 412
26 104
982 386
593 762
646 427
432 224
396 543
87 91
21 85
309 264
43 809
309 537
40 954
352 946
302 645
52 75
45 716
783 466
384 345
102 674
399 464
122 214
326 342
154 375
888 159
793 163
290 250
559 416
783 533
350 936
899 77
572 560
85 204
68 638
506 539
563 131
927 496
545 716
954 247
683 730
12 426
594 227
695 295
630 665
17 341
446 548
686 406
666 635
283 873
755 407
94 902
103 578
196 567
152 236
949 243
873 184
68 795
642 86
370 942
395 791
910 659
87 804
349 696
274 879
894 132
264 671
329 644
830 668
79 492
827 238
295 752
851 241
194 527
861 344
354 555
34 926
578 754
986 455
637 756
716 946
788 612
561 879
208 386
496 35
501 255
955 827
925 13
18 125
858 563
871 495
678 754
935 572
456 940
322 423
830 57
740 47
165 579
966 515
441 184
383 41
98 543
439 643
586 955
98 845
191 35
172 191
842 446
132 32
787 985
562 708
474 742
647 39
649 990
403 467
818 649
