861 3429
94 485
506 326
416 248
992 421
649 322
237 795
457 43
815 845
446 955
422 252
791 9
359 901
667 122
598 94
7 738
544 574
334 715
766 882
994 367
893 984
633 299
131 433
428 682
700 72
617 874
874 138
720 856
419 145
794 995
196 529
997 199
116 277
908 97
539 719
707 242
569 107
537 122
931 70
726 98
487 600
772 645
513 267
81 972
943 895
58 213
303 748
764 487
536 923
724 29
789 674
479 540
142 554
339 467
641 46
196 710
494 553
66 191
824 724
208 730
711 988
800 90
314 340
289 549
401 196
466 865
689 678
833 570
225 936
244 722
849 651
113 123
379 431
361 508
65 585
486 853
686 642
286 992
889 725
24 286
491 812
891 859
90 663
181 88
214 179
17 187
472 619
418 261
419 846
356 192
682 261
306 514
201 886
385 530
952 849
500 294
194 799
737 391
324 330
992 298
224 790
260 275
97 826
210 72
649 866
919 951
63 748
958 685
804 956
518 564
428 183
537 400
346 721
153 207
971 323
662 611
197 116
91 109
529 795
126 343
747 862
469 685
770 10
934 881
723 984
895 403
568 360
172 449
958 541
383 272
308 877
970 359
583 707
48 308
930 770
569 30
3 208
20 311
609 100
887 939
825 422
930 785
904 370
241 989
379 969
376 143
962 972
889 28
443 61
216 638
338 348
160 347
406 66
159 391
31 638
204 295
420 826
153 196
425 449
331 855
565 143
838 487
9 140
918 564
533 615
232 135
957 564
591 360
576 793
746 163
377 859
858 760
86 711
434 662
558 159
279 660
840 268
735 948
574 315
126 676
912 341
739 689
821 894
625 706
917 490
201 478
993 671
149 932
52 899
759 237
267 187
256 472
783 772
117 98
516 906
180 911
25 635
380 225
712 823
266 164
216 343
736 197
277 310
700 805
476 82
862 958
517 320
737 515
809 590
915 236
948 456
868 685
665 551
229 394
371 399
11 296
572 951
615 589
436 842
252 769
661 243
286 122
393 809
602 306
820 634
247 771
720 291
868 266
485 46
971 479
291 162
419 304
384 452
67 873
465 620
484 938
803 828
857 166
977 310
577 502
15 28
170 950
338 875
841 484
895 11
756 983
785 172
320 734
200 567
190 319
752 121
679 323
787 110
175 34
340 791
212 982
120 292
911 230
445 660
383 275
241 995
380 525
704 561
905 619
269 420
678 674
684 941
349 312
355 865
595 774
586 718
320 256
48 18
526 105
792 851
221 724
653 575
21 799
808 589
147 236
686 993
294 943
12 201
70 236
758 674
88 218
211 730
69 471
127 328
528 535
268 267
455 179
662 800
34 256
940 606
614 789
35 585
748 788
717 623
964 245
655 647
981 339
87 708
393 233
35 737
751 786
732 188
322 252
660 432
583 446
608 185
554 154
40 804
844 86
398 71
368 530
770 97
97 740
365 946
739 133
794 555
562 404
543 878
677 861
195 979
763 597
592 561
630 452
172 264
417 763
773 950
561 881
271 247
211 918
823 161
833 86
957 109
528 112
777 932
206 615
410 122
926 685
526 307
584 172
438 634
391 863
734 311
515 257
79 961
176 387
651 512
282 651
993 40
87 269
433 821
210 774
365 494
467 820
86 717
604 484
491 937
549 951
521 868
560 146
47 43
609 645
777 809
286 284
805 957
602 347
113 305
859 652
149 913
272 579
594 77
305 402
234 410
966 691
583 103
294 578
490 813
591 572
878 220
850 801
342 429
856 599
377 770
833 957
435 32
46 144
254 329
650 255
406 465
859 519
744 516
607 723
739 207
840 343
206 924
373 762
167 346
118 384
272 148
83 117
281 19
322 16
178 670
257 812
453 432
772 949
670 29
971 570
293 920
828 967
253 20
647 45
649 975
596 959
557 584
500 712
603 283
959 721
813 136
504 194
780 725
62 95
906 76
792 523
20 976
12 924
744 396
233 959
188 222
772 991
17 708
336 267
165 948
766 441
809 150
188 259
905 500
942 605
514 618
124 268
903 132
378 867
171 723
736 184
609 296
738 446
715 676
975 528
463 634
933 828
971 862
613 56
912 329
615 243
619 418
941 448
92 333
717 505
200 814
653 12
102 915
791 361
47 588
910 618
132 579
724 577
426 833
746 696
169 76
255 272
570 367
820 781
682 498
801 927
772 829
900 99
373 991
289 460
324 58
332 892
135 173
928 584
348 703
913 88
216 506
580 397
721 321
480 771
883 879
713 921
224 394
601 747
254 853
206 558
159 642
476 498
106 10
880 98
49 354
239 797
624 671
595 480
709 184
788 483
183 603
583 92
136 810
336 43
494 40
436 529
864 369
880 173
481 494
713 510
469 873
131 470
356 334
855 877
521 831
941 842
828 23
537 683
382 129
115 101
171 554
547 490
640 414
834 914
929 389
870 359
497 78
139 101
360 34
609 342
790 479
80 353
362 718
561 423
88 708
918 455
257 845
920 146
12 14
374 677
799 327
556 786
420 961
476 653
464 390
785 53
640 585
588 425
914 109
173 143
910 450
103 88
192 884
969 166
371 466
876 390
10 181
271 332
689 886
443 500
726 384
465 613
853 757
376 975
592 935
133 974
85 122
462 704
635 907
723 690
702 910
650 487
634 589
902 219
171 622
703 550
150 134
642 21
189 993
457 40
693 492
925 144
745 184
276 351
903 425
523 298
289 995
673 516
242 865
930 894
194 180
863 680
649 480
361 910
468 238
852 914
590 59
771 394
406 475
834 592
138 554
229 27
531 918
538 628
419 337
433 671
954 715
380 402
349 976
686 725
764 660
242 424
680 115
860 60
153 165
568 800
176 499
242 892
357 509
786 522
402 955
993 346
885 892
20 539
699 174
185 852
22 77
992 643
45 17
307 138
609 412
880 545
425 203
865 188
210 189
114 121
13 578
129 947
83 157
528 588
78 621
942 729
603 831
95 40
361 950
363 912
205 153
745 753
485 601
835 321
200 484
13 945
909 960
62 327
520 465
421 840
566 924
384 672
330 147
633 575
196 623
114 498
537 437
944 905
600 438
41 881
831 202
899 657
804 670
366 178
931 946
963 700
503 605
449 636
227 722
180 335
305 672
36 647
967 566
341 888
744 766
144 884
728 735
531 203
917 663
891 119
482 433
42 717
498 385
59 922
656 453
392 810
299 88
652 671
778 463
450 19
75 503
895 552
788 372
709 738
174 728
495 832
493 56
878 413
605 524
619 108
505 594
860 285
4 382
942 520
396 959
986 124
993 259
656 711
979 565
749 793
364 577
246 409
313 187
289 446
260 784
637 151
33 45
595 684
438 10
79 531
459 924
548 843
31 961
51 356
928 911
241 9
390 160
556 489
773 596
56 427
712 289
906 162
744 72
866 741
68 688
695 863
340 965
439 49
743 747
168 149
252 510
454 895
111 939
391 38
377 827
991 231
926 161
736 589
462 560
403 192
173 244
816 213
463 884
907 558
732 814
901 410
72 818
473 777
483 932
286 229
105 102
988 711
479 626
887 434
387 485
420 164
157 290
524 126
673 666
581 410
152 535
365 354
939 85
894 455
898 404
962 47
405 20
924 36
445 691
455 658
432 239
756 350
954 881
159 822
826 963
154 664
185 756
435 719
859 163
475 472
11 772
419 75
813 342
224 706
226 986
171 657
987 54
526 529
788 944
997 253
286 879
265 644
886 362
559 297
52 21
937 420
891 177
71 973
886 921
320 154
897 230
563 42
405 197
146 861
775 160
293 91
351 210
893 698
132 526
136 978
90 68
884 455
861 921
166 97
463 590
861 576
737 176
791 880
942 579
763 806
646 170
464 582
979 358
880 263
326 144
935 138
810 117
610 461
430 113
840 820
151 154
194 674
309 967
498 909
857 354
247 430
546 804
851 94
149 354
880 444
233 504
274 601
943 462
564 941
733 572
53 70
681 624
756 467
785 965
577 335
693 17
404 636
156 337
238 508
168 788
897 611
358 466
819 549
672 755
990 331
269 812
249 958
96 685
697 937
561 810
651 726
565 201
814 611
971 165
169 795
464 301
242 587
607 754
206 171
784 993
780 666
346 426
899 904
621 149
832 785
95 272
154 716
716 559
831 475
228 616
781 430
46 241
105 196
578 779
665 814
916 385
383 922
21 697
241 14
911 194
386 304
372 508
155 478
4 827
111 302
844 779
820 980
783 679
594 414
489 737
519 926
618 153
23 341
295 570
112 280
465 831
108 165
386 537
434 549
115 910
292 369
156 462
702 636
926 955
744 147
599 535
661 521
621 539
941 970
198 845
583 80
115 561
550 477
388 717
524 75
119 326
279 764
291 476
199 755
479 783
121 205
320 989
884 99
450 277
738 525
428 69
728 787
667 686
334 769
221 552
843 701
579 383
533 883
363 905
188 423
522 71
675 375
705 908
483 134
563 241
829 22
525 355
673 927
599 553
44 499
565 288
672 17
107 629
701 934
95 580
771 158
334 523
489 636
762 759
918 311
396 191
658 830
818 994
274 86
751 360
824 491
389 745
953 88
137 54
420 562
890 304
57 403
120 560
997 791
678 954
779 384
308 503
29 602
934 454
173 436
686 512
380 384
67 617
355 706
456 882
870 717
290 759
739 111
125 973
11 438
501 151
44 52
80 283
334 141
355 520
311 394
146 302
336 970
128 836
708 89
18 245
932 363
480 768
926 596
263 783
734 811
276 706
306 418
220 749
983 740
64 555
216 897
612 662
873 930
863 627
762 149
161 225
674 541
547 150
669 250
951 768
614 516
807 200
859 873
670 400
590 956
540 428
802 38
