771 4030
94 485
506 326
416 248
992 421
649 322
237 795
457 43
815 845
446 955
422 252
791 9
359 901
667 122
598 94
7 738
544 574
334 715
766 882
994 367
893 984
633 299
131 433
428 682
700 72
617 874
874 138
720 856
419 145
794 995
196 529
997 199
116 277
908 97
539 719
707 242
569 107
537 122
931 70
726 98
487 600
772 645
513 267
81 972
943 895
58 213
303 748
764 487
536 923
724 29
789 674
479 540
142 554
339 467
641 46
196 710
494 553
66 191
824 724
208 730
711 988
800 90
314 340
289 549
401 196
466 865
689 678
833 570
225 936
244 722
849 651
113 123
379 431
361 508
65 585
486 853
686 642
286 992
889 725
24 286
491 812
891 859
90 663
181 88
214 179
17 187
472 619
418 261
419 846
356 192
682 261
306 514
201 886
385 530
952 849
500 294
194 799
737 391
324 330
992 298
224 790
260 275
97 826
210 72
649 866
919 951
63 748
958 685
804 956
518 564
428 183
537 400
346 721
153 207
971 323
662 611
197 116
91 109
529 795
126 343
747 862
469 685
770 10
934 881
723 984
895 403
568 360
172 449
958 541
383 272
308 877
970 359
583 707
48 308
930 770
569 30
3 208
20 311
609 100
887 939
825 422
930 785
904 370
241 989
379 969
376 143
962 972
889 28
443 61
216 638
338 348
160 347
406 66
159 391
31 638
204 295
420 826
153 196
425 449
331 855
565 143
838 487
9 140
918 564
533 615
232 135
957 564
591 360
576 793
746 163
377 859
858 760
86 711
434 662
558 159
279 660
840 268
735 948
574 315
126 676
912 341
739 689
821 894
625 706
917 490
201 478
993 671
149 932
52 899
759 237
267 187
256 472
783 772
117 98
516 906
180 911
25 635
380 225
712 823
266 164
216 343
448 732
541 502
664 740
954 576
726 612
772 902
531 454
943 411
750 973
327 703
917 850
5 77
113 220
913 802
791 403
998 181
859 10
345 525
431 919
675 668
833 527
438 462
523 291
916 605
420 457
115 405
660 417
261 279
772 685
388 596
764 307
843 224
206 322
407 840
639 975
852 401
542 91
60 327
757 330
82 182
637 603
93 793
614 615
136 733
187 864
102 16
972 863
163 987
501 306
477 34
492 840
121 700
80 706
138 787
660 105
229 834
827 798
448 310
230 609
832 690
489 561
586 579
291 60
665 388
660 309
702 407
153 200
606 313
123 970
253 33
709 273
832 277
108 997
888 40
481 227
283 860
858 940
284 608
711 990
850 590
239 806
943 52
195 801
95 764
410 710
664 386
900 593
112 50
963 494
754 156
458 936
19 965
225 86
569 723
97 184
194 868
754 340
602 412
61 487
695 209
347 346
719 860
100 307
97 95
843 821
745 941
286 821
492 587
116 201
531 665
424 527
253 812
426 424
413 459
980 343
291 836
833 506
486 179
9 916
575 430
922 596
145 808
897 269
404 512
742 811
728 685
269 567
103 776
745 855
35 718
779 853
71 97
80 146
842 746
128 15
941 965
227 512
30 480
342 958
605 665
531 191
364 964
359 515
867 606
820 822
313 536
207 693
911 19
308 335
430 101
685 922
641 294
113 910
141 410
690 250
700 546
559 729
481 609
503 720
766 976
7 759
882 798
859 74
182 648
425 299
542 785
683 846
853 390
938 897
89 416
624 837
181 247
878 293
933 144
580 938
252 467
207 480
658 955
20 665
954 26
347 564
759 449
446 26
14 521
657 301
710 321
980 613
188 388
636 879
203 990
432 188
129 963
630 820
509 300
237 822
373 255
838 277
395 153
692 400
103 227
218 518
384 447
931 315
396 813
389 324
640 502
287 299
297 780
977 376
512 516
219 212
555 329
398 810
289 486
798 485
598 416
49 952
572 894
697 358
770 21
725 647
542 44
214 683
887 361
45 814
94 231
282 8
82 165
319 496
626 699
146 852
541 459
874 535
725 314
777 944
554 306
208 459
787 637
976 447
912 408
444 107
3 962
301 565
164 407
437 857
652 317
764 98
41 818
737 600
176 288
136 902
128 567
394 190
235 749
42 908
824 276
684 748
979 592
568 393
367 363
52 163
642 983
335 179
126 16
130 478
583 259
129 868
752 295
167 596
856 71
640 622
770 864
431 644
195 5
448 365
701 429
952 64
880 854
168 770
79 88
961 157
472 368
217 421
709 719
147 271
296 975
909 816
764 962
251 535
878 438
753 696
570 881
253 318
666 45
931 52
433 496
810 313
678 138
123 334
212 988
61 118
756 450
128 776
336 253
392 829
692 409
8 985
683 946
672 454
868 174
466 731
104 609
394 175
407 486
371 844
749 325
808 888
661 404
135 292
864 695
896 994
197 293
465 823
93 397
340 893
424 981
261 64
676 902
959 570
964 747
904 395
744 531
386 428
326 525
384 219
125 746
511 542
720 726
49 412
475 902
831 83
321 436
532 812
832 701
820 912
913 61
948 487
707 705
27 548
819 381
438 757
484 464
709 719
321 786
890 949
149 303
557 950
166 933
972 940
943 280
834 526
744 587
508 361
154 908
809 911
881 645
104 902
264 373
546 526
612 194
534 873
909 161
144 717
110 545
96 369
648 948
491 209
855 388
660 663
353 123
763 341
626 199
656 78
469 259
159 293
619 414
773 226
218 443
749 225
467 269
991 521
982 97
478 344
523 234
982 257
570 903
992 108
843 877
424 540
259 718
190 177
45 799
425 143
842 301
241 237
83 981
265 833
292 431
848 824
56 971
228 271
877 97
635 733
411 641
558 414
860 733
799 64
630 377
14 700
890 297
114 640
389 124
583 11
686 97
799 857
216 897
847 498
359 652
471 949
956 93
59 260
231 847
23 550
706 983
170 910
634 226
549 356
677 667
357 326
981 555
563 984
75 383
311 395
317 759
433 848
906 832
18 231
537 274
157 966
307 161
396 164
671 123
895 882
661 17
417 886
815 854
582 355
911 211
321 519
631 397
334 55
236 455
702 128
98 489
281 98
605 655
241 540
245 75
597 44
372 988
384 350
581 382
620 294
511 943
862 579
244 595
310 41
830 647
690 771
497 188
251 469
510 18
553 955
437 26
857 370
246 563
347 246
751 491
759 708
451 644
414 438
951 739
375 224
361 870
886 776
129 931
574 806
126 928
739 361
954 537
132 753
263 373
401 883
661 75
944 167
286 747
673 383
511 31
438 203
196 870
830 397
186 334
159 260
398 412
877 748
125 967
184 382
492 744
97 816
707 177
678 314
571 638
791 849
439 483
31 928
557 762
688 8
32 484
428 238
207 433
55 139
273 454
850 516
823 900
731 729
667 865
314 980
168 186
43 426
240 715
545 491
194 108
487 197
342 196
365 541
256 179
119 693
568 596
800 396
499 330
164 663
723 515
442 177
134 597
511 767
448 873
536 317
272 164
677 207
34 343
485 619
651 382
346 588
51 611
561 424
639 339
692 450
348 773
808 325
992 258
420 667
386 685
951 766
218 944
490 347
429 883
660 831
344 280
333 382
450 275
727 491
984 102
96 956
782 934
788 287
68 357
612 206
875 600
577 587
612 818
570 949
459 915
45 86
721 512
273 553
656 224
564 841
428 275
516 707
489 926
463 27
436 675
103 888
595 632
912 317
620 222
932 940
29 180
18 774
591 961
69 231
346 201
554 832
777 439
495 601
342 487
920 24
890 725
292 872
232 379
550 74
128 29
31 265
953 531
726 308
56 908
676 828
234 902
862 179
309 721
152 472
883 14
379 755
791 67
281 782
719 823
684 102
741 485
540 195
424 618
283 260
155 380
525 556
618 446
236 324
55 923
562 157
26 798
970 45
400 870
35 467
292 818
813 387
410 376
435 80
504 575
663 232
638 357
94 540
793 917
835 591
961 711
880 430
626 469
248 782
763 433
474 728
798 128
614 979
395 12
225 944
647 317
434 867
725 616
250 142
58 739
376 79
433 850
465 168
981 15
885 113
535 817
240 169
30 598
866 45
100 619
204 64
712 870
633 522
336 567
408 161
567 331
645 485
808 736
454 188
465 653
430 733
536 603
436 862
897 559
719 334
946 656
927 142
322 383
522 616
874 631
790 288
54 657
642 238
749 735
915 129
6 309
983 930
250 414
265 422
702 68
441 550
968 439
153 867
551 789
832 277
922 345
669 293
462 429
84 882
53 32
559 664
512 44
583 35
345 752
569 527
117 986
990 223
642 552
213 558
99 896
816 702
623 396
487 500
81 98
302 931
453 871
265 417
638 742
198 451
495 646
812 183
314 787
370 178
101 856
545 190
451 855
530 14
537 268
992 451
875 254
745 715
941 389
949 680
347 708
198 95
857 178
162 402
798 553
425 325
267 87
894 165
816 431
846 957
973 458
333 205
377 168
190 771
177 303
183 459
185 383
37 671
870 952
889 994
640 331
17 909
977 854
678 358
741 584
64 81
65 812
831 637
817 137
460 682
238 501
424 111
417 679
323 101
748 506
115 735
254 890
989 246
914 390
249 859
917 952
242 616
378 377
765 159
462 582
58 60
195 11
580 987
819 840
805 451
743 320
486 980
224 102
432 925
713 816
318 626
903 322
758 564
9 814
482 887
632 800
791 19
821 328
881 708
240 35
311 107
232 430
892 403
24 691
654 740
765 112
362 598
52 570
623 633
85 923
176 193
302 975
412 340
866 24
239 526
7 511
330 81
329 85
998 741
374 556
691 772
120 248
972 934
224 973
924 719
732 874
639 28
715 826
833 697
307 166
365 460
995 282
540 748
811 433
240 636
955 964
87 190
249 167
851 112
639 726
82 349
986 910
575 427
368 848
516 134
831 993
122 353
840 773
195 417
601 828
3 869
966 957
392 238
890 241
407 886
772 53
945 211
539 547
65 688
937 984
241 269
621 621
949 522
246 313
859 448
963 234
352 551
860 974
671 185
794 89
784 275
974 769
884 532
950 317
581 615
754 884
751 617
912 794
123 570
492 712
960 571
490 379
639 436
436 853
607 292
208 188
202 977
631 929
849 320
697 117
149 759
980 201
100 636
452 781
15 407
743 444
77 956
998 239
13 303
894 549
301 808
581 120
720 973
191 408
856 360
734 745
165 615
592 804
105 245
156 242
771 984
711 6
842 58
899 752
517 48
422 6
833 232
422 573
961 776
108 551
954 157
868 635
146 32
370 740
281 534
402 217
168 83
744 111
213 234
489 620
346 957
978 335
661 177
992 786
645 990
890 756
22 680
707 612
329 706
977 415
608 458
660 493
144 482
390 590
846 340
648 329
428 879
140 590
270 627
722 887
850 292
387 557
189 23
673 477
383 125
85 61
710 967
887 352
11 268
960 506
279 146
212 419
548 841
269 422
318 497
197 44
132 23
251 704
900 872
876 850
687 632
759 48
662 791
630 471
181 979
616 59
48 370
992 591
794 897
262 803
657 991
170 490
722 476
324 550
835 280
758 262
798 90
582 848
987 222
654 48
837 493
504 150
253 914
230 415
428 537
186 908
263 183
835 803
46 815
158 597
34 348
385 44
937 407
249 772
180 370
657 485
786 154
354 109
907 826
431 386
591 60
818 579
337 485
70 665
42 500
52 845
15 285
840 749
700 688
352 567
132 568
531 291
805 145
837 962
224 19
813 87
947 242
324 201
918 929
97 213
29 528
332 27
950 829
644 102
164 340
202 672
15 465
262 713
456 329
406 958
984 422
387 775
417 971
228 398
514 172
258 383
503 860
