1201 3818
482 485
257 326
286 248
517 421
404 322
713 795
45 43
924 845
873 955
160 252
1 9
838 901
40 122
58 94
676 738
627 574
766 715
862 882
405 367
923 984
379 299
461 433
612 682
133 72
813 874
97 138
908 856
165 145
996 995
623 529
220 199
298 277
157 97
723 719
144 242
48 107
129 122
148 70
35 98
644 600
632 645
272 267
1040 972
977 895
312 213
778 748
567 487
965 923
1 29
616 674
569 540
628 554
493 467
76 46
733 710
575 553
288 191
775 724
723 730
912 988
64 90
354 340
565 549
210 196
922 865
775 678
566 570
934 936
626 722
742 651
194 123
485 431
483 508
617 585
876 853
653 642
896 992
652 725
220 286
727 812
900 859
563 663
56 88
157 179
280 187
537 619
284 261
920 846
124 192
239 261
459 514
931 886
504 530
910 849
382 294
795 799
485 391
351 330
289 298
865 790
250 275
738 826
75 72
788 866
947 951
651 748
595 685
993 956
663 564
265 183
338 400
637 721
206 207
328 323
618 611
64 116
139 109
806 795
412 343
912 862
715 685
1 10
929 881
1025 984
410 403
273 360
507 449
450 541
174 272
882 877
427 359
787 707
355 308
734 770
1 30
248 208
397 311
159 100
874 939
449 422
857 785
286 370
976 989
908 969
103 143
1071 972
1 28
117 61
697 638
424 348
439 347
74 66
442 391
568 638
195 295
854 826
281 196
433 449
845 855
224 143
487 487
181 140
496 564
690 615
124 135
575 564
374 360
766 793
149 163
776 859
793 760
674 711
696 662
90 159
732 660
214 268
935 948
228 315
619 676
349 341
734 689
964 894
644 706
484 490
491 478
628 671
1009 932
944 899
315 237
92 187
554 472
757 772
88 98
952 906
818 911
628 635
316 225
818 823
255 164
432 343
763 732
490 502
721 740
587 576
530 612
992 902
491 454
343 411
880 973
645 703
761 850
152 77
241 220
727 802
352 403
246 181
1 10
479 525
958 919
749 668
551 527
538 462
319 291
580 605
501 457
487 405
349 417
252 279
731 685
637 596
339 307
257 224
271 322
740 840
1002 975
404 401
190 91
254 327
277 330
100 182
648 603
810 793
535 615
702 733
855 864
76 16
773 863
917 987
279 306
123 34
922 840
613 700
658 706
705 787
101 105
807 834
883 798
358 310
634 609
786 690
618 561
644 579
141 60
466 388
340 309
495 407
283 200
352 313
886 970
95 33
291 273
217 277
1007 997
1 40
219 227
764 860
1025 940
600 608
895 990
690 590
738 806
1 52
772 801
727 764
774 710
340 386
503 593
1 50
432 494
228 156
993 936
1058 965
130 86
821 723
189 184
943 868
343 340
404 412
560 487
196 209
418 346
782 860
314 307
59 95
778 821
979 941
828 821
584 587
122 201
741 665
566 527
760 812
385 424
395 459
250 343
789 836
492 506
261 179
914 916
380 430
537 596
731 808
361 269
473 512
737 811
708 685
635 567
804 776
827 855
695 718
756 853
57 97
178 146
688 746
1 15
871 965
415 512
510 480
1057 958
764 665
193 191
905 964
583 515
696 606
887 822
444 536
741 693
12 19
313 335
81 101
828 922
354 294
981 910
499 410
283 250
545 546
635 729
540 609
689 720
946 976
730 759
703 798
14 74
644 648
241 299
793 785
912 846
461 390
801 897
424 416
744 837
272 247
338 293
193 144
987 938
432 467
505 480
944 955
653 665
38 26
468 564
461 449
1 26
576 521
329 301
274 321
701 613
432 388
851 879
915 990
137 188
927 963
903 820
373 300
770 822
160 255
285 277
231 153
366 400
317 227
423 518
420 447
216 315
772 813
271 324
566 502
243 299
725 780
390 376
491 516
225 212
392 329
781 810
434 486
535 485
368 416
938 952
946 894
353 358
1 21
707 647
143 44
630 683
364 361
822 814
147 231
54 8
91 165
431 496
606 699
917 852
553 459
473 535
222 314
954 944
369 306
413 459
717 637
491 447
447 408
44 107
994 962
518 565
448 407
931 857
369 317
181 98
815 818
655 600
267 288
960 902
611 567
271 190
771 749
993 908
359 276
810 748
563 592
360 393
264 363
199 163
1074 983
131 179
41 16
423 478
197 259
779 868
344 295
536 596
140 71
669 622
938 864
715 644
67 5
321 365
434 429
19 64
928 854
759 770
178 88
160 157
277 368
467 421
653 719
330 271
966 975
817 816
1045 962
508 535
492 438
743 696
884 881
259 318
56 45
1 52
421 496
270 313
99 138
429 334
1004 988
512 508
702 770
657 751
862 780
516 441
246 207
592 516
641 674
390 408
831 920
522 573
611 634
825 878
929 990
734 826
718 696
883 800
355 411
426 422
668 707
235 334
1080 986
397 494
137 150
648 562
342 380
799 832
1067 979
313 376
452 511
441 414
214 160
1059 982
260 238
579 490
897 899
316 251
526 526
909 897
139 39
634 657
384 452
577 538
840 831
509 460
262 185
934 934
513 440
556 490
97 168
107 71
937 977
370 458
193 204
802 803
134 139
390 399
439 420
1034 991
636 578
1008 972
191 177
429 398
445 348
483 496
347 276
769 825
540 614
212 121
789 730
317 341
381 284
714 698
24 17
570 546
771 672
1052 974
776 866
290 377
470 559
367 340
626 527
879 779
688 761
553 483
112 92
440 390
510 583
741 661
473 391
289 336
574 661
85 125
36 89
362 275
310 359
129 178
763 780
31 42
69 5
470 380
739 772
726 816
57 9
476 484
498 545
669 589
112 157
934 901
854 777
112 74
246 247
1 55
481 479
883 785
1051 958
763 680
417 393
900 944
573 596
601 619
588 611
900 852
327 283
199 299
847 766
240 312
862 826
635 726
680 733
806 805
767 679
495 403
870 964
259 337
476 541
512 478
467 369
1001 946
798 821
819 833
835 837
502 490
119 37
652 594
82 129
242 258
215 246
291 362
687 755
550 504
1 71
249 177
203 176
865 803
189 237
758 677
90 33
188 115
621 597
807 769
481 536
1031 956
349 341
222 184
260 234
551 569
245 216
631 537
183 84
873 810
656 657
5 33
137 159
579 520
656 668
373 287
232 229
352 374
428 474
598 672
943 915
582 511
120 123
573 569
218 199
347 396
628 715
1 59
642 610
959 917
983 927
186 270
60 117
513 516
143 215
234 216
290 237
597 615
452 499
521 477
837 760
267 285
20 56
1027 966
690 622
235 221
199 194
186 91
374 347
244 252
424 473
438 516
385 385
337 357
945 958
686 665
698 792
16 64
464 420
655 671
911 968
839 877
144 177
535 523
65 139
230 152
806 732
312 246
578 565
699 740
817 902
105 17
886 973
360 298
658 611
53 32
1 11
319 337
36 136
879 889
595 522
721 805
80 28
981 931
838 757
654 609
480 544
973 905
647 595
243 246
152 113
183 175
140 156
263 244
856 883
338 265
792 883
403 462
560 485
238 272
214 204
1011 984
453 409
330 398
819 909
469 370
882 882
279 214
811 766
82 35
341 421
271 271
397 370
876 848
128 50
1016 976
243 270
843 796
949 963
451 379
1091 991
594 551
867 897
353 307
471 421
100 74
401 388
591 559
884 980
607 615
651 681
209 231
133 207
741 818
372 331
950 979
403 445
419 348
780 724
345 401
618 646
766 668
335 242
288 302
795 861
777 830
117 77
541 441
499 589
1025 990
217 189
799 868
944 996
329 363
232 237
367 420
552 565
220 214
353 333
811 726
176 175
35 58
548 625
1 66
142 169
400 475
298 204
27 90
421 496
40 1
462 474
359 449
299 252
395 332
382 287
206 189
980 889
1 63
285 378
109 206
813 897
219 230
361 382
601 575
155 60
442 529
405 477
253 290
57 89
894 961
548 461
763 702
542 532
704 680
44 53
545 642
1018 1000
803 891
730 822
59 152
423 324
590 633
266 267
325 381
307 272
422 506
403 419
524 461
613 526
1033 978
403 468
820 729
777 795
631 581
298 383
302 226
505 421
461 386
351 273
556 484
638 676
152 107
236 229
831 902
882 962
38 105
100 84
1006 991
661 701
596 689
748 655
528 600
587 538
492 499
783 881
1017 981
546 473
368 383
618 679
662 573
563 589
553 480
161 145
612 624
926 923
972 915
249 232
948 974
662 735
735 678
682 640
722 644
146 212
75 123
276 253
890 943
1 18
1007 916
302 327
607 640
646 615
488 470
565 655
239 288
448 401
906 840
564 633
647 707
339 424
757 682
213 194
829 855
229 190
703 728
257 178
255 275
123 88
321 367
517 544
768 738
1040 963
439 460
282 266
739 727
128 33
471 442
714 628
467 384
298 244
411 482
760 765
435 446
245 247
865 913
658 560
457 528
694 594
882 935
415 462
555 621
705 660
525 564
276 302
871 936
582 592
639 724
181 118
200 299
201 251
35 129
5 96
85 167
239 169
359 381
948 976
771 767
804 837
457 407
284 203
485 387
803 735
629 706
358 335
13 40
808 821
68 131
96 159
956 978
101 53
767 849
577 478
1 19
278 230
388 453
318 336
847 931
592 588
494 449
615 566
265 272
806 883
754 731
94 80
113 213
203 177
896 872
712 626
1000 940
69 150
279 379
847 833
509 517
686 724
946 973
652 581
872 839
237 272
314 412
789 839
440 492
526 553
714 718
791 738
816 839
385 390
557 588
562 523
715 630
815 770
752 746
1 49
280 369
498 537
116 115
155 215
872 971
572 602
551 551
1 40
399 494
306 252
153 158
81 72
84 177
755 667
504 483
724 815
94 19
725 745
266 339
660 614
263 302
341 319
635 670
519 513
647 566
24 27
259 322
707 645
162 210
925 841
830 925
600 521
931 975
177 269
862 929
437 478
918 970
737 684
227 231
595 673
343 348
194 232
683 727
616 597
401 397
608 539
923 907
928 892
731 699
435 408
265 361
828 789
583 529
275 190
812 880
212 236
659 715
725 718
348 439
774 814
845 902
593 658
393 410
511 412
5 90
689 678
916 951
120 37
624 593
781 737
174 211
156 134
769 847
433 490
57 95
389 435
822 737
760 860
360 310
545 548
991 984
669 660
142 86
707 635
935 941
156 56
357 372
630 650
1041 964
734 735
730 682
166 151
223 283
834 773
648 643
918 898
781 817
362 269
760 731
454 507
853 841
294 207
779 752
407 318
86 126
182 153
49 101
623 560
786 743
765 816
981 980
29 1
69 82
914 886
448 377
476 465
752 753
847 842
609 547
660 580
700 754
1 37
616 548
963 896
735 656
615 537
143 78
582 540
525 597
253 314
877 845
321 361
988 930
562 654
866 841
754 810
193 98
846 814
977 898
220 237
310 236
375 397
512 468
112 160
176 168
262 189
123 123
826 783
1063 991
839 775
505 565
838 906
680 604
229 233
759 693
188 209
241 279
166 231
773 675
324 370
777 814
285 276
200 238
663 710
916 931
833 879
433 492
168 81
386 347
360 417
612 582
755 801
282 195
474 403
215 247
351 356
571 627
838 858
722 803
277 236
521 572
585 485
526 586
808 748
291 235
838 859
793 788
394 345
801 861
395 342
783 779
555 595
910 963
195 260
315 366
796 835
687 733
808 834
357 442
690 773
974 880
928 873
722 793
164 173
394 402
38 60
688 628
1 19
146 146
741 685
88 138
636 593
265 202
590 500
66 89
508 433
133 63
494 514
785 865
433 393
364 269
129 111
659 614
330 272
950 973
673 609
285 236
493 496
120 24
795 871
186 227
391 420
933 850
112 127
186 170
190 224
714 722
267 189
548 597
346 286
1 22
958 957
576 536
311 221
292 281
261 238
622 531
472 449
714 735
575 670
667 646
297 272
546 605
390 394
595 508
570 537
893 955
408 477
947 969
697 692
896 963
914 829
623 638
122 206
229 185
210 187
36 129
266 300
207 114
391 305
174 199
897 916
802 839
966 899
464 452
163 185
552 561
825 848
167 191
864 830
885 860
952 873
574 649
632 591
915 974
1037 974
471 452
364 397
331 350
671 597
34 13
405 392
273 343
844 756
438 387
888 924
174 188
1 68
581 552
112 166
406 435
3 14
782 797
186 254
228 300
483 431
346 367
220 197
237 233
249 149
51 62
1 38
106 69
430 425
855 810
834 878
484 503
240 308
781 798
394 437
805 798
23 36
527 583
418 412
182 195
783 878
347 388
478 438
435 532
18 3
332 268
373 417
282 277
273 229
486 445
358 380
884 974
329 248
491 433
1039 1000
781 874
889 939
813 760
538 473
721 811
810 766
236 306
558 556
527 521
377 364
467 460
230 136
537 458
839 784
623 648
693 783
922 960
42 137
524 591
845 875
503 440
310 263
91 40
916 835
863 943
726 749
214 263
621 597
59 5
1029 999
118 161
1 35
933 891
377 459
926 996
675 592
1 54
1080 985
444 401
259 298
383 459
144 77
617 611
169 159
392 467
821 737
887 895
135 49
482 382
347 285
326 388
1048 972
353 265
691 729
822 810
1056 973
867 818
349 295
566 532
126 58
758 736
113 187
923 896
1063 998
914 997
564 476
221 259
536 475
465 494
124 130
222 151
669 639
774 855
565 480
431 478
471 386
602 672
371 361
821 894
447 460
122 148
749 660
706 628
367 329
898 975
17 1
584 507
815 750
53 109
878 915
735 700
38 75
880 896
233 229
1 85
147 144
595 536
841 919
584 516
425 473
1 25
1 25
682 611
22 44
798 722
954 980
615 563
585 672
976 914
448 541
917 882
178 142
346 259
113 35
641 543
652 689
819 721
235 142
509 530
602 503
519 450
305 248
608 599
911 919
546 636
205 181
799 873
112 154
440 427
669 604
313 313
441 363
601 594
815 813
898 829
133 49
808 791
463 554
471 499
215 226
325 345
402 432
671 758
113 64
933 843
585 637
945 941
891 965
502 448
798 857
982 968
258 351
691 758
307 351
901 980
670 662
338 357
921 914
642 548
793 723
1 23
214 170
326 351
35 113
755 783
747 766
497 527
233 206
551 644
348 258
921 861
675 728
122 69
173 128
397 392
81 145
112 51
179 112
245 253
300 340
1027 932
832 817
970 965
493 480
633 724
812 839
549 500
726 746
767 811
450 373
641 605
351 252
162 172
388 394
229 177
84 98
325 377
518 486
792 855
382 290
146 130
426 355
885 842
255 233
81 101
671 686
676 736
844 930
748 700
92 69
696 607
949 879
904 916
1037 960
345 408
681 679
130 138
123 185
684 782
9 49
464 453
551 630
364 429
845 853
450 545
645 651
853 765
155 159
1007 1000
120 179
743 717
816 885
71 32
833 838
148 186
486 470
270 185
836 921
385 376
954 986
852 934
90 171
552 645
1 46
762 681
1 43
231 234
99 103
536 496
486 389
945 931
639 579
164 132
966 908
679 772
736 677
425 343
714 703
134 139
337 344
418 387
840 909
471 539
361 304
745 655
374 378
153 92
841 862
428 411
420 362
383 397
331 290
182 152
687 611
188 173
226 137
982 946
432 365
410 475
971 982
832 920
710 802
1 66
711 778
715 744
535 464
399 313
401 341
620 685
339 331
150 85
741 676
89 91
535 534
229 166
124 51
970 966
849 841
558 625
173 114
1 16
29 113
800 826
581 506
794 738
657 564
364 455
711 735
283 264
526 548
717 738
900 853
557 575
495 569
316 365
599 620
340 264
144 193
1 21
285 373
168 84
167 250
190 288
86 132
180 151
337 419
522 521
907 974
601 655
690 648
830 737
398 298
227 187
1017 981
870 965
979 954
149 166
330 248
655 636
565 560
624 563
11 24
813 896
821 803
1 16
291 274
809 714
406 449
192 229
188 280
494 423
769 868
115 124
945 970
312 231
859 935
809 808
61 23
110 210
149 88
192 151
742 770
600 555
580 613
771 866
230 223
258 303
383 305
312 306
951 900
962 964
467 397
966 898
63 59
571 628
182 225
473 537
624 612
619 633
275 314
551 478
1071 981
868 904
776 819
187 108
245 179
196 152
686 598
321 349
100 80
796 762
292 314
417 513
293 205
510 584
731 652
983 894
149 198
220 143
601 671
304 302
575 611
631 631
533 526
533 526
439 403
141 231
794 830
242 283
772 864
728 755
62 159
141 220
454 447
892 800
880 833
804 805
724 791
499 412
850 857
476 408
859 895
313 360
874 827
875 971
909 961
431 519
432 335
329 238
935 883
204 222
827 886
764 708
376 475
933 876
69 123
76 127
310 384
798 745
311 284
388 429
776 685
593 512
577 503
576 599
925 983
439 462
1064 992
236 270
393 491
267 282
766 831
146 167
28 115
579 661
539 564
902 934
527 608
586 513
1 53
725 659
706 646
120 164
752 763
828 825
887 949
321 355
775 811
188 164
766 851
253 289
483 392
130 224
419 460
886 903
440 347
579 638
45 101
666 587
736 797
792 881
219 210
194 243
938 969
225 298
161 253
576 593
439 453
663 657
172 72
225 222
402 319
1 61
750 694
448 384
739 801
218 136
522 536
1012 958
557 647
610 526
1 28
999 904
484 509
922 884
539 565
635 601
417 323
615 522
149 192
66 103
483 451
903 867
555 602
874 783
346 311
1027 994
187 172
1 51
332 389
193 237
796 721
561 597
417 492
248 331
358 380
190 259
653 726
54 55
496 501
395 459
729 790
1 4
715 634
170 117
666 601
711 808
457 544
504 542
598 590
829 827
864 817
657 617
1 32
815 879
593 692
709 685
90 88
820 911
553 546
528 580
948 997
1018 937
1069 988
433 351
563 661
617 630
367 360
897 908
263 203
545 479
270 251
212 162
967 905
227 167
779 862
346 369
86 181
684 765
291 251
992 909
712 645
664 568
896 847
547 538
466 540
193 99
438 423
323 246
88 165
549 544
120 52
218 131
273 372
500 471
651 625
696 684
432 378
542 534
46 73
458 540
639 671
207 127
507 412
1067 972
825 823
716 663
755 784
608 588
514 496
209 170
133 153
209 199
216 152
355 258
208 283
305 289
616 608
428 463
157 180
404 329
271 221
266 294
119 125
534 625
376 427
712 796
131 151
883 867
214 122
416 370
752 840
41 115
806 875
947 912
163 85
958 969
734 714
909 799
975 281
86 996
176 131
902 186
725 196
216 532
872 389
871 553
355 841
464 387
99 485
4 8
546 841
112 625
576 824
917 663
930 832
404 282
5 875
271 5
176 325
217 635
372 870
297 508
380 993
816 224
516 312
76 850
944 935
25 219
674 43
367 504
1008 311
970 711
241 541
623 576
1045 29
158 834
365 55
814 21
913 419
140 200
970 441
75 298
337 453
907 311
783 185
122 516
802 27
52 993
648 476
790 712
96 223
206 436
491 272
585 654
685 826
769 632
617 993
685 311
530 131
893 365
666 882
225 341
1069 519
984 777
450 235
516 745
483 126
62 366
872 512
744 918
996 928
1023 161
346 401
933 633
408 773
121 500
720 688
549 497
288 392
686 726
138 995
314 419
691 690
299 796
629 379
175 33
678 388
368 182
465 872
1017 639
253 962
936 284
554 289
102 307
1046 739
133 682
495 781
1004 568
817 25
623 193
698 913
1056 412
171 565
869 895
848 591
403 16
881 392
163 190
49 123
26 546
234 429
535 732
820 656
105 350
865 252
302 891
621 273
624 767
662 788
381 282
504 623
120 686
510 102
314 76
466 627
149 449
648 930
279 825
466 111
768 120
678 720
730 769
409 791
70 92
278 339
30 137
663 284
1055 556
380 611
326 612
535 814
565 397
4 157
865 574
773 839
196 665
833 690
648 688
263 705
946 893
587 696
780 14
218 276
125 639
356 524
477 148
207 170
638 761
40 941
546 647
289 724
1081 666
106 787
275 330
61 693
722 347
82 85
559 770
545 261
809 188
132 612
39 156
929 426
336 343
991 896
560 173
170 925
736 353
25 766
509 119
508 249
1050 30
905 926
623 906
681 935
100 692
1090 491
876 420
1083 730
144 556
568 177
148 204
1043 783
668 577
149 292
297 811
797 388
199 171
483 670
424 1000
824 348
264 983
894 590
27 682
575 596
29 371
315 345
923 432
988 116
1069 345
203 814
37 239
505 169
969 944
805 744
1087 494
726 939
281 2
700 687
880 457
981 168
255 735
245 388
346 402
136 387
1085 628
838 551
1035 365
928 637
711 887
146 670
302 392
497 996
877 179
225 108
871 44
1038 708
9 455
77 157
255 723
643 566
353 767
289 553
504 984
686 203
109 731
696 361
688 638
20 708
129 958
904 218
530 240
948 618
762 185
819 654
318 693
402 275
701 815
859 714
329 201
512 790
376 835
59 360
725 122
153 33
908 200
708 815
596 599
1069 570
970 166
831 63
838 694
72 364
992 773
201 526
15 24
476 351
668 646
321 565
457 234
326 94
45 596
522 729
583 839
973 278
700 801
653 767
531 41
1050 427
86 3
409 929
27 39
327 141
842 211
187 225
124 839
340 153
100 284
215 175
743 646
989 320
880 861
832 836
35 126
948 64
963 303
208 439
818 369
895 143
147 328
466 763
108 989
492 817
75 295
239 170
513 668
569 896
898 23
668 813
997 723
708 98
772 11
863 888
829 220
668 81
742 630
368 198
1087 197
293 665
1055 973
950 143
470 768
52 422
170 956
315 821
196 232
1044 191
1070 390
902 828
525 589
1024 636
359 410
63 107
479 878
204 393
217 888
731 442
1023 861
309 648
771 107
202 724
688 262
503 112
1049 484
609 26
163 833
748 638
712 688
794 558
543 583
495 352
126 521
1067 562
440 687
377 113
337 13
720 52
380 746
848 795
856 304
991 651
1 74
662 45
530 286
388 850
814 731
647 530
47 3
349 899
810 277
239 756
537 455
992 89
343 122
22 718
1091 633
640 224
459 89
1067 219
282 159
975 909
430 262
106 556
62 691
311 156
516 112
211 126
240 674
616 132
775 333
29 620
466 97
474 209
759 194
966 581
978 902
702 907
411 546
545 151
765 174
363 462
505 436
504 999
772 183
628 118
661 547
789 233
390 9
668 821
851 352
915 388
375 993
368 868
265 509
126 113
525 716
769 525
1052 533
505 813
934 579
476 198
886 842
949 260
953 668
291 378
156 592
901 437
106 645
499 762
278 877
646 166
334 757
66 248
161 212
822 784
591 825
49 804
127 641
795 18
962 415
661 429
719 498
881 319
121 232
924 610
526 130
481 313
596 232
177 885
943 574
262 553
99 69
29 431
1086 405
489 124
487 665
719 297
198 248
722 827
916 479
1074 167
511 656
30 828
49 137
303 813
151 310
820 16
636 317
327 107
735 365
1082 677
560 530
65 981
986 187
494 287
641 421
355 806
959 937
998 605
173 702
212 966
59 407
162 437
376 627
482 758
163 918
593 144
440 242
51 494
86 851
462 956
750 506
1040 349
469 635
15 216
1090 687
1016 912
900 57
747 875
961 545
885 277
396 557
312 236
787 152
634 988
750 123
606 135
658 698
916 691
1073 74
525 202
635 255
608 406
1079 158
884 351
878 361
785 358
541 673
164 5
400 159
320 191
613 400
596 438
86 530
539 598
646 542
778 616
424 821
727 379
271 915
984 582
1087 336
342 36
1026 963
795 454
350 866
251 790
729 38
305 611
793 618
392 163
198 434
300 369
856 985
574 915
449 650
351 379
815 305
214 796
763 877
407 669
105 430
403 327
945 772
34 528
716 534
863 332
826 645
255 322
738 443
618 401
1017 483
598 99
481 785
1064 807
200 706
184 402
1083 780
1059 541
892 240
1054 899
378 406
262 729
903 911
581 377
424 784
409 381
286 356
729 511
458 69
931 950
874 442
897 550
152 89
75 863
554 38
530 300
234 471
454 955
74 68
399 387
426 799
593 177
501 579
757 717
46 19
944 846
896 750
820 295
268 765
743 906
1059 290
716 744
121 24
863 816
745 382
762 299
568 260
119 354
669 602
511 710
139 477
754 875
402 962
688 34
595 68
1063 543
43 729
826 242
575 740
28 180
384 996
107 423
51 498
59 501
1080 840
223 633
916 882
39 870
638 131
263 816
694 2
96 856
388 481
964 268
152 903
1046 827
724 293
710 521
637 490
489 458
509 33
698 271
675 555
967 501
922 778
826 895
39 342
1003 170
819 787
1088 967
796 565
927 127
964 92
1065 552
915 75
865 463
599 988
793 49
815 570
509 206
1015 422
1070 85
919 532
161 914
578 585
842 708
989 404
903 920
578 397
1016 689
1069 402
425 736
42 128
489 580
1010 844
917 152
1053 686
246 644
55 191
410 370
445 713
18 903
1000 570
535 454
291 902
6 764
120 328
791 748
113 162
986 506
1031 169
172 221
942 845
171 53
633 203
821 925
799 40
1006 632
86 727
871 41
311 760
926 438
405 705
823 987
261 927
121 434
890 367
836 887
555 93
632 21
527 698
1054 868
514 459
848 347
252 52
515 524
811 238
75 751
783 222
215 894
18 818
801 392
437 650
935 128
39 928
229 443
430 149
866 916
606 809
252 269
447 675
271 11
632 569
943 802
135 553
664 135
159 858
355 12
892 611
417 783
1014 845
679 45
39 45
1003 302
774 570
561 644
933 412
106 353
364 517
196 494
710 219
954 822
745 88
175 127
942 228
1056 964
403 872
1031 401
249 225
417 502
295 381
676 287
587 93
173 471
119 171
966 698
634 75
888 458
67 196
437 710
559 318
736 300
628 169
998 610
901 365
349 189
156 820
890 814
936 622
1031 729
953 682
18 885
291 405
270 407
664 414
883 894
598 583
7 662
786 353
86 782
890 874
894 245
108 959
711 775
11 576
964 314
402 457
489 384
578 810
496 645
916 693
428 257
414 740
864 45
922 416
113 489
35 955
873 16
453 679
794 809
958 734
409 350
943 948
38 596
185 484
396 773
567 659
788 554
942 820
600 584
309 259
373 787
127 75
478 610
233 772
798 652
487 293
836 340
122 775
826 693
945 922
511 878
8 956
528 722
94 951
110 620
550 459
551 405
828 205
20 502
90 763
936 168
48 122
844 695
102 465
826 152
927 876
157 273
176 819
294 997
620 76
371 518
640 940
493 116
169 611
291 182
696 481
940 278
606 425
1033 847
549 329
577 242
111 647
790 495
347 578
439 317
795 890
28 194
354 773
611 697
774 452
52 38
745 239
704 788
162 809
343 296
349 270
237 995
720 336
215 659
380 380
411 235
186 121
943 778
469 858
403 618
54 304
644 681
752 145
592 957
781 617
959 226
794 571
933 60
280 851
26 945
719 741
613 191
877 109
6 913
47 780
815 364
860 827
665 469
137 319
429 940
806 928
948 350
1068 204
285 431
951 299
170 589
190 357
565 3
428 871
589 805
529 843
735 449
242 908
83 745
1014 272
985 294
1039 662
719 364
924 454
638 899
743 764
752 650
995 810
822 993
493 397
371 851
91 355
92 515
439 834
989 759
208 817
749 446
941 767
1049 307
651 888
917 563
809 883
160 238
453 520
876 218
343 813
302 770
905 434
15 865
888 992
961 534
765 297
406 270
712 340
995 317
906 107
493 129
552 403
539 179
909 863
504 571
63 705
135 37
1021 220
101 944
518 83
1078 335
545 453
647 716
197 549
340 356
604 166
905 937
623 497
893 359
343 235
904 329
738 668
462 795
372 146
206 756
489 142
413 516
207 743
524 578
564 148
132 431
757 435
325 881
451 999
139 259
540 118
1007 310
640 776
674 146
735 183
126 689
848 930
669 602
971 563
644 558
795 677
983 396
461 446
729 573
811 802
380 930
727 555
639 845
584 328
223 583
417 435
512 805
827 958
670 780
386 688
500 586
62 787
481 896
430 14
381 998
740 838
705 800
849 669
146 25
932 795
265 271
169 770
821 84
544 140
771 77
639 240
584 572
704 439
573 94
553 378
630 961
1053 17
307 482
945 737
348 709
908 51
3 718
912 334
693 605
1016 890
284 274
461 788
1058 46
817 596
18 392
1066 283
843 138
177 567
576 274
772 665
540 230
754 636
631 812
262 886
667 883
135 489
55 270
302 503
868 149
866 847
443 834
265 941
278 227
611 533
691 497
425 552
354 837
134 894
424 314
995 576
633 495
388 11
718 226
219 351
423 367
1078 747
20 34
1025 505
600 244
504 249
716 974
1086 78
317 489
613 139
908 38
550 166
769 412
733 812
17 956
920 360
456 371
721 624
547 284
201 914
893 225
474 805
403 469
624 243
793 17
517 99
318 164
561 491
817 952
132 256
599 485
508 422
688 331
761 708
1050 427
918 268
529 70
995 404
195 5
330 512
929 441
783 559
74 783
125 197
773 829
183 290
86 929
21 393
899 676
573 992
750 172
435 584
611 671
710 213
344 264
760 359
493 89
813 297
1062 217
994 169
260 16
298 629
109 192
994 796
596 986
50 636
817 441
540 404
110 963
261 81
871 544
528 371
468 99
958 512
408 316
109 983
788 829
1089 88
481 10
921 579
27 719
915 935
133 765
82 12
1004 386
340 802
451 427
629 433
333 998
762 97
698 286
757 778
21 711
408 992
687 570
979 446
456 682
182 565
967 940
92 269
888 619
154 162
421 455
597 492
1056 634
20 662
