1036 3766
94 485
506 326
416 248
992 421
649 322
237 795
457 43
815 845
446 955
422 252
791 9
359 901
667 122
598 94
7 738
544 574
334 715
766 882
994 367
893 984
633 299
131 433
428 682
700 72
617 874
874 138
720 856
419 145
794 995
196 529
997 199
116 277
908 97
539 719
707 242
569 107
537 122
931 70
726 98
487 600
772 645
513 267
81 972
943 895
58 213
303 748
764 487
536 923
724 29
789 674
479 540
142 554
339 467
641 46
196 710
494 553
66 191
824 724
208 730
711 988
800 90
314 340
289 549
401 196
466 865
689 678
833 570
225 936
244 722
849 651
113 123
379 431
361 508
65 585
486 853
686 642
286 992
889 725
24 286
491 812
891 859
90 663
181 88
214 179
17 187
472 619
418 261
419 846
356 192
682 261
306 514
201 886
385 530
952 849
500 294
194 799
737 391
324 330
992 298
224 790
260 275
97 826
210 72
649 866
919 951
63 748
958 685
804 956
518 564
428 183
537 400
346 721
153 207
971 323
662 611
197 116
91 109
529 795
126 343
747 862
469 685
770 10
934 881
723 984
895 403
568 360
172 449
958 541
383 272
308 877
970 359
583 707
48 308
930 770
569 30
3 208
20 311
609 100
887 939
825 422
930 785
904 370
241 989
379 969
376 143
962 972
889 28
443 61
216 638
338 348
160 347
406 66
159 391
31 638
204 295
420 826
153 196
425 449
331 855
565 143
838 487
9 140
918 564
533 615
232 135
957 564
591 360
576 793
746 163
377 859
858 760
86 711
434 662
558 159
279 660
840 268
735 948
574 315
126 676
912 341
739 689
821 894
625 706
917 490
201 478
993 671
149 932
52 899
759 237
267 187
256 472
783 772
117 98
516 906
180 911
25 635
380 225
712 823
266 164
216 343
448 732
541 502
664 740
954 576
726 612
772 902
531 454
943 411
750 973
327 703
917 850
5 77
113 220
913 802
791 403
998 181
859 10
345 525
431 919
675 668
833 527
438 462
523 291
916 605
420 457
115 405
660 417
261 279
772 685
388 596
764 307
843 224
206 322
407 840
639 975
852 401
542 91
60 327
757 330
82 182
637 603
93 793
614 615
136 733
187 864
102 16
972 863
163 987
501 306
477 34
492 840
121 700
80 706
138 787
660 105
229 834
827 798
448 310
230 609
832 690
489 561
586 579
291 60
665 388
660 309
702 407
153 200
606 313
123 970
253 33
709 273
832 277
108 997
888 40
481 227
283 860
858 940
284 608
711 990
850 590
239 806
943 52
195 801
95 764
410 710
664 386
900 593
112 50
963 494
754 156
458 936
19 965
225 86
569 723
97 184
194 868
754 340
602 412
61 487
695 209
347 346
719 860
100 307
97 95
843 821
745 941
286 821
492 587
116 201
531 665
424 527
253 812
426 424
413 459
980 343
291 836
833 506
486 179
9 916
575 430
922 596
145 808
897 269
404 512
742 811
728 685
269 567
103 776
745 855
35 718
779 853
71 97
80 146
842 746
128 15
941 965
227 512
30 480
342 958
605 665
531 191
364 964
359 515
867 606
820 822
313 536
207 693
911 19
308 335
430 101
685 922
641 294
113 910
141 410
690 250
700 546
559 729
481 609
503 720
766 976
7 759
882 798
859 74
182 648
425 299
542 785
683 846
853 390
938 897
89 416
624 837
181 247
878 293
933 144
580 938
252 467
207 480
658 955
20 665
954 26
347 564
759 449
446 26
14 521
657 301
710 321
980 613
188 388
636 879
203 990
432 188
129 963
630 820
509 300
237 822
373 255
838 277
395 153
692 400
103 227
218 518
384 447
931 315
396 813
389 324
640 502
287 299
297 780
977 376
512 516
219 212
555 329
398 810
289 486
798 485
598 416
49 952
572 894
697 358
770 21
725 647
542 44
214 683
887 361
45 814
94 231
282 8
82 165
319 496
626 699
146 852
541 459
874 535
725 314
777 944
554 306
208 459
787 637
976 447
912 408
444 107
3 962
301 565
164 407
437 857
652 317
764 98
41 818
737 600
176 288
136 902
128 567
394 190
235 749
42 908
824 276
684 748
979 592
568 393
367 363
52 163
642 983
335 179
126 16
130 478
583 259
129 868
752 295
167 596
856 71
640 622
770 864
431 644
195 5
448 365
701 429
952 64
880 854
168 770
79 88
961 157
472 368
217 421
709 719
147 271
296 975
909 816
764 962
251 535
878 438
753 696
570 881
253 318
666 45
931 52
433 496
810 313
678 138
123 334
212 988
152 684
131 405
200 283
721 605
626 388
686 363
67 363
760 406
864 802
686 596
653 785
846 517
51 220
477 559
22 743
748 820
493 141
514 77
91 929
100 712
74 353
740 697
530 903
803 475
603 14
987 872
136 510
324 17
722 977
406 566
790 532
352 973
124 344
553 798
553 812
642 585
5 153
313 465
382 299
304 200
860 896
939 273
478 675
61 925
428 675
306 267
240 634
628 111
720 181
925 482
398 850
855 280
138 725
206 978
855 700
185 256
828 521
987 83
640 497
153 738
423 934
550 549
329 392
233 329
157 232
909 782
594 966
136 833
735 746
731 913
204 487
175 146
383 42
899 30
256 215
866 48
693 745
528 384
120 701
792 238
581 179
190 411
825 524
667 422
607 239
375 124
386 586
367 73
524 169
241 204
60 235
747 821
864 181
610 843
57 43
275 229
192 537
469 662
279 460
646 696
702 24
68 440
86 578
776 701
50 958
484 66
105 956
390 800
804 33
292 393
261 775
27 578
335 243
493 570
458 345
198 699
426 257
964 293
845 729
752 579
862 416
515 681
240 306
696 382
676 87
414 162
889 82
886 603
567 82
470 980
77 427
553 802
500 497
879 795
645 536
709 506
651 918
546 615
804 433
917 976
881 69
782 202
720 733
272 601
565 48
248 488
30 44
772 918
239 364
327 232
671 585
496 73
108 690
75 532
597 954
918 205
455 927
793 492
140 647
444 89
694 369
55 737
736 595
520 760
84 739
209 354
373 860
553 684
758 275
938 774
697 727
336 105
105 519
173 78
35 720
829 117
951 859
316 407
768 299
218 601
630 674
597 901
136 494
979 876
709 340
154 107
306 461
677 879
578 341
272 537
288 443
748 401
3 45
159 574
324 19
651 39
324 977
895 927
368 530
983 926
434 96
126 521
622 900
789 348
616 689
943 238
704 538
715 482
484 328
459 180
319 610
533 306
24 382
187 738
161 604
499 453
884 32
909 226
894 301
20 587
310 464
280 746
856 563
554 187
726 261
985 635
495 431
841 656
837 803
561 533
747 971
135 683
148 626
372 354
679 694
707 645
86 619
232 45
259 262
398 129
47 863
32 460
314 477
339 317
69 222
122 893
359 585
185 767
821 597
103 238
50 215
757 99
718 846
53 80
199 234
957 980
129 219
718 671
826 396
756 664
546 22
733 711
44 47
935 555
308 80
821 675
475 787
309 668
152 182
76 33
857 811
413 195
326 935
415 457
397 685
698 424
377 304
342 418
126 248
348 145
797 294
245 876
695 902
430 14
742 579
32 229
566 213
416 703
58 345
377 331
659 936
356 414
86 817
460 171
32 818
191 827
254 318
497 225
849 196
627 730
56 395
272 204
239 190
4 979
288 308
695 865
242 780
342 893
876 745
426 747
860 966
536 172
659 60
200 667
873 889
646 490
88 392
663 579
699 407
673 392
465 613
256 404
785 733
264 493
765 531
468 821
994 245
269 712
50 611
964 267
928 723
680 576
62 452
955 549
463 882
655 264
395 656
732 412
938 223
24 740
359 984
198 515
995 219
303 336
731 770
21 343
370 422
102 930
429 437
549 771
67 931
788 107
345 898
597 932
164 253
891 685
628 983
733 65
676 602
811 651
881 394
62 837
847 641
87 261
545 765
73 815
341 744
802 157
169 208
366 799
898 388
756 110
989 892
668 380
151 685
423 185
723 416
328 189
170 393
982 379
165 265
425 866
126 692
422 639
730 580
996 628
289 494
995 292
744 703
124 594
804 476
576 529
319 743
331 253
416 28
758 200
716 897
494 878
648 193
137 160
888 189
542 347
178 455
174 628
651 868
363 85
622 86
959 53
386 327
182 291
278 147
311 968
641 59
354 480
534 97
636 794
482 604
489 678
61 136
368 576
518 563
886 939
82 546
458 363
921 763
136 244
782 163
590 939
32 145
884 319
733 656
244 329
658 365
500 31
189 867
678 486
586 303
237 80
432 473
633 931
800 150
359 622
774 881
847 501
444 730
351 656
447 732
69 25
79 611
220 599
35 604
62 803
528 713
868 259
763 114
757 692
780 253
224 754
916 669
4 948
528 993
674 904
926 99
821 401
69 577
119 529
941 845
424 12
142 635
574 456
610 115
863 132
287 264
890 844
201 61
116 693
186 549
915 931
502 578
662 855
893 823
674 620
646 983
10 201
250 304
500 328
176 399
629 804
938 235
435 81
117 50
374 633
646 575
32 887
141 245
522 963
496 29
66 877
21 54
970 844
747 918
182 517
303 852
425 532
40 712
511 606
796 540
800 394
856 657
624 163
107 346
316 844
693 902
249 128
228 600
546 196
67 597
45 348
838 440
758 893
230 866
804 392
697 93
609 559
240 182
85 355
429 73
902 591
881 355
795 12
191 933
4 514
937 373
887 861
577 916
665 632
531 14
4 181
746 155
741 31
37 851
683 222
415 829
508 537
902 421
667 973
114 253
337 729
558 949
123 23
505 770
506 9
704 219
403 645
876 562
862 710
299 681
9 731
529 65
209 590
676 355
789 761
737 182
97 47
610 78
496 619
410 524
990 495
598 223
347 609
181 174
985 452
56 553
665 526
629 57
481 399
114 60
518 935
661 147
619 476
523 520
779 383
195 678
479 72
249 63
979 802
877 500
216 443
427 937
653 573
346 112
683 64
652 607
634 185
54 395
434 601
67 534
737 210
387 77
128 5
205 632
98 561
839 441
852 614
449 308
768 34
789 314
3 109
968 645
359 285
864 862
768 140
854 37
701 575
42 89
252 957
706 494
289 48
987 751
567 132
815 260
974 652
507 828
438 921
667 189
547 28
164 774
923 190
541 85
647 575
366 704
177 849
597 786
20 949
919 114
197 862
269 866
194 567
543 377
23 968
583 613
878 800
293 453
945 585
959 768
31 194
219 43
742 584
34 530
610 261
563 532
125 208
368 109
530 452
818 110
6 209
120 176
72 845
955 896
30 286
597 803
16 843
423 938
59 26
709 548
488 511
567 554
408 37
880 815
302 429
518 143
550 951
836 913
191 743
169 223
142 727
292 796
53 176
480 90
488 117
796 111
646 528
454 276
367 224
389 858
938 774
344 125
455 239
273 787
781 26
41 774
685 679
223 224
521 958
614 281
706 282
810 912
209 592
955 697
645 683
358 924
423 346
584 761
994 807
147 243
610 51
256 259
279 40
72 373
781 832
115 375
448 761
910 701
751 317
607 229
836 188
599 37
707 32
294 450
860 893
58 988
534 392
780 399
24 615
839 181
88 62
107 296
819 949
913 963
214 229
912 523
483 811
327 587
355 728
410 812
714 618
932 882
586 410
803 736
737 592
648 47
286 937
709 871
677 327
125 507
920 986
304 209
626 239
922 868
460 56
271 876
59 359
648 7
733 431
99 233
395 412
109 81
554 35
294 919
606 916
66 733
175 905
686 654
359 48
402 24
30 942
480 945
81 786
22 402
683 465
552 289
475 452
930 908
336 385
942 503
124 885
387 825
109 72
58 370
760 213
968 77
503 436
498 480
777 347
309 459
801 184
789 579
295 618
351 681
408 381
982 788
757 795
905 854
171 745
24 847
197 27
100 718
893 88
991 348
307 979
945 39
244 389
345 666
457 813
452 199
943 98
340 403
713 16
855 429
737 261
914 377
782 351
699 148
707 302
308 707
333 282
455 124
196 802
596 5
522 690
916 327
876 507
137 864
160 523
181 317
577 443
306 561
348 341
597 275
839 707
443 35
668 535
451 186
965 159
912 198
744 513
667 617
790 688
657 671
496 253
132 742
32 663
467 664
993 763
349 317
347 411
784 886
230 519
802 371
205 792
429 449
345 542
974 760
912 359
171 107
13 550
380 277
452 647
84 931
646 591
148 343
785 386
175 219
461 99
521 954
710 902
688 38
456 635
584 412
149 90
111 65
916 708
918 380
531 56
92 311
698 972
381 112
857 86
836 620
35 112
234 838
411 510
222 51
817 497
902 241
959 690
392 78
912 548
784 490
484 422
713 445
14 323
325 786
734 240
561 732
654 506
445 99
192 656
242 655
659 480
623 797
535 638
334 957
93 212
34 100
511 213
36 715
143 475
248 487
139 947
416 284
223 879
111 434
371 887
720 523
172 783
262 212
624 499
307 863
727 11
159 479
345 669
913 647
454 349
78 745
124 207
605 570
656 7
820 203
720 240
891 403
847 17
278 95
574 761
795 96
156 857
85 226
125 149
189 396
260 436
559 630
368 622
285 558
390 662
171 374
490 436
50 383
694 351
388 731
161 658
326 703
159 726
329 914
535 949
417 353
661 679
806 581
512 865
942 638
73 959
164 477
580 781
733 203
896 27
553 633
598 251
105 752
822 540
609 580
362 954
580 601
860 252
417 795
383 462
485 507
93 890
610 580
102 292
856 576
304 773
832 234
510 310
286 923
391 240
420 792
30 721
795 589
381 310
644 502
521 235
690 925
692 206
12 559
547 818
336 734
838 775
398 227
586 278
298 989
98 611
907 319
572 53
299 169
280 293
846 790
432 194
245 702
152 510
516 209
307 587
854 625
589 486
436 251
268 606
744 742
503 793
190 715
71 813
600 442
100 115
813 700
557 809
312 889
367 919
728 165
107 765
765 94
344 828
363 313
967 39
27 737
480 902
465 669
841 616
245 444
819 217
