928 3244
585 485
194 94
426 326
606 506
348 248
516 416
521 421
1092 992
422 322
749 649
895 795
337 237
143 43
557 457
945 845
915 815
1055 955
546 446
352 252
522 422
109 9
891 791
1001 901
459 359
222 122
767 667
194 94
698 598
838 738
107 7
674 574
644 544
815 715
434 334
982 882
866 766
467 367
1094 994
1084 984
993 893
399 299
733 633
533 433
231 131
782 682
528 428
172 72
800 700
974 874
717 617
238 138
974 874
956 856
820 720
245 145
519 419
1095 995
894 794
629 529
296 196
299 199
1097 997
377 277
216 116
197 97
1008 908
819 719
639 539
342 242
807 707
207 107
669 569
222 122
637 537
170 70
1031 931
198 98
826 726
700 600
587 487
745 645
872 772
367 267
613 513
1072 972
181 81
995 895
1043 943
313 213
158 58
848 748
403 303
587 487
864 764
1023 923
636 536
129 29
824 724
774 674
889 789
640 540
579 479
654 554
242 142
567 467
439 339
146 46
741 641
810 710
296 196
653 553
594 494
291 191
166 66
824 724
924 824
830 730
308 208
1088 988
811 711
190 90
900 800
440 340
414 314
649 549
389 289
296 196
501 401
965 865
566 466
778 678
789 689
670 570
933 833
1036 936
325 225
822 722
344 244
751 651
949 849
223 123
213 113
531 431
479 379
608 508
461 361
685 585
165 65
953 853
586 486
742 642
786 686
1092 992
386 286
825 725
989 889
386 286
124 24
912 812
591 491
959 859
991 891
763 663
190 90
188 88
281 181
279 179
314 214
287 187
117 17
719 619
572 472
361 261
518 418
946 846
519 419
292 192
456 356
361 261
782 682
614 514
406 306
986 886
301 201
630 530
485 385
949 849
1052 952
394 294
600 500
899 799
294 194
491 391
837 737
430 330
424 324
398 298
1092 992
890 790
324 224
375 275
360 260
926 826
197 97
172 72
310 210
966 866
749 649
1051 951
1019 919
848 748
163 63
785 685
1058 958
1056 956
904 804
664 564
618 518
283 183
528 428
500 400
637 537
821 721
446 346
307 207
253 153
423 323
1071 971
711 611
762 662
216 116
297 197
209 109
191 91
895 795
629 529
443 343
226 126
962 862
847 747
785 685
569 469
110 10
870 770
981 881
1034 934
1084 984
823 723
503 403
995 895
460 360
668 568
549 449
272 172
641 541
1058 958
372 272
483 383
977 877
408 308
459 359
1070 970
807 707
683 583
408 308
148 48
870 770
1030 930
130 30
669 569
308 208
103 3
411 311
120 20
200 100
709 609
1039 939
987 887
522 422
925 825
885 785
1030 930
470 370
1004 904
1089 989
341 241
1069 969
479 379
243 143
476 376
1072 972
1062 962
128 28
989 889
161 61
543 443
738 638
316 216
448 348
438 338
447 347
260 160
166 66
506 406
491 391
259 159
738 638
131 31
395 295
304 204
926 826
520 420
296 196
253 153
549 449
525 425
955 855
431 331
243 143
665 565
587 487
938 838
240 140
109 9
664 564
1018 918
715 615
633 533
235 135
332 232
664 564
1057 957
460 360
691 591
893 793
676 576
263 163
846 746
959 859
477 377
860 760
958 858
811 711
186 86
762 662
534 434
259 159
658 558
760 660
379 279
368 268
940 840
1048 948
835 735
415 315
674 574
776 676
226 126
441 341
1012 912
789 689
839 739
994 894
921 821
806 706
725 625
590 490
1017 917
578 478
301 201
771 671
1093 993
1032 932
249 149
999 899
152 52
337 237
859 759
287 187
367 267
572 472
356 256
872 772
883 783
198 98
217 117
1006 906
616 516
1011 911
280 180
735 635
125 25
325 225
480 380
923 823
812 712
264 164
366 266
443 343
316 216
832 732
548 448
602 502
641 541
840 740
764 664
676 576
1054 954
712 612
826 726
1002 902
872 772
554 454
631 531
511 411
1043 943
1073 973
850 750
803 703
427 327
950 850
1017 917
177 77
105 5
320 220
213 113
902 802
1013 913
503 403
891 791
281 181
1098 998
110 10
959 859
625 525
445 345
1019 919
531 431
768 668
775 675
627 527
933 833
562 462
538 438
391 291
623 523
705 605
1016 916
557 457
520 420
505 405
215 115
517 417
760 660
379 279
361 261
785 685
872 772
696 596
488 388
407 307
864 764
324 224
943 843
422 322
306 206
940 840
507 407
1075 975
739 639
501 401
952 852
191 91
642 542
427 327
160 60
430 330
857 757
282 182
182 82
703 603
737 637
893 793
193 93
715 615
714 614
833 733
236 136
964 864
287 187
116 16
202 102
963 863
1072 972
1087 987
263 163
406 306
601 501
134 34
577 477
940 840
592 492
800 700
221 121
806 706
180 80
887 787
238 138
205 105
760 660
934 834
329 229
898 798
927 827
410 310
548 448
709 609
330 230
790 690
932 832
661 561
589 489
679 579
686 586
160 60
391 291
488 388
765 665
409 309
760 660
507 407
802 702
300 200
253 153
413 313
706 606
1070 970
223 123
133 33
353 253
373 273
809 709
377 277
932 832
1097 997
208 108
140 40
988 888
327 227
581 481
960 860
383 283
1040 940
958 858
708 608
384 284
1090 990
811 711
690 590
950 850
906 806
339 239
152 52
1043 943
901 801
295 195
864 764
195 95
810 710
510 410
486 386
764 664
693 593
1000 900
150 50
212 112
594 494
1063 963
256 156
854 754
1036 936
558 458
1065 965
119 19
186 86
325 225
823 723
669 569
284 184
197 97
968 868
294 194
440 340
854 754
512 412
702 602
587 487
161 61
309 209
795 695
446 346
447 347
960 860
819 719
407 307
200 100
195 95
197 97
921 821
943 843
1041 941
845 745
921 821
386 286
687 587
592 492
301 201
216 116
765 665
631 531
627 527
524 424
912 812
353 253
524 424
526 426
559 459
513 413
443 343
1080 980
936 836
391 291
606 506
933 833
279 179
586 486
1016 916
109 9
530 430
675 575
696 596
1022 922
908 808
245 145
369 269
997 897
612 512
504 404
911 811
842 742
785 685
828 728
667 567
369 269
876 776
203 103
955 855
845 745
818 718
135 35
953 853
879 779
197 97
171 71
246 146
180 80
846 746
942 842
115 15
228 128
1065 965
1041 941
612 512
327 227
580 480
130 30
1058 958
442 342
765 665
705 605
291 191
631 531
1064 964
464 364
615 515
459 359
706 606
967 867
922 822
920 820
636 536
413 313
793 693
307 207
119 19
1011 911
435 335
408 308
201 101
530 430
1022 922
785 685
394 294
741 641
1010 910
213 113
510 410
241 141
350 250
790 690
646 546
800 700
829 729
659 559
709 609
581 481
820 720
603 503
1076 976
866 766
859 759
107 7
898 798
982 882
174 74
959 859
748 648
282 182
399 299
525 425
885 785
642 542
946 846
783 683
490 390
953 853
997 897
1038 938
516 416
189 89
937 837
724 624
347 247
281 181
393 293
978 878
244 144
1033 933
1038 938
680 580
567 467
352 252
580 480
307 207
1055 955
758 658
765 665
120 20
126 26
1054 954
664 564
447 347
549 449
859 759
126 26
546 446
621 521
114 14
401 301
757 657
421 321
810 710
713 613
1080 980
488 388
288 188
979 879
736 636
1090 990
303 203
288 188
532 432
1063 963
229 129
920 820
730 630
400 300
609 509
922 822
337 237
355 255
473 373
377 277
938 838
253 153
495 395
500 400
792 692
327 227
203 103
618 518
318 218
547 447
484 384
415 315
1031 931
913 813
496 396
424 324
489 389
602 502
740 640
399 299
387 287
880 780
397 297
476 376
1077 977
616 516
612 512
312 212
319 219
429 329
655 555
910 810
498 398
586 486
389 289
585 485
898 798
516 416
698 598
1052 952
149 49
994 894
672 572
458 358
797 697
121 21
870 770
747 647
825 725
144 44
642 542
783 683
314 214
461 361
987 887
914 814
145 45
331 231
194 94
108 8
382 282
265 165
182 82
596 496
419 319
799 699
726 626
952 852
246 146
559 459
641 541
635 535
974 874
414 314
825 725
1044 944
877 777
406 306
654 554
559 459
308 208
737 637
887 787
547 447
1076 976
508 408
1012 912
207 107
544 444
1062 962
103 3
665 565
401 301
507 407
264 164
957 857
537 437
417 317
752 652
198 98
864 764
918 818
141 41
700 600
837 737
388 288
276 176
1002 902
236 136
667 567
228 128
290 190
494 394
849 749
335 235
1008 908
142 42
376 276
924 824
848 748
784 684
692 592
1079 979
493 393
668 568
463 363
467 367
263 163
152 52
1083 983
742 642
279 179
435 335
116 16
226 126
578 478
230 130
359 259
683 583
968 868
229 129
395 295
852 752
696 596
267 167
171 71
956 856
722 622
740 640
964 864
870 770
744 644
531 431
105 5
295 195
465 365
548 448
529 429
801 701
164 64
1052 952
954 854
980 880
870 770
268 168
188 88
179 79
257 157
1061 961
468 368
572 472
521 421
317 217
819 719
809 709
371 271
247 147
1075 975
396 296
916 816
1009 909
1062 962
864 764
635 535
351 251
538 438
978 878
796 696
853 753
981 881
670 570
418 318
353 253
145 45
766 666
152 52
1031 931
596 496
533 433
413 313
910 810
238 138
778 678
434 334
223 123
1088 988
312 212
608 508
166 66
870 770
306 206
851 751
850 750
880 780
164 64
541 441
566 466
307 207
437 337
616 516
610 510
774 674
896 796
508 408
275 175
1020 920
537 437
673 573
1038 938
734 634
948 848
978 878
661 561
1090 990
818 718
926 826
1048 948
796 696
749 649
900 800
669 569
511 411
763 663
522 422
682 582
807 707
943 843
434 334
302 202
1086 986
802 702
594 494
679 579
250 150
825 725
662 562
903 803
480 380
440 340
932 832
256 156
1079 979
932 832
476 376
702 602
611 511
334 234
514 414
788 688
260 160
284 184
1082 982
1078 978
338 238
513 413
590 490
733 633
999 899
685 585
351 251
706 606
626 526
1063 963
997 897
450 350
139 39
342 242
757 657
639 539
552 452
839 739
638 538
367 267
931 831
265 165
560 460
277 177
285 185
820 720
1034 934
902 802
540 440
744 644
590 490
182 82
268 168
898 798
171 71
297 197
1077 977
273 173
558 458
181 81
304 204
335 235
903 803
212 112
239 139
203 103
499 399
368 268
520 420
979 879
1091 991
743 643
678 578
206 106
1072 972
222 122
277 177
544 444
498 398
362 262
448 348
791 691
596 496
1097 997
376 276
546 446
925 825
271 171
714 614
649 549
221 121
381 281
830 730
311 211
441 341
212 112
384 284
508 408
798 698
830 730
117 17
463 363
646 546
189 89
772 672
705 605
1074 974
1038 938
966 866
268 168
477 377
805 705
659 559
147 47
440 340
500 400
627 527
315 215
879 779
214 114
861 761
151 51
583 483
981 881
192 92
649 549
490 390
779 679
683 583
428 328
761 661
350 250
491 391
303 203
436 336
581 481
761 661
852 752
225 125
807 707
189 89
182 82
375 275
163 63
459 359
760 660
278 178
121 21
880 780
387 287
142 42
319 219
105 5
600 500
480 380
920 820
872 772
195 95
916 816
144 44
109 9
848 748
584 484
778 678
645 545
376 276
689 589
578 478
257 157
763 663
1001 901
694 594
877 777
857 757
174 74
1047 947
347 247
548 448
155 55
670 570
579 479
413 313
885 785
1081 981
1058 958
895 795
780 680
652 552
493 393
489 389
1044 944
380 280
696 596
964 864
719 619
736 636
711 611
612 512
952 852
992 892
383 283
284 184
399 299
1047 947
866 766
714 614
412 312
725 625
926 826
249 149
826 726
477 377
833 733
574 474
905 805
118 18
779 679
762 662
503 403
516 416
1064 964
101 1
437 337
630 530
641 541
852 752
578 478
122 22
469 369
1081 981
1046 946
877 777
921 821
1057 957
933 833
375 275
937 837
684 584
590 490
682 582
137 37
221 121
694 594
1051 951
229 129
768 668
358 258
218 118
346 246
419 319
462 362
996 896
855 755
621 521
604 504
1048 948
171 71
348 248
277 177
574 474
276 176
451 351
903 803
154 54
337 237
255 155
777 677
760 660
133 33
971 871
215 115
586 486
697 597
394 294
869 769
525 425
636 536
345 245
1056 956
482 382
441 341
471 371
284 184
808 708
334 234
644 544
669 569
894 794
316 216
487 387
637 537
838 738
184 84
620 520
910 810
381 281
757 657
602 502
133 33
191 91
259 159
603 503
620 520
1024 924
768 668
116 16
387 287
133 33
329 229
444 344
474 374
449 349
574 474
706 606
772 672
996 896
1015 915
695 595
611 511
541 441
223 123
202 102
669 569
152 52
299 199
754 654
496 396
810 710
815 715
534 434
159 59
345 245
710 610
136 36
1017 917
761 661
1027 927
513 413
370 270
113 13
217 117
470 370
616 516
500 400
315 215
295 195
316 216
1084 984
337 237
576 476
715 615
264 164
599 499
505 405
577 477
774 674
860 760
296 196
385 285
708 608
156 56
1007 907
1066 966
632 532
722 622
151 51
321 221
816 716
294 194
427 327
191 91
980 880
447 347
810 710
352 252
367 267
573 473
500 400
616 516
476 376
485 385
709 609
457 357
420 320
1058 958
296 196
765 665
638 538
892 792
1035 935
164 64
504 404
520 420
200 100
771 671
226 126
1068 968
955 855
977 877
194 94
277 177
831 731
623 523
353 253
239 139
108 8
252 152
493 393
832 732
643 543
346 246
448 348
665 565
418 318
840 740
589 489
1002 902
122 22
117 17
1098 998
1073 973
149 49
398 298
481 381
711 611
110 10
132 32
529 429
111 11
321 221
437 337
250 150
236 136
817 717
989 889
630 530
622 522
432 332
905 805
1042 942
128 28
665 565
1031 931
316 216
857 757
161 61
709 609
270 170
644 544
972 872
1005 905
744 644
695 595
308 208
346 246
780 680
213 113
797 697
275 175
739 639
256 156
779 679
344 244
1061 961
983 883
461 361
365 265
902 802
983 883
459 359
562 462
939 839
585 485
818 718
372 272
380 280
304 204
352 252
1084 984
380 280
509 409
202 102
498 398
715 615
1009 909
396 296
470 370
581 481
982 882
1056 956
314 214
330 230
866 766
359 259
135 35
1022 922
521 421
806 706
371 271
372 272
470 370
256 156
948 848
652 552
150 50
585 485
1076 976
636 536
370 270
170 70
896 796
1002 902
1063 963
552 452
479 379
135 35
1091 991
1047 947
651 551
478 378
997 897
157 57
407 307
452 352
521 421
769 669
174 74
802 702
488 388
241 141
659 559
558 458
1080 980
563 463
715 615
856 756
781 681
987 887
331 231
432 332
307 207
628 528
918 818
756 656
431 331
354 254
1079 979
887 787
545 445
595 495
448 348
470 370
824 724
110 10
501 401
300 200
746 646
427 327
768 668
117 17
342 242
474 374
402 302
855 755
961 861
1080 980
930 830
476 376
177 77
108 8
541 441
132 32
689 589
560 460
1090 990
904 804
289 189
123 23
968 868
969 869
1096 996
1043 943
463 363
815 715
337 237
728 628
520 420
173 73
665 565
299 199
314 214
138 38
433 333
309 209
826 726
427 327
275 175
1012 912
158 58
899 799
725 625
472 372
166 66
1076 976
269 169
220 120
575 475
767 667
304 204
288 188
190 90
128 28
596 496
804 704
101 1
749 649
574 474
846 746
549 449
797 697
352 252
812 712
432 332
389 289
387 287
725 625
289 189
1053 953
989 889
562 462
163 63
402 302
478 378
179 79
306 206
141 41
997 897
923 823
330 230
1008 908
482 382
765 665
675 575
136 36
160 60
832 732
629 529
909 809
577 477
166 66
390 290
391 291
189 89
691 591
1061 961
683 583
561 461
352 252
802 702
579 479
632 532
630 530
780 680
324 224
153 53
888 788
742 642
409 309
1100 1000
466 366
991 891
452 352
922 822
502 402
252 152
645 545
424 324
213 113
733 633
1067 967
367 267
554 454
481 381
823 723
372 272
114 14
606 506
120 20
519 419
408 308
561 461
744 644
626 526
813 713
1078 978
582 482
568 468
436 336
829 729
389 289
895 795
596 496
681 581
426 326
483 383
630 530
326 226
267 167
521 421
622 522
486 386
930 830
373 273
191 91
584 484
216 116
776 676
847 747
207 107
495 395
329 229
1058 958
1002 902
856 756
1062 962
362 262
205 105
803 703
184 84
611 511
1091 991
581 481
801 701
549 449
789 689
988 888
755 655
699 599
700 600
406 306
638 538
592 492
599 499
903 803
981 881
545 445
1081 981
416 316
573 473
989 889
483 383
885 785
779 679
865 765
673 573
591 491
689 589
689 589
580 480
224 124
245 145
841 741
724 624
998 898
1023 923
825 725
1015 915
782 682
332 232
231 131
1074 974
498 398
835 735
1006 906
778 678
853 753
740 640
412 312
744 644
890 790
312 212
401 301
223 123
1045 945
353 253
547 447
1043 943
297 197
118 18
127 27
1016 916
673 573
427 327
689 589
740 640
1034 934
715 615
309 209
570 470
629 529
755 655
999 899
388 288
115 15
501 401
692 592
940 840
192 92
733 633
675 575
807 707
914 814
524 424
454 354
782 682
227 127
294 194
474 374
955 855
666 566
290 190
694 594
828 728
1073 973
278 178
745 645
375 275
703 603
188 88
812 712
467 367
132 32
644 544
398 298
838 738
661 561
1063 963
1006 906
560 460
726 626
366 266
243 143
827 727
604 504
133 33
936 836
542 442
461 361
728 628
531 431
484 384
654 554
344 244
124 24
582 482
516 416
865 765
835 735
546 446
343 243
347 247
554 454
1013 913
1032 932
660 560
594 494
628 528
748 648
694 594
457 357
1035 935
696 596
562 462
888 788
721 621
636 536
760 660
859 759
664 564
300 200
402 302
666 566
1036 936
841 741
692 592
317 217
824 724
319 219
218 118
932 832
399 299
919 819
351 251
587 487
229 129
573 473
196 96
341 241
267 167
164 64
269 169
616 516
481 381
957 857
1076 976
318 218
867 767
590 490
937 837
604 504
507 407
807 707
303 203
442 342
487 387
575 475
835 735
275 175
806 706
886 786
435 335
271 171
140 40
332 232
921 821
988 888
231 131
966 866
259 159
1076 976
1078 978
353 253
153 53
719 619
949 849
742 642
578 478
560 460
119 19
318 218
330 230
318 218
553 453
767 667
436 336
1049 949
1031 931
189 89
688 588
588 488
549 449
668 568
666 566
626 526
354 945
276 539
401 58
851 189
945 375
208 136
631 831
538 452
428 302
682 705
564 470
252 260
290 949
420 459
513 499
318 763
712 892
719 943
956 856
470 190
252 75
818 15
987 431
827 393
511 535
750 873
648 433
1047 257
132 666
686 118
341 200
370 79
151 191
238 841
1041 934
895 515
816 339
826 967
513 340
153 957
137 369
460 930
729 654
800 578
416 217
120 189
664 640
226 3
123 126
917 637
150 745
1045 33
916 540
433 868
1067 184
627 12
808 495
1018 226
243 93
1046 776
983 876
171 460
977 800
991 169
1059 885
320 529
649 277
212 185
961 676
691 395
281 313
237 776
877 404
796 890
198 369
905 430
1059 426
111 645
460 290
234 747
466 818
320 195
786 590
452 923
552 437
629 710
280 491
639 597
438 291
258 419
1063 899
960 689
116 107
465 141
792 1000
124 685
721 162
1096 693
493 761
670 388
285 399
988 726
372 471
125 234
862 486
199 244
364 981
533 203
555 853
506 39
454 71
827 685
541 652
749 765
335 246
1062 598
424 925
258 349
799 996
579 95
681 396
238 150
424 294
158 536
948 186
202 539
212 27
513 497
523 724
176 36
496 288
535 502
156 593
548 531
457 864
121 127
1051 96
825 158
438 299
852 738
194 355
934 462
286 754
768 637
188 158
489 407
900 72
774 647
199 204
411 247
102 924
781 928
339 452
956 412
383 500
213 89
629 269
111 964
387 827
535 789
1020 25
511 763
559 859
1014 321
744 375
980 471
678 594
162 924
843 447
553 25
915 509
840 10
939 62
131 883
469 262
1056 573
1046 514
813 416
1048 716
852 375
135 616
914 409
159 556
322 407
560 951
114 142
922 31
985 704
332 784
167 586
903 799
1054 687
365 852
504 642
550 50
626 6
364 865
485 148
1043 872
891 17
942 34
328 186
851 571
175 426
766 474
1091 813
106 372
603 847
881 460
843 892
317 876
1045 229
784 987
230 468
710 342
342 48
295 407
621 880
634 530
1048 202
202 496
224 606
781 980
753 23
955 352
262 127
418 385
216 266
626 686
406 461
1005 64
1039 290
509 320
727 928
585 171
564 502
354 700
881 97
266 927
791 734
249 154
919 666
858 709
1005 366
247 224
754 748
262 422
406 514
677 594
183 940
664 294
517 265
153 486
359 752
440 743
1063 19
319 724
697 132
495 82
419 663
732 795
678 331
147 860
742 713
462 173
927 669
374 656
1076 937
224 577
587 29
207 479
430 556
310 109
455 328
175 157
483 616
341 615
721 919
628 208
897 501
331 931
1026 22
911 866
917 439
403 820
516 218
283 200
525 527
635 86
725 828
1095 481
630 514
1051 751
1061 221
898 302
727 558
181 478
480 725
489 512
497 79
295 917
624 850
256 260
1000 118
691 954
190 182
936 766
936 733
922 322
1076 221
788 779
147 290
523 822
1007 939
360 136
450 304
816 853
1019 558
1055 577
153 644
283 953
567 426
698 766
695 708
265 161
1081 406
758 191
592 945
395 766
1097 119
169 494
754 354
187 41
677 732
904 933
807 783
607 562
437 494
484 655
416 364
932 727
774 257
371 580
782 767
430 894
232 431
816 893
739 806
611 130
265 58
960 472
328 123
980 736
216 196
193 289
611 670
657 510
566 228
410 732
865 200
957 246
570 922
513 111
416 822
589 887
827 963
511 346
670 249
1024 238
207 300
513 526
754 768
248 797
1079 851
769 90
420 929
164 452
276 558
842 349
279 136
807 511
953 14
430 895
1001 377
1086 634
206 82
966 669
843 831
738 72
856 989
720 834
1076 897
986 923
1093 667
893 638
806 418
1056 881
961 804
225 708
340 476
298 852
478 484
857 747
849 898
766 178
1031 921
526 772
531 220
288 824
422 387
247 181
145 29
740 875
233 669
1017 284
623 972
109 461
591 383
1065 443
389 398
699 688
262 817
165 402
1098 78
857 153
251 231
1080 346
256 609
964 934
460 131
406 678
1055 510
107 431
300 371
104 570
629 907
674 367
988 721
677 449
149 926
1004 913
441 412
362 828
528 568
318 698
775 637
1026 820
188 63
547 836
1010 400
642 458
570 214
574 310
616 531
434 40
590 67
766 851
845 249
974 554
941 426
941 682
899 826
150 764
256 762
735 248
812 691
1002 463
585 193
872 397
874 493
760 344
608 425
830 927
506 225
894 620
810 647
197 166
767 716
813 784
617 50
296 781
525 425
211 834
606 571
466 370
803 285
813 127
959 728
359 48
745 97
465 640
949 42
468 958
894 858
936 849
806 180
717 424
418 26
237 276
900 853
542 608
413 981
257 362
581 770
419 187
205 535
825 523
581 499
181 462
125 828
763 903
794 553
400 681
994 90
1022 557
329 397
175 254
379 649
280 327
158 580
950 325
1096 961
891 649
933 726
656 184
616 636
125 384
1091 934
728 578
927 487
277 620
621 714
126 589
251 263
679 69
715 689
464 553
448 478
490 993
1054 98
491 683
1049 488
685 42
285 413
439 671
882 152
955 60
187 856
471 805
1039 346
693 336
972 581
338 25
744 737
357 973
155 936
734 455
824 670
472 132
718 969
341 499
224 932
928 504
910 669
494 857
1041 141
576 857
387 62
476 754
982 382
105 779
156 775
706 949
252 387
764 822
1044 761
112 777
463 483
1078 8
124 631
900 264
879 665
396 530
351 308
636 820
594 370
469 398
861 646
979 347
439 862
264 485
927 306
255 727
582 332
324 621
654 801
719 817
335 725
103 183
1098 748
769 428
560 360
918 649
192 82
1009 572
598 564
265 724
468 403
939 515
757 878
519 459
851 230
300 972
1083 148
930 44
627 194
769 995
1078 596
315 991
795 537
600 215
755 260
626 749
598 448
609 278
939 412
319 225
281 912
172 979
165 898
776 331
579 490
999 358
829 646
322 983
806 448
254 808
176 615
386 83
354 891
943 921
167 770
890 909
582 538
971 721
1004 983
992 341
190 885
369 223
1074 317
600 284
190 854
315 649
1050 76
697 561
978 123
543 152
515 786
212 700
145 236
627 34
800 218
912 460
267 758
698 353
351 104
502 720
178 70
724 285
877 647
904 699
631 455
416 982
134 609
867 720
444 560
732 217
746 95
644 808
545 229
929 708
498 51
886 634
190 524
406 794
773 40
682 983
505 646
1035 569
353 51
335 236
991 217
834 188
552 985
717 909
834 519
545 732
118 399
804 224
488 967
553 247
583 971
1062 516
500 976
953 647
173 143
459 432
580 160
251 983
303 379
939 828
113 609
1035 434
847 784
729 16
791 297
474 35
485 378
147 146
169 313
597 582
138 550
929 961
120 229
427 666
1033 221
338 77
684 365
110 94
334 430
575 594
578 473
816 613
433 452
421 174
692 540
352 791
141 413
349 152
744 926
425 775
769 664
865 206
510 34
179 845
1039 818
952 562
599 877
814 189
588 499
152 37
955 69
374 274
558 961
151 860
1072 276
1054 101
542 313
449 344
799 708
328 234
723 137
671 516
293 416
389 345
621 932
289 434
944 601
551 30
237 234
989 399
956 371
700 757
287 335
740 471
1084 780
1062 491
934 190
376 658
665 747
958 375
856 615
913 511
267 67
161 491
989 332
225 246
568 573
555 988
956 121
187 447
400 569
906 336
694 787
930 185
387 307
915 99
225 116
350 640
988 751
1072 535
256 763
231 12
246 244
453 614
162 913
657 615
982 872
768 5
550 746
913 521
1020 283
113 943
825 177
620 279
427 166
294 834
1061 536
297 552
217 888
343 938
1000 438
561 272
844 826
850 114
955 167
850 720
121 732
507 250
845 959
602 26
863 110
846 180
789 532
710 190
1017 365
900 938
198 253
897 145
957 460
430 134
373 307
505 780
325 35
635 332
959 779
798 41
974 135
304 33
481 347
734 757
586 942
847 263
477 743
489 371
571 14
764 615
224 930
968 796
857 823
971 805
325 703
139 967
927 848
189 383
207 314
463 46
487 213
828 660
654 496
835 582
1036 916
583 67
469 138
164 554
812 623
967 193
396 588
754 969
734 701
531 949
302 886
1070 826
134 368
858 517
793 156
611 331
270 448
503 800
830 802
647 16
590 868
800 696
623 449
696 194
383 144
165 456
370 903
309 240
726 393
571 278
549 730
996 326
859 163
648 998
284 449
947 615
253 639
471 84
736 738
347 590
873 37
551 233
634 678
875 308
354 652
299 743
961 524
787 57
295 838
234 521
407 122
693 823
797 994
770 448
1014 974
987 83
948 551
