932 3089
585 485
194 94
426 326
606 506
348 248
516 416
521 421
1092 992
422 322
749 649
895 795
337 237
143 43
557 457
945 845
915 815
1055 955
546 446
352 252
522 422
109 9
891 791
1001 901
459 359
222 122
767 667
194 94
698 598
838 738
107 7
674 574
644 544
815 715
434 334
982 882
866 766
467 367
1094 994
1084 984
993 893
399 299
733 633
533 433
231 131
782 682
528 428
172 72
800 700
974 874
717 617
238 138
974 874
956 856
820 720
245 145
519 419
1095 995
894 794
629 529
296 196
299 199
1097 997
377 277
216 116
197 97
1008 908
819 719
639 539
342 242
807 707
207 107
669 569
222 122
637 537
170 70
1031 931
198 98
826 726
700 600
587 487
745 645
872 772
367 267
613 513
1072 972
181 81
995 895
1043 943
313 213
158 58
848 748
403 303
587 487
864 764
1023 923
636 536
129 29
824 724
774 674
889 789
640 540
579 479
654 554
242 142
567 467
439 339
146 46
741 641
810 710
296 196
653 553
594 494
291 191
166 66
824 724
924 824
830 730
308 208
1088 988
811 711
190 90
900 800
440 340
414 314
649 549
389 289
296 196
501 401
965 865
566 466
778 678
789 689
670 570
933 833
1036 936
325 225
822 722
344 244
751 651
949 849
223 123
213 113
531 431
479 379
608 508
461 361
685 585
165 65
953 853
586 486
742 642
786 686
1092 992
386 286
825 725
989 889
386 286
124 24
912 812
591 491
959 859
991 891
763 663
190 90
188 88
281 181
279 179
314 214
287 187
117 17
719 619
572 472
361 261
518 418
946 846
519 419
292 192
456 356
361 261
782 682
614 514
406 306
986 886
301 201
630 530
485 385
949 849
1052 952
394 294
600 500
899 799
294 194
491 391
837 737
430 330
424 324
398 298
1092 992
890 790
324 224
312 895
897 285
852 820
570 689
269 114
378 760
220 294
769 629
475 21
669 987
670 902
345 812
879 875
621 894
295 816
1034 59
566 892
382 334
243 320
978 941
794 310
204 22
499 363
581 766
728 600
343 244
272 928
223 76
918 249
977 594
658 278
293 713
171 928
771 228
276 730
420 240
568 380
300 181
370 700
365 678
308 203
851 134
999 358
467 563
680 749
354 135
795 848
809 366
422 18
412 344
619 643
140 113
390 849
964 259
619 645
504 16
679 318
1023 980
590 233
403 346
1054 579
154 984
301 717
270 262
855 396
258 929
258 173
134 876
885 606
107 253
1073 743
617 128
950 186
1078 187
532 459
338 777
653 227
135 170
954 716
516 188
543 229
857 813
506 621
825 253
112 535
836 325
259 454
927 577
304 460
901 236
640 36
857 345
260 281
576 722
559 533
725 645
340 558
273 784
770 445
361 15
206 150
573 373
1014 126
168 186
356 480
692 797
772 860
459 841
821 591
575 963
944 129
615 371
694 814
921 755
718 724
583 189
1009 634
360 940
969 433
1005 626
192 377
1063 405
728 305
121 428
660 544
584 18
410 800
1056 770
982 479
627 392
169 695
707 71
475 111
189 212
113 82
779 642
471 300
361 306
729 364
761 159
662 407
153 720
907 353
662 142
634 29
787 505
118 518
979 396
1039 389
1054 287
516 844
464 682
968 683
309 91
835 831
625 463
631 857
113 794
264 678
483 874
199 436
388 58
263 966
680 93
1089 634
356 60
731 184
800 842
272 539
1040 579
457 948
895 225
386 189
916 55
851 329
810 981
734 385
943 960
978 304
164 476
909 563
1008 298
480 838
568 741
193 722
288 141
168 35
228 715
912 671
158 467
847 705
496 761
1008 591
902 832
452 408
951 826
1086 152
346 944
227 202
784 340
960 32
445 788
604 439
928 589
281 679
435 685
715 935
1083 935
734 549
246 895
484 930
719 505
260 924
496 226
336 963
275 262
621 391
352 33
718 130
664 978
341 925
579 787
1077 30
877 961
955 257
169 555
389 566
741 538
358 286
711 436
315 701
1010 102
635 432
629 598
254 991
151 511
503 694
994 366
989 150
848 748
984 863
907 630
775 524
158 737
956 487
301 387
714 398
386 604
655 587
146 550
620 177
774 48
233 212
125 83
406 51
844 318
308 916
607 976
407 33
409 863
953 682
518 758
555 377
434 692
261 298
115 94
813 502
527 51
801 614
721 840
683 964
470 355
741 118
796 201
535 295
328 954
516 169
803 765
623 595
223 878
226 769
977 865
482 107
974 151
1084 507
353 528
397 377
1066 233
167 441
1091 866
357 561
709 113
860 228
331 819
629 509
736 504
921 659
594 532
336 412
246 559
1060 325
126 852
706 472
977 237
206 302
834 70
346 810
434 643
1003 886
364 570
373 561
827 842
243 60
1015 224
579 514
501 558
875 808
721 526
232 232
714 559
1086 237
373 58
1050 972
248 90
392 170
128 192
475 850
1094 853
873 525
1003 300
713 305
611 310
612 377
968 146
1060 532
689 737
504 991
969 556
195 470
351 751
284 33
428 456
358 242
461 215
230 431
652 213
939 88
477 418
727 960
764 131
286 465
1033 49
1039 411
852 830
619 414
771 117
1053 756
689 58
812 391
152 841
120 284
975 491
805 455
1067 206
598 616
857 822
798 432
606 587
779 477
1070 244
151 380
288 950
186 72
226 79
771 323
761 327
1065 98
1052 552
416 83
421 381
582 359
344 555
411 809
1050 679
892 515
1003 231
923 693
521 705
848 378
588 438
206 656
350 438
206 573
619 229
374 744
501 87
1084 517
668 940
791 191
315 555
488 714
978 448
719 812
343 407
295 877
933 957
142 492
458 205
224 357
612 173
203 820
420 657
894 850
162 793
548 405
949 197
216 232
624 196
790 519
486 997
658 49
977 377
849 35
621 48
134 164
1068 465
220 242
482 775
620 231
856 676
867 552
191 293
1009 495
479 528
612 703
969 189
1042 776
922 107
292 483
206 939
592 167
1093 184
245 845
940 903
789 155
270 528
412 334
643 476
521 757
787 581
826 615
420 485
497 385
774 608
689 156
374 262
961 668
896 599
964 718
918 778
506 388
233 413
696 755
799 649
937 8
630 819
255 832
1015 321
849 592
569 804
119 151
621 769
1037 272
813 409
108 658
786 227
238 482
587 257
653 572
207 771
945 722
784 519
180 686
291 57
440 183
113 786
591 748
361 385
1079 795
394 571
817 852
955 443
1047 887
326 430
630 10
415 127
330 809
184 833
698 709
519 476
524 280
725 694
748 512
844 905
1072 509
913 390
364 680
929 132
407 72
330 76
941 363
179 656
659 448
741 891
838 430
846 509
599 345
596 950
884 405
372 551
272 233
502 785
521 517
433 148
661 115
451 332
991 377
196 619
467 543
110 950
804 425
633 65
857 720
304 745
325 278
496 492
342 923
437 288
1075 403
901 215
916 265
584 17
846 893
620 383
197 799
513 659
165 346
1068 112
896 684
690 591
146 116
1090 329
482 253
1085 585
290 935
343 561
609 707
725 262
107 871
384 325
1002 21
739 93
1083 420
980 270
512 503
1091 431
974 188
310 576
527 768
320 817
189 455
570 335
561 847
945 391
327 578
132 289
215 110
1011 946
975 267
628 843
651 452
679 742
643 567
585 287
969 472
480 715
171 764
801 769
747 219
1039 637
1074 601
369 425
1028 638
826 217
519 226
598 148
573 303
274 292
580 425
1040 582
446 271
679 667
370 439
858 719
275 697
419 71
1035 734
233 755
909 143
1068 141
179 901
407 125
1064 575
261 677
907 733
544 956
711 254
704 751
311 206
939 337
915 529
117 56
415 969
390 480
577 48
680 601
970 912
877 905
755 426
360 278
513 922
344 199
859 402
121 19
268 518
199 527
236 641
1089 988
803 207
585 773
713 993
867 833
742 570
319 823
977 593
516 238
515 787
749 193
660 932
328 817
751 600
917 758
230 883
254 861
794 792
127 485
431 717
523 16
1085 731
764 200
250 16
495 320
507 878
351 272
1059 718
157 146
312 856
874 632
773 783
438 301
962 761
425 518
1051 405
682 521
110 9
734 779
340 655
256 21
398 174
428 545
874 662
1015 720
735 985
258 616
560 992
414 377
284 516
669 330
1047 360
157 10
990 84
288 995
259 732
730 201
899 581
653 35
386 859
836 683
737 362
676 400
398 76
301 199
1035 255
426 950
646 586
1007 815
771 226
937 33
988 814
719 156
961 893
534 297
316 75
362 969
1051 563
740 429
562 130
592 264
528 56
659 148
411 16
367 253
432 190
202 690
607 562
443 652
379 34
1081 995
968 578
739 71
691 979
880 740
351 871
820 510
133 621
113 339
344 33
917 300
276 442
615 103
112 842
1047 185
981 834
540 650
752 752
414 171
716 538
1056 940
436 51
1097 299
1011 171
796 47
871 184
743 480
185 597
158 58
563 306
167 761
114 484
869 110
706 314
306 10
143 431
339 814
935 830
823 699
600 112
386 509
452 843
927 16
1085 837
192 594
341 598
927 253
603 423
373 390
847 188
891 945
768 747
493 983
1096 260
757 99
928 170
711 152
588 461
464 272
801 441
1034 771
555 971
403 198
1027 975
402 930
391 188
664 89
650 14
198 538
812 704
815 990
884 320
442 440
627 400
563 555
605 399
845 595
835 290
629 892
224 710
684 33
517 124
1025 702
1026 255
497 711
1003 420
562 125
396 436
880 371
131 287
791 105
360 175
1061 966
1044 741
881 339
699 125
259 289
112 773
581 526
355 168
357 480
828 577
441 809
612 903
680 984
615 497
1015 633
755 193
685 393
188 230
284 432
1082 93
133 162
879 91
219 163
591 552
237 784
396 187
434 316
635 850
253 65
774 268
1036 78
979 972
205 695
682 518
1017 416
364 915
751 851
732 178
496 242
511 232
983 836
896 108
662 90
395 373
368 181
928 145
475 927
351 278
254 666
445 256
453 371
788 951
1062 165
821 249
633 441
453 188
196 350
725 984
210 307
444 434
1024 516
1047 257
739 756
986 809
260 798
685 507
942 192
716 100
174 756
800 719
396 235
306 717
361 132
245 29
509 154
429 667
597 234
348 363
626 763
665 956
435 629
654 786
638 516
382 789
575 225
115 557
265 122
953 828
377 754
603 547
584 973
779 46
385 247
304 655
347 334
358 941
798 94
109 624
1079 135
279 202
197 636
115 805
949 649
377 255
1022 27
827 761
712 965
439 360
560 925
394 568
877 66
450 55
204 387
