926 4500
94 485
506 326
416 248
992 421
649 322
237 795
457 43
815 845
446 955
422 252
791 9
359 901
667 122
598 94
7 738
544 574
334 715
766 882
994 367
893 984
633 299
131 433
428 682
700 72
617 874
874 138
720 856
419 145
794 995
196 529
997 199
116 277
908 97
539 719
707 242
569 107
537 122
931 70
726 98
487 600
772 645
513 267
81 972
943 895
58 213
303 748
764 487
536 923
724 29
789 674
479 540
142 554
339 467
641 46
196 710
494 553
66 191
824 724
208 730
711 988
800 90
314 340
289 549
401 196
466 865
689 678
833 570
225 936
244 722
849 651
113 123
379 431
361 508
65 585
486 853
686 642
286 992
889 725
24 286
491 812
891 859
90 663
181 88
214 179
17 187
472 619
418 261
419 846
356 192
682 261
306 514
201 886
385 530
952 849
500 294
194 799
737 391
324 330
992 298
224 790
260 275
97 826
210 72
649 866
919 951
63 748
958 685
804 956
518 564
428 183
537 400
346 721
153 207
971 323
662 611
197 116
91 109
529 795
126 343
747 862
469 685
770 10
934 881
723 984
895 403
568 360
172 449
958 541
383 272
308 877
970 359
583 707
48 308
930 770
569 30
3 208
20 311
609 100
887 939
825 422
930 785
904 370
241 989
379 969
376 143
962 972
889 28
443 61
216 638
338 348
160 347
406 66
159 391
31 638
204 295
420 826
153 196
425 449
331 855
565 143
838 487
9 140
918 564
533 615
232 135
957 564
591 360
576 793
746 163
377 859
858 760
86 711
434 662
558 159
279 660
840 268
735 948
574 315
126 676
912 341
739 689
821 894
625 706
917 490
201 478
993 671
149 932
52 899
759 237
267 187
256 472
783 772
117 98
516 906
180 911
25 635
380 225
712 823
266 164
216 343
448 732
541 502
664 740
954 576
726 612
772 902
531 454
943 411
750 973
327 703
917 850
5 77
113 220
913 802
791 403
998 181
859 10
345 525
431 919
675 668
833 527
438 462
523 291
916 605
420 457
115 405
660 417
261 279
772 685
388 596
764 307
843 224
206 322
407 840
639 975
852 401
542 91
60 327
757 330
82 182
637 603
93 793
614 615
136 733
187 864
102 16
972 863
163 987
501 306
477 34
492 840
121 700
80 706
138 787
660 105
229 834
827 798
448 310
230 609
832 690
489 561
586 579
291 60
665 388
660 309
702 407
153 200
606 313
123 970
253 33
709 273
832 277
108 997
888 40
481 227
283 860
858 940
284 608
711 990
850 590
239 806
943 52
195 801
95 764
410 710
664 386
900 593
112 50
963 494
754 156
458 936
19 965
225 86
569 723
97 184
194 868
754 340
602 412
61 487
695 209
347 346
719 860
100 307
97 95
843 821
745 941
286 821
492 587
116 201
531 665
424 527
253 812
426 424
413 459
980 343
291 836
833 506
486 179
9 916
575 430
922 596
145 808
897 269
404 512
742 811
728 685
269 567
103 776
745 855
35 718
779 853
71 97
80 146
842 746
128 15
941 965
227 512
30 480
342 958
605 665
531 191
364 964
359 515
867 606
820 822
313 536
207 693
911 19
308 335
430 101
685 922
641 294
113 910
141 410
690 250
700 546
559 729
481 609
503 720
766 976
7 759
882 798
859 74
182 648
425 299
542 785
683 846
853 390
938 897
89 416
624 837
181 247
878 293
933 144
580 938
252 467
207 480
658 955
20 665
954 26
347 564
759 449
446 26
14 521
657 301
710 321
980 613
188 388
636 879
203 990
432 188
129 963
630 820
509 300
237 822
373 255
838 277
395 153
692 400
103 227
218 518
384 447
931 315
396 813
389 324
640 502
287 299
297 780
977 376
512 516
219 212
555 329
398 810
289 486
798 485
598 416
49 952
572 894
697 358
770 21
725 647
542 44
214 683
887 361
45 814
94 231
282 8
82 165
319 496
626 699
146 852
541 459
874 535
725 314
777 944
554 306
208 459
787 637
976 447
912 408
444 107
3 962
301 565
164 407
437 857
652 317
764 98
41 818
737 600
176 288
136 902
128 567
394 190
235 749
42 908
824 276
684 748
979 592
568 393
367 363
52 163
642 983
335 179
126 16
130 478
583 259
129 868
752 295
167 596
856 71
640 622
770 864
431 644
195 5
448 365
701 429
952 64
880 854
168 770
79 88
961 157
472 368
217 421
709 719
147 271
296 975
909 816
764 962
251 535
878 438
753 696
570 881
253 318
666 45
931 52
433 496
810 313
678 138
123 334
212 988
66 508
206 770
750 751
64 780
466 441
337 207
510 516
796 674
175 408
437 920
938 573
848 634
561 878
718 990
948 826
649 696
569 800
663 411
582 422
843 707
202 334
702 986
579 494
725 150
803 562
340 380
156 832
832 979
602 376
234 511
688 414
184 160
978 982
413 238
633 490
585 899
606 251
963 526
350 897
242 39
539 657
739 452
267 538
165 831
177 460
720 185
802 934
644 440
82 490
798 168
197 71
173 977
81 458
235 204
112 803
103 139
268 399
879 420
643 991
106 578
122 972
444 177
262 398
691 348
997 496
446 276
171 825
549 614
281 121
211 730
112 341
408 284
730 698
363 17
89 546
605 672
938 974
168 866
705 377
47 559
400 340
215 527
114 779
51 761
881 483
549 92
679 390
328 583
250 661
203 391
481 336
752 661
707 125
82 89
63 275
660 359
21 178
287 780
219 42
500 5
820 380
95 772
44 816
748 9
678 484
276 545
478 589
663 157
594 901
757 777
947 74
448 247
570 55
313 479
981 785
795 958
552 680
389 393
280 944
864 596
636 619
512 611
892 852
184 283
947 299
614 766
625 312
149 826
377 726
474 733
18 805
662 679
416 403
1 964
530 337
752 541
22 478
981 369
777 946
957 821
275 833
584 837
582 490
121 37
951 594
668 129
118 258
319 246
896 362
521 755
948 504
248 71
474 177
351 176
54 803
155 237
660 677
871 33
486 115
294 597
425 769
245 536
382 956
371 341
708 184
544 234
794 569
387 216
738 537
520 84
281 810
502 657
91 33
503 159
924 520
16 668
33 287
344 229
349 374
606 474
896 672
595 915
441 511
102 123
52 569
654 199
710 396
434 715
245 59
36 610
661 917
413 927
13 270
370 117
400 516
195 215
984 216
476 237
164 615
405 499
674 477
196 760
608 285
907 56
532 966
51 622
716 221
327 194
880 91
710 347
267 252
400 473
376 516
609 385
320 357
196 958
538 665
935 792
404 64
100 420
126 671
855 968
94 877
731 177
253 523
8 139
393 152
543 732
348 246
318 565
489 740
22 902
998 17
49 973
381 298
10 611
429 32
221 11
150 337
717 136
530 889
332 522
942 805
565 28
216 931
61 757
170 609
872 544
644 905
208 595
680 246
697 113
639 175
679 156
961 244
361 883
802 265
359 883
839 462
718 485
280 272
252 204
280 984
102 409
615 398
296 909
481 370
956 882
230 214
259 766
922 35
706 421
272 271
156 370
552 848
485 50
536 976
70 270
902 796
452 963
35 379
947 991
378 551
57 897
352 307
669 421
702 74
141 388
458 559
463 980
756 615
887 681
332 231
528 207
656 818
254 331
787 979
495 445
370 348
10 724
200 401
327 646
17 668
374 242
755 302
980 861
376 830
8 77
32 441
460 589
804 990
23 189
869 868
943 996
715 363
628 237
73 420
199 565
38 214
209 333
327 726
912 175
799 58
372 625
976 66
120 169
667 475
188 204
28 90
704 496
649 1
746 474
697 449
712 252
289 332
625 287
953 189
462 889
302 63
79 378
41 206
823 897
908 230
665 382
36 575
732 60
809 529
66 477
291 290
591 89
583 961
252 461
479 702
530 532
224 680
788 53
309 642
366 1000
352 891
402 822
545 152
113 324
967 633
454 267
723 381
14 272
20 506
308 419
644 461
713 526
482 978
336 468
289 729
496 795
326 581
530 383
167 226
522 421
830 386
91 273
116 484
747 676
395 107
958 229
756 902
262 962
703 105
511 84
481 991
449 701
888 689
599 655
306 600
492 538
803 499
445 881
316 981
889 473
785 383
765 679
491 573
589 589
124 480
741 145
898 624
725 923
682 915
131 232
398 974
906 735
753 678
312 640
790 644
301 212
945 123
447 253
197 943
27 18
573 916
589 327
934 640
209 615
529 470
899 655
15 288
592 401
92 840
575 633
814 707
354 424
127 682
374 194
566 855
594 190
973 728
645 178
603 275
712 88
32 367
298 544
561 738
906 963
626 460
143 266
504 727
836 33
361 442
431 628
554 384
24 244
416 482
735 765
243 446
454 247
932 913
494 560
648 528
357 594
596 935
788 462
536 621
759 660
200 564
566 302
741 936
217 592
219 724
832 118
819 299
487 251
473 129
241 96
64 167
516 169
857 381
218 976
490 767
504 837
707 407
342 203
475 387
175 735
786 706
171 335
232 40
888 821
866 131
976 159
253 978
619 53
642 849
460 478
218 19
218 230
667 453
949 336
89 931
488 588
568 449
526 566
10 242
886 204
913 435
963 895
493 12
535 735
659 512
432 825
826 37
707 750
646 286
515 863
447 529
142 610
569 356
841 981
933 784
674 447
198 191
670 62
781 726
131 638
346 486
230 482
574 342
754 603
562 521
980 621
540 69
443 502
258 252
384 941
454 402
550 902
989 942
314 626
155 842
800 361
526 132
684 577
912 660
398 460
733 198
720 471
499 590
974 487
216 220
836 282
487 551
310 781
439 476
795 272
432 849
374 441
775 176
930 558
714 317
283 226
196 485
958 220
704 716
438 739
525 819
463 207
139 771
582 909
498 683
1 940
140 602
313 470
909 577
367 661
434 417
225 680
374 518
987 187
907 998
899 149
862 875
783 815
626 506
708 777
307 507
945 281
619 519
490 31
953 411
277 168
302 678
350 130
159 244
14 17
644 36
168 267
1 26
24 66
388 34
997 386
482 410
816 183
44 308
229 313
579 728
82 585
693 132
82 726
795 42
47 349
38 458
289 848
808 732
440 772
835 956
840 327
333 767
997 397
760 179
198 880
749 69
816 887
143 986
272 418
131 334
971 718
258 849
477 93
271 274
902 734
774 331
679 766
807 801
211 347
38 934
1 682
62 170
294 382
352 981
521 830
41 863
104 362
817 321
856 130
672 195
738 156
727 203
113 811
685 937
494 777
69 308
471 182
536 365
390 137
975 879
207 254
293 996
377 959
346 165
912 86
94 8
683 348
627 309
629 303
1 880
137 531
920 189
775 895
687 600
411 779
470 403
678 825
398 69
195 327
935 883
928 953
642 426
455 668
609 962
302 179
420 159
585 187
269 935
500 91
664 978
112 52
541 878
349 844
837 261
398 488
408 779
679 566
374 862
166 229
835 168
503 822
25 350
300 890
55 145
41 853
411 891
773 816
299 323
785 244
373 695
103 867
301 535
738 451
214 668
258 107
936 602
698 888
389 256
157 844
604 7
692 163
149 467
678 747
937 888
62 806
501 748
825 518
610 344
29 206
726 920
980 837
313 573
49 630
746 296
265 125
136 565
760 915
213 492
143 614
617 388
282 635
12 519
526 147
746 344
650 515
516 945
218 564
633 831
770 590
512 360
701 58
143 263
684 26
795 651
760 430
29 280
184 354
23 133
781 866
124 588
826 788
694 98
867 776
922 346
664 232
784 205
749 297
571 457
672 726
213 698
726 644
98 596
69 787
830 461
118 224
113 974
100 799
412 4
199 763
243 909
371 766
235 289
70 502
409 318
100 861
287 94
672 545
391 328
823 309
620 746
502 934
716 408
396 179
948 188
144 115
309 647
456 342
125 480
582 875
847 275
389 844
212 556
439 25
195 346
693 26
8 837
273 277
948 825
974 591
364 322
738 50
443 569
653 641
123 282
217 89
61 565
536 163
221 200
139 412
323 756
204 501
958 782
364 895
759 776
103 811
370 510
437 23
627 551
773 854
528 336
997 365
419 611
63 819
72 42
100 819
546 370
150 17
241 82
848 698
445 707
712 634
310 846
789 769
78 639
881 567
442 529
769 533
11 931
776 454
426 943
432 152
534 675
61 496
496 57
473 672
112 101
52 186
95 958
387 649
683 428
497 78
765 698
748 126
489 773
177 362
219 999
731 132
224 466
130 149
838 238
295 198
334 961
437 986
371 303
516 353
818 190
538 522
900 998
746 162
170 47
947 276
815 486
210 513
397 869
376 476
115 699
80 104
720 194
573 84
842 487
968 314
621 754
593 84
841 275
893 373
748 40
173 891
146 301
965 809
747 911
475 702
296 203
114 104
9 437
126 14
275 307
479 288
546 581
178 930
367 22
706 193
447 69
446 844
493 904
952 832
80 83
761 233
421 670
773 440
257 492
976 131
526 232
970 949
293 413
204 668
960 676
450 827
226 432
883 817
360 874
770 269
258 676
401 258
438 573
243 357
519 998
762 465
943 229
647 533
903 670
537 497
474 726
257 629
558 784
136 688
763 440
891 752
468 517
491 432
307 119
194 142
499 399
661 82
204 451
534 708
431 822
300 255
10 132
964 16
229 420
527 889
879 964
185 184
923 226
701 643
941 887
269 840
695 374
532 908
875 667
647 69
735 279
40 104
850 869
215 366
614 223
879 490
169 123
951 915
323 117
444 640
535 564
240 98
601 907
817 277
777 572
503 465
872 275
640 961
940 466
332 552
483 785
110 190
644 187
848 375
597 331
39 855
219 329
111 758
395 93
426 122
418 625
706 253
473 175
966 727
464 659
916 210
345 901
575 578
506 17
488 782
666 885
584 93
761 582
236 285
442 292
745 173
586 516
130 451
125 164
512 63
590 177
478 56
463 676
59 276
648 936
565 350
162 609
141 843
819 435
155 684
398 331
267 657
620 742
445 903
302 723
902 464
238 560
478 132
942 54
456 865
803 762
958 892
228 401
59 935
446 737
257 213
327 684
447 484
794 932
300 386
801 682
546 98
901 629
836 260
845 275
957 509
104 476
524 1
804 788
114 774
665 514
786 709
753 369
286 244
260 251
919 605
860 896
15 244
474 879
155 486
599 2
666 568
879 308
240 961
135 389
435 6
504 770
471 594
249 706
936 139
430 522
159 409
694 977
151 793
42 881
436 384
978 352
612 651
418 831
295 664
417 751
841 157
932 112
121 895
107 336
219 331
164 251
112 283
22 49
808 964
195 729
800 884
760 37
931 390
580 322
881 74
212 348
908 959
402 244
986 955
460 273
240 42
132 313
546 323
756 908
813 372
828 745
688 386
605 157
520 571
941 199
58 656
404 631
449 187
423 144
674 236
672 595
474 244
242 738
895 558
29 984
399 221
811 263
824 317
499 146
631 134
458 950
469 71
728 878
160 417
157 403
51 253
995 311
459 808
558 917
213 366
359 253
865 122
244 961
193 703
895 882
934 339
255 450
427 912
671 461
77 262
967 689
113 869
345 53
650 630
764 496
774 112
220 868
314 534
545 931
979 697
493 176
242 697
622 862
619 915
441 769
883 223
934 102
186 175
212 435
163 576
625 663
812 52
425 213
330 250
930 177
646 836
682 177
137 316
477 105
323 263
810 292
174 148
952 396
282 911
382 93
75 964
506 209
810 294
396 641
756 972
214 955
398 643
480 861
511 122
332 661
755 551
769 90
375 862
444 412
793 379
847 306
521 976
678 932
49 360
51 788
573 732
92 109
971 471
427 111
608 192
606 527
816 682
638 355
128 534
102 943
938 519
56 506
146 637
958 518
20 213
294 776
147 446
64 917
924 710
804 443
388 394
786 514
948 804
70 204
471 552
97 115
272 566
924 340
562 977
314 733
62 883
731 989
824 696
128 725
437 702
26 834
781 432
164 258
175 811
530 469
25 392
518 81
427 4
716 569
846 742
839 141
979 566
348 987
591 821
189 130
552 850
831 9
537 935
266 503
584 8
409 601
80 153
65 477
306 464
640 542
597 11
889 670
345 191
512 650
589 183
635 518
545 813
671 798
840 645
785 878
593 498
626 314
547 707
429 446
615 677
271 697
729 739
245 631
637 906
279 509
917 898
808 634
669 967
491 782
976 543
763 188
674 629
168 367
109 377
727 934
339 986
307 427
30 215
890 616
532 301
364 488
782 236
376 829
311 122
707 876
334 765
466 773
828 582
844 817
221 759
213 510
983 801
801 153
179 538
221 518
472 302
963 711
356 692
858 742
725 428
130 894
550 491
130 207
816 349
630 371
399 624
359 310
922 498
406 855
636 434
666 99
719 871
730 131
92 243
364 236
900 263
939 750
785 313
653 814
52 844
910 595
379 7
814 315
934 702
265 43
327 4
213 92
889 943
714 902
827 797
125 999
163 788
251 285
833 745
344 987
336 344
283 562
370 593
431 592
168 531
558 301
439 531
131 32
933 216
210 471
317 857
352 93
521 705
711 904
826 131
926 459
882 424
319 233
723 142
494 809
329 374
368 114
497 894
452 546
427 544
946 964
2 549
487 878
104 727
57 643
903 154
176 250
440 995
459 746
705 465
846 992
985 963
438 227
284 17
573 430
509 393
737 417
429 672
163 200
782 272
303 573
764 526
388 370
788 198
306 370
372 120
111 902
610 412
837 732
74 745
922 973
407 493
602 559
778 610
925 169
713 282
157 511
313 217
453 214
842 518
935 762
400 929
524 411
161 913
835 57
662 350
