1099 3477
585 485
194 94
426 326
606 506
348 248
516 416
521 421
1092 992
422 322
749 649
895 795
337 237
143 43
557 457
945 845
915 815
1055 955
546 446
352 252
522 422
109 9
891 791
1001 901
459 359
222 122
767 667
194 94
698 598
838 738
107 7
674 574
644 544
815 715
434 334
982 882
866 766
467 367
1094 994
1084 984
993 893
399 299
733 633
533 433
231 131
782 682
528 428
172 72
800 700
974 874
717 617
238 138
974 874
956 856
820 720
245 145
519 419
1095 995
894 794
629 529
296 196
299 199
1097 997
377 277
216 116
197 97
1008 908
819 719
639 539
342 242
807 707
207 107
669 569
222 122
637 537
170 70
1031 931
198 98
826 726
700 600
587 487
745 645
872 772
367 267
613 513
1072 972
181 81
995 895
1043 943
313 213
158 58
848 748
403 303
587 487
864 764
1023 923
636 536
129 29
824 724
774 674
889 789
640 540
579 479
654 554
242 142
567 467
439 339
146 46
741 641
810 710
296 196
653 553
594 494
291 191
166 66
824 724
924 824
830 730
308 208
1088 988
811 711
190 90
900 800
440 340
414 314
649 549
389 289
296 196
501 401
965 865
566 466
778 678
789 689
670 570
933 833
1036 936
325 225
822 722
344 244
751 651
949 849
223 123
213 113
531 431
479 379
608 508
461 361
685 585
165 65
953 853
586 486
742 642
786 686
1092 992
386 286
825 725
989 889
386 286
124 24
912 812
591 491
959 859
991 891
763 663
190 90
188 88
281 181
279 179
314 214
287 187
117 17
719 619
572 472
361 261
518 418
946 846
519 419
292 192
456 356
361 261
782 682
614 514
406 306
986 886
301 201
630 530
485 385
949 849
1052 952
394 294
600 500
899 799
294 194
491 391
837 737
430 330
424 324
398 298
1092 992
890 790
324 224
375 275
360 260
926 826
197 97
172 72
310 210
966 866
749 649
1051 951
1019 919
848 748
163 63
785 685
1058 958
1056 956
904 804
664 564
618 518
283 183
528 428
500 400
637 537
821 721
446 346
307 207
253 153
423 323
1071 971
711 611
762 662
216 116
297 197
209 109
191 91
895 795
629 529
443 343
226 126
962 862
847 747
785 685
569 469
110 10
870 770
981 881
1034 934
1084 984
823 723
503 403
995 895
460 360
668 568
549 449
272 172
641 541
1058 958
372 272
483 383
977 877
408 308
459 359
1070 970
807 707
683 583
408 308
148 48
870 770
1030 930
130 30
669 569
308 208
103 3
411 311
120 20
200 100
709 609
1039 939
987 887
522 422
925 825
885 785
1030 930
470 370
1004 904
1089 989
341 241
1069 969
479 379
243 143
476 376
1072 972
1062 962
128 28
989 889
161 61
543 443
738 638
316 216
448 348
438 338
447 347
260 160
166 66
506 406
491 391
259 159
738 638
131 31
395 295
304 204
926 826
520 420
296 196
253 153
549 449
525 425
955 855
431 331
243 143
665 565
587 487
938 838
240 140
109 9
664 564
1018 918
715 615
633 533
235 135
332 232
664 564
1057 957
460 360
691 591
893 793
676 576
263 163
846 746
959 859
477 377
860 760
958 858
811 711
186 86
762 662
534 434
259 159
658 558
760 660
379 279
368 268
940 840
1048 948
835 735
415 315
674 574
776 676
226 126
441 341
1012 912
789 689
839 739
994 894
921 821
806 706
725 625
590 490
1017 917
578 478
301 201
771 671
1093 993
1032 932
249 149
999 899
152 52
337 237
859 759
287 187
367 267
572 472
356 256
872 772
883 783
198 98
217 117
1006 906
616 516
1011 911
280 180
735 635
125 25
325 225
480 380
923 823
812 712
264 164
366 266
443 343
316 216
832 732
548 448
602 502
641 541
840 740
764 664
676 576
1054 954
712 612
826 726
1002 902
872 772
554 454
631 531
511 411
1043 943
1073 973
850 750
803 703
427 327
950 850
1017 917
177 77
105 5
320 220
213 113
902 802
1013 913
503 403
891 791
281 181
1098 998
110 10
959 859
625 525
445 345
1019 919
531 431
768 668
775 675
627 527
933 833
562 462
538 438
391 291
623 523
705 605
1016 916
557 457
520 420
505 405
215 115
517 417
760 660
379 279
361 261
785 685
872 772
696 596
488 388
407 307
864 764
324 224
943 843
422 322
306 206
940 840
507 407
1075 975
739 639
501 401
952 852
191 91
642 542
427 327
160 60
430 330
857 757
282 182
182 82
703 603
737 637
893 793
193 93
715 615
714 614
833 733
236 136
964 864
287 187
116 16
202 102
963 863
1072 972
1087 987
263 163
406 306
601 501
134 34
577 477
940 840
592 492
800 700
221 121
806 706
180 80
887 787
238 138
205 105
760 660
934 834
329 229
898 798
927 827
410 310
548 448
709 609
330 230
790 690
932 832
661 561
589 489
679 579
686 586
160 60
391 291
488 388
765 665
409 309
760 660
507 407
802 702
300 200
253 153
413 313
706 606
1070 970
223 123
133 33
353 253
373 273
809 709
377 277
932 832
1097 997
208 108
140 40
988 888
327 227
581 481
960 860
383 283
1040 940
958 858
708 608
384 284
1090 990
811 711
690 590
950 850
906 806
339 239
152 52
1043 943
901 801
295 195
864 764
195 95
810 710
510 410
486 386
764 664
693 593
1000 900
150 50
212 112
594 494
1063 963
256 156
854 754
1036 936
558 458
1065 965
119 19
186 86
325 225
823 723
669 569
284 184
197 97
968 868
294 194
440 340
854 754
512 412
702 602
587 487
161 61
309 209
795 695
446 346
447 347
960 860
819 719
407 307
200 100
195 95
197 97
921 821
943 843
1041 941
845 745
921 821
386 286
687 587
592 492
301 201
216 116
765 665
631 531
627 527
524 424
912 812
353 253
524 424
526 426
559 459
513 413
443 343
1080 980
936 836
391 291
606 506
933 833
279 179
586 486
1016 916
109 9
530 430
675 575
696 596
1022 922
908 808
245 145
369 269
997 897
612 512
504 404
911 811
842 742
785 685
828 728
667 567
369 269
876 776
203 103
955 855
845 745
818 718
135 35
953 853
879 779
197 97
171 71
246 146
180 80
846 746
942 842
115 15
228 128
1065 965
1041 941
612 512
327 227
580 480
130 30
1058 958
442 342
765 665
705 605
291 191
631 531
1064 964
464 364
615 515
459 359
706 606
967 867
922 822
920 820
636 536
413 313
793 693
307 207
119 19
1011 911
435 335
408 308
201 101
530 430
1022 922
785 685
394 294
741 641
1010 910
213 113
510 410
241 141
350 250
790 690
646 546
800 700
829 729
659 559
709 609
581 481
820 720
603 503
1076 976
866 766
859 759
107 7
898 798
982 882
174 74
959 859
748 648
282 182
399 299
525 425
885 785
642 542
946 846
783 683
490 390
953 853
997 897
1038 938
516 416
189 89
937 837
724 624
347 247
281 181
393 293
978 878
244 144
1033 933
1038 938
680 580
567 467
352 252
580 480
307 207
1055 955
758 658
765 665
120 20
126 26
1054 954
664 564
447 347
549 449
859 759
126 26
546 446
621 521
114 14
401 301
757 657
421 321
810 710
713 613
1080 980
488 388
288 188
979 879
736 636
1090 990
303 203
288 188
532 432
1063 963
229 129
920 820
730 630
400 300
609 509
922 822
337 237
355 255
473 373
377 277
938 838
253 153
495 395
500 400
792 692
327 227
203 103
618 518
318 218
547 447
484 384
415 315
1031 931
913 813
496 396
424 324
489 389
602 502
740 640
399 299
387 287
880 780
397 297
476 376
1077 977
616 516
612 512
312 212
319 219
429 329
655 555
910 810
498 398
586 486
389 289
585 485
898 798
516 416
698 598
1052 952
149 49
994 894
672 572
458 358
797 697
121 21
870 770
747 647
825 725
144 44
642 542
783 683
314 214
461 361
987 887
914 814
145 45
331 231
194 94
108 8
382 282
265 165
182 82
596 496
419 319
799 699
726 626
952 852
246 146
559 459
641 541
635 535
974 874
414 314
825 725
1044 944
877 777
406 306
654 554
559 459
308 208
737 637
887 787
547 447
1076 976
508 408
1012 912
207 107
544 444
1062 962
103 3
665 565
401 301
507 407
264 164
957 857
537 437
417 317
752 652
198 98
864 764
918 818
141 41
700 600
837 737
388 288
276 176
1002 902
236 136
667 567
228 128
290 190
494 394
849 749
335 235
1008 908
142 42
376 276
924 824
848 748
784 684
692 592
1079 979
493 393
668 568
463 363
467 367
263 163
152 52
1083 983
742 642
279 179
435 335
116 16
226 126
578 478
230 130
359 259
683 583
968 868
229 129
395 295
852 752
696 596
267 167
171 71
956 856
722 622
740 640
964 864
870 770
744 644
531 431
105 5
295 195
465 365
548 448
529 429
801 701
164 64
1052 952
954 854
980 880
870 770
268 168
188 88
179 79
257 157
1061 961
468 368
572 472
521 421
317 217
819 719
809 709
371 271
247 147
1075 975
396 296
916 816
1009 909
1062 962
864 764
635 535
351 251
538 438
978 878
796 696
853 753
981 881
670 570
418 318
353 253
145 45
766 666
152 52
1031 931
596 496
533 433
413 313
910 810
238 138
778 678
434 334
223 123
1088 988
312 212
291 295
315 715
535 359
419 851
872 760
823 537
403 814
467 328
153 499
558 982
186 211
969 543
330 983
274 774
572 256
756 985
262 573
1075 668
316 621
378 273
315 143
871 662
320 341
161 478
502 721
911 882
528 347
1004 651
731 355
940 695
435 983
235 672
702 886
450 188
444 792
588 231
911 361
494 152
118 552
830 902
955 384
743 638
1084 372
113 212
250 179
1013 997
152 408
312 926
125 972
419 919
829 305
368 44
451 701
211 552
391 125
200 175
783 882
1030 916
713 83
406 685
682 93
684 773
535 659
729 697
910 485
146 901
576 6
448 516
744 164
722 746
992 362
361 301
299 246
266 697
906 665
346 279
167 831
490 239
591 492
673 173
1035 536
1091 71
252 219
161 436
702 247
337 172
237 254
917 68
566 514
112 215
201 944
793 468
1062 757
224 743
875 613
385 941
945 837
588 748
910 304
1037 126
222 361
590 909
590 264
151 665
745 881
112 323
938 338
243 120
1043 969
292 218
389 577
494 592
841 985
548 431
421 570
156 203
602 787
770 983
582 448
597 769
611 722
861 153
277 176
876 134
683 831
194 808
791 959
1027 985
848 870
513 647
608 748
412 400
764 652
499 863
405 658
590 542
544 196
616 354
964 458
315 894
711 654
238 501
453 149
552 306
585 170
917 881
805 343
247 152
409 468
998 624
253 343
579 553
362 801
1080 912
848 49
511 31
496 227
428 645
458 177
1096 582
1068 83
171 808
448 165
329 452
1055 48
143 499
943 449
356 262
784 127
321 522
1046 756
349 96
1038 379
568 162
706 260
1038 540
1072 244
834 832
740 714
206 315
223 812
241 521
350 423
654 480
748 285
818 801
470 220
807 936
529 118
156 933
959 458
209 956
187 543
829 832
688 82
230 240
1052 122
599 390
372 628
1078 145
447 459
289 649
650 953
494 530
585 271
567 382
517 232
413 343
166 712
564 386
151 784
1015 829
780 598
942 937
761 789
566 645
127 34
679 656
910 8
434 816
572 914
751 244
779 831
1086 765
409 248
352 592
388 706
651 34
710 654
1042 961
283 662
492 968
173 290
738 527
872 745
416 327
377 54
173 798
1086 819
859 259
407 139
538 617
475 45
577 377
578 845
128 700
197 792
564 650
589 601
156 140
244 882
903 32
180 468
337 328
424 39
833 174
583 5
493 850
488 838
978 102
665 688
904 573
283 655
624 103
169 642
877 705
549 351
973 220
253 875
1006 978
735 767
125 915
114 471
781 707
865 830
348 483
228 19
151 444
266 822
1009 143
200 208
417 280
729 626
260 237
948 458
781 656
221 279
433 714
267 68
1006 367
383 991
315 492
922 223
460 51
686 585
811 362
671 756
658 564
489 65
449 758
992 304
869 770
503 509
982 693
418 683
520 739
268 173
718 248
417 848
858 89
292 13
690 650
644 232
535 770
1032 569
894 341
1032 789
205 705
402 626
524 795
488 165
654 333
474 355
235 81
623 229
1036 499
266 939
980 181
743 411
495 466
298 800
660 286
997 479
751 220
501 423
479 500
908 8
1064 516
924 887
521 708
344 886
608 984
354 949
996 455
829 844
513 989
876 976
591 793
1037 240
189 566
585 970
691 352
795 387
643 479
826 702
783 683
889 744
314 451
381 494
371 300
412 750
141 192
769 617
916 965
881 3
202 48
880 926
784 421
569 354
723 306
838 964
651 293
844 834
991 835
300 184
720 689
352 810
904 365
566 760
1080 599
440 556
379 668
143 858
549 675
264 669
669 180
918 327
996 953
1087 776
487 498
335 358
1020 634
774 493
918 524
993 594
519 217
810 636
468 218
669 942
841 331
815 718
648 821
666 516
579 384
746 248
357 924
750 650
1014 683
110 306
661 869
155 423
901 447
252 124
803 927
155 97
1031 188
495 381
522 233
406 711
446 911
569 53
909 61
982 633
254 98
714 4
623 790
624 816
531 376
171 634
922 207
103 146
353 923
673 563
874 573
692 920
645 110
419 67
480 253
1057 117
690 596
271 537
382 941
624 683
1092 143
708 453
800 877
419 123
817 363
680 216
669 923
487 139
821 409
562 392
744 209
811 345
691 250
1009 606
243 136
1097 464
627 855
466 106
776 711
547 910
226 164
725 689
1064 359
701 668
717 59
495 576
264 954
614 450
660 446
463 684
387 26
1081 227
107 212
492 997
1027 879
666 413
834 373
664 38
346 58
1068 924
924 651
156 734
866 784
971 89
548 871
1047 60
1087 535
819 574
634 6
842 433
852 135
331 428
884 432
1054 901
114 611
241 855
414 292
588 77
744 962
753 843
812 288
788 785
109 921
488 401
689 842
731 383
1046 687
628 570
388 472
158 52
392 481
1063 576
342 615
444 815
920 413
422 328
977 783
490 154
798 566
776 299
113 870
103 478
699 210
176 44
400 448
277 443
1084 597
612 652
909 13
831 950
523 437
274 344
362 732
757 397
607 626
130 405
1093 181
154 563
558 33
570 874
532 70
509 609
414 567
753 298
641 524
176 355
568 374
489 668
782 19
954 315
561 489
326 155
513 435
973 178
708 575
155 769
298 5
402 919
188 76
313 167
269 705
910 281
538 961
551 970
303 522
104 58
777 376
984 835
582 884
109 799
720 975
271 525
505 549
106 886
928 133
357 700
799 509
184 518
627 430
779 150
240 838
534 548
450 620
243 951
497 786
221 636
976 797
1003 84
991 559
709 594
209 860
222 478
531 392
746 75
694 760
413 151
564 282
827 190
605 849
264 574
529 293
1007 288
507 843
292 296
880 322
1033 692
192 777
390 338
442 585
693 307
966 800
434 594
506 857
427 11
396 429
580 279
534 603
471 591
162 359
699 729
784 425
916 132
925 643
1002 958
966 570
543 600
780 187
962 404
447 980
720 925
1004 596
930 448
108 105
687 185
990 407
693 920
438 817
731 982
535 872
837 682
1064 639
373 552
264 198
198 675
208 110
737 218
307 646
695 400
329 698
978 769
442 751
942 177
293 388
1088 732
617 157
955 621
929 977
684 837
426 779
805 686
946 755
239 105
778 11
892 361
170 616
1060 832
886 721
134 48
968 692
112 972
1053 148
989 631
430 35
180 124
345 771
499 188
442 295
511 431
689 649
599 619
875 262
1010 984
579 705
1013 497
134 698
530 94
644 586
814 121
643 325
925 263
840 337
409 402
671 609
631 124
273 351
329 430
400 302
240 855
367 618
828 479
785 616
304 895
435 185
511 270
872 541
335 822
908 422
574 773
517 305
167 722
715 846
662 71
151 752
891 640
578 341
353 656
560 775
842 479
727 895
813 48
130 359
659 339
726 515
909 993
285 764
914 55
953 45
374 636
492 160
226 726
724 253
721 924
225 661
164 640
310 101
530 939
845 406
824 747
293 8
395 806
262 550
922 622
133 455
1069 501
348 447
447 433
442 757
904 85
567 845
572 776
184 212
669 467
581 634
230 378
321 471
640 898
810 207
170 503
317 404
758 788
199 403
589 31
775 649
1060 239
943 277
1076 66
509 686
879 953
446 803
864 458
183 427
762 505
935 754
547 593
479 901
548 897
311 664
435 964
960 903
873 589
1006 491
1064 910
740 925
546 469
773 403
944 921
153 369
790 80
235 736
988 171
657 171
988 933
935 921
139 459
587 94
1049 636
955 628
463 164
230 745
408 452
484 611
451 877
346 440
903 647
1041 556
597 801
481 760
847 417
924 580
436 569
134 124
278 980
362 989
193 91
379 890
482 971
1059 525
125 251
1097 261
114 448
386 920
952 745
494 868
777 42
582 586
1078 116
252 97
423 296
394 908
536 358
811 229
430 134
936 951
1093 786
986 147
740 538
369 256
688 178
961 762
600 866
166 869
377 762
749 751
147 494
542 100
1095 471
384 888
555 29
361 336
803 150
1046 16
731 422
223 989
770 927
953 539
406 772
447 68
446 681
841 308
905 681
622 74
915 672
562 213
454 72
1026 427
539 655
174 323
378 412
1052 875
517 962
986 930
450 150
229 913
434 852
1034 741
745 61
117 89
498 800
139 782
141 106
1097 33
793 782
965 303
822 258
294 743
1040 171
746 822
425 516
450 410
186 196
215 341
143 960
790 280
1070 458
560 682
420 613
516 212
535 858
347 87
192 542
719 728
429 103
158 679
527 338
271 272
1057 754
470 494
978 193
197 141
170 938
452 949
115 929
798 824
550 407
177 192
546 703
344 916
1084 627
996 731
458 268
344 527
186 788
749 824
958 903
708 489
597 639
245 866
596 460
615 976
591 626
768 825
598 813
1075 895
317 854
967 262
866 41
394 374
336 912
1093 554
119 270
437 424
515 349
764 570
562 547
402 33
860 156
213 567
676 601
379 357
782 314
399 518
105 381
203 629
461 424
963 640
214 321
527 70
996 42
1093 464
302 647
909 68
968 106
1064 675
739 149
595 44
627 491
837 483
947 443
297 863
507 955
507 297
456 689
972 419
707 667
906 415
923 504
832 90
1002 940
279 297
756 681
337 737
342 598
334 784
665 725
883 886
154 438
720 26
750 917
780 460
1065 386
308 809
944 299
893 364
982 388
649 242
257 846
936 7
495 349
503 850
1090 790
1022 867
457 864
940 231
915 523
363 496
752 776
1088 255
499 247
663 621
316 651
368 339
728 765
402 771
715 631
505 841
661 186
1042 599
383 41
1046 490
1000 174
747 144
541 109
847 851
522 244
603 394
847 385
663 590
463 584
1092 311
839 932
1008 309
477 541
955 862
167 399
165 481
459 892
394 5
1098 125
829 817
421 491
824 56
418 368
217 943
306 301
507 44
438 507
814 179
111 500
610 672
132 601
571 601
594 763
134 388
390 637
862 74
1030 355
439 5
788 781
356 773
656 487
1013 52
511 570
352 639
1098 422
464 848
1046 968
454 146
516 534
892 788
712 172
816 562
175 151
1061 393
595 214
868 771
1093 342
811 134
198 839
933 621
1017 466
978 307
1059 356
519 467
1066 364
296 553
702 836
611 712
239 577
796 673
379 616
782 136
641 837
437 67
508 185
839 307
579 262
