1074 3339
94 485
506 326
416 248
992 421
649 322
237 795
457 43
815 845
446 955
422 252
791 9
359 901
667 122
598 94
7 738
544 574
334 715
766 882
994 367
893 984
633 299
131 433
428 682
700 72
617 874
874 138
720 856
419 145
794 995
196 529
997 199
116 277
908 97
539 719
707 242
569 107
537 122
931 70
726 98
487 600
772 645
513 267
81 972
943 895
58 213
303 748
764 487
536 923
724 29
789 674
479 540
142 554
339 467
641 46
196 710
494 553
66 191
824 724
208 730
711 988
800 90
314 340
289 549
401 196
466 865
689 678
833 570
225 936
244 722
849 651
113 123
379 431
361 508
65 585
486 853
686 642
286 992
889 725
24 286
491 812
891 859
90 663
181 88
214 179
17 187
472 619
418 261
419 846
356 192
682 261
306 514
201 886
385 530
952 849
500 294
194 799
737 391
324 330
992 298
224 790
260 275
97 826
210 72
649 866
919 951
63 748
958 685
804 956
518 564
428 183
537 400
346 721
153 207
971 323
662 611
197 116
91 109
529 795
126 343
747 862
469 685
770 10
934 881
723 984
895 403
568 360
172 449
958 541
383 272
308 877
970 359
583 707
48 308
930 770
569 30
3 208
20 311
609 100
887 939
825 422
930 785
904 370
241 989
379 969
376 143
962 972
889 28
443 61
216 638
338 348
160 347
406 66
159 391
31 638
204 295
420 826
153 196
425 449
331 855
565 143
838 487
9 140
918 564
533 615
232 135
957 564
591 360
576 793
746 163
377 859
858 760
86 711
434 662
558 159
279 660
840 268
735 948
574 315
126 676
912 341
739 689
821 894
625 706
917 490
201 478
993 671
149 932
52 899
759 237
267 187
256 472
783 772
117 98
516 906
180 911
25 635
380 225
712 823
266 164
216 343
448 732
541 502
664 740
954 576
726 612
772 902
531 454
943 411
750 973
327 703
917 850
5 77
113 220
913 802
791 403
998 181
859 10
345 525
431 919
675 668
833 527
438 462
523 291
916 605
420 457
115 405
660 417
261 279
772 685
388 596
764 307
843 224
206 322
407 840
639 975
852 401
542 91
60 327
757 330
82 182
637 603
93 793
614 615
136 733
187 864
102 16
972 863
163 987
501 306
477 34
492 840
121 700
80 706
138 787
660 105
229 834
827 798
448 310
230 609
832 690
489 561
586 579
291 60
665 388
660 309
702 407
153 200
606 313
123 970
253 33
709 273
832 277
108 997
888 40
481 227
283 860
858 940
284 608
711 990
850 590
239 806
943 52
195 801
95 764
410 710
664 386
900 593
112 50
963 494
754 156
458 936
19 965
225 86
569 723
97 184
194 868
754 340
602 412
61 487
695 209
347 346
719 860
100 307
97 95
843 821
745 941
286 821
492 587
116 201
531 665
424 527
253 812
426 424
413 459
980 343
291 836
833 506
486 179
9 916
575 430
922 596
145 808
897 269
404 512
742 811
728 685
269 567
103 776
745 855
35 718
779 853
71 97
80 146
842 746
128 15
941 965
227 512
30 480
342 958
605 665
531 191
364 964
359 515
867 606
820 822
313 536
207 693
911 19
308 335
430 101
685 922
641 294
113 910
141 410
690 250
700 546
559 729
481 609
503 720
766 976
7 759
882 798
859 74
182 648
425 299
542 785
683 846
853 390
938 897
89 416
624 837
181 247
878 293
933 144
580 938
252 467
207 480
658 955
20 665
954 26
347 564
759 449
446 26
14 521
657 301
710 321
980 613
188 388
636 879
203 990
432 188
129 963
630 820
509 300
237 822
373 255
838 277
395 153
692 400
103 227
218 518
384 447
931 315
396 813
389 324
640 502
287 299
297 780
977 376
512 516
219 212
555 329
398 810
289 486
798 485
598 416
49 952
572 894
697 358
770 21
725 647
542 44
214 683
887 361
45 814
94 231
282 8
82 165
319 496
626 699
146 852
541 459
874 535
725 314
777 944
554 306
208 459
787 637
976 447
912 408
444 107
3 962
301 565
164 407
437 857
652 317
764 98
41 818
737 600
176 288
136 902
128 567
394 190
235 749
42 908
824 276
684 748
979 592
568 393
367 363
52 163
642 983
335 179
126 16
130 478
583 259
129 868
752 295
167 596
856 71
640 622
770 864
431 644
195 5
448 365
701 429
952 64
880 854
168 770
79 88
961 157
472 368
217 421
709 719
147 271
296 975
909 816
764 962
251 535
878 438
753 696
570 881
253 318
666 45
931 52
433 496
810 313
678 138
123 334
212 988
825 86
234 125
259 21
29 49
526 81
94 721
14 707
122 827
196 856
898 314
637 538
384 777
180 907
117 603
771 332
601 876
706 170
472 50
986 593
661 82
359 30
93 962
677 106
521 44
216 834
545 29
354 675
641 378
915 989
701 566
450 261
916 944
429 751
888 786
822 20
361 481
799 173
527 774
616 414
629 687
233 876
11 270
444 523
91 174
293 506
201 949
674 623
643 142
168 586
393 704
892 709
283 475
482 142
620 739
767 776
25 199
346 93
197 36
891 567
150 127
651 509
576 903
385 81
609 549
576 826
756 520
865 274
19 224
703 891
872 605
418 726
716 493
76 113
817 178
811 538
245 646
62 675
85 104
377 488
976 994
102 506
835 147
524 562
627 66
928 705
632 309
532 459
815 234
524 754
931 745
80 441
94 743
21 286
480 775
602 476
184 869
464 374
676 338
473 781
292 86
39 611
277 439
209 581
598 336
777 846
89 782
487 893
25 737
276 475
588 253
243 476
442 648
842 363
919 740
481 233
596 877
857 291
748 807
462 156
490 653
381 745
314 124
344 142
33 64
165 164
227 357
807 329
401 733
143 864
357 195
429 394
156 457
644 164
414 422
496 534
890 966
883 24
239 571
602 904
953 12
800 253
92 950
574 214
602 34
806 680
156 899
596 589
259 174
458 280
836 443
21 109
378 391
331 347
945 390
937 232
622 449
813 445
805 941
744 769
705 839
251 118
552 895
417 56
977 444
468 947
713 242
553 484
736 656
726 674
183 981
177 984
631 894
889 336
399 660
676 807
235 680
420 407
552 332
86 211
404 350
156 56
115 867
994 889
448 207
64 204
382 910
331 355
928 64
954 862
923 192
780 936
482 544
248 565
831 683
68 11
951 907
484 15
604 971
193 124
452 646
53 131
141 863
17 724
116 589
753 352
991 755
570 436
23 586
876 24
885 26
136 408
561 837
82 591
361 780
388 940
492 333
448 504
224 848
964 213
347 713
184 186
99 360
4 576
902 326
83 744
478 589
892 9
267 27
146 64
489 550
749 904
489 415
409 539
143 93
495 109
650 829
259 558
713 774
887 928
772 993
17 244
191 801
668 409
936 932
534 526
925 811
677 448
674 758
845 457
40 178
710 399
941 644
646 371
248 490
81 779
922 613
878 352
661 467
215 596
763 860
154 962
525 59
977 398
420 739
655 974
738 802
816 792
693 198
45 924
589 798
176 336
447 96
543 635
655 417
546 346
614 884
426 212
84 903
113 6
79 942
891 801
567 428
338 403
316 662
798 603
169 501
795 638
940 714
63 780
339 35
257 38
695 798
201 708
924 164
593 716
105 193
546 249
80 31
809 498
164 989
79 253
814 458
288 405
13 505
747 619
905 632
462 235
183 790
229 592
567 142
863 176
603 480
985 471
132 685
166 331
617 894
905 921
188 136
52 904
898 750
157 57
140 800
620 152
626 636
195 284
644 411
484 117
401 668
76 981
621 510
781 420
729 968
229 517
609 523
766 201
943 268
264 484
600 254
680 50
736 202
829 130
729 539
518 879
14 521
824 826
806 87
883 334
586 651
126 321
395 120
783 42
470 234
962 388
12 434
373 514
457 725
392 798
405 623
619 831
421 620
455 369
292 235
589 951
48 168
979 515
812 382
409 708
599 564
487 490
519 627
90 417
318 637
751 964
315 940
338 29
594 866
519 32
946 407
681 17
20 279
584 750
574 407
519 724
303 52
767 462
752 159
130 187
946 538
173 344
426 827
668 889
440 940
783 423
386 555
197 382
229 596
380 674
342 337
26 341
952 101
131 742
216 649
675 56
478 696
209 204
82 55
905 635
313 235
266 242
283 13
484 675
891 653
750 230
14 772
686 925
827 875
126 25
819 484
595 523
285 269
984 495
418 250
265 92
950 442
924 222
508 929
226 456
99 151
7 549
179 900
448 951
279 347
548 672
539 701
373 528
717 456
894 791
254 510
585 964
969 342
648 182
922 46
969 983
564 90
187 833
707 357
610 855
192 333
353 806
155 504
216 941
576 193
450 84
449 119
400 275
417 237
864 358
901 129
578 508
757 86
144 556
218 73
467 396
9 813
729 350
901 573
324 290
375 204
575 226
747 932
840 697
905 107
307 87
162 609
428 225
922 541
538 468
387 134
157 637
476 640
120 202
465 412
415 141
185 552
683 481
340 18
817 184
132 144
294 279
440 87
947 518
309 98
289 175
555 786
581 468
710 633
953 690
197 458
62 75
276 675
162 886
675 16
799 11
772 500
463 541
942 908
627 679
109 328
735 80
38 774
133 949
739 974
805 17
241 749
359 411
506 558
269 415
569 136
281 970
332 459
103 979
986 188
967 198
219 376
27 586
283 725
281 340
116 269
604 439
593 623
514 982
642 332
642 323
945 372
769 775
277 714
908 918
309 588
572 41
956 983
469 797
853 20
976 599
526 678
433 23
595 590
97 702
789 287
830 910
744 434
744 9
468 149
97 771
632 279
151 468
547 497
178 997
811 805
742 520
386 61
645 119
140 928
631 305
522 952
591 569
251 855
432 336
969 897
201 885
531 616
196 729
151 630
497 920
913 951
228 241
398 620
995 767
739 366
250 964
596 127
690 200
85 762
689 364
656 422
866 447
50 970
319 718
743 669
991 423
767 767
111 819
327 38
35 84
736 243
861 401
411 212
795 390
869 160
183 240
130 104
877 837
677 989
591 89
579 771
493 440
808 183
550 35
446 931
945 619
57 290
209 512
209 972
482 437
494 777
690 657
462 736
332 726
890 450
417 933
722 193
380 754
448 440
955 900
300 347
690 762
493 966
818 403
912 257
248 924
916 523
59 574
794 154
171 265
613 629
13 834
676 548
95 662
407 43
459 597
233 461
753 347
83 393
925 402
371 407
567 71
75 936
590 892
166 771
245 378
725 215
631 483
761 298
687 333
478 322
309 627
632 965
404 958
588 488
894 457
353 440
601 747
179 489
247 166
815 481
464 643
452 132
366 572
766 284
394 89
789 324
513 126
421 768
806 776
76 215
85 15
804 808
640 159
380 181
813 274
647 98
664 691
372 250
512 520
385 669
12 433
803 20
82 104
138 463
712 400
730 563
912 93
211 247
67 918
299 634
723 981
111 187
299 671
530 591
166 807
784 8
80 881
126 838
793 195
121 229
247 606
247 348
262 363
342 777
159 586
975 805
850 298
595 103
695 607
525 882
162 125
318 355
421 575
162 469
233 378
858 361
272 191
900 230
820 902
602 56
361 254
148 346
691 307
456 703
289 335
866 67
578 616
542 32
691 505
988 563
668 286
911 586
724 732
745 570
307 325
304 410
510 919
621 744
960 648
475 660
234 569
697 378
23 339
374 575
266 861
287 871
293 316
405 720
728 335
639 824
697 68
668 610
357 176
164 302
803 46
756 793
377 48
928 19
652 161
586 975
154 933
745 79
165 942
584 491
386 136
906 791
813 688
947 766
620 715
248 584
188 118
194 544
492 150
606 626
229 447
740 594
112 418
59 222
941 229
381 487
48 413
850 71
687 912
173 981
571 950
568 718
155 36
354 22
308 604
875 803
303 684
113 528
391 957
434 82
558 292
986 98
581 289
318 134
976 152
934 865
726 403
514 522
821 583
23 383
902 247
251 582
458 476
108 841
485 529
328 702
661 390
332 102
147 382
928 805
775 313
191 757
624 879
841 216
138 817
126 346
266 465
114 993
467 886
744 509
286 929
549 144
198 370
933 829
17 649
968 854
447 133
592 783
759 498
178 670
850 700
893 150
19 570
357 241
995 82
134 279
682 341
216 218
410 44
264 961
823 67
567 360
774 305
252 753
815 223
405 184
509 577
441 643
820 105
414 87
765 770
5 191
180 28
817 721
572 58
392 987
361 253
658 628
987 428
949 828
152 938
698 808
513 846
230 934
545 403
456 864
157 576
206 522
833 308
40 872
344 587
649 977
253 265
701 316
256 858
651 745
916 693
809 410
25 681
263 440
120 681
751 280
699 81
788 866
695 860
177 533
354 947
897 935
146 217
995 318
477 744
477 73
525 878
249 460
397 103
442 824
759 403
613 772
524 901
397 684
878 148
54 551
501 254
941 191
611 89
232 515
613 70
727 520
982 333
425 37
571 840
77 394
675 504
771 71
836 380
11 242
616 713
234 234
13 80
913 267
616 860
385 91
197 216
969 370
37 870
159 439
632 31
468 983
212 6
815 325
302 743
113 690
255 480
940 732
160 329
842 40
861 732
899 456
434 763
189 579
663 496
333 737
313 118
500 770
654 399
555 423
657 917
91 432
389 514
338 505
341 30
882 47
193 251
964 848
491 967
116 699
274 983
496 713
946 556
978 210
230 613
260 289
844 974
607 104
597 486
274 183
93 706
478 946
598 461
133 503
564 599
845 710
814 824
438 260
391 522
215 51
289 961
927 248
438 946
226 526
129 552
496 117
657 129
464 990
856 897
307 220
927 571
76 196
11 58
367 361
862 710
343 239
819 74
877 374
828 309
500 46
563 328
535 264
733 802
165 491
515 932
935 779
223 279
793 31
190 458
93 867
943 770
236 568
127 143
720 525
881 196
377 958
528 455
257 737
765 281
392 409
27 870
151 87
296 964
457 770
860 607
821 877
68 750
264 604
372 516
12 717
974 286
40 819
276 474
801 447
674 635
747 66
341 731
827 971
294 18
900 367
906 503
801 556
414 152
660 953
640 599
324 355
418 684
352 336
618 114
885 651
684 400
97 230
484 592
706 216
457 992
957 357
571 995
573 493
840 667
389 741
886 919
64 985
43 526
638 567
649 189
199 771
186 946
931 982
997 31
4 838
