1059 4860
585 485
194 94
426 326
606 506
348 248
516 416
521 421
1092 992
422 322
749 649
895 795
337 237
143 43
557 457
945 845
915 815
1055 955
546 446
352 252
522 422
109 9
891 791
1001 901
459 359
222 122
767 667
194 94
698 598
838 738
107 7
674 574
644 544
815 715
434 334
982 882
866 766
467 367
1094 994
1084 984
993 893
399 299
733 633
533 433
231 131
782 682
528 428
172 72
800 700
974 874
717 617
238 138
974 874
956 856
820 720
245 145
519 419
1095 995
894 794
629 529
296 196
299 199
1097 997
377 277
216 116
197 97
1008 908
819 719
639 539
342 242
807 707
207 107
669 569
222 122
637 537
170 70
1031 931
198 98
826 726
700 600
587 487
745 645
872 772
367 267
613 513
1072 972
181 81
995 895
1043 943
313 213
158 58
848 748
403 303
587 487
864 764
1023 923
636 536
129 29
824 724
774 674
889 789
640 540
579 479
654 554
242 142
567 467
439 339
146 46
741 641
810 710
296 196
653 553
594 494
291 191
166 66
824 724
924 824
830 730
308 208
1088 988
811 711
190 90
900 800
440 340
414 314
649 549
389 289
296 196
501 401
965 865
566 466
778 678
789 689
670 570
933 833
1036 936
325 225
822 722
344 244
751 651
949 849
223 123
213 113
531 431
479 379
608 508
461 361
685 585
165 65
953 853
586 486
742 642
786 686
1092 992
386 286
825 725
989 889
386 286
124 24
912 812
591 491
959 859
991 891
763 663
190 90
188 88
281 181
279 179
314 214
287 187
117 17
719 619
572 472
361 261
518 418
946 846
519 419
292 192
456 356
361 261
782 682
614 514
406 306
986 886
301 201
630 530
485 385
949 849
1052 952
394 294
600 500
899 799
294 194
491 391
837 737
430 330
424 324
398 298
1092 992
890 790
324 224
375 275
360 260
926 826
197 97
172 72
310 210
966 866
749 649
1051 951
1019 919
848 748
163 63
785 685
1058 958
1056 956
904 804
664 564
618 518
283 183
528 428
500 400
637 537
821 721
446 346
307 207
253 153
423 323
1071 971
711 611
762 662
216 116
297 197
209 109
191 91
895 795
629 529
443 343
226 126
962 862
847 747
785 685
569 469
110 10
870 770
981 881
1034 934
1084 984
823 723
503 403
995 895
460 360
668 568
549 449
272 172
641 541
1058 958
372 272
483 383
977 877
408 308
459 359
1070 970
807 707
683 583
408 308
148 48
870 770
1030 930
130 30
669 569
308 208
103 3
411 311
120 20
200 100
709 609
1039 939
987 887
522 422
925 825
885 785
1030 930
470 370
1004 904
1089 989
341 241
1069 969
479 379
243 143
476 376
1072 972
1062 962
128 28
989 889
161 61
543 443
738 638
316 216
448 348
438 338
447 347
260 160
166 66
506 406
491 391
259 159
738 638
131 31
395 295
304 204
926 826
520 420
296 196
253 153
549 449
525 425
955 855
431 331
243 143
665 565
587 487
938 838
240 140
109 9
664 564
1018 918
715 615
633 533
235 135
332 232
664 564
1057 957
460 360
691 591
893 793
676 576
263 163
846 746
959 859
477 377
860 760
958 858
811 711
186 86
762 662
534 434
259 159
658 558
760 660
379 279
368 268
940 840
1048 948
835 735
415 315
674 574
776 676
226 126
441 341
1012 912
789 689
839 739
994 894
921 821
806 706
725 625
590 490
1017 917
578 478
301 201
771 671
1093 993
1032 932
249 149
999 899
152 52
337 237
859 759
287 187
367 267
572 472
356 256
872 772
883 783
198 98
217 117
1006 906
616 516
1011 911
280 180
735 635
125 25
325 225
480 380
923 823
812 712
264 164
366 266
443 343
316 216
832 732
548 448
602 502
641 541
840 740
764 664
676 576
1054 954
712 612
826 726
1002 902
872 772
554 454
631 531
511 411
1043 943
1073 973
850 750
803 703
427 327
950 850
1017 917
177 77
105 5
320 220
213 113
902 802
1013 913
503 403
891 791
281 181
1098 998
110 10
959 859
625 525
445 345
1019 919
531 431
768 668
775 675
627 527
933 833
562 462
538 438
391 291
623 523
705 605
1016 916
557 457
520 420
505 405
215 115
517 417
760 660
379 279
361 261
785 685
872 772
696 596
488 388
407 307
864 764
324 224
943 843
422 322
306 206
940 840
507 407
1075 975
739 639
501 401
952 852
191 91
642 542
427 327
160 60
430 330
857 757
282 182
182 82
703 603
737 637
893 793
193 93
715 615
714 614
833 733
236 136
964 864
287 187
116 16
202 102
963 863
1072 972
1087 987
263 163
406 306
601 501
134 34
577 477
765 519
207 800
315 789
951 918
611 885
573 387
530 346
352 384
145 385
342 970
410 792
819 422
202 377
599 41
748 500
305 541
124 165
342 758
1064 145
413 611
1005 705
250 522
391 438
340 126
143 157
367 635
978 40
112 603
991 35
801 400
597 918
870 260
792 852
556 758
192 226
186 718
262 131
382 108
783 108
209 677
910 869
262 817
953 634
408 390
965 802
474 16
720 729
192 421
758 731
557 689
373 616
263 521
793 477
136 404
436 848
451 554
231 902
995 963
220 107
761 29
932 517
130 187
789 977
744 126
860 411
451 582
589 330
147 739
1037 366
636 842
585 605
849 193
910 550
432 827
976 372
764 502
613 38
418 131
106 949
1097 86
935 897
311 405
977 274
826 216
918 849
345 349
684 127
134 555
832 500
760 686
363 772
673 505
851 552
179 250
928 876
405 583
692 214
944 708
1011 548
380 350
195 293
417 921
952 518
870 474
868 797
1033 763
462 175
709 593
865 991
394 519
481 594
381 219
503 319
749 521
306 717
323 987
587 413
181 820
1043 148
735 686
275 807
431 757
220 457
739 864
829 56
815 253
1040 235
581 868
1022 391
435 368
318 625
633 409
753 694
947 336
1055 319
423 625
857 564
535 727
1091 119
317 385
589 929
1094 859
848 168
519 242
489 392
961 780
1062 116
419 94
494 264
629 518
189 44
1044 845
1052 536
771 349
626 770
622 256
1076 231
499 21
1048 912
847 783
845 841
1062 574
927 696
907 731
109 694
162 683
461 48
504 646
1048 172
645 182
198 641
664 69
686 642
957 460
668 853
383 781
510 161
709 555
1003 108
304 890
247 482
160 588
899 974
157 558
287 121
301 595
1068 805
723 566
621 755
221 524
625 879
249 832
788 110
317 768
896 706
711 471
374 814
161 975
107 369
160 828
777 482
331 924
538 744
167 783
863 346
840 965
794 329
430 592
682 948
158 120
831 522
787 497
845 795
974 339
940 301
265 88
653 582
501 920
302 275
753 27
1009 122
146 48
375 627
761 660
447 484
695 734
1007 752
571 329
796 653
1006 430
500 718
1018 339
269 795
1072 255
225 293
1001 124
925 620
768 483
1018 39
541 481
429 81
539 693
269 403
755 736
364 788
612 828
459 962
994 646
963 860
418 404
977 974
865 59
582 354
988 84
1024 518
1047 266
868 503
405 681
357 4
610 321
213 222
1001 986
958 143
799 125
988 858
619 618
965 324
909 419
1004 421
162 466
896 382
139 987
1007 154
849 969
958 686
529 145
826 565
450 190
252 754
195 804
141 716
938 594
1018 412
1009 526
289 877
705 42
643 270
706 822
367 285
500 662
999 524
117 62
157 946
662 748
1035 102
585 160
725 39
680 362
345 426
822 66
844 758
256 158
253 299
483 832
929 930
534 877
709 49
639 241
525 543
585 296
646 469
957 223
136 546
738 698
1085 965
1028 904
567 330
1072 562
865 487
195 837
766 480
756 964
423 639
1084 646
554 151
1090 252
337 920
820 211
846 545
708 759
321 39
429 669
305 205
693 464
517 369
429 510
761 628
213 71
524 500
629 285
666 825
490 23
690 254
284 351
891 751
220 654
661 456
223 542
455 457
303 725
833 621
535 906
199 844
561 558
944 574
204 616
957 356
926 384
308 464
278 437
313 813
820 952
840 16
357 175
600 932
305 489
565 95
1095 56
509 990
949 622
762 155
1033 252
717 560
136 489
969 553
679 738
365 572
733 386
649 610
781 610
646 212
893 853
797 189
331 296
461 937
637 151
606 465
205 873
1095 268
738 579
124 876
292 523
261 624
976 516
776 924
237 233
977 692
108 890
772 723
728 890
243 422
623 980
248 981
1065 56
795 801
992 494
831 418
347 29
681 531
690 145
195 159
583 163
923 244
625 610
846 106
914 414
717 333
728 31
314 501
941 861
350 333
600 183
887 320
257 78
826 682
145 523
306 457
751 306
481 888
944 245
616 110
956 123
1090 289
336 205
514 47
1007 96
666 70
209 565
1040 382
513 801
936 812
677 13
233 980
967 795
396 170
815 815
628 457
428 265
579 423
297 689
564 308
137 539
149 824
745 31
1093 459
591 254
982 101
904 482
641 630
723 655
1015 464
558 24
717 350
201 74
881 269
752 839
121 761
488 401
1003 864
237 290
179 903
532 199
177 543
643 32
780 893
155 821
660 921
864 549
633 212
589 59
201 745
907 910
925 446
632 981
325 286
422 425
475 789
738 494
433 737
991 114
532 327
334 489
154 316
632 28
239 439
982 718
376 639
842 677
999 920
172 157
1040 845
562 399
819 963
1085 76
973 108
1008 343
531 901
514 171
335 316
738 857
571 572
634 504
796 846
1061 365
763 130
881 351
660 164
879 873
235 313
600 901
554 132
610 15
434 759
1068 45
645 339
884 159
931 431
488 600
439 309
739 473
246 412
387 669
738 352
766 216
407 340
1075 784
151 802
568 767
487 39
1072 44
495 131
844 412
941 791
717 452
302 907
866 985
345 433
388 539
1069 57
268 889
409 487
357 581
665 352
331 154
1003 155
288 927
670 303
647 740
1007 172
139 442
348 879
338 156
660 445
302 768
1054 930
749 259
242 515
483 551
499 486
407 835
536 370
619 738
169 469
398 727
700 198
865 373
564 646
588 669
575 85
643 707
612 314
759 979
646 679
765 780
1062 492
810 43
1017 932
263 603
580 647
859 12
144 787
329 62
778 938
519 637
700 613
218 29
145 284
741 988
531 968
554 725
322 526
613 185
377 472
483 588
281 894
296 326
429 687
364 885
630 629
627 53
924 831
1000 717
877 402
165 188
222 342
372 412
328 856
921 924
731 972
1078 376
470 477
330 544
773 664
972 418
114 766
1054 764
305 677
234 90
303 501
974 78
210 352
316 138
939 927
561 242
566 478
824 850
308 46
876 481
905 426
282 727
398 947
826 619
253 782
183 844
186 795
801 889
937 14
416 524
328 945
380 651
739 47
810 506
1018 750
685 226
1051 37
195 97
1014 471
235 431
591 953
189 401
362 457
127 697
862 581
781 660
798 853
344 143
498 505
110 538
151 166
121 907
176 178
346 61
129 323
259 727
259 765
716 879
608 950
791 822
661 772
901 342
855 963
1000 35
876 720
337 907
1045 176
1014 538
672 631
702 716
232 730
1073 537
355 258
139 113
627 72
266 874
527 816
727 680
146 99
500 264
749 385
595 918
114 804
175 88
703 658
964 308
700 715
108 667
538 466
1040 395
235 897
761 278
193 788
872 202
270 200
699 115
1085 781
120 827
691 640
424 23
528 468
1078 859
699 208
239 816
219 651
605 13
483 508
717 458
354 630
788 995
307 454
742 881
938 49
130 571
931 786
208 416
701 409
786 415
572 917
227 665
486 440
428 163
152 265
220 64
580 612
321 702
918 346
845 522
800 327
888 534
921 230
841 493
778 460
362 582
345 421
148 490
268 658
700 991
738 400
1098 600
1026 371
496 35
393 292
763 269
253 979
590 776
736 259
1058 871
530 891
450 659
976 642
337 86
556 739
518 16
919 212
550 726
155 908
218 899
803 830
676 6
458 637
859 219
669 768
224 227
885 939
425 615
418 133
837 869
464 896
151 839
473 578
1082 685
902 574
702 50
274 719
346 356
218 386
654 405
639 300
827 228
690 564
1088 168
618 261
829 191
1092 642
631 817
923 400
933 19
1044 275
886 290
316 670
284 457
1049 835
704 200
834 977
852 592
271 576
1048 523
610 497
679 638
826 65
319 389
105 331
428 248
628 601
319 6
1010 517
429 170
868 618
213 768
451 503
541 587
359 178
558 464
540 979
326 584
174 313
348 495
408 762
962 944
345 653
351 737
938 302
746 883
420 37
292 496
445 688
546 350
858 56
555 153
897 241
814 961
371 762
897 535
107 872
346 706
580 18
167 685
124 202
206 700
574 108
1081 174
807 694
711 650
186 344
222 242
567 791
847 520
999 813
793 958
698 611
592 667
978 966
302 745
300 898
878 351
140 105
518 222
946 912
131 549
268 927
118 227
752 743
197 263
282 297
1085 237
304 204
662 911
841 299
439 372
268 562
769 544
762 143
447 713
299 269
200 818
170 923
623 279
976 666
193 97
519 194
455 590
931 610
972 367
904 250
603 378
689 269
460 888
318 233
726 473
198 137
912 25
514 555
1059 227
117 54
833 436
250 847
893 438
756 873
1040 264
757 158
588 497
622 571
383 426
384 568
294 224
880 524
362 257
888 802
506 208
214 335
622 687
199 25
521 201
263 816
350 826
687 41
105 634
521 372
1007 493
214 837
558 465
324 742
505 334
482 775
334 463
812 784
857 656
468 495
321 976
153 738
261 584
600 249
397 397
656 55
748 549
538 257
400 494
786 13
226 655
140 948
960 82
933 920
474 696
164 334
339 198
448 601
861 710
852 249
510 96
841 28
197 913
680 701
268 616
676 752
770 327
655 90
992 555
1068 708
435 678
969 178
418 726
704 381
1041 671
607 948
616 988
874 97
787 865
553 237
245 309
637 712
361 407
906 713
119 478
869 15
202 315
283 843
492 588
114 349
944 439
537 103
198 433
560 199
1087 56
765 270
1036 173
255 314
712 34
314 449
716 241
530 182
369 871
449 285
481 856
582 440
758 138
112 830
1056 824
717 516
583 13
884 144
135 170
955 97
253 764
504 944
657 817
981 795
228 65
469 347
754 246
622 14
246 600
734 323
272 879
148 778
431 912
240 587
242 517
1001 724
1006 804
285 902
694 126
625 703
986 231
437 461
711 217
124 783
403 709
1093 363
122 812
1037 340
334 301
129 45
321 208
727 138
795 688
567 553
527 154
770 635
327 354
558 465
