1102 3201
585 485
194 94
426 326
606 506
348 248
516 416
521 421
1092 992
422 322
749 649
895 795
337 237
143 43
557 457
945 845
915 815
1055 955
546 446
352 252
522 422
109 9
891 791
1001 901
459 359
222 122
767 667
194 94
698 598
838 738
107 7
674 574
644 544
815 715
434 334
982 882
866 766
467 367
1094 994
1084 984
993 893
399 299
733 633
533 433
231 131
782 682
528 428
172 72
800 700
974 874
717 617
238 138
974 874
956 856
820 720
245 145
519 419
1095 995
894 794
629 529
296 196
299 199
1097 997
377 277
216 116
197 97
1008 908
819 719
639 539
342 242
807 707
207 107
669 569
222 122
637 537
170 70
1031 931
198 98
826 726
700 600
587 487
745 645
872 772
367 267
613 513
1072 972
181 81
995 895
1043 943
313 213
158 58
848 748
403 303
587 487
864 764
1023 923
636 536
129 29
824 724
774 674
889 789
160 841
881 808
1045 276
504 723
646 381
388 536
827 72
745 915
202 267
270 276
595 442
622 180
392 264
259 521
211 824
236 303
944 922
897 476
503 528
379 530
897 632
219 170
772 480
544 129
848 57
595 502
804 227
412 174
870 580
1037 532
364 230
912 605
429 713
697 503
353 540
520 548
987 959
730 405
1010 874
206 111
138 309
809 879
315 374
401 855
957 545
1063 496
824 737
508 781
289 511
373 977
430 692
457 788
934 366
421 615
1070 821
131 657
650 531
726 505
713 832
774 414
492 490
933 538
408 727
1050 423
872 977
279 864
133 434
245 248
248 553
202 327
385 232
575 967
377 42
834 358
253 965
774 539
938 75
873 208
446 953
963 323
1097 215
1032 460
990 385
1009 644
735 36
145 749
914 979
978 896
488 669
368 404
199 864
915 862
1090 398
610 499
751 64
284 638
586 18
750 669
1047 863
326 921
287 201
351 857
239 144
836 147
295 491
650 260
505 954
715 320
416 76
734 928
804 698
373 565
436 865
626 835
925 176
1072 597
373 599
635 370
201 544
152 322
715 565
955 826
385 622
762 68
362 805
334 756
140 162
953 756
295 360
440 780
901 134
753 946
439 583
380 351
1091 47
259 112
340 530
124 14
302 821
995 657
291 891
831 634
1016 515
624 678
715 167
231 114
699 129
754 665
891 571
1008 766
420 198
925 665
135 401
375 755
397 885
593 779
722 576
382 230
652 148
1018 837
1038 343
708 159
494 531
929 423
169 261
549 661
673 340
1012 156
946 272
851 515
679 858
795 697
692 995
109 78
684 981
639 554
127 961
854 779
819 553
524 449
454 377
218 774
1052 359
633 244
821 14
1045 767
216 649
226 754
125 592
935 838
913 732
752 332
233 538
967 503
829 801
690 819
550 662
569 669
124 550
827 636
676 248
322 518
417 966
627 425
1002 198
803 343
546 62
455 114
1083 169
247 664
252 24
717 366
446 740
798 362
153 144
148 821
972 438
561 398
898 783
752 401
798 385
968 106
541 68
609 943
630 917
959 733
207 265
440 613
313 117
1052 690
386 944
648 254
278 808
958 45
635 739
317 63
857 101
741 812
605 423
107 182
608 709
1004 211
359 611
349 646
337 958
720 350
567 732
683 859
528 296
985 494
623 606
745 749
625 62
516 608
1093 864
716 153
215 728
1094 71
912 924
218 403
765 170
1096 635
1063 346
548 710
117 404
298 695
1076 491
1093 889
328 145
201 744
348 762
710 371
323 883
769 364
473 204
604 36
377 539
209 975
685 407
642 116
610 754
830 70
879 287
110 334
881 90
668 17
298 752
574 957
189 656
858 206
492 478
469 423
419 599
183 801
868 669
297 95
670 101
207 837
132 597
1014 53
518 820
596 216
651 665
903 411
146 879
1085 465
759 870
441 566
934 747
1076 890
782 845
400 925
558 727
151 350
456 367
141 663
585 790
305 904
332 195
405 738
565 372
1070 874
424 396
565 587
215 218
551 354
287 114
413 560
1054 346
934 196
481 660
1044 109
860 611
377 312
880 703
143 727
605 579
853 614
433 582
246 479
796 548
742 469
404 438
210 714
815 867
818 353
421 610
567 376
470 956
307 539
842 382
1029 581
397 252
258 81
860 379
630 915
888 674
698 7
406 422
323 442
184 701
732 896
808 521
959 624
783 298
471 483
515 733
347 742
794 735
966 692
303 545
669 652
903 293
740 68
943 45
271 236
400 777
346 174
864 267
719 189
446 466
708 377
710 467
1069 704
359 428
904 233
239 180
308 378
845 714
194 400
575 346
601 690
526 149
626 654
856 119
732 155
559 135
822 745
818 812
980 886
787 332
552 707
563 975
586 304
183 213
254 446
935 495
755 707
710 774
527 135
850 65
849 177
781 94
110 513
475 817
712 996
249 470
203 121
118 788
885 687
341 187
233 247
986 88
701 570
700 795
1060 751
900 584
1096 979
467 959
238 512
698 286
582 972
866 641
164 597
385 859
241 528
237 165
715 159
811 195
945 974
844 214
688 784
478 139
559 816
321 584
585 169
258 186
964 808
1088 234
588 799
765 981
401 537
330 124
188 664
214 716
467 624
575 91
950 619
1038 825
142 392
1041 942
278 813
944 805
128 44
338 410
336 858
473 131
972 472
458 96
234 951
1019 550
129 666
957 187
269 470
414 229
263 916
624 301
240 351
284 948
444 490
767 206
395 21
841 66
442 565
408 94
448 416
717 424
529 50
538 376
902 990
207 627
542 398
699 607
459 786
700 960
112 969
392 447
370 764
704 665
890 772
254 77
183 229
420 903
539 919
158 143
752 18
706 119
346 353
295 986
1079 134
774 89
522 546
666 170
340 202
588 512
955 834
954 510
1052 749
282 867
893 753
763 752
695 509
899 586
572 774
801 758
575 906
347 418
160 565
789 849
393 748
400 736
885 942
734 300
842 652
572 299
1056 560
1091 273
185 864
998 479
966 959
569 619
855 953
824 988
1013 366
407 787
546 521
243 850
132 555
270 751
431 824
484 52
176 586
510 958
1010 297
132 527
480 921
454 824
112 446
629 80
708 478
592 395
1042 479
971 405
797 137
679 635
768 775
513 672
128 575
1007 848
947 672
163 311
566 763
135 392
531 98
141 111
922 795
1021 838
681 527
646 706
308 465
283 612
1006 285
322 271
805 653
777 622
747 457
1033 816
681 890
560 416
601 86
548 275
553 345
864 911
981 531
414 396
198 202
454 210
831 863
784 602
345 897
600 437
670 586
900 776
240 529
832 572
235 812
883 544
330 263
865 139
689 567
413 757
591 780
818 781
779 547
517 779
619 70
990 755
811 331
1013 653
319 84
817 250
183 619
1002 769
919 654
771 267
708 332
360 622
153 880
356 204
242 356
350 461
834 99
132 507
805 781
1011 211
871 26
1068 471
595 282
233 419
822 185
810 833
303 505
319 26
322 104
668 545
224 317
747 165
798 315
1097 965
950 953
1008 786
226 525
801 348
670 247
772 41
505 269
257 848
398 980
878 313
285 104
391 24
899 290
476 838
531 492
527 684
378 262
204 613
954 17
1025 560
749 980
882 819
584 143
666 587
415 572
281 311
481 98
1020 730
393 694
449 281
1096 737
267 510
259 209
420 755
197 968
127 297
438 88
537 716
356 980
448 608
438 103
557 794
374 346
931 894
1075 363
134 574
1062 778
172 972
403 236
179 940
475 330
854 838
792 439
265 386
309 968
1084 234
503 191
130 156
211 757
406 348
174 355
643 784
547 275
457 778
631 314
742 672
1019 349
909 532
108 304
787 600
756 489
486 261
870 486
760 527
293 250
319 715
728 939
828 603
1049 414
533 175
1085 419
580 710
722 9
310 360
621 757
679 491
401 289
110 460
354 211
1051 410
431 156
912 26
759 55
236 55
901 430
888 843
721 314
819 898
1030 428
754 488
590 358
184 259
569 558
216 761
541 691
707 883
921 914
1066 279
575 286
989 126
1097 695
153 587
516 288
385 319
903 30
874 339
596 443
746 114
912 597
168 57
1024 24
385 186
900 590
421 881
116 166
862 887
1039 850
466 100
497 759
868 598
174 269
545 183
576 150
596 60
600 14
319 583
972 989
791 747
655 575
444 449
670 261
756 105
618 305
427 549
330 466
529 536
898 33
192 467
1015 632
264 104
646 984
404 394
446 815
311 965
756 547
513 364
392 30
1018 123
1035 373
263 939
610 934
981 575
684 236
962 595
734 742
534 564
936 306
641 884
623 391
900 39
976 62
719 202
281 793
585 445
1056 315
613 37
111 292
244 651
139 579
959 174
109 137
668 382
488 974
759 335
194 24
657 792
431 723
501 628
863 985
518 612
814 488
382 553
656 895
280 130
564 840
167 771
382 938
395 140
1080 901
594 768
199 724
778 800
472 51
191 96
476 197
709 940
538 269
865 624
754 275
498 144
1081 943
645 342
225 199
196 237
244 830
144 132
172 562
641 12
679 126
560 365
792 145
988 564
623 470
345 308
237 405
477 681
1044 447
327 68
1097 599
1004 416
492 347
779 502
367 290
497 577
463 104
981 156
1016 389
241 114
984 292
785 522
768 859
707 519
571 877
711 934
633 11
626 862
333 788
479 397
417 639
864 601
223 343
156 328
1082 709
315 17
1036 672
253 259
900 726
244 234
470 823
115 770
949 301
237 378
969 993
533 75
546 731
698 617
514 458
995 446
188 980
384 476
375 189
898 21
307 179
766 626
121 826
225 454
370 285
452 988
239 81
196 895
202 239
469 587
178 755
215 150
847 854
183 507
917 718
559 621
386 295
881 34
819 276
521 700
703 747
892 179
635 151
226 866
479 430
411 503
825 343
1012 463
651 842
845 657
388 41
831 767
871 553
151 123
478 282
375 732
198 427
1050 393
186 374
527 82
373 275
578 548
1072 334
844 118
1082 16
1070 360
139 468
319 787
894 94
1094 559
645 39
1080 982
124 722
594 245
712 653
1086 95
128 120
933 331
127 884
1014 542
945 867
107 660
297 469
531 814
728 525
402 666
909 628
735 480
255 207
776 402
840 383
340 316
641 305
119 414
641 53
451 154
421 945
195 908
834 783
834 945
702 129
696 316
577 905
438 382
608 459
182 919
375 610
471 752
786 570
492 873
767 554
706 647
923 988
1084 462
918 822
442 785
551 360
1090 637
900 456
938 914
967 182
917 944
320 640
579 424
660 27
937 748
950 522
1019 974
735 568
786 732
610 462
693 86
835 681
154 137
967 470
1019 104
401 795
908 428
841 955
915 606
962 877
405 907
583 335
492 677
225 136
868 666
481 25
584 915
990 835
219 867
485 62
613 770
786 352
570 616
176 160
317 508
203 645
896 668
617 132
1080 390
257 843
638 779
925 347
205 678
507 395
471 853
976 400
289 326
550 823
970 812
867 936
202 858
173 14
800 832
617 561
224 667
640 960
170 792
676 835
883 398
158 953
723 375
646 712
1041 336
231 606
367 708
691 61
183 451
348 985
625 411
1084 869
210 135
122 720
975 564
992 244
846 625
153 759
799 305
141 131
494 691
190 916
