933 3590
585 485
194 94
426 326
606 506
348 248
516 416
521 421
1092 992
422 322
749 649
895 795
337 237
143 43
557 457
945 845
915 815
1055 955
546 446
352 252
522 422
109 9
891 791
1001 901
459 359
222 122
767 667
194 94
698 598
838 738
107 7
674 574
644 544
815 715
434 334
982 882
866 766
467 367
1094 994
1084 984
993 893
399 299
733 633
533 433
231 131
782 682
528 428
172 72
800 700
974 874
717 617
238 138
974 874
956 856
820 720
245 145
519 419
1095 995
894 794
629 529
296 196
299 199
1097 997
377 277
216 116
197 97
1008 908
819 719
639 539
342 242
807 707
207 107
669 569
222 122
637 537
170 70
1031 931
198 98
826 726
700 600
587 487
745 645
872 772
367 267
613 513
1072 972
181 81
995 895
1043 943
313 213
158 58
848 748
403 303
587 487
864 764
1023 923
636 536
129 29
824 724
774 674
889 789
431 223
813 972
348 779
710 216
851 316
812 53
569 26
372 680
673 698
923 710
947 137
878 481
114 156
295 188
747 666
631 136
1031 616
612 61
195 85
745 456
865 355
835 536
147 79
586 171
998 764
308 894
724 167
417 597
702 621
959 645
232 83
318 248
1049 406
831 752
990 261
215 226
721 840
769 260
528 560
191 658
760 11
328 146
488 140
424 207
672 199
954 135
292 245
187 911
485 187
885 354
107 640
643 332
942 263
148 225
1002 980
811 368
202 356
846 620
484 389
299 847
148 481
690 978
679 870
158 792
264 110
707 918
848 171
848 445
651 341
678 270
645 604
617 69
654 38
188 234
1043 613
605 547
732 469
866 434
751 890
320 771
595 74
348 390
237 136
885 76
526 264
547 187
333 683
664 731
1086 254
604 673
829 812
416 178
836 292
1097 303
275 995
741 452
178 71
258 494
844 400
992 400
328 752
438 50
609 875
625 232
1006 794
842 689
190 370
515 486
770 867
1092 182
706 82
525 342
919 692
1092 686
940 394
646 54
1064 419
939 758
480 759
107 40
869 403
225 867
919 319
1009 504
909 562
747 552
937 106
417 191
584 89
496 848
985 370
608 496
1074 982
794 416
126 953
199 902
425 378
511 746
804 595
1062 213
397 725
712 417
179 298
323 595
691 253
603 689
801 491
459 407
1002 958
171 648
720 778
884 224
196 332
733 785
781 295
141 720
627 973
211 940
595 938
877 104
691 538
881 269
778 737
675 885
185 250
875 82
256 570
772 591
306 386
179 917
644 569
394 35
820 613
887 461
478 79
195 386
905 953
605 545
835 506
898 105
560 350
745 408
354 578
841 280
592 808
596 882
1011 478
757 108
950 136
218 131
839 208
936 452
424 213
770 748
289 573
478 780
499 742
415 398
992 784
624 424
351 126
171 528
735 848
273 963
628 834
738 965
692 173
217 197
868 277
507 53
593 597
214 18
131 299
838 339
211 238
395 957
761 157
626 758
167 369
826 826
669 275
524 14
551 218
524 620
391 37
1019 609
257 897
767 403
643 301
1097 808
1035 689
374 698
694 701
230 799
185 176
742 260
499 898
442 866
639 81
966 152
681 798
201 841
613 469
1084 268
398 538
977 733
436 52
225 438
663 276
1091 823
197 337
480 523
479 972
932 800
750 823
322 986
957 9
1073 801
330 450
550 97
880 912
530 15
461 76
469 321
834 77
273 28
211 183
147 913
981 904
863 724
1010 19
694 661
1096 54
112 403
267 938
311 981
283 654
1019 507
556 745
606 376
382 423
400 94
739 675
761 904
298 584
557 948
280 34
689 377
693 659
443 238
860 800
802 177
565 34
881 152
148 425
123 640
866 953
664 674
882 10
1057 831
503 244
248 186
1073 903
160 951
648 126
813 700
974 988
674 925
933 811
951 645
315 589
421 395
706 753
1028 21
1054 537
740 641
800 111
944 748
1055 614
957 972
596 528
550 501
776 10
480 743
987 919
537 308
824 563
304 79
703 58
756 565
598 166
609 333
165 263
397 592
1040 869
387 584
1021 297
675 800
766 156
503 783
1054 954
902 645
690 602
564 897
448 719
168 810
874 797
346 399
652 219
153 348
943 221
746 229
709 78
1031 701
698 588
239 712
621 156
537 40
183 575
189 817
177 419
291 696
781 275
1016 336
949 904
603 647
730 808
301 647
337 137
132 81
782 7
483 390
744 897
1070 839
267 657
126 495
112 138
954 65
211 751
956 534
258 844
722 798
257 214
540 951
767 777
961 484
712 137
565 381
961 496
309 441
1075 603
1018 503
281 471
457 145
326 528
973 878
848 575
611 760
517 481
720 504
317 636
892 390
706 556
273 456
470 997
473 584
763 382
498 796
228 607
958 473
984 987
1078 279
943 201
1067 835
1039 762
786 738
505 733
514 618
127 447
1024 767
195 619
756 407
986 297
434 375
265 258
1065 858
238 942
722 420
129 644
924 44
253 909
240 625
830 186
537 36
452 835
595 730
549 921
693 321
595 482
854 366
520 97
791 919
299 347
291 641
907 719
681 668
730 385
514 215
1016 143
896 538
115 42
226 142
668 524
857 604
1061 158
674 322
230 955
990 953
1033 131
707 530
700 701
1048 38
720 900
940 573
182 387
739 936
877 272
978 716
1091 581
599 358
941 725
243 589
583 798
260 890
340 834
236 118
826 161
149 983
256 913
238 830
654 376
961 533
818 43
243 643
565 977
673 695
379 727
125 371
849 338
840 551
446 857
759 697
1051 152
403 749
699 215
596 369
874 891
615 274
579 120
702 191
735 536
865 690
261 365
656 773
772 955
1037 413
1045 844
1043 983
430 335
202 147
716 253
801 9
513 553
939 253
215 233
187 334
645 556
332 848
262 431
440 38
545 558
595 304
598 660
454 333
592 521
936 306
341 564
977 98
936 860
265 390
671 862
669 295
190 847
831 632
974 580
516 461
769 562
858 296
980 138
120 203
680 52
697 712
441 78
608 997
435 776
371 870
248 889
829 861
516 339
219 568
729 810
892 98
188 969
1073 248
325 440
167 329
443 775
758 420
870 290
986 988
425 970
679 818
137 640
211 74
838 85
1021 799
964 904
787 88
627 861
339 841
791 970
865 991
323 542
857 937
1027 556
647 854
749 660
418 457
244 21
1095 225
1082 83
283 503
140 680
1075 921
600 982
377 484
294 332
872 415
1031 937
762 440
317 435
170 343
959 420
1044 144
463 840
848 284
521 539
983 454
688 242
222 202
305 408
849 427
915 945
110 114
283 161
446 361
257 58
881 84
147 416
711 116
866 615
197 248
329 214
752 653
161 636
507 355
1097 724
745 895
566 72
508 629
213 627
150 467
919 278
487 690
521 472
566 883
201 54
707 141
804 59
469 413
1077 446
1052 493
773 585
260 78
714 36
588 44
635 534
210 562
266 868
126 262
1020 709
685 696
512 882
348 601
906 329
765 75
360 191
673 148
974 440
778 313
928 381
660 977
814 201
740 251
353 680
245 758
811 392
841 896
786 150
333 496
331 819
270 42
139 965
325 305
746 546
643 708
320 270
732 41
534 822
716 882
878 731
975 103
669 717
575 305
879 802
944 886
879 694
204 401
702 515
908 699
517 328
712 762
499 716
259 984
465 400
459 78
864 285
656 549
437 818
1038 87
188 234
257 148
629 979
1011 209
910 104
655 438
821 250
158 97
449 85
386 573
240 350
453 166
378 573
861 833
200 188
153 277
1086 916
526 394
760 830
302 195
1036 385
1078 662
123 665
1067 378
190 32
852 647
1037 577
259 537
951 217
204 91
519 821
706 428
1083 758
325 436
781 171
120 603
589 493
344 517
655 82
996 346
886 767
912 706
462 23
326 882
520 908
286 840
277 9
1048 62
928 745
1023 978
1006 750
327 986
841 898
784 516
334 439
749 348
1010 80
617 329
474 283
766 990
1027 30
462 591
241 291
577 681
218 322
544 373
233 390
490 394
855 207
318 602
588 554
575 130
989 868
1091 170
180 550
818 566
1071 529
231 599
373 754
952 621
431 576
638 214
740 172
1061 725
169 544
562 170
622 326
970 708
717 242
223 313
651 119
1094 628
723 889
426 419
471 334
534 792
578 107
973 801
529 176
328 218
284 120
866 600
904 264
365 762
853 698
312 251
564 692
831 327
160 413
971 975
682 231
922 92
883 578
420 721
853 73
798 980
133 724
619 722
883 894
292 240
469 227
356 739
430 40
127 720
904 195
707 266
301 737
318 252
1058 774
928 673
491 199
108 198
593 90
442 406
964 727
497 687
774 626
821 483
1045 134
378 706
300 467
776 923
772 584
338 476
636 981
1028 370
976 979
942 836
595 690
182 521
1007 897
1054 821
1049 723
459 491
317 985
755 288
344 598
452 656
215 197
345 48
612 990
433 830
631 686
1035 185
837 414
928 474
267 86
507 103
950 882
1064 653
485 844
181 108
113 937
653 806
210 342
669 609
741 628
669 469
809 580
506 923
549 167
182 592
204 905
1014 175
357 638
370 30
743 367
447 799
876 242
254 822
1013 866
733 352
688 917
812 94
695 323
483 645
136 602
406 853
1097 69
287 367
871 586
610 341
512 344
140 905
533 483
776 720
128 823
545 833
495 860
385 417
1036 147
673 701
302 202
620 515
168 272
198 248
694 473
404 269
429 831
628 198
668 819
820 219
996 233
1059 645
133 232
510 143
867 827
388 701
479 692
780 46
756 574
967 486
377 883
681 354
736 644
206 986
458 965
224 683
373 71
534 308
488 778
634 89
415 503
