773 4457
482 485
257 326
286 248
517 421
404 322
713 795
45 43
924 845
873 955
160 252
1 9
838 901
40 122
58 94
676 738
627 574
766 715
862 882
405 367
923 984
379 299
461 433
612 682
133 72
813 874
97 138
908 856
165 145
996 995
623 529
220 199
298 277
157 97
723 719
144 242
48 107
129 122
148 70
35 98
644 600
632 645
272 267
1040 972
977 895
312 213
778 748
567 487
965 923
1 29
616 674
569 540
628 554
493 467
76 46
733 710
575 553
288 191
775 724
723 730
912 988
64 90
354 340
565 549
210 196
922 865
775 678
566 570
934 936
626 722
742 651
194 123
485 431
483 508
617 585
876 853
653 642
896 992
652 725
220 286
727 812
900 859
563 663
56 88
157 179
280 187
537 619
284 261
920 846
124 192
239 261
459 514
931 886
504 530
910 849
382 294
795 799
485 391
351 330
289 298
865 790
250 275
738 826
75 72
788 866
947 951
651 748
595 685
993 956
663 564
265 183
338 400
637 721
206 207
328 323
618 611
64 116
139 109
806 795
412 343
912 862
715 685
1 10
929 881
1025 984
410 403
273 360
507 449
450 541
174 272
882 877
427 359
787 707
355 308
734 770
1 30
248 208
397 311
159 100
874 939
449 422
857 785
286 370
976 989
908 969
103 143
1071 972
1 28
117 61
697 638
424 348
439 347
74 66
442 391
568 638
195 295
854 826
281 196
433 449
845 855
224 143
487 487
181 140
496 564
690 615
124 135
575 564
374 360
766 793
149 163
776 859
793 760
674 711
696 662
90 159
732 660
214 268
935 948
228 315
619 676
349 341
734 689
964 894
644 706
484 490
491 478
628 671
1009 932
944 899
315 237
92 187
554 472
757 772
88 98
952 906
818 911
628 635
316 225
818 823
255 164
432 343
524 613
222 818
356 630
347 469
1033 783
761 12
775 711
707 815
609 944
102 296
733 905
184 624
893 655
68 340
212 63
568 688
896 390
301 678
241 451
979 584
421 986
355 133
505 527
466 829
516 320
1011 191
451 43
162 943
42 917
669 299
422 754
193 706
1025 696
366 851
87 590
921 213
698 92
719 43
210 196
523 753
471 268
831 976
113 802
832 399
122 650
594 29
329 639
725 197
773 932
665 198
333 336
413 966
460 408
36 909
252 476
870 646
63 927
726 927
1022 649
232 203
796 60
983 315
994 113
564 412
1003 124
876 164
435 973
363 511
249 623
635 511
144 403
591 158
94 755
438 159
938 541
400 23
269 448
1067 984
362 923
529 977
862 942
972 502
404 357
34 440
984 86
674 381
142 798
320 108
965 886
970 37
933 10
884 292
582 987
1060 114
10 907
258 294
317 512
357 137
606 457
756 570
895 506
758 650
870 152
585 463
148 834
456 489
205 956
658 227
241 568
640 46
10 231
356 575
1059 782
40 333
133 130
941 636
495 214
383 399
58 148
148 100
1028 600
780 554
998 25
293 616
425 189
212 356
399 406
458 362
672 586
658 227
963 29
36 927
53 414
496 453
548 319
320 139
37 590
621 35
26 643
307 535
1053 605
588 827
212 268
532 887
705 399
868 146
603 917
322 198
387 405
316 695
958 800
513 528
68 782
59 382
980 721
12 904
461 573
881 120
82 740
190 741
238 342
928 508
1025 461
912 918
35 26
701 100
927 600
707 734
556 358
684 42
102 789
12 58
888 432
593 481
879 685
740 992
128 757
138 646
337 443
201 319
694 311
224 593
873 89
547 131
353 257
645 619
552 756
663 323
740 552
272 172
832 35
602 303
433 170
917 9
577 820
31 705
310 291
895 683
777 715
629 587
56 316
278 312
176 42
287 922
754 686
255 893
141 674
904 267
733 96
103 721
289 274
463 925
543 237
695 243
1000 223
35 790
524 837
188 635
934 213
900 620
395 939
394 166
456 37
681 505
246 152
82 40
593 681
421 552
282 872
761 79
4 554
748 124
488 213
137 294
42 632
179 962
230 195
220 782
105 82
682 630
1025 626
579 915
712 369
732 547
462 440
124 769
273 513
482 164
655 169
706 378
551 219
314 592
791 866
3 833
681 953
762 878
799 676
449 67
67 788
650 727
764 474
368 421
444 204
916 697
427 429
863 149
188 82
1020 884
672 834
500 152
568 549
918 80
504 269
887 49
238 37
975 353
13 935
551 728
954 813
854 774
978 639
802 683
780 115
556 707
598 691
332 368
755 396
866 604
126 467
900 40
408 791
318 278
483 540
641 102
520 621
395 672
526 226
215 678
332 11
917 508
330 782
410 444
236 418
708 303
894 577
604 14
14 348
778 487
567 297
998 810
375 195
18 744
445 890
236 940
368 584
899 400
128 758
945 708
517 75
660 973
981 393
1067 506
798 330
188 148
1023 540
831 896
584 89
1035 30
172 454
549 217
630 292
367 560
234 778
300 178
471 27
1022 989
306 208
342 829
281 231
867 17
987 603
873 947
860 747
1024 650
396 749
541 375
539 585
372 309
142 556
540 264
218 409
894 353
387 441
925 113
993 775
642 727
227 533
297 267
227 342
890 409
865 880
917 144
523 338
1024 559
274 597
886 555
401 139
377 641
844 403
352 972
36 362
971 135
1022 119
289 61
236 280
148 198
744 349
578 481
565 856
436 731
370 772
504 552
723 201
1040 121
981 677
999 773
462 228
291 519
292 345
282 433
782 383
837 339
827 946
517 759
213 510
702 816
198 921
106 378
479 733
693 371
26 561
11 50
479 245
629 830
2 490
589 160
1061 39
18 529
333 35
205 482
738 163
111 222
481 151
33 959
156 917
936 39
672 95
918 493
729 31
904 919
405 417
804 177
735 519
953 60
40 115
500 89
527 404
885 336
568 261
441 154
817 445
1055 148
77 655
618 764
7 266
813 369
1002 30
586 678
223 502
617 294
75 916
173 511
763 995
849 363
183 353
713 193
523 121
888 912
575 665
331 244
408 411
499 507
526 670
962 634
391 407
385 181
855 621
109 421
258 480
10 851
1040 93
351 597
556 971
978 468
636 737
847 140
635 856
50 601
612 895
353 30
343 788
499 800
656 716
561 643
875 532
617 660
433 516
694 47
971 833
799 351
766 401
113 377
946 774
547 826
401 461
540 971
189 975
424 527
227 198
634 175
707 315
199 814
899 198
985 842
335 660
842 385
540 91
128 171
394 15
723 892
1065 77
694 143
477 44
683 153
886 768
663 848
574 844
751 114
981 613
795 875
775 64
349 298
1052 57
99 362
792 344
767 25
158 914
520 242
58 487
942 492
826 453
521 866
940 759
687 882
488 578
1062 811
220 489
1021 729
985 867
342 653
901 70
257 44
663 640
139 265
725 787
454 32
891 233
859 456
939 861
639 506
663 764
420 549
844 20
604 762
24 342
39 479
429 613
568 35
1013 478
88 633
919 397
974 589
737 608
670 357
365 937
725 142
718 80
94 586
307 666
135 980
211 506
872 128
455 324
470 252
693 402
631 908
502 48
30 558
646 155
918 716
539 379
899 556
993 741
80 643
27 32
176 334
1040 569
663 235
214 906
644 240
688 357
142 105
891 884
83 39
462 479
761 47
818 993
936 818
761 789
857 287
269 207
591 447
263 593
451 822
520 461
600 719
44 531
159 734
670 147
852 27
369 21
385 10
349 87
31 339
267 128
223 416
762 534
471 322
1032 457
668 768
39 959
243 889
227 433
958 861
590 268
395 810
605 804
894 270
986 168
176 789
443 670
373 348
121 244
1055 244
308 504
630 92
702 716
451 877
767 547
891 880
452 649
260 962
767 213
877 151
10 541
30 736
454 294
477 372
372 204
756 756
551 182
737 58
191 547
115 428
552 475
421 806
37 939
673 770
723 385
74 239
1042 921
398 655
341 31
766 528
596 536
709 526
893 812
820 355
729 663
1059 555
662 574
207 756
66 442
708 119
645 789
882 413
208 40
525 340
324 779
845 167
543 587
910 774
780 621
270 52
969 480
385 886
419 544
111 974
700 553
246 561
233 860
56 289
197 819
10 311
563 905
889 126
613 312
1046 200
919 71
147 90
253 966
952 565
669 523
992 873
590 942
157 45
965 151
704 83
757 270
521 330
682 782
951 755
627 367
251 393
166 161
560 565
1010 902
1004 760
906 494
179 261
697 635
345 266
279 152
1003 277
58 228
710 366
449 530
103 127
1005 780
324 219
320 303
652 397
278 539
571 844
182 908
296 932
713 916
741 447
224 140
1011 257
752 845
586 750
638 262
577 716
717 985
706 762
464 389
501 378
245 111
878 429
1059 163
1058 862
418 63
274 350
581 682
805 55
963 724
41 289
797 601
892 122
695 492
481 978
214 655
429 521
276 757
917 701
802 807
146 611
488 830
935 848
767 900
575 267
900 266
755 138
928 425
836 256
848 289
465 858
474 561
687 528
98 658
26 359
294 289
