919 3769
482 485
257 326
286 248
517 421
404 322
713 795
45 43
924 845
873 955
160 252
1 9
838 901
40 122
58 94
676 738
627 574
766 715
862 882
405 367
923 984
379 299
461 433
612 682
133 72
813 874
97 138
908 856
165 145
996 995
623 529
220 199
298 277
157 97
723 719
144 242
48 107
129 122
148 70
35 98
644 600
632 645
272 267
1040 972
977 895
312 213
778 748
567 487
965 923
1 29
616 674
569 540
628 554
493 467
76 46
733 710
575 553
288 191
775 724
723 730
912 988
64 90
354 340
565 549
210 196
922 865
775 678
566 570
934 936
626 722
742 651
194 123
485 431
483 508
617 585
876 853
653 642
896 992
652 725
220 286
727 812
900 859
563 663
56 88
157 179
280 187
537 619
284 261
920 846
124 192
239 261
459 514
931 886
504 530
910 849
382 294
795 799
485 391
351 330
289 298
865 790
664 197
454 135
992 909
139 293
2 239
40 591
993 683
199 170
10 533
535 816
224 190
949 630
228 575
208 562
990 273
313 151
943 492
682 806
14 68
285 978
6 275
644 829
584 638
18 892
325 692
463 697
915 896
427 153
30 475
304 519
702 838
970 328
914 795
189 551
601 285
316 330
481 631
268 128
692 809
436 32
323 373
589 748
907 497
755 24
613 817
773 539
611 284
315 215
390 484
75 632
810 358
693 777
883 233
94 586
907 352
622 591
755 439
668 528
174 369
661 616
445 749
720 527
933 502
463 240
247 894
241 176
35 706
561 81
580 940
299 980
724 573
769 438
495 876
490 515
119 480
469 30
222 34
262 436
893 37
24 583
115 603
586 766
282 481
828 994
17 955
170 235
645 459
225 740
318 28
188 987
602 280
417 182
507 733
976 657
875 144
279 677
641 843
486 704
233 410
935 323
495 805
178 979
987 721
171 42
654 359
885 902
1040 242
640 499
64 461
246 522
59 214
275 739
266 16
438 361
88 435
835 203
499 367
639 487
926 803
114 638
566 810
376 817
428 163
598 310
653 134
14 490
427 52
918 209
685 672
222 655
169 463
124 14
1038 637
999 387
808 648
644 209
401 194
102 611
937 881
522 434
165 287
622 229
817 39
132 724
529 805
783 651
505 666
545 482
328 675
380 639
639 742
789 155
444 640
280 690
15 716
716 804
1001 325
991 242
156 870
724 574
177 91
84 913
919 423
942 762
409 344
716 74
394 727
167 606
794 646
155 905
798 353
628 844
428 225
698 389
75 359
363 148
507 280
606 828
502 140
493 974
257 241
70 208
787 575
963 299
996 582
289 584
127 674
912 160
823 838
756 487
1003 206
36 866
203 371
931 526
606 651
2 781
338 147
770 773
738 797
83 744
949 136
833 389
517 480
934 971
438 326
48 535
585 518
1034 280
182 365
390 212
434 93
371 566
239 546
502 75
891 829
164 243
780 305
65 577
645 377
984 343
543 286
630 318
188 961
868 228
884 419
669 213
175 939
481 334
892 902
405 363
164 814
852 82
41 527
981 937
572 690
261 790
380 943
448 27
433 207
363 567
436 49
317 45
37 787
412 832
702 96
918 101
621 458
615 77
236 881
967 886
698 218
585 497
208 916
962 710
427 542
160 436
821 722
912 751
47 972
814 665
852 539
789 783
431 705
7 705
859 492
644 562
394 801
27 29
444 634
1013 369
526 799
777 264
245 573
965 617
402 765
742 691
249 627
557 111
1027 126
598 515
326 578
13 920
637 461
242 983
76 336
575 855
220 318
760 762
202 418
470 10
629 364
888 131
408 343
87 731
764 219
756 652
784 172
428 305
251 481
737 89
198 61
273 694
563 69
91 265
802 843
704 503
489 563
190 499
524 430
16 886
148 734
56 340
651 960
476 345
311 582
860 522
299 235
512 174
172 599
357 779
486 715
681 921
631 73
911 722
320 344
555 369
211 939
1038 625
921 414
711 684
453 369
938 689
347 365
452 278
153 972
483 812
504 182
228 968
539 812
269 274
229 578
423 497
759 418
793 401
782 832
109 394
388 593
67 696
327 403
512 539
749 877
649 643
308 801
97 458
453 442
230 28
583 881
89 450
1029 620
855 52
943 848
576 501
789 794
734 42
683 981
469 520
728 86
620 417
24 740
44 513
203 622
786 920
995 63
182 611
951 485
973 106
562 202
863 268
772 564
932 762
169 674
879 283
665 142
97 914
1020 39
297 417
699 23
804 49
397 20
549 657
1011 887
3 61
765 448
858 731
241 995
932 718
482 86
24 259
381 271
988 97
620 99
314 462
88 493
689 771
49 358
560 261
778 82
87 949
694 317
529 707
1005 929
63 410
732 309
681 515
894 304
67 227
183 798
49 191
548 406
1025 510
618 575
513 966
109 54
26 842
688 705
208 444
194 860
872 381
437 451
512 552
71 647
832 225
788 656
223 732
328 95
627 921
122 116
431 543
605 365
436 270
398 636
603 648
901 806
148 33
421 139
664 608
373 365
61 143
948 880
555 207
958 697
925 535
460 285
408 589
955 101
622 451
765 436
824 107
78 416
906 412
57 171
824 512
793 789
32 365
327 712
1029 288
203 586
162 417
360 211
1037 264
771 601
50 965
168 838
969 464
690 657
617 357
839 312
986 28
359 241
363 898
819 879
565 438
722 526
357 871
97 553
940 639
427 390
452 180
287 287
315 711
249 785
117 567
901 573
848 563
44 559
193 409
120 32
11 577
379 36
655 676
708 686
625 654
208 725
1023 214
245 866
747 551
939 951
465 173
479 553
720 262
32 795
248 31
1021 583
607 434
890 510
203 281
940 119
716 263
869 849
940 806
477 734
744 182
757 205
528 902
198 939
491 780
994 176
1011 831
1013 962
975 747
966 292
504 384
150 537
23 193
623 115
455 404
1015 253
650 129
4 45
579 679
950 305
498 627
534 968
8 436
517 171
459 277
945 112
942 954
806 150
27 665
205 27
44 215
13 774
502 789
119 604
213 683
423 113
487 131
70 129
972 359
883 200
86 826
543 526
514 495
955 877
646 543
721 923
1005 354
705 978
910 670
323 313
472 713
547 364
525 267
64 600
999 958
826 152
163 778
145 290
601 901
911 179
1020 856
584 178
115 431
344 653
204 448
418 933
251 202
354 708
620 134
37 584
343 63
52 733
104 373
797 334
291 246
25 930
501 603
677 283
83 770
520 326
781 68
260 946
454 550
800 229
876 994
56 634
791 968
799 505
399 198
878 494
623 123
274 194
545 768
338 599
435 597
7 720
503 299
1032 84
266 539
1012 628
965 715
299 550
865 37
411 785
529 179
939 296
385 649
50 248
55 353
452 130
787 969
1021 42
345 803
404 157
379 365
1021 154
720 677
658 256
797 227
57 587
82 784
10 181
454 199
140 792
1022 490
949 876
751 995
1037 653
670 119
562 536
391 260
494 836
420 78
351 198
360 589
546 381
70 909
555 17
92 39
390 768
611 50
763 118
183 401
714 126
345 664
1017 616
99 304
451 615
100 845
913 440
141 390
975 707
1002 707
141 273
218 874
1003 123
777 618
760 266
152 81
540 510
740 169
344 535
277 167
612 30
1013 287
738 820
1016 922
886 279
147 580
859 572
61 937
839 758
390 312
721 820
570 39
409 541
412 649
250 229
1021 422
143 963
386 981
402 345
1013 146
981 819
408 331
405 659
573 821
960 257
729 451
416 740
152 403
9 504
1014 811
226 126
1012 582
508 240
984 247
809 377
974 712
641 891
534 850
10 391
2 223
867 969
799 578
218 188
337 147
28 520
876 622
165 973
523 582
855 710
333 327
660 178
120 388
26 868
976 466
772 375
423 403
993 756
231 187
495 887
391 227
175 830
243 594
414 687
1 762
594 807
378 11
234 342
451 591
816 247
812 191
246 156
119 921
750 675
750 446
17 594
523 726
938 213
171 759
728 595
675 512
209 883
518 245
164 56
798 195
881 323
672 547
482 633
51 518
40 517
731 84
341 356
691 877
850 626
195 211
1019 257
405 979
486 707
919 756
175 151
148 862
803 273
79 317
852 567
6 472
180 728
415 400
886 463
417 765
883 830
359 254
243 764
490 137
21 580
487 297
239 879
119 431
342 403
768 361
824 387
907 986
489 977
152 866
442 102
477 330
1012 417
640 911
410 165
794 96
969 992
112 941
535 552
625 783
396 25
772 283
875 345
238 569
137 317
223 519
532 249
440 300
136 890
430 610
421 132
1009 686
622 871
794 115
786 107
361 331
190 899
867 733
86 760
542 905
758 534
520 122
20 345
1040 528
537 512
691 981
113 345
184 379
323 79
675 979
609 454
546 760
469 359
58 319
1018 267
185 38
998 304
962 59
596 807
727 522
75 695
762 217
303 546
952 919
371 666
715 692
274 821
206 847
1031 519
418 712
279 905
833 396
454 12
636 687
16 846
305 61
337 344
1020 590
692 991
966 880
683 866
829 195
837 377
97 309
501 817
74 718
615 916
216 152
147 484
732 108
299 62
583 899
431 386
192 717
116 853
5 330
461 351
243 692
263 304
683 169
858 82
281 812
592 779
706 125
678 808
204 559
610 396
862 892
777 73
762 666
240 433
485 478
127 396
33 462
240 177
591 72
977 966
200 561
282 880
815 856
761 123
177 577
227 450
