1123 10011
482 485
257 326
286 248
517 421
404 322
713 795
45 43
924 845
873 955
160 252
1 9
838 901
40 122
58 94
676 738
627 574
766 715
862 882
405 367
923 984
379 299
461 433
612 682
133 72
813 874
97 138
908 856
165 145
996 995
623 529
220 199
298 277
157 97
723 719
144 242
48 107
129 122
148 70
35 98
644 600
632 645
272 267
1040 972
977 895
312 213
778 748
567 487
965 923
1 29
616 674
569 540
628 554
493 467
76 46
733 710
575 553
288 191
775 724
723 730
912 988
64 90
354 340
565 549
210 196
922 865
775 678
566 570
934 936
626 722
742 651
194 123
485 431
483 508
617 585
876 853
653 642
896 992
652 725
220 286
727 812
900 859
563 663
56 88
157 179
280 187
537 619
284 261
920 846
124 192
239 261
459 514
931 886
504 530
910 849
382 294
795 799
485 391
351 330
289 298
865 790
250 275
738 826
75 72
788 866
947 951
651 748
595 685
993 956
663 564
265 183
338 400
637 721
206 207
328 323
618 611
64 116
139 109
806 795
412 343
912 862
715 685
1 10
929 881
1025 984
410 403
273 360
507 449
450 541
174 272
882 877
427 359
787 707
355 308
734 770
1 30
248 208
397 311
159 100
874 939
449 422
857 785
286 370
976 989
908 969
103 143
1071 972
1 28
117 61
697 638
424 348
439 347
74 66
442 391
568 638
195 295
854 826
281 196
433 449
845 855
224 143
487 487
181 140
496 564
690 615
124 135
575 564
374 360
766 793
149 163
776 859
793 760
674 711
696 662
90 159
732 660
214 268
935 948
228 315
619 676
349 341
734 689
964 894
644 706
484 490
491 478
628 671
1009 932
944 899
315 237
92 187
554 472
757 772
88 98
952 906
818 911
628 635
316 225
818 823
255 164
432 343
763 732
490 502
721 740
587 576
530 612
992 902
491 454
343 411
880 973
645 703
761 850
152 77
241 220
727 802
352 403
246 181
1 10
479 525
958 919
749 668
551 527
538 462
319 291
580 605
501 457
487 405
349 417
252 279
731 685
637 596
339 307
257 224
271 322
740 840
1002 975
404 401
190 91
254 327
277 330
100 182
648 603
810 793
535 615
702 733
855 864
76 16
773 863
917 987
279 306
123 34
922 840
613 700
658 706
705 787
101 105
807 834
883 798
358 310
634 609
786 690
618 561
644 579
141 60
466 388
340 309
495 407
283 200
352 313
886 970
95 33
291 273
217 277
1007 997
1 40
219 227
764 860
1025 940
600 608
895 990
690 590
738 806
1 52
772 801
727 764
774 710
340 386
503 593
1 50
432 494
228 156
993 936
1058 965
130 86
821 723
189 184
943 868
343 340
404 412
560 487
196 209
418 346
782 860
314 307
59 95
778 821
979 941
828 821
584 587
122 201
741 665
566 527
760 812
385 424
395 459
250 343
789 836
492 506
261 179
914 916
380 430
537 596
731 808
361 269
473 512
737 811
708 685
635 567
804 776
827 855
695 718
756 853
57 97
178 146
688 746
1 15
871 965
415 512
510 480
1057 958
764 665
193 191
905 964
583 515
696 606
887 822
444 536
741 693
12 19
313 335
81 101
828 922
354 294
981 910
499 410
283 250
545 546
635 729
540 609
689 720
946 976
730 759
703 798
14 74
644 648
241 299
793 785
912 846
461 390
801 897
424 416
744 837
272 247
338 293
193 144
987 938
432 467
505 480
944 955
653 665
38 26
468 564
461 449
1 26
576 521
329 301
274 321
701 613
432 388
851 879
915 990
137 188
927 963
903 820
373 300
770 822
160 255
285 277
231 153
366 400
317 227
423 518
420 447
216 315
772 813
271 324
566 502
243 299
725 780
390 376
491 516
225 212
392 329
781 810
434 486
535 485
368 416
938 952
946 894
353 358
1 21
707 647
143 44
630 683
364 361
822 814
147 231
54 8
91 165
431 496
606 699
917 852
553 459
473 535
222 314
954 944
369 306
413 459
717 637
491 447
447 408
44 107
994 962
518 565
448 407
931 857
369 317
181 98
815 818
655 600
267 288
960 902
611 567
271 190
771 749
993 908
359 276
810 748
563 592
360 393
264 363
199 163
1074 983
131 179
41 16
423 478
197 259
779 868
344 295
536 596
140 71
669 622
938 864
715 644
67 5
321 365
434 429
19 64
928 854
759 770
178 88
160 157
277 368
467 421
653 719
330 271
966 975
817 816
1045 962
508 535
492 438
743 696
884 881
259 318
56 45
1 52
421 496
270 313
99 138
429 334
1004 988
512 508
702 770
657 751
862 780
516 441
246 207
592 516
641 674
390 408
831 920
522 573
611 634
825 878
929 990
734 826
718 696
883 800
355 411
426 422
668 707
235 334
1080 986
397 494
137 150
648 562
342 380
799 832
1067 979
313 376
452 511
441 414
214 160
1059 982
260 238
579 490
897 899
316 251
526 526
909 897
139 39
634 657
384 452
577 538
840 831
509 460
262 185
934 934
513 440
556 490
97 168
107 71
937 977
370 458
193 204
802 803
134 139
390 399
439 420
1034 991
636 578
1008 972
191 177
429 398
445 348
483 496
347 276
769 825
540 614
212 121
789 730
317 341
381 284
714 698
24 17
570 546
771 672
1052 974
776 866
290 377
470 559
367 340
626 527
879 779
688 761
553 483
112 92
440 390
510 583
741 661
473 391
289 336
574 661
85 125
36 89
362 275
310 359
129 178
763 780
31 42
69 5
470 380
739 772
726 816
57 9
476 484
498 545
669 589
112 157
934 901
854 777
112 74
246 247
1 55
481 479
883 785
1051 958
763 680
417 393
900 944
573 596
601 619
588 611
900 852
327 283
199 299
847 766
240 312
862 826
635 726
680 733
806 805
767 679
495 403
870 964
259 337
476 541
512 478
467 369
1001 946
798 821
819 833
835 837
502 490
119 37
652 594
82 129
242 258
215 246
291 362
687 755
550 504
1 71
249 177
203 176
865 803
189 237
758 677
90 33
188 115
621 597
807 769
481 536
1031 956
349 341
222 184
260 234
551 569
245 216
631 537
183 84
873 810
656 657
5 33
137 159
579 520
656 668
373 287
232 229
352 374
428 474
598 672
943 915
582 511
120 123
573 569
218 199
347 396
628 715
1 59
642 610
959 917
983 927
186 270
60 117
513 516
143 215
234 216
290 237
597 615
452 499
521 477
837 760
267 285
20 56
1027 966
690 622
235 221
199 194
186 91
374 347
244 252
424 473
438 516
385 385
337 357
945 958
686 665
698 792
16 64
464 420
655 671
911 968
839 877
144 177
535 523
65 139
230 152
806 732
312 246
578 565
699 740
817 902
105 17
886 973
360 298
658 611
53 32
1 11
319 337
36 136
879 889
595 522
721 805
80 28
981 931
838 757
654 609
480 544
973 905
647 595
243 246
152 113
183 175
140 156
263 244
856 883
338 265
792 883
403 462
560 485
238 272
214 204
1011 984
453 409
330 398
819 909
469 370
882 882
279 214
811 766
82 35
341 421
271 271
397 370
876 848
128 50
1016 976
243 270
843 796
949 963
451 379
1091 991
594 551
867 897
353 307
471 421
100 74
401 388
591 559
884 980
607 615
651 681
209 231
133 207
741 818
372 331
950 979
403 445
419 348
780 724
345 401
618 646
766 668
335 242
288 302
795 861
777 830
117 77
541 441
499 589
1025 990
217 189
799 868
944 996
329 363
232 237
367 420
552 565
220 214
353 333
811 726
176 175
35 58
548 625
1 66
142 169
400 475
298 204
27 90
421 496
40 1
462 474
359 449
299 252
395 332
382 287
206 189
980 889
1 63
285 378
109 206
813 897
219 230
361 382
601 575
155 60
442 529
405 477
253 290
57 89
894 961
548 461
763 702
542 532
704 680
44 53
545 642
1018 1000
803 891
730 822
59 152
423 324
590 633
266 267
325 381
307 272
422 506
403 419
524 461
613 526
1033 978
403 468
820 729
777 795
631 581
298 383
302 226
505 421
461 386
351 273
556 484
638 676
152 107
236 229
831 902
882 962
38 105
100 84
1006 991
661 701
596 689
748 655
528 600
587 538
492 499
783 881
1017 981
546 473
368 383
618 679
662 573
563 589
553 480
161 145
612 624
926 923
972 915
249 232
948 974
662 735
735 678
682 640
722 644
146 212
75 123
276 253
890 943
1 18
1007 916
302 327
607 640
646 615
488 470
565 655
239 288
448 401
906 840
564 633
647 707
339 424
757 682
213 194
829 855
229 190
703 728
257 178
255 275
123 88
321 367
517 544
768 738
1040 963
439 460
282 266
739 727
128 33
471 442
714 628
467 384
298 244
411 482
760 765
435 446
245 247
865 913
658 560
457 528
694 594
882 935
415 462
555 621
705 660
525 564
276 302
871 936
582 592
639 724
181 118
200 299
201 251
35 129
5 96
85 167
239 169
359 381
948 976
771 767
804 837
457 407
284 203
485 387
803 735
629 706
358 335
13 40
808 821
68 131
96 159
956 978
101 53
767 849
577 478
1 19
278 230
388 453
318 336
847 931
592 588
494 449
615 566
265 272
806 883
754 731
94 80
113 213
203 177
896 872
712 626
1000 940
69 150
279 379
847 833
509 517
686 724
946 973
652 581
872 839
237 272
314 412
789 839
440 492
526 553
714 718
791 738
816 839
385 390
557 588
562 523
715 630
815 770
752 746
1 49
280 369
498 537
116 115
155 215
872 971
572 602
551 551
1 40
399 494
306 252
153 158
81 72
84 177
755 667
504 483
724 815
94 19
725 745
266 339
660 614
263 302
341 319
635 670
519 513
647 566
24 27
259 322
707 645
162 210
925 841
830 925
600 521
931 975
177 269
862 929
437 478
918 970
737 684
227 231
595 673
343 348
194 232
683 727
616 597
401 397
608 539
923 907
928 892
731 699
435 408
265 361
828 789
583 529
275 190
812 880
212 236
659 715
725 718
348 439
774 814
845 902
593 658
393 410
511 412
5 90
689 678
916 951
120 37
624 593
781 737
174 211
156 134
769 847
433 490
57 95
389 435
822 737
760 860
360 310
545 548
991 984
669 660
142 86
707 635
935 941
156 56
357 372
630 650
1041 964
734 735
730 682
166 151
223 283
834 773
648 643
918 898
781 817
362 269
760 731
454 507
853 841
294 207
779 752
407 318
86 126
182 153
49 101
623 560
786 743
765 816
981 980
29 1
69 82
914 886
448 377
476 465
752 753
847 842
609 547
660 580
700 754
1 37
616 548
963 896
735 656
615 537
143 78
582 540
525 597
253 314
877 845
321 361
988 930
562 654
866 841
754 810
193 98
846 814
977 898
220 237
310 236
375 397
512 468
112 160
176 168
262 189
123 123
826 783
1063 991
839 775
505 565
838 906
680 604
229 233
759 693
188 209
241 279
166 231
773 675
324 370
777 814
285 276
200 238
663 710
916 931
833 879
433 492
168 81
386 347
360 417
612 582
755 801
282 195
474 403
215 247
351 356
571 627
838 858
722 803
277 236
521 572
585 485
526 586
808 748
291 235
838 859
793 788
394 345
801 861
395 342
783 779
555 595
910 963
195 260
315 366
796 835
687 733
808 834
357 442
690 773
974 880
928 873
722 793
164 173
394 402
38 60
688 628
1 19
146 146
741 685
88 138
636 593
265 202
590 500
66 89
508 433
133 63
494 514
785 865
433 393
364 269
129 111
659 614
330 272
950 973
673 609
285 236
493 496
120 24
795 871
186 227
391 420
933 850
112 127
186 170
190 224
714 722
267 189
548 597
346 286
1 22
958 957
576 536
311 221
292 281
261 238
622 531
472 449
714 735
575 670
667 646
297 272
546 605
390 394
595 508
570 537
893 955
408 477
947 969
697 692
896 963
914 829
623 638
122 206
229 185
210 187
36 129
266 300
207 114
391 305
174 199
897 916
802 839
966 899
464 452
163 185
552 561
825 848
167 191
864 830
885 860
952 873
574 649
632 591
915 974
1037 974
471 452
364 397
331 350
671 597
34 13
405 392
273 343
844 756
438 387
888 924
174 188
1 68
581 552
112 166
406 435
3 14
782 797
186 254
228 300
483 431
346 367
220 197
237 233
249 149
51 62
1 38
106 69
430 425
855 810
834 878
484 503
240 308
781 798
394 437
805 798
23 36
527 583
418 412
182 195
783 878
347 388
478 438
435 532
18 3
332 268
373 417
282 277
273 229
486 445
358 380
884 974
329 248
491 433
1039 1000
781 874
889 939
813 760
538 473
721 811
810 766
236 306
558 556
527 521
377 364
467 460
230 136
537 458
839 784
623 648
693 783
922 960
42 137
524 591
845 875
503 440
310 263
91 40
916 835
863 943
726 749
214 263
621 597
59 5
1029 999
118 161
1 35
933 891
377 459
926 996
675 592
1 54
1080 985
444 401
259 298
383 459
144 77
617 611
169 159
392 467
821 737
887 895
135 49
482 382
347 285
326 388
1048 972
353 265
691 729
822 810
1056 973
867 818
349 295
566 532
126 58
758 736
113 187
923 896
1063 998
914 997
564 476
221 259
536 475
465 494
124 130
222 151
669 639
774 855
565 480
431 478
471 386
602 672
371 361
821 894
447 460
122 148
749 660
706 628
367 329
898 975
17 1
584 507
815 750
53 109
878 915
735 700
38 75
880 896
233 229
1 85
147 144
595 536
841 919
584 516
425 473
1 25
1 25
682 611
22 44
798 722
954 980
615 563
585 672
976 914
448 541
917 882
178 142
346 259
113 35
641 543
652 689
819 721
235 142
509 530
602 503
519 450
305 248
608 599
911 919
546 636
205 181
799 873
112 154
440 427
669 604
313 313
441 363
601 594
815 813
898 829
133 49
808 791
463 554
471 499
215 226
325 345
402 432
671 758
113 64
933 843
585 637
945 941
891 965
502 448
798 857
982 968
258 351
691 758
307 351
901 980
670 662
338 357
921 914
642 548
793 723
1 23
214 170
326 351
35 113
755 783
747 766
497 527
233 206
551 644
348 258
921 861
675 728
122 69
173 128
397 392
81 145
112 51
179 112
245 253
300 340
1027 932
832 817
970 965
493 480
633 724
812 839
549 500
726 746
767 811
450 373
641 605
351 252
162 172
388 394
229 177
84 98
325 377
518 486
792 855
382 290
146 130
426 355
885 842
255 233
81 101
671 686
676 736
844 930
748 700
92 69
696 607
949 879
904 916
1037 960
345 408
681 679
130 138
123 185
684 782
9 49
464 453
551 630
364 429
845 853
450 545
645 651
853 765
155 159
1007 1000
120 179
743 717
816 885
71 32
833 838
148 186
486 470
270 185
836 921
385 376
954 986
852 934
90 171
552 645
1 46
762 681
1 43
231 234
99 103
536 496
486 389
945 931
639 579
164 132
966 908
679 772
736 677
425 343
714 703
134 139
337 344
418 387
840 909
471 539
361 304
745 655
374 378
153 92
841 862
428 411
420 362
383 397
331 290
182 152
687 611
188 173
226 137
982 946
432 365
410 475
971 982
832 920
710 802
1 66
711 778
715 744
535 464
399 313
401 341
620 685
339 331
150 85
741 676
89 91
535 534
229 166
124 51
970 966
849 841
558 625
173 114
1 16
29 113
800 826
581 506
794 738
657 564
364 455
711 735
283 264
526 548
717 738
900 853
557 575
495 569
316 365
599 620
340 264
144 193
1 21
285 373
168 84
167 250
190 288
86 132
180 151
337 419
522 521
907 974
601 655
690 648
830 737
398 298
227 187
1017 981
870 965
979 954
149 166
330 248
655 636
565 560
624 563
11 24
813 896
821 803
1 16
291 274
809 714
406 449
192 229
188 280
494 423
769 868
115 124
945 970
312 231
859 935
809 808
61 23
110 210
149 88
192 151
742 770
600 555
580 613
771 866
230 223
258 303
383 305
312 306
951 900
962 964
467 397
966 898
63 59
571 628
182 225
473 537
624 612
619 633
275 314
551 478
1071 981
868 904
776 819
187 108
245 179
196 152
686 598
321 349
100 80
796 762
292 314
417 513
293 205
510 584
731 652
983 894
149 198
220 143
601 671
304 302
575 611
631 631
533 526
533 526
439 403
141 231
794 830
242 283
772 864
728 755
62 159
141 220
454 447
892 800
880 833
804 805
724 791
499 412
850 857
476 408
859 895
313 360
874 827
875 971
909 961
431 519
432 335
329 238
935 883
204 222
827 886
764 708
376 475
933 876
69 123
76 127
310 384
798 745
311 284
388 429
776 685
593 512
577 503
576 599
925 983
439 462
1064 992
236 270
393 491
267 282
766 831
146 167
28 115
579 661
539 564
902 934
527 608
586 513
1 53
725 659
706 646
120 164
752 763
828 825
887 949
321 355
775 811
188 164
766 851
253 289
483 392
130 224
419 460
886 903
440 347
579 638
45 101
666 587
736 797
792 881
219 210
194 243
938 969
225 298
161 253
576 593
439 453
663 657
172 72
225 222
402 319
1 61
750 694
448 384
739 801
218 136
522 536
1012 958
557 647
610 526
1 28
999 904
484 509
922 884
539 565
635 601
417 323
615 522
149 192
66 103
483 451
903 867
555 602
874 783
346 311
1027 994
187 172
1 51
332 389
193 237
796 721
561 597
417 492
248 331
358 380
190 259
653 726
54 55
496 501
395 459
729 790
1 4
715 634
170 117
666 601
711 808
457 544
504 542
598 590
829 827
864 817
657 617
1 32
815 879
593 692
709 685
90 88
820 911
553 546
528 580
948 997
1018 937
1069 988
433 351
563 661
617 630
367 360
897 908
263 203
545 479
270 251
212 162
967 905
227 167
779 862
346 369
86 181
684 765
291 251
992 909
712 645
664 568
896 847
547 538
466 540
193 99
438 423
323 246
88 165
549 544
120 52
218 131
273 372
500 471
651 625
696 684
432 378
542 534
46 73
458 540
639 671
207 127
507 412
1067 972
825 823
716 663
755 784
608 588
514 496
209 170
133 153
209 199
216 152
355 258
208 283
305 289
616 608
428 463
157 180
404 329
271 221
266 294
119 125
534 625
376 427
712 796
131 151
883 867
214 122
416 370
752 840
41 115
806 875
947 912
163 85
958 969
734 714
112 34
224 78
378 562
728 798
11 142
802 459
217 453
1040 54
117 120
489 541
816 312
184 615
480 593
520 775
61 434
618 171
522 335
133 680
202 896
460 286
443 354
224 514
324 162
367 175
684 108
107 395
419 550
629 763
993 18
680 261
977 44
647 865
951 440
1063 13
475 254
709 373
390 279
334 20
510 188
758 216
1072 707
483 169
175 776
757 380
599 814
674 256
644 157
676 927
217 595
384 391
90 382
654 686
978 624
818 339
926 434
658 485
393 813
505 443
578 89
833 765
446 787
229 554
731 210
954 641
1069 244
177 206
719 545
620 523
574 678
908 823
616 607
657 728
358 618
715 319
86 10
984 780
681 357
565 219
348 171
835 459
864 80
555 242
714 319
348 503
746 6
765 875
595 536
315 367
43 614
1064 193
707 897
942 362
948 491
655 455
553 271
927 934
758 117
926 576
179 921
742 176
832 346
301 498
693 793
322 786
926 197
108 10
810 888
430 484
438 733
404 325
1086 92
207 400
88 621
782 15
841 604
758 453
859 590
1009 805
1057 983
822 651
427 808
781 713
1012 712
297 209
57 161
985 922
656 27
226 252
665 630
728 157
187 524
208 829
181 814
58 629
1046 375
909 1
624 330
849 577
164 652
835 999
632 44
713 763
495 492
630 725
1089 449
963 315
60 996
462 269
550 880
890 510
664 753
429 748
457 984
364 581
803 741
897 199
401 140
298 411
125 354
60 636
357 34
284 382
107 966
736 234
292 716
731 744
703 843
401 337
295 389
599 324
273 345
870 832
161 576
402 763
528 382
278 358
198 112
505 227
447 815
470 260
992 199
346 940
43 961
454 122
22 244
906 352
721 778
977 653
536 904
1068 484
984 397
555 408
685 884
115 902
32 439
802 898
885 406
167 6
289 471
786 303
1047 599
218 880
526 261
645 358
295 904
896 841
1052 790
87 725
822 658
597 328
340 808
1083 261
294 748
980 255
491 235
408 113
139 350
236 887
773 294
955 261
86 126
636 274
494 311
570 829
762 319
4 471
360 727
974 193
1074 784
957 829
714 842
856 115
356 586
986 603
164 220
37 837
494 145
1085 972
241 174
952 934
780 457
76 798
139 888
545 909
73 671
420 569
513 666
792 402
221 527
380 298
956 576
71 673
861 1
139 169
735 270
403 237
815 238
1006 600
312 962
438 400
440 828
985 434
569 871
355 480
809 39
424 277
185 969
121 531
609 87
71 281
668 349
11 719
953 195
502 462
872 919
370 908
145 308
571 467
1073 675
221 474
570 23
115 712
113 460
1035 514
290 929
800 966
279 81
104 177
950 781
1084 868
553 484
1060 551
422 599
194 929
157 335
912 566
60 466
1021 409
778 432
35 965
421 583
298 302
1064 478
918 547
439 880
777 274
500 25
942 601
333 218
126 30
622 228
235 830
729 805
67 688
320 380
75 985
531 503
127 874
328 424
637 178
228 517
809 153
773 35
975 532
767 580
514 701
637 313
94 984
840 346
687 916
1038 603
14 21
274 991
44 565
65 738
188 434
990 953
448 704
346 336
242 388
596 924
881 476
616 418
297 661
41 707
967 299
692 213
658 199
614 774
60 698
677 210
963 544
928 453
699 489
337 15
996 340
461 569
228 595
293 588
26 216
652 854
58 143
919 175
47 404
607 437
451 399
737 484
614 518
754 927
985 971
91 889
761 879
456 68
510 982
717 442
548 706
744 355
554 142
290 239
18 360
948 317
291 535
856 777
275 39
1028 511
134 292
949 727
78 878
679 184
431 193
815 356
388 179
394 874
482 391
954 218
895 605
995 416
680 974
1041 121
871 861
667 157
775 848
278 310
686 303
382 239
402 397
169 501
785 864
247 724
633 791
3 682
487 676
237 127
105 542
626 708
284 890
724 793
228 145
614 515
747 640
56 279
895 952
665 921
891 944
860 787
1010 801
962 72
14 50
681 400
1023 824
695 425
1084 605
627 210
29 425
296 540
721 447
829 505
471 647
930 275
188 313
668 494
813 300
716 85
96 212
895 625
623 678
114 899
538 66
652 515
364 858
596 652
924 326
723 927
293 44
476 786
172 619
894 438
596 118
1085 779
106 354
863 483
712 821
602 276
818 83
153 807
1040 379
852 892
1015 12
229 816
431 600
464 746
17 503
644 873
1063 468
492 427
774 574
955 601
972 825
996 390
869 722
36 686
608 536
1063 102
927 952
219 369
499 653
228 204
741 454
587 734
111 215
999 21
546 353
579 335
465 649
255 801
806 913
787 125
720 60
868 835
190 924
710 422
832 574
770 999
529 359
429 621
517 211
841 651
368 670
125 17
1063 751
863 549
433 944
216 202
22 717
867 356
865 721
1062 60
377 370
613 349
303 215
49 864
671 982
484 859
805 302
955 753
212 133
578 651
354 397
316 415
173 812
389 883
421 774
488 458
861 788
336 858
546 638
404 866
378 10
353 305
452 605
378 329
962 500
555 988
595 888
257 597
12 846
343 613
685 991
694 852
145 620
1030 40
949 330
879 892
663 905
429 29
602 126
689 308
475 804
700 721
1037 714
224 4
44 696
1006 915
436 202
990 281
937 814
34 347
539 636
363 570
290 606
404 287
423 182
516 706
548 498
268 333
168 867
567 846
912 962
951 984
372 403
953 154
993 939
205 154
788 624
990 410
738 101
552 351
260 307
8 281
536 903
242 241
1034 624
1043 378
646 426
380 639
553 156
61 578
249 296
490 175
142 299
380 896
675 386
395 484
207 468
854 89
898 284
356 147
866 21
254 615
912 769
1052 840
338 21
865 149
406 636
885 797
985 971
475 563
1085 885
175 779
1004 811
935 466
89 147
628 25
931 689
485 243
124 796
956 728
36 925
500 397
196 233
671 236
403 39
465 198
41 568
144 250
635 792
326 636
155 742
254 242
7 932
693 27
785 927
160 442
86 834
497 122
213 916
1003 573
571 966
1015 86
259 658
536 984
125 320
76 252
765 802
355 780
333 457
58 159
428 728
896 959
132 117
1059 90
780 530
948 693
744 643
8 894
894 759
339 20
522 459
28 841
633 273
61 139
745 129
832 721
261 741
933 776
628 787
504 854
707 975
1041 534
1070 241
439 554
1010 615
1058 81
824 255
563 107
838 281
629 899
135 714
838 535
945 988
979 246
630 212
465 576
61 303
181 776
1069 799
39 895
606 5
1076 583
557 33
345 763
40 12
47 364
944 540
657 520
1046 354
861 712
39 789
241 935
303 641
343 745
408 503
350 818
353 731
140 90
681 955
673 513
592 935
764 222
834 288
879 860
189 950
15 368
471 204
234 809
497 359
767 369
741 17
1051 386
617 496
1088 125
931 80
875 782
463 954
421 629
637 585
1017 764
933 721
450 341
771 424
314 134
437 640
648 97
42 516
421 480
415 360
826 233
39 450
1064 96
792 999
1028 912
351 312
557 79
926 869
596 911
1056 103
343 690
839 826
483 653
107 713
1039 922
394 62
521 241
703 639
146 318
588 509
57 819
848 61
165 792
330 291
698 135
219 835
537 956
239 336
576 674
726 308
597 17
8 725
1036 653
1076 335
52 207
987 206
1036 37
591 269
730 308
328 275
415 678
443 822
701 264
736 831
5 365
148 15
767 774
792 413
134 755
962 506
537 842
538 140
66 582
253 975
451 879
315 335
848 741
1089 858
432 835
3 902
928 64
522 827
770 926
421 523
210 669
228 883
567 376
819 246
373 829
962 541
669 426
266 788
39 135
430 485
427 79
77 69
824 889
568 809
445 301
986 683
238 767
64 822
1069 658
908 755
198 214
434 645
43 970
777 415
941 490
254 195
827 557
208 254
477 532
835 582
316 959
716 499
313 705
1036 504
656 324
999 201
1078 641
344 281
107 842
326 439
44 295
927 633
108 466
609 154
14 546
823 900
810 497
486 132
818 695
266 272
622 998
458 722
828 508
339 616
1056 290
307 132
312 310
938 336
862 997
84 144
975 179
174 221
772 126
870 682
886 675
927 865
345 551
124 768
137 1000
452 29
576 282
257 548
454 162
620 333
522 633
696 864
380 157
48 997
35 747
280 895
292 846
729 193
394 855
989 606
841 689
1024 784
874 532
550 175
172 176
57 4
767 11
535 773
90 994
869 376
119 676
916 115
68 226
179 259
1076 693
225 620
970 304
6 758
184 357
299 227
2 382
184 264
2 586
215 365
156 134
457 977
642 843
1091 371
46 656
687 120
670 93
772 639
255 669
179 243
114 950
184 614
354 274
973 837
546 933
989 701
152 95
399 790
554 535
374 293
308 914
95 785
188 38
656 26
944 856
972 894
482 289
1021 829
877 300
1049 32
482 895
60 395
566 402
849 227
67 75
476 805
984 382
87 327
698 120
395 421
27 906
204 370
588 117
242 697
525 746
2 286
686 496
217 369
92 849
380 149
402 397
334 212
617 6
379 671
631 325
562 419
724 414
549 394
551 131
907 66
489 304
765 502
443 585
860 838
670 13
252 869
154 726
483 28
1076 73
1007 357
795 962
480 777
882 694
47 478
379 523
979 829
524 593
535 347
383 490
1030 651
474 647
553 647
507 658
341 652
727 345
109 618
160 653
943 114
841 636
472 667
58 143
831 800
542 686
1054 672
286 740
807 156
866 193
556 881
433 913
1032 83
348 985
559 368
403 249
991 359
848 752
1066 789
1003 408
285 924
657 358
31 153
528 636
683 304
1024 540
811 872
512 371
426 939
628 614
700 480
205 951
339 607
491 53
1063 710
385 229
150 377
847 631
603 508
852 755
1063 638
119 448
797 681
1008 966
1033 198
669 920
782 465
924 171
1058 965
540 423
537 240
702 802
756 541
723 912
299 576
127 506
739 571
513 900
129 293
277 328
688 628
727 942
41 601
385 200
496 749
390 59
610 420
78 447
745 862
107 934
583 94
107 294
15 448
304 483
417 551
38 595
819 449
573 107
1022 684
616 973
573 414
672 226
132 477
953 85
186 41
297 287
649 87
620 308
579 123
139 526
94 37
375 750
379 4
1032 214
101 690
630 400
920 380
254 818
758 82
321 928
741 859
770 842
134 282
966 347
98 688
310 917
766 431
921 1000
1045 951
702 793
80 868
868 850
232 529
106 770
698 635
580 210
879 105
696 55
