1207 997
585 485
194 94
426 326
606 506
348 248
516 416
521 421
1092 992
422 322
749 649
895 795
337 237
143 43
557 457
945 845
915 815
1055 955
546 446
352 252
522 422
109 9
891 791
1001 901
459 359
222 122
767 667
194 94
698 598
838 738
107 7
674 574
644 544
815 715
434 334
982 882
866 766
467 367
1094 994
1084 984
993 893
399 299
733 633
533 433
231 131
782 682
528 428
172 72
800 700
974 874
717 617
238 138
974 874
956 856
820 720
245 145
519 419
1095 995
894 794
629 529
296 196
299 199
1097 997
377 277
216 116
197 97
1008 908
819 719
639 539
342 242
807 707
207 107
669 569
222 122
637 537
170 70
1031 931
198 98
826 726
700 600
587 487
745 645
872 772
367 267
613 513
1072 972
181 81
995 895
1043 943
313 213
158 58
848 748
403 303
587 487
864 764
1023 923
636 536
129 29
824 724
774 674
889 789
274 123
264 340
154 41
847 993
1009 861
498 755
552 537
434 580
186 215
1079 966
440 448
184 322
535 662
804 115
1032 178
782 269
840 125
463 329
973 237
316 632
374 542
823 364
318 873
970 129
794 566
828 892
164 339
1051 852
382 299
321 510
254 411
1024 676
371 308
881 538
925 753
460 23
909 664
929 162
292 586
496 473
426 926
354 269
909 206
910 84
865 590
518 661
622 753
843 365
560 229
314 838
471 723
581 386
282 734
940 94
446 142
759 758
934 944
1085 661
791 902
186 125
1047 37
911 839
393 931
449 238
695 678
494 982
734 68
224 392
425 402
870 522
1081 688
1048 960
700 727
482 120
245 707
1021 241
928 42
505 704
575 116
933 528
1040 325
387 794
687 758
173 720
821 556
635 207
887 759
153 949
432 176
129 244
603 335
409 441
190 486
776 847
1017 546
345 682
615 75
303 73
1002 297
514 507
404 331
216 576
798 472
142 393
760 16
737 513
491 581
618 292
172 171
145 871
661 225
661 216
660 469
376 88
437 607
802 488
1025 37
956 454
354 842
786 190
465 815
113 834
941 715
410 295
432 243
885 107
701 984
1082 132
859 536
1091 915
782 663
922 155
286 612
1080 196
716 487
836 331
350 339
623 961
339 995
993 891
183 756
516 877
872 714
252 803
664 756
539 709
618 239
746 151
537 753
589 467
259 611
280 63
564 178
906 238
538 887
253 457
452 497
236 504
126 532
277 23
126 940
231 308
653 538
865 106
292 206
614 262
579 541
726 570
124 410
971 273
1081 350
757 20
365 737
798 685
1039 285
1052 348
244 208
261 793
542 286
651 16
143 552
556 674
387 486
108 842
289 830
1021 371
970 595
980 589
468 652
1004 221
905 565
295 627
590 892
949 569
609 787
796 630
841 63
653 787
118 464
606 973
146 589
665 155
676 801
410 315
257 570
380 698
216 994
428 778
1090 453
621 214
702 287
1064 645
764 543
131 185
508 484
253 54
926 318
290 440
1022 587
838 173
961 664
255 284
436 21
1007 559
111 858
371 572
791 300
767 964
964 52
1095 489
1095 66
1007 100
1024 716
976 352
985 205
565 123
866 605
954 734
1077 587
946 532
558 951
459 935
708 46
709 715
761 550
313 779
473 505
961 137
241 857
608 383
302 185
400 359
636 602
995 930
820 723
216 414
576 995
148 592
927 279
198 127
157 197
424 606
846 315
422 293
879 147
890 449
200 670
135 689
872 560
965 912
830 328
509 59
700 267
153 305
263 788
154 415
443 312
577 236
173 53
959 384
725 346
387 68
994 618
543 154
157 737
802 760
530 705
489 711
919 554
451 808
816 782
892 86
116 673
674 803
149 574
445 352
325 832
502 88
443 908
968 555
1066 536
209 175
541 204
336 770
404 419
447 338
440 334
450 718
305 19
781 361
166 42
235 312
1040 101
278 561
168 184
327 456
626 159
835 668
1093 322
1076 388
622 492
270 582
850 954
445 176
450 652
725 252
866 327
536 45
1082 500
327 328
827 736
679 320
1005 823
727 22
798 316
755 639
254 566
421 845
491 574
522 381
1027 865
239 622
429 782
927 463
921 88
254 186
276 490
973 12
218 146
219 707
452 145
828 333
909 141
418 802
383 487
119 222
755 752
899 230
202 451
287 252
1071 45
923 886
907 802
970 243
403 713
132 594
861 904
932 490
1036 895
942 586
396 94
317 631
928 93
1016 810
651 137
425 193
373 294
608 848
940 434
1000 974
361 973
144 24
1031 113
261 39
1067 499
644 182
751 114
970 59
202 385
386 78
453 350
530 650
545 664
838 54
335 530
132 222
992 659
258 554
813 44
527 174
225 446
324 683
537 804
441 123
342 405
421 86
848 304
162 436
501 370
408 58
115 473
996 889
227 226
573 100
221 565
1075 356
548 989
680 958
527 623
660 54
1030 750
145 638
1076 854
174 949
566 458
527 711
214 531
344 627
298 803
110 327
399 703
706 731
592 970
790 537
372 90
665 315
941 794
693 577
423 127
1028 901
719 102
234 661
590 396
123 377
295 53
1033 848
197 135
154 574
630 970
296 581
922 324
282 433
521 259
224 884
236 865
363 420
675 201
991 923
358 776
990 299
352 816
281 522
112 958
911 694
788 256
215 819
1005 624
645 501
970 557
408 432
518 767
217 708
1023 45
680 571
1058 13
727 37
322 218
361 941
789 667
828 440
279 654
461 678
194 457
184 771
953 286
269 701
1094 605
355 554
408 334
551 190
533 603
1096 104
630 95
1023 185
401 982
250 193
475 408
246 676
540 45
703 174
573 104
153 678
494 309
419 720
464 192
878 418
339 552
665 294
621 52
967 81
977 136
498 332
310 561
982 347
442 555
776 162
119 67
568 60
327 490
588 868
516 855
738 633
511 754
942 779
1087 793
631 848
174 64
114 995
319 535
467 171
820 434
402 430
529 894
533 351
281 236
587 247
151 207
690 972
777 357
159 274
496 56
793 977
1084 446
199 151
494 667
630 178
923 808
311 717
919 350
771 879
145 648
320 807
223 487
858 788
528 365
144 164
231 961
448 838
834 956
587 986
730 931
574 617
904 465
368 315
1004 640
510 135
661 771
533 609
638 538
683 943
941 708
812 550
799 844
751 874
469 45
766 454
220 663
1081 922
179 191
1005 762
962 81
636 285
193 343
580 801
332 386
929 325
240 336
472 323
206 618
805 229
272 194
618 904
607 662
583 811
160 412
973 772
151 641
988 651
684 297
722 101
790 450
950 595
790 263
866 82
455 122
911 539
864 400
852 924
983 477
947 375
914 352
161 994
903 240
875 88
1087 899
873 306
705 993
255 96
143 158
770 959
588 825
706 94
687 311
790 232
755 515
430 625
186 698
730 619
172 750
585 258
620 747
461 359
759 71
1089 804
353 542
1092 890
471 30
1061 251
266 338
183 765
326 982
554 13
657 88
726 486
559 648
982 685
485 151
819 290
215 213
972 503
394 775
445 994
366 349
577 794
390 736
129 63
992 680
574 579
276 512
490 98
934 140
921 205
360 236
657 401
118 646
115 893
596 598
1034 247
240 942
284 487
776 389
892 894
896 641
509 769
812 270
540 848
304 848
826 600
1027 7
608 858
668 609
249 837
165 563
783 264
279 41
274 941
154 302
520 598
902 437
413 655
456 694
156 886
1036 741
858 179
225 881
837 365
901 294
694 680
556 35
570 163
1087 643
918 240
512 882
1009 693
951 150
734 730
428 597
119 516
450 242
597 365
177 159
687 876
157 567
662 231
801 986
776 672
192 939
641 932
363 910
948 813
140 886
1090 342
479 31
457 278
608 523
553 292
368 20
411 700
1060 431
298 48
528 239
601 683
776 932
886 675
415 748
597 746
562 349
341 925
543 64
793 219
1046 845
314 905
201 561
1072 423
906 173
246 282
563 867
913 779
498 135
121 365
450 764
1084 938
702 640
888 814
443 755
685 74
779 825
236 835
728 569
393 851
1018 541
874 335
863 136
541 12
213 399
926 455
906 113
439 675
762 338
331 966
147 852
581 232
471 220
396 583
449 803
823 392
790 740
947 691
333 110
321 324
536 814
217 327
522 337
536 837
1069 694
642 605
282 538
577 379
941 278
815 717
295 376
830 121
471 862
800 772
861 20
1020 258
469 719
1015 833
121 823
688 871
108 218
443 431
997 99
1087 794
671 821
786 501
543 750
818 91
151 622
486 377
398 183
986 598
996 603
923 397
670 970
188 402
870 538
758 840
349 767
129 90
776 658
972 253
978 166
821 487
182 447
757 512
430 191
598 419
357 63
215 889
547 284
791 25
287 127
337 165
390 300
114 612
623 854
548 255
879 118
607 925
991 437
1074 301
840 378
348 132
250 976
681 504
791 191
716 600
122 178
736 127
519 166
382 201
961 579
999 22
750 404
243 162
709 832
735 311
218 539
830 583
463 168
286 612
591 726
562 823
237 8
310 448
217 517
618 693
946 386
499 373
521 87
162 178
982 127
835 667
887 748
1006 953
374 184
977 567
137 167
418 574
398 867
491 309
711 116
940 493
459 688
155 946
910 530
899 729
912 490
562 869
1019 289
502 441
270 66
725 510
768 205
626 806
493 729
740 776
254 404
187 444
246 141
265 819
395 901
390 345
271 552
758 219
343 994
107 805
976 482
1014 30
505 55
544 476
522 256
675 386
796 487
664 655
641 700
117 269
668 236
178 324
1055 317
701 465
315 412
687 737
523 357
382 16
124 765
152 93
682 793
126 731
977 992
475 367
140 910
207 278
963 336
551 247
449 676
140 783
875 556
406 395
367 858
564 791
1072 159
663 709
1027 44
632 725
906 113
638 170
762 385
661 14
721 295
194 941
710 700
207 235
753 256
919 584
362 582
516 742
384 609
971 396
969 113
223 542
298 766
743 182
810 403
558 461
462 234
624 661
597 692
927 84
593 784
1021 979
545 77
1007 876
834 449
1077 735
668 42
634 132
261 239
272 322
462 756
886 190
831 872
140 883
347 722
114 806
924 869
1061 860
289 293
1091 275
860 415
838 604
730 971
735 553
296 782
975 201
285 448
689 154
506 146
849 298
458 335
483 378
245 945
230 435
936 944
432 328
983 383
263 437
756 217
761 437
318 891
260 700
243 153
478 453
797 572
885 760
328 787
792 973
705 426
134 912
857 149
902 566
815 357
228 155
500 446
186 984
247 593
221 603
1090 254
153 748
761 357
840 215
1037 800
997 520
900 93
506 237
943 898
610 31
990 898
1082 369
576 523
1032 973
381 865
140 988
872 561
640 592
377 261
899 902
122 949
242 964
240 645
423 389
844 812
692 147
243 369
593 215
1003 997
581 925
1006 488
901 134
458 741
176 707
521 685
1052 905
978 678
563 779
932 110
1045 751
289 940
1003 221
124 963
1073 121
714 364
789 147
275 729
759 392
764 715
326 902
255 854
1028 613
513 353
1063 848
1047 664
410 9
197 366
208 625
237 76
221 730
693 190
864 763
771 43
723 757
344 808
471 213
497 902
569 934
965 360
460 60
420 565
110 289
387 578
261 8
756 565
341 532
773 508
346 613
893 140
802 145
305 89
910 870
849 815
793 22
512 855
138 966
427 979
730 742
894 333
349 962
660 443
812 578
741 101
438 991
473 359
718 218
1092 972
280 512
116 957
940 297
641 175
275 114
776 360
564 635
435 843
507 540
131 805
374 81
680 642
389 687
201 293
755 966
756 636
243 963
1094 545
754 156
982 417
513 224
265 992
733 246
986 905
280 537
325 589
584 223
514 387
762 591
522 771
514 74
326 974
108 21
258 333
472 316
1097 653
1014 475
750 210
533 517
549 86
119 315
1016 740
858 741
413 630
356 740
497 205
456 930
770 262
504 603
825 923
479 882
400 452
229 759
822 950
123 940
957 366
825 18
786 868
894 219
1037 225
303 109
219 85
997 461
300 123
535 811
765 502
895 551
441 883
593 670
523 514
344 768
951 189
572 152
575 811
547 912
1012 234
912 995
245 168
897 890
974 123
164 647
924 788
