1098 10011
482 485
257 326
286 248
517 421
404 322
713 795
45 43
924 845
873 955
160 252
1 9
838 901
40 122
58 94
676 738
627 574
766 715
862 882
405 367
923 984
379 299
461 433
612 682
133 72
813 874
97 138
908 856
165 145
996 995
623 529
220 199
298 277
157 97
723 719
144 242
48 107
129 122
148 70
35 98
644 600
632 645
272 267
1040 972
977 895
312 213
778 748
567 487
965 923
1 29
616 674
569 540
628 554
493 467
76 46
733 710
575 553
288 191
775 724
723 730
912 988
64 90
354 340
565 549
210 196
922 865
775 678
566 570
934 936
626 722
742 651
194 123
485 431
483 508
617 585
876 853
653 642
896 992
652 725
220 286
727 812
900 859
563 663
56 88
157 179
280 187
537 619
284 261
920 846
124 192
239 261
459 514
931 886
504 530
910 849
382 294
795 799
485 391
351 330
289 298
865 790
250 275
738 826
75 72
788 866
947 951
651 748
595 685
993 956
663 564
265 183
338 400
637 721
206 207
328 323
618 611
64 116
139 109
806 795
412 343
912 862
715 685
1 10
929 881
1025 984
410 403
273 360
507 449
450 541
174 272
882 877
427 359
787 707
355 308
734 770
1 30
248 208
397 311
159 100
874 939
449 422
857 785
286 370
976 989
908 969
103 143
1071 972
1 28
117 61
697 638
424 348
439 347
74 66
442 391
568 638
195 295
854 826
281 196
433 449
845 855
224 143
487 487
181 140
496 564
690 615
124 135
575 564
374 360
766 793
149 163
776 859
793 760
674 711
696 662
90 159
732 660
214 268
935 948
228 315
619 676
349 341
734 689
964 894
644 706
484 490
491 478
628 671
1009 932
944 899
315 237
92 187
554 472
757 772
88 98
952 906
818 911
628 635
316 225
818 823
255 164
432 343
763 732
490 502
721 740
587 576
530 612
992 902
491 454
343 411
880 973
645 703
761 850
152 77
241 220
727 802
352 403
246 181
1 10
479 525
958 919
749 668
551 527
538 462
319 291
580 605
501 457
487 405
349 417
252 279
731 685
637 596
339 307
257 224
271 322
740 840
1002 975
404 401
190 91
254 327
277 330
100 182
648 603
810 793
535 615
702 733
855 864
76 16
773 863
917 987
279 306
123 34
922 840
613 700
658 706
705 787
101 105
807 834
883 798
358 310
634 609
786 690
618 561
644 579
141 60
466 388
340 309
495 407
283 200
352 313
886 970
95 33
291 273
217 277
1007 997
1 40
219 227
764 860
1025 940
600 608
895 990
690 590
738 806
1 52
772 801
727 764
774 710
340 386
503 593
1 50
432 494
228 156
993 936
1058 965
130 86
821 723
189 184
943 868
343 340
404 412
560 487
196 209
418 346
782 860
314 307
59 95
778 821
979 941
828 821
584 587
122 201
741 665
566 527
760 812
385 424
395 459
250 343
789 836
492 506
261 179
914 916
380 430
537 596
731 808
361 269
473 512
737 811
708 685
635 567
804 776
827 855
695 718
756 853
57 97
178 146
688 746
1 15
871 965
415 512
510 480
1057 958
764 665
193 191
905 964
583 515
696 606
887 822
444 536
741 693
12 19
313 335
81 101
828 922
354 294
981 910
499 410
283 250
545 546
635 729
540 609
689 720
946 976
730 759
703 798
14 74
644 648
241 299
793 785
912 846
461 390
801 897
424 416
744 837
272 247
338 293
193 144
987 938
432 467
505 480
944 955
653 665
38 26
468 564
461 449
1 26
576 521
329 301
274 321
701 613
432 388
851 879
915 990
137 188
927 963
903 820
373 300
770 822
160 255
285 277
231 153
366 400
317 227
423 518
420 447
216 315
772 813
271 324
566 502
243 299
725 780
390 376
491 516
225 212
392 329
781 810
434 486
535 485
368 416
938 952
946 894
353 358
1 21
707 647
143 44
630 683
364 361
822 814
147 231
54 8
91 165
431 496
606 699
917 852
553 459
473 535
222 314
954 944
369 306
413 459
717 637
491 447
447 408
44 107
994 962
518 565
448 407
931 857
369 317
181 98
815 818
655 600
267 288
960 902
611 567
271 190
771 749
993 908
359 276
810 748
563 592
360 393
264 363
199 163
1074 983
131 179
41 16
423 478
197 259
779 868
344 295
536 596
140 71
669 622
938 864
715 644
67 5
321 365
434 429
19 64
928 854
759 770
178 88
160 157
277 368
467 421
653 719
330 271
966 975
817 816
1045 962
508 535
492 438
743 696
884 881
259 318
56 45
1 52
421 496
270 313
99 138
429 334
1004 988
512 508
702 770
657 751
862 780
516 441
246 207
592 516
641 674
390 408
831 920
522 573
611 634
825 878
929 990
734 826
718 696
883 800
355 411
426 422
668 707
235 334
1080 986
397 494
137 150
648 562
342 380
799 832
1067 979
313 376
452 511
441 414
214 160
1059 982
260 238
579 490
897 899
316 251
526 526
909 897
139 39
634 657
384 452
577 538
840 831
509 460
262 185
934 934
513 440
556 490
97 168
107 71
937 977
370 458
193 204
802 803
134 139
390 399
439 420
1034 991
636 578
1008 972
191 177
429 398
445 348
483 496
347 276
769 825
540 614
212 121
789 730
317 341
381 284
714 698
24 17
570 546
771 672
1052 974
776 866
290 377
470 559
367 340
626 527
879 779
688 761
553 483
112 92
440 390
510 583
741 661
473 391
289 336
574 661
85 125
36 89
362 275
310 359
129 178
763 780
31 42
69 5
470 380
739 772
726 816
57 9
476 484
498 545
669 589
112 157
934 901
854 777
112 74
246 247
1 55
481 479
883 785
1051 958
763 680
417 393
900 944
573 596
601 619
588 611
900 852
327 283
199 299
847 766
240 312
862 826
635 726
680 733
806 805
767 679
495 403
870 964
259 337
476 541
512 478
467 369
1001 946
798 821
819 833
835 837
502 490
119 37
652 594
82 129
242 258
215 246
291 362
687 755
550 504
1 71
249 177
203 176
865 803
189 237
758 677
90 33
188 115
621 597
807 769
481 536
1031 956
349 341
222 184
260 234
551 569
245 216
631 537
183 84
873 810
656 657
5 33
137 159
579 520
656 668
373 287
232 229
352 374
428 474
598 672
943 915
582 511
120 123
573 569
218 199
347 396
628 715
1 59
642 610
959 917
983 927
186 270
60 117
513 516
143 215
234 216
290 237
597 615
452 499
521 477
837 760
267 285
20 56
1027 966
690 622
235 221
199 194
186 91
374 347
244 252
424 473
438 516
385 385
337 357
945 958
686 665
698 792
16 64
464 420
655 671
911 968
839 877
144 177
535 523
65 139
230 152
806 732
312 246
578 565
699 740
817 902
105 17
886 973
360 298
658 611
53 32
1 11
319 337
36 136
879 889
595 522
721 805
80 28
981 931
838 757
654 609
480 544
973 905
647 595
243 246
152 113
183 175
140 156
263 244
856 883
338 265
792 883
403 462
560 485
238 272
214 204
1011 984
453 409
330 398
819 909
469 370
882 882
279 214
811 766
82 35
341 421
271 271
397 370
876 848
128 50
1016 976
243 270
843 796
949 963
451 379
1091 991
594 551
867 897
353 307
471 421
100 74
401 388
591 559
884 980
607 615
651 681
209 231
133 207
741 818
372 331
950 979
403 445
419 348
780 724
345 401
618 646
766 668
335 242
288 302
795 861
777 830
117 77
541 441
499 589
1025 990
217 189
799 868
944 996
329 363
232 237
367 420
552 565
220 214
353 333
811 726
176 175
35 58
548 625
1 66
142 169
400 475
298 204
27 90
421 496
40 1
462 474
359 449
299 252
395 332
382 287
206 189
980 889
1 63
285 378
109 206
813 897
219 230
361 382
601 575
155 60
442 529
405 477
253 290
57 89
894 961
548 461
763 702
542 532
704 680
44 53
545 642
1018 1000
803 891
730 822
59 152
423 324
590 633
266 267
325 381
307 272
422 506
403 419
524 461
613 526
1033 978
403 468
820 729
777 795
631 581
298 383
302 226
505 421
461 386
351 273
556 484
638 676
152 107
236 229
831 902
882 962
38 105
100 84
1006 991
661 701
596 689
748 655
528 600
587 538
492 499
783 881
1017 981
546 473
368 383
618 679
662 573
563 589
553 480
161 145
612 624
926 923
972 915
249 232
948 974
662 735
735 678
682 640
722 644
146 212
75 123
276 253
890 943
1 18
1007 916
302 327
607 640
646 615
488 470
565 655
239 288
448 401
906 840
564 633
647 707
339 424
757 682
213 194
829 855
229 190
703 728
257 178
255 275
123 88
321 367
517 544
768 738
1040 963
439 460
282 266
739 727
128 33
471 442
714 628
467 384
298 244
411 482
760 765
435 446
245 247
865 913
658 560
457 528
694 594
882 935
415 462
555 621
705 660
525 564
276 302
871 936
582 592
639 724
181 118
200 299
201 251
35 129
5 96
85 167
239 169
359 381
948 976
771 767
804 837
457 407
284 203
485 387
803 735
629 706
358 335
13 40
808 821
68 131
96 159
956 978
101 53
767 849
577 478
1 19
278 230
388 453
318 336
847 931
592 588
494 449
615 566
265 272
806 883
754 731
94 80
113 213
203 177
896 872
712 626
1000 940
69 150
279 379
847 833
509 517
686 724
946 973
652 581
872 839
237 272
314 412
789 839
440 492
526 553
714 718
791 738
816 839
385 390
557 588
562 523
715 630
815 770
752 746
1 49
280 369
498 537
116 115
155 215
872 971
572 602
551 551
1 40
399 494
306 252
153 158
81 72
84 177
755 667
504 483
724 815
94 19
725 745
266 339
660 614
263 302
341 319
635 670
519 513
647 566
24 27
259 322
707 645
162 210
925 841
830 925
600 521
931 975
177 269
862 929
437 478
918 970
737 684
227 231
595 673
343 348
194 232
683 727
616 597
401 397
608 539
923 907
928 892
731 699
435 408
265 361
828 789
583 529
275 190
812 880
212 236
659 715
725 718
348 439
774 814
845 902
593 658
393 410
511 412
5 90
689 678
916 951
120 37
624 593
781 737
174 211
156 134
769 847
433 490
57 95
389 435
822 737
760 860
360 310
545 548
991 984
669 660
142 86
707 635
935 941
156 56
357 372
630 650
1041 964
734 735
730 682
166 151
223 283
834 773
648 643
918 898
781 817
362 269
760 731
454 507
853 841
294 207
779 752
407 318
86 126
182 153
49 101
623 560
786 743
765 816
981 980
29 1
69 82
914 886
448 377
476 465
752 753
847 842
609 547
660 580
700 754
1 37
616 548
963 896
735 656
615 537
143 78
582 540
525 597
253 314
877 845
321 361
988 930
562 654
866 841
754 810
193 98
846 814
977 898
220 237
310 236
375 397
512 468
112 160
176 168
262 189
123 123
826 783
1063 991
839 775
505 565
838 906
680 604
229 233
759 693
188 209
241 279
166 231
773 675
324 370
777 814
285 276
200 238
663 710
916 931
833 879
433 492
168 81
386 347
360 417
612 582
755 801
282 195
474 403
215 247
351 356
571 627
838 858
722 803
277 236
521 572
585 485
526 586
808 748
291 235
838 859
793 788
394 345
801 861
395 342
783 779
555 595
910 963
195 260
315 366
796 835
687 733
808 834
357 442
690 773
974 880
928 873
722 793
164 173
394 402
38 60
688 628
1 19
146 146
741 685
88 138
636 593
265 202
590 500
66 89
508 433
133 63
494 514
785 865
433 393
364 269
129 111
659 614
330 272
950 973
673 609
285 236
493 496
120 24
795 871
186 227
391 420
933 850
112 127
186 170
190 224
714 722
267 189
548 597
346 286
1 22
958 957
576 536
311 221
292 281
261 238
622 531
472 449
714 735
575 670
667 646
297 272
546 605
390 394
595 508
570 537
893 955
408 477
947 969
697 692
896 963
914 829
623 638
122 206
229 185
210 187
36 129
266 300
207 114
391 305
174 199
897 916
802 839
966 899
464 452
163 185
552 561
825 848
167 191
864 830
885 860
952 873
574 649
632 591
915 974
1037 974
471 452
364 397
331 350
671 597
34 13
405 392
273 343
844 756
438 387
888 924
174 188
1 68
581 552
112 166
406 435
3 14
782 797
186 254
228 300
483 431
346 367
220 197
237 233
249 149
51 62
1 38
106 69
430 425
855 810
834 878
484 503
240 308
781 798
394 437
805 798
23 36
527 583
418 412
182 195
783 878
347 388
478 438
435 532
18 3
332 268
373 417
282 277
273 229
486 445
358 380
884 974
329 248
491 433
1039 1000
781 874
889 939
813 760
538 473
721 811
810 766
236 306
558 556
527 521
377 364
467 460
230 136
537 458
839 784
623 648
693 783
922 960
42 137
524 591
845 875
503 440
310 263
91 40
916 835
863 943
726 749
214 263
621 597
59 5
1029 999
118 161
1 35
933 891
377 459
926 996
675 592
1 54
1080 985
444 401
259 298
383 459
144 77
617 611
169 159
392 467
821 737
887 895
135 49
482 382
347 285
326 388
1048 972
353 265
691 729
822 810
1056 973
867 818
349 295
566 532
126 58
758 736
113 187
923 896
1063 998
914 997
564 476
221 259
536 475
465 494
124 130
222 151
669 639
774 855
565 480
431 478
471 386
602 672
371 361
821 894
447 460
122 148
749 660
706 628
367 329
898 975
17 1
584 507
815 750
53 109
878 915
735 700
38 75
880 896
233 229
1 85
147 144
595 536
841 919
584 516
425 473
1 25
1 25
682 611
22 44
798 722
954 980
615 563
585 672
976 914
448 541
917 882
178 142
346 259
113 35
641 543
652 689
819 721
235 142
509 530
602 503
519 450
305 248
608 599
911 919
546 636
205 181
799 873
112 154
440 427
669 604
313 313
441 363
601 594
815 813
898 829
133 49
808 791
463 554
471 499
215 226
325 345
402 432
671 758
113 64
933 843
585 637
945 941
891 965
502 448
798 857
982 968
258 351
691 758
307 351
901 980
670 662
338 357
921 914
642 548
793 723
1 23
214 170
326 351
35 113
755 783
747 766
497 527
233 206
551 644
348 258
921 861
675 728
122 69
173 128
397 392
81 145
112 51
179 112
245 253
300 340
1027 932
832 817
970 965
493 480
633 724
812 839
549 500
726 746
767 811
450 373
641 605
351 252
162 172
388 394
229 177
84 98
325 377
518 486
792 855
382 290
146 130
426 355
885 842
255 233
81 101
671 686
676 736
844 930
748 700
92 69
696 607
949 879
904 916
1037 960
345 408
681 679
130 138
123 185
684 782
9 49
464 453
551 630
364 429
845 853
450 545
645 651
853 765
155 159
1007 1000
120 179
743 717
816 885
71 32
833 838
148 186
486 470
270 185
836 921
385 376
954 986
852 934
90 171
552 645
1 46
762 681
1 43
231 234
99 103
536 496
486 389
945 931
639 579
164 132
966 908
679 772
736 677
425 343
714 703
134 139
337 344
418 387
840 909
471 539
361 304
745 655
374 378
153 92
841 862
428 411
420 362
383 397
331 290
182 152
687 611
188 173
226 137
982 946
432 365
410 475
971 982
832 920
710 802
1 66
711 778
715 744
535 464
399 313
401 341
620 685
339 331
150 85
741 676
89 91
535 534
229 166
124 51
970 966
849 841
558 625
173 114
1 16
29 113
800 826
581 506
794 738
657 564
364 455
711 735
283 264
526 548
717 738
900 853
557 575
495 569
316 365
599 620
340 264
144 193
1 21
285 373
168 84
167 250
190 288
86 132
180 151
337 419
522 521
907 974
601 655
690 648
830 737
398 298
227 187
1017 981
870 965
979 954
149 166
330 248
655 636
565 560
624 563
11 24
813 896
821 803
1 16
291 274
809 714
406 449
192 229
188 280
494 423
769 868
115 124
945 970
312 231
859 935
809 808
61 23
110 210
149 88
192 151
742 770
600 555
580 613
771 866
230 223
258 303
383 305
312 306
951 900
962 964
467 397
966 898
63 59
571 628
182 225
473 537
624 612
619 633
275 314
551 478
1071 981
868 904
776 819
187 108
245 179
196 152
686 598
321 349
100 80
796 762
292 314
417 513
293 205
510 584
731 652
983 894
149 198
220 143
601 671
304 302
575 611
631 631
533 526
533 526
439 403
141 231
794 830
242 283
772 864
728 755
62 159
141 220
454 447
892 800
880 833
804 805
724 791
499 412
850 857
476 408
859 895
313 360
874 827
875 971
909 961
431 519
432 335
329 238
935 883
204 222
827 886
764 708
376 475
933 876
69 123
76 127
310 384
798 745
311 284
388 429
776 685
593 512
577 503
576 599
925 983
439 462
1064 992
236 270
393 491
267 282
766 831
146 167
28 115
579 661
539 564
902 934
527 608
586 513
1 53
725 659
706 646
120 164
752 763
828 825
887 949
321 355
775 811
188 164
766 851
253 289
483 392
130 224
419 460
886 903
440 347
579 638
45 101
666 587
736 797
792 881
219 210
194 243
938 969
225 298
161 253
576 593
439 453
663 657
172 72
225 222
402 319
1 61
750 694
448 384
739 801
218 136
522 536
1012 958
557 647
610 526
1 28
999 904
484 509
922 884
539 565
635 601
417 323
615 522
149 192
66 103
483 451
903 867
555 602
874 783
346 311
1027 994
187 172
1 51
332 389
193 237
796 721
561 597
417 492
248 331
358 380
190 259
653 726
54 55
496 501
395 459
729 790
1 4
715 634
170 117
666 601
711 808
457 544
504 542
598 590
829 827
864 817
657 617
1 32
815 879
593 692
709 685
90 88
820 911
553 546
528 580
948 997
1018 937
1069 988
433 351
563 661
617 630
367 360
897 908
263 203
545 479
270 251
212 162
967 905
227 167
779 862
346 369
86 181
684 765
291 251
992 909
712 645
664 568
896 847
547 538
466 540
193 99
438 423
323 246
88 165
549 544
120 52
218 131
273 372
500 471
651 625
696 684
432 378
542 534
46 73
458 540
639 671
207 127
507 412
1067 972
825 823
716 663
755 784
608 588
514 496
209 170
133 153
209 199
216 152
355 258
208 283
305 289
616 608
428 463
157 180
404 329
271 221
266 294
119 125
534 625
376 427
712 796
131 151
883 867
214 122
416 370
752 840
41 115
806 875
947 912
163 85
958 969
734 714
1073 342
526 831
292 407
251 329
151 647
621 197
124 547
338 827
589 679
589 42
44 116
667 939
902 574
742 605
436 168
824 772
65 722
345 392
275 340
105 402
342 161
202 939
202 624
970 656
328 991
812 499
787 257
117 874
110 452
943 329
265 36
580 904
367 841
802 595
322 492
999 237
886 713
710 54
630 458
571 295
1073 431
950 741
385 662
66 717
752 86
251 831
70 534
23 977
528 625
732 828
981 675
812 154
75 780
580 638
24 124
120 401
122 835
386 841
335 858
188 29
1060 677
994 430
721 385
800 113
325 786
1031 786
453 362
703 203
872 967
618 422
7 288
859 56
402 870
1067 382
307 625
347 272
1030 671
296 933
159 351
674 827
294 672
523 645
393 627
507 252
245 342
827 347
722 348
931 472
226 826
165 534
233 293
1035 74
655 289
620 153
313 390
872 353
97 112
448 447
503 997
163 249
294 179
197 383
638 614
317 336
341 127
354 964
1024 614
50 415
19 767
907 233
345 586
1084 619
611 613
328 969
266 91
455 588
327 762
148 182
104 37
1088 566
703 943
104 434
178 836
777 963
678 385
921 766
375 176
621 570
128 166
71 862
282 930
798 996
293 129
153 236
152 275
750 979
766 553
382 703
911 491
342 2
720 229
105 282
557 400
364 346
1007 883
546 43
695 479
43 722
1071 853
307 718
807 404
339 605
526 407
1015 167
415 1000
65 136
913 166
807 366
232 47
450 564
485 374
769 801
108 193
283 718
955 405
236 547
772 917
995 43
487 463
656 666
960 269
456 832
904 259
559 752
83 505
167 647
978 762
515 673
746 72
907 137
21 825
118 661
632 175
372 999
446 83
871 751
813 420
631 473
155 52
84 155
752 501
513 92
75 515
562 325
148 644
795 966
160 804
307 203
1036 804
416 593
304 70
530 793
455 381
551 670
937 590
262 425
285 898
462 317
519 6
828 976
502 859
1058 481
94 274
658 72
572 578
870 277
382 693
518 720
738 691
467 712
788 755
120 885
174 812
675 900
582 849
16 847
197 564
428 350
985 446
16 541
348 78
22 396
896 174
111 494
614 829
772 262
697 314
273 634
650 679
281 771
1081 44
1003 689
303 966
542 544
538 311
754 928
480 658
636 642
1042 572
824 751
400 833
673 912
179 186
889 587
580 869
538 768
353 813
510 349
474 964
246 106
394 761
204 872
657 374
1059 680
872 475
936 268
278 381
277 288
36 859
920 611
928 227
97 714
509 341
273 255
378 489
152 12
958 670
706 330
731 456
901 868
931 38
440 522
941 198
638 105
205 812
840 68
756 296
106 516
602 443
28 122
1031 548
610 992
440 840
974 740
121 484
844 329
1082 571
123 744
387 268
114 472
1043 730
41 379
22 129
350 745
607 379
995 659
166 174
737 329
622 178
423 458
968 735
223 527
493 531
311 654
1021 149
887 569
363 918
48 490
965 514
312 346
87 802
394 967
758 3
230 821
446 399
795 10
980 49
107 152
984 44
168 472
369 370
908 229
103 132
829 373
311 659
848 911
83 540
127 927
790 777
663 181
464 869
112 1000
152 640
605 23
953 425
1066 528
778 412
306 984
615 71
36 26
927 973
732 598
700 633
888 784
739 681
185 733
1035 231
915 693
436 391
603 942
937 971
734 301
935 884
474 771
524 392
470 327
22 280
833 420
493 435
198 876
811 922
445 966
979 897
238 914
263 301
352 388
1069 964
771 31
976 280
705 944
890 975
209 597
759 795
324 864
1040 793
682 386
852 338
822 105
273 555
463 483
480 643
679 353
54 683
793 591
584 33
721 321
1087 233
1026 910
413 704
502 799
734 319
520 222
365 863
285 669
429 89
746 788
325 960
531 594
1004 336
577 655
248 306
871 305
318 805
194 18
920 20
645 349
1054 304
154 736
1050 730
577 259
774 995
581 512
542 840
338 171
313 515
428 835
331 601
932 818
441 312
278 969
675 897
692 806
597 812
1045 961
1005 118
871 103
80 1
389 529
534 967
705 450
109 167
441 410
111 823
209 150
558 408
119 697
545 389
545 50
632 177
1088 308
576 287
1066 89
944 428
227 222
448 592
479 133
270 363
726 396
812 117
987 29
829 790
338 812
557 10
880 939
552 689
101 499
646 943
786 182
577 734
73 111
377 869
261 972
230 814
103 796
209 514
562 277
368 479
217 604
714 181
647 578
343 638
568 347
841 548
1016 201
393 715
210 412
77 944
716 42
173 760
19 486
106 44
801 486
13 57
597 731
846 932
423 759
328 431
216 882
4 490
495 710
623 996
1038 75
955 184
928 977
1089 637
483 372
105 823
766 353
1038 478
52 542
575 533
46 873
768 910
737 318
1080 958
701 4
565 382
442 547
54 29
96 286
124 215
943 964
74 285
455 313
292 261
163 539
906 652
411 742
184 473
1078 106
454 913
319 741
388 373
879 559
1066 747
261 970
453 863
348 682
922 70
561 293
546 411
34 128
685 866
973 974
19 902
684 691
841 749
702 238
332 945
136 571
221 825
764 94
848 197
910 335
738 17
929 35
770 6
1005 21
207 525
487 147
295 618
256 543
1076 788
1064 593
317 502
1064 828
408 609
836 33
998 715
680 783
780 878
1073 234
375 689
689 144
9 636
63 638
790 814
37 912
485 376
316 386
1083 895
680 254
552 575
953 274
313 402
11 177
918 96
816 914
38 812
306 607
133 270
183 844
856 177
545 505
141 613
219 859
709 47
1037 934
697 692
1076 408
751 946
1 875
1012 715
558 474
474 374
219 355
721 405
703 471
683 272
365 283
527 770
100 793
712 965
195 979
8 680
842 346
1036 24
771 134
856 86
141 90
830 219
520 224
89 174
675 798
427 737
67 922
659 537
995 316
568 761
687 834
82 165
797 135
393 844
761 240
115 648
491 284
163 410
841 964
769 425
620 618
741 242
929 620
199 469
980 549
357 884
955 150
166 522
572 945
999 417
997 485
770 864
810 875
401 838
45 885
167 918
1030 915
654 456
181 166
67 694
487 801
269 904
327 653
340 395
827 264
140 4
337 267
50 456
314 380
617 368
622 48
333 856
166 473
794 556
850 989
240 142
1 953
600 854
4 15
9 124
589 985
618 143
390 598
1065 371
560 395
204 609
789 205
289 240
162 931
247 832
216 142
1000 67
950 259
914 368
983 815
1048 738
523 890
793 30
402 864
640 803
403 429
350 996
488 805
340 632
985 60
925 306
182 261
373 566
309 423
1022 178
1000 741
120 531
444 944
772 934
140 857
523 952
664 230
17 451
675 275
971 350
173 829
513 288
839 10
711 309
211 552
659 856
42 799
617 623
436 978
498 923
736 840
57 260
108 330
1061 77
395 361
398 996
994 403
436 545
205 148
752 642
625 512
1031 778
762 836
511 41
440 449
807 105
915 858
441 917
241 765
463 831
951 714
652 72
442 577
703 39
644 149
119 766
750 406
462 101
100 500
538 846
1010 971
497 409
315 113
734 643
972 517
54 711
1052 351
362 297
486 459
600 570
715 350
686 776
939 789
59 329
855 454
917 780
334 385
782 799
919 259
51 960
341 325
1012 818
1029 43
909 747
290 50
78 1
374 953
1054 543
340 581
1089 235
566 39
783 24
1007 775
312 874
176 169
752 450
802 142
987 441
869 467
219 356
951 349
185 784
534 11
907 922
77 975
168 971
73 33
735 699
184 396
1008 314
376 142
723 87
1001 228
750 921
702 64
246 302
525 295
322 442
534 389
68 932
692 309
599 270
112 540
500 161
213 59
777 644
17 49
458 326
136 617
217 777
808 46
785 45
42 479
190 81
887 554
47 993
348 186
828 588
375 291
5 774
128 690
949 175
830 286
294 670
788 623
202 631
777 181
355 719
570 252
670 864
1036 170
961 27
44 337
623 253
318 87
134 636
1061 370
77 168
378 556
758 527
113 362
840 476
1085 428
135 200
1027 341
966 13
537 812
718 749
220 569
842 156
1020 347
1060 229
382 982
589 686
818 14
94 761
268 177
705 628
1064 296
996 652
1084 488
1075 966
60 174
99 272
224 637
519 250
1011 523
879 846
1088 45
338 944
804 129
196 530
35 842
1042 698
250 354
945 936
929 928
387 213
229 90
519 344
585 607
196 211
540 485
775 886
401 653
1033 180
100 525
273 595
442 370
33 774
348 944
755 717
1052 650
833 609
486 511
32 131
953 327
897 329
261 3
817 249
113 176
799 511
812 435
576 188
212 685
406 752
782 870
512 60
994 793
303 144
795 210
164 368
375 274
53 344
580 561
230 340
1017 714
17 290
924 668
514 671
875 794
478 993
495 426
4 539
566 397
435 981
316 252
169 81
126 54
967 21
101 987
270 444
152 513
359 698
293 853
232 231
584 243
279 32
659 729
1003 406
824 794
340 679
549 886
1060 518
277 882
708 372
180 754
1 813
782 328
236 56
571 608
973 920
680 786
424 475
833 955
722 97
424 260
908 501
238 61
770 398
896 181
952 721
505 619
483 255
789 15
625 214
255 793
479 775
922 367
769 856
886 816
50 1000
385 289
165 559
428 423
342 252
440 885
411 37
209 273
950 693
138 169
952 577
158 381
31 700
690 71
485 490
541 333
621 227
348 300
493 380
154 589
281 735
1005 283
712 564
558 797
1053 930
502 238
191 529
433 65
225 9
872 61
321 235
713 331
434 718
676 605
325 712
580 559
482 660
595 427
320 279
1074 911
737 778
213 453
783 639
832 226
836 624
836 622
683 27
186 378
29 444
349 875
683 792
1056 821
315 202
884 352
801 662
91 203
974 285
156 194
504 387
563 763
103 339
617 346
1056 259
137 656
744 298
26 453
125 987
939 619
916 141
733 618
636 18
751 70
571 892
414 341
528 375
499 319
603 971
686 736
768 424
858 295
716 526
935 219
1058 90
40 158
67 869
694 14
266 707
292 801
3 764
811 443
404 434
295 985
466 205
277 584
940 507
743 200
795 331
55 585
1038 965
1069 132
912 387
740 356
966 10
583 738
980 248
987 921
172 990
630 462
