1079 995
482 485
257 326
286 248
517 421
404 322
713 795
45 43
924 845
873 955
160 252
1 9
838 901
40 122
58 94
676 738
627 574
766 715
862 882
405 367
923 984
379 299
461 433
612 682
133 72
813 874
97 138
908 856
165 145
996 995
623 529
220 199
298 277
157 97
723 719
144 242
48 107
129 122
148 70
35 98
644 600
632 645
272 267
1040 972
977 895
312 213
778 748
567 487
965 923
1 29
616 674
569 540
628 554
493 467
76 46
733 710
575 553
288 191
775 724
723 730
912 988
64 90
354 340
565 549
210 196
922 865
775 678
566 570
934 936
626 722
742 651
194 123
485 431
483 508
617 585
876 853
653 642
896 992
652 725
220 286
727 812
900 859
563 663
56 88
157 179
280 187
537 619
284 261
920 846
124 192
239 261
459 514
931 886
504 530
910 849
382 294
795 799
485 391
351 330
289 298
865 790
668 257
547 186
786 656
579 406
585 891
440 628
48 821
416 179
246 748
841 659
877 891
942 952
355 317
543 505
855 868
403 155
385 870
251 583
842 968
109 750
878 521
774 928
122 429
179 613
192 587
822 247
820 238
969 205
645 491
992 233
97 786
194 770
490 422
659 946
290 692
882 317
332 75
173 136
163 727
697 432
190 589
509 195
460 448
525 986
474 560
2 90
421 86
854 722
476 677
71 113
428 973
745 559
327 381
727 246
899 896
352 446
518 149
731 896
712 883
507 288
888 712
19 553
301 116
782 200
655 320
449 28
63 909
933 138
436 622
1013 127
862 684
148 274
262 176
674 745
198 197
382 172
460 641
70 897
144 915
484 560
787 506
670 376
411 106
463 755
302 413
504 798
11 396
829 553
420 188
342 92
148 588
437 898
212 581
869 461
67 386
1035 105
1016 157
346 571
444 115
308 499
503 510
1032 715
163 841
72 645
864 917
181 794
448 162
856 684
949 244
348 282
839 949
315 479
722 539
206 502
211 283
940 920
467 386
275 572
1033 665
862 825
758 172
858 629
825 312
965 67
451 204
494 230
448 950
363 555
387 435
820 467
417 311
614 281
621 927
317 517
66 537
643 821
195 206
99 845
693 883
817 413
324 694
786 86
453 105
394 970
1034 716
555 478
1033 926
80 187
822 148
590 803
21 495
332 914
110 856
1001 41
423 560
90 611
102 464
518 265
67 344
77 487
329 825
461 786
428 587
790 392
25 696
441 746
875 356
108 718
304 161
865 164
851 27
566 939
869 186
104 471
402 451
808 285
539 680
802 556
129 436
319 918
294 896
99 285
41 644
912 142
517 859
163 541
325 99
297 928
814 314
382 85
544 750
634 867
129 73
477 597
368 337
916 901
183 782
933 647
530 601
375 129
564 158
965 691
246 151
675 793
859 67
566 475
959 368
207 869
54 905
847 705
776 864
707 862
906 606
415 87
412 789
82 485
49 366
695 181
465 90
600 44
388 347
98 766
560 491
720 780
305 283
827 49
863 156
225 60
1005 111
149 990
713 771
851 100
889 405
645 207
777 503
85 325
329 878
88 79
780 348
721 336
160 222
136 661
119 800
925 453
805 848
819 190
474 273
502 224
336 431
748 348
724 522
187 744
88 526
735 266
661 796
812 383
425 787
698 60
832 78
304 620
225 683
997 682
988 822
55 799
910 665
238 613
374 415
730 255
220 816
753 297
112 806
749 158
703 863
782 85
177 389
602 283
236 296
715 11
310 682
561 711
375 750
682 633
312 366
1035 850
464 15
92 575
952 141
270 902
588 835
219 90
140 809
357 349
141 543
477 762
599 821
235 665
626 560
239 93
440 888
764 489
148 849
18 572
212 856
85 622
618 585
73 471
368 985
677 644
556 365
134 430
277 334
777 681
789 906
440 65
154 792
1029 573
429 171
263 18
772 934
69 555
957 915
571 857
543 606
864 873
27 528
340 99
918 176
907 47
978 525
814 673
68 63
248 562
548 254
108 740
574 958
621 873
539 629
298 519
692 621
208 299
68 19
736 860
308 879
722 30
10 813
406 574
477 47
563 214
961 564
606 500
60 687
85 786
97 696
760 262
434 315
84 414
840 792
633 836
1023 526
50 658
891 287
840 203
584 468
801 722
800 529
352 618
39 592
924 632
508 225
491 208
350 189
352 723
314 117
142 468
475 798
457 693
834 636
451 502
761 376
912 416
553 679
927 54
826 772
359 832
537 341
924 932
766 56
795 763
445 792
675 238
310 988
458 169
103 947
17 511
285 506
269 255
216 252
1032 233
547 351
449 701
758 406
703 755
560 208
704 957
278 868
355 582
856 705
799 263
756 265
269 484
937 390
193 75
54 856
726 834
540 464
1025 116
246 792
282 976
32 795
999 330
455 253
932 22
372 243
648 261
400 878
711 613
294 662
599 608
361 47
595 868
960 843
30 313
581 611
357 145
645 146
614 318
997 861
783 452
605 813
857 784
426 297
554 701
202 618
508 943
196 36
534 404
157 944
67 147
871 53
696 792
567 174
686 575
372 204
133 270
18 941
489 149
647 723
840 260
1001 370
272 665
147 993
973 446
668 735
146 77
924 757
473 341
265 911
340 516
337 313
931 447
525 13
473 134
446 187
518 140
26 348
785 991
676 308
136 148
524 62
483 925
897 656
436 164
151 421
920 251
201 771
611 404
701 87
713 992
569 54
442 783
264 595
604 680
110 50
898 750
421 522
678 235
890 484
271 397
824 644
832 720
435 194
336 995
583 111
436 478
521 9
689 73
749 411
985 789
798 881
895 383
973 902
620 660
207 257
880 556
555 436
680 419
848 551
828 242
593 394
764 362
660 603
696 835
941 302
543 289
491 413
778 404
51 859
158 222
326 518
64 757
687 521
686 347
108 142
87 431
96 241
1029 287
801 536
848 444
644 609
43 407
581 341
558 697
226 136
839 672
908 24
374 678
499 185
458 890
217 166
505 299
329 296
78 819
905 579
46 482
698 106
943 733
341 852
708 19
977 703
863 922
71 678
402 614
140 620
861 637
108 166
837 259
220 883
124 181
147 666
843 643
23 926
1005 973
545 970
178 109
381 311
883 148
833 441
22 943
321 191
107 214
93 109
91 801
401 52
493 173
851 461
308 851
1002 872
602 764
799 115
429 476
637 239
983 201
143 509
454 387
933 322
26 433
19 905
283 645
349 255
230 54
123 694
753 483
743 144
4 824
995 981
845 81
201 962
126 182
257 781
488 685
4 370
200 296
507 323
236 276
534 555
834 269
1011 422
971 179
861 68
217 136
397 986
228 214
321 75
542 284
247 15
386 28
112 597
857 935
926 315
430 205
576 109
916 985
1015 358
172 564
229 804
177 735
2 814
246 188
556 386
738 975
622 189
715 901
422 325
858 873
895 452
967 389
250 587
421 298
336 225
685 296
431 762
154 416
940 218
158 855
100 909
482 926
387 984
258 479
893 265
381 55
714 940
1007 776
24 863
534 821
937 961
309 540
726 720
129 113
442 151
422 563
868 663
468 861
386 703
701 368
796 565
656 522
51 962
162 775
156 476
652 493
748 352
174 90
254 143
776 715
554 669
112 19
245 277
424 545
400 125
93 827
140 596
869 363
431 273
392 372
154 45
783 782
227 439
906 854
882 506
718 618
743 348
328 402
332 290
306 715
885 979
129 316
843 27
84 391
409 397
353 558
701 746
1021 770
500 635
444 818
605 587
898 849
306 952
378 555
301 351
857 224
21 242
635 796
1038 505
555 178
306 151
224 315
599 694
1005 863
69 447
762 883
584 565
345 842
987 261
100 962
46 41
273 254
481 308
293 534
406 459
930 771
386 119
164 132
968 185
31 626
96 826
574 130
538 615
375 441
747 143
50 668
912 945
850 52
7 38
566 611
249 426
982 435
625 756
326 931
702 879
7 55
956 83
128 894
878 907
731 657
544 315
568 189
520 626
871 72
746 956
357 838
104 973
959 243
483 84
305 612
329 985
642 113
100 438
1020 984
644 116
88 279
358 264
131 702
251 572
815 654
769 398
440 809
273 431
717 405
300 13
184 977
604 702
649 143
964 31
860 435
344 24
303 789
538 873
503 136
273 404
729 701
635 184
514 488
250 954
95 739
854 761
282 560
1014 560
856 694
194 568
500 296
63 880
590 888
476 717
259 469
303 217
110 775
478 432
766 422
694 447
542 337
516 661
182 181
841 615
816 463
845 810
570 11
389 245
567 112
394 706
820 554
910 859
667 149
1021 627
902 771
1030 848
817 990
977 394
307 650
764 302
416 91
496 510
434 400
638 335
576 675
798 933
18 838
889 367
379 951
632 414
229 815
665 559
679 984
319 692
585 141
417 554
543 567
45 706
1015 269
1015 897
367 371
355 943
46 647
659 919
142 65
38 576
110 134
890 401
16 778
804 757
61 887
191 196
876 407
262 651
448 810
58 838
398 761
891 539
440 401
884 59
177 780
73 994
197 646
983 804
742 205
723 734
533 721
595 915
134 253
757 259
258 443
493 273
200 209
856 453
674 717
173 419
646 679
359 279
236 776
978 237
787 448
571 263
444 722
238 272
813 894
58 654
619 631
740 753
636 569
894 96
169 426
567 707
921 329
410 283
479 536
869 287
473 588
498 745
429 324
292 574
129 763
914 239
517 431
635 437
800 980
210 196
220 499
868 625
629 949
592 676
288 906
871 277
297 630
492 328
904 199
328 393
78 926
531 360
1038 781
570 269
748 173
998 336
543 188
636 569
583 407
227 887
110 658
1008 195
662 886
32 546
541 114
9 792
716 215
125 87
832 26
168 563
113 764
88 990
345 556
724 127
820 240
59 482
944 958
570 630
867 686
586 129
574 149
824 507
243 691
369 825
867 83
819 816
240 122
432 10
437 381
691 841
155 225
61 435
96 580
172 824
904 476
905 327
2 137
603 721
501 35
570 788
926 939
660 10
297 350
152 46
732 809
282 562
234 290
864 896
779 53
165 369
257 586
668 906
643 18
29 80
1005 801
697 842
619 983
420 528
680 587
998 111
197 458
25 533
362 173
48 79
558 371
751 923
361 393
368 51
236 530
304 572
338 947
616 21
94 792
284 786
823 509
320 486
849 772
851 430
897 208
478 691
915 764
298 702
165 834
801 417
231 977
780 157
579 290
459 598
193 648
187 908
23 756
744 126
292 571
1 731
536 746
673 920
922 838
901 960
453 359
968 817
579 903
79 940
378 981
511 537
1011 584
1037 990
306 378
66 722
280 635
891 636
131 922
228 438
749 878
386 902
590 520
146 576
835 71
633 678
843 880
431 426
343 809
694 514
626 283
443 780
553 532
706 442
371 561
984 46
872 815
1003 57
275 164
425 508
479 959
778 924
