1212 9819
585 485
194 94
426 326
606 506
348 248
516 416
521 421
1092 992
422 322
749 649
895 795
337 237
143 43
557 457
945 845
915 815
1055 955
546 446
352 252
522 422
109 9
891 791
1001 901
459 359
222 122
767 667
194 94
698 598
838 738
107 7
674 574
644 544
815 715
434 334
982 882
866 766
467 367
1094 994
1084 984
993 893
399 299
733 633
533 433
231 131
782 682
528 428
172 72
800 700
974 874
717 617
238 138
974 874
956 856
820 720
245 145
519 419
1095 995
894 794
629 529
296 196
299 199
1097 997
377 277
216 116
197 97
1008 908
819 719
639 539
342 242
807 707
207 107
669 569
222 122
637 537
170 70
1031 931
198 98
826 726
700 600
587 487
745 645
872 772
367 267
613 513
1072 972
181 81
995 895
1043 943
313 213
158 58
848 748
403 303
587 487
864 764
1023 923
636 536
129 29
824 724
774 674
889 789
640 540
579 479
654 554
242 142
567 467
439 339
146 46
741 641
810 710
296 196
653 553
594 494
291 191
166 66
824 724
924 824
830 730
308 208
1088 988
811 711
190 90
900 800
440 340
414 314
649 549
389 289
296 196
501 401
965 865
566 466
778 678
789 689
670 570
933 833
1036 936
325 225
822 722
344 244
751 651
949 849
223 123
213 113
531 431
479 379
608 508
461 361
685 585
165 65
953 853
586 486
742 642
786 686
1092 992
386 286
825 725
989 889
386 286
124 24
912 812
591 491
959 859
991 891
763 663
190 90
188 88
281 181
279 179
314 214
287 187
117 17
719 619
572 472
361 261
518 418
946 846
519 419
292 192
456 356
361 261
782 682
614 514
406 306
986 886
301 201
630 530
485 385
949 849
1052 952
394 294
600 500
899 799
294 194
491 391
837 737
430 330
424 324
398 298
1092 992
890 790
324 224
375 275
360 260
926 826
197 97
172 72
310 210
966 866
749 649
1051 951
1019 919
848 748
163 63
785 685
1058 958
1056 956
904 804
664 564
618 518
283 183
528 428
500 400
637 537
821 721
446 346
307 207
253 153
423 323
1071 971
711 611
762 662
216 116
297 197
209 109
191 91
895 795
629 529
443 343
226 126
962 862
847 747
785 685
569 469
110 10
870 770
981 881
1034 934
1084 984
823 723
503 403
995 895
460 360
668 568
549 449
272 172
641 541
1058 958
372 272
483 383
977 877
408 308
459 359
1070 970
807 707
683 583
408 308
148 48
870 770
1030 930
130 30
669 569
308 208
103 3
411 311
120 20
200 100
709 609
1039 939
987 887
522 422
925 825
885 785
1030 930
470 370
1004 904
1089 989
341 241
1069 969
479 379
243 143
476 376
1072 972
1062 962
128 28
989 889
161 61
543 443
738 638
316 216
448 348
438 338
447 347
260 160
166 66
506 406
491 391
259 159
738 638
131 31
395 295
304 204
926 826
520 420
296 196
253 153
549 449
525 425
955 855
431 331
243 143
665 565
587 487
938 838
240 140
109 9
664 564
1018 918
715 615
633 533
235 135
332 232
664 564
1057 957
460 360
691 591
893 793
676 576
263 163
846 746
959 859
477 377
860 760
958 858
811 711
186 86
762 662
534 434
259 159
658 558
760 660
379 279
368 268
940 840
1048 948
835 735
415 315
674 574
776 676
226 126
441 341
1012 912
789 689
839 739
994 894
921 821
806 706
725 625
590 490
1017 917
578 478
301 201
771 671
1093 993
1032 932
249 149
999 899
152 52
337 237
859 759
287 187
367 267
572 472
356 256
872 772
883 783
198 98
217 117
1006 906
616 516
1011 911
280 180
735 635
125 25
325 225
480 380
923 823
812 712
264 164
366 266
443 343
316 216
832 732
548 448
602 502
641 541
840 740
764 664
676 576
1054 954
712 612
826 726
1002 902
872 772
554 454
631 531
511 411
1043 943
1073 973
850 750
803 703
427 327
950 850
1017 917
177 77
105 5
320 220
213 113
902 802
1013 913
503 403
891 791
281 181
1098 998
110 10
959 859
625 525
445 345
1019 919
531 431
768 668
775 675
627 527
933 833
562 462
538 438
391 291
623 523
705 605
1016 916
557 457
520 420
505 405
215 115
517 417
760 660
379 279
361 261
785 685
872 772
696 596
488 388
407 307
864 764
324 224
943 843
422 322
306 206
940 840
507 407
1075 975
739 639
501 401
952 852
191 91
642 542
427 327
160 60
430 330
857 757
282 182
182 82
703 603
737 637
893 793
193 93
715 615
714 614
833 733
236 136
964 864
287 187
116 16
202 102
963 863
1072 972
1087 987
263 163
406 306
601 501
134 34
577 477
940 840
592 492
800 700
221 121
806 706
180 80
887 787
238 138
205 105
760 660
934 834
329 229
898 798
927 827
410 310
548 448
709 609
330 230
790 690
932 832
661 561
589 489
679 579
686 586
160 60
391 291
488 388
765 665
409 309
760 660
507 407
802 702
300 200
253 153
413 313
706 606
1070 970
223 123
133 33
353 253
373 273
809 709
377 277
932 832
1097 997
208 108
140 40
988 888
327 227
581 481
960 860
383 283
1040 940
958 858
708 608
384 284
1090 990
811 711
690 590
950 850
906 806
339 239
152 52
1043 943
901 801
295 195
864 764
195 95
810 710
510 410
486 386
764 664
693 593
1000 900
150 50
212 112
594 494
1063 963
256 156
854 754
1036 936
558 458
1065 965
119 19
186 86
325 225
823 723
669 569
284 184
197 97
968 868
294 194
440 340
854 754
512 412
702 602
587 487
161 61
309 209
795 695
446 346
447 347
960 860
819 719
407 307
200 100
195 95
197 97
921 821
943 843
1041 941
845 745
921 821
386 286
687 587
592 492
301 201
216 116
765 665
631 531
627 527
524 424
912 812
353 253
524 424
526 426
559 459
513 413
443 343
1080 980
936 836
391 291
606 506
933 833
279 179
586 486
1016 916
109 9
530 430
675 575
696 596
1022 922
908 808
245 145
369 269
997 897
612 512
504 404
911 811
842 742
785 685
828 728
667 567
369 269
876 776
203 103
955 855
845 745
818 718
135 35
953 853
879 779
197 97
171 71
246 146
180 80
846 746
942 842
115 15
228 128
1065 965
1041 941
612 512
327 227
580 480
130 30
1058 958
442 342
765 665
705 605
291 191
631 531
1064 964
464 364
615 515
459 359
706 606
967 867
922 822
920 820
636 536
413 313
793 693
307 207
119 19
1011 911
435 335
408 308
201 101
530 430
1022 922
785 685
394 294
741 641
1010 910
213 113
510 410
241 141
350 250
790 690
646 546
800 700
829 729
659 559
709 609
581 481
820 720
603 503
1076 976
866 766
859 759
107 7
898 798
982 882
174 74
959 859
748 648
282 182
399 299
525 425
885 785
642 542
946 846
783 683
490 390
953 853
997 897
1038 938
516 416
189 89
937 837
724 624
347 247
281 181
393 293
978 878
244 144
1033 933
1038 938
680 580
567 467
352 252
580 480
307 207
1055 955
758 658
765 665
120 20
126 26
1054 954
664 564
447 347
549 449
859 759
126 26
546 446
621 521
114 14
401 301
757 657
421 321
810 710
713 613
1080 980
488 388
288 188
979 879
736 636
1090 990
303 203
288 188
532 432
1063 963
229 129
920 820
730 630
400 300
609 509
922 822
337 237
355 255
473 373
377 277
938 838
253 153
495 395
500 400
792 692
327 227
203 103
618 518
318 218
547 447
484 384
415 315
1031 931
913 813
496 396
424 324
489 389
602 502
740 640
399 299
387 287
880 780
397 297
476 376
1077 977
616 516
612 512
312 212
319 219
429 329
655 555
910 810
498 398
586 486
389 289
585 485
898 798
516 416
698 598
1052 952
149 49
994 894
672 572
458 358
797 697
121 21
870 770
747 647
825 725
144 44
642 542
783 683
314 214
461 361
987 887
914 814
145 45
331 231
194 94
108 8
382 282
265 165
182 82
596 496
419 319
799 699
726 626
952 852
246 146
559 459
641 541
635 535
974 874
414 314
825 725
1044 944
877 777
406 306
654 554
559 459
308 208
737 637
887 787
547 447
1076 976
508 408
1012 912
207 107
544 444
1062 962
103 3
665 565
401 301
507 407
264 164
957 857
537 437
417 317
752 652
198 98
864 764
918 818
141 41
700 600
837 737
388 288
276 176
1002 902
236 136
667 567
228 128
290 190
494 394
849 749
335 235
1008 908
142 42
376 276
924 824
848 748
784 684
692 592
1079 979
493 393
668 568
463 363
467 367
263 163
152 52
1083 983
742 642
279 179
435 335
116 16
226 126
578 478
230 130
359 259
683 583
968 868
229 129
395 295
852 752
696 596
267 167
171 71
956 856
722 622
740 640
964 864
870 770
744 644
531 431
105 5
295 195
465 365
548 448
529 429
801 701
164 64
1052 952
954 854
980 880
870 770
268 168
188 88
179 79
257 157
1061 961
468 368
572 472
521 421
317 217
819 719
809 709
371 271
247 147
1075 975
396 296
916 816
1009 909
1062 962
864 764
635 535
351 251
538 438
978 878
796 696
853 753
981 881
670 570
418 318
353 253
145 45
766 666
152 52
1031 931
596 496
533 433
413 313
910 810
238 138
778 678
434 334
223 123
1088 988
312 212
608 508
166 66
870 770
306 206
851 751
850 750
880 780
164 64
541 441
566 466
307 207
437 337
616 516
610 510
774 674
896 796
508 408
275 175
1020 920
537 437
673 573
1038 938
734 634
948 848
978 878
661 561
1090 990
818 718
926 826
1048 948
796 696
749 649
900 800
669 569
511 411
763 663
522 422
682 582
807 707
943 843
434 334
302 202
1086 986
802 702
594 494
679 579
250 150
825 725
662 562
903 803
480 380
440 340
932 832
256 156
1079 979
932 832
476 376
702 602
611 511
334 234
514 414
788 688
260 160
284 184
1082 982
1078 978
338 238
513 413
590 490
733 633
999 899
685 585
351 251
706 606
626 526
1063 963
997 897
450 350
139 39
342 242
757 657
639 539
552 452
839 739
638 538
367 267
931 831
265 165
560 460
277 177
285 185
820 720
1034 934
902 802
540 440
744 644
590 490
182 82
268 168
898 798
171 71
297 197
1077 977
273 173
558 458
181 81
304 204
335 235
903 803
212 112
239 139
203 103
499 399
368 268
520 420
979 879
1091 991
743 643
678 578
206 106
1072 972
222 122
277 177
544 444
498 398
362 262
448 348
791 691
596 496
1097 997
376 276
546 446
925 825
271 171
714 614
649 549
221 121
381 281
830 730
311 211
441 341
212 112
384 284
508 408
798 698
830 730
117 17
463 363
646 546
189 89
772 672
705 605
1074 974
1038 938
966 866
268 168
477 377
805 705
659 559
147 47
440 340
500 400
627 527
315 215
879 779
214 114
861 761
151 51
583 483
981 881
192 92
649 549
490 390
779 679
683 583
428 328
761 661
350 250
491 391
303 203
436 336
581 481
761 661
852 752
225 125
807 707
189 89
182 82
375 275
163 63
459 359
760 660
278 178
121 21
880 780
387 287
142 42
319 219
105 5
600 500
480 380
920 820
872 772
195 95
916 816
144 44
109 9
848 748
584 484
778 678
645 545
376 276
689 589
578 478
257 157
763 663
1001 901
694 594
877 777
857 757
174 74
1047 947
347 247
548 448
155 55
670 570
579 479
413 313
885 785
1081 981
1058 958
895 795
780 680
652 552
493 393
489 389
1044 944
380 280
696 596
964 864
719 619
736 636
711 611
612 512
952 852
992 892
383 283
284 184
399 299
1047 947
866 766
714 614
412 312
725 625
926 826
249 149
826 726
477 377
833 733
574 474
905 805
118 18
779 679
762 662
503 403
516 416
1064 964
101 1
437 337
630 530
641 541
852 752
578 478
122 22
469 369
1081 981
1046 946
877 777
921 821
1057 957
933 833
375 275
937 837
684 584
590 490
682 582
137 37
221 121
694 594
1051 951
229 129
768 668
358 258
218 118
346 246
419 319
462 362
996 896
855 755
621 521
604 504
1048 948
171 71
348 248
277 177
574 474
276 176
451 351
903 803
154 54
337 237
255 155
777 677
760 660
133 33
971 871
215 115
586 486
697 597
394 294
869 769
525 425
636 536
345 245
1056 956
482 382
441 341
471 371
284 184
808 708
334 234
644 544
669 569
894 794
316 216
487 387
637 537
838 738
184 84
620 520
910 810
381 281
757 657
602 502
133 33
191 91
259 159
603 503
620 520
1024 924
768 668
116 16
387 287
133 33
329 229
444 344
474 374
449 349
574 474
706 606
772 672
996 896
1015 915
695 595
611 511
541 441
223 123
202 102
669 569
152 52
299 199
754 654
496 396
810 710
815 715
534 434
159 59
345 245
710 610
136 36
1017 917
761 661
1027 927
513 413
370 270
113 13
217 117
470 370
616 516
500 400
315 215
295 195
316 216
1084 984
337 237
576 476
715 615
264 164
599 499
505 405
577 477
774 674
860 760
296 196
385 285
708 608
156 56
1007 907
1066 966
632 532
722 622
151 51
321 221
816 716
294 194
427 327
191 91
980 880
447 347
810 710
352 252
367 267
573 473
500 400
616 516
476 376
485 385
709 609
457 357
420 320
1058 958
296 196
765 665
638 538
892 792
1035 935
164 64
504 404
520 420
200 100
771 671
226 126
1068 968
955 855
977 877
194 94
277 177
831 731
623 523
353 253
239 139
108 8
252 152
493 393
832 732
643 543
346 246
448 348
665 565
418 318
840 740
589 489
1002 902
122 22
117 17
1098 998
1073 973
149 49
398 298
481 381
711 611
110 10
132 32
529 429
111 11
321 221
437 337
250 150
236 136
817 717
989 889
630 530
622 522
432 332
905 805
1042 942
128 28
665 565
1031 931
316 216
857 757
161 61
709 609
270 170
644 544
972 872
1005 905
744 644
695 595
308 208
346 246
780 680
213 113
797 697
275 175
739 639
256 156
779 679
344 244
1061 961
983 883
461 361
365 265
902 802
983 883
459 359
562 462
939 839
585 485
818 718
372 272
380 280
304 204
352 252
1084 984
380 280
509 409
202 102
498 398
715 615
1009 909
396 296
470 370
581 481
982 882
1056 956
314 214
330 230
866 766
359 259
135 35
1022 922
521 421
806 706
371 271
372 272
470 370
256 156
948 848
652 552
150 50
585 485
1076 976
636 536
370 270
170 70
896 796
1002 902
1063 963
552 452
479 379
135 35
1091 991
1047 947
651 551
478 378
997 897
157 57
407 307
452 352
521 421
769 669
174 74
802 702
488 388
241 141
659 559
558 458
1080 980
563 463
715 615
856 756
781 681
987 887
331 231
432 332
307 207
628 528
918 818
756 656
431 331
354 254
1079 979
887 787
545 445
595 495
448 348
470 370
824 724
110 10
501 401
300 200
746 646
427 327
768 668
117 17
342 242
474 374
402 302
855 755
961 861
1080 980
930 830
476 376
177 77
108 8
541 441
132 32
689 589
560 460
1090 990
904 804
289 189
123 23
968 868
969 869
1096 996
1043 943
463 363
815 715
337 237
728 628
520 420
173 73
665 565
299 199
314 214
138 38
433 333
309 209
826 726
427 327
275 175
1012 912
158 58
899 799
725 625
472 372
166 66
1076 976
269 169
220 120
575 475
767 667
304 204
288 188
190 90
128 28
596 496
804 704
101 1
749 649
574 474
846 746
549 449
797 697
352 252
812 712
432 332
389 289
387 287
725 625
289 189
1053 953
989 889
562 462
163 63
402 302
478 378
179 79
306 206
141 41
997 897
923 823
330 230
1008 908
482 382
765 665
675 575
136 36
160 60
832 732
629 529
909 809
577 477
166 66
390 290
391 291
189 89
691 591
1061 961
683 583
561 461
352 252
802 702
579 479
632 532
630 530
780 680
324 224
153 53
888 788
742 642
409 309
1100 1000
466 366
991 891
452 352
922 822
502 402
252 152
645 545
424 324
213 113
733 633
1067 967
367 267
554 454
481 381
823 723
372 272
114 14
606 506
120 20
519 419
408 308
561 461
744 644
626 526
813 713
1078 978
582 482
568 468
436 336
829 729
389 289
895 795
596 496
681 581
426 326
483 383
630 530
326 226
267 167
521 421
622 522
486 386
930 830
373 273
191 91
584 484
216 116
776 676
847 747
207 107
495 395
329 229
1058 958
1002 902
856 756
1062 962
362 262
205 105
803 703
184 84
611 511
1091 991
581 481
801 701
549 449
789 689
988 888
755 655
699 599
700 600
406 306
638 538
592 492
599 499
903 803
981 881
545 445
1081 981
416 316
573 473
989 889
483 383
885 785
779 679
865 765
673 573
591 491
689 589
689 589
580 480
224 124
245 145
841 741
724 624
998 898
1023 923
825 725
1015 915
782 682
332 232
231 131
1074 974
498 398
835 735
1006 906
778 678
853 753
740 640
412 312
744 644
890 790
312 212
401 301
223 123
1045 945
353 253
547 447
1043 943
297 197
118 18
127 27
1016 916
673 573
427 327
689 589
740 640
1034 934
715 615
309 209
570 470
629 529
755 655
999 899
388 288
115 15
501 401
692 592
940 840
192 92
733 633
675 575
807 707
914 814
524 424
454 354
782 682
227 127
294 194
474 374
955 855
666 566
290 190
694 594
828 728
1073 973
278 178
745 645
375 275
703 603
188 88
812 712
467 367
132 32
644 544
398 298
838 738
661 561
1063 963
1006 906
560 460
726 626
366 266
243 143
827 727
604 504
133 33
936 836
542 442
461 361
728 628
531 431
484 384
654 554
344 244
124 24
582 482
516 416
865 765
835 735
546 446
343 243
347 247
554 454
1013 913
1032 932
660 560
594 494
628 528
748 648
694 594
457 357
1035 935
696 596
562 462
888 788
721 621
636 536
760 660
859 759
664 564
300 200
402 302
666 566
1036 936
841 741
692 592
317 217
824 724
319 219
218 118
932 832
399 299
919 819
351 251
587 487
229 129
573 473
196 96
341 241
267 167
164 64
269 169
616 516
481 381
957 857
1076 976
318 218
867 767
590 490
937 837
604 504
507 407
807 707
303 203
442 342
487 387
575 475
835 735
275 175
806 706
886 786
435 335
271 171
140 40
332 232
921 821
988 888
231 131
966 866
259 159
1076 976
1078 978
353 253
153 53
719 619
949 849
742 642
578 478
560 460
119 19
318 218
330 230
318 218
553 453
767 667
436 336
1049 949
1031 931
189 89
688 588
588 488
549 449
668 568
666 566
626 526
147 252
158 119
947 363
461 791
1012 418
157 965
650 273
436 466
1096 963
870 136
1037 156
919 248
439 473
991 153
772 838
287 541
287 587
147 954
200 142
680 14
643 988
969 881
185 642
103 508
1004 973
1064 533
148 826
1081 109
439 972
199 30
972 641
198 555
248 496
1023 651
491 416
971 719
313 728
257 186
279 372
896 491
159 756
989 159
481 657
160 927
473 22
270 779
997 501
501 494
420 837
900 382
802 209
446 778
830 209
625 978
714 571
325 157
238 93
557 911
408 986
1050 361
363 54
1055 852
810 454
668 414
1100 859
1035 316
778 54
460 505
576 554
439 534
440 368
581 324
173 446
427 314
174 264
676 92
923 853
550 317
674 375
365 773
721 670
486 626
743 520
743 485
286 596
498 831
818 775
485 607
415 36
404 169
827 112
141 734
131 278
825 38
831 456
523 605
107 930
519 110
304 860
553 621
200 929
431 841
524 62
386 279
638 522
392 592
344 776
715 859
486 192
395 134
394 725
1053 894
1056 550
469 431
208 945
197 752
472 14
128 611
1023 271
1009 80
189 435
685 544
425 609
109 198
848 124
536 541
852 962
1052 418
101 714
974 144
710 396
382 678
1032 726
500 507
329 980
158 367
1042 237
1002 218
871 147
955 395
542 187
595 130
877 656
114 431
482 144
439 872
244 660
185 265
116 749
327 982
499 295
1025 468
847 36
544 987
541 699
198 954
853 879
281 14
810 332
730 287
453 761
545 756
345 317
926 883
479 737
785 913
555 95
282 624
311 426
744 720
453 939
403 63
771 919
324 367
637 206
1000 155
297 133
236 532
211 118
375 207
178 506
640 205
760 558
1038 824
436 38
191 862
155 567
545 975
1002 14
1002 632
1027 571
114 833
1005 237
453 939
541 146
137 81
209 698
598 126
210 903
359 346
982 122
696 228
585 901
138 53
471 546
211 280
773 773
388 679
633 208
1011 902
364 809
318 258
535 63
565 713
785 277
866 957
459 827
941 391
164 897
382 868
676 968
435 809
469 273
941 29
511 462
312 319
745 222
299 210
325 558
1043 405
438 228
718 142
604 673
296 166
894 252
278 614
147 999
123 141
1037 971
839 115
709 876
679 42
802 156
275 640
1096 316
324 714
464 908
155 686
1091 252
852 46
846 628
679 991
395 334
939 84
890 100
510 807
855 702
1000 779
806 350
1017 273
842 296
701 329
1068 360
131 99
991 550
140 14
167 180
1056 315
329 950
291 761
339 388
543 382
893 620
869 829
1048 904
454 288
642 981
742 77
968 463
865 376
651 410
996 585
685 184
590 267
747 758
885 223
437 267
154 540
702 410
291 427
853 973
910 99
891 963
159 900
669 118
848 120
949 186
590 602
747 547
364 624
753 213
893 290
194 282
282 128
802 569
165 540
307 648
219 569
325 561
374 453
640 521
149 435
313 275
787 442
308 500
579 740
500 755
276 796
419 601
1016 745
408 174
847 748
667 504
849 333
429 276
194 120
1010 506
651 913
534 766
925 158
668 709
898 628
1054 34
1096 652
510 121
837 871
176 331
1054 491
168 274
1090 568
697 209
375 816
445 357
406 727
673 295
908 460
905 469
1014 244
722 610
298 674
854 30
615 628
359 495
807 131
117 42
525 654
326 552
135 981
398 302
384 836
986 247
178 663
823 869
534 289
717 704
139 798
877 746
873 972
390 370
475 716
620 689
450 929
886 390
412 176
1017 554
1031 18
942 464
490 685
915 259
367 510
158 432
256 843
883 665
638 218
123 446
245 406
705 788
631 548
383 699
922 360
818 92
396 287
493 682
372 690
272 820
1014 448
733 696
950 806
480 450
377 220
578 816
109 748
182 526
679 782
414 914
401 628
368 25
865 555
280 261
349 594
531 271
712 954
1005 782
376 694
980 653
247 896
771 299
438 108
579 44
125 370
742 876
332 673
834 986
408 152
243 781
1019 281
462 136
293 761
475 732
633 854
547 459
625 437
1071 232
1063 572
989 272
857 174
329 849
563 191
1082 276
1076 131
757 366
675 809
916 455
535 447
146 632
901 179
869 580
825 30
140 767
402 870
764 321
817 246
174 484
760 3
187 944
475 917
887 286
713 959
568 486
452 357
980 873
577 152
838 721
424 412
728 152
627 733
253 931
534 517
851 774
562 234
787 541
616 265
845 230
1078 109
244 521
594 879
977 702
295 823
878 633
332 732
250 797
588 723
955 375
1062 993
321 621
295 261
443 243
617 857
465 807
721 845
1083 161
747 48
300 110
488 693
535 946
1027 901
260 363
284 995
618 756
1022 177
911 260
304 448
229 970
806 231
654 401
893 186
239 235
783 440
927 986
199 20
190 552
592 684
361 936
653 756
906 447
888 452
407 939
636 449
159 630
881 139
873 909
156 789
322 15
256 406
246 875
1077 793
448 308
382 146
568 618
662 455
541 931
471 583
290 389
501 691
1086 861
995 994
733 957
237 286
838 57
343 649
829 707
899 176
230 690
588 347
1089 507
263 594
965 668
181 658
461 698
1036 444
1089 617
395 846
207 221
778 692
155 591
351 517
719 980
287 744
518 524
817 70
254 528
120 460
528 69
1096 533
730 964
789 479
849 660
977 872
592 499
447 537
589 936
834 658
979 432
644 663
691 168
506 750
1099 222
997 382
935 660
617 435
280 762
541 113
268 31
700 904
910 430
985 479
656 988
248 859
565 76
645 935
150 69
647 150
620 484
243 82
1069 73
903 577
843 113
562 813
800 782
171 590
1086 925
1048 760
396 116
382 568
904 654
996 394
458 175
208 757
925 105
769 982
925 149
980 493
991 472
269 719
436 857
304 55
496 376
438 532
228 4
739 754
927 881
164 100
307 542
592 49
350 995
488 631
787 729
533 214
183 839
423 992
556 697
354 695
718 283
1038 331
647 399
353 921
954 908
805 924
917 219
509 283
147 122
239 824
113 106
342 356
883 119
994 21
385 902
407 892
881 514
630 936
452 186
679 565
167 22
706 884
186 382
527 297
829 610
179 421
1020 203
703 658
569 862
883 950
1070 357
524 217
992 912
320 331
658 633
154 371
221 58
466 373
430 813
1070 560
935 416
962 207
250 405
232 220
214 379
562 908
727 530
133 344
438 278
119 498
644 761
460 80
971 981
447 765
178 141
126 274
855 149
499 807
355 201
323 962
794 743
1035 131
332 994
195 806
958 756
348 400
839 288
733 495
378 27
562 341
165 579
722 598
265 324
919 719
308 930
555 913
1071 828
125 614
1045 766
1014 537
594 687
800 151
285 80
605 616
208 86
127 97
730 85
303 789
900 119
817 722
385 757
297 8
808 250
796 915
779 535
853 521
621 350
711 178
528 647
422 39
443 302
1073 613
252 388
1059 209
533 388
664 664
740 682
774 152
1096 452
108 132
601 372
754 989
511 19
106 896
448 211
864 512
653 409
623 620
684 929
254 380
1057 727
902 119
792 87
259 245
755 600
789 782
465 421
538 565
603 383
228 642
344 954
1005 659
615 744
116 10
240 221
405 211
191 611
723 732
1056 444
461 875
163 924
599 539
237 529
132 378
465 981
1054 879
713 213
670 458
194 802
887 64
801 962
847 739
776 434
438 485
350 827
141 422
544 377
497 711
491 414
116 229
581 340
453 56
322 379
175 362
972 146
640 984
942 299
986 700
395 880
250 593
870 580
533 94
862 104
314 135
937 894
580 762
920 226
508 205
376 113
154 531
909 622
370 37
388 773
1028 55
637 658
941 704
1036 422
1044 427
191 738
647 390
1063 410
850 620
915 706
285 747
976 160
749 194
300 575
782 799
609 341
811 738
1004 498
454 104
821 353
378 548
814 666
868 57
528 262
987 34
841 797
501 746
122 599
509 350
311 155
603 580
884 238
338 167
104 424
1042 968
244 110
189 658
417 755
837 359
658 742
215 249
987 3
481 462
354 734
460 945
251 15
694 908
424 539
806 462
103 522
840 553
923 484
884 282
1061 463
159 916
537 364
922 990
509 489
522 480
937 380
820 829
577 228
1025 329
1079 585
740 87
563 553
960 654
493 269
883 916
192 250
575 969
583 41
924 542
359 606
165 57
172 609
348 598
380 512
1013 524
1075 853
997 997
695 221
970 886
133 100
366 133
920 698
251 428
872 208
846 131
635 318
206 923
1052 224
1075 471
477 510
156 261
1065 194
244 325
1035 523
997 3
290 525
953 413
394 903
715 576
901 802
571 864
597 354
146 121
706 63
792 579
852 212
359 446
879 708
1038 438
644 856
918 464
200 373
362 756
744 116
318 109
792 736
825 473
194 918
403 892
619 604
875 384
457 635
720 900
832 630
179 781
1005 316
744 237
603 928
429 477
535 184
425 621
579 567
824 344
515 574
1053 344
156 534
323 73
341 423
378 100
345 692
108 961
717 548
502 628
254 817
316 323
468 213
729 430
559 800
585 911
634 861
571 536
1091 777
397 618
260 854
801 863
1041 915
321 308
792 523
831 331
752 30
349 26
317 372
709 423
318 936
433 721
433 298
323 652
555 932
986 725
557 618
531 586
659 770
837 278
441 258
946 264
970 137
952 710
159 195
960 278
616 323
232 820
1020 26
266 183
738 790
110 250
840 44
255 611
112 981
1047 563
333 434
745 289
200 295
845 957
890 104
385 936
643 282
885 671
592 532
291 238
539 181
738 120
315 738
270 979
249 357
128 784
331 25
1026 706
123 308
202 923
412 173
1053 619
179 12
261 280
641 906
375 610
520 6
122 892
1051 12
597 504
943 191
434 482
909 238
873 337
562 109
1029 367
1073 3
481 209
943 62
1029 208
574 448
128 212
295 655
975 490
203 304
140 903
1012 604
918 250
631 355
216 181
829 292
590 493
496 450
746 406
1027 505
763 801
311 381
1085 731
179 858
790 187
628 108
742 314
936 826
466 528
235 369
944 926
544 669
1074 499
883 852
107 19
932 785
1076 705
182 385
1008 860
302 46
994 997
840 184
235 832
357 429
1088 284
1094 324
720 438
1097 154
547 881
628 16
303 741
475 572
893 259
193 775
1042 221
593 299
822 959
334 78
737 217
314 335
148 995
139 631
1084 274
767 86
303 937
1095 527
119 651
488 333
136 290
307 674
979 434
605 956
1039 162
287 588
644 113
435 1000
717 539
716 985
739 380
1075 70
111 569
839 93
307 656
265 350
193 668
744 199
147 795
724 318
296 233
200 291
587 430
212 979
149 646
755 65
727 622
149 490
1004 137
1075 760
939 430
952 42
703 644
1052 876
876 762
461 516
847 260
445 992
113 658
959 30
695 91
126 821
672 987
817 973
813 907
968 336
1047 93
816 496
359 838
312 42
556 949
663 832
955 964
610 570
465 31
992 124
629 35
485 714
401 416
380 521
609 339
525 545
529 540
253 183
1020 748
192 494
190 424
592 967
954 511
1090 801
613 274
978 302
1048 337
615 629
512 534
422 38
466 804
631 341
889 318
981 210
228 536
222 101
272 772
521 473
448 430
1049 167
1022 484
314 539
234 729
346 987
903 424
764 614
404 834
971 552
806 23
517 434
569 512
1029 19
187 321
506 301
649 353
