850 9819
585 485
194 94
426 326
606 506
348 248
516 416
521 421
1092 992
422 322
749 649
895 795
337 237
143 43
557 457
945 845
915 815
1055 955
546 446
352 252
522 422
109 9
891 791
1001 901
459 359
222 122
767 667
194 94
698 598
838 738
107 7
674 574
644 544
815 715
434 334
982 882
866 766
467 367
1094 994
1084 984
993 893
399 299
733 633
533 433
231 131
782 682
528 428
172 72
800 700
974 874
717 617
238 138
974 874
956 856
820 720
245 145
519 419
1095 995
894 794
629 529
296 196
299 199
1097 997
377 277
216 116
197 97
1008 908
819 719
639 539
342 242
807 707
207 107
669 569
222 122
637 537
170 70
1031 931
198 98
826 726
700 600
587 487
745 645
872 772
367 267
613 513
1072 972
181 81
995 895
1043 943
313 213
158 58
848 748
403 303
587 487
864 764
1023 923
636 536
129 29
824 724
774 674
889 789
640 540
579 479
654 554
242 142
567 467
439 339
146 46
741 641
810 710
296 196
653 553
594 494
291 191
166 66
824 724
924 824
830 730
308 208
1088 988
811 711
190 90
900 800
440 340
414 314
649 549
389 289
296 196
501 401
965 865
566 466
778 678
789 689
670 570
933 833
1036 936
325 225
822 722
344 244
751 651
949 849
223 123
213 113
531 431
479 379
608 508
461 361
685 585
165 65
953 853
586 486
742 642
786 686
1092 992
386 286
825 725
989 889
386 286
124 24
912 812
591 491
959 859
991 891
763 663
190 90
188 88
281 181
279 179
314 214
287 187
117 17
719 619
572 472
361 261
518 418
946 846
519 419
292 192
456 356
361 261
782 682
614 514
406 306
986 886
301 201
630 530
485 385
949 849
1052 952
394 294
600 500
899 799
294 194
491 391
837 737
430 330
424 324
398 298
1092 992
890 790
324 224
375 275
360 260
926 826
197 97
172 72
310 210
966 866
749 649
1051 951
1019 919
848 748
163 63
785 685
1058 958
1056 956
904 804
664 564
618 518
283 183
528 428
500 400
637 537
821 721
446 346
307 207
253 153
423 323
1071 971
711 611
762 662
216 116
297 197
209 109
191 91
895 795
629 529
443 343
226 126
962 862
847 747
785 685
569 469
110 10
870 770
981 881
1034 934
1084 984
823 723
503 403
995 895
460 360
668 568
549 449
272 172
641 541
1058 958
372 272
483 383
977 877
408 308
459 359
1070 970
807 707
683 583
408 308
148 48
870 770
1030 930
130 30
669 569
308 208
103 3
411 311
120 20
200 100
709 609
1039 939
987 887
522 422
925 825
885 785
1030 930
470 370
1004 904
1089 989
341 241
1069 969
479 379
243 143
476 376
1072 972
1062 962
128 28
989 889
161 61
543 443
738 638
316 216
448 348
438 338
447 347
260 160
166 66
506 406
491 391
259 159
738 638
131 31
395 295
304 204
926 826
520 420
296 196
253 153
549 449
525 425
955 855
431 331
243 143
665 565
587 487
938 838
240 140
109 9
664 564
1018 918
715 615
633 533
235 135
332 232
664 564
1057 957
460 360
691 591
893 793
676 576
263 163
846 746
959 859
477 377
860 760
958 858
811 711
186 86
762 662
534 434
259 159
658 558
760 660
379 279
368 268
940 840
1048 948
835 735
415 315
674 574
776 676
226 126
441 341
1012 912
789 689
839 739
994 894
921 821
806 706
725 625
590 490
1017 917
578 478
301 201
771 671
1093 993
1032 932
249 149
999 899
152 52
337 237
859 759
287 187
367 267
572 472
356 256
872 772
883 783
198 98
217 117
1006 906
616 516
1011 911
280 180
735 635
125 25
325 225
480 380
923 823
812 712
264 164
366 266
443 343
316 216
832 732
548 448
602 502
641 541
840 740
764 664
676 576
1054 954
712 612
826 726
1002 902
872 772
554 454
631 531
511 411
1043 943
1073 973
850 750
803 703
427 327
950 850
1017 917
177 77
105 5
320 220
213 113
902 802
1013 913
503 403
891 791
281 181
1098 998
110 10
959 859
625 525
445 345
1019 919
531 431
768 668
775 675
627 527
933 833
562 462
538 438
391 291
623 523
705 605
1016 916
557 457
520 420
505 405
215 115
517 417
760 660
379 279
361 261
785 685
872 772
696 596
488 388
407 307
864 764
324 224
943 843
422 322
306 206
940 840
507 407
1075 975
739 639
501 401
952 852
191 91
642 542
427 327
160 60
430 330
857 757
282 182
182 82
703 603
737 637
893 793
193 93
715 615
714 614
833 733
236 136
964 864
287 187
116 16
202 102
963 863
1072 972
1087 987
263 163
406 306
601 501
134 34
577 477
940 840
592 492
800 700
221 121
806 706
180 80
887 787
238 138
205 105
760 660
934 834
329 229
898 798
927 827
410 310
548 448
709 609
330 230
790 690
932 832
661 561
589 489
679 579
686 586
160 60
391 291
488 388
765 665
409 309
760 660
507 407
802 702
300 200
253 153
413 313
706 606
1070 970
223 123
133 33
353 253
373 273
809 709
377 277
932 832
1097 997
208 108
140 40
988 888
327 227
581 481
960 860
383 283
1040 940
958 858
708 608
384 284
1090 990
811 711
690 590
950 850
906 806
339 239
152 52
1043 943
901 801
295 195
864 764
195 95
810 710
510 410
486 386
764 664
693 593
1000 900
150 50
212 112
594 494
1063 963
256 156
854 754
1036 936
558 458
1065 965
119 19
186 86
325 225
823 723
669 569
284 184
197 97
968 868
294 194
440 340
854 754
512 412
702 602
587 487
161 61
309 209
795 695
446 346
447 347
960 860
819 719
407 307
200 100
195 95
197 97
921 821
943 843
1041 941
845 745
921 821
386 286
687 587
592 492
301 201
216 116
765 665
631 531
627 527
524 424
912 812
353 253
524 424
526 426
559 459
513 413
443 343
1080 980
936 836
391 291
606 506
933 833
279 179
586 486
1016 916
109 9
530 430
675 575
696 596
1022 922
908 808
245 145
369 269
997 897
612 512
504 404
911 811
842 742
785 685
828 728
667 567
369 269
876 776
203 103
955 855
845 745
818 718
135 35
953 853
879 779
197 97
171 71
246 146
180 80
846 746
942 842
115 15
228 128
1065 965
1041 941
612 512
327 227
580 480
130 30
1058 958
442 342
765 665
705 605
291 191
631 531
1064 964
464 364
615 515
459 359
706 606
967 867
922 822
920 820
636 536
413 313
793 693
307 207
119 19
1011 911
435 335
408 308
201 101
530 430
1022 922
785 685
394 294
741 641
1010 910
213 113
510 410
241 141
350 250
790 690
646 546
800 700
829 729
659 559
709 609
581 481
820 720
603 503
1076 976
866 766
859 759
107 7
898 798
982 882
174 74
959 859
748 648
282 182
399 299
525 425
885 785
642 542
946 846
783 683
490 390
953 853
997 897
1038 938
516 416
189 89
937 837
724 624
347 247
281 181
393 293
978 878
244 144
1033 933
1038 938
680 580
567 467
352 252
580 480
307 207
1055 955
758 658
765 665
120 20
126 26
1054 954
664 564
447 347
549 449
859 759
126 26
546 446
621 521
114 14
401 301
757 657
421 321
810 710
713 613
1080 980
488 388
288 188
979 879
736 636
1090 990
303 203
288 188
532 432
1063 963
229 129
920 820
730 630
400 300
609 509
922 822
337 237
355 255
473 373
377 277
938 838
253 153
495 395
500 400
792 692
327 227
203 103
618 518
318 218
547 447
484 384
415 315
1031 931
913 813
496 396
424 324
489 389
602 502
740 640
399 299
387 287
880 780
397 297
476 376
1077 977
616 516
612 512
312 212
319 219
429 329
655 555
910 810
498 398
586 486
389 289
585 485
898 798
516 416
698 598
1052 952
149 49
994 894
672 572
458 358
797 697
121 21
870 770
747 647
825 725
144 44
642 542
783 683
314 214
461 361
987 887
914 814
145 45
331 231
194 94
108 8
382 282
265 165
182 82
596 496
419 319
799 699
726 626
952 852
246 146
559 459
641 541
635 535
974 874
414 314
825 725
1044 944
877 777
406 306
654 554
559 459
308 208
737 637
887 787
547 447
1076 976
508 408
1012 912
207 107
544 444
1062 962
103 3
665 565
401 301
507 407
264 164
957 857
537 437
417 317
752 652
198 98
864 764
918 818
141 41
700 600
837 737
388 288
276 176
1002 902
236 136
667 567
228 128
290 190
494 394
849 749
335 235
1008 908
142 42
376 276
924 824
848 748
784 684
692 592
1079 979
493 393
668 568
463 363
467 367
263 163
152 52
1083 983
742 642
279 179
435 335
116 16
226 126
578 478
230 130
359 259
683 583
968 868
229 129
395 295
852 752
696 596
267 167
171 71
956 856
722 622
740 640
964 864
870 770
744 644
531 431
105 5
295 195
465 365
548 448
529 429
801 701
164 64
1052 952
954 854
980 880
870 770
268 168
188 88
179 79
257 157
1061 961
468 368
572 472
521 421
317 217
819 719
809 709
371 271
247 147
1075 975
396 296
916 816
1009 909
1062 962
864 764
635 535
351 251
538 438
978 878
796 696
853 753
981 881
670 570
418 318
353 253
145 45
766 666
152 52
1031 931
596 496
533 433
413 313
910 810
238 138
778 678
434 334
223 123
1088 988
312 212
608 508
166 66
870 770
306 206
851 751
850 750
880 780
164 64
541 441
566 466
307 207
437 337
616 516
610 510
774 674
896 796
508 408
275 175
1020 920
537 437
673 573
1038 938
734 634
948 848
978 878
661 561
1090 990
818 718
926 826
1048 948
796 696
749 649
900 800
669 569
511 411
763 663
522 422
682 582
807 707
943 843
434 334
302 202
1086 986
802 702
594 494
679 579
250 150
825 725
662 562
903 803
480 380
440 340
932 832
256 156
1079 979
932 832
476 376
702 602
611 511
334 234
514 414
788 688
260 160
284 184
1082 982
1078 978
338 238
513 413
590 490
733 633
999 899
685 585
351 251
706 606
626 526
1063 963
997 897
450 350
139 39
342 242
757 657
639 539
552 452
839 739
638 538
367 267
931 831
265 165
560 460
277 177
285 185
820 720
1034 934
902 802
540 440
744 644
590 490
182 82
268 168
898 798
171 71
297 197
1077 977
273 173
558 458
181 81
304 204
335 235
903 803
212 112
239 139
203 103
499 399
368 268
520 420
979 879
1091 991
743 643
678 578
206 106
1072 972
222 122
277 177
544 444
498 398
362 262
448 348
791 691
596 496
1097 997
376 276
546 446
925 825
271 171
714 614
649 549
221 121
381 281
830 730
311 211
441 341
212 112
384 284
508 408
798 698
830 730
117 17
463 363
646 546
189 89
772 672
705 605
1074 974
1038 938
966 866
268 168
477 377
805 705
659 559
147 47
440 340
500 400
627 527
315 215
879 779
214 114
861 761
151 51
583 483
981 881
192 92
649 549
490 390
779 679
683 583
428 328
761 661
350 250
491 391
303 203
436 336
581 481
761 661
852 752
225 125
807 707
189 89
182 82
375 275
163 63
459 359
760 660
278 178
121 21
880 780
387 287
142 42
319 219
105 5
600 500
480 380
920 820
872 772
195 95
916 816
144 44
109 9
848 748
584 484
778 678
645 545
376 276
689 589
578 478
257 157
763 663
1001 901
694 594
877 777
857 757
174 74
1047 947
347 247
548 448
155 55
670 570
579 479
413 313
885 785
1081 981
1058 958
895 795
780 680
652 552
493 393
489 389
1044 944
380 280
696 596
964 864
719 619
736 636
711 611
612 512
952 852
992 892
383 283
284 184
399 299
1047 947
866 766
714 614
412 312
725 625
926 826
249 149
826 726
477 377
833 733
574 474
905 805
118 18
779 679
762 662
503 403
516 416
1064 964
101 1
437 337
630 530
641 541
852 752
578 478
122 22
469 369
1081 981
1046 946
877 777
921 821
1057 957
933 833
375 275
937 837
684 584
590 490
682 582
137 37
221 121
694 594
1051 951
229 129
768 668
358 258
218 118
346 246
419 319
462 362
996 896
855 755
621 521
604 504
1048 948
171 71
348 248
277 177
574 474
276 176
451 351
903 803
154 54
337 237
255 155
777 677
760 660
133 33
971 871
215 115
586 486
697 597
394 294
869 769
525 425
636 536
345 245
1056 956
482 382
441 341
471 371
284 184
808 708
334 234
644 544
669 569
894 794
316 216
487 387
637 537
838 738
184 84
620 520
910 810
381 281
757 657
602 502
133 33
191 91
259 159
603 503
620 520
1024 924
768 668
116 16
387 287
133 33
329 229
444 344
474 374
449 349
574 474
706 606
772 672
996 896
1015 915
695 595
611 511
541 441
223 123
202 102
669 569
152 52
299 199
754 654
496 396
810 710
815 715
534 434
159 59
345 245
710 610
136 36
1017 917
761 661
1027 927
513 413
370 270
113 13
217 117
470 370
616 516
500 400
315 215
295 195
316 216
1084 984
337 237
576 476
715 615
264 164
599 499
505 405
577 477
774 674
860 760
296 196
385 285
708 608
156 56
1007 907
1066 966
632 532
722 622
151 51
321 221
816 716
294 194
427 327
191 91
980 880
447 347
810 710
352 252
367 267
573 473
500 400
616 516
476 376
485 385
709 609
457 357
420 320
1058 958
296 196
765 665
638 538
892 792
1035 935
164 64
504 404
520 420
200 100
771 671
226 126
1068 968
955 855
977 877
194 94
277 177
831 731
623 523
353 253
239 139
108 8
252 152
493 393
832 732
643 543
346 246
448 348
665 565
418 318
840 740
589 489
1002 902
122 22
117 17
1098 998
1073 973
149 49
398 298
481 381
711 611
110 10
132 32
529 429
111 11
321 221
437 337
250 150
236 136
817 717
989 889
630 530
622 522
432 332
905 805
1042 942
128 28
665 565
1031 931
316 216
857 757
161 61
709 609
270 170
644 544
972 872
1005 905
744 644
695 595
308 208
346 246
780 680
213 113
797 697
275 175
739 639
256 156
779 679
344 244
1061 961
983 883
461 361
365 265
902 802
983 883
459 359
562 462
939 839
585 485
818 718
372 272
380 280
304 204
352 252
1084 984
380 280
509 409
202 102
498 398
715 615
1009 909
396 296
470 370
581 481
982 882
1056 956
314 214
330 230
866 766
359 259
135 35
1022 922
521 421
806 706
371 271
372 272
470 370
256 156
948 848
652 552
150 50
585 485
1076 976
636 536
370 270
170 70
896 796
1002 902
1063 963
552 452
479 379
135 35
1091 991
1047 947
651 551
478 378
997 897
157 57
407 307
452 352
521 421
769 669
174 74
802 702
488 388
241 141
659 559
558 458
1080 980
563 463
715 615
856 756
781 681
987 887
331 231
432 332
307 207
628 528
918 818
756 656
431 331
354 254
1079 979
887 787
545 445
595 495
448 348
470 370
824 724
110 10
501 401
300 200
746 646
427 327
768 668
117 17
342 242
474 374
402 302
855 755
961 861
1080 980
930 830
476 376
177 77
108 8
541 441
132 32
689 589
560 460
1090 990
904 804
289 189
123 23
968 868
969 869
1096 996
1043 943
463 363
815 715
337 237
728 628
520 420
173 73
665 565
299 199
314 214
138 38
433 333
309 209
826 726
427 327
275 175
1012 912
158 58
899 799
725 625
472 372
166 66
1076 976
269 169
220 120
575 475
767 667
304 204
288 188
190 90
128 28
596 496
804 704
101 1
749 649
574 474
846 746
549 449
797 697
352 252
812 712
432 332
389 289
387 287
725 625
289 189
1053 953
989 889
562 462
163 63
402 302
478 378
179 79
306 206
141 41
997 897
923 823
330 230
1008 908
482 382
765 665
675 575
136 36
160 60
832 732
629 529
909 809
577 477
166 66
390 290
391 291
189 89
691 591
1061 961
683 583
561 461
352 252
802 702
579 479
632 532
630 530
780 680
324 224
153 53
888 788
742 642
409 309
1100 1000
466 366
991 891
452 352
922 822
502 402
252 152
645 545
424 324
213 113
733 633
1067 967
367 267
554 454
481 381
823 723
372 272
114 14
606 506
120 20
519 419
408 308
561 461
744 644
626 526
813 713
1078 978
582 482
568 468
436 336
829 729
389 289
895 795
596 496
681 581
426 326
483 383
630 530
326 226
267 167
521 421
622 522
486 386
930 830
373 273
191 91
584 484
216 116
776 676
847 747
207 107
495 395
329 229
1058 958
1002 902
856 756
1062 962
362 262
205 105
803 703
184 84
611 511
1091 991
581 481
801 701
549 449
789 689
988 888
755 655
699 599
700 600
406 306
638 538
592 492
599 499
903 803
981 881
545 445
1081 981
416 316
573 473
989 889
483 383
885 785
779 679
865 765
673 573
591 491
689 589
689 589
580 480
224 124
245 145
841 741
724 624
998 898
1023 923
825 725
1015 915
782 682
332 232
231 131
1074 974
498 398
835 735
1006 906
778 678
853 753
740 640
412 312
744 644
890 790
312 212
401 301
223 123
1045 945
353 253
547 447
1043 943
297 197
118 18
127 27
1016 916
673 573
427 327
689 589
740 640
1034 934
715 615
309 209
570 470
629 529
755 655
999 899
388 288
115 15
501 401
692 592
940 840
192 92
733 633
675 575
807 707
914 814
524 424
454 354
782 682
227 127
294 194
474 374
955 855
666 566
290 190
694 594
828 728
1073 973
278 178
745 645
375 275
703 603
188 88
812 712
467 367
132 32
644 544
398 298
838 738
661 561
1063 963
1006 906
560 460
726 626
366 266
243 143
827 727
604 504
133 33
936 836
542 442
461 361
728 628
531 431
484 384
654 554
344 244
124 24
582 482
516 416
865 765
835 735
546 446
343 243
347 247
554 454
1013 913
1032 932
660 560
594 494
628 528
748 648
694 594
457 357
1035 935
696 596
562 462
888 788
721 621
636 536
760 660
859 759
664 564
300 200
402 302
666 566
1036 936
841 741
692 592
317 217
824 724
319 219
218 118
932 832
399 299
919 819
351 251
587 487
229 129
573 473
196 96
341 241
267 167
164 64
269 169
616 516
481 381
957 857
1076 976
318 218
867 767
590 490
937 837
604 504
507 407
807 707
303 203
442 342
487 387
575 475
835 735
275 175
806 706
886 786
435 335
271 171
140 40
332 232
921 821
988 888
231 131
966 866
259 159
1076 976
1078 978
353 253
153 53
719 619
949 849
742 642
578 478
560 460
119 19
318 218
330 230
318 218
553 453
767 667
436 336
1049 949
1031 931
189 89
688 588
588 488
549 449
668 568
666 566
626 526
769 413
808 966
838 715
557 131
698 450
723 143
537 844
1091 948
525 387
620 403
364 184
266 650
394 226
255 294
511 588
410 329
606 858
164 742
174 780
254 194
1070 887
1033 858
1031 193
687 17
223 438
840 536
551 679
972 99
725 354
280 487
226 819
528 243
479 970
435 427
768 838
1093 577
460 993
975 300
647 806
605 782
1039 129
747 630
825 845
115 797
329 955
349 742
535 457
949 813
214 635
986 488
226 550
644 568
137 737
945 670
973 137
1093 914
995 385
662 184
314 53
105 332
896 172
752 179
290 539
799 959
662 399
427 61
1094 522
171 114
540 802
1060 319
363 816
642 123
832 114
268 743
622 911
261 695
876 496
121 276
395 242
441 174
934 959
922 317
260 545
336 984
576 284
730 491
853 170
309 99
490 882
970 190
316 202
853 74
661 316
795 854
691 928
939 877
678 489
860 842
435 489
268 675
871 414
726 257
890 771
495 590
992 792
216 631
700 495
718 827
432 856
866 678
712 988
901 584
627 952
511 515
912 519
714 620
512 152
646 803
900 680
842 307
400 735
294 464
1022 369
665 872
780 203
618 558
711 17
903 965
544 249
885 64
294 553
313 949
821 405
166 950
859 540
725 853
357 920
166 802
848 660
685 362
768 17
330 789
835 463
800 696
670 527
1017 121
947 131
872 115
889 387
728 78
1085 784
228 669
693 585
128 770
218 139
853 278
443 174
865 518
238 731
877 668
645 776
275 391
990 605
320 758
222 881
1092 74
480 544
269 660
598 789
617 490
903 110
653 21
253 353
551 320
151 936
215 381
917 374
270 869
204 486
570 571
176 219
264 659
595 191
908 295
576 630
831 408
651 123
638 958
800 569
285 497
772 343
635 763
916 214
322 560
219 645
604 882
805 969
319 889
299 87
715 291
485 362
377 120
936 42
531 725
1017 971
630 784
288 415
720 875
755 399
636 190
692 26
194 87
229 371
770 926
935 842
668 138
684 490
482 849
1075 387
664 41
516 181
1092 969
595 528
284 433
321 359
236 546
423 146
157 456
1058 947
127 80
822 606
664 101
961 985
505 815
622 799
772 273
680 319
247 944
390 788
323 348
1080 574
479 978
350 493
407 118
586 932
101 971
127 36
408 709
557 898
236 773
881 643
998 25
942 322
274 862
110 436
485 697
139 105
454 184
280 650
954 756
981 491
477 126
607 277
1061 623
163 384
515 574
824 357
484 666
667 170
903 766
156 137
569 700
261 291
918 225
905 846
344 750
361 860
1093 240
850 104
107 205
1061 630
409 256
158 66
577 864
274 902
343 660
278 379
816 925
180 694
760 184
487 286
374 198
868 747
774 851
1070 292
213 317
570 268
748 884
982 268
272 808
371 476
386 717
264 426
997 153
339 831
1060 165
344 581
985 886
1022 372
847 606
150 799
370 743
146 531
620 866
861 37
1030 730
349 264
1091 93
1010 487
834 554
852 990
571 698
308 943
363 880
564 996
601 448
113 939
868 371
541 257
1082 844
208 201
926 372
398 450
126 864
460 305
1025 945
447 428
236 56
631 830
855 543
963 891
853 902
660 130
571 569
796 327
387 499
733 778
761 190
266 462
752 584
372 97
477 364
258 879
563 47
555 692
134 286
367 950
289 358
546 448
219 543
481 591
948 490
759 3
426 528
822 508
622 106
267 224
1065 458
910 309
695 88
658 955
759 597
360 491
341 485
939 152
360 474
408 935
307 205
507 876
229 561
951 778
359 300
145 118
135 256
642 626
306 19
371 873
783 31
479 857
896 764
143 553
1039 886
347 842
226 977
517 769
717 628
658 621
123 884
660 367
407 761
905 493
328 115
494 622
964 387
990 32
770 630
125 510
589 226
527 226
574 937
206 603
684 992
962 493
259 149
704 782
357 943
1034 661
989 172
855 678
899 499
548 919
473 827
773 944
398 39
546 257
483 186
612 341
582 435
232 896
521 831
623 958
453 821
1049 267
226 526
672 592
1029 392
443 523
734 919
809 798
483 403
202 282
596 303
529 632
824 472
234 76
994 654
872 322
946 45
819 238
342 218
489 382
917 206
988 406
1022 8
872 277
830 752
1077 342
320 163
477 78
1094 312
1055 32
637 447
801 655
532 353
189 361
116 330
935 637
485 282
634 365
194 834
965 835
734 864
459 445
938 817
774 779
678 816
384 576
629 447
963 837
620 175
778 492
1020 476
819 749
913 525
151 18
296 780
217 956
663 933
602 163
929 226
979 505
379 607
660 167
659 804
721 701
662 719
793 353
204 95
851 717
564 54
280 946
583 805
210 892
1075 441
961 891
954 31
676 604
159 877
994 974
587 45
293 305
220 291
525 880
243 735
400 807
1039 293
851 27
196 83
380 626
953 631
325 2
189 28
372 342
109 586
309 931
1087 254
582 810
988 995
556 566
580 985
261 303
135 326
656 404
145 32
1039 845
784 401
567 484
1053 544
472 416
793 487
155 228
483 857
946 648
664 81
897 905
810 937
785 412
614 380
616 173
866 143
234 645
121 182
321 477
724 752
126 345
641 472
847 311
826 712
774 156
646 878
117 124
1056 430
735 11
832 33
390 503
951 935
150 919
525 67
488 728
416 757
118 138
299 477
399 872
872 907
541 856
822 312
773 852
490 842
474 181
809 907
1082 14
646 519
237 422
188 434
431 981
852 956
407 734
454 835
917 950
576 131
1082 850
1049 639
712 207
978 108
621 865
469 708
640 762
889 777
735 766
922 83
559 866
807 690
803 798
557 342
1013 863
616 430
178 436
124 37
346 771
640 102
894 230
937 542
360 503
232 430
744 809
495 146
912 657
465 175
1073 139
935 904
805 465
948 567
429 63
676 449
987 166
198 541
593 386
1067 557
662 561
212 377
255 315
684 741
616 104
461 812
937 996
288 277
601 361
155 257
208 628
567 179
622 289
870 927
740 284
218 792
1010 30
555 202
768 489
786 442
882 682
655 644
584 862
914 851
543 632
524 849
574 492
162 191
942 19
932 672
1097 449
104 862
915 779
1007 52
540 114
283 513
417 15
524 74
832 564
944 169
324 518
727 330
461 257
756 446
535 227
190 579
413 739
941 470
587 596
622 992
506 699
740 203
774 550
489 780
408 18
998 478
438 282
702 704
1061 603
363 520
903 854
658 108
297 988
861 355
152 919
1057 622
1015 68
806 16
1041 513
1029 586
817 130
285 386
362 9
325 328
810 493
878 589
648 290
177 263
305 72
160 12
774 641
977 273
775 698
1091 272
549 449
477 858
681 737
913 653
869 953
972 615
540 939
906 29
859 111
322 729
679 452
345 160
688 571
799 581
782 606
730 61
966 461
1000 756
159 404
662 943
973 741
191 775
1028 979
273 679
551 283
474 465
381 925
245 79
177 674
323 668
270 257
262 767
654 116
333 296
380 677
682 616
383 385
686 341
713 457
781 721
668 374
927 613
552 525
264 207
693 604
825 582
914 310
426 888
1057 104
754 354
1023 794
355 733
542 247
390 680
515 723
465 485
907 469
738 39
727 711
194 952
288 137
655 898
642 797
218 140
867 417
1013 917
838 780
177 729
188 158
200 298
460 939
764 187
560 718
1002 691
309 72
395 164
1062 1000
840 270
1041 9
810 777
254 352
112 940
161 930
1096 518
719 106
975 897
707 522
960 282
453 511
153 458
712 863
268 26
763 230
204 790
829 793
625 590
653 49
367 702
914 349
777 51
411 552
949 753
742 232
1041 183
680 817
1008 726
511 304
470 692
477 610
209 436
801 730
730 672
877 728
423 121
830 659
973 392
760 496
467 993
758 778
418 951
151 738
741 451
440 932
249 59
800 546
750 462
374 923
747 456
168 751
604 77
511 701
293 923
183 261
1086 703
893 738
201 723
369 669
998 28
