831 2543
94 485
506 326
416 248
992 421
649 322
237 795
457 43
815 845
446 955
422 252
791 9
359 901
667 122
598 94
7 738
544 574
334 715
766 882
994 367
893 984
633 299
131 433
428 682
700 72
617 874
874 138
720 856
419 145
794 995
196 529
997 199
116 277
908 97
539 719
707 242
569 107
537 122
931 70
726 98
487 600
772 645
513 267
81 972
943 895
58 213
303 748
764 487
536 923
724 29
789 674
479 540
142 554
339 467
641 46
196 710
494 553
66 191
824 724
208 730
711 988
800 90
314 340
289 549
401 196
466 865
689 678
833 570
225 936
244 722
849 651
113 123
379 431
361 508
65 585
486 853
686 642
286 992
889 725
24 286
491 812
891 859
90 663
181 88
214 179
17 187
472 619
418 261
419 846
356 192
682 261
306 514
201 886
385 530
952 849
500 294
194 799
737 391
324 330
992 298
224 790
260 275
97 826
210 72
649 866
919 951
63 748
958 685
804 956
518 564
428 183
537 400
346 721
153 207
971 323
662 611
197 116
91 109
529 795
126 343
747 862
469 685
770 10
934 881
723 984
895 403
568 360
172 449
958 541
383 272
308 877
970 359
583 707
48 308
930 770
569 30
3 208
20 311
609 100
887 939
825 422
930 785
904 370
241 989
379 969
376 143
962 972
889 28
443 61
216 638
338 348
160 347
406 66
159 391
31 638
204 295
420 826
153 196
425 449
331 855
565 143
838 487
9 140
918 564
533 615
232 135
957 564
591 360
576 793
746 163
377 859
858 760
86 711
434 662
558 159
279 660
840 268
735 948
574 315
126 676
912 341
739 689
821 894
625 706
917 490
201 478
993 671
149 932
52 899
759 237
267 187
256 472
783 772
117 98
516 906
180 911
25 635
380 225
712 823
266 164
216 343
448 732
541 502
664 740
954 576
726 612
772 902
531 454
943 411
750 973
327 703
917 850
5 77
113 220
913 802
791 403
998 181
859 10
345 525
431 919
675 668
833 527
438 462
523 291
916 605
420 457
115 405
660 417
261 279
772 685
388 596
764 307
843 224
206 322
407 840
639 975
852 401
542 91
60 327
757 330
82 182
637 603
93 793
614 615
136 733
187 864
102 16
972 863
163 987
501 306
477 34
492 840
121 700
80 706
138 787
660 105
229 834
827 798
448 310
230 609
832 690
489 561
586 579
291 60
665 388
660 309
702 407
153 200
606 313
123 970
253 33
709 273
832 277
108 997
888 40
481 227
283 860
858 940
284 608
711 990
850 590
239 806
943 52
195 801
95 764
410 710
664 386
900 593
112 50
963 494
754 156
458 936
19 965
225 86
569 723
97 184
194 868
754 340
602 412
61 487
695 209
347 346
719 860
100 307
97 95
843 821
745 941
286 821
492 587
116 201
531 665
424 527
253 812
426 424
413 459
980 343
291 836
833 506
486 179
9 916
575 430
922 596
145 808
897 269
404 512
742 811
728 685
269 567
103 776
745 855
35 718
779 853
71 97
80 146
842 746
128 15
941 965
227 512
30 480
342 958
605 665
531 191
364 964
359 515
867 606
820 822
313 536
207 693
911 19
308 335
430 101
685 922
641 294
113 910
141 410
690 250
700 546
559 729
481 609
503 720
766 976
7 759
882 798
859 74
182 648
425 299
542 785
683 846
853 390
938 897
89 416
624 837
181 247
878 293
933 144
580 938
252 467
207 480
658 955
20 665
954 26
347 564
759 449
446 26
14 521
657 301
710 321
980 613
188 388
636 879
203 990
432 188
129 963
630 820
509 300
237 822
373 255
838 277
395 153
692 400
103 227
218 518
384 447
931 315
396 813
389 324
640 502
287 299
297 780
977 376
512 516
219 212
555 329
398 810
289 486
798 485
598 416
49 952
572 894
697 358
770 21
725 647
542 44
214 683
887 361
45 814
94 231
282 8
82 165
319 496
626 699
146 852
541 459
874 535
725 314
777 944
554 306
208 459
787 637
976 447
912 408
444 107
3 962
301 565
164 407
437 857
652 317
764 98
41 818
737 600
176 288
136 902
128 567
394 190
235 749
42 908
824 276
684 748
979 592
568 393
367 363
52 163
642 983
335 179
126 16
130 478
583 259
129 868
752 295
167 596
856 71
640 622
770 864
431 644
195 5
448 365
701 429
952 64
880 854
168 770
79 88
961 157
472 368
217 421
709 719
147 271
296 975
909 816
764 962
251 535
878 438
753 696
570 881
253 318
666 45
931 52
433 496
810 313
678 138
123 334
212 988
717 105
845 429
75 767
82 971
766 827
73 172
19 374
219 877
994 266
238 781
905 202
432 785
685 406
992 653
47 379
410 470
458 943
269 713
57 182
922 659
828 486
843 798
995 190
568 956
98 949
176 71
471 493
380 510
597 732
341 130
933 864
982 417
742 78
291 768
546 971
437 131
560 230
934 857
65 104
57 685
878 784
954 562
661 937
386 336
394 567
690 35
71 492
41 155
756 497
274 720
619 442
906 601
247 967
641 365
63 229
872 516
987 558
220 11
936 160
851 961
318 242
569 188
38 781
62 416
985 358
181 485
83 539
84 198
297 309
414 78
336 674
355 412
644 569
196 602
611 697
679 164
344 327
901 845
421 119
116 49
227 761
150 185
734 418
629 657
328 326
617 889
563 944
260 48
27 98
214 466
988 797
957 199
252 474
367 62
74 867
326 547
167 569
31 16
406 924
352 385
502 889
159 10
270 730
27 180
727 856
449 677
971 180
263 548
539 337
625 507
459 951
535 441
836 905
46 920
854 546
850 262
846 433
655 755
915 814
558 128
444 799
406 835
260 465
489 986
11 974
562 468
346 65
655 755
344 33
187 447
658 838
429 181
283 76
62 558
176 562
422 518
64 71
282 644
78 912
813 198
919 13
924 474
518 521
533 964
622 875
224 260
139 164
104 979
149 102
138 202
727 221
644 567
447 907
427 91
735 21
232 194
550 161
567 476
57 770
849 97
103 452
470 168
495 623
966 624
284 842
172 179
622 171
205 21
812 184
188 518
707 865
144 457
831 666
795 693
688 916
361 80
679 36
213 325
646 938
743 779
575 835
140 564
457 778
350 467
820 223
774 127
554 168
721 625
87 805
416 277
937 874
344 569
983 957
941 81
183 388
117 153
353 697
777 39
897 191
719 34
458 139
723 41
952 665
685 544
727 895
590 199
204 424
406 67
165 278
95 600
986 371
373 74
939 123
95 319
262 39
933 294
764 190
844 460
218 425
232 358
183 974
132 491
401 823
16 623
729 954
743 566
319 7
15 14
268 884
18 330
856 678
729 976
645 578
366 426
64 916
785 337
878 678
909 888
822 162
875 127
211 254
864 193
575 532
382 719
823 851
57 707
915 261
537 720
789 177
115 973
411 942
655 986
679 527
586 357
546 480
735 622
296 701
816 890
288 290
571 758
588 870
247 553
49 497
652 835
40 272
997 359
586 826
689 618
653 129
943 206
252 740
811 263
521 406
266 302
840 41
267 438
520 797
959 570
962 171
98 777
186 735
910 984
691 853
298 352
297 200
380 521
171 562
723 849
805 198
153 489
871 427
758 801
410 752
437 41
835 805
513 27
453 113
627 944
977 773
521 322
366 702
328 968
414 129
91 41
824 907
935 702
869 967
309 515
488 961
666 59
31 317
666 576
220 744
216 9
989 941
316 773
655 133
162 803
609 520
523 908
115 698
176 660
795 921
334 284
652 878
210 777
355 709
867 87
501 827
159 507
946 346
828 981
482 374
181 847
356 323
836 752
95 395
624 866
529 854
546 654
21 593
545 452
516 792
233 722
98 418
784 267
744 603
37 749
274 194
236 307
99 621
500 525
697 849
208 915
284 106
284 682
457 992
713 835
675 988
364 368
73 854
446 27
452 851
671 995
620 613
954 905
275 947
28 103
43 492
189 892
550 919
991 478
621 996
187 800
163 284
585 921
65 404
37 873
403 210
980 897
645 517
924 620
545 867
169 12
746 225
543 586
383 534
607 417
29 518
308 389
128 364
351 373
719 251
533 859
660 302
529 387
219 419
250 831
810 913
373 294
540 677
564 474
269 871
374 967
551 174
134 15
70 12
76 622
901 635
290 631
6 406
734 833
801 570
229 647
213 288
448 459
745 77
923 817
572 314
204 192
650 208
989 353
667 525
865 880
319 879
140 857
392 474
970 970
168 222
168 99
180 378
701 952
657 231
138 265
106 363
717 754
874 566
278 532
479 524
567 173
544 790
451 400
823 646
243 364
594 782
559 287
345 149
355 532
835 824
796 673
297 155
449 192
379 457
636 376
216 138
109 858
586 576
795 576
57 706
940 300
909 562
141 881
622 752
158 839
97 992
572 362
273 970
271 785
693 380
679 494
673 271
436 175
319 897
824 331
123 36
123 641
264 549
316 225
522 689
954 804
540 285
793 728
747 562
830 876
663 568
804 920
407 48
166 287
405 406
325 283
352 949
773 680
95 243
397 119
514 598
798 660
295 558
814 137
809 99
118 187
494 809
608 189
548 539
437 333
607 529
979 919
212 165
43 626
25 302
866 267
131 819
467 952
924 425
185 924
690 86
739 578
638 838
301 564
815 559
83 342
907 116
493 474
222 143
688 961
913 189
17 348
696 980
573 615
545 450
737 762
269 938
551 314
43 894
573 716
351 425
421 489
157 129
606 376
232 410
849 874
30 728
936 411
605 315
217 11
460 313
764 402
458 834
247 182
901 806
339 417
371 7
479 89
151 816
33 505
901 594
263 490
976 425
660 43
72 240
742 46
254 577
442 415
956 910
426 896
811 64
171 316
987 554
369 125
525 287
767 646
287 137
953 21
105 193
466 455
738 751
234 449
971 400
853 11
967 16
803 430
132 330
627 339
643 889
19 61
309 661
469 331
910 938
119 611
232 971
651 33
682 865
519 639
504 696
683 688
11 775
340 868
31 276
635 109
119 236
445 552
11 964
490 986
710 332
610 767
483 33
348 271
542 162
539 259
519 767
905 879
795 765
125 683
710 207
88 972
864 635
991 470
117 587
712 828
890 726
43 246
442 529
859 526
243 59
60 184
913 322
444 373
50 646
188 445
797 222
803 30
655 821
871 908
851 559
235 718
774 735
925 780
264 254
210 61
409 614
167 647
133 768
497 374
898 57
791 318
194 660
24 529
311 970
277 978
781 439
830 213
849 71
968 993
938 129
670 773
290 718
400 953
607 177
420 61
695 330
463 226
847 204
814 858
399 90
173 469
494 181
398 989
11 918
778 588
255 524
181 269
849 96
682 900
173 854
382 847
690 405
416 71
267 623
516 786
239 188
745 780
408 255
923 655
978 830
83 427
66 277
991 459
180 21
29 830
812 711
566 613
664 659
462 249
940 129
184 307
902 27
128 802
821 492
800 971
487 845
596 179
159 8
752 11
692 834
708 254
351 969
686 355
743 797
535 628
164 268
594 167
50 769
145 868
501 506
209 675
194 302
321 286
431 308
248 279
656 327
310 749
261 913
997 710
739 40
400 55
156 983
26 149
970 233
251 576
385 18
379 176
531 402
639 216
495 754
641 636
933 128
935 751
654 443
437 730
923 687
281 589
827 335
128 257
550 161
776 925
250 817
832 985
702 363
24 885
973 317
758 463
708 536
338 624
109 657
585 111
60 342
208 427
518 867
936 711
968 15
803 385
683 867
305 251
190 425
435 193
590 266
400 195
206 308
104 460
358 7
595 771
448 76
971 777
389 14
691 846
460 334
576 907
738 16
837 988
853 464
599 135
764 475
749 987
307 489
167 670
976 311
328 641
13 96
13 372
740 890
598 752
936 281
565 290
634 262
728 564
434 220
318 109
110 349
165 729
519 284
880 784
957 22
484 658
895 130
367 730
686 558
953 349
506 300
105 248
77 199
360 145
597 235
994 650
38 696
145 563
195 207
896 831
347 940
947 706
6 45
655 855
901 405
564 308
971 258
162 299
338 717
699 223
966 81
336 433
154 312
469 678
90 260
