1019 995
482 485
257 326
286 248
517 421
404 322
713 795
45 43
924 845
873 955
160 252
1 9
838 901
40 122
58 94
676 738
627 574
766 715
862 882
405 367
923 984
379 299
461 433
612 682
133 72
813 874
97 138
908 856
165 145
996 995
623 529
220 199
298 277
157 97
723 719
144 242
48 107
129 122
148 70
35 98
644 600
632 645
272 267
1040 972
977 895
312 213
778 748
567 487
965 923
1 29
616 674
569 540
628 554
493 467
76 46
733 710
575 553
288 191
775 724
723 730
912 988
64 90
354 340
565 549
210 196
922 865
775 678
566 570
934 936
626 722
742 651
194 123
485 431
483 508
617 585
876 853
653 642
896 992
652 725
220 286
727 812
900 859
563 663
56 88
157 179
280 187
537 619
284 261
920 846
124 192
239 261
459 514
931 886
504 530
910 849
382 294
795 799
485 391
351 330
289 298
865 790
135 611
515 486
924 992
557 300
50 217
819 882
288 358
82 119
848 171
708 763
76 154
1011 402
942 881
559 285
988 953
868 502
840 305
304 898
69 670
561 883
662 742
176 477
278 632
994 645
7 105
741 861
240 558
555 790
881 176
738 516
366 374
173 947
503 462
708 686
417 765
1036 537
340 529
497 208
218 243
54 785
62 377
704 777
795 795
572 266
35 147
953 99
376 12
202 946
759 363
485 986
549 438
266 778
762 485
736 167
517 42
134 954
991 407
975 95
807 172
151 267
1008 309
495 523
696 520
86 995
667 892
36 959
881 891
1009 935
9 583
356 738
791 65
145 295
680 985
20 368
72 605
299 22
104 66
838 296
32 788
800 74
301 418
806 384
458 971
1033 933
43 761
323 145
336 842
704 487
139 435
352 424
189 452
315 694
39 625
682 458
84 292
374 343
818 292
830 156
197 767
545 503
258 246
67 416
65 368
633 100
271 131
139 389
633 793
82 195
747 697
371 469
979 911
918 328
369 25
73 911
747 685
434 724
160 106
971 333
574 866
475 667
558 242
613 966
803 917
391 855
125 589
432 326
389 598
1037 313
1024 345
707 271
306 499
292 492
6 894
328 378
238 114
480 669
724 644
653 480
976 83
69 648
150 409
550 578
121 73
130 464
529 452
702 104
568 450
948 171
37 605
853 671
302 612
356 697
949 79
759 123
167 213
626 348
1038 163
548 679
651 633
700 832
533 423
782 382
263 908
208 676
706 204
772 232
952 833
88 454
996 32
758 901
82 148
285 194
287 345
241 800
313 56
812 881
913 754
413 318
968 136
595 666
9 942
630 617
386 442
240 433
473 314
1005 747
367 153
766 693
898 434
915 214
235 833
503 220
649 596
869 271
982 811
577 88
212 964
493 403
444 407
325 748
878 820
681 755
365 586
613 312
541 271
666 469
189 194
376 947
713 461
716 210
861 313
115 771
481 725
766 760
611 189
1 166
204 124
665 250
592 679
212 677
770 453
834 975
66 159
110 180
349 951
219 433
701 879
459 780
979 626
710 166
610 291
635 966
257 794
287 305
536 711
510 38
305 431
741 972
897 728
171 391
119 639
371 309
334 457
55 407
736 397
234 33
537 837
840 823
605 309
144 112
1007 440
730 570
835 597
885 282
399 559
227 838
449 961
730 896
419 534
111 658
528 563
723 698
271 448
78 633
730 960
438 399
357 530
430 572
805 290
168 605
389 231
214 153
464 114
544 739
445 381
603 304
548 171
277 900
409 868
657 507
28 586
258 858
472 918
977 806
243 473
646 806
492 331
668 778
344 572
828 93
861 887
511 786
995 445
940 732
280 682
749 229
683 439
89 386
952 556
782 327
396 706
337 359
632 387
289 775
764 368
933 803
568 321
981 912
143 434
418 358
588 769
371 752
509 829
116 613
750 21
364 649
631 535
782 520
863 218
76 737
699 811
592 327
370 285
52 305
896 239
335 729
840 744
47 698
848 779
420 459
979 879
525 703
718 982
469 283
737 253
932 368
469 255
438 637
511 333
563 348
196 980
550 461
312 201
397 458
704 774
812 985
66 432
114 671
1016 847
714 897
910 417
880 23
155 694
535 787
1019 318
219 225
291 554
251 137
500 307
694 953
202 227
619 98
484 471
377 513
257 410
1023 577
15 650
569 961
362 929
430 344
891 772
477 957
15 315
483 457
84 365
138 15
715 790
837 419
688 788
231 546
124 586
607 766
354 309
496 810
713 570
60 53
638 734
471 190
492 544
262 781
44 246
87 391
475 832
530 461
108 460
447 701
364 84
549 122
387 801
266 164
389 811
202 777
432 738
458 910
145 406
819 994
576 995
233 252
710 514
562 182
337 198
101 170
955 75
568 693
237 520
78 425
483 42
384 895
413 339
189 625
863 785
255 538
658 482
93 182
275 66
173 546
1015 198
139 350
200 327
167 657
1013 327
444 608
490 710
420 970
813 208
619 457
334 45
602 217
969 698
876 249
939 302
566 910
338 519
63 115
909 277
19 962
980 760
413 515
458 987
121 625
912 461
753 158
299 984
86 254
101 913
745 51
750 184
677 762
95 224
819 44
250 524
751 554
968 977
490 601
64 132
873 589
193 39
854 630
380 113
826 507
131 847
897 900
888 625
119 674
762 527
932 215
318 446
354 858
996 275
516 466
287 207
36 985
644 591
683 748
501 120
144 370
506 25
147 687
816 984
905 851
64 650
941 165
179 610
737 923
769 812
565 53
222 361
611 200
639 314
1037 334
607 916
418 485
740 714
480 732
424 624
3 677
490 171
640 45
794 799
313 379
659 531
120 914
578 140
297 988
94 200
235 221
966 448
286 752
971 549
1016 353
246 699
207 537
798 803
520 308
571 986
817 379
448 297
1013 274
222 702
912 838
812 289
786 924
181 795
133 318
274 801
479 169
690 218
870 316
1008 307
1015 883
323 295
220 566
344 189
865 214
502 500
563 704
811 438
704 666
643 228
655 964
408 943
1011 986
528 536
323 615
810 204
218 149
753 127
48 813
591 105
246 31
983 919
783 811
414 679
813 812
961 392
349 28
44 293
272 934
426 74
576 344
520 359
1036 255
606 954
226 546
485 110
337 956
89 298
579 815
752 488
426 612
380 319
915 542
377 306
786 827
717 202
967 789
25 78
162 993
578 610
422 246
691 153
840 801
740 290
372 574
288 426
686 441
649 16
503 936
533 856
1007 139
76 144
402 338
967 752
781 422
5 747
1033 253
854 896
697 512
385 920
246 817
905 543
432 173
313 81
286 751
117 515
788 948
968 367
891 669
228 630
574 316
759 702
271 112
972 344
585 629
479 214
1 358
894 654
920 806
989 230
952 91
868 226
770 124
64 321
697 184
217 354
854 807
62 24
612 552
657 736
905 95
401 40
227 564
392 43
530 460
759 641
873 775
568 894
154 297
84 609
288 549
142 147
274 891
77 263
67 477
671 456
765 291
713 519
776 811
478 701
966 679
603 860
758 890
186 774
836 231
854 442
189 553
800 156
926 985
395 394
926 196
151 88
203 545
768 145
790 530
885 734
181 345
392 531
917 861
448 204
502 995
830 234
451 983
729 839
254 961
892 498
474 112
784 250
518 523
440 403
525 939
111 202
175 921
497 526
320 100
29 97
810 164
853 289
66 299
915 316
149 136
87 135
941 304
718 732
922 904
633 307
556 838
933 56
395 495
747 710
1040 318
285 506
690 967
520 484
467 885
812 809
910 71
427 256
449 883
412 984
605 819
293 940
339 165
536 108
322 609
218 814
967 261
4 198
237 559
598 759
421 860
321 583
796 856
10 29
96 565
111 629
468 591
1026 684
831 855
550 973
873 770
60 59
658 173
501 787
394 761
577 212
803 282
227 360
544 612
501 415
207 847
479 675
39 711
679 255
453 485
564 236
152 588
695 954
861 400
397 226
789 304
992 897
328 849
967 58
627 589
54 714
400 893
543 223
749 533
540 583
723 52
1031 32
378 378
29 277
819 680
238 910
973 608
869 106
160 787
314 722
623 375
506 964
291 782
310 31
623 433
73 47
586 698
809 858
673 507
153 910
146 151
428 798
349 621
286 913
953 709
391 561
999 583
729 201
807 539
330 662
366 529
598 287
718 544
960 603
613 951
640 747
451 71
711 203
512 212
946 312
554 426
136 811
316 121
407 537
597 666
388 343
100 280
317 945
619 454
345 988
644 732
308 814
100 807
224 82
664 42
153 391
88 865
928 518
291 907
14 565
373 53
264 864
368 709
603 40
302 752
886 695
916 345
253 115
931 931
760 744
161 115
234 569
606 633
447 285
448 45
429 855
108 476
522 13
323 140
905 90
113 195
572 321
328 650
475 746
1035 641
528 790
843 397
827 192
764 328
185 237
223 276
46 425
910 740
310 546
345 926
570 187
307 639
743 693
510 420
77 43
99 50
695 559
142 412
719 570
317 615
46 180
643 260
521 131
891 711
969 286
139 337
755 203
525 768
524 144
241 682
586 225
122 346
604 390
288 659
397 237
897 857
641 529
810 547
750 610
455 224
291 509
539 490
74 526
432 977
895 393
593 411
51 992
142 558
154 460
261 284
750 41
610 825
825 502
917 404
981 299
81 370
372 173
136 902
56 183
562 160
480 625
87 151
758 941
226 944
351 836
101 983
167 707
961 62
868 408
334 316
343 422
473 890
823 654
186 689
825 973
474 579
754 692
481 561
24 973
517 979
1030 375
81 330
922 265
11 86
448 765
6 790
713 548
74 13
458 513
208 262
991 657
627 9
334 12
171 143
860 625
323 48
994 453
673 341
395 268
226 484
354 732
282 879
321 628
337 876
508 979
721 951
1038 895
430 426
181 850
938 179
623 928
101 929
926 507
469 657
926 208
121 817
403 702
62 859
205 480
55 387
153 21
301 507
490 278
646 228
655 519
799 525
836 79
163 509
834 967
229 652
16 628
285 387
643 689
1015 738
273 145
4 162
860 482
527 546
129 953
370 45
672 436
25 402
817 239
327 258
341 755
797 98
154 968
75 698
776 213
41 529
712 901
485 887
910 455
529 570
703 68
226 750
951 99
196 406
1011 287
933 827
994 330
7 915
50 341
801 502
266 943
