1019 9819
585 485
194 94
426 326
606 506
348 248
516 416
521 421
1092 992
422 322
749 649
895 795
337 237
143 43
557 457
945 845
915 815
1055 955
546 446
352 252
522 422
109 9
891 791
1001 901
459 359
222 122
767 667
194 94
698 598
838 738
107 7
674 574
644 544
815 715
434 334
982 882
866 766
467 367
1094 994
1084 984
993 893
399 299
733 633
533 433
231 131
782 682
528 428
172 72
800 700
974 874
717 617
238 138
974 874
956 856
820 720
245 145
519 419
1095 995
894 794
629 529
296 196
299 199
1097 997
377 277
216 116
197 97
1008 908
819 719
639 539
342 242
807 707
207 107
669 569
222 122
637 537
170 70
1031 931
198 98
826 726
700 600
587 487
745 645
872 772
367 267
613 513
1072 972
181 81
995 895
1043 943
313 213
158 58
848 748
403 303
587 487
864 764
1023 923
636 536
129 29
824 724
774 674
889 789
640 540
579 479
654 554
242 142
567 467
439 339
146 46
741 641
810 710
296 196
653 553
594 494
291 191
166 66
824 724
924 824
830 730
308 208
1088 988
811 711
190 90
900 800
440 340
414 314
649 549
389 289
296 196
501 401
965 865
566 466
778 678
789 689
670 570
933 833
1036 936
325 225
822 722
344 244
751 651
949 849
223 123
213 113
531 431
479 379
608 508
461 361
685 585
165 65
953 853
586 486
742 642
786 686
1092 992
386 286
825 725
989 889
386 286
124 24
912 812
591 491
959 859
991 891
763 663
190 90
188 88
281 181
279 179
314 214
287 187
117 17
719 619
572 472
361 261
518 418
946 846
519 419
292 192
456 356
361 261
782 682
614 514
406 306
986 886
301 201
630 530
485 385
949 849
1052 952
394 294
600 500
899 799
294 194
491 391
837 737
430 330
424 324
398 298
1092 992
890 790
324 224
375 275
360 260
926 826
197 97
172 72
310 210
966 866
749 649
1051 951
1019 919
848 748
163 63
785 685
1058 958
1056 956
904 804
664 564
618 518
283 183
528 428
500 400
637 537
821 721
446 346
307 207
253 153
423 323
1071 971
711 611
762 662
216 116
297 197
209 109
191 91
895 795
629 529
443 343
226 126
962 862
847 747
785 685
569 469
110 10
870 770
981 881
1034 934
1084 984
823 723
503 403
995 895
460 360
668 568
549 449
272 172
641 541
1058 958
372 272
483 383
977 877
408 308
459 359
1070 970
807 707
683 583
408 308
148 48
870 770
1030 930
130 30
669 569
308 208
103 3
411 311
120 20
200 100
709 609
1039 939
987 887
522 422
925 825
885 785
1030 930
470 370
1004 904
1089 989
341 241
1069 969
479 379
243 143
476 376
1072 972
1062 962
128 28
989 889
161 61
543 443
738 638
316 216
448 348
438 338
447 347
260 160
166 66
506 406
491 391
259 159
738 638
131 31
395 295
304 204
926 826
520 420
296 196
253 153
549 449
525 425
955 855
431 331
243 143
665 565
587 487
938 838
240 140
109 9
664 564
1018 918
715 615
633 533
235 135
332 232
664 564
1057 957
460 360
691 591
893 793
676 576
263 163
846 746
959 859
477 377
860 760
958 858
811 711
186 86
762 662
534 434
259 159
658 558
760 660
379 279
368 268
940 840
1048 948
835 735
415 315
674 574
776 676
226 126
441 341
1012 912
789 689
839 739
994 894
921 821
806 706
725 625
590 490
1017 917
578 478
301 201
771 671
1093 993
1032 932
249 149
999 899
152 52
337 237
859 759
287 187
367 267
572 472
356 256
872 772
883 783
198 98
217 117
1006 906
616 516
1011 911
280 180
735 635
125 25
325 225
480 380
923 823
812 712
264 164
366 266
443 343
316 216
832 732
548 448
602 502
641 541
840 740
764 664
676 576
1054 954
712 612
826 726
1002 902
872 772
554 454
631 531
511 411
1043 943
1073 973
850 750
803 703
427 327
950 850
1017 917
177 77
105 5
320 220
213 113
902 802
1013 913
503 403
891 791
281 181
1098 998
110 10
959 859
625 525
445 345
1019 919
531 431
768 668
775 675
627 527
933 833
562 462
538 438
391 291
623 523
705 605
1016 916
557 457
520 420
505 405
215 115
517 417
760 660
379 279
361 261
785 685
872 772
696 596
488 388
407 307
864 764
324 224
943 843
422 322
306 206
940 840
507 407
1075 975
739 639
501 401
952 852
191 91
642 542
427 327
160 60
430 330
857 757
282 182
182 82
703 603
737 637
893 793
193 93
715 615
714 614
833 733
236 136
964 864
287 187
116 16
202 102
963 863
1072 972
1087 987
263 163
406 306
601 501
134 34
577 477
940 840
592 492
800 700
221 121
806 706
180 80
887 787
238 138
205 105
760 660
934 834
329 229
898 798
927 827
410 310
548 448
709 609
330 230
790 690
932 832
661 561
589 489
679 579
686 586
160 60
391 291
488 388
765 665
409 309
760 660
507 407
802 702
300 200
253 153
413 313
706 606
1070 970
223 123
133 33
353 253
373 273
809 709
377 277
932 832
1097 997
208 108
140 40
988 888
327 227
581 481
960 860
383 283
1040 940
958 858
708 608
384 284
1090 990
811 711
690 590
950 850
906 806
339 239
152 52
1043 943
901 801
295 195
864 764
195 95
810 710
510 410
486 386
764 664
693 593
1000 900
150 50
212 112
594 494
1063 963
256 156
854 754
1036 936
558 458
1065 965
119 19
186 86
325 225
823 723
669 569
284 184
197 97
968 868
294 194
440 340
854 754
512 412
702 602
587 487
161 61
309 209
795 695
446 346
447 347
960 860
819 719
407 307
200 100
195 95
197 97
921 821
943 843
1041 941
845 745
921 821
386 286
687 587
592 492
301 201
216 116
765 665
631 531
627 527
524 424
912 812
353 253
524 424
526 426
559 459
513 413
443 343
1080 980
936 836
391 291
606 506
933 833
279 179
586 486
1016 916
109 9
530 430
675 575
696 596
1022 922
908 808
245 145
369 269
997 897
612 512
504 404
911 811
842 742
785 685
828 728
667 567
369 269
876 776
203 103
955 855
845 745
818 718
135 35
953 853
879 779
197 97
171 71
246 146
180 80
846 746
942 842
115 15
228 128
1065 965
1041 941
612 512
327 227
580 480
130 30
1058 958
442 342
765 665
705 605
291 191
631 531
1064 964
464 364
615 515
459 359
706 606
967 867
922 822
920 820
636 536
413 313
793 693
307 207
119 19
1011 911
435 335
408 308
201 101
530 430
1022 922
785 685
394 294
741 641
1010 910
213 113
510 410
241 141
350 250
790 690
646 546
800 700
829 729
659 559
709 609
581 481
820 720
603 503
1076 976
866 766
859 759
107 7
898 798
982 882
174 74
959 859
748 648
282 182
399 299
525 425
885 785
642 542
946 846
783 683
490 390
953 853
997 897
1038 938
516 416
189 89
937 837
724 624
347 247
281 181
393 293
978 878
244 144
1033 933
1038 938
680 580
567 467
352 252
580 480
307 207
1055 955
758 658
765 665
120 20
126 26
1054 954
664 564
447 347
549 449
859 759
126 26
546 446
621 521
114 14
401 301
757 657
421 321
810 710
713 613
1080 980
488 388
288 188
979 879
736 636
1090 990
303 203
288 188
532 432
1063 963
229 129
920 820
730 630
400 300
609 509
922 822
337 237
355 255
473 373
377 277
938 838
253 153
495 395
500 400
792 692
327 227
203 103
618 518
318 218
547 447
484 384
415 315
1031 931
913 813
496 396
424 324
489 389
602 502
740 640
399 299
387 287
880 780
397 297
476 376
1077 977
616 516
612 512
312 212
319 219
429 329
655 555
910 810
498 398
586 486
389 289
585 485
898 798
516 416
698 598
1052 952
149 49
994 894
672 572
458 358
797 697
121 21
870 770
747 647
825 725
144 44
642 542
783 683
314 214
461 361
987 887
914 814
145 45
331 231
194 94
108 8
382 282
265 165
182 82
596 496
419 319
799 699
726 626
952 852
246 146
559 459
641 541
635 535
974 874
414 314
825 725
1044 944
877 777
406 306
654 554
559 459
308 208
737 637
887 787
547 447
1076 976
508 408
1012 912
207 107
544 444
1062 962
103 3
665 565
401 301
507 407
264 164
957 857
537 437
417 317
752 652
198 98
864 764
918 818
141 41
700 600
837 737
388 288
276 176
1002 902
236 136
667 567
228 128
290 190
494 394
849 749
335 235
1008 908
142 42
376 276
924 824
848 748
784 684
692 592
1079 979
493 393
668 568
463 363
467 367
263 163
152 52
1083 983
742 642
279 179
435 335
116 16
226 126
578 478
230 130
359 259
683 583
968 868
229 129
395 295
852 752
696 596
267 167
171 71
956 856
722 622
740 640
964 864
870 770
744 644
531 431
105 5
295 195
465 365
548 448
529 429
801 701
164 64
1052 952
954 854
980 880
870 770
268 168
188 88
179 79
257 157
1061 961
468 368
572 472
521 421
317 217
819 719
809 709
371 271
247 147
1075 975
396 296
916 816
1009 909
1062 962
864 764
635 535
351 251
538 438
978 878
796 696
853 753
981 881
670 570
418 318
353 253
145 45
766 666
152 52
1031 931
596 496
533 433
413 313
910 810
238 138
778 678
434 334
223 123
1088 988
312 212
608 508
166 66
870 770
306 206
851 751
850 750
880 780
164 64
541 441
566 466
307 207
437 337
616 516
610 510
774 674
896 796
508 408
275 175
1020 920
537 437
673 573
1038 938
734 634
948 848
978 878
661 561
1090 990
818 718
926 826
1048 948
796 696
749 649
900 800
669 569
511 411
763 663
522 422
682 582
807 707
943 843
434 334
302 202
1086 986
802 702
594 494
679 579
250 150
825 725
662 562
903 803
480 380
440 340
932 832
256 156
1079 979
932 832
476 376
702 602
611 511
334 234
514 414
788 688
260 160
284 184
1082 982
1078 978
338 238
513 413
590 490
733 633
999 899
685 585
351 251
706 606
626 526
1063 963
997 897
450 350
139 39
342 242
757 657
639 539
552 452
839 739
638 538
367 267
931 831
265 165
560 460
277 177
285 185
820 720
1034 934
902 802
540 440
744 644
590 490
182 82
268 168
898 798
171 71
297 197
1077 977
273 173
558 458
181 81
304 204
335 235
903 803
212 112
239 139
203 103
499 399
368 268
520 420
979 879
1091 991
743 643
678 578
206 106
1072 972
222 122
277 177
544 444
498 398
362 262
448 348
791 691
596 496
1097 997
376 276
546 446
925 825
271 171
714 614
649 549
221 121
381 281
830 730
311 211
441 341
212 112
384 284
508 408
798 698
830 730
117 17
463 363
646 546
189 89
772 672
705 605
1074 974
1038 938
966 866
268 168
477 377
805 705
659 559
147 47
440 340
500 400
627 527
315 215
879 779
214 114
861 761
151 51
583 483
981 881
192 92
649 549
490 390
779 679
683 583
428 328
761 661
350 250
491 391
303 203
436 336
581 481
761 661
852 752
225 125
807 707
189 89
182 82
375 275
163 63
459 359
760 660
278 178
121 21
880 780
387 287
142 42
319 219
105 5
600 500
480 380
920 820
872 772
195 95
916 816
144 44
109 9
848 748
584 484
778 678
645 545
376 276
689 589
578 478
257 157
763 663
1001 901
694 594
877 777
857 757
174 74
1047 947
347 247
548 448
155 55
670 570
579 479
413 313
885 785
1081 981
1058 958
895 795
780 680
652 552
493 393
489 389
1044 944
380 280
696 596
964 864
719 619
736 636
711 611
612 512
952 852
992 892
383 283
284 184
399 299
1047 947
866 766
714 614
412 312
725 625
926 826
249 149
826 726
477 377
833 733
574 474
905 805
118 18
779 679
762 662
503 403
516 416
1064 964
101 1
437 337
630 530
641 541
852 752
578 478
122 22
469 369
1081 981
1046 946
877 777
921 821
1057 957
933 833
375 275
937 837
684 584
590 490
682 582
137 37
221 121
694 594
1051 951
229 129
768 668
358 258
218 118
346 246
419 319
462 362
996 896
855 755
621 521
604 504
1048 948
171 71
348 248
277 177
574 474
276 176
451 351
903 803
154 54
337 237
255 155
777 677
760 660
133 33
971 871
215 115
586 486
697 597
394 294
869 769
525 425
636 536
345 245
1056 956
482 382
441 341
471 371
284 184
808 708
334 234
644 544
669 569
894 794
316 216
487 387
637 537
838 738
184 84
620 520
910 810
381 281
757 657
602 502
133 33
191 91
259 159
603 503
620 520
1024 924
768 668
116 16
387 287
133 33
329 229
444 344
474 374
449 349
574 474
706 606
772 672
996 896
1015 915
695 595
611 511
541 441
223 123
202 102
669 569
152 52
299 199
754 654
496 396
810 710
815 715
534 434
159 59
345 245
710 610
136 36
1017 917
761 661
1027 927
513 413
370 270
113 13
217 117
470 370
616 516
500 400
315 215
295 195
316 216
1084 984
337 237
576 476
715 615
264 164
599 499
505 405
577 477
774 674
860 760
296 196
385 285
708 608
156 56
1007 907
1066 966
632 532
722 622
151 51
321 221
816 716
294 194
427 327
191 91
980 880
447 347
810 710
352 252
367 267
573 473
500 400
616 516
476 376
485 385
709 609
457 357
420 320
1058 958
296 196
765 665
638 538
892 792
1035 935
164 64
504 404
520 420
200 100
771 671
226 126
1068 968
955 855
977 877
194 94
277 177
831 731
623 523
353 253
239 139
108 8
252 152
493 393
832 732
643 543
346 246
448 348
665 565
418 318
840 740
589 489
1002 902
122 22
117 17
1098 998
1073 973
149 49
398 298
481 381
711 611
110 10
132 32
529 429
111 11
321 221
437 337
250 150
236 136
817 717
989 889
630 530
622 522
432 332
905 805
1042 942
128 28
665 565
1031 931
316 216
857 757
161 61
709 609
270 170
644 544
972 872
1005 905
744 644
695 595
308 208
346 246
780 680
213 113
797 697
275 175
739 639
256 156
779 679
344 244
1061 961
983 883
461 361
365 265
902 802
983 883
459 359
562 462
939 839
585 485
818 718
372 272
380 280
304 204
352 252
1084 984
380 280
509 409
202 102
498 398
715 615
1009 909
396 296
470 370
581 481
982 882
1056 956
314 214
330 230
866 766
359 259
135 35
1022 922
521 421
806 706
371 271
372 272
470 370
256 156
948 848
652 552
150 50
585 485
1076 976
636 536
370 270
170 70
896 796
1002 902
1063 963
552 452
479 379
135 35
1091 991
1047 947
651 551
478 378
997 897
157 57
407 307
452 352
521 421
769 669
174 74
802 702
488 388
241 141
659 559
558 458
1080 980
563 463
715 615
856 756
781 681
987 887
331 231
432 332
307 207
628 528
918 818
756 656
431 331
354 254
1079 979
887 787
545 445
595 495
448 348
470 370
824 724
110 10
501 401
300 200
746 646
427 327
768 668
117 17
342 242
474 374
402 302
855 755
961 861
1080 980
930 830
476 376
177 77
108 8
541 441
132 32
689 589
560 460
1090 990
904 804
289 189
123 23
968 868
969 869
1096 996
1043 943
463 363
815 715
337 237
728 628
520 420
173 73
665 565
299 199
314 214
138 38
433 333
309 209
826 726
427 327
275 175
1012 912
158 58
899 799
725 625
472 372
166 66
1076 976
269 169
220 120
575 475
767 667
304 204
288 188
190 90
128 28
596 496
804 704
101 1
749 649
574 474
846 746
549 449
797 697
352 252
812 712
432 332
389 289
387 287
725 625
289 189
1053 953
989 889
562 462
163 63
402 302
478 378
179 79
306 206
141 41
997 897
923 823
330 230
1008 908
482 382
765 665
675 575
136 36
160 60
832 732
629 529
909 809
577 477
166 66
390 290
391 291
189 89
691 591
1061 961
683 583
561 461
352 252
802 702
579 479
632 532
630 530
780 680
324 224
153 53
888 788
742 642
409 309
1100 1000
466 366
991 891
452 352
922 822
502 402
252 152
645 545
424 324
213 113
733 633
1067 967
367 267
554 454
481 381
823 723
372 272
114 14
606 506
120 20
519 419
408 308
561 461
744 644
626 526
813 713
1078 978
582 482
568 468
436 336
829 729
389 289
895 795
596 496
681 581
426 326
483 383
630 530
326 226
267 167
521 421
622 522
486 386
930 830
373 273
191 91
584 484
216 116
776 676
847 747
207 107
495 395
329 229
1058 958
1002 902
856 756
1062 962
362 262
205 105
803 703
184 84
611 511
1091 991
581 481
801 701
549 449
789 689
988 888
755 655
699 599
700 600
406 306
638 538
592 492
599 499
903 803
981 881
545 445
1081 981
416 316
573 473
989 889
483 383
885 785
779 679
865 765
673 573
591 491
689 589
689 589
580 480
224 124
245 145
841 741
724 624
998 898
1023 923
825 725
1015 915
782 682
332 232
231 131
1074 974
498 398
835 735
1006 906
778 678
853 753
740 640
412 312
744 644
890 790
312 212
401 301
223 123
1045 945
353 253
547 447
1043 943
297 197
118 18
127 27
1016 916
673 573
427 327
689 589
740 640
1034 934
715 615
309 209
570 470
629 529
755 655
999 899
388 288
115 15
501 401
692 592
940 840
192 92
733 633
675 575
807 707
914 814
524 424
454 354
782 682
227 127
294 194
474 374
955 855
666 566
290 190
694 594
828 728
1073 973
278 178
745 645
375 275
703 603
188 88
812 712
467 367
132 32
644 544
398 298
838 738
661 561
1063 963
1006 906
560 460
726 626
366 266
243 143
827 727
604 504
133 33
936 836
542 442
461 361
728 628
531 431
484 384
654 554
344 244
124 24
582 482
516 416
865 765
835 735
546 446
343 243
347 247
554 454
1013 913
1032 932
660 560
594 494
628 528
748 648
694 594
457 357
1035 935
696 596
562 462
888 788
721 621
636 536
760 660
859 759
664 564
300 200
402 302
666 566
1036 936
841 741
692 592
317 217
824 724
319 219
218 118
932 832
399 299
919 819
351 251
587 487
229 129
573 473
196 96
341 241
267 167
164 64
269 169
616 516
481 381
957 857
1076 976
318 218
867 767
590 490
937 837
604 504
507 407
807 707
303 203
442 342
487 387
575 475
835 735
275 175
806 706
886 786
435 335
271 171
140 40
332 232
921 821
988 888
231 131
966 866
259 159
1076 976
1078 978
353 253
153 53
719 619
949 849
742 642
578 478
560 460
119 19
318 218
330 230
318 218
553 453
767 667
436 336
1049 949
1031 931
189 89
688 588
588 488
549 449
668 568
666 566
626 526
223 443
580 33
1071 952
1031 702
397 905
493 977
366 488
412 1
508 36
395 348
877 406
823 209
326 595
662 150
1003 782
497 792
730 658
362 734
1097 732
126 126
1065 384
171 26
298 864
898 837
170 605
255 817
1044 799
542 83
956 721
540 662
160 470
602 184
862 62
856 919
429 12
732 560
432 338
801 59
207 636
421 171
367 279
626 707
447 438
878 952
710 769
463 559
671 553
590 749
282 461
1072 19
826 395
888 36
328 939
476 793
658 595
505 638
559 41
1073 554
382 218
472 129
222 719
255 931
822 69
795 910
386 294
457 198
373 698
699 127
935 594
605 82
412 8
1032 16
759 131
861 414
762 968
517 298
720 564
519 588
416 569
315 660
802 94
700 411
575 528
432 993
323 173
789 518
1031 881
472 716
330 430
1026 176
817 906
992 966
673 815
398 329
122 911
226 308
941 985
879 315
1021 290
354 601
583 727
965 434
306 168
104 167
1034 355
923 795
599 262
509 807
793 273
1011 816
853 814
361 67
564 170
1077 26
404 197
470 506
836 480
621 783
991 531
994 666
679 595
692 507
841 4
910 417
202 728
357 330
631 447
276 866
742 809
149 904
1099 715
973 901
738 495
464 454
1019 310
179 704
407 810
788 599
795 988
332 806
422 572
277 321
222 514
827 830
164 861
423 371
357 945
574 221
118 43
1076 268
788 79
339 801
623 550
961 323
170 170
1077 473
680 854
223 3
805 618
490 224
673 792
702 566
886 908
392 433
487 480
240 724
335 29
335 872
985 779
581 184
1057 181
318 501
1062 358
381 121
691 664
428 56
1077 769
173 567
1062 38
453 584
173 342
909 458
805 608
264 89
636 383
680 734
304 377
687 201
276 874
144 423
537 228
685 84
1021 11
521 674
947 651
346 252
363 214
857 773
995 336
927 975
639 604
857 745
515 50
278 243
616 480
753 243
358 254
267 157
132 683
882 134
937 554
1091 285
120 615
361 271
118 300
624 306
886 660
154 566
566 192
387 483
578 727
951 540
421 990
1044 456
709 746
978 351
509 313
495 22
228 473
1063 525
509 192
894 328
361 462
510 677
486 713
273 335
501 580
1082 635
284 275
360 243
809 115
226 586
132 645
192 675
1081 203
757 338
1031 293
773 239
987 438
661 390
925 255
950 535
300 226
431 700
107 961
1053 42
1033 601
1087 711
837 31
175 67
846 311
784 335
672 347
442 470
1027 978
477 915
201 381
138 783
332 897
253 358
421 553
866 340
821 323
952 388
737 999
994 353
1048 160
859 304
893 705
976 617
379 272
621 526
614 506
1078 664
945 496
599 942
638 343
502 320
980 669
181 30
528 484
174 998
1048 675
228 41
175 30
978 251
286 950
618 605
1077 268
349 96
722 450
206 38
392 649
634 9
590 960
253 289
923 667
535 554
1097 624
357 991
964 14
585 397
229 53
1056 186
440 878
1007 250
355 532
282 218
399 696
1049 860
960 341
980 66
1044 461
682 379
628 550
918 479
875 827
245 435
138 263
196 412
1001 999
857 539
235 133
821 311
635 738
671 657
402 12
125 626
456 853
255 289
217 549
796 787
699 492
466 933
332 49
546 593
166 854
570 201
789 531
631 783
178 864
747 630
1080 341
243 34
1028 481
256 991
259 905
626 632
350 890
699 612
599 590
727 637
471 646
451 500
1068 15
965 15
875 284
950 165
722 882
422 391
968 391
116 849
854 491
391 117
922 675
292 726
511 986
174 438
347 12
831 475
825 241
368 148
1043 961
515 736
505 886
274 132
640 317
532 116
469 66
287 790
441 997
740 807
169 576
1089 909
190 732
277 146
452 303
476 593
598 516
503 836
384 395
499 525
797 188
104 315
523 980
586 920
179 316
246 786
515 955
847 826
929 184
609 992
1098 605
1008 765
305 417
839 324
747 666
425 900
462 553
832 92
775 120
778 835
821 4
229 555
1044 835
908 837
892 269
1049 737
784 449
382 566
541 133
299 999
160 87
179 921
968 560
188 912
652 964
437 853
480 423
273 441
650 431
223 25
310 579
1061 962
268 671
1013 518
243 639
677 603
127 862
943 721
1085 181
534 441
496 318
190 533
197 882
844 767
138 15
772 291
1073 564
933 407
586 823
535 139
982 617
754 320
770 915
262 600
232 477
677 455
755 58
365 938
436 967
530 170
469 687
954 510
568 70
439 578
947 79
484 115
321 295
1045 111
619 541
650 204
1082 251
560 953
581 172
1083 910
645 917
751 252
645 694
782 181
791 458
159 482
540 782
411 322
253 320
462 729
418 107
649 136
629 713
219 4
639 237
230 725
592 668
377 2
510 578
481 215
103 987
110 659
248 81
262 863
350 132
247 245
1054 446
656 869
738 797
986 923
212 188
583 622
1026 683
329 554
497 234
251 246
479 505
531 308
791 463
579 28
942 590
218 829
525 312
367 646
309 644
681 169
126 358
905 213
1001 960
922 910
525 167
1061 337
1049 444
295 900
677 560
714 441
142 110
475 559
278 548
805 37
170 270
882 261
243 958
557 251
545 15
390 204
916 799
271 749
906 404
917 662
727 877
1000 132
155 406
924 195
502 144
722 895
456 111
268 864
239 867
369 133
663 958
967 447
961 347
223 535
594 704
425 427
1068 938
143 114
296 915
982 666
276 582
1064 168
253 783
934 886
893 884
456 18
614 743
863 219
376 494
255 979
393 345
781 279
773 166
805 66
133 767
765 528
406 976
947 622
453 27
785 261
170 493
364 428
519 68
1016 417
296 943
1078 316
804 474
1070 209
990 978
743 441
781 300
1057 335
836 689
429 271
345 335
207 768
225 333
460 767
1034 235
608 836
969 724
312 742
894 57
269 653
783 493
843 212
310 248
381 25
543 801
636 929
754 45
401 30
716 581
354 347
871 320
887 474
274 254
1095 306
1005 746
780 748
1026 351
742 50
221 212
101 767
919 958
684 291
130 801
143 728
864 265
899 102
463 747
771 772
268 674
816 682
639 946
118 261
589 66
346 801
1082 786
650 508
302 842
241 682
231 36
169 7
156 784
1008 858
542 603
766 105
463 489
265 452
719 698
688 457
909 154
502 643
824 6
556 57
1081 900
205 758
269 851
1082 95
1064 512
795 135
193 958
568 876
377 652
563 217
1037 555
193 775
772 822
470 837
405 883
1086 808
498 126
843 75
168 337
731 778
231 441
689 383
220 274
754 527
1059 724
325 568
815 171
1047 740
550 856
538 578
663 926
713 455
844 63
604 216
857 18
841 393
300 966
806 477
854 696
386 777
322 750
237 164
310 202
1069 110
130 829
817 743
713 155
1055 253
369 256
871 135
978 642
908 816
959 77
428 161
954 33
965 592
369 325
525 997
930 665
661 444
881 836
818 277
1061 93
341 201
1095 589
788 882
643 759
912 289
486 315
821 570
190 85
1097 418
554 922
272 117
263 197
521 37
666 216
799 113
130 111
992 56
383 449
403 306
496 432
125 601
760 137
878 377
753 200
611 470
530 378
766 690
650 455
806 801
985 29
637 363
509 23
429 708
509 627
1053 810
468 391
866 630
233 124
752 519
427 693
240 629
353 335
564 153
295 294
306 32
409 239
562 681
884 2
478 520
630 72
523 488
974 719
522 632
612 47
736 943
634 654
1006 32
290 314
785 240
446 120
947 552
941 626
429 806
690 396
766 88
846 537
623 96
182 844
160 48
403 297
288 585
707 630
850 438
857 896
780 604
856 341
394 648
161 830
455 756
587 340
302 653
112 206
1020 213
627 928
645 354
670 801
903 765
762 686
889 940
190 33
922 236
597 903
910 839
139 318
683 298
767 979
546 665
620 478
172 469
770 389
936 500
120 572
817 753
426 138
1010 304
661 537
297 511
211 557
549 86
756 702
139 190
499 915
861 41
499 30
326 190
287 411
950 957
1070 299
659 137
988 35
1062 696
917 446
1062 670
941 710
803 307
222 576
862 570
300 835
769 467
546 235
309 729
361 529
555 94
856 266
320 619
913 927
1015 838
814 776
571 655
495 9
595 103
992 451
708 198
802 394
401 763
906 304
102 805
407 856
784 733
707 22
313 449
981 574
254 523
244 646
818 357
826 211
1043 268
914 900
1043 547
184 806
779 839
307 547
977 143
699 1000
533 88
353 639
588 331
626 860
227 869
742 515
368 408
767 541
843 607
517 353
763 382
692 25
509 546
935 196
394 673
782 937
106 986
807 759
1068 222
744 501
149 283
650 789
1063 764
459 41
275 937
733 898
381 742
890 294
427 853
605 702
912 843
410 832
666 413
972 154
1088 845
286 112
178 860
1040 82
549 429
193 847
1096 132
242 746
142 846
1019 905
970 631
430 95
989 536
828 346
309 842
493 536
565 437
286 891
829 72
487 193
610 843
794 77
806 603
384 225
726 517
171 977
510 191
239 338
455 306
802 789
455 838
843 492
1024 19
209 406
1024 891
448 742
183 601
415 234
989 128
817 913
205 182
807 958
719 926
818 78
159 793
325 226
1075 54
179 997
966 137
632 597
710 39
494 805
266 43
682 81
1064 297
1080 412
440 793
831 643
299 22
1000 933
379 506
139 825
933 601
109 773
322 471
1002 808
677 183
587 208
574 290
692 895
891 70
850 45
888 672
625 326
611 718
630 868
1043 665
166 761
764 251
886 877
389 497
1006 482
489 968
893 471
1066 205
577 674
