1120 997
585 485
194 94
426 326
606 506
348 248
516 416
521 421
1092 992
422 322
749 649
895 795
337 237
143 43
557 457
945 845
915 815
1055 955
546 446
352 252
522 422
109 9
891 791
1001 901
459 359
222 122
767 667
194 94
698 598
838 738
107 7
674 574
644 544
815 715
434 334
982 882
866 766
467 367
1094 994
1084 984
993 893
399 299
733 633
533 433
231 131
782 682
528 428
172 72
800 700
974 874
717 617
238 138
974 874
956 856
820 720
245 145
519 419
1095 995
894 794
629 529
296 196
299 199
1097 997
377 277
216 116
197 97
1008 908
819 719
639 539
342 242
807 707
207 107
669 569
222 122
637 537
170 70
1031 931
198 98
826 726
700 600
587 487
745 645
872 772
367 267
613 513
1072 972
181 81
995 895
1043 943
313 213
158 58
848 748
403 303
587 487
864 764
1023 923
636 536
129 29
824 724
774 674
889 789
640 540
579 479
654 554
242 142
567 467
439 339
146 46
741 641
810 710
296 196
653 553
594 494
291 191
166 66
824 724
924 824
830 730
308 208
1088 988
811 711
190 90
900 800
440 340
414 314
649 549
389 289
296 196
501 401
965 865
566 466
778 678
789 689
670 570
933 833
1036 936
325 225
822 722
344 244
751 651
949 849
223 123
213 113
531 431
479 379
608 508
461 361
685 585
165 65
953 853
586 486
742 642
786 686
1092 992
386 286
825 725
989 889
386 286
124 24
912 812
591 491
959 859
991 891
763 663
190 90
188 88
281 181
279 179
314 214
287 187
117 17
719 619
572 472
361 261
518 418
946 846
519 419
292 192
456 356
361 261
782 682
614 514
406 306
986 886
301 201
630 530
485 385
949 849
1052 952
394 294
600 500
899 799
294 194
491 391
837 737
430 330
424 324
398 298
1092 992
890 790
324 224
655 231
322 319
434 948
886 153
967 325
631 351
353 875
298 521
910 651
299 646
1038 990
751 118
826 541
170 802
380 739
1093 934
203 800
780 404
272 425
334 909
559 748
839 739
796 816
164 478
564 773
631 258
1023 230
164 600
1048 441
992 24
341 357
142 736
1081 821
709 893
622 714
682 272
191 523
591 322
340 425
265 180
477 187
368 330
133 647
679 412
469 712
130 335
396 69
192 169
608 227
421 348
841 908
609 954
851 824
710 695
525 347
149 419
328 594
901 846
517 653
155 518
866 511
979 563
661 108
501 744
508 446
518 926
983 789
419 202
618 252
604 530
800 144
362 493
680 652
1082 226
936 439
317 158
729 941
856 808
138 282
690 926
340 849
487 278
852 782
834 743
1038 935
882 238
866 23
1085 456
435 206
1001 15
758 981
738 801
636 939
670 308
685 173
656 681
654 358
490 71
638 664
862 803
911 362
1002 849
986 437
370 79
844 738
631 844
487 911
732 187
940 113
795 259
294 409
874 997
1094 187
665 697
430 392
891 887
696 809
297 384
439 238
1053 735
828 638
591 228
1008 236
260 168
961 853
1012 433
417 247
403 664
658 668
469 599
208 244
791 11
269 743
627 130
1003 748
517 643
196 803
1052 364
423 665
432 723
564 245
852 423
260 374
1097 418
1046 89
820 52
969 929
985 586
360 146
243 917
881 784
240 659
522 18
775 782
759 306
1036 654
186 989
616 707
355 374
192 234
438 313
333 36
677 615
575 778
277 854
244 20
892 956
878 846
627 178
660 425
990 928
236 178
217 97
313 125
560 760
550 970
565 434
1074 912
352 641
250 693
311 989
217 217
957 928
877 914
147 71
695 437
273 630
205 309
433 383
504 620
955 226
874 742
367 333
126 268
489 25
492 425
584 945
491 950
131 925
348 320
768 380
595 598
893 342
275 687
203 386
208 300
711 600
518 210
808 701
817 365
630 701
608 419
119 935
907 933
672 505
319 308
126 564
603 102
118 304
823 530
492 328
188 677
510 357
208 679
841 604
727 334
748 532
191 77
1063 559
441 449
1019 24
1051 93
1006 7
851 504
345 91
513 631
305 130
176 525
468 405
836 965
682 353
1028 258
634 116
715 837
915 205
771 135
167 879
1057 617
140 912
975 600
462 232
188 942
1018 574
967 969
485 30
730 247
888 519
996 354
183 493
244 464
1049 296
210 209
491 822
752 420
996 50
309 922
452 950
231 12
1021 685
327 261
657 205
211 645
837 220
809 316
778 847
793 307
1091 612
926 49
715 382
829 903
228 352
296 974
592 126
956 487
460 187
901 261
611 60
916 754
1030 933
883 736
528 365
274 69
793 609
140 940
535 657
483 975
1029 287
802 350
836 15
949 42
631 913
474 26
746 507
913 926
383 568
290 851
303 964
822 144
844 876
376 155
202 624
160 23
467 846
275 663
677 941
396 74
181 98
768 257
607 424
208 657
420 755
220 641
816 828
124 73
134 849
134 459
808 455
579 772
114 466
306 467
697 583
186 141
793 107
707 947
633 207
203 97
1095 261
192 871
512 749
829 331
432 243
787 663
1024 617
148 396
863 583
771 771
264 111
590 375
310 495
609 55
300 661
139 299
731 993
294 834
1038 243
544 75
757 282
137 437
225 150
1053 992
703 841
688 404
331 550
876 613
975 177
659 156
309 330
376 324
633 548
813 390
470 537
905 684
434 128
344 722
669 378
814 604
1074 323
1017 889
666 706
674 363
366 268
466 819
629 846
526 214
1001 210
582 24
858 184
762 497
746 637
1031 223
474 582
1008 966
226 307
485 460
824 300
552 48
905 990
599 335
233 591
1068 920
752 174
341 147
291 715
610 729
559 440
422 547
672 598
242 766
146 493
971 539
963 730
1002 257
846 68
915 647
273 592
951 461
435 548
610 264
368 328
517 383
789 303
260 122
655 83
631 701
183 686
309 235
368 106
448 525
790 157
180 646
785 256
198 278
741 963
265 730
773 683
1017 301
149 735
1095 668
686 263
998 146
179 965
909 988
414 411
453 438
481 601
135 943
828 599
342 463
549 918
475 997
867 847
378 349
824 417
886 272
989 644
895 996
1008 994
368 780
159 632
1031 484
144 402
186 416
1031 601
984 148
249 186
183 222
311 692
343 120
921 125
282 203
302 765
751 205
979 749
579 393
442 464
1048 362
993 30
1031 217
331 54
703 873
167 854
966 550
1090 429
1028 151
627 100
931 447
396 469
487 940
648 555
560 905
755 558
809 957
781 160
335 359
380 710
387 27
1017 124
932 745
1076 923
145 425
235 204
522 445
738 269
1081 839
556 145
432 24
524 610
932 570
263 282
544 587
373 92
975 116
872 350
1039 874
923 400
806 204
548 160
797 900
122 842
326 286
848 859
957 569
506 281
248 133
762 782
629 979
899 235
652 711
679 68
260 469
306 714
414 224
674 277
1034 296
528 545
163 82
587 873
735 355
436 42
189 396
966 796
699 282
249 83
142 941
670 268
355 456
746 195
945 812
233 382
375 370
588 251
1088 977
243 459
699 194
120 381
844 973
734 566
725 180
782 645
942 287
463 941
826 364
322 725
201 959
437 18
281 464
604 649
908 444
131 93
223 320
503 370
778 541
323 624
606 63
529 754
807 380
641 190
940 876
411 912
629 958
446 232
262 137
712 525
698 125
284 886
978 91
724 7
562 571
936 843
373 437
726 583
538 442
109 878
112 911
535 145
459 787
187 469
883 819
998 430
235 504
223 428
470 620
694 828
591 164
209 960
888 184
812 82
594 124
390 893
540 16
453 444
177 16
862 295
1061 550
623 305
389 76
243 588
1081 950
1039 13
1086 677
591 969
678 791
534 392
971 290
966 72
278 614
254 539
485 44
207 949
354 357
428 463
365 216
193 36
272 427
339 878
407 648
449 104
748 685
271 677
370 130
689 845
678 916
607 94
775 277
619 792
323 581
323 347
412 97
169 152
934 975
892 813
198 481
527 497
340 400
410 346
402 843
1089 122
610 888
466 253
295 337
489 409
308 785
1065 381
470 918
124 837
772 481
880 983
207 543
292 673
190 166
576 529
281 655
295 745
753 713
803 873
191 540
1091 481
720 425
255 892
117 368
141 114
388 200
744 380
441 614
529 515
790 575
864 560
424 519
821 331
714 737
857 190
459 530
1026 463
922 838
449 581
307 168
574 816
280 753
361 782
381 225
474 445
144 982
836 562
1033 495
918 552
796 573
313 890
921 457
114 17
374 991
912 277
710 518
176 514
721 173
823 840
611 504
796 905
1073 560
171 71
661 105
947 680
795 663
441 75
522 10
300 986
142 942
1004 575
873 49
928 922
1086 694
488 167
730 818
650 955
676 106
862 701
686 821
991 369
689 845
716 85
347 429
362 549
933 137
205 355
763 44
1001 709
526 278
461 168
406 989
438 155
153 929
643 700
191 885
1010 721
329 695
385 375
741 380
311 675
414 223
877 370
519 589
219 232
158 443
729 566
519 190
804 407
745 880
216 508
627 541
852 954
889 889
865 984
763 850
228 632
856 55
983 869
785 782
508 256
786 554
202 860
1033 501
129 616
335 74
210 634
1037 579
827 371
735 104
343 145
1087 546
885 143
736 414
749 757
285 742
1036 619
687 932
690 286
551 586
932 596
424 110
566 516
353 606
159 236
963 291
919 841
109 893
694 593
384 873
455 293
1053 635
614 276
941 368
204 500
179 958
547 281
596 841
1056 866
843 812
528 953
591 801
1049 46
128 875
771 953
705 748
1062 468
922 385
767 916
571 206
737 762
767 646
1058 412
528 421
796 309
181 876
478 720
160 896
652 19
191 692
365 266
473 906
802 87
508 359
432 313
485 239
958 91
323 957
1087 745
241 14
840 388
279 161
382 381
608 569
799 371
311 29
241 183
575 236
1054 552
309 83
154 819
121 158
610 568
263 637
390 367
453 905
485 588
850 360
1080 302
216 459
298 450
892 937
563 671
609 814
1092 300
621 507
677 548
1067 617
346 205
269 885
766 809
876 866
766 605
499 258
764 974
934 213
751 145
938 27
568 610
109 719
497 648
458 337
553 748
792 759
677 398
807 140
483 700
912 108
505 541
488 346
917 620
147 480
859 341
741 638
214 766
768 587
441 105
799 757
438 770
995 330
363 393
436 245
200 815
905 231
795 471
452 170
1036 534
1011 368
1082 575
392 342
678 201
486 669
444 927
735 41
913 144
849 423
830 344
963 759
159 628
141 507
644 651
116 536
999 653
952 112
367 441
852 283
233 920
306 232
791 230
684 253
304 897
673 209
237 207
1096 547
143 159
347 895
553 58
989 55
811 281
660 426
500 491
681 987
951 633
1011 278
187 624
860 180
646 885
444 496
976 683
789 667
790 333
962 113
1028 313
940 24
615 705
728 788
637 888
632 848
811 845
479 239
506 303
863 223
694 473
528 223
695 470
864 667
305 940
886 962
936 111
881 462
508 591
462 694
142 656
371 864
107 429
793 846
1079 229
843 20
641 257
230 204
465 381
331 688
186 911
928 106
1094 630
994 713
787 432
294 221
367 205
604 969
237 901
550 992
326 695
535 23
783 874
900 570
349 274
789 844
693 400
591 848
257 868
407 716
816 123
387 715
484 155
578 346
213 671
274 818
454 374
1058 228
1002 661
527 475
832 233
734 347
821 510
527 505
168 592
440 238
874 350
139 996
254 216
136 331
353 722
661 831
180 859
238 432
928 88
906 726
1055 980
122 465
145 54
723 456
189 646
933 257
564 369
338 586
428 993
190 935
311 441
1059 289
273 437
1027 459
649 519
932 157
358 902
659 770
535 439
717 563
942 481
1058 211
413 923
764 95
609 83
798 873
1081 896
987 811
572 770
364 647
943 982
877 730
905 939
1013 830
736 292
607 157
951 530
783 989
665 294
671 899
856 262
275 36
231 928
575 626
406 341
645 809
1086 797
591 214
627 325
952 790
894 280
973 936
898 582
374 771
650 390
455 566
374 38
844 712
955 597
866 564
511 420
449 595
758 292
488 298
148 289
752 758
789 803
887 986
753 701
928 41
905 345
872 328
873 654
950 323
743 812
692 221
854 311
883 705
225 249
721 331
826 473
882 755
670 934
865 864
206 697
214 176
