941 10011
94 485
506 326
416 248
992 421
649 322
237 795
457 43
815 845
446 955
422 252
791 9
359 901
667 122
598 94
7 738
544 574
334 715
766 882
994 367
893 984
633 299
131 433
428 682
700 72
617 874
874 138
720 856
419 145
794 995
196 529
997 199
116 277
908 97
539 719
707 242
569 107
537 122
931 70
726 98
487 600
772 645
513 267
81 972
943 895
58 213
303 748
764 487
536 923
724 29
789 674
479 540
142 554
339 467
641 46
196 710
494 553
66 191
824 724
208 730
711 988
800 90
314 340
289 549
401 196
466 865
689 678
833 570
225 936
244 722
849 651
113 123
379 431
361 508
65 585
486 853
686 642
286 992
889 725
24 286
491 812
891 859
90 663
181 88
214 179
17 187
472 619
418 261
419 846
356 192
682 261
306 514
201 886
385 530
952 849
500 294
194 799
737 391
324 330
992 298
224 790
260 275
97 826
210 72
649 866
919 951
63 748
958 685
804 956
518 564
428 183
537 400
346 721
153 207
971 323
662 611
197 116
91 109
529 795
126 343
747 862
469 685
770 10
934 881
723 984
895 403
568 360
172 449
958 541
383 272
308 877
970 359
583 707
48 308
930 770
569 30
3 208
20 311
609 100
887 939
825 422
930 785
904 370
241 989
379 969
376 143
962 972
889 28
443 61
216 638
338 348
160 347
406 66
159 391
31 638
204 295
420 826
153 196
425 449
331 855
565 143
838 487
9 140
918 564
533 615
232 135
957 564
591 360
576 793
746 163
377 859
858 760
86 711
434 662
558 159
279 660
840 268
735 948
574 315
126 676
912 341
739 689
821 894
625 706
917 490
201 478
993 671
149 932
52 899
759 237
267 187
256 472
783 772
117 98
516 906
180 911
25 635
380 225
712 823
266 164
216 343
448 732
541 502
664 740
954 576
726 612
772 902
531 454
943 411
750 973
327 703
917 850
5 77
113 220
913 802
791 403
998 181
859 10
345 525
431 919
675 668
833 527
438 462
523 291
916 605
420 457
115 405
660 417
261 279
772 685
388 596
764 307
843 224
206 322
407 840
639 975
852 401
542 91
60 327
757 330
82 182
637 603
93 793
614 615
136 733
187 864
102 16
972 863
163 987
501 306
477 34
492 840
121 700
80 706
138 787
660 105
229 834
827 798
448 310
230 609
832 690
489 561
586 579
291 60
665 388
660 309
702 407
153 200
606 313
123 970
253 33
709 273
832 277
108 997
888 40
481 227
283 860
858 940
284 608
711 990
850 590
239 806
943 52
195 801
95 764
410 710
664 386
900 593
112 50
963 494
754 156
458 936
19 965
225 86
569 723
97 184
194 868
754 340
602 412
61 487
695 209
347 346
719 860
100 307
97 95
843 821
745 941
286 821
492 587
116 201
531 665
424 527
253 812
426 424
413 459
980 343
291 836
833 506
486 179
9 916
575 430
922 596
145 808
897 269
404 512
742 811
728 685
269 567
103 776
745 855
35 718
779 853
71 97
80 146
842 746
128 15
941 965
227 512
30 480
342 958
605 665
531 191
364 964
359 515
867 606
820 822
313 536
207 693
911 19
308 335
430 101
685 922
641 294
113 910
141 410
690 250
700 546
559 729
481 609
503 720
766 976
7 759
882 798
859 74
182 648
425 299
542 785
683 846
853 390
938 897
89 416
624 837
181 247
878 293
933 144
580 938
252 467
207 480
658 955
20 665
954 26
347 564
759 449
446 26
14 521
657 301
710 321
980 613
188 388
636 879
203 990
432 188
129 963
630 820
509 300
237 822
373 255
838 277
395 153
692 400
103 227
218 518
384 447
931 315
396 813
389 324
640 502
287 299
297 780
977 376
512 516
219 212
555 329
398 810
289 486
798 485
598 416
49 952
572 894
697 358
770 21
725 647
542 44
214 683
887 361
45 814
94 231
282 8
82 165
319 496
626 699
146 852
541 459
874 535
725 314
777 944
554 306
208 459
787 637
976 447
912 408
444 107
3 962
301 565
164 407
437 857
652 317
764 98
41 818
737 600
176 288
136 902
128 567
394 190
235 749
42 908
824 276
684 748
979 592
568 393
367 363
52 163
642 983
335 179
126 16
130 478
583 259
129 868
752 295
167 596
856 71
640 622
770 864
431 644
195 5
448 365
701 429
952 64
880 854
168 770
79 88
961 157
472 368
217 421
709 719
147 271
296 975
909 816
764 962
251 535
878 438
753 696
570 881
253 318
666 45
931 52
433 496
810 313
678 138
123 334
212 988
66 508
206 770
750 751
64 780
466 441
337 207
510 516
796 674
175 408
437 920
938 573
848 634
561 878
718 990
948 826
649 696
569 800
663 411
582 422
843 707
202 334
702 986
579 494
725 150
803 562
340 380
156 832
832 979
602 376
234 511
688 414
184 160
978 982
413 238
633 490
585 899
606 251
963 526
350 897
242 39
539 657
739 452
267 538
165 831
177 460
720 185
802 934
644 440
82 490
798 168
197 71
173 977
81 458
235 204
112 803
103 139
268 399
879 420
643 991
106 578
122 972
444 177
262 398
691 348
997 496
446 276
171 825
549 614
281 121
211 730
112 341
408 284
730 698
363 17
89 546
605 672
938 974
168 866
705 377
47 559
400 340
215 527
114 779
51 761
881 483
549 92
679 390
328 583
250 661
203 391
481 336
752 661
707 125
82 89
63 275
660 359
21 178
287 780
219 42
500 5
820 380
95 772
44 816
748 9
678 484
276 545
478 589
663 157
594 901
757 777
947 74
448 247
570 55
313 479
981 785
795 958
552 680
389 393
280 944
864 596
636 619
512 611
892 852
184 283
947 299
614 766
625 312
149 826
377 726
474 733
18 805
662 679
416 403
1 964
530 337
752 541
22 478
981 369
777 946
957 821
275 833
584 837
582 490
121 37
951 594
668 129
118 258
319 246
896 362
521 755
948 504
248 71
474 177
351 176
54 803
155 237
660 677
871 33
486 115
294 597
425 769
245 536
382 956
371 341
708 184
544 234
794 569
387 216
738 537
520 84
281 810
502 657
91 33
503 159
924 520
16 668
33 287
344 229
349 374
606 474
896 672
595 915
441 511
102 123
52 569
654 199
710 396
434 715
245 59
36 610
661 917
413 927
13 270
370 117
400 516
195 215
984 216
476 237
164 615
405 499
674 477
196 760
608 285
907 56
532 966
51 622
716 221
327 194
880 91
710 347
267 252
400 473
376 516
609 385
320 357
196 958
538 665
935 792
404 64
100 420
126 671
855 968
94 877
731 177
253 523
8 139
393 152
543 732
348 246
318 565
489 740
22 902
998 17
49 973
381 298
10 611
429 32
221 11
150 337
717 136
530 889
332 522
942 805
565 28
216 931
61 757
170 609
872 544
644 905
208 595
680 246
697 113
639 175
679 156
961 244
361 883
802 265
359 883
839 462
718 485
280 272
252 204
280 984
102 409
615 398
296 909
481 370
956 882
230 214
259 766
922 35
706 421
272 271
156 370
552 848
485 50
536 976
70 270
902 796
452 963
35 379
947 991
378 551
57 897
352 307
669 421
702 74
141 388
458 559
463 980
756 615
887 681
332 231
528 207
656 818
254 331
787 979
495 445
370 348
10 724
200 401
327 646
17 668
374 242
755 302
980 861
376 830
8 77
32 441
460 589
804 990
23 189
869 868
943 996
715 363
628 237
73 420
199 565
38 214
209 333
327 726
912 175
799 58
372 625
976 66
120 169
667 475
188 204
28 90
704 496
649 1
746 474
697 449
712 252
289 332
625 287
953 189
462 889
302 63
79 378
41 206
823 897
908 230
665 382
36 575
732 60
809 529
66 477
291 290
591 89
583 961
252 461
479 702
530 532
224 680
788 53
309 642
366 1000
352 891
402 822
545 152
113 324
967 633
454 267
723 381
14 272
20 506
308 419
644 461
713 526
482 978
336 468
289 729
496 795
326 581
530 383
167 226
522 421
830 386
91 273
116 484
747 676
395 107
958 229
756 902
262 962
703 105
511 84
481 991
449 701
888 689
599 655
306 600
492 538
803 499
445 881
316 981
889 473
785 383
765 679
491 573
589 589
124 480
741 145
898 624
725 923
682 915
131 232
398 974
906 735
753 678
312 640
790 644
301 212
945 123
447 253
197 943
27 18
573 916
589 327
934 640
209 615
529 470
899 655
15 288
592 401
92 840
575 633
814 707
354 424
127 682
374 194
566 855
594 190
973 728
645 178
603 275
712 88
32 367
298 544
561 738
906 963
626 460
143 266
504 727
836 33
361 442
431 628
554 384
24 244
416 482
735 765
243 446
454 247
932 913
494 560
648 528
357 594
596 935
788 462
536 621
759 660
200 564
566 302
741 936
217 592
219 724
832 118
819 299
487 251
473 129
241 96
64 167
516 169
857 381
218 976
490 767
504 837
707 407
342 203
475 387
175 735
786 706
171 335
232 40
888 821
866 131
976 159
253 978
619 53
642 849
460 478
218 19
218 230
667 453
949 336
89 931
488 588
568 449
526 566
860 272
4 883
772 731
734 80
259 213
270 177
6 872
424 626
204 940
313 150
159 379
205 833
25 517
951 724
721 973
635 581
293 839
712 272
410 412
465 839
366 492
74 553
23 718
416 738
764 839
49 390
817 588
507 523
152 630
256 770
562 746
495 49
414 369
78 537
912 115
59 215
259 971
258 602
841 551
137 40
590 494
383 252
869 158
939 72
282 177
880 667
479 483
454 815
730 19
556 745
195 339
409 614
580 302
99 319
913 670
798 513
318 566
790 27
344 322
80 645
468 210
922 841
179 925
347 521
231 975
597 269
607 929
903 478
310 970
223 684
10 231
845 673
905 348
58 232
93 727
759 597
912 397
906 539
43 907
76 892
552 699
670 408
671 361
353 789
837 529
12 190
889 880
912 236
377 715
56 718
585 439
852 814
715 902
421 658
330 410
51 412
840 90
697 678
848 951
826 37
198 593
341 737
274 211
740 134
339 847
875 490
400 95
603 435
474 737
126 860
973 310
973 548
581 984
788 660
629 86
799 635
475 941
959 56
80 372
917 650
91 964
783 735
773 682
712 151
655 283
953 773
279 643
701 898
706 817
147 269
355 731
100 507
498 841
261 207
591 752
630 318
374 126
960 153
917 101
406 560
759 743
618 816
981 980
641 1
131 82
920 886
534 377
453 465
397 753
51 842
301 547
197 580
910 754
211 37
851 548
42 896
919 656
30 537
674 78
979 540
764 597
937 314
656 845
590 361
337 930
997 654
643 841
652 810
632 98
827 814
659 898
56 237
97 236
304 397
771 468
680 160
344 168
561 189
632 123
666 783
235 991
71 775
327 565
824 906
1 604
948 233
851 693
780 209
603 279
380 231
84 675
684 370
757 814
605 276
304 238
358 710
294 931
742 879
37 492
4 81
707 347
131 417
660 582
89 801
455 195
303 403
680 247
970 356
934 627
951 858
404 803
446 236
349 572
93 485
672 586
158 748
772 235
891 859
532 788
621 345
347 861
227 342
555 779
16 595
303 963
941 260
833 366
190 835
622 733
345 834
893 442
192 773
430 880
160 873
767 793
170 173
810 402
318 60
690 628
224 19
52 146
411 685
203 138
785 593
219 202
61 500
919 89
191 433
711 63
294 514
937 865
253 393
103 269
316 111
625 614
639 272
641 973
139 609
45 236
316 496
218 24
293 871
747 227
879 420
633 850
10 127
356 170
665 224
536 722
823 189
603 597
392 286
258 22
771 957
820 536
139 221
566 281
229 238
325 531
804 449
786 735
983 670
847 646
388 272
632 605
253 394
405 508
137 537
283 955
678 477
659 969
706 692
786 963
313 829
143 638
713 206
244 185
489 187
844 129
896 300
602 114
210 305
930 199
692 916
457 839
241 899
950 452
229 185
212 561
222 848
32 191
747 830
869 860
245 873
575 649
818 591
204 974
584 974
822 452
198 397
942 350
942 597
899 13
375 392
327 343
479 756
66 387
950 924
464 188
286 68
573 552
294 166
137 435
557 14
423 797
427 254
95 300
715 431
403 367
453 197
735 233
1 149
145 62
782 38
848 69
456 425
490 810
679 878
461 503
844 308
70 798
599 437
888 798
395 36
733 583
795 412
368 195
94 878
114 388
46 438
795 532
583 3
321 268
714 417
332 277
257 229
906 445
301 380
277 974
651 248
218 433
109 1000
558 874
388 939
121 760
372 473
228 811
208 766
326 306
572 556
50 521
753 364
77 460
266 136
227 458
502 784
337 648
31 783
629 960
215 137
353 591
274 875
343 440
758 263
838 40
478 835
595 943
255 749
331 263
362 597
84 5
16 999
459 161
220 35
16 891
865 459
719 996
292 592
175 54
461 985
301 401
759 298
715 459
207 77
129 611
681 159
261 467
893 737
399 895
377 49
189 382
360 285
14 388
728 972
314 265
225 729
534 810
914 973
94 818
549 295
674 532
434 58
211 736
986 187
863 896
802 998
279 997
31 476
810 259
968 475
187 494
791 130
190 151
410 639
592 855
886 480
875 478
763 386
352 672
58 361
815 894
562 460
571 148
322 660
465 628
418 329
198 975
554 1
656 507
108 750
453 109
909 915
576 700
646 75
114 896
313 229
692 85
759 144
643 536
462 919
860 516
904 473
959 25
663 25
209 611
564 44
233 722
478 980
716 563
616 672
107 914
979 541
466 882
971 142
76 259
886 35
498 543
150 689
442 721
136 142
36 530
37 503
344 450
550 248
355 599
980 919
473 636
957 181
324 873
859 154
570 427
294 604
260 313
674 363
339 594
259 813
382 829
660 49
430 791
760 554
682 499
664 226
358 345
114 432
142 758
19 64
753 843
163 637
121 941
94 965
398 448
587 857
98 968
142 351
303 758
968 351
533 980
982 662
568 357
519 914
277 548
622 723
517 23
720 170
635 351
55 113
263 783
285 766
189 527
628 206
7 644
290 258
655 861
387 728
641 69
742 128
741 392
793 145
802 51
897 112
262 253
193 340
882 932
131 817
482 965
573 480
443 724
203 839
965 500
75 746
807 811
805 373
513 605
472 252
797 172
690 394
295 177
784 98
532 377
155 486
110 855
884 290
173 130
78 355
714 842
633 233
477 101
119 686
718 736
15 930
472 700
328 69
793 607
199 879
999 916
177 960
525 408
948 679
498 138
495 185
890 782
906 49
334 453
385 630
399 429
338 853
520 545
829 651
481 765
99 159
680 1000
87 179
802 717
890 885
839 32
339 838
883 186
67 470
544 185
357 921
457 376
444 986
642 934
152 171
59 645
616 46
59 681
987 43
353 234
530 103
958 496
613 389
838 931
85 579
86 132
569 908
479 772
683 677
400 343
370 703
882 139
146 344
116 387
760 909
407 539
447 304
388 655
41 378
658 92
119 862
28 411
457 362
198 397
17 290
432 152
321 611
427 173
205 137
344 946
563 365
304 475
47 982
694 920
91 802
961 66
644 778
109 744
959 464
969 313
42 341
108 685
648 331
49 85
228 676
929 91
527 534
967 166
316 51
582 966
840 841
575 625
503 114
911 16
305 113
989 826
836 506
369 738
587 564
232 455
452 735
900 264
952 548
81 738
995 853
562 575
739 569
705 365
5 620
557 264
490 193
294 21
361 373
900 84
47 250
205 288
145 132
846 151
658 419
849 521
680 974
148 655
96 648
210 737
690 298
19 187
831 981
679 965
726 954
528 166
15 248
564 636
847 560
721 563
9 24
700 896
446 803
858 16
699 274
271 714
977 449
533 229
154 280
756 423
871 868
912 124
727 970
968 231
569 935
163 808
618 23
685 210
650 88
807 151
393 770
276 555
304 613
911 866
233 223
42 303
400 305
162 306
51 900
734 964
933 397
366 898
16 59
177 628
360 225
742 537
725 612
868 633
489 314
501 478
632 981
365 904
196 819
496 108
744 179
145 152
501 598
880 349
248 80
683 762
500 314
389 513
620 205
91 584
721 652
859 894
665 198
416 143
481 671
320 302
865 611
126 631
757 526
963 526
781 403
240 231
330 830
518 283
824 864
935 755
51 159
309 220
18 447
863 800
1 833
749 805
658 791
577 412
579 857
509 408
154 895
923 360
397 827
687 971
959 961
617 519
637 335
623 238
174 883
775 222
608 886
306 708
1000 475
957 876
641 123
472 127
726 384
305 745
714 284
643 429
708 685
631 512
489 503
829 599
746 983
732 462
732 992
669 270
422 491
54 282
900 831
682 167
666 115
957 661
109 564
454 934
964 608
933 513
140 53
195 659
24 646
657 164
231 763
169 825
128 949
537 355
264 811
46 164
4 851
900 289
802 392
68 224
450 460
126 903
58 347
398 638
486 101
451 587
335 797
162 881
106 210
745 243
969 969
432 298
159 253
634 593
565 453
16 657
610 72
503 222
511 319
752 61
55 694
469 384
829 801
692 136
177 536
211 958
499 647
115 526
984 28
818 904
233 509
424 884
976 565
371 601
406 323
334 522
784 192
676 103
168 451
427 867
432 602
531 783
337 311
677 994
537 172
1000 51
379 389
103 237
785 721
943 597
412 492
572 331
828 380
771 259
939 726
594 55
19 501
500 459
376 790
689 4
776 634
474 117
575 601
953 808
143 544
510 542
221 590
615 827
599 817
567 617
545 32
727 879
558 692
307 685
564 88
331 911
568 546
881 580
649 997
746 937
393 988
237 351
517 661
521 630
213 360
820 908
199 203
813 479
14 251
803 162
448 905
207 167
86 862
123 369
220 181
158 765
944 251
424 909
311 645
399 568
59 847
253 538
233 540
312 99
790 423
849 246
202 165
552 544
653 52
788 131
893 372
113 471
498 625
442 684
929 378
86 534
12 73
318 540
258 671
524 127
579 412
424 972
468 823
364 663
81 784
399 588
896 496
151 170
626 153
367 199
837 152
640 258
124 283
572 289
408 608
358 463
895 180
884 329
523 221
438 294
278 125
25 625
729 427
996 796
956 151
188 867
519 122
35 370
311 840
195 115
829 875
784 912
904 85
99 969
443 714
401 450
740 413
871 172
332 734
749 580
535 47
132 240
752 730
284 626
472 451
970 268
973 13
386 701
751 297
132 654
735 317
183 275
988 74
822 194
280 366
738 249
409 181
474 420
947 677
393 199
992 539
326 981
940 929
365 363
821 344
708 682
458 566
889 457
267 988
155 886
223 165
132 751
136 407
830 49
889 900
466 228
590 245
155 555
41 884
411 586
566 5
778 384
866 390
225 778
24 846
991 30
44 61
663 998
4 12
827 213
967 13
232 870
445 125
586 316
601 13
296 650
311 673
183 355
416 397
856 123
797 83
5 487
247 469
644 930
23 903
609 767
87 771
911 801
784 545
930 760
414 93
390 569
961 634
929 316
470 77
798 259
111 579
84 714
853 702
300 729
589 868
565 278
879 279
47 361
482 240
169 738
625 426
140 964
231 123
520 413
595 144
206 256
661 603
434 274
390 11
127 757
14 2
81 280
818 713
218 59
248 433
655 414
285 463
309 307
649 624
461 675
48 94
317 509
792 940
997 571
288 733
724 563
319 235
615 662
164 879
78 651
586 972
692 296
488 876
32 768
808 105
704 291
748 644
543 718
635 943
14 759
544 430
689 415
977 352
141 547
416 778
378 909
257 194
198 698
473 916
32 890
75 787
271 985
165 870
246 176
367 328
395 827
183 115
615 505
66 487
802 667
489 947
261 337
769 590
699 454
838 355
823 476
533 960
207 765
378 996
680 999
649 152
721 634
300 710
135 936
387 725
749 528
921 62
490 784
868 190
811 236
877 985
446 639
915 658
271 795
53 551
316 865
922 630
789 807
145 990
967 620
105 248
748 656
74 132
812 87
760 859
925 861
612 969
558 156
917 779
628 297
568 549
521 836
13 884
878 119
374 149
802 654
287 802
296 764
879 9
533 443
837 297
8 683
619 424
406 266
510 634
764 627
712 967
330 603
557 646
391 312
589 53
220 348
464 973
142 209
353 523
237 716
118 470
46 388
20 70
974 560
491 590
303 842
493 306
722 558
634 693
195 94
470 287
420 118
821 338
979 482
788 676
68 1
913 639
495 296
379 924
121 171
617 490
915 43
661 501
330 331
999 613
599 992
26 101
477 46
547 390
795 987
26 142
394 947
120 310
294 564
98 529
270 144
15 839
565 330
681 795
465 179
292 579
3 822
570 808
270 774
781 240
751 973
503 694
874 270
285 606
679 575
925 311
664 758
454 42
5 834
245 401
996 1
791 272
873 773
994 874
722 242
675 888
557 708
908 662
736 124
186 597
230 662
584 878
159 646
800 55
173 909
129 552
477 501
168 41
153 178
745 408
57 294
213 644
993 653
64 350
185 44
555 156
876 154
482 702
633 965
578 153
162 733
726 916
961 605
212 530
857 631
397 759
131 648
308 320
481 64
62 285
600 588
701 807
156 959
478 35
93 199
806 414
979 757
160 300
66 254
975 250
945 539
246 965
414 62
419 97
280 452
129 542
41 516
669 125
110 695
617 213
66 144
923 463
451 941
870 314
387 698
314 861
476 422
34 293
256 323
786 608
163 536
132 355
991 712
657 217
358 970
409 735
964 81
148 379
540 601
463 895
721 9
553 348
254 841
664 521
717 770
178 549
637 140
192 545
56 28
166 634
821 220
778 50
739 810
280 49
118 613
635 96
618 277
311 443
346 331
203 271
732 584
44 43
58 502
25 189
793 62
438 998
107 16
633 995
106 372
193 404
265 914
199 99
171 26
34 840
45 625
943 432
346 448
178 588
475 390
126 530
692 912
364 59
773 371
881 295
436 973
337 667
122 293
647 293
902 45
717 905
549 611
857 985
683 517
85 990
31 625
255 787
628 140
320 917
499 876
461 713
701 580
227 236
124 199
202 116
409 281
83 955
206 214
29 487
235 141
123 742
70 180
642 528
820 811
468 837
808 903
934 807
710 52
53 302
712 430
381 431
39 147
799 540
155 639
591 798
932 826
859 912
70 880
587 492
45 167
648 983
146 179
491 575
157 14
217 94
682 118
920 353
474 398
792 838
967 621
339 124
297 919
230 3
938 693
755 299
482 375
347 448
944 329
494 643
896 703
436 37
403 286
545 222
805 904
980 883
767 846
570 376
933 941
484 611
92 398
416 634
329 118
535 77
405 508
420 505
990 289
869 766
991 996
287 186
49 881
634 445
484 536
476 617
888 506
105 335
952 309
459 385
610 803
947 989
183 415
292 263
981 544
675 630
279 907
980 272
517 878
137 393
445 148
895 775
228 335
995 457
711 195
472 238
228 393
545 458
334 468
694 550
421 812
397 379
817 834
369 638
22 294
173 599
745 732
921 433
800 398
950 140
764 71
94 384
236 621
911 606
73 164
143 728
248 432
642 344
139 192
635 704
347 338
528 15
116 472
757 493
404 997
6 190
291 483
419 420
693 701
681 237
21 860
765 426
474 120
689 835
740 925
877 596
645 925
994 379
175 699
509 524
300 407
760 529
814 687
647 976
6 152
162 614
159 345
621 466
47 850
341 776
177 376
833 904
659 22
638 727
847 772
471 800
159 568
821 677
277 901
908 351
790 982
356 938
848 231
97 648
329 128
861 577
189 819
886 986
422 829
783 996
407 810
841 735
306 606
713 217
520 74
545 855
15 426
933 156
244 13
185 99
513 43
943 791
655 51
619 700
119 637
555 830
97 378
394 441
333 147
852 544
943 603
61 896
530 114
687 219
910 126
622 569
133 572
245 827
956 716
28 451
959 163
994 563
73 175
647 844
544 366
352 384
185 622
780 307
26 530
27 395
906 618
43 640
173 664
741 36
616 267
362 900
740 849
447 458
40 257
17 542
45 870
576 612
508 581
473 355
320 40
45 157
118 34
857 133
358 977
560 606
284 562
64 919
692 190
258 141
661 867
62 525
462 304
589 557
11 311
728 332
636 915
685 711
723 836
420 137
486 701
466 388
819 679
983 717
325 731
750 887
863 246
117 228
607 22
563 983
435 829
687 605
786 821
862 325
937 472
133 678
441 850
129 257
137 195
843 479
485 370
635 795
752 270
772 533
36 88
527 474
755 493
827 271
363 932
480 701
560 697
830 441
370 903
918 30
132 426
55 916
166 353
542 894
553 33
724 875
238 655
896 885
842 428
584 160
50 907
23 615
355 68
315 561
732 286
312 546
422 720
649 785
845 20
711 902
818 347
996 493
374 179
519 338
876 41
884 30
974 630
867 644
942 25
501 893
542 797
214 17
362 900
145 313
245 403
672 683
534 235
982 442
817 854
416 933
257 554
471 11
896 863
776 230
942 909
201 125
691 104
430 889
353 921
764 787
713 494
648 144
873 507
880 494
821 221
621 817
429 545
964 129
722 122
708 303
927 956
832 858
93 687
866 782
12 200
315 662
858 935
938 198
851 928
394 373
29 188
527 35
149 923
572 466
811 641
740 455
525 242
85 724
219 974
292 163
858 818
759 391
244 218
791 199
230 405
192 360
964 714
881 596
377 71
232 707
898 916
213 554
437 803
82 470
338 460
864 31
487 225
8 815
49 322
872 512
826 31
933 413
689 863
171 786
68 34
440 286
562 13
694 472
218 230
554 549
1 918
584 836
386 766
500 455
559 199
912 817
395 479
335 119
227 864
727 259
454 863
889 752
691 775
419 697
737 633
465 413
795 745
221 564
219 425
188 111
468 263
872 980
699 943
25 350
240 374
79 665
978 884
662 787
112 71
419 5
31 528
87 712
830 231
35 595
283 437
113 949
386 557
581 662
496 775
241 846
972 695
971 402
637 828
146 259
894 577
862 154
563 254
821 681
505 352
441 629
453 36
53 871
459 569
927 641
42 657
980 457
237 68
885 431
871 491
811 304
143 697
417 146
297 614
937 369
856 296
832 690
795 141
226 70
212 158
684 945
656 944
722 721
39 520
977 980
468 667
736 742
396 526
327 411
198 595
435 542
379 70
624 462
222 637
219 907
347 894
878 135
115 223
133 178
798 632
842 649
119 247
715 413
493 374
650 424
755 122
678 793
866 128
81 30
978 314
490 942
761 567
826 621
932 378
903 40
356 839
642 337
629 574
122 404
930 379
215 458
113 135
236 586
82 5
723 30
567 571
544 125
992 892
653 966
400 724
504 47
996 781
260 27
996 311
205 780
836 859
353 244
730 122
991 660
826 946
419 275
316 393
441 66
832 706
86 487
43 854
982 649
688 467
820 230
170 196
918 713
938 707
907 884
682 163
201 970
807 668
